Parcel,Year,Land_Assessment,Improvement_Assessment,Total_Assessment
0,2020,0,0,0
60802307997,2019,0,5000,5000
70835124359,2019,500,1500,2000
60802112023,2019,86200,201200,287400
70813307183,2019,114200,267200,381400
71011108612,2019,30000,240900,270900
70816302106,2019,36800,0,36800
70932421038,2019,48000,123200,171200
80924422978,2019,400,1600,2000
60802305024,2019,13800,198700,212500
70931201225,2019,210000,16000,226000
70814305011,2019,87700,185800,273500
70923153492,2019,1300,23700,25000
71005301090,2019,65200,251200,316400
81026347014,2019,4200,0,4200
70816310068,2019,148000,453100,601100
81014303474,2019,32800,164100,196900
60802413265,2019,95000,248600,343600
81030307202,2019,59800,130700,190500
71004408160,2019,70600,109900,180500
70836413181,2019,0,0,0
81034314021,2019,25000,96300,121300
70926108220,2019,77000,230500,307500
70918318027,2019,66500,154000,220500
81015302061,2019,149000,0,149000
81034310029,2019,0,0,0
70823413293,2019,25400,197200,222600
71007304290,2019,105300,240000,345300
70825302113,2019,671000,779000,1450000
70823116037,2019,89400,310000,399400
71021113031,2019,15100,89900,105000
70934405014,2019,605000,4552000,5157000
70823111079,2019,89000,209900,298900
70923215185,2019,106800,258200,365000
71009314106,2019,66800,98900,165700
71007222137,2019,415600,447900,863500
71009214215,2019,51900,156700,208600
71010105148,2019,58000,229100,287100
70826313036,2019,69200,212300,281500
81021407102,2019,60200,173600,233800
70922219063,2019,0,0,0
70913312222,2019,0,0,0
60811402283,2019,81400,225400,306800
70918319710,2019,20500,102400,122900
70829112089,2019,81000,317600,398600
70829110207,2019,87400,291600,379000
70923202067,2019,182000,265000,447000
70926417093,2019,44200,42300,86500
70836410187,2019,55100,145800,200900
80926103138,2019,50900,197200,248100
71014204102,2019,55100,162800,217900
60801316212,2019,24000,133500,157500
71005330031,2019,98100,222900,321000
70828420095,2019,0,0,0
71002434068,2019,10500,0,10500
60802410154,2019,67800,164800,232600
70921416058,2019,137900,225800,363700
70824207067,2019,115900,191300,307200
70918321773,2019,0,2000,2000
71027203034,2019,578600,7598400,8177000
70828124093,2019,12900,257100,270000
60801311197,2019,77900,262100,340000
70928109359,2019,109100,439400,548500
80925304274,2019,47800,147500,195300
80925111017,2019,53400,158700,212100
60812108111,2019,86800,179600,266400
60811116016,2019,18800,210500,229300
70826419694,2019,0,4000,4000
70836302144,2019,64500,216300,280800
70821206012,2019,104000,315000,419000
71027407040,2019,51000,194000,245000
70814424142,2019,84900,254100,339000
70833412053,2019,46200,203600,249800
71019405060,2019,79200,123800,203000
70923159127,2019,8000,7000,15000
70825401056,2019,1320000,1514000,2834000
70824407162,2019,104400,172800,277200
70931302057,2019,146200,115600,261800
70921220061,2019,128000,325400,453400
70923132199,2019,138000,430000,568000
70913405093,2019,92400,178500,270900
70923116193,2019,148500,360000,508500
70820104077,2019,100,0,100
71009401078,2019,62400,125700,188100
81033309023,2019,94000,247500,341500
80925107149,2019,54300,122900,177200
70814426015,2019,90000,231700,321700
70922110120,2019,0,0,0
60906107235,2019,73900,146200,220100
70920219809,2019,0,0,0
70917101473,2019,91800,490200,582000
71016110208,2019,63700,155300,219000
70836107099,2019,71900,183300,255200
71006428067,2019,104100,191300,295400
70927201015,2019,0,0,0
70936406200,2019,0,0,0
71006429099,2019,109100,237500,346600
70824413143,2019,330000,1240000,1570000
70920218744,2019,400,14600,15000
71010117086,2019,56100,193200,249300
60811408158,2019,76100,195600,271700
80924422689,2019,400,1600,2000
70931408011,2019,62200,142300,204500
70923133022,2019,240000,1368000,1608000
71005221248,2019,65100,116700,181800
81021305182,2019,53500,173200,226700
70913203140,2019,68500,771500,840000
70824219088,2019,97000,127900,224900
70835108197,2019,124400,396700,521100
81032419229,2019,44000,131700,175700
81028102200,2019,59300,158400,217700
81019301100,2019,60400,159800,220200
71015119342,2019,46000,189800,235800
80913300987,2019,0,0,0
70924218419,2019,51300,743300,794600
71006119062,2019,38700,331900,370600
70823121169,2019,20000,103200,123200
70920302456,2019,123200,276200,399400
70914420173,2019,218000,636000,854000
70922326090,2019,176000,344000,520000
60801216131,2019,70000,200700,270700
70923147180,2019,8000,7000,15000
71022302998,2019,45000,260000,305000
70918307195,2019,86200,141700,227900
81034408238,2019,67900,149900,217800
70923307049,2019,105300,143100,248400
70932403169,2019,111100,174200,285300
81030215091,2019,4500,53100,57600
81033100017,2019,0,155700,155700
70823110211,2019,98500,203200,301700
70919221229,2019,101300,79000,180300
70823403294,2019,35900,202000,237900
70923219046,2019,83400,768600,852000
60802421086,2019,0,0,0
80936409055,2019,73700,142800,216500
70834212105,2019,78300,223900,302200
71036200972,2019,0,0,0
70921419185,2019,131700,330000,461700
70920108078,2019,114400,210800,325200
60802115473,2019,20500,125000,145500
70920219213,2019,0,0,0
71004309152,2019,58500,110500,169000
70932204070,2019,75300,136100,211400
70914437847,2019,1100,5900,7000
70933204152,2019,153200,457900,611100
70920113077,2019,114400,145600,260000
70931102126,2019,118300,115700,234000
70828124142,2019,12900,188800,201700
70920217770,2019,400,14600,15000
70836213664,2019,11600,115700,127300
81030205399,2019,52800,125500,178300
80926207104,2019,65500,225900,291400
70933204029,2019,155400,314300,469700
70920213166,2019,114300,325700,440000
71019405143,2019,92300,351800,444100
70923309128,2019,54900,221100,276000
70923136141,2019,22000,224000,246000
70936302044,2019,63800,123300,187100
70821217027,2019,0,0,0
70924220133,2019,0,10000,10000
71005346955,2019,0,6500,6500
71027404062,2019,67400,201200,268600
70929213034,2019,85600,168400,254000
60811111024,2019,109100,284100,393200
60804102072,2019,89000,284700,373700
80924312012,2019,97000,397300,494300
70912410126,2019,507400,400800,908200
80925121975,2019,800,1200,2000
70829107014,2019,79600,257600,337200
60801316270,2019,24000,142900,166900
70929222051,2019,107800,291800,399600
70923413143,2019,1700,16300,18000
70932104147,2019,71700,169700,241400
60812403074,2019,73200,200200,273400
70914436146,2019,60700,449300,510000
80936202152,2019,48400,94400,142800
70912406141,2019,108100,211600,319700
70816314284,2019,143900,323900,467800
70926207147,2019,39000,114500,153500
70824106079,2019,126700,300700,427400
81021416088,2019,64200,146400,210600
70913423045,2019,130400,468600,599000
70913113018,2019,88400,111600,200000
70929203043,2019,83800,162300,246100
70823403054,2019,56500,209000,265500
70920418120,2019,119100,138600,257700
70824311107,2019,13500,140500,154000
70929211103,2019,78400,186700,265100
70923143659,2019,44900,312100,357000
70827300991,2019,9800,0,9800
70835202337,2019,106200,228200,334400
70928219190,2019,79400,225600,305000
80924422019,2019,8600,179500,188100
71006113072,2019,61800,150100,211900
70919223118,2019,98400,274000,372400
70824304079,2019,89700,189100,278800
81034413261,2019,67100,162500,229600
70920212085,2019,130300,419600,549900
70920306086,2019,114800,224700,339500
71005110045,2019,38300,83500,121800
71009308026,2019,71000,109800,180800
60802411029,2019,66200,148200,214400
71002107681,2019,9500,181300,190800
70922327212,2019,99500,313900,413400
70828405039,2019,0,0,0
70922414168,2019,88300,129800,218100
60812405393,2019,81800,213200,295000
70834308847,2019,24500,268400,292900
71027403238,2019,51000,189000,240000
70923156595,2019,5000,10000,15000
70913401059,2019,72000,144400,216400
70921211193,2019,70600,187200,257800
70923167667,2019,6500,18500,25000
70929414012,2019,0,0,0
70919227368,2019,28000,235500,263500
71019411091,2019,9000,70100,79100
70813402462,2019,434700,646600,1081300
60802313134,2019,97100,249800,346900
70932112166,2019,84700,138600,223300
70917100988,2019,0,0,0
70913133024,2019,556500,104700,661200
70919409239,2019,106200,227700,333900
70928220098,2019,108400,235400,343800
70913401116,2019,143400,132100,275500
70922335108,2019,151400,397800,549200
81021301411,2019,67100,173100,240200
70936304199,2019,64700,164400,229100
81031412224,2019,39300,102500,141800
71009110075,2019,75500,145500,221000
71035118019,2019,64600,318700,383300
70824214103,2019,151400,511100,662500
70918420012,2019,567000,3423000,3990000
81026360024,2019,4700,0,4700
70821404103,2019,108000,412600,520600
71027404103,2019,68200,205800,274000
80926104300,2019,53500,146500,200000
71020307130,2019,10300,115200,125500
70932209103,2019,20800,119000,139800
81021407053,2019,58200,180300,238500
60801307021,2019,71800,151900,223700
71004316157,2019,48300,161700,210000
70836404049,2019,72500,202200,274700
70816414175,2019,13100,221500,234600
71007204200,2019,76600,352500,429100
81027402073,2019,15300,0,15300
71002443077,2019,100,0,100
81026204074,2019,3800,0,3800
60801107033,2019,63900,165400,229300
60801201025,2019,67400,181700,249100
60802421135,2019,0,0,0
80924403811,2019,400,1600,2000
71003216085,2019,86000,364000,450000
71005320066,2019,105800,174400,280200
71009204216,2019,45100,156200,201300
71003311257,2019,48000,174800,222800
70926106109,2019,62300,215000,277300
60811304207,2019,87600,232100,319700
71003216043,2019,89000,336000,425000
70828419014,2019,0,0,0
71010407015,2019,58600,158800,217400
71007226048,2019,0,0,0
60812104135,2019,76000,189100,265100
70921303156,2019,188100,476500,664600
80924425708,2019,400,1600,2000
70814415026,2019,89800,227400,317200
70913429176,2019,15400,261400,276800
81033408023,2019,0,0,0
71014308110,2019,56100,203800,259900
70835122452,2019,6500,69800,76300
71019411166,2019,9000,138200,147200
60811109053,2019,102800,245600,348400
71009317093,2019,67500,150500,218000
71011305127,2019,69600,173100,242700
81028121143,2019,0,0,0
70833302444,2019,207000,388400,595400
70816301140,2019,29700,0,29700
70923201291,2019,869000,912000,1781000
71008104045,2019,40900,171700,212600
70836403124,2019,61900,201900,263800
80924405023,2019,19500,204000,223500
80926113111,2019,57000,156600,213600
71004401156,2019,68900,121000,189900
70814430090,2019,19700,190200,209900
71006307097,2019,0,0,0
71010109108,2019,59200,186700,245900
70828301170,2019,100,0,100
71005111126,2019,60600,119400,180000
60801419058,2019,16600,182200,198800
70918314083,2019,272900,107000,379900
70815404052,2019,528000,2277000,2805000
70822101104,2019,715000,1172000,1887000
81034402082,2019,66600,237100,303700
70836216155,2019,5400,96100,101500
70923152600,2019,22400,485100,507500
71002313105,2019,11000,0,11000
81032316095,2019,21000,129000,150000
81027207051,2019,443000,1183500,1626500
70922321090,2019,151400,275500,426900
81031227061,2019,52200,99700,151900
70922319029,2019,121400,396200,517600
60812116130,2019,77600,167900,245500
70932404109,2019,94000,191000,285000
60801219119,2019,72100,183000,255100
71021203080,2019,60500,132600,193100
70901105134,2019,58500,144400,202900
81028111029,2019,63000,251600,314600
71014210068,2019,56800,192900,249700
70814425075,2019,92300,201100,293400
70827402028,2019,91200,0,91200
70834418224,2019,27800,118500,146300
60801302229,2019,71100,156900,228000
71005113015,2019,58700,213600,272300
80936115074,2019,13800,94300,108100
81015303019,2019,0,0,0
71009313041,2019,106400,127400,233800
81030302129,2019,68300,177600,245900
80924441910,2019,400,1600,2000
71002410133,2019,100,0,100
71009218027,2019,48000,82000,130000
70913350371,2019,0,15000,15000
70923174753,2019,3300,11700,15000
70919409198,2019,103400,164300,267700
70923143716,2019,44900,190700,235600
71010206095,2019,53000,362000,415000
80924419917,2019,400,1600,2000
71009408123,2019,68300,150200,218500
70913434406,2019,0,18000,18000
70823402303,2019,33300,168700,202000
71009314081,2019,66800,133200,200000
71016417068,2019,61700,139500,201200
70920304220,2019,91100,208100,299200
70922346600,2019,0,15000,15000
70824106053,2019,125100,264100,389200
71021113099,2019,15100,94000,109100
71004315274,2019,57200,175700,232900
71011110013,2019,72300,203400,275700
70929306227,2019,87000,206500,293500
81034416083,2019,56000,174100,230100
70836419220,2019,65600,137100,202700
71004407352,2019,490000,2270000,2760000
81028105080,2019,59000,174400,233400
71005105088,2019,34300,134600,168900
71006126174,2019,52000,106600,158600
70826421467,2019,0,4000,4000
71007311013,2019,44300,284700,329000
70928107270,2019,108200,253900,362100
80924402011,2019,7500,110700,118200
70836409065,2019,60000,128700,188700
70920408254,2019,129500,172000,301500
70930409185,2019,71100,188100,259200
71015302137,2019,243000,608500,851500
71009107246,2019,54100,156400,210500
70836114193,2019,74800,215900,290700
80924427895,2019,400,1600,2000
70922321173,2019,146700,399000,545700
71006212121,2019,44000,151000,195000
81028121490,2019,10100,84900,95000
81032311136,2019,57000,358000,415000
70932207149,2019,19500,113000,132500
70824301116,2019,103100,298600,401700
60812222052,2019,26200,175700,201900
71004318103,2019,59400,202200,261600
70935206289,2019,37700,112300,150000
60812326060,2019,26500,192000,218500
81033304057,2019,43700,108400,152100
70923156850,2019,5000,10000,15000
80936111080,2019,14900,104300,119200
71004313301,2019,54100,152900,207000
81028107119,2019,69000,838000,907000
60802309159,2019,88500,186200,274700
70835304068,2019,78200,184500,262700
71006113048,2019,63800,173700,237500
81031218127,2019,73600,136400,210000
70923146497,2019,8000,7000,15000
70835124284,2019,500,1500,2000
70827101191,2019,3564000,6416000,9980000
70929208093,2019,81400,196900,278300
70822104067,2019,129400,265600,395000
70826414321,2019,16100,100900,117000
71011408103,2019,107300,291100,398400
70835107371,2019,169700,0,169700
81031212088,2019,36900,18700,55600
60804203060,2019,70600,0,70600
70923170280,2019,700,100,800
80924432943,2019,400,1600,2000
81028118588,2019,10100,89500,99600
70813303016,2019,0,0,0
70918304167,2019,71600,174800,246400
71014117024,2019,28400,129600,158000
71011118463,2019,30500,238500,269000
71019401050,2019,321500,228500,550000
70913223049,2019,7200,355700,362900
71006210026,2019,33300,293700,327000
70914418152,2019,508000,2000000,2508000
70928217152,2019,105600,154000,259600
70822107061,2019,58000,150900,208900
60811439103,2019,20000,190600,210600
70824220100,2019,97300,0,97300
70835202303,2019,106200,290000,396200
70923138139,2019,34200,312000,346200
70823202109,2019,134500,340500,475000
70935206049,2019,43100,109900,153000
71010311050,2019,54600,155100,209700
70834202114,2019,0,0,0
70835107074,2019,98700,268000,366700
70835108254,2019,203000,432900,635900
70920214015,2019,15200,240400,255600
70920306200,2019,95500,210400,305900
81031404099,2019,36700,155100,191800
71010403154,2019,59700,153500,213200
70926116083,2019,81000,182300,263300
70913311109,2019,80500,376000,456500
70923168516,2019,6500,13500,20000
60801308011,2019,84200,131400,215600
60902208037,2019,110000,665000,775000
71035207284,2019,43900,199700,243600
71006205051,2019,56000,126900,182900
81019304104,2019,60400,150900,211300
70929410169,2019,86000,211600,297600
70921309112,2019,109200,285100,394300
70921213272,2019,78800,220500,299300
81019304146,2019,58700,159300,218000
70933205100,2019,183700,489500,673200
71010204099,2019,58000,200300,258300
81034203282,2019,69300,176600,245900
70921405019,2019,0,0,0
71014109013,2019,28200,160500,188700
70833204088,2019,113300,238700,352000
71007304323,2019,78300,417900,496200
70920203076,2019,0,0,0
71005205052,2019,47900,228900,276800
71015204169,2019,47500,152200,199700
70919201073,2019,80600,185700,266300
71001318015,2019,64400,262700,327100
71006123196,2019,35300,136400,171700
70923173416,2019,3300,5900,9200
71016115076,2019,59100,98100,157200
70824106144,2019,119400,328500,447900
71005331146,2019,147200,393300,540500
70821114059,2019,55700,249800,305500
70914439116,2019,1000,8400,9400
70920216235,2019,9600,287200,296800
71003317156,2019,54000,191400,245400
70836213127,2019,11600,130700,142300
70835101068,2019,0,0,0
70919220049,2019,93800,184800,278600
70929426132,2019,112700,334800,447500
70919110315,2019,128200,66600,194800
60812117328,2019,79900,184900,264800
70923119080,2019,331000,582000,913000
60904101396,2019,92900,265700,358600
70928111198,2019,108200,311800,420000
80924306114,2019,68400,222600,291000
71009305155,2019,69100,137300,206400
70920218330,2019,400,14600,15000
71030203162,2019,84700,116300,201000
71005314233,2019,54100,233800,287900
70936304082,2019,65900,170400,236300
80924411012,2019,9300,139800,149100
70820107146,2019,100,0,100
80924432901,2019,400,1600,2000
71010105213,2019,59300,209700,269000
80924440780,2019,400,1600,2000
70920402074,2019,136800,97100,233900
70821108143,2019,113000,342500,455500
60801403126,2019,72300,166900,239200
81028121549,2019,8700,63000,71700
60802408167,2019,70700,147400,218100
60811112014,2019,0,0,0
70923217264,2019,0,0,0
81031418066,2019,38900,160000,198900
70926403141,2019,81500,148500,230000
71010212282,2019,60100,174500,234600
81022106068,2019,618500,4531500,5150000
70926304133,2019,104300,225000,329300
70833301165,2019,116700,356500,473200
70920303181,2019,139500,348300,487800
70923173870,2019,3300,5900,9200
60801409190,2019,69200,140000,209200
70835107082,2019,98100,232400,330500
60801305207,2019,76900,143900,220800
71006211058,2019,69200,148800,218000
60801108057,2019,66100,163200,229300
70813403189,2019,310200,475200,785400
71003203181,2019,56100,175600,231700
71006115268,2019,45400,188100,233500
70936305337,2019,62000,156900,218900
70823413318,2019,32800,216100,248900
70836208194,2019,73700,207300,281000
70931412070,2019,90800,280300,371100
70828310155,2019,80500,0,80500
80925206222,2019,62200,129500,191700
70921211143,2019,74000,184900,258900
80925216148,2019,57400,165700,223100
60811418016,2019,86500,173100,259600
81032310013,2019,38400,147000,185400
71007305115,2019,110400,339000,449400
71005222197,2019,63800,106400,170200
71011404127,2019,116800,221900,338700
70823202258,2019,0,0,0
71003316158,2019,57300,209300,266600
81035108168,2019,11300,0,11300
70823108323,2019,0,0,0
81028119784,2019,10100,93400,103500
71016402051,2019,61900,170500,232400
81023310171,2019,35600,96900,132500
71005404159,2019,0,0,0
70913209156,2019,104300,167100,271400
70833302395,2019,207000,477700,684700
70917101085,2019,51500,229700,281200
71009408149,2019,64100,158200,222300
80924444956,2019,400,1600,2000
70833401098,2019,212800,407200,620000
80926206164,2019,66200,210800,277000
80924402954,2019,400,1600,2000
70833107092,2019,102600,305700,408300
70923217214,2019,888000,3245000,4133000
71005341062,2019,100500,221000,321500
71012215151,2019,17700,262900,280600
70824221041,2019,117400,262900,380300
70924218378,2019,51300,743300,794600
81033205370,2019,47100,137900,185000
70929421158,2019,139000,336000,475000
71016403140,2019,62600,139900,202500
70913412022,2019,0,0,0
60801315214,2019,76200,226400,302600
70914420313,2019,139900,270500,410400
70835304076,2019,78200,197400,275600
60905207044,2019,57600,112600,170200
81032424054,2019,31800,119900,151700
80925116794,2019,800,1200,2000
70836317028,2019,30800,138800,169600
70920111097,2019,96800,274500,371300
70922225200,2019,195000,384000,579000
70919227300,2019,30300,211700,242000
71019411299,2019,9000,134000,143000
70929123887,2019,0,1000,1000
71005414190,2019,48000,124400,172400
70835122444,2019,6500,71300,77800
70928302094,2019,78800,221200,300000
81031405394,2019,38100,128900,167000
60801225398,2019,15000,138700,153700
70918205042,2019,123200,320300,443500
70923173854,2019,3300,5900,9200
70918320189,2019,20500,105500,126000
70913318098,2019,287000,1428000,1715000
70928224090,2019,220000,4400000,4620000
60801415098,2019,99000,180400,279400
71005221272,2019,51700,164000,215700
70934405022,2019,286000,429000,715000
70923212066,2019,446000,632000,1078000
70913404095,2019,130900,217900,348800
71005324042,2019,105800,215400,321200
71030210240,2019,83600,384000,467600
71006408019,2019,54100,281100,335200
70920117219,2019,126100,196000,322100
70826421938,2019,0,4000,4000
71021113528,2019,15100,92200,107300
70931103257,2019,107500,141800,249300
70919412068,2019,110300,305500,415800
70920410085,2019,123900,332900,456800
81027203207,2019,123000,177000,300000
60812106058,2019,89100,196100,285200
70823107078,2019,75500,141200,216700
81021300984,2019,0,0,0
80924101556,2019,174900,65000,239900
60811408174,2019,76100,175200,251300
70921112028,2019,99700,195300,295000
60812111065,2019,75000,188400,263400
70826403176,2019,89300,232900,322200
60812325145,2019,17100,108700,125800
60801411260,2019,73700,225500,299200
70836105176,2019,77100,177100,254200
70936409197,2019,68800,152200,221000
70923314052,2019,91900,274400,366300
70836210181,2019,11400,118600,130000
71035205246,2019,73800,218000,291800
70918307062,2019,74800,106500,181300
71015202197,2019,34300,184700,219000
81026358037,2019,100,0,100
71005307270,2019,60600,185400,246000
80926103196,2019,53600,149900,203500
70918320220,2019,20500,117600,138100
70913202233,2019,75900,101700,177600
70823311223,2019,10900,128900,139800
71030204178,2019,79400,81700,161100
71034109126,2019,66000,172800,238800
70936307010,2019,69000,167000,236000
70928204018,2019,97800,213700,311500
71021222014,2019,68100,331900,400000
71010118084,2019,58700,296600,355300
81031419139,2019,38800,114600,153400
70828113179,2019,86400,215500,301900
71005220018,2019,60600,100300,160900
71005210043,2019,0,0,0
71006118204,2019,63900,276400,340300
70913330026,2019,464000,963400,1427400
70913108259,2019,68700,140300,209000
71035207036,2019,43900,219400,263300
70820105017,2019,100,0,100
70835315271,2019,51900,332500,384400
70926117031,2019,179400,353200,532600
70834417078,2019,13200,0,13200
70935206271,2019,43100,111400,154500
81032417033,2019,35600,186600,222200
70929420077,2019,207400,772600,980000
81035108043,2019,63600,0,63600
70821111162,2019,114700,297600,412300
70918213110,2019,86000,156400,242400
80924418125,2019,9900,170700,180600
70913112250,2019,84800,363300,448100
70931304194,2019,110700,148500,259200
70820112012,2019,147000,0,147000
70821110221,2019,137200,263800,401000
70913353135,2019,36200,151900,188100
60802312219,2019,100700,214900,315600
71004310117,2019,54100,149500,203600
60904106065,2019,84300,179400,263700
70824311280,2019,14100,126500,140600
70835306171,2019,97100,194000,291100
71002406330,2019,37900,222000,259900
70826406253,2019,0,0,0
71002406249,2019,0,0,0
71006420154,2019,54000,416000,470000
71005417045,2019,0,0,0
60801409075,2019,76200,182700,258900
70929118177,2019,89900,301800,391700
71009308084,2019,68800,101200,170000
80924419131,2019,9900,164400,174300
71009403123,2019,65200,106400,171600
71004311131,2019,54100,154100,208200
81034405078,2019,64500,196800,261300
70928212201,2019,97800,225600,323400
70815402022,2019,0,0,0
80924403944,2019,400,1600,2000
71006403184,2019,57600,199500,257100
70918322367,2019,0,2000,2000
70920123026,2019,15200,99800,115000
60801108099,2019,66100,147500,213600
71009221179,2019,42700,162600,205300
80935108103,2019,690900,675600,1366500
70932201240,2019,0,0,0
71007114219,2019,84900,291800,376700
70826412044,2019,8200,63400,71600
71006314026,2019,0,0,0
70928211104,2019,89900,275300,365200
70836114060,2019,78400,158000,236400
71002435024,2019,8000,0,8000
70916401014,2019,0,0,0
71006312103,2019,60600,185800,246400
71011419100,2019,0,0,0
71005320074,2019,105800,226500,332300
70835201066,2019,175300,373600,548900
70929419195,2019,109900,227400,337300
71021104105,2019,60900,145900,206800
60801212014,2019,82700,150600,233300
71010404392,2019,64700,180100,244800
80924420146,2019,8600,150000,158600
70824309144,2019,14100,135500,149600
70923412343,2019,1700,16300,18000
70828413066,2019,0,0,0
70920106014,2019,129000,224300,353300
70821114124,2019,61300,209700,271000
71014216511,2019,7500,123300,130800
70823113116,2019,89400,271600,361000
60906109041,2019,66800,165100,231900
70929415119,2019,82300,238400,320700
70912403270,2019,105500,176300,281800
81021413125,2019,53600,152400,206000
71005402195,2019,44000,139800,183800
70934309331,2019,15700,94800,110500
71010209221,2019,57600,170400,228000
70833413035,2019,44700,427800,472500
70928108038,2019,134300,335700,470000
70828428015,2019,0,0,0
70913114181,2019,70100,396900,467000
70836202089,2019,77100,196600,273700
70822407065,2019,124200,333800,458000
70824310331,2019,14100,132800,146900
70929203035,2019,83800,156700,240500
60802412316,2019,47400,180200,227600
81015101059,2019,1448800,38206200,39655000
70912450031,2019,12900,261700,274600
70918410071,2019,166900,233400,400300
70913222223,2019,10600,324000,334600
70913108093,2019,78100,56900,135000
80936201089,2019,0,0,0
80924414131,2019,26000,295300,321300
71006416145,2019,126200,412800,539000
60906108069,2019,67600,143700,211300
81028300870,2019,417500,417500,835000
60811113088,2019,103300,266200,369500
70918302236,2019,74800,124500,199300
71034104085,2019,85000,195800,280800
70824214038,2019,112600,452500,565100
70913353052,2019,68500,299000,367500
70923117282,2019,0,0,0
71010218157,2019,10900,114100,125000
70926406012,2019,78900,111600,190500
70914420230,2019,283000,1542000,1825000
71015406111,2019,50700,175100,225800
71004405281,2019,49300,137600,186900
81021110028,2019,61000,192500,253500
60801104162,2019,65000,168300,233300
60801105219,2019,66700,165300,232000
81029100089,2019,0,440000,440000
70923125201,2019,500000,650000,1150000
71004305184,2019,52800,169600,222400
71005414025,2019,51900,94700,146600
81028104123,2019,55400,117700,173100
70922338110,2019,90800,309200,400000
81034109183,2019,62400,179000,241400
70836428015,2019,30300,98500,128800
71005227329,2019,38400,125900,164300
70930401115,2019,83100,221100,304200
71015206107,2019,47200,160300,207500
81023304504,2019,35600,123200,158800
80926106322,2019,53500,132100,185600
70913205097,2019,80800,157100,237900
71005413126,2019,55900,140400,196300
70920104125,2019,111800,164600,276400
70923126275,2019,129400,186400,315800
60802413497,2019,64000,169700,233700
71005411021,2019,55300,129900,185200
70828441033,2019,0,0,0
80924418167,2019,9900,171800,181700
81019304170,2019,58900,146100,205000
60811403174,2019,80600,186500,267100
70928307193,2019,137100,242200,379300
80925107107,2019,62100,122300,184400
70920402230,2019,144100,296300,440400
70823313120,2019,16300,119100,135400
70923145027,2019,8000,7000,15000
80936412165,2019,74600,122300,196900
71006416129,2019,55000,302100,357100
81021301130,2019,64400,269800,334200
60903203060,2019,0,0,0
60812201189,2019,78800,141300,220100
71009304074,2019,68800,147400,216200
70929206279,2019,85000,283000,368000
70914302032,2019,671000,1994000,2665000
71005101044,2019,34300,168900,203200
81028112100,2019,61400,159100,220500
71001325135,2019,24900,147900,172800
71007212196,2019,24000,304000,328000
70931208312,2019,119100,236700,355800
70835305131,2019,80300,167400,247700
71009414039,2019,62600,132100,194700
70914409094,2019,1315000,1685000,3000000
81030211023,2019,51700,151500,203200
70913434555,2019,0,2300,2300
60811418157,2019,75600,196800,272400
71007315122,2019,172100,290100,462200
70834215018,2019,86900,305100,392000
70912428012,2019,9000,97400,106400
81034416075,2019,56700,184000,240700
70919217096,2019,84700,70200,154900
60812402141,2019,77100,177400,254500
71009224199,2019,0,0,0
70836208300,2019,34300,145700,180000
60905104026,2019,50800,122300,173100
70933203047,2019,141700,134400,276100
80925110324,2019,57600,133800,191400
71007303341,2019,96000,244100,340100
60905102070,2019,48900,83500,132400
71005338168,2019,100700,219600,320300
70923165421,2019,57200,274300,331500
70920219700,2019,0,0,0
70829105141,2019,47400,278600,326000
71015117057,2019,55100,169200,224300
71001331033,2019,59100,168200,227300
70928302119,2019,91100,267400,358500
70836202188,2019,77000,200800,277800
71005332037,2019,120600,213600,334200
80925414081,2019,59200,151300,210500
70834418216,2019,22200,119100,141300
70913346619,2019,261300,1693900,1955200
60812112021,2019,81600,156100,237700
71027418071,2019,0,0,0
70814201102,2019,116100,308900,425000
70914438118,2019,2200,22800,25000
70828443013,2019,0,0,0
70823122018,2019,24400,88900,113300
80936411109,2019,65700,86800,152500
70930106054,2019,760000,3040000,3800000
70931207041,2019,97700,227900,325600
70816319044,2019,159600,584700,744300
81021302154,2019,48400,150100,198500
80924430070,2019,13300,219700,233000
60904108128,2019,96400,249200,345600
80925401161,2019,57600,145100,202700
70919309041,2019,113300,173100,286400
80926105340,2019,54900,176800,231700
70921120097,2019,131700,256000,387700
71006305182,2019,106200,189800,296000
70836405592,2019,58700,145700,204400
70928108278,2019,109100,279000,388100
70931207075,2019,71900,229700,301600
71032200976,2019,0,0,0
60801114153,2019,55300,169700,225000
70836405451,2019,67000,143300,210300
71003407072,2019,52400,200300,252700
70927107205,2019,29200,307600,336800
70929205081,2019,78300,188400,266700
71006103198,2019,56800,173400,230200
70920222109,2019,16400,170100,186500
71007117049,2019,67600,372400,440000
81034409327,2019,66600,156800,223400
70922432079,2019,90000,460000,550000
70834427085,2019,25600,158000,183600
70918415526,2019,10500,107800,118300
60801212428,2019,74200,143200,217400
70932201084,2019,76500,135400,211900
70914436196,2019,151100,843900,995000
71011204056,2019,48700,243400,292100
70913347146,2019,2500,12500,15000
70923162518,2019,8000,7000,15000
81034101080,2019,70200,247200,317400
70928314221,2019,144500,342500,487000
80925404024,2019,56200,161500,217700
71006307196,2019,69200,143700,212900
60906207069,2019,62100,148900,211000
70813314237,2019,9300,168900,178200
70931202140,2019,0,0,0
70824305019,2019,114700,238800,353500
70932411310,2019,140000,66000,206000
70816303063,2019,176900,390600,567500
71003311314,2019,51800,154500,206300
71014215688,2019,7800,120500,128300
81027204081,2019,587500,330500,918000
70931411212,2019,105900,144800,250700
80924436094,2019,10300,186700,197000
71011418079,2019,0,0,0
70929218050,2019,95200,180400,275600
70816315026,2019,0,0,0
80924410890,2019,400,1600,2000
70913223031,2019,7200,345600,352800
80926113038,2019,64500,150500,215000
71005310140,2019,51700,174600,226300
80925415063,2019,47400,192200,239600
71006117107,2019,27900,210000,237900
70913348433,2019,5000,228000,233000
70824213238,2019,107500,320900,428400
71034104035,2019,68200,163100,231300
71006301106,2019,0,0,0
71011206143,2019,41200,229600,270800
70824213204,2019,105500,326500,432000
70913323089,2019,156600,13100,169700
70921115022,2019,119200,319500,438700
70923141546,2019,200,3600,3800
70922319128,2019,145600,400300,545900
71016411151,2019,61600,142300,203900
71001414087,2019,64000,209500,273500
70913308031,2019,191000,1000,192000
60811116636,2019,18800,219800,238600
70930409119,2019,90800,211600,302400
70923143435,2019,44900,172700,217600
60903201329,2019,84900,220200,305100
60811114094,2019,120400,245400,365800
70918303151,2019,71700,151800,223500
71027418089,2019,0,0,0
70913207126,2019,75400,399900,475300
81034202284,2019,70000,170700,240700
70931103372,2019,103000,184800,287800
71035103200,2019,69600,293200,362800
71006102059,2019,46900,154300,201200
70822413012,2019,41700,228300,270000
70825301024,2019,4125000,8275000,12400000
70919110034,2019,248100,82000,330100
71019403030,2019,278400,276900,555300
60801208419,2019,51100,165100,216200
71010113026,2019,48300,221700,270000
60901204101,2019,61100,182500,243600
80926114292,2019,18300,120600,138900
70923148360,2019,4200,800,5000
71006409223,2019,54100,157400,211500
70814422120,2019,88300,262600,350900
70814426023,2019,88200,210500,298700
70919227334,2019,28800,210200,239000
70834310024,2019,0,15000,15000
70814410092,2019,84500,150700,235200
81027300805,2019,800000,1750000,2550000
81031227011,2019,60000,250000,310000
70914437227,2019,1100,5900,7000
71034112012,2019,160500,939500,1100000
81019306168,2019,60500,151200,211700
70929413056,2019,90500,193300,283800
70821410225,2019,110500,327700,438200
71035207557,2019,43900,221800,265700
71006434064,2019,149000,372000,521000
71011121101,2019,34600,215800,250400
70919401102,2019,112800,210300,323100
70923311032,2019,400000,0,400000
80936300998,2019,0,0,0
70912422014,2019,9000,91300,100300
60902202097,2019,154000,349000,503000
70930415257,2019,91600,333800,425400
71005314019,2019,60900,201600,262500
80935104284,2019,83300,206100,289400
70919403190,2019,112000,222000,334000
70919407176,2019,106200,238500,344700
70836119101,2019,75100,152000,227100
70933401047,2019,501000,1356000,1857000
81031221104,2019,55700,67900,123600
81032401101,2019,45900,188100,234000
81035201029,2019,0,0,0
71007107074,2019,114800,314500,429300
70929423055,2019,146600,241900,388500
70814429100,2019,33900,257000,290900
70913316026,2019,78800,192200,271000
70814427013,2019,0,0,0
80924302071,2019,71400,333800,405200
60902103279,2019,20000,87500,107500
70835210166,2019,80300,185400,265700
60812102098,2019,85100,202400,287500
70913215997,2019,0,2942000,2942000
70922108076,2019,0,0,0
70835319091,2019,89600,304200,393800
71019407024,2019,47500,205100,252600
71006132147,2019,57200,144800,202000
80936406126,2019,73400,232300,305700
70824402188,2019,108900,267100,376000
71007215190,2019,86000,494200,580200
70814101138,2019,101900,411900,513800
70836312044,2019,19100,183700,202800
70923125128,2019,148500,456100,604600
70923170355,2019,2700,800,3500
80926403067,2019,136500,168500,305000
60812305098,2019,69700,188100,257800
70824411048,2019,100800,245900,346700
70923146314,2019,8000,7000,15000
70913343079,2019,9900,116200,126100
70834427126,2019,25600,150800,176400
70913203174,2019,101400,287100,388500
70921416157,2019,137000,316300,453300
70913203041,2019,111000,119000,230000
71006446382,2019,3000,35000,38000
71012206093,2019,64500,245000,309500
70826412200,2019,8200,65400,73600
70932207058,2019,15300,104900,120200
70929219199,2019,82300,271000,353300
71034106130,2019,56400,153100,209500
71010315094,2019,58600,175800,234400
70920218512,2019,400,14600,15000
80924101077,2019,80400,366400,446800
70923317147,2019,82600,236400,319000
70912441022,2019,9000,91300,100300
71010308148,2019,57000,197200,254200
81032402018,2019,45900,150000,195900
71016405047,2019,62400,138200,200600
81028120252,2019,0,4000,4000
71006312020,2019,80000,208300,288300
70920219263,2019,0,0,0
71003303337,2019,52500,0,52500
71014301122,2019,55700,190400,246100
70814411074,2019,85900,170100,256000
70836313290,2019,15700,174300,190000
60803113020,2019,100700,422700,523400
70913330117,2019,506000,2894000,3400000
70913422162,2019,73800,262200,336000
71015204193,2019,64600,188900,253500
60812118095,2019,20500,158200,178700
70923106079,2019,3454000,10686000,14140000
70828316145,2019,100,0,100
70826418042,2019,21500,110900,132400
71005332110,2019,182700,363100,545800
70928109309,2019,108400,332200,440600
71005416055,2019,59200,136600,195800
81019306184,2019,57800,191300,249100
60812404270,2019,89900,179100,269000
71004314094,2019,58900,139000,197900
80924418919,2019,400,1600,2000
70821104018,2019,120500,296100,416600
81035113050,2019,100,0,100
70924216067,2019,0,0,0
70930201010,2019,0,0,0
71034102352,2019,0,0,0
81030306212,2019,68500,176700,245200
70834307261,2019,111000,37900,148900
70833115186,2019,97400,250600,348000
70929403015,2019,96000,246900,342900
81030316146,2019,51700,139200,190900
71006414040,2019,58700,136900,195600
71006117074,2019,58800,179000,237800
70928107288,2019,108400,510600,619000
71011212223,2019,2100,0,2100
81026424151,2019,100,0,100
70825301032,2019,0,0,0
80925208129,2019,54600,148300,202900
71006117066,2019,60300,180900,241200
71005202032,2019,136500,147500,284000
70913434331,2019,0,18000,18000
60802307129,2019,19400,135000,154400
60801113353,2019,71800,148700,220500
70920218132,2019,400,14600,15000
70826410527,2019,67400,172900,240300
70835210075,2019,83700,185700,269400
71010310177,2019,49800,159700,209500
70913353242,2019,53700,272500,326200
70929218224,2019,89400,193600,283000
60812321391,2019,18000,165700,183700
71010413161,2019,56100,147200,203300
80925219291,2019,59700,167400,227100
70929123283,2019,18000,309000,327000
80925114756,2019,800,1200,2000
71003409060,2019,50500,195800,246300
70918409082,2019,216700,475300,692000
70924218386,2019,51300,743300,794600
70923168384,2019,6500,18500,25000
70922424034,2019,211300,252100,463400
70836303035,2019,65200,141400,206600
70826312020,2019,69600,229400,299000
70826401196,2019,326000,124000,450000
70823110469,2019,89900,183300,273200
70824308146,2019,16000,136500,152500
70833210093,2019,99200,331800,431000
70926409206,2019,17000,0,17000
71005345080,2019,55800,116300,172100
81027206269,2019,435000,105000,540000
80924446093,2019,143900,0,143900
71009107189,2019,54100,169800,223900
71009216013,2019,46800,173200,220000
70923152478,2019,34100,603900,638000
70929105017,2019,103200,217900,321100
70833203189,2019,111600,232100,343700
70918407086,2019,196600,229200,425800
70835318085,2019,94800,285600,380400
70922439348,2019,76500,215300,291800
71010411173,2019,73200,151800,225000
70923163566,2019,44900,279600,324500
60812212128,2019,22400,182600,205000
80924419959,2019,400,1600,2000
71003205369,2019,53100,127700,180800
71011113215,2019,63300,225500,288800
71005307296,2019,48200,279600,327800
70921415084,2019,93900,563500,657400
71010108077,2019,54200,229900,284100
81035115048,2019,100,0,100
81023306071,2019,35600,143000,178600
81028105197,2019,59000,137900,196900
71007243365,2019,0,15000,15000
81033204223,2019,38300,143000,181300
71015116231,2019,46400,179000,225400
60803105093,2019,111000,183400,294400
70926420012,2019,24500,84300,108800
81027204057,2019,861700,50000,911700
80924426772,2019,400,1600,2000
71016201073,2019,66600,164400,231000
71035115073,2019,63800,247700,311500
60812304173,2019,72300,208600,280900
70836312169,2019,19100,182100,201200
60811411010,2019,80000,243300,323300
70835400957,2019,100,0,100
71003407220,2019,53400,215600,269000
60801202148,2019,90900,183300,274200
70926206024,2019,80600,278700,359300
70923163243,2019,44900,159600,204500
80924304233,2019,71200,362200,433400
70815102060,2019,1760000,3495000,5255000
70923156355,2019,5000,10000,15000
70928204216,2019,97800,213300,311100
80926200942,2019,107500,137500,245000
71021113114,2019,15100,94900,110000
70836213648,2019,11600,134500,146100
70826307039,2019,105500,348500,454000
71014203237,2019,60300,194800,255100
80926403059,2019,74300,124900,199200
70919411010,2019,107100,271600,378700
71006410056,2019,54100,247100,301200
81028119833,2019,0,0,0
71015207155,2019,74200,159300,233500
71006126025,2019,47000,263000,310000
71005313079,2019,62000,180100,242100
70816407071,2019,162200,380000,542200
71006104188,2019,55400,153500,208900
70935305164,2019,150000,204000,354000
81034316019,2019,24300,141700,166000
70921117101,2019,115000,369400,484400
71003402056,2019,69000,158100,227100
70922216225,2019,193900,426100,620000
71005319077,2019,105800,181500,287300
60812207129,2019,86700,232700,319400
70820105108,2019,100,0,100
70921115296,2019,124400,265300,389700
60801419462,2019,16600,190000,206600
70933405106,2019,81100,191200,272300
70919203110,2019,95000,140100,235100
71022303110,2019,177000,163000,340000
70919304041,2019,118200,325100,443300
71003312312,2019,50100,153800,203900
71022203138,2019,133500,0,133500
81034413120,2019,67600,161900,229500
70823305036,2019,78100,215200,293300
81033207029,2019,42800,109500,152300
70814203231,2019,105000,277800,382800
70929403148,2019,87000,223300,310300
70923171105,2019,1700,1300,3000
70923149128,2019,7300,1200,8500
70834309100,2019,27000,0,27000
70828309083,2019,71500,257400,328900
70931306249,2019,99000,121000,220000
70829418271,2019,14300,0,14300
81033304023,2019,44000,116900,160900
70835124755,2019,500,1500,2000
81014303135,2019,32800,159900,192700
71016404049,2019,61700,148800,210500
70814421130,2019,15200,175700,190900
70836207344,2019,0,0,0
70921402114,2019,144600,379400,524000
71007306022,2019,376000,293200,669200
70821410051,2019,101400,387600,489000
70914412047,2019,86000,249000,335000
70929212169,2019,87200,230300,317500
71002415167,2019,0,0,0
70935302243,2019,80200,273100,353300
81022305016,2019,1075000,8905000,9980000
70929103152,2019,112600,248300,360900
70913413103,2019,116000,196000,312000
70931208049,2019,60300,152200,212500
70923179068,2019,0,0,0
70929212119,2019,78400,222400,300800
81034325060,2019,30000,88800,118800
70913422203,2019,70200,289200,359400
81031209093,2019,64000,120700,184700
70922336247,2019,130200,207500,337700
60812106082,2019,96600,161900,258500
60811412216,2019,118200,274300,392500
70922302107,2019,141600,414600,556200
70922408145,2019,55000,260000,315000
81023306120,2019,35600,113600,149200
71011118629,2019,30500,224500,255000
70836412175,2019,69700,159200,228900
71010313345,2019,57000,205000,262000
70836107114,2019,66400,149700,216100
70825400991,2019,780000,0,780000
71010404178,2019,59600,153400,213000
70826419272,2019,0,4000,4000
71015211057,2019,71800,219600,291400
70933203071,2019,139900,257600,397500
81034402222,2019,67200,186300,253500
70920219221,2019,0,0,0
71012205300,2019,63600,200900,264500
70919110274,2019,180800,147000,327800
81030205125,2019,18000,93400,111400
60812324139,2019,28800,179600,208400
81034405052,2019,69800,202200,272000
70929306144,2019,81600,303300,384900
71010118133,2019,62300,200700,263000
70932409092,2019,74000,226900,300900
70933202099,2019,150800,275100,425900
70833301107,2019,116700,427900,544600
70920218190,2019,400,14600,15000
70936315021,2019,31400,90900,122300
70922439140,2019,69400,170600,240000
60811114250,2019,104100,209100,313200
70931201150,2019,83800,156100,239900
70922334043,2019,134800,250200,385000
70936407050,2019,57900,149800,207700
71027405101,2019,51000,181200,232200
71009226179,2019,62000,0,62000
70824304011,2019,94300,186200,280500
71006122148,2019,57200,116200,173400
70824306299,2019,90000,420000,510000
81034403113,2019,60100,163600,223700
71014214052,2019,8100,114300,122400
80925114920,2019,800,1200,2000
70932412011,2019,74000,52600,126600
71015206280,2019,74700,227400,302100
71003104131,2019,56100,193900,250000
81033302027,2019,52500,151500,204000
71011105056,2019,92500,202500,295000
70823307272,2019,78100,156800,234900
70929402174,2019,90200,242700,332900
70828437074,2019,0,0,0
80925111059,2019,42200,42200,84400
70836216189,2019,5400,97200,102600
70929427205,2019,141100,357800,498900
70913202176,2019,96500,150700,247200
81019303031,2019,67800,163200,231000
81021311022,2019,19300,100700,120000
71003407105,2019,50300,182400,232700
70923150422,2019,55800,339400,395200
60801313119,2019,83400,300100,383500
70923402146,2019,85500,157900,243400
71003305078,2019,59300,158300,217600
71011115013,2019,71100,260400,331500
70922316158,2019,94700,305300,400000
71004301281,2019,58900,113400,172300
70836407027,2019,62300,146800,209100
70836114135,2019,91800,177100,268900
81023207013,2019,33600,152500,186100
71010204114,2019,56300,210600,266900
71003413079,2019,53600,180800,234400
70825204103,2019,413000,1187000,1600000
71005229078,2019,53900,158500,212400
70919211155,2019,91500,214600,306100
71006305158,2019,106200,206300,312500
81031213276,2019,38100,125400,163500
71014107166,2019,9600,194800,204400
80936109085,2019,14900,98000,112900
71006112248,2019,67900,202000,269900
71011120179,2019,42800,269600,312400
70922304137,2019,141600,270100,411700
70913347550,2019,2500,12500,15000
71001332057,2019,48500,202800,251300
70823313089,2019,16300,118800,135100
70920216722,2019,12900,480000,492900
70926118112,2019,183700,442700,626400
70929113242,2019,90500,250600,341100
71027407149,2019,56200,213800,270000
80936106031,2019,13800,97400,111200
70928105026,2019,109100,392700,501800
70919307011,2019,0,0,0
70835125183,2019,500,1500,2000
70914438481,2019,2200,22800,25000
70924214293,2019,60400,1360600,1421000
70933405073,2019,84300,214400,298700
70913357038,2019,693000,27565000,28258000
70928208226,2019,81800,310800,392600
71002434018,2019,10100,0,10100
70933408027,2019,43400,83600,127000
70926417019,2019,29000,0,29000
70931104271,2019,170700,292600,463300
70920220179,2019,0,10100,10100
80924433082,2019,12700,222600,235300
80925201173,2019,54500,129100,183600
70913353185,2019,65300,293100,358400
71029400977,2019,0,0,0
70836410129,2019,55100,164100,219200
71007107058,2019,114800,228800,343600
81030202155,2019,0,0,0
70929101156,2019,89900,262600,352500
60812302309,2019,73000,201600,274600
70836102031,2019,77100,199000,276100
81028406123,2019,257000,1183000,1440000
70919403017,2019,101700,236000,337700
60802314025,2019,96700,311100,407800
70814416058,2019,87100,249600,336700
71007220313,2019,116100,189000,305100
70929304130,2019,90700,142600,233300
71009102022,2019,332500,1147500,1480000
71006409059,2019,68000,232400,300400
70835309026,2019,78600,187700,266300
70929123754,2019,0,1000,1000
81021412151,2019,52100,130400,182500
70923168095,2019,6500,18500,25000
60801407178,2019,91500,240900,332400
70920220236,2019,0,6700,6700
71011220292,2019,11300,211500,222800
71003316166,2019,55600,189300,244900
70928101157,2019,96000,314500,410500
60802429080,2019,14600,90200,104800
71035114249,2019,64100,239600,303700
71001314021,2019,64200,182900,247100
71015206214,2019,98500,281100,379600
60811415137,2019,73400,166400,239800
70929209025,2019,87000,213800,300800
70931413086,2019,88300,241800,330100
71010105164,2019,59300,201500,260800
70922233013,2019,101400,293000,394400
70836413165,2019,74700,172100,246800
70920307034,2019,103200,194100,297300
70922423078,2019,102100,349600,451700
70912410043,2019,466600,193300,659900
71006128550,2019,46000,304000,350000
60903102022,2019,88000,346000,434000
70826412317,2019,10000,80700,90700
70919220073,2019,100500,197700,298200
71008102122,2019,43200,201300,244500
71011305143,2019,62000,202400,264400
70923145267,2019,8000,7000,15000
71001203084,2019,100,0,100
70921213040,2019,66800,263000,329800
71020307221,2019,13900,138800,152700
70919307186,2019,192600,188900,381500
80924434957,2019,400,1600,2000
80936412040,2019,74600,141200,215800
70913214262,2019,98100,349200,447300
81016101016,2019,1673400,3189900,4863300
70834214903,2019,42300,0,42300
71007214100,2019,183800,25600,209400
70929116022,2019,113200,209300,322500
70826410361,2019,71600,143400,215000
70929309156,2019,93700,185300,279000
80925110069,2019,54500,198700,253200
71005230017,2019,0,0,0
71020300910,2019,0,0,0
81034416190,2019,59300,179700,239000
71003408070,2019,53600,215900,269500
70928222127,2019,112300,199800,312100
70929302142,2019,78300,204200,282500
71005407319,2019,41800,136100,177900
81034409319,2019,66000,173000,239000
71006128451,2019,47200,139700,186900
70826419892,2019,0,4000,4000
71003207034,2019,54300,160700,215000
70834427788,2019,0,5000,5000
70912405359,2019,100400,255600,356000
70824415214,2019,12200,76700,88900
70836315022,2019,17300,196400,213700
70932418093,2019,54900,121100,176000
80925120935,2019,800,1200,2000
81032415045,2019,0,0,0
70821212019,2019,137500,412500,550000
70836307243,2019,61700,171900,233600
70919107180,2019,80100,125200,205300
81034409088,2019,71400,189300,260700
71021208048,2019,58600,147300,205900
80925307278,2019,102500,337500,440000
60801202164,2019,94200,291400,385600
71005113114,2019,66100,163100,229200
71006313078,2019,64200,250800,315000
71006409231,2019,54100,235700,289800
70826311022,2019,104000,382800,486800
70936410061,2019,58900,168200,227100
70929104259,2019,75600,186100,261700
70829410095,2019,16600,0,16600
81033402033,2019,53700,150500,204200
70929104168,2019,107800,319300,427100
71010200972,2019,64200,124300,188500
70822103126,2019,96800,220100,316900
70935205059,2019,36300,102900,139200
81033207053,2019,44900,122000,166900
71007220040,2019,120300,377700,498000
80936211070,2019,55600,248500,304100
81034117061,2019,66400,163900,230300
71005105062,2019,50600,119900,170500
71005339091,2019,161000,282700,443700
70912407157,2019,113900,211400,325300
80926105027,2019,52000,146800,198800
71002101021,2019,100,0,100
70923170941,2019,1900,600,2500
70923175339,2019,3300,11700,15000
70824415272,2019,13900,93900,107800
71016415129,2019,63000,162300,225300
81031413123,2019,40700,143600,184300
70929419161,2019,86000,274000,360000
60903209117,2019,11600,116600,128200
70923174696,2019,3300,11700,15000
70923156412,2019,5000,10000,15000
70913206053,2019,503600,386400,890000
81023207451,2019,33600,128000,161600
60801109063,2019,66700,168300,235000
81028105072,2019,59000,125200,184200
70824414430,2019,12200,75700,87900
70919218135,2019,121200,197900,319100
60811112197,2019,106800,288100,394900
70913346651,2019,8000,104800,112800
81019303164,2019,60100,170300,230400
70922345040,2019,55700,165700,221400
70826421277,2019,0,4000,4000
60811202138,2019,99200,254400,353600
70829413114,2019,13500,0,13500
60904113127,2019,91700,304400,396100
71009209167,2019,51900,136200,188100
70923167485,2019,6500,18500,25000
80936112046,2019,14900,93200,108100
70836113070,2019,73500,202900,276400
71014215406,2019,7800,140900,148700
60801226023,2019,16200,175700,191900
70822109025,2019,47400,173600,221000
60801212296,2019,68700,161200,229900
71009227052,2019,396600,0,396600
71006312385,2019,52100,163400,215500
70921411165,2019,114500,337300,451800
70814104182,2019,102600,260400,363000
71010409011,2019,57900,175000,232900
70923153012,2019,1300,23700,25000
80925214035,2019,56100,143500,199600
71014216545,2019,7500,134700,142200
80935104028,2019,62700,181400,244100
70913347401,2019,2500,12500,15000
70821217069,2019,0,0,0
71006117222,2019,65300,181300,246600
70933201356,2019,216600,438200,654800
70923163590,2019,44900,100900,145800
81030301030,2019,68300,212500,280800
71014213070,2019,60100,164400,224500
70921313113,2019,109200,224600,333800
80924411129,2019,9300,139800,149100
80936413155,2019,72600,160100,232700
71034106114,2019,58600,214600,273200
70918319330,2019,20500,72500,93000
70835106084,2019,17100,99000,116100
70922417089,2019,64600,233000,297600
70824414183,2019,11200,79300,90500
60802112437,2019,86400,198100,284500
70823310176,2019,13100,132700,145800
70921221134,2019,138600,261900,400500
70901113137,2019,19400,99900,119300
70931212040,2019,78900,166400,245300
70920213257,2019,118300,277700,396000
80925410055,2019,57000,226100,283100
70921312165,2019,78700,318400,397100
80926404099,2019,64000,221000,285000
70923229334,2019,3900000,29855000,33755000
70928218043,2019,92200,235900,328100
71005225034,2019,66000,264000,330000
81021413042,2019,54100,134500,188600
70921214212,2019,121200,367400,488600
70912402090,2019,100500,72100,172600
70836417183,2019,63600,162100,225700
60801230024,2019,30000,100100,130100
70931201192,2019,73000,180600,253600
70836406277,2019,59200,130000,189200
70823110203,2019,107200,377900,485100
60811106132,2019,101800,302600,404400
80936204067,2019,62500,119000,181500
70833401189,2019,226000,545300,771300
81032415061,2019,51000,204000,255000
81035111062,2019,100,0,100
70928117485,2019,105300,189000,294300
71019407149,2019,79500,117100,196600
70820112153,2019,100,0,100
80925219241,2019,56900,135000,191900
70823110394,2019,89400,286900,376300
70817402038,2019,0,0,0
71004314226,2019,54700,175300,230000
70821411108,2019,101400,343600,445000
70932108107,2019,139900,323300,463200
70923116200,2019,77000,387700,464700
70921402065,2019,123800,183600,307400
60904111311,2019,88500,230000,318500
71008106108,2019,38000,195000,233000
70932203238,2019,87100,273100,360200
70924217023,2019,1663000,9343000,11006000
71003216134,2019,89000,356000,445000
70821209024,2019,123000,345000,468000
71007306379,2019,606900,582800,1189700
70825207032,2019,770000,256000,1026000
80926302079,2019,64100,171200,235300
71010110022,2019,49300,211500,260800
81030204177,2019,51800,110700,162500
70928112047,2019,109100,254500,363600
70921301209,2019,156100,243200,399300
80925210140,2019,58400,138500,196900
71003308014,2019,59600,172500,232100
81019305128,2019,59700,174400,234100
70918401129,2019,524600,466700,991300
60906208091,2019,56700,136400,193100
81031216204,2019,37000,152200,189200
81034316027,2019,24300,122500,146800
71005346111,2019,12900,246200,259100
60903211120,2019,17400,109400,126800
70923143625,2019,44900,638500,683400
70929104142,2019,121200,324000,445200
70901113492,2019,14500,84500,99000
80935101248,2019,51800,143200,195000
70930301042,2019,550000,0,550000
80925104294,2019,57000,135400,192400
81033300906,2019,58500,388900,447400
71002403162,2019,94100,213700,307800
71006312278,2019,52100,242000,294100
70927405013,2019,0,0,0
81030400014,2019,0,913300,913300
71006119103,2019,56500,246700,303200
71004200798,2019,0,0,0
70826419628,2019,0,4000,4000
71034106065,2019,59900,207400,267300
60802415162,2019,82000,348000,430000
81015107065,2019,60300,200600,260900
70913349093,2019,25000,148800,173800
80924442869,2019,400,1600,2000
81034407032,2019,67300,152200,219500
70835124234,2019,500,1500,2000
71009105034,2019,207500,555000,762500
80924417870,2019,400,1600,2000
70922313089,2019,117600,305100,422700
70813318164,2019,69100,309100,378200
71022404033,2019,0,0,0
70924213089,2019,4440000,2660000,7100000
71003119023,2019,24800,150700,175500
71006417317,2019,54100,220900,275000
70918319067,2019,20500,97900,118400
70920412122,2019,134200,262500,396700
71004202067,2019,1000,0,1000
70926416152,2019,48000,107500,155500
70920106345,2019,130800,103800,234600
71007201181,2019,84200,250600,334800
60901100953,2019,0,0,0
70920411124,2019,126700,191200,317900
80924443750,2019,400,1600,2000
70826412341,2019,10200,71700,81900
70823315126,2019,156900,318900,475800
60901102032,2019,64800,186200,251000
70913434844,2019,0,2200,2200
71011210037,2019,54300,255800,310100
80925211221,2019,54900,185100,240000
81034404236,2019,74900,227500,302400
70823121317,2019,20000,56300,76300
71006306180,2019,46200,223200,269400
70936409022,2019,61000,156900,217900
80924420865,2019,400,1600,2000
60804210023,2019,16000,0,16000
81031213193,2019,56100,125500,181600
71022207049,2019,0,0,0
70814402065,2019,84500,233900,318400
70816322013,2019,17300,107300,124600
70926108048,2019,80300,163200,243500
71003303072,2019,52600,160000,212600
60906208348,2019,53500,174900,228400
70920404111,2019,116100,146100,262200
70936404048,2019,63700,118200,181900
70829412017,2019,17300,0,17300
71021210093,2019,63200,140100,203300
71003212067,2019,53100,172600,225700
70920106204,2019,130800,139600,270400
71006306312,2019,30400,154600,185000
70825402012,2019,120000,0,120000
70921118018,2019,135800,356400,492200
71016404015,2019,62300,164100,226400
70923201142,2019,108000,393000,501000
70914304012,2019,0,0,0
70913407099,2019,145200,136200,281400
81031412208,2019,40400,134500,174900
81032414146,2019,44100,156300,200400
70931102142,2019,125600,106800,232400
70833124088,2019,63200,307800,371000
70835302187,2019,106200,246800,353000
71004318179,2019,50800,117600,168400
81034207094,2019,64900,155000,219900
70923152387,2019,34100,541300,575400
71019408014,2019,0,0,0
71005402137,2019,35400,159800,195200
70822414218,2019,17500,133700,151200
70926413124,2019,46700,158300,205000
60811101033,2019,110200,177900,288100
70828416044,2019,0,0,0
70912405060,2019,105400,268700,374100
70816402295,2019,206500,311600,518100
71016410062,2019,61800,156900,218700
80924413076,2019,9400,139700,149100
70816316149,2019,208100,600900,809000
81032107030,2019,46100,130100,176200
60812121189,2019,81800,254600,336400
71010202150,2019,54900,220100,275000
70813403139,2019,494900,674100,1169000
70829402183,2019,13300,0,13300
70923309186,2019,90200,188700,278900
60801415030,2019,75800,217200,293000
60802412209,2019,77000,236800,313800
70923152056,2019,35800,546700,582500
70921119082,2019,129100,316200,445300
70932412061,2019,77000,77500,154500
70901107073,2019,49800,137100,186900
70828118195,2019,39300,248700,288000
70922303014,2019,0,0,0
70927101231,2019,0,0,0
60906201342,2019,60300,164700,225000
71011108159,2019,30000,225600,255600
70813325226,2019,11100,166500,177600
70928312077,2019,138400,255600,394000
70923216224,2019,139800,3535200,3675000
81028119528,2019,8700,67600,76300
71006440863,2019,0,4000,4000
71035118142,2019,67900,290600,358500
71003205343,2019,53100,121500,174600
60801414313,2019,89600,250400,340000
80925305248,2019,64500,102600,167100
70931103083,2019,103100,174600,277700
71011114114,2019,71100,243700,314800
70828314173,2019,92400,263100,355500
60906107178,2019,66600,198400,265000
60801304043,2019,79300,182200,261500
60811116511,2019,18800,217600,236400
81030204101,2019,48200,170600,218800
71007215421,2019,121900,218100,340000
70932204054,2019,83000,161500,244500
71003319079,2019,54000,180400,234400
70936402133,2019,0,0,0
70931102267,2019,106800,243300,350100
70828104079,2019,102000,197500,299500
81021408019,2019,59400,151700,211100
70913433169,2019,9900,254100,264000
70814428269,2019,15200,160500,175700
80924413844,2019,400,1600,2000
81022306204,2019,4000,35200,39200
80924409132,2019,9200,128800,138000
80936201253,2019,70800,105100,175900
70816320041,2019,173400,400100,573500
71010307158,2019,58300,134600,192900
80924445805,2019,100,1600,1700
81033206063,2019,57800,112000,169800
80936201047,2019,69700,146200,215900
70931414167,2019,126100,266300,392400
71007229208,2019,91900,421300,513200
60811438080,2019,20000,178000,198000
81031418016,2019,38100,135100,173200
60801117082,2019,66700,158300,225000
70814419094,2019,15200,159700,174900
70936406193,2019,56400,162600,219000
71021206125,2019,58600,129400,188000
71011121044,2019,44500,243200,287700
71001326026,2019,37000,126800,163800
71016119028,2019,62400,143300,205700
70824417012,2019,35100,232400,267500
70826414058,2019,16100,112500,128600
60801212402,2019,70100,162500,232600
70823108258,2019,89400,229400,318800
60906210012,2019,0,0,0
70823203058,2019,120200,377900,498100
70825209187,2019,5000,14000,19000
70833407153,2019,44700,528300,573000
70821403105,2019,107300,365500,472800
71015119061,2019,50500,203200,253700
81031217088,2019,37000,155500,192500
71006107108,2019,51400,157300,208700
70921205203,2019,67900,193000,260900
60801401344,2019,74100,252500,326600
70913347568,2019,3200,19800,23000
70813319138,2019,14000,121000,135000
80924403902,2019,400,1600,2000
70930107094,2019,700000,1050000,1750000
80936414145,2019,70100,146200,216300
60803113054,2019,100800,328400,429200
71003208040,2019,52000,132300,184300
71011421056,2019,50700,206700,257400
81026207086,2019,9300,0,9300
70926204127,2019,43500,209500,253000
70833210019,2019,110900,250300,361200
60802307145,2019,19400,202300,221700
70823413128,2019,34800,179800,214600
70828203053,2019,1100000,0,1100000
81030213079,2019,48200,126500,174700
81032403272,2019,46700,105300,152000
81032316079,2019,21000,155900,176900
60812113201,2019,76900,193700,270600
71003320042,2019,48400,159400,207800
60801303269,2019,76300,188400,264700
70919405104,2019,120400,262700,383100
70921127209,2019,13200,172900,186100
71034105257,2019,93100,210200,303300
71007201149,2019,118200,332000,450200
70829105018,2019,55400,263600,319000
70936407349,2019,58800,156900,215700
70913204213,2019,85600,217600,303200
81026369050,2019,9200,0,9200
71007220181,2019,96600,282700,379300
70901104102,2019,55000,156600,211600
70914301183,2019,586000,3471000,4057000
70926415328,2019,51800,94600,146400
70923110012,2019,2791000,13409000,16200000
70927107213,2019,33000,301800,334800
71002314129,2019,11200,0,11200
70923115038,2019,88200,562800,651000
70921309120,2019,111800,289500,401300
70926304084,2019,102200,143300,245500
80926107239,2019,54000,140800,194800
71014306148,2019,54900,149200,204100
70823103125,2019,89400,224300,313700
70928111180,2019,109100,362900,472000
80925206230,2019,62100,104800,166900
71010107318,2019,51200,152500,203700
81015102073,2019,59400,204100,263500
70923412418,2019,1700,16300,18000
70828439096,2019,0,0,0
71034106148,2019,58600,157100,215700
60803105027,2019,109300,157700,267000
71004302263,2019,56100,186400,242500
70923406172,2019,0,0,0
70914442028,2019,212000,288000,500000
81034309048,2019,70100,230200,300300
70829109052,2019,97300,236100,333400
70828118038,2019,77700,180900,258600
60801213054,2019,72100,162900,235000
70824200962,2019,268400,32800,301200
70928117261,2019,104300,223400,327700
80925210091,2019,54600,157400,212000
70829104044,2019,51000,273000,324000
70816307073,2019,179700,559700,739400
81026347030,2019,2900,0,2900
70917301031,2019,584300,732400,1316700
71004310159,2019,53100,132500,185600
71006120051,2019,49400,214400,263800
70935113294,2019,53700,133100,186800
81033202011,2019,58000,150800,208800
70922440014,2019,118000,286700,404700
81030214035,2019,0,0,0
81028122084,2019,8700,59100,67800
71005107183,2019,48500,122600,171100
71009400822,2019,74000,0,74000
80924306247,2019,47500,271400,318900
70826421516,2019,0,4000,4000
70922430065,2019,107400,237300,344700
70828123037,2019,77700,197300,275000
81034202169,2019,67300,242900,310200
70901118202,2019,21200,128100,149300
60811439088,2019,20000,181800,201800
70929308083,2019,87000,310400,397400
81028101145,2019,59000,163700,222700
71010219171,2019,10600,90400,101000
71011103068,2019,65100,336000,401100
71007215124,2019,147800,372200,520000
81032104143,2019,31400,152200,183600
70913347394,2019,2500,12500,15000
70929308190,2019,244400,328000,572400
70828109029,2019,90100,182900,273000
70920217639,2019,400,14600,15000
71001324129,2019,63500,204800,268300
70933301065,2019,82700,214000,296700
70828316129,2019,100,0,100
71003102060,2019,53100,210100,263200
71003314061,2019,48400,174700,223100
71007109062,2019,94100,287800,381900
60804107022,2019,0,0,0
71015110035,2019,47100,181900,229000
81034402066,2019,69400,230300,299700
71009307078,2019,70700,133300,204000
81031300792,2019,361000,1222000,1583000
70836416044,2019,61200,138200,199400
71003101161,2019,71000,181500,252500
70826419644,2019,0,4000,4000
70814430206,2019,19700,226300,246000
80925408232,2019,59900,152800,212700
70922320042,2019,151400,358900,510300
71014102033,2019,90600,282800,373400
70826419280,2019,0,4000,4000
70934302054,2019,88300,308300,396600
70813107096,2019,173600,188700,362300
80924436705,2019,400,1600,2000
71005111043,2019,60600,130400,191000
70815308155,2019,0,0,0
70920108028,2019,126600,126200,252800
80925104301,2019,56900,177100,234000
71010112086,2019,51500,165600,217100
80925210033,2019,52000,139100,191100
81034409294,2019,69600,154500,224100
60812110059,2019,78200,195400,273600
70833302452,2019,207000,341700,548700
70835123450,2019,6500,74500,81000
70923310224,2019,33000,135500,168500
70835203088,2019,114300,413800,528100
60802305272,2019,13800,198700,212500
70935206247,2019,43100,139700,182800
80936201055,2019,69700,120400,190100
80936401093,2019,72400,248300,320700
71010209198,2019,55900,207200,263100
70922410025,2019,171200,277000,448200
60802316237,2019,18000,206400,224400
70824412020,2019,102900,247300,350200
70826313309,2019,69800,207800,277600
70828437032,2019,0,0,0
71009212087,2019,50800,127200,178000
70920420208,2019,114400,218300,332700
70928214091,2019,99700,272100,371800
70924219483,2019,0,25000,25000
70923148518,2019,4200,800,5000
81034117087,2019,70500,215900,286400
70918321749,2019,0,2000,2000
70932103058,2019,133000,225700,358700
60812328561,2019,0,1000,1000
81027106170,2019,36700,115300,152000
80924423992,2019,400,1600,2000
71006412060,2019,35500,365500,401000
70932410239,2019,77900,76900,154800
60802103155,2019,89100,159600,248700
70913350248,2019,0,15000,15000
71005318219,2019,84900,190900,275800
81031405089,2019,36500,110000,146500
81028101137,2019,59000,153300,212300
70918220016,2019,0,0,0
80936413147,2019,72600,155300,227900
70923125251,2019,240000,3507000,3747000
70918416160,2019,10500,114900,125400
70913113167,2019,78300,472700,551000
71011208305,2019,0,0,0
70822414309,2019,11800,97500,109300
81032311128,2019,0,0,0
70928109151,2019,108200,445700,553900
71001415043,2019,57200,184900,242100
81021304118,2019,34900,195900,230800
71035116120,2019,66300,247800,314100
70822113068,2019,29600,311400,341000
70923127025,2019,83800,341200,425000
60812115158,2019,82000,192200,274200
70921304089,2019,174400,485600,660000
70924219904,2019,0,25000,25000
70913434125,2019,0,18000,18000
81028405018,2019,276500,761500,1038000
71015103254,2019,67300,113900,181200
60811402118,2019,76200,248900,325100
70928314148,2019,162100,522300,684400
71009104052,2019,54100,170700,224800
70826406039,2019,71000,182000,253000
71005232120,2019,47100,112400,159500
60801219268,2019,73100,148300,221400
81030213178,2019,340000,3220000,3560000
70836430028,2019,35000,129900,164900
60801109021,2019,66700,166300,233000
70923145316,2019,8000,7000,15000
70925208047,2019,297000,766000,1063000
80924416129,2019,9900,144500,154400
70913346049,2019,69900,262800,332700
71006110044,2019,69200,155800,225000
80925104088,2019,59200,131000,190200
81034108367,2019,65600,153700,219300
70913428102,2019,0,0,0
71020309061,2019,23800,163000,186800
71030201257,2019,323600,282400,606000
70929109100,2019,89900,279200,369100
80924443958,2019,400,1600,2000
70836405211,2019,64300,154700,219000
71005330099,2019,101100,311200,412300
81034310061,2019,82000,323000,405000
81021404108,2019,51800,128500,180300
80926115018,2019,31200,172300,203500
70929303075,2019,75700,178200,253900
70923156826,2019,5000,10000,15000
70931301182,2019,106900,125700,232600
81034407066,2019,67500,185400,252900
60801212238,2019,79500,144600,224100
80924410923,2019,400,1600,2000
70826412359,2019,8200,63400,71600
71007318019,2019,38300,307100,345400
81031403017,2019,35900,185700,221600
71027409129,2019,64600,174700,239300
60812203151,2019,85300,174700,260000
70919209019,2019,74900,267300,342200
81030213136,2019,45600,117000,162600
70923160463,2019,8000,7000,15000
70926207105,2019,80600,208500,289100
70929415276,2019,88600,253800,342400
70929303025,2019,73800,232400,306200
71020301140,2019,385000,345000,730000
71016406045,2019,62400,131200,193600
70815403096,2019,402000,4168000,4570000
70828117030,2019,82000,193000,275000
70913434307,2019,0,18000,18000
81028107060,2019,56000,158000,214000
71014106390,2019,12500,157500,170000
71011115146,2019,70200,217100,287300
70923138204,2019,29300,306100,335400
71010404425,2019,52800,174100,226900
71014304051,2019,58000,249900,307900
81030315106,2019,61300,195700,257000
60812311045,2019,0,0,0
70824403053,2019,112700,341000,453700
81034103094,2019,70200,159500,229700
70917101100,2019,51500,256000,307500
70834102041,2019,63400,181600,245000
70834209061,2019,74500,219300,293800
70816310018,2019,156000,0,156000
70929124215,2019,0,10000,10000
71010306283,2019,50500,135300,185800
60801224192,2019,15900,159500,175400
81034406208,2019,63100,179300,242400
71006305463,2019,59000,216000,275000
81031224140,2019,52400,96300,148700
80924437034,2019,13300,230600,243900
70833410073,2019,44700,418400,463100
60802404040,2019,68600,166400,235000
60801305166,2019,75500,131100,206600
70834403168,2019,86600,143400,230000
60801309093,2019,1307000,5870000,7177000
70923307031,2019,115100,192800,307900
71002406364,2019,49800,266800,316600
70929223108,2019,77600,234000,311600
70836401160,2019,79400,124900,204300
71021106101,2019,56500,117700,174200
70836208334,2019,73700,176900,250600
60801311105,2019,81300,227700,309000
80925306171,2019,63900,137000,200900
81033201196,2019,43600,131400,175000
70919309083,2019,112000,208500,320500
71015403076,2019,51500,103000,154500
70935307350,2019,4900,55100,60000
60801103015,2019,62000,179400,241400
71011303072,2019,60100,143200,203300
71005225216,2019,42600,238300,280900
60812108062,2019,76900,191600,268500
71003304020,2019,50500,112500,163000
60803105051,2019,115100,224100,339200
60804101066,2019,143000,117000,260000
70913422021,2019,75400,299500,374900
70814201194,2019,90200,279600,369800
71003102143,2019,0,0,0
71009226111,2019,62000,0,62000
70836401087,2019,60700,149500,210200
60902102073,2019,110000,545000,655000
70921128067,2019,19900,133400,153300
70936309199,2019,59500,146800,206300
60802304323,2019,89900,243000,332900
71010207069,2019,53700,129100,182800
70814429225,2019,41400,297000,338400
70836111090,2019,76900,176100,253000
70823103993,2019,0,0,0
70920220971,2019,0,2300,2300
60903221012,2019,41300,116300,157600
70920220062,2019,0,2600,2600
70932423216,2019,46600,104800,151400
71007306189,2019,37000,0,37000
81021407194,2019,0,0,0
70922304046,2019,85200,331800,417000
60802305157,2019,13800,198700,212500
71035119025,2019,60600,218000,278600
71011301084,2019,56400,166500,222900
70823407072,2019,46900,213000,259900
80925216106,2019,57600,156500,214100
81034300997,2019,0,0,0
71011118091,2019,30500,237400,267900
80936401118,2019,75200,161500,236700
70821211037,2019,108000,294000,402000
81034103060,2019,67100,158400,225500
71007210067,2019,0,0,0
70823108232,2019,89400,388000,477400
70927101041,2019,79200,180300,259500
71016102122,2019,45000,225000,270000
60802404074,2019,112000,143300,255300
70920305202,2019,97600,305300,402900
70923138353,2019,37300,357700,395000
70912433029,2019,9000,91300,100300
60801303144,2019,70400,148000,218400
71010112010,2019,65000,221700,286700
71003419259,2019,46300,188200,234500
60801203138,2019,63900,185200,249100
70913410167,2019,1000000,26950000,27950000
70828123053,2019,260000,20000,280000
71005107117,2019,34400,205500,239900
70828311088,2019,64900,326200,391100
81026354069,2019,5000,0,5000
70923317204,2019,82600,202400,285000
60801217072,2019,80100,163600,243700
70822206045,2019,0,0,0
71003313154,2019,49100,165700,214800
71014302063,2019,59600,220100,279700
71006124045,2019,54000,182700,236700
70929422057,2019,182700,237900,420600
71005308179,2019,60300,212400,272700
71015215025,2019,23000,257300,280300
70922345454,2019,113500,383300,496800
81030203145,2019,48000,119400,167400
70918307020,2019,91000,140200,231200
80924434808,2019,400,1600,2000
80924307162,2019,72300,259200,331500
71009223224,2019,45100,189000,234100
70835203997,2019,0,0,0
70827102032,2019,43000,0,43000
80936103087,2019,14900,101800,116700
70923211331,2019,3496000,6296600,9792600
70931306265,2019,99000,165500,264500
70920306044,2019,97500,193000,290500
70912410100,2019,497400,445400,942800
80936105083,2019,14900,98100,113000
71005224086,2019,65300,194300,259600
80925104434,2019,58100,158900,217000
70932209210,2019,20800,115200,136000
70924218211,2019,51300,743300,794600
70918305230,2019,74800,160600,235400
70929305089,2019,88800,186500,275300
70923163631,2019,44900,123500,168400
70826418406,2019,21200,109100,130300
70823307107,2019,86800,186300,273100
70928303026,2019,82400,363900,446300
70926202072,2019,183000,381100,564100
80926109178,2019,54500,143000,197500
80925415021,2019,49800,161100,210900
71009217433,2019,65500,0,65500
71009304066,2019,0,0,0
71006405148,2019,68000,315400,383400
70923170438,2019,1100,500,1600
70822406033,2019,119900,277200,397100
71006404124,2019,54100,166500,220600
70814403188,2019,96800,274100,370900
71009318108,2019,66000,70000,136000
71003213164,2019,56100,186800,242900
70816313187,2019,215000,553000,768000
80924102166,2019,85500,400300,485800
60812404197,2019,92100,171400,263500
70920220749,2019,0,8100,8100
71011210045,2019,54300,208000,262300
71009217079,2019,40700,157500,198200
71027403246,2019,51000,175800,226800
60902103104,2019,20000,99400,119400
60802112271,2019,86200,168900,255100
60811421267,2019,18600,205100,223700
70919221196,2019,101500,233100,334600
80924310131,2019,91600,212400,304000
81023207352,2019,33600,148000,181600
70814405168,2019,87200,236800,324000
71019409236,2019,82800,128200,211000
70834214523,2019,46400,603600,650000
70912404442,2019,134500,404600,539100
71007117015,2019,61300,134100,195400
80926300940,2019,98300,83200,181500
70920302331,2019,151600,181200,332800
81032312035,2019,63100,227800,290900
70921206293,2019,88000,622000,710000
81034306101,2019,44100,111700,155800
81027206045,2019,2090000,3110000,5200000
60802104103,2019,68900,157600,226500
70929419236,2019,86000,298100,384100
60802108072,2019,69300,148500,217800
70824301083,2019,96900,276700,373600
81034411190,2019,66000,185800,251800
80924442033,2019,13300,226800,240100
70833111192,2019,91300,271000,362300
70814419383,2019,15200,181700,196900
60812330029,2019,0,5000,5000
71007310031,2019,430500,168100,598600
80925103105,2019,58100,140700,198800
60906111046,2019,60300,191200,251500
71014307344,2019,54300,186400,240700
80925415948,2019,45500,137600,183100
71014106481,2019,12500,159500,172000
70828109045,2019,90100,218300,308400
71015101018,2019,52400,143900,196300
70936305105,2019,52900,115700,168600
60812202012,2019,83000,167000,250000
70918220256,2019,128800,183300,312100
71030206059,2019,0,0,0
80925104260,2019,50600,126700,177300
70914414093,2019,284800,90100,374900
71010305110,2019,58900,130900,189800
80925207262,2019,53400,123200,176600
60801305265,2019,76200,157700,233900
60801406120,2019,24900,145100,170000
71006116109,2019,66000,179300,245300
70929107021,2019,103600,197400,301000
80936207029,2019,55600,150000,205600
80926105093,2019,60000,148000,208000
71015204052,2019,48600,203500,252100
70929103079,2019,74600,164300,238900
70920404202,2019,114400,347600,462000
71009216162,2019,45100,141900,187000
81034402165,2019,61300,218700,280000
60811114119,2019,114200,294900,409100
71006436036,2019,57600,203100,260700
71010117101,2019,56100,221000,277100
70919105225,2019,100400,242200,342600
81019308031,2019,58800,165900,224700
71009403082,2019,64200,125300,189500
71003413110,2019,60200,213300,273500
71009410102,2019,62200,147100,209300
71010116020,2019,59000,170900,229900
60811204035,2019,128700,210100,338800
81030310023,2019,61600,108100,169700
70826410212,2019,72300,197100,269400
70929422081,2019,155700,231800,387500
70935307201,2019,4900,55100,60000
70920106220,2019,124100,131300,255400
71005304010,2019,68000,198600,266600
70836210107,2019,11400,115800,127200
70823311306,2019,10700,126900,137600
80936403271,2019,51000,469000,520000
70924218352,2019,43200,519400,562600
70824110012,2019,230400,399600,630000
81019309138,2019,61900,150500,212400
70929109043,2019,89900,187600,277500
60812115075,2019,74600,157400,232000
71005408086,2019,52000,153400,205400
70814201061,2019,108500,279000,387500
71005201034,2019,51400,99100,150500
71015111174,2019,43600,153100,196700
60905207193,2019,52000,190000,242000
70826403209,2019,82500,254500,337000
81019309047,2019,71900,156900,228800
70824308021,2019,16000,141600,157600
70913350628,2019,0,15000,15000
71011118372,2019,30500,243800,274300
60812305270,2019,79300,250700,330000
70920301143,2019,132200,268200,400400
71005401030,2019,44000,85400,129400
70835209060,2019,78200,174500,252700
70826412846,2019,10000,76000,86000
70929217200,2019,95200,236300,331500
70825207016,2019,2409000,3531000,5940000
80925211099,2019,54900,161600,216500
71003106301,2019,53100,217400,270500
60812323230,2019,28500,169700,198200
70918321377,2019,0,2000,2000
70924218500,2019,51300,709200,760500
70901113765,2019,15600,84700,100300
70921214288,2019,120100,254300,374400
81034119017,2019,67500,128800,196300
70929212135,2019,76700,169400,246100
70814403360,2019,111700,263300,375000
70918322234,2019,0,2000,2000
60812328686,2019,0,1000,1000
80926105283,2019,50800,139000,189800
71026303041,2019,559000,1006000,1565000
60801218012,2019,71100,154500,225600
71035207482,2019,43900,201400,245300
70823308048,2019,0,0,0
70814424308,2019,92300,225600,317900
70922217041,2019,154400,273300,427700
70928211071,2019,89900,222900,312800
70913426114,2019,464000,416000,880000
70919227087,2019,30300,236000,266300
71035208034,2019,71200,192000,263200
70823117126,2019,80200,226100,306300
71006213137,2019,39400,172300,211700
70825209509,2019,6000,17000,23000
70929207053,2019,79600,253500,333100
70923165546,2019,44000,217900,261900
70814424233,2019,90200,270500,360700
71007113162,2019,79800,341300,421100
80926404106,2019,64000,221000,285000
60812201022,2019,77200,152400,229600
71003314029,2019,48400,201300,249700
81030307210,2019,59800,132700,192500
60811302136,2019,76400,230600,307000
71001327024,2019,26200,137100,163300
60802104260,2019,70700,162500,233200
71005112166,2019,78000,183200,261200
80926107172,2019,55700,137800,193500
71021102068,2019,61500,16000,77500
71035205105,2019,72400,203500,275900
71030214036,2019,110000,0,110000
70913222041,2019,13000,385900,398900
71001317067,2019,66900,212500,279400
70928109078,2019,175800,236300,412100
81033203077,2019,42700,83100,125800
70928101222,2019,96000,315500,411500
81031417084,2019,39600,178600,218200
60812402034,2019,81800,163500,245300
70822414507,2019,17500,134300,151800
70836109194,2019,0,0,0
70913347443,2019,2500,12500,15000
70913124015,2019,255000,6516000,6771000
71010108275,2019,56000,203100,259100
71001414029,2019,64100,173300,237400
71021204062,2019,56400,159600,216000
70920103242,2019,133500,225800,359300
70915307015,2019,0,0,0
71011122216,2019,34200,252800,287000
70914301125,2019,0,0,0
71016403067,2019,62400,140300,202700
70835101125,2019,0,0,0
70823121060,2019,20000,103200,123200
70835119045,2019,17900,118200,136100
71007221121,2019,114900,316200,431100
70928117063,2019,200600,330700,531300
71010311307,2019,54600,150000,204600
70824415363,2019,11300,69200,80500
60811201023,2019,104600,184100,288700
71003313138,2019,49300,165600,214900
71010409029,2019,59000,185100,244100
70920110221,2019,100000,385000,485000
70814101154,2019,120100,380000,500100
70936309264,2019,59500,151400,210900
70833210069,2019,107900,120100,228000
80924103015,2019,79200,246900,326100
71011208280,2019,31400,214700,246100
71006206017,2019,51000,193200,244200
70920415134,2019,133400,148200,281600
81032308216,2019,36500,124400,160900
70825303020,2019,160000,193000,353000
60906114107,2019,57900,157100,215000
71021113908,2019,0,1000,1000
70834201083,2019,159200,508300,667500
70926201040,2019,218500,255600,474100
70922412104,2019,84000,180600,264600
81030307228,2019,59800,142800,202600
70821108234,2019,117500,258500,376000
70813110156,2019,135300,246700,382000
80925110308,2019,62700,131500,194200
70928213027,2019,97600,333300,430900
70922238089,2019,25300,212200,237500
70918321905,2019,0,2000,2000
70922316017,2019,92600,362900,455500
71005304169,2019,65100,137900,203000
70823311364,2019,13100,135400,148500
70928315055,2019,83100,163600,246700
70835315544,2019,51900,360300,412200
70914408088,2019,0,0,0
70823413483,2019,25400,159500,184900
71021206018,2019,58600,132700,191300
70835320105,2019,85100,302500,387600
71006304142,2019,51700,223400,275100
60801210183,2019,72100,198500,270600
60812316079,2019,88000,234900,322900
70931208172,2019,88100,188900,277000
71035117011,2019,64400,220400,284800
70920308272,2019,124200,193900,318100
71016105192,2019,63200,117800,181000
71009316087,2019,68700,189700,258400
80925103056,2019,0,0,0
70824213171,2019,107500,228000,335500
71006115250,2019,67600,75700,143300
70921305029,2019,156100,255000,411100
70820105033,2019,100,0,100
70936308117,2019,0,0,0
70918415295,2019,10500,113500,124000
70912409210,2019,114500,242200,356700
70922439166,2019,84800,363400,448200
70919105077,2019,101100,153800,254900
71008104029,2019,43200,213000,256200
70918217021,2019,68000,0,68000
71016112238,2019,54000,149400,203400
60811204093,2019,121100,295000,416100
71005401048,2019,44000,147000,191000
71006404190,2019,68000,310200,378200
70913119298,2019,100500,172500,273000
60801403077,2019,77900,172300,250200
81025400996,2019,22500,0,22500
71010219147,2019,10600,85500,96100
70922217033,2019,193900,425300,619200
70935307483,2019,4900,55100,60000
71021213203,2019,72400,149900,222300
70922411031,2019,91500,277500,369000
60811412282,2019,107200,293500,400700
70823307206,2019,78100,179200,257300
80935101298,2019,51800,144000,195800
70913314062,2019,153900,90500,244400
70825305018,2019,440000,1173000,1613000
71005406254,2019,47400,101400,148800
70826419818,2019,0,4000,4000
81034108234,2019,61200,172400,233600
70835202113,2019,144900,398100,543000
80925106133,2019,53500,160000,213500
71034103061,2019,76100,205200,281300
70836409099,2019,59400,135300,194700
71003407212,2019,53400,212400,265800
80925115720,2019,800,1200,2000
70823108183,2019,89400,279400,368800
71016201065,2019,66000,130900,196900
70922232049,2019,167300,378700,546000
70814101344,2019,108500,241800,350300
70824208065,2019,138600,149100,287700
60802311336,2019,111800,306800,418600
70920216342,2019,10700,355000,365700
70824404308,2019,128500,224100,352600
81019101013,2019,184500,0,184500
60801415014,2019,78900,152500,231400
80936111014,2019,14900,105500,120400
70923310191,2019,40000,246600,286600
70834216082,2019,90000,345000,435000
70920305129,2019,95500,244400,339900
71014215547,2019,7800,120200,128000
60905205022,2019,88000,226000,314000
70836408158,2019,57800,138300,196100
70826417573,2019,0,0,0
70821114108,2019,55700,251200,306900
70836417274,2019,66200,159400,225600
70813404187,2019,48400,0,48400
70920220088,2019,0,11900,11900
71015110209,2019,38200,145600,183800
60903206220,2019,0,0,0
71007206305,2019,57100,221400,278500
70936305395,2019,59100,147800,206900
70901101033,2019,51000,144800,195800
80926403257,2019,86000,337000,423000
70823403244,2019,45600,280200,325800
70913407015,2019,268000,532000,800000
81034103086,2019,68600,160900,229500
71004302338,2019,57500,136100,193600
70813325151,2019,11100,165000,176100
71014306289,2019,62000,163200,225200
71006407293,2019,0,0,0
70923413408,2019,1700,16300,18000
81015107099,2019,59800,172300,232100
81032309123,2019,44900,206200,251100
60812105191,2019,81000,220100,301100
70923174448,2019,3300,11700,15000
70918312110,2019,228700,257000,485700
70933301023,2019,114600,128400,243000
70923145324,2019,8000,7000,15000
60811421019,2019,19000,202000,221000
80925212055,2019,55200,127700,182900
60802312293,2019,98400,255000,353400
71006133020,2019,63100,127500,190600
71006407029,2019,72600,175400,248000
70923153343,2019,1300,23700,25000
71007208244,2019,0,0,0
71001323337,2019,74600,219900,294500
71009211120,2019,65100,198500,263600
71009108161,2019,57200,158200,215400
81021409116,2019,57100,204700,261800
70918321509,2019,0,2000,2000
71004315141,2019,54700,144300,199000
80926101124,2019,54500,153700,208200
70913315060,2019,104600,212700,317300
71005314150,2019,68000,191800,259800
80926307011,2019,69000,207900,276900
70922440238,2019,63700,255300,319000
70918415758,2019,10500,107800,118300
81032308232,2019,36500,89700,126200
70833118156,2019,82500,292500,375000
81034309163,2019,64300,157400,221700
70816403079,2019,176000,437600,613600
71010302041,2019,54600,133000,187600
71035111039,2019,72600,248900,321500
70824206100,2019,107500,270800,378300
70823311091,2019,10900,146300,157200
80926204093,2019,73400,148200,221600
60801414032,2019,80300,194900,275200
71005218013,2019,65100,90900,156000
80924406873,2019,400,1600,2000
71011118041,2019,30500,243300,273800
70901109227,2019,36000,129300,165300
70936406333,2019,60800,158000,218800
70930414192,2019,75600,255800,331400
71001103010,2019,63600,267900,331500
71027403147,2019,61300,171200,232500
70927107164,2019,33000,286300,319300
81028112176,2019,54600,143300,197900
70920217994,2019,400,14600,15000
70835313051,2019,0,0,0
70912444050,2019,9000,91300,100300
81023207310,2019,33600,128000,161600
70923165497,2019,72000,352000,424000
60803104136,2019,103200,202900,306100
70918304109,2019,75400,122300,197700
70912447062,2019,9000,91300,100300
70931409134,2019,109300,151400,260700
60811415260,2019,0,0,0
81021305083,2019,53500,171300,224800
60812305171,2019,75500,182800,258300
70922415033,2019,71400,417900,489300
70923314060,2019,169700,240200,409900
60812107056,2019,79500,150300,229800
81034102195,2019,68100,216300,284400
70913103209,2019,82500,267700,350200
70918411186,2019,123200,146400,269600
70920115031,2019,70000,345000,415000
80924411864,2019,400,1600,2000
70814417030,2019,88800,212300,301100
71010120071,2019,76400,154800,231200
71005310190,2019,67400,145700,213100
70828442049,2019,0,0,0
70922321016,2019,151400,436900,588300
70835203989,2019,0,0,0
80935101149,2019,57400,152600,210000
70816305126,2019,148200,451800,600000
70931104099,2019,142100,126000,268100
71010109017,2019,0,0,0
81028120418,2019,0,5000,5000
70820103037,2019,100,0,100
70836403190,2019,67200,194100,261300
70926408026,2019,33000,186000,219000
71002105015,2019,500,0,500
70914435031,2019,24400,309100,333500
60801219177,2019,73500,179800,253300
70931408053,2019,68100,152100,220200
70835307301,2019,78200,187400,265600
70930415132,2019,106500,348100,454600
71004301166,2019,58700,138400,197100
60801112066,2019,60000,132900,192900
70913222174,2019,11100,350200,361300
81034203208,2019,67000,153900,220900
70922439182,2019,109000,253500,362500
60801213228,2019,70100,173600,243700
70835318043,2019,0,0,0
81034411174,2019,66900,164600,231500
70913354266,2019,0,15000,15000
70935209027,2019,246900,1223100,1470000
70920216087,2019,10700,320300,331000
71015208161,2019,74200,206800,281000
70929403338,2019,100800,311200,412000
70922308080,2019,902000,4065000,4967000
70813330019,2019,55500,306500,362000
71001413047,2019,67000,213100,280100
81031224439,2019,52400,191600,244000
71034109093,2019,57600,148100,205700
70929123655,2019,0,1000,1000
71006129128,2019,47500,80800,128300
70825209517,2019,7000,20000,27000
70921223049,2019,130200,315800,446000
70914402056,2019,806000,2913000,3719000
71009202046,2019,65600,144100,209700
71006123047,2019,44600,186200,230800
81030203054,2019,84700,88100,172800
81028120294,2019,0,4000,4000
71004318020,2019,56100,167400,223500
70814307190,2019,98200,287600,385800
71010202019,2019,54900,183800,238700
60804105191,2019,114500,404800,519300
70932103313,2019,137600,342600,480200
70835123418,2019,6500,72200,78700
80925217229,2019,55800,153400,209200
71006439022,2019,12600,317300,329900
71003320109,2019,48000,141200,189200
70913210327,2019,63000,268400,331400
70920217126,2019,12100,494800,506900
70824402097,2019,100800,224900,325700
70836216395,2019,5500,102000,107500
60801412094,2019,75600,174600,250200
71007219259,2019,133400,229900,363300
71011205020,2019,36400,241700,278100
60904109027,2019,93200,298100,391300
81031412117,2019,39600,136800,176400
80925118146,2019,12900,260300,273200
70922327048,2019,145600,437400,583000
71007313069,2019,115400,462600,578000
70923215242,2019,86200,422500,508700
81031231012,2019,23200,107200,130400
70835308101,2019,84700,203900,288600
71006212014,2019,69200,169500,238700
60811439070,2019,20000,180000,200000
81021107249,2019,59300,202100,261400
70923404176,2019,1676500,10823500,12500000
70836403281,2019,77400,168800,246200
71007207113,2019,0,0,0
81023207188,2019,33600,155800,189400
71006445029,2019,63800,1895000,1958800
71005307204,2019,77500,0,77500
71035125171,2019,11800,275600,287400
80924442067,2019,11800,195300,207100
81032410136,2019,40200,171000,211200
70929119117,2019,94400,156100,250500
71001102103,2019,66000,232500,298500
60904101114,2019,93500,271100,364600
71007105143,2019,104100,270100,374200
70813103143,2019,110000,541000,651000
70928102428,2019,111900,291300,403200
70833116085,2019,85100,256900,342000
71020305085,2019,83100,116200,199300
70913203091,2019,101100,237200,338300
70932111043,2019,87000,193000,280000
70824204120,2019,108800,381900,490700
80925109070,2019,53500,157200,210700
81031410038,2019,38100,187500,225600
70815308147,2019,174300,411900,586200
70923118016,2019,0,0,0
70923412111,2019,1700,16300,18000
70835208244,2019,78200,183800,262000
71003214104,2019,53100,181900,235000
70921126095,2019,124400,266800,391200
70918304141,2019,92700,159200,251900
71021203014,2019,60300,118100,178400
60811416276,2019,82800,197500,280300
81032301153,2019,51900,183400,235300
81026342056,2019,86900,0,86900
71020304029,2019,594000,1869000,2463000
71012207124,2019,58400,199200,257600
70921405027,2019,0,0,0
81030205208,2019,48000,111400,159400
71021108149,2019,61000,133700,194700
60811302053,2019,87100,236500,323600
71035118134,2019,67900,292700,360600
60802415013,2019,0,0,0
81032314023,2019,12000,133900,145900
71001310087,2019,582600,3763400,4346000
70813309113,2019,89400,248600,338000
70922433407,2019,93600,185300,278900
81034402206,2019,65800,199200,265000
70918321525,2019,0,2000,2000
70920414342,2019,127300,121800,249100
81031405352,2019,38200,151200,189400
80924411947,2019,400,1600,2000
70923147453,2019,8000,7000,15000
70923123396,2019,151800,197700,349500
70923148170,2019,4200,800,5000
70919228936,2019,400,2600,3000
60812330251,2019,0,5000,5000
70918302038,2019,583000,2431000,3014000
81021402087,2019,56900,158000,214900
71001207010,2019,173300,0,173300
71001309072,2019,59300,201100,260400
71005223187,2019,0,0,0
70929427099,2019,129300,367600,496900
81030305024,2019,68500,181000,249500
70928219299,2019,129700,177200,306900
81030302228,2019,293000,2298000,2591000
70920123050,2019,15200,103800,119000
70829402266,2019,13300,0,13300
60801308136,2019,70100,166300,236400
70816401304,2019,169800,446800,616600
71003403145,2019,53200,159100,212300
71006132204,2019,65100,198900,264000
70926106018,2019,83700,212700,296400
70834305083,2019,130000,332900,462900
81026349028,2019,34000,230900,264900
71006306247,2019,32000,234200,266200
71009208078,2019,48300,132800,181100
70919105233,2019,97500,273600,371100
70824413086,2019,0,0,0
70913318238,2019,128900,141100,270000
70914439166,2019,1000,4900,5900
71034111064,2019,17300,126400,143700
70824417020,2019,35100,227300,262400
60801226479,2019,16200,177800,194000
60811117113,2019,19100,172600,191700
70826100855,2019,1788000,2062000,3850000
70922435065,2019,163700,410900,574600
70929405186,2019,86100,219700,305800
60812109119,2019,98200,207000,305200
70913321249,2019,114500,146300,260800
81033201162,2019,52900,142400,195300
81026355223,2019,11900,0,11900
60801226065,2019,16200,158400,174600
70933206124,2019,200500,428800,629300
60804105050,2019,109000,265800,374800
60811201049,2019,95900,163800,259700
70913107178,2019,91700,152700,244400
71009303109,2019,68100,136700,204800
70833401064,2019,204700,410600,615300
70923410058,2019,0,0,0
71007208236,2019,65000,176300,241300
71003213312,2019,89000,351000,440000
70826417408,2019,21500,126700,148200
70835122816,2019,6500,70700,77200
70931305184,2019,99000,140800,239800
71009108202,2019,57200,158100,215300
71005228202,2019,41700,145400,187100
71006129087,2019,47500,155700,203200
81031211022,2019,55900,159400,215300
71003313071,2019,49100,168800,217900
81032103161,2019,32500,137900,170400
81032102147,2019,36500,150300,186800
70824310167,2019,14100,142900,157000
70822102095,2019,90800,278700,369500
71015211122,2019,77200,281900,359100
71011113249,2019,71200,303800,375000
71011401090,2019,94200,307400,401600
70923126233,2019,74800,458100,532900
70914420123,2019,671000,10329000,11000000
70931208180,2019,88400,171700,260100
70836409023,2019,61000,149000,210000
81028118447,2019,8700,66000,74700
60811109186,2019,116300,306000,422300
70814301035,2019,126000,255600,381600
70913114058,2019,0,0,0
81034205022,2019,70500,168600,239100
70823204056,2019,120300,250100,370400
71005205234,2019,52600,118000,170600
71012209063,2019,63300,225500,288800
60812313265,2019,33100,183100,216200
81030302161,2019,677000,3089000,3766000
70933204186,2019,137500,320900,458400
70923145134,2019,8000,7000,15000
71007112130,2019,90400,133300,223700
70814425108,2019,84400,250200,334600
60802309125,2019,90300,204000,294300
80925303119,2019,54400,169300,223700
71006311171,2019,75600,216900,292500
71030203120,2019,78800,131600,210400
70825202040,2019,440000,200000,640000
71016409106,2019,62000,137000,199000
80925103022,2019,52300,146100,198400
70821308016,2019,3800,0,3800
70826416559,2019,23000,138600,161600
60801105102,2019,66100,144800,210900
81028104173,2019,59000,171000,230000
70836213656,2019,11600,128500,140100
70823109149,2019,20700,131700,152400
70931402279,2019,117300,147900,265200
70922207034,2019,149200,353500,502700
70918321434,2019,0,2000,2000
70922219013,2019,212100,623200,835300
80936405045,2019,78400,208800,287200
71015103121,2019,67900,168600,236500
71011122034,2019,34200,212800,247000
70922231190,2019,158400,433800,592200
70920410100,2019,123900,197700,321600
81031403166,2019,35900,150700,186600
60802312269,2019,107900,229500,337400
60803101223,2019,106100,197900,304000
70920404088,2019,116100,121600,237700
71020306067,2019,10200,106400,116600
70923168904,2019,6500,13500,20000
71012207182,2019,58400,191600,250000
71009220238,2019,25100,214200,239300
80936403073,2019,65300,214800,280100
70823108216,2019,98500,242400,340900
70922345389,2019,82100,246200,328300
70813111055,2019,474500,649100,1123600
70921205089,2019,71900,208900,280800
81032404064,2019,58900,93900,152800
70932406113,2019,78800,109300,188100
80924308136,2019,65300,212900,278200
70925202271,2019,552300,0,552300
60903211047,2019,17400,99700,117100
70928112154,2019,107000,207900,314900
70836417050,2019,70600,165700,236300
71016209035,2019,71000,141000,212000
71011103133,2019,58600,203300,261900
70833409167,2019,46200,203800,250000
70828119119,2019,83800,278200,362000
70926409074,2019,41600,170600,212200
71022401154,2019,46200,106000,152200
70929214181,2019,93200,258700,351900
70928207103,2019,89900,224800,314700
81028112019,2019,57200,193800,251000
80924404140,2019,7100,112300,119400
81035106071,2019,64000,211900,275900
70822102318,2019,101900,235500,337400
71005412136,2019,41800,111300,153100
80913300953,2019,0,0,0
80926110050,2019,54800,133900,188700
80924423827,2019,400,1600,2000
70824405075,2019,104400,289400,393800
70835112065,2019,113300,326400,439700
70923146645,2019,8000,7000,15000
71006113379,2019,58800,143400,202200
70824206069,2019,107500,307300,414800
70934311055,2019,224000,393900,617900
80936207194,2019,55600,188600,244200
70934309290,2019,15700,84300,100000
80925415055,2019,47400,144800,192200
70923165570,2019,57200,274300,331500
70931210135,2019,73000,0,73000
71009319057,2019,68800,155400,224200
71010212331,2019,60600,211000,271600
71003213130,2019,53100,138400,191500
70922337063,2019,224000,564000,788000
70929124265,2019,0,10000,10000
71011208199,2019,34200,221000,255200
81031213101,2019,38100,119100,157200
81031202089,2019,52100,128800,180900
70920302240,2019,126800,266700,393500
70834411012,2019,0,0,0
71014202156,2019,64000,176300,240300
70914406082,2019,171200,797100,968300
71010313163,2019,55700,208000,263700
70919215058,2019,90600,101500,192100
71021221074,2019,69000,161400,230400
81034106072,2019,0,0,0
71011108430,2019,30000,240900,270900
60811432040,2019,93700,174200,267900
80924105045,2019,79200,230600,309800
70827304076,2019,0,0,0
70919306063,2019,121100,239500,360600
70823208074,2019,86300,252700,339000
60802440028,2019,30600,131100,161700
71009202153,2019,51900,100700,152600
70823209254,2019,121600,265900,387500
70913349100,2019,36000,216800,252800
70923301025,2019,0,0,0
70835315403,2019,51900,369700,421600
70926303044,2019,331100,5708900,6040000
70922304111,2019,141500,390500,532000
81030400858,2019,88000,150000,238000
60801105045,2019,68800,177600,246400
70920202044,2019,0,0,0
60804105117,2019,91600,290400,382000
70928210015,2019,89900,226400,316300
81028107169,2019,60500,138600,199100
70923225019,2019,0,0,0
71015118047,2019,52500,186000,238500
70836213804,2019,11600,130400,142000
71011118306,2019,30500,243800,274300
70823208040,2019,84200,248300,332500
70923138270,2019,34200,331100,365300
81021300942,2019,0,0,0
70824204196,2019,114800,256200,371000
70836401102,2019,62100,150500,212600
60802304258,2019,0,0,0
71016404130,2019,61700,147800,209500
71035207317,2019,43900,198800,242700
70823411065,2019,83200,197100,280300
70931306166,2019,109900,183100,293000
81034107426,2019,64800,174200,239000
70834422069,2019,25500,182700,208200
71005402054,2019,39100,159200,198300
70836410179,2019,55100,162000,217100
70834403259,2019,98600,346500,445100
70821404129,2019,121600,378000,499600
80925112940,2019,800,1200,2000
71007223284,2019,94500,361100,455600
70836121015,2019,92800,222300,315100
70919103063,2019,93800,192300,286100
80924406948,2019,400,1600,2000
70931102332,2019,103100,276900,380000
60801316246,2019,24000,144700,168700
71010412022,2019,59000,145200,204200
60801209300,2019,66700,158900,225600
70933413018,2019,41200,108600,149800
70822414812,2019,15800,127200,143000
80925413083,2019,56200,129600,185800
71010201061,2019,54300,184400,238700
71005336089,2019,106500,203500,310000
71001318148,2019,64400,230100,294500
70821405010,2019,102700,337700,440400
81014303755,2019,32800,177100,209900
71030203097,2019,81600,139400,221000
70921409045,2019,165000,430100,595100
71015212089,2019,73900,271800,345700
60904113359,2019,96300,304000,400300
71001112011,2019,100,0,100
81031208194,2019,39900,142500,182400
70928104060,2019,105300,336600,441900
71006110317,2019,69200,85100,154300
70923408425,2019,86200,160400,246600
70923411692,2019,25700,149800,175500
71021113023,2019,15100,92200,107300
70813403238,2019,211200,403500,614700
70931410074,2019,100900,326800,427700
60906206235,2019,60600,187600,248200
70922326107,2019,92300,183300,275600
71004407138,2019,57900,152300,210200
70836109102,2019,72900,221600,294500
70928206072,2019,89900,362700,452600
70921111111,2019,127100,263900,391000
70919225073,2019,101300,203200,304500
70914402030,2019,112800,282200,395000
81028107127,2019,0,0,0
71005307030,2019,39800,282700,322500
81021403077,2019,48200,160000,208200
81029400968,2019,0,0,0
71004318236,2019,59300,197300,256600
70928206030,2019,97800,322200,420000
70923117026,2019,1251000,21320500,22571500
80924420758,2019,400,1600,2000
70826211793,2019,18300,66500,84800
70928118011,2019,149000,1206000,1355000
70930411198,2019,82100,223600,305700
70834413068,2019,24200,182700,206900
81030402094,2019,0,0,0
81031214026,2019,39900,155900,195800
70928207020,2019,89900,164200,254100
71012215557,2019,17700,243000,260700
71020301158,2019,0,0,0
70930406090,2019,76800,188900,265700
70927107320,2019,31100,271300,302400
70930411297,2019,76900,283100,360000
70913107326,2019,124800,0,124800
71002314286,2019,2100,0,2100
71022304118,2019,400000,0,400000
71004301190,2019,58500,128200,186700
70936304214,2019,64700,138800,203500
70836419056,2019,65600,145600,211200
70913346487,2019,102000,594800,696800
81026355413,2019,0,0,0
70923142734,2019,44900,167000,211900
70913204049,2019,71000,201100,272100
71035103276,2019,64600,246400,311000
81030204143,2019,56500,97800,154300
70920106428,2019,116900,91400,208300
70836418032,2019,65600,127700,193300
70923143732,2019,44900,180000,224900
71005231031,2019,548500,491500,1040000
71014213096,2019,55100,224200,279300
81026345018,2019,2600,0,2600
60812302060,2019,69700,210500,280200
70923160398,2019,8000,7000,15000
70814414010,2019,0,0,0
70931212280,2019,77500,220600,298100
71009412223,2019,73800,187100,260900
70823412047,2019,69200,175900,245100
80924403910,2019,400,1600,2000
70921417171,2019,151400,286600,438000
70836310957,2019,0,2000,2000
70816401289,2019,165700,422900,588600
70829411043,2019,16100,0,16100
60811116660,2019,18800,219800,238600
70923163160,2019,44900,208100,253000
80925210067,2019,51900,159600,211500
80924404059,2019,8700,134400,143100
70919304140,2019,87800,191200,279000
70826406279,2019,68300,186100,254400
71015214126,2019,23000,285000,308000
71016117113,2019,59000,163200,222200
60904103061,2019,81600,176200,257800
70929221144,2019,76500,173400,249900
71006211082,2019,69200,151400,220600
70823304179,2019,76300,161900,238200
81027208083,2019,53800,253100,306900
70834426334,2019,29000,146000,175000
80926110696,2019,33200,126800,160000
71021215142,2019,56400,146600,203000
60802305488,2019,13800,192200,206000
71014307104,2019,56400,231900,288300
70825402020,2019,160000,713000,873000
70822105338,2019,0,0,0
70828312028,2019,71000,281000,352000
71006128013,2019,68300,205800,274100
60801404231,2019,81500,217500,299000
70834427613,2019,0,5000,5000
60801208097,2019,71000,299000,370000
70834407011,2019,178000,1117000,1295000
80924423140,2019,10500,174300,184800
70919101025,2019,330000,1570000,1900000
70828124100,2019,12900,262000,274900
60802412374,2019,46700,183200,229900
70826211389,2019,13700,65500,79200
70823411023,2019,83200,213400,296600
70833111217,2019,99500,242500,342000
70836113020,2019,75300,196500,271800
60812328545,2019,0,1000,1000
81034413089,2019,66300,179000,245300
60904113028,2019,89900,281900,371800
81028119049,2019,8700,64800,73500
71009204109,2019,47900,135100,183000
71004314119,2019,54700,162400,217100
71015215116,2019,23000,0,23000
71014400974,2019,42000,0,42000
70931201142,2019,88800,171200,260000
60802111140,2019,87300,202700,290000
71004310068,2019,54100,138800,192900
70913337113,2019,48300,200700,249000
71010114181,2019,57800,195800,253600
81031409031,2019,39600,156600,196200
71007202189,2019,87900,397100,485000
80925111249,2019,54900,127100,182000
81034108408,2019,69800,154400,224200
70901109178,2019,53200,149700,202900
71016202146,2019,107700,111200,218900
81033306152,2019,47700,125400,173100
70836412042,2019,68400,185100,253500
70913321017,2019,81300,249000,330300
70835203096,2019,101500,259100,360600
70930202076,2019,0,0,0
70920105115,2019,90700,344300,435000
71002106279,2019,9500,137300,146800
70920108177,2019,129000,227100,356100
80926108120,2019,50800,131100,181900
71006414157,2019,63000,281000,344000
81030401997,2019,0,570000,570000
70918402060,2019,111500,236100,347600
60905102145,2019,55800,94400,150200
81031103146,2019,0,0,0
70822105122,2019,111200,313200,424400
71005111233,2019,65100,141500,206600
60811107081,2019,113500,229000,342500
71003320183,2019,48000,173200,221200
71002440172,2019,57700,0,57700
71021225117,2019,122900,390200,513100
60905104133,2019,50800,116800,167600
70824206077,2019,107500,293300,400800
70936101082,2019,690800,8319200,9010000
80926406152,2019,0,0,0
81030213095,2019,48200,113100,161300
81021416202,2019,80000,440000,520000
60801104261,2019,62100,128000,190100
70923124039,2019,153800,239400,393200
60802108212,2019,71100,172200,243300
70929303158,2019,97300,222700,320000
60803101041,2019,101000,171100,272100
70923165215,2019,39600,201100,240700
70916403010,2019,0,0,0
70922324094,2019,171200,177600,348800
81033205122,2019,44900,127400,172300
70923163532,2019,44900,174300,219200
60802111083,2019,86600,206600,293200
71006420170,2019,52100,154700,206800
71015105086,2019,66400,119800,186200
60812121155,2019,81800,227000,308800
70920220484,2019,0,8300,8300
70913101039,2019,0,0,0
60802418223,2019,59200,182700,241900
60811116488,2019,18800,218900,237700
71005227270,2019,38400,148400,186800
60903209092,2019,11600,106100,117700
70833303070,2019,145000,484000,629000
71010104174,2019,53500,161200,214700
70930106111,2019,1420000,4930000,6350000
70834205085,2019,88200,241800,330000
81026355562,2019,3800,0,3800
81021109104,2019,68200,295800,364000
70822205021,2019,0,0,0
71004307346,2019,58500,159500,218000
70816406031,2019,162800,413300,576100
70823112126,2019,89000,270000,359000
71035125121,2019,11800,297800,309600
70922231075,2019,182600,524900,707500
71010207217,2019,55600,183700,239300
71002306093,2019,48700,229700,278400
70922212067,2019,157900,563700,721600
81030212138,2019,45600,134400,180000
70931208411,2019,67600,156700,224300
70824304045,2019,94300,250500,344800
60802413223,2019,72600,278300,350900
60904101130,2019,87300,260300,347600
80924438834,2019,400,1600,2000
70828311187,2019,66000,243600,309600
70936305147,2019,62200,127300,189500
71011122141,2019,45900,213800,259700
70814429176,2019,42800,260400,303200
70835310031,2019,84900,227800,312700
70921107037,2019,62800,367700,430500
70930403038,2019,0,0,0
70825204236,2019,675000,360000,1035000
70913422055,2019,73800,290000,363800
70923171030,2019,1100,800,1900
70922107060,2019,66000,284000,350000
60802306056,2019,19400,170600,190000
70923317155,2019,0,0,0
70929202136,2019,100100,153200,253300
80924422853,2019,400,1600,2000
81028105379,2019,60900,157600,218500
70932106169,2019,133200,310500,443700
70922216027,2019,148300,260500,408800
81032104169,2019,33000,98900,131900
70823301042,2019,110000,171000,281000
71011212190,2019,47700,212300,260000
71006128336,2019,45000,315000,360000
70913429168,2019,15400,267100,282500
81031207071,2019,35200,134900,170100
71021217023,2019,63800,137700,201500
70836306203,2019,74700,294200,368900
70935207138,2019,66200,177800,244000
70920103284,2019,116900,220800,337700
70822103077,2019,109800,250200,360000
70836313315,2019,15700,166700,182400
70922439108,2019,173700,214100,387800
70922434215,2019,93600,364500,458100
81032302010,2019,36200,180800,217000
60811103097,2019,98100,262200,360300
60802314132,2019,96300,259400,355700
70823408252,2019,49100,207100,256200
70922213099,2019,267300,662100,929400
60801118022,2019,66700,153200,219900
80926307152,2019,67400,246600,314000
70920416207,2019,160600,39000,199600
71002302083,2019,95000,0,95000
70923316214,2019,54900,257300,312200
71021111126,2019,72300,135300,207600
81031403182,2019,35900,154900,190800
81031409106,2019,40700,94800,135500
70824214046,2019,142800,413500,556300
71010405184,2019,77400,138800,216200
70932415148,2019,53000,144500,197500
70826313292,2019,70100,265000,335100
60812102197,2019,102600,228700,331300
80936109043,2019,14900,93200,108100
71035102137,2019,72000,281000,353000
71006404273,2019,66300,343700,410000
80925218102,2019,48900,173400,222300
70919403257,2019,122200,384600,506800
70929112111,2019,104600,234300,338900
71006305398,2019,47200,187000,234200
71034104332,2019,73600,185400,259000
70928303084,2019,82400,272300,354700
70834427796,2019,0,5000,5000
70813327058,2019,77400,238800,316200
70921211119,2019,74100,300300,374400
81021302378,2019,49400,134500,183900
70918320288,2019,20500,134700,155200
70901113286,2019,23100,107700,130800
70932203296,2019,69000,207700,276700
70814312371,2019,26100,278900,305000
70913334101,2019,30600,294600,325200
60903209159,2019,11600,105900,117500
70834201025,2019,159200,459600,618800
70913210369,2019,65300,359700,425000
70826416632,2019,21500,118500,140000
70922439207,2019,76000,501000,577000
81014303531,2019,11800,186700,198500
71002317016,2019,35600,0,35600
70931305093,2019,107700,268100,375800
70913205071,2019,94000,560000,654000
70835203153,2019,130300,332200,462500
70919206130,2019,86900,145600,232500
81034308082,2019,70200,235900,306100
71005341103,2019,129600,296400,426000
71007101167,2019,120800,317400,438200
60801108031,2019,66100,195000,261100
81034403121,2019,59600,169700,229300
71014202213,2019,57500,140000,197500
60802418265,2019,63000,164100,227100
60906208231,2019,56700,148400,205100
70926108064,2019,77000,173400,250400
80924414082,2019,31800,205500,237300
70923162063,2019,8000,7000,15000
60801208021,2019,0,0,0
60811427091,2019,79200,189800,269000
80925104319,2019,56800,156500,213300
71014113014,2019,22000,143300,165300
70823121177,2019,20000,103200,123200
70913406166,2019,61000,182000,243000
71015119243,2019,49400,119900,169300
70921203158,2019,63700,251600,315300
70912407107,2019,127300,176100,303400
71006202031,2019,149500,927500,1077000
81032103020,2019,33300,133100,166400
80924101241,2019,87800,360400,448200
71001111013,2019,143800,225600,369400
70836209019,2019,0,0,0
81028403070,2019,52100,125000,177100
71016103039,2019,75800,124200,200000
70929114117,2019,89500,155300,244800
60801401211,2019,91500,170000,261500
70835323018,2019,75800,251200,327000
70912438053,2019,9000,96600,105600
71009212136,2019,65100,137000,202100
81032406036,2019,76100,96900,173000
70913340885,2019,1800,13200,15000
60802302210,2019,90000,214000,304000
70930402072,2019,73300,164600,237900
71015402169,2019,69000,0,69000
60812407117,2019,76300,212300,288600
70923150745,2019,56400,354400,410800
70901109293,2019,58300,119800,178100
70826313010,2019,70500,218600,289100
71014307112,2019,55900,190800,246700
70820115058,2019,126600,0,126600
80925120026,2019,12200,271400,283600
70923142255,2019,44900,340100,385000
70824204104,2019,107500,270600,378100
81026354077,2019,4500,0,4500
70920216178,2019,10300,287800,298100
80926112048,2019,54800,181000,235800
70835122783,2019,6500,75700,82200
70814414036,2019,85900,250100,336000
70823209262,2019,121600,262500,384100
71005409183,2019,41400,170400,211800
81031422017,2019,495000,2393000,2888000
70918213128,2019,87000,154000,241000
70929411084,2019,70700,198400,269100
70824414068,2019,13900,99100,113000
70814418054,2019,0,0,0
70823406264,2019,65500,228500,294000
70835111083,2019,110600,261700,372300
70824415032,2019,11300,81100,92400
70826211652,2019,11700,49400,61100
60801312046,2019,78900,221000,299900
70923170909,2019,2300,600,2900
71006206174,2019,52100,136300,188400
71010105114,2019,55600,203100,258700
70823413459,2019,25100,296400,321500
70836116165,2019,69300,191400,260700
71015202311,2019,47200,215900,263100
70932305117,2019,55000,135500,190500
70813301044,2019,75000,162500,237500
70901113153,2019,17800,99200,117000
71021219087,2019,59600,168800,228400
80925300991,2019,0,0,0
71012217149,2019,81500,282800,364300
80924427853,2019,400,1600,2000
70919213119,2019,89000,178900,267900
60804104151,2019,132500,0,132500
70835122543,2019,6500,76200,82700
70829107048,2019,78200,272300,350500
60802103014,2019,65300,160400,225700
60801417119,2019,16300,211700,228000
70929222225,2019,107800,257700,365500
70918415857,2019,9500,33800,43300
60801419123,2019,16600,185400,202000
81026415150,2019,100,0,100
70923122075,2019,100300,269300,369600
71006313200,2019,43000,377000,420000
71001102062,2019,68500,273100,341600
70923166049,2019,57100,268600,325700
70920306218,2019,95500,176600,272100
70814425033,2019,92900,277100,370000
71003221026,2019,24200,126000,150200
70834304027,2019,124100,360700,484800
70929123879,2019,0,1000,1000
70930407064,2019,75800,186600,262400
80925207139,2019,54300,140600,194900
71027200949,2019,50100,111400,161500
80924101407,2019,77800,266700,344500
81034411207,2019,66600,175900,242500
70923174373,2019,3300,11700,15000
60803115141,2019,100000,277400,377400
70836107081,2019,71300,164600,235900
71006117082,2019,60300,221800,282100
71010207382,2019,52900,158200,211100
60906208257,2019,56700,148800,205500
81034410150,2019,68200,215500,283700
70926414015,2019,46000,62300,108300
81034408056,2019,69700,253400,323100
70926101167,2019,80000,272800,352800
60904113276,2019,89000,278700,367700
71015118055,2019,51400,153300,204700
70829408032,2019,8800,0,8800
60801112313,2019,62600,139300,201900
70836114416,2019,79100,138500,217600
81033205099,2019,44900,118400,163300
70932406262,2019,79800,111500,191300
71027103044,2019,155800,0,155800
71015105218,2019,61100,177600,238700
60901203145,2019,56700,148700,205400
71004318129,2019,59400,157500,216900
71022203089,2019,263700,427500,691200
60802417093,2019,70300,164700,235000
71005223096,2019,62900,146800,209700
60801308053,2019,71700,163200,234900
70922303147,2019,141600,348600,490200
71019403113,2019,320700,216900,537600
70920216657,2019,11000,330400,341400
60804205058,2019,95000,289900,384900
70913429150,2019,15400,244800,260200
70921104231,2019,81900,325500,407400
70923123338,2019,185500,568500,754000
80924304209,2019,65000,0,65000
71021113057,2019,15100,93900,109000
60812109101,2019,76900,175100,252000
71006108213,2019,67300,155200,222500
70923162261,2019,8000,7000,15000
70822107144,2019,47800,170700,218500
71027200808,2019,15500,0,15500
70931402047,2019,117500,231700,349200
71015201412,2019,64300,317700,382000
80925103113,2019,58400,130500,188900
81034401068,2019,62800,152800,215600
70922231033,2019,157900,391600,549500
70835309084,2019,82600,200100,282700
70919203178,2019,84700,152500,237200
70923162279,2019,8000,7000,15000
80925115762,2019,800,1200,2000
71016116032,2019,59300,142200,201500
81033204091,2019,53900,140800,194700
71014307279,2019,55400,242100,297500
81026355067,2019,17200,0,17200
70920408387,2019,129500,177200,306700
71010104091,2019,49500,172300,221800
70923107085,2019,0,0,0
70825402046,2019,209000,471000,680000
81034319071,2019,30000,153800,183800
60802302468,2019,90000,237900,327900
70935307467,2019,4900,55100,60000
70920418138,2019,119100,156500,275600
71006424057,2019,31200,225700,256900
70919224067,2019,101300,165500,266800
71006116290,2019,0,0,0
70922211134,2019,132000,408000,540000
70920420159,2019,124100,158500,282600
70920116089,2019,119900,208900,328800
70829105159,2019,47400,294900,342300
81023309091,2019,35600,91400,127000
70835123393,2019,6500,76500,83000
71011305375,2019,66200,197400,263600
71020306132,2019,11900,120100,132000
70835208070,2019,85900,236500,322400
81026347022,2019,2900,0,2900
70821203117,2019,98000,275700,373700
71005333043,2019,101700,225100,326800
80935106230,2019,77800,211200,289000
71005227197,2019,36700,147300,184000
81031401095,2019,35900,116400,152300
81034106337,2019,57900,176900,234800
70813315011,2019,154300,232600,386900
71007226147,2019,86500,190700,277200
71002314096,2019,11000,0,11000
70918210158,2019,92400,330300,422700
70921403401,2019,142900,441100,584000
70921213074,2019,67300,233900,301200
70935105051,2019,0,0,0
70822300988,2019,0,0,0
70826305017,2019,1980000,12531000,14511000
70821111097,2019,117000,289000,406000
71022103049,2019,457500,955500,1413000
80924423158,2019,8600,166800,175400
70918402143,2019,163500,254200,417700
80925123955,2019,800,1200,2000
80925115754,2019,800,1200,2000
71011127050,2019,70000,248300,318300
70920406331,2019,137500,250500,388000
70921220110,2019,127000,346500,473500
70822203033,2019,0,0,0
70920404252,2019,139300,195600,334900
70935307144,2019,4900,55100,60000
71019411207,2019,9000,109200,118200
70814207043,2019,66800,184300,251100
70929308140,2019,90400,301500,391900
70921205138,2019,67700,215000,282700
60801410098,2019,74800,238900,313700
70829406036,2019,8500,0,8500
71004310133,2019,53100,164100,217200
70923165190,2019,72000,348400,420400
71012217181,2019,70900,193900,264800
70835310073,2019,84900,195200,280100
60904104035,2019,79700,142300,222000
81015104061,2019,56800,184300,241100
71020308021,2019,10200,127800,138000
70836406219,2019,55100,141300,196400
70931103330,2019,106800,114100,220900
70912407256,2019,105400,250700,356100
70920309262,2019,101300,374500,475800
70921313080,2019,120100,187700,307800
80924432969,2019,400,1600,2000
70926202064,2019,186100,229400,415500
70913354539,2019,0,2500,2500
71023300842,2019,0,0,0
70928317184,2019,148300,469100,617400
70926219027,2019,83500,321300,404800
70814430032,2019,19700,213400,233100
70913410034,2019,156000,1052000,1208000
81014303143,2019,32800,157900,190700
70923168699,2019,3400,13800,17200
81032418099,2019,34600,132400,167000
71011116011,2019,70400,200700,271100
70936409155,2019,61500,188400,249900
70920220129,2019,0,2200,2200
71006121132,2019,215500,832900,1048400
70836411127,2019,61100,140300,201400
71034105158,2019,80800,215300,296100
80924304027,2019,65100,214600,279700
70835209036,2019,78200,187000,265200
81031204043,2019,39900,167300,207200
70929210048,2019,81400,158700,240100
70823109082,2019,18200,124500,142700
71006421011,2019,83000,347000,430000
71009406177,2019,60200,153500,213700
70926112081,2019,80300,251400,331700
71014215513,2019,7800,124500,132300
60811423130,2019,81500,199000,280500
80925306303,2019,74500,79800,154300
71016206148,2019,66000,177000,243000
71027202010,2019,512500,1077800,1590300
70824306273,2019,77000,418000,495000
60801212056,2019,72100,163600,235700
70926409214,2019,17000,103000,120000
71030203047,2019,76000,226300,302300
70828427017,2019,0,0,0
80925213160,2019,56500,152700,209200
71004306223,2019,56900,163200,220100
70914403062,2019,264000,2481000,2745000
70921211200,2019,70600,189500,260100
60812216089,2019,37500,148600,186100
70926207048,2019,78800,241100,319900
71005410065,2019,54600,91600,146200
60811114309,2019,105600,234500,340100
70921402023,2019,84200,268700,352900
70918211156,2019,123100,178400,301500
70928309024,2019,91100,218300,309400
70913346362,2019,102000,574000,676000
60801402128,2019,74900,170400,245300
70824401057,2019,119500,467600,587100
70918319629,2019,20500,73000,93500
81032307094,2019,107000,313000,420000
70918202030,2019,684800,313100,997900
70922116011,2019,0,0,0
70922427046,2019,171200,324100,495300
70824410298,2019,108700,246900,355600
71016111165,2019,54200,122500,176700
70926104046,2019,0,0,0
71003307115,2019,54000,167200,221200
80936406085,2019,74400,278200,352600
71004404225,2019,48800,161000,209800
70920408311,2019,129500,291300,420800
81031218094,2019,46600,131200,177800
80925410021,2019,51200,155000,206200
70918206090,2019,150100,340200,490300
60812207228,2019,77200,190400,267600
70823406040,2019,60300,287900,348200
70921115072,2019,121200,265000,386200
70926409082,2019,81900,95100,177000
70813331025,2019,55500,311900,367400
70826412523,2019,10000,76700,86700
81031201106,2019,38700,249800,288500
71016209027,2019,123900,158400,282300
70833108157,2019,85500,242000,327500
70924201216,2019,1251000,0,1251000
81034301094,2019,48800,167400,216200
70923146728,2019,8000,7000,15000
70920412081,2019,143300,269700,413000
60811108170,2019,106500,259300,365800
81028118421,2019,10800,93800,104600
80924442942,2019,400,1600,2000
70824301017,2019,115900,429800,545700
80926305049,2019,69800,231400,301200
71010105015,2019,55700,165700,221400
70913321174,2019,78400,331500,409900
70912407363,2019,105400,333600,439000
80935108426,2019,622700,1312300,1935000
70914437425,2019,1100,5900,7000
70914437657,2019,1100,5900,7000
71014203394,2019,62900,187000,249900
71021221199,2019,75000,168600,243600
71008105019,2019,43200,144700,187900
70931203081,2019,64500,153600,218100
70824304029,2019,94100,211200,305300
71022201067,2019,63500,109300,172800
60802411186,2019,69100,173000,242100
70928118037,2019,66000,543000,609000
71006113303,2019,56500,207000,263500
70835307012,2019,85700,199900,285600
71021203189,2019,56400,120200,176600
70931103299,2019,135100,139900,275000
71009407125,2019,62800,139100,201900
80924428083,2019,13300,204100,217400
71006108172,2019,67300,86500,153800
71004316082,2019,60700,183700,244400
81023304033,2019,35600,136900,172500
70918319546,2019,20500,107800,128300
70914407022,2019,132400,369000,501400
70929303356,2019,74400,191400,265800
71005222139,2019,72400,187600,260000
71002306051,2019,55400,250600,306000
70929217119,2019,90100,181000,271100
81031229091,2019,38100,152400,190500
70922107169,2019,185200,211800,397000
60801305257,2019,86100,151600,237700
60812321052,2019,19600,164900,184500
81027202100,2019,59100,135400,194500
71006131157,2019,50300,151100,201400
70928320145,2019,255500,499100,754600
60801414058,2019,75200,246400,321600
80925117148,2019,12900,261300,274200
70934309117,2019,15700,103700,119400
71002105023,2019,0,0,0
80924419925,2019,400,1600,2000
71012206374,2019,61700,204200,265900
70914437201,2019,1100,5900,7000
60901203054,2019,58900,170300,229200
71004407063,2019,55400,143500,198900
70931103265,2019,99000,191600,290600
71016409015,2019,61500,144200,205700
70829106016,2019,97000,233500,330500
70824402055,2019,100800,279900,380700
81031224215,2019,47400,115900,163300
70833205713,2019,26400,288500,314900
70919215115,2019,82700,73900,156600
70829105175,2019,39000,260900,299900
71015101224,2019,88000,177400,265400
71004401180,2019,38100,154400,192500
71009106016,2019,136000,655000,791000
70814412098,2019,0,0,0
60802101018,2019,73700,142500,216200
71011114122,2019,66100,298000,364100
71011112241,2019,60500,392600,453100
70828426043,2019,0,0,0
81027206186,2019,675000,1775000,2450000
81015108261,2019,52900,227500,280400
80926303142,2019,67400,171000,238400
70921211094,2019,74000,129800,203800
70926409107,2019,80600,132600,213200
60902205140,2019,88000,533500,621500
70923127207,2019,87300,330000,417300
70918210059,2019,120200,166800,287000
71027418013,2019,77800,187900,265700
70836419155,2019,65300,148800,214100
70913422039,2019,71300,320500,391800
70919412167,2019,115500,259700,375200
70823116061,2019,0,0,0
70826408267,2019,0,0,0
60812207369,2019,79500,263800,343300
80935101074,2019,56100,206700,262800
60802102107,2019,129700,168700,298400
70922216142,2019,153400,325600,479000
71010213082,2019,58000,156800,214800
71016413016,2019,62300,137700,200000
60811116272,2019,18800,213100,231900
81028118968,2019,8700,99400,108100
70823205244,2019,18100,244600,262700
70918206131,2019,0,0,0
70913344241,2019,35100,376900,412000
70924218310,2019,43200,536800,580000
60904110090,2019,91500,359200,450700
80925401260,2019,56800,171600,228400
70835123020,2019,6500,74900,81400
70912410192,2019,624300,197400,821700
70925202263,2019,3130000,968000,4098000
70816306273,2019,209000,596000,805000
70922335265,2019,136000,361200,497200
60812103111,2019,79500,172800,252300
70836417258,2019,61200,147600,208800
60902103071,2019,20000,98200,118200
71034105132,2019,79100,217500,296600
80925104252,2019,50800,126300,177100
80924412888,2019,400,1600,2000
70923173060,2019,3300,11700,15000
81030307187,2019,61700,150400,212100
81021109039,2019,68300,234200,302500
70918223119,2019,113800,218300,332100
81031403116,2019,35900,129300,165200
81030207048,2019,64400,217600,282000
81030212047,2019,45600,113500,159100
71006404174,2019,68000,288000,356000
70922301109,2019,117600,292800,410400
81030309068,2019,59600,140100,199700
70912405086,2019,105400,284600,390000
70922222181,2019,176000,293000,469000
71001402074,2019,109800,319100,428900
70921207225,2019,0,0,0
71006408100,2019,52200,166600,218800
80925106191,2019,56500,113600,170100
70835107032,2019,112500,335500,448000
60812201105,2019,80000,153700,233700
70828311153,2019,106700,199300,306000
71011301133,2019,59700,150200,209900
70922224129,2019,135600,205000,340600
70936404080,2019,61500,118500,180000
70922216077,2019,148300,269900,418200
71012215515,2019,17700,240300,258000
71002307116,2019,9500,0,9500
71005404191,2019,81000,120100,201100
60812201220,2019,112200,265600,377800
70823204147,2019,123500,384200,507700
60812219075,2019,20000,107600,127600
71016105043,2019,60000,148300,208300
71015206165,2019,81700,300400,382100
80925309084,2019,66000,118900,184900
70919228853,2019,400,2600,3000
70824210101,2019,115900,303100,419000
70923128081,2019,0,0,0
71010209289,2019,56200,195800,252000
70825209228,2019,6000,17000,23000
70931206192,2019,69800,288200,358000
70835123301,2019,6500,71300,77800
71007313035,2019,132000,617000,749000
60902209027,2019,51000,3000,54000
80925121032,2019,12200,270200,282400
60904101099,2019,87600,382400,470000
70814207209,2019,97200,296800,394000
70936305098,2019,62300,120700,183000
71021201076,2019,60100,133700,193800
70918208012,2019,87700,333000,420700
70919306021,2019,116600,192000,308600
70920219122,2019,0,0,0
71010409136,2019,55700,186000,241700
71003103026,2019,56100,233700,289800
71010408196,2019,56400,158600,215000
70816305150,2019,136200,369000,505200
71004318088,2019,77200,176700,253900
70923405124,2019,0,0,0
70922435106,2019,210200,302800,513000
70913347302,2019,3200,19800,23000
81031208235,2019,43700,114700,158400
71034103376,2019,73700,202800,276500
70816305275,2019,127500,284300,411800
81028118108,2019,10800,97400,108200
70929417090,2019,93200,262700,355900
60903212053,2019,12200,65100,77300
60812103278,2019,87700,200200,287900
70918319017,2019,20500,102900,123400
70813112136,2019,119200,306600,425800
60812202210,2019,96100,194400,290500
70824403087,2019,99800,292800,392600
70824405025,2019,102700,213400,316100
81021302039,2019,51600,183400,235000
70922304236,2019,78400,399100,477500
70929220120,2019,87200,211100,298300
70923163459,2019,44900,171100,216000
70833401329,2019,169500,335700,505200
70923173763,2019,3300,5900,9200
70932305216,2019,110000,160000,270000
70826421558,2019,0,4000,4000
70836110159,2019,73200,155600,228800
70828443047,2019,0,0,0
70828301245,2019,20200,0,20200
70921319137,2019,73400,217100,290500
70936407084,2019,58900,142600,201500
70816414258,2019,13100,238900,252000
70919206198,2019,91500,153500,245000
70913208132,2019,74500,350500,425000
70836310147,2019,14900,108600,123500
71010304138,2019,54600,135200,189800
71005202040,2019,72000,74900,146900
70932406056,2019,77000,105600,182600
70920416083,2019,165200,83900,249100
71006307013,2019,69200,182900,252100
70919412141,2019,110900,293000,403900
70921419276,2019,101000,299000,400000
71016117080,2019,61700,169400,231100
70932106218,2019,131500,330700,462200
70932101094,2019,136600,273600,410200
60803116040,2019,138300,339100,477400
71016411143,2019,61600,131400,193000
81026356057,2019,5100,0,5100
81026423179,2019,100,0,100
71002315143,2019,2700,0,2700
71004408011,2019,42000,358000,400000
60801412177,2019,73700,222700,296400
70920305187,2019,102000,242900,344900
70836207138,2019,31000,139000,170000
70922320191,2019,121400,289400,410800
71011119320,2019,53300,251500,304800
80926104087,2019,54500,147900,202400
80936406077,2019,75700,201300,277000
70929425019,2019,90500,219700,310200
70913205138,2019,80800,419000,499800
70929219090,2019,80700,203100,283800
71010411058,2019,55700,179600,235300
70922111128,2019,95800,212200,308000
70923153096,2019,1300,23700,25000
70834428398,2019,20300,168100,188400
60801408233,2019,75100,136400,211500
71004307172,2019,58900,150500,209400
70922216100,2019,167300,279100,446400
60906202168,2019,63800,142600,206400
81031219018,2019,43400,82500,125900
81026361098,2019,100,0,100
80924102075,2019,78000,297500,375500
60811205132,2019,99200,275800,375000
70920214180,2019,15200,225000,240200
70814416082,2019,89000,216300,305300
71007224323,2019,95600,187900,283500
80926402085,2019,35600,39400,75000
70922335124,2019,153200,436400,589600
60901203294,2019,59700,174900,234600
70919109029,2019,89700,129900,219600
70913114272,2019,85100,279000,364100
70926201313,2019,39000,95000,134000
70933202122,2019,148100,401700,549800
70932115095,2019,151700,288200,439900
71006128188,2019,53700,165400,219100
71014216496,2019,7500,86400,93900
71015405163,2019,52500,215600,268100
80925206181,2019,55900,139500,195400
70823107094,2019,75500,226800,302300
70922114073,2019,0,0,0
70912442038,2019,9000,91300,100300
70918403133,2019,280100,169900,450000
70923116185,2019,190800,141700,332500
80936114050,2019,14900,97700,112600
70930102135,2019,78000,290000,368000
70823307181,2019,78100,194900,273000
70920308248,2019,94400,238900,333300
81034405036,2019,69400,192400,261800
81030317334,2019,56000,121800,177800
70935302128,2019,39000,464000,503000
70918321864,2019,0,2000,2000
70913416058,2019,477000,673000,1150000
81030102016,2019,246000,915000,1161000
80925113865,2019,800,1200,2000
71027413112,2019,70100,168000,238100
70920127028,2019,19000,248300,267300
80924416103,2019,8600,146800,155400
71027400995,2019,843500,5107600,5951100
80925212162,2019,54500,123000,177500
80924404992,2019,0,0,0
60904101065,2019,87200,362800,450000
81033103037,2019,0,0,0
71015110085,2019,49000,156000,205000
71004317072,2019,65100,155100,220200
80925215083,2019,55700,158000,213700
70918306270,2019,74800,141600,216400
80925116786,2019,800,1200,2000
71009301137,2019,34000,161000,195000
60801206108,2019,75700,173000,248700
60811417034,2019,76100,201700,277800
70913433036,2019,7200,172500,179700
71006213096,2019,67900,181500,249400
71006110151,2019,43600,145600,189200
81028108373,2019,57200,173800,231000
71010405275,2019,0,0,0
70928312192,2019,125300,380200,505500
71014106051,2019,12500,153800,166300
70823108167,2019,89400,200900,290300
71005337152,2019,51000,319000,370000
80936201013,2019,66000,214800,280800
70921127118,2019,14100,173100,187200
70922441038,2019,13200,208000,221200
70920124082,2019,15200,105800,121000
70929221178,2019,88300,202300,290600
60901203020,2019,63100,149000,212100
70833115152,2019,96400,238700,335100
70826412028,2019,10000,75300,85300
71010407213,2019,51900,142000,193900
71011404094,2019,85100,308400,393500
70919227201,2019,34700,304900,339600
80936411183,2019,50200,92800,143000
70922441153,2019,13200,223700,236900
71021111233,2019,61600,140300,201900
71010310185,2019,56400,185700,242100
70931414141,2019,126100,250300,376400
81034108086,2019,95000,590000,685000
60811402209,2019,75400,196200,271600
71027403048,2019,92000,633000,725000
71035114140,2019,66900,213900,280800
71003213023,2019,56100,200200,256300
71005314241,2019,70300,226400,296700
70835102032,2019,1085000,7845000,8930000
71035205022,2019,66900,164600,231500
70826412284,2019,8200,64000,72200
71010306366,2019,52100,122300,174400
70826421194,2019,0,4000,4000
71034112046,2019,160500,939500,1100000
71015215059,2019,23000,286000,309000
70913330092,2019,480000,23800,503800
71004302304,2019,73600,159800,233400
71007216180,2019,79200,155800,235000
81033401043,2019,59000,511000,570000
70928310013,2019,136400,180000,316400
81031217062,2019,35000,73500,108500
71004408350,2019,0,0,0
70901118020,2019,28100,145500,173600
71010313329,2019,63500,192800,256300
70918401103,2019,300600,374600,675200
70923156347,2019,5000,10000,15000
71010202035,2019,54900,227200,282100
71011118075,2019,30500,225700,256200
81031212070,2019,36900,76800,113700
71004401221,2019,49900,179000,228900
71011120153,2019,42400,222600,265000
70824309219,2019,14100,136200,150300
71019404020,2019,115000,129900,244900
70913340869,2019,1800,13200,15000
60811421134,2019,16000,179000,195000
71011106012,2019,0,0,0
81032103054,2019,26200,135800,162000
70930405092,2019,110300,129800,240100
70814426172,2019,87700,257900,345600
70920117110,2019,160200,305300,465500
60801119012,2019,66100,152600,218700
70833207032,2019,100900,263100,364000
80936414111,2019,72400,147500,219900
70823304236,2019,85000,170100,255100
71012208148,2019,62500,246600,309100
70928205181,2019,97800,249700,347500
70815301042,2019,0,0,0
60803102099,2019,120000,274000,394000
70923150117,2019,66100,412300,478400
60801110078,2019,59000,136500,195500
81028103068,2019,59300,160200,219500
70912443028,2019,9000,91300,100300
71035203050,2019,0,0,0
71016201338,2019,61000,170400,231400
80925120860,2019,800,1200,2000
71009221103,2019,46100,123400,169500
71003317114,2019,54000,152200,206200
70836417018,2019,71300,152500,223800
70923412187,2019,1700,16300,18000
71010405019,2019,63400,150500,213900
70930409086,2019,75300,177000,252300
60803103253,2019,103200,181500,284700
81021404166,2019,55400,127400,182800
71009308050,2019,68800,155500,224300
70931310323,2019,94000,196000,290000
80936106023,2019,13800,93100,106900
60801314117,2019,81200,280800,362000
80924434973,2019,400,1600,2000
70921105073,2019,106300,272000,378300
70817402129,2019,0,0,0
71006426087,2019,100700,290700,391400
70821108200,2019,107000,261600,368600
81035107087,2019,76800,0,76800
60811419064,2019,75400,210500,285900
81026354043,2019,61400,253300,314700
81014303599,2019,32800,173700,206500
70918306048,2019,74800,152700,227500
71015116322,2019,47700,192200,239900
80926106067,2019,61600,137900,199500
70918220074,2019,85100,244100,329200
71004307263,2019,57900,160900,218800
70920219776,2019,0,0,0
70913347542,2019,2500,12500,15000
70828309091,2019,64900,287100,352000
70826417606,2019,21500,113800,135300
71001416116,2019,63200,248300,311500
71010214014,2019,57400,205600,263000
71006310181,2019,71100,121400,192500
71007226428,2019,86500,178900,265400
70834308540,2019,28900,331100,360000
60906104025,2019,64700,149300,214000
80924442968,2019,400,1600,2000
80926406194,2019,42600,84700,127300
71008108807,2019,1100,8900,10000
71007223177,2019,83500,312300,395800
70834308061,2019,43600,380600,424200
70833105046,2019,141200,330400,471600
70930413285,2019,0,0,0
70824415339,2019,11300,70300,81600
70929414070,2019,109200,221600,330800
81031413074,2019,40400,135300,175700
70923303039,2019,395000,1563000,1958000
80936211020,2019,55600,196300,251900
71003301026,2019,45900,144500,190400
70929304031,2019,88600,274500,363100
71005315249,2019,68000,103800,171800
71006439105,2019,12600,289300,301900
71015116174,2019,51400,164400,215800
70914408062,2019,0,0,0
70922346543,2019,0,15000,15000
70922311075,2019,117600,268900,386500
70922312057,2019,63800,268400,332200
70931407170,2019,66600,142400,209000
70928103062,2019,106000,337100,443100
70923413466,2019,900,6600,7500
70929123043,2019,15000,226500,241500
70814414127,2019,94400,295900,390300
60811104045,2019,98800,287400,386200
60811114036,2019,108700,266300,375000
70923156561,2019,5000,10000,15000
71016401201,2019,0,0,0
70835205068,2019,87800,213800,301600
81028105048,2019,58600,170200,228800
70928214132,2019,99400,218100,317500
71030208112,2019,81700,174000,255700
80925212071,2019,57100,150900,208000
70919227219,2019,34400,256200,290600
70913310250,2019,0,0,0
81030209193,2019,53800,131900,185700
60812315013,2019,38000,153300,191300
70824408128,2019,100800,238400,339200
70936305220,2019,69900,230100,300000
80926306097,2019,66600,222700,289300
71006129136,2019,47500,106000,153500
70923313012,2019,15000,6500,21500
60905107054,2019,50600,158700,209300
70935302194,2019,918400,993000,1911400
70923113298,2019,581000,3600000,4181000
70931206184,2019,71300,302000,373300
70920414300,2019,133100,199800,332900
70913350404,2019,0,15000,15000
70823207084,2019,18100,243500,261600
70823313047,2019,16300,125400,141700
71005225208,2019,42600,192300,234900
81021107116,2019,60300,173700,234000
71005308111,2019,49400,137100,186500
60802115374,2019,14100,108200,122300
70829102246,2019,104100,322900,427000
81019304112,2019,58700,161300,220000
70835307046,2019,78600,205900,284500
71014209061,2019,64500,150200,214700
70824303112,2019,103100,194200,297300
70921318155,2019,187000,18000,205000
70921105081,2019,303000,2018000,2321000
70912409195,2019,108100,197100,305200
71006133054,2019,0,0,0
70924220464,2019,0,10000,10000
70836310139,2019,14900,112500,127400
70816323029,2019,169000,0,169000
80924436713,2019,400,1600,2000
70920216417,2019,14500,478800,493300
81021409108,2019,57100,185000,242100
70823310093,2019,13100,151400,164500
70901105192,2019,54500,146900,201400
70935104045,2019,45100,123400,168500
70824105021,2019,149700,287500,437200
70936400955,2019,0,0,0
71004405257,2019,47700,142800,190500
70923142479,2019,44900,567100,612000
70835124200,2019,500,1500,2000
71001335069,2019,35500,194500,230000
70834102025,2019,59600,0,59600
70914437384,2019,0,0,0
60906110098,2019,62100,173700,235800
70826410098,2019,0,0,0
70936304024,2019,62300,125700,188000
60803106025,2019,103200,196800,300000
70932411104,2019,79800,115700,195500
80924438082,2019,11700,197000,208700
71007317045,2019,53900,236600,290500
71005229127,2019,47100,125400,172500
70921219163,2019,149900,372700,522600
70923313046,2019,149000,493800,642800
81022304141,2019,1352000,10648000,12000000
70923173557,2019,3300,5900,9200
71030213046,2019,81400,294700,376100
70923224079,2019,87300,334600,421900
71005107092,2019,47400,265300,312700
81027206011,2019,1880000,5278000,7158000
70929104308,2019,76300,201300,277600
71009316061,2019,68800,156200,225000
70919202097,2019,95500,187600,283100
70828118070,2019,51800,197700,249500
70931303039,2019,110700,178900,289600
60812405442,2019,78000,193500,271500
81031225023,2019,52400,140100,192500
70920219023,2019,400,14600,15000
70920410473,2019,154400,276200,430600
71002415159,2019,81600,304900,386500
71006423033,2019,59900,300600,360500
71006120085,2019,58700,167900,226600
70926406070,2019,80600,184500,265100
71006132030,2019,65100,232700,297800
81032311061,2019,64000,361000,425000
70823404408,2019,35400,179500,214900
81032314106,2019,12000,133000,145000
71016203061,2019,106800,188300,295100
80936406027,2019,75400,252900,328300
80926110357,2019,53600,150200,203800
70826308988,2019,0,0,0
70921107087,2019,78400,340600,419000
70928105076,2019,109100,293500,402600
70918321393,2019,0,2000,2000
70823118405,2019,12800,92700,105500
70820114034,2019,123300,0,123300
71011108224,2019,30000,225600,255600
71019406109,2019,81500,178500,260000
70922315069,2019,130200,305900,436100
70913346370,2019,88400,488800,577200
70928221111,2019,107000,145500,252500
70901104053,2019,47900,117000,164900
80924302021,2019,81500,207100,288600
80925413091,2019,56200,171700,227900
70920203084,2019,0,0,0
60801215224,2019,0,0,0
60812214207,2019,19100,204800,223900
70935101091,2019,46800,85900,132700
60812207145,2019,76300,229700,306000
71004407310,2019,45300,164500,209800
71001303016,2019,880000,0,880000
70816322295,2019,17300,230200,247500
60902103039,2019,20000,96100,116100
80925202064,2019,58400,130300,188700
71035115106,2019,64400,222500,286900
71009305139,2019,68800,103700,172500
71012208031,2019,58500,191300,249800
70928204224,2019,97800,285200,383000
71001406034,2019,52700,211900,264600
70923167360,2019,6500,18500,25000
70913318270,2019,293000,1435000,1728000
71035120064,2019,64900,266900,331800
71005309010,2019,60600,147700,208300
60812222036,2019,26200,175900,202100
70919102049,2019,125000,155400,280400
71015407060,2019,52500,226700,279200
70835307335,2019,78200,188900,267100
71016209077,2019,67200,148200,215400
70931309102,2019,99000,131000,230000
81022103072,2019,483000,710000,1193000
70923141504,2019,200,4300,4500
70834428182,2019,20300,167200,187500
70823110336,2019,89900,259300,349200
81026355447,2019,3800,0,3800
70922212025,2019,167300,584100,751400
70919410260,2019,100900,372400,473300
70823204139,2019,123500,289700,413200
81032304016,2019,582500,486200,1068700
70828406053,2019,0,0,0
70931212230,2019,82000,244700,326700
70920402165,2019,127300,192600,319900
71015402101,2019,83000,437000,520000
71035113085,2019,0,0,0
70921412080,2019,106800,303100,409900
70928212061,2019,97800,302800,400600
60812318041,2019,86000,187000,273000
70813310300,2019,11400,140300,151700
71011423028,2019,49300,151700,201000
71035116104,2019,65100,235900,301000
81032433013,2019,17300,99700,117000
70836201172,2019,87900,186000,273900
60812206022,2019,120000,525000,645000
60811437032,2019,93100,169100,262200
70921403063,2019,142900,468900,611800
60901103064,2019,59500,167400,226900
70932101052,2019,158800,331100,489900
70929104184,2019,123900,323900,447800
71009312035,2019,68800,115400,184200
81021403374,2019,51000,169600,220600
80925108163,2019,56900,155200,212100
71015205092,2019,69800,222500,292300
70823208157,2019,109700,303100,412800
70923179258,2019,65500,0,65500
70920306367,2019,126200,245000,371200
71034109043,2019,56400,144100,200500
71016207112,2019,61800,100900,162700
70920419053,2019,102500,176400,278900
71009411118,2019,64900,146700,211600
81028119445,2019,8700,66000,74700
70913103267,2019,109500,236900,346400
81014303060,2019,32800,144200,177000
70935113129,2019,48500,105600,154100
70814422013,2019,85600,224900,310500
70823303022,2019,80800,184600,265400
70936409113,2019,61500,199100,260600
71007112065,2019,84100,285900,370000
71011208082,2019,22800,165100,187900
80924410907,2019,400,1600,2000
70920403014,2019,135400,103300,238700
70914429018,2019,39000,212000,251000
70919410103,2019,106700,198100,304800
70926202262,2019,80000,217600,297600
70829410029,2019,13500,0,13500
60812212045,2019,22400,176000,198400
80925207098,2019,54500,171100,225600
70923140176,2019,1500,21500,23000
81023306063,2019,35600,127500,163100
70920303157,2019,122700,463400,586100
70914407030,2019,121000,575000,696000
60804103046,2019,88600,258600,347200
70823315043,2019,177600,0,177600
71035102020,2019,72000,316800,388800
80924408861,2019,400,1600,2000
60803119268,2019,66600,423400,490000
70923304102,2019,0,0,0
70931212313,2019,75300,165800,241100
70924219863,2019,0,25000,25000
70823211118,2019,76800,203700,280500
80924436755,2019,400,1600,2000
70836106182,2019,75900,178000,253900
70833101101,2019,159200,490800,650000
71008108790,2019,1100,8900,10000
70814410076,2019,0,0,0
60801113072,2019,68700,126600,195300
70829401143,2019,12800,0,12800
80926302087,2019,61100,224300,285400
70917101209,2019,51500,234800,286300
60802112213,2019,83700,150300,234000
80925220165,2019,54500,138200,192700
70936406119,2019,56300,175200,231500
71005414273,2019,0,0,0
70932309028,2019,0,0,0
70935207039,2019,78900,152100,231000
70833410099,2019,44700,390200,434900
71002441039,2019,100,0,100
70836404180,2019,62100,155900,218000
81019304097,2019,59200,174100,233300
60801305132,2019,74000,146600,220600
80926108188,2019,53400,132200,185600
70814304039,2019,93500,222100,315600
70913412030,2019,0,0,0
80925214043,2019,56100,161600,217700
70926304092,2019,111900,155400,267300
60904113317,2019,91300,272500,363800
71001405036,2019,59300,211200,270500
71007226486,2019,50000,0,50000
80924436664,2019,400,1600,2000
80925410295,2019,48000,167100,215100
70834424015,2019,0,0,0
81027202019,2019,66600,191100,257700
60804104086,2019,100200,261400,361600
71009213085,2019,51900,162000,213900
71004311107,2019,54100,158800,212900
70930408070,2019,79700,219800,299500
71002401083,2019,72300,222600,294900
70930408153,2019,92300,230800,323100
70932109262,2019,145100,196900,342000
80936414088,2019,79000,168800,247800
70822106229,2019,52100,157800,209900
80925125969,2019,800,1200,2000
71005401197,2019,55100,114300,169400
71034105439,2019,50900,216600,267500
70923162443,2019,8000,7000,15000
60801313143,2019,80600,247800,328400
71007224092,2019,119500,295100,414600
60812302383,2019,73200,198800,272000
60811103295,2019,112300,228000,340300
71007306030,2019,373700,251900,625600
60811103203,2019,97600,267400,365000
70813402131,2019,692100,358800,1050900
60812121395,2019,78400,213600,292000
70923162485,2019,8000,7000,15000
80924434981,2019,400,1600,2000
80924406047,2019,7600,136100,143700
70923161429,2019,8000,7000,15000
70929403099,2019,81900,214500,296400
71006116050,2019,69200,176900,246100
70919311020,2019,97400,215900,313300
60811304322,2019,83300,270200,353500
60802405220,2019,0,0,0
71005318110,2019,90400,247300,337700
70920405028,2019,114400,135600,250000
71021214061,2019,59400,137800,197200
71006310222,2019,69200,128500,197700
70932406139,2019,84900,146100,231000
80936209083,2019,59400,199600,259000
70826308996,2019,0,0,0
70913207134,2019,84800,244200,329000
71005309119,2019,62900,208800,271700
70920413021,2019,123200,193300,316500
71007118097,2019,0,0,0
70921112044,2019,124400,230600,355000
70835318100,2019,97100,287400,384500
71002107425,2019,9500,155300,164800
71007302103,2019,112900,302700,415600
70922115013,2019,0,0,0
60802309208,2019,108900,249900,358800
70927102023,2019,79400,313500,392900
80925116108,2019,13500,259700,273200
71006128435,2019,46400,201000,247400
71019405127,2019,73400,121600,195000
70836408166,2019,62300,200300,262600
70829108252,2019,71900,313300,385200
71016111214,2019,0,0,0
71005327062,2019,90400,279500,369900
70933203146,2019,145900,400900,546800
70932202256,2019,0,0,0
71006129285,2019,44400,177700,222100
80924438727,2019,400,1600,2000
70923165372,2019,41400,193800,235200
71030213012,2019,81100,255300,336400
71009106090,2019,494000,1287500,1781500
70815310043,2019,18900,207400,226300
70824105047,2019,149700,242100,391800
71005413051,2019,47600,128800,176400
60801213236,2019,76400,152900,229300
70822113125,2019,29600,329400,359000
71009101040,2019,129000,652100,781100
60905203034,2019,0,0,0
70920222240,2019,16400,148200,164600
71035117136,2019,64600,232500,297100
71003407238,2019,53400,189300,242700
71001323121,2019,65300,185200,250500
80924105087,2019,81700,329900,411600
70835208096,2019,85900,228200,314100
81023207394,2019,33600,141800,175400
60905101080,2019,53200,146200,199400
71012220126,2019,19300,158700,178000
60905213116,2019,4200,45600,49800
71009210049,2019,65100,151200,216300
70824104049,2019,253200,540800,794000
81030315073,2019,61300,148900,210200
80925212279,2019,54300,155200,209500
60801411400,2019,84800,264600,349400
70920305393,2019,95900,160200,256100
71019407181,2019,79400,110700,190100
70823406181,2019,62900,239700,302600
70833118122,2019,86700,235700,322400
81028121416,2019,10100,86800,96900
70932411071,2019,74000,186100,260100
70824311123,2019,14100,131400,145500
81032429062,2019,31400,95500,126900
70929120057,2019,116800,336000,452800
71009214322,2019,51500,138100,189600
70923158012,2019,45200,193800,239000
70920402181,2019,130400,270200,400600
80926304083,2019,71100,215200,286300
70932306066,2019,73900,147900,221800
71022302831,2019,0,0,0
80925408092,2019,52900,147300,200200
71006308277,2019,69200,247700,316900
71019409244,2019,0,0,0
70922336304,2019,131100,277800,408900
70920420133,2019,124100,141000,265100
70932109072,2019,206300,387600,593900
71026403114,2019,71400,323600,395000
80924446077,2019,143900,0,143900
71022303136,2019,184500,226000,410500
70834210068,2019,65500,210200,275700
80924418761,2019,400,1600,2000
60906208041,2019,58200,144800,203000
70815106012,2019,372000,13474000,13846000
70901118129,2019,18600,125900,144500
71001308173,2019,59100,199700,258800
71007225090,2019,99200,151400,250600
81033207293,2019,46700,109000,155700
70930416106,2019,85800,211400,297200
70923162493,2019,8000,7000,15000
71006423017,2019,58400,204800,263200
71016118096,2019,60500,129000,189500
71005407012,2019,51400,87900,139300
80925416011,2019,59600,156300,215900
60811114010,2019,105100,208700,313800
71005317120,2019,0,0,0
71007303036,2019,108700,314500,423200
60812329246,2019,13500,164100,177600
81023307152,2019,35600,91400,127000
70814402099,2019,82700,228300,311000
70918319182,2019,20500,112900,133400
60904105116,2019,78700,145300,224000
70921408237,2019,122800,286200,409000
70913326223,2019,212000,607000,819000
71010120021,2019,74600,164800,239400
71005213071,2019,73900,127700,201600
70823209197,2019,137300,330600,467900
70824311199,2019,14100,131000,145100
71010403146,2019,57000,146300,203300
70826419826,2019,0,4000,4000
70929427198,2019,140500,233500,374000
70922333087,2019,111600,431000,542600
70836118046,2019,73200,164600,237800
81023304215,2019,35600,152700,188300
70913415167,2019,83600,236200,319800
70836408231,2019,61200,143300,204500
60803113997,2019,0,0,0
81035106047,2019,66000,0,66000
70913324144,2019,383000,1303000,1686000
70922319136,2019,145400,442200,587600
70835305066,2019,78200,170700,248900
70829420010,2019,15500,0,15500
60801302021,2019,72100,140600,212700
70920219411,2019,0,0,0
60801414222,2019,98200,260300,358500
70823111136,2019,133800,277000,410800
70835124242,2019,500,1500,2000
70836205116,2019,71700,211400,283100
60812113110,2019,74600,183300,257900
60812317126,2019,90300,247300,337600
70823110237,2019,89400,246500,335900
70926117164,2019,80000,173000,253000
81031406045,2019,36700,165400,202100
60802302327,2019,92700,215600,308300
71007115085,2019,84100,263600,347700
71010401091,2019,59700,167100,226800
70933302047,2019,81000,99000,180000
81030315081,2019,61300,139500,200800
80924422861,2019,400,1600,2000
70814206061,2019,105000,321000,426000
70914306026,2019,95800,2057200,2153000
81031210264,2019,42400,107300,149700
70926401046,2019,81500,226200,307700
81021305075,2019,53500,172500,226000
70929123639,2019,0,1000,1000
81030312128,2019,58000,125500,183500
70922313021,2019,101800,370000,471800
70923402104,2019,276000,1185000,1461000
70828116082,2019,81100,202900,284000
70926107024,2019,81500,161800,243300
60801206174,2019,0,0,0
70828201031,2019,0,0,0
71003216093,2019,89000,356000,445000
70918319702,2019,20500,110000,130500
70922339051,2019,136900,425100,562000
60801226320,2019,16200,154800,171000
71016109087,2019,63300,125900,189200
71012102069,2019,0,0,0
81030311154,2019,63100,164100,227200
70926411045,2019,121000,214000,335000
70823101038,2019,81300,155800,237100
60811423164,2019,66600,234300,300900
70931211076,2019,79900,317700,397600
70835125216,2019,500,1500,2000
70932406238,2019,78000,106400,184400
70923167740,2019,3400,13800,17200
70928109143,2019,108400,390500,498900
71014215125,2019,7800,127500,135300
70929308025,2019,183500,330400,513900
70928107048,2019,111500,288500,400000
71011120202,2019,42500,235600,278100
70928206139,2019,89900,261000,350900
70914419184,2019,74900,349200,424100
70826421524,2019,0,4000,4000
71006446168,2019,3000,35000,38000
81034409252,2019,67300,167200,234500
71014115060,2019,24000,113400,137400
70913101071,2019,923000,1623600,2546600
60812404212,2019,92200,227700,319900
60803107205,2019,125200,194600,319800
71012221140,2019,12100,125700,137800
71009315138,2019,68800,132900,201700
60801316238,2019,24000,143700,167700
70929206146,2019,78300,165000,243300
80925207048,2019,54000,125900,179900
71012215101,2019,17700,238800,256500
71002441104,2019,100,0,100
80925123898,2019,800,1200,2000
80924412739,2019,400,1600,2000
70834408093,2019,380200,0,380200
70920218348,2019,300,14700,15000
70922202084,2019,0,0,0
70912405242,2019,98400,71600,170000
70824306017,2019,484000,3017000,3501000
70922206052,2019,154000,311000,465000
60901200951,2019,0,0,0
60802415055,2019,105000,475000,580000
60801305273,2019,73200,157800,231000
71002418476,2019,100,0,100
70918320337,2019,20500,142500,163000
71034105455,2019,55400,200400,255800
70813331091,2019,55500,269500,325000
60812117344,2019,79900,180000,259900
81032409080,2019,35800,194200,230000
70920110180,2019,131000,301800,432800
71007203088,2019,66700,215000,281700
70932202090,2019,72200,179000,251200
70824203031,2019,110900,167700,278600
60812110231,2019,78500,193300,271800
70920220765,2019,0,8300,8300
70828302152,2019,86900,0,86900
70920402248,2019,177000,323600,500600
60801409249,2019,73300,199000,272300
71003412104,2019,51000,157700,208700
70829413081,2019,13900,0,13900
81034306078,2019,49400,138500,187900
70834415098,2019,24000,184500,208500
81021310040,2019,20500,91800,112300
70822102029,2019,0,0,0
80926204085,2019,73400,195700,269100
71005231130,2019,47500,103000,150500
70922333011,2019,114100,313400,427500
71021106036,2019,60100,131300,191400
70913344077,2019,23800,263700,287500
60811102023,2019,107500,213200,320700
70929120065,2019,111500,207300,318800
70826307089,2019,97600,258600,356200
70929217234,2019,96000,195500,291500
70823404143,2019,34400,172200,206600
71006110341,2019,103900,146100,250000
70926407094,2019,85100,196700,281800
71003212182,2019,0,0,0
71021222189,2019,68800,220200,289000
71003108068,2019,53100,173700,226800
70834205126,2019,81600,244000,325600
71009316095,2019,68700,96900,165600
70921403253,2019,142900,359300,502200
80925406062,2019,62400,197400,259800
70921128132,2019,31600,282400,314000
71035206096,2019,67200,227800,295000
71014202099,2019,63100,147600,210700
60812202103,2019,83300,173100,256400
70919301055,2019,91900,253500,345400
71006432034,2019,106500,297900,404400
81032308175,2019,44900,215000,259900
70929223190,2019,107000,260000,367000
80924423661,2019,0,0,0
70926409131,2019,81900,187100,269000
70835122824,2019,6500,69900,76400
71026302051,2019,313100,0,313100
70920217415,2019,400,14600,15000
71009221088,2019,57100,65100,122200
71005410213,2019,54300,93800,148100
70921210161,2019,71900,141200,213100
70920123993,2019,500,2500,3000
81021107059,2019,60300,159200,219500
81015104152,2019,63600,181000,244600
70834206116,2019,81400,248600,330000
70823106997,2019,0,0,0
70919206156,2019,89000,97300,186300
70912404541,2019,134900,301700,436600
81034303058,2019,44200,107300,151500
70926207056,2019,78800,212700,291500
60906107201,2019,71700,184000,255700
71006413034,2019,50200,150900,201100
70929403114,2019,87000,206200,293200
60802310130,2019,104300,244800,349100
70919411169,2019,105600,237800,343400
71007307103,2019,682300,281900,964200
70926112057,2019,80300,208000,288300
70835202254,2019,97600,253400,351000
70913209312,2019,63000,155400,218400
70913315193,2019,179000,771200,950200
70923165299,2019,39600,193000,232600
70920305038,2019,109300,217800,327100
70824401099,2019,119500,202700,322200
70823110039,2019,89000,300000,389000
60812321044,2019,19600,169300,188900
70923113165,2019,153800,251200,405000
70814419052,2019,15200,158300,173500
71006423223,2019,79300,212400,291700
70918323026,2019,26400,108300,134700
70913414284,2019,98600,512600,611200
70913343045,2019,11400,134800,146200
80925125076,2019,12900,275000,287900
81034404012,2019,60600,194800,255400
70931104255,2019,149500,218800,368300
70918403109,2019,373800,151000,524800
70918102082,2019,555300,678900,1234200
81031409164,2019,40400,114700,155100
70928209232,2019,97800,172200,270000
70826315446,2019,46800,284200,331000
71009406242,2019,66200,113900,180100
70931402146,2019,106900,182200,289100
81028120020,2019,0,4000,4000
71004314193,2019,58500,156500,215000
80926400914,2019,0,0,0
70816410040,2019,181200,423000,604200
80936412123,2019,79200,123800,203000
70919407192,2019,77800,301800,379600
71035112087,2019,70500,281100,351600
71005417029,2019,0,0,0
71005316148,2019,67400,266500,333900
71004315208,2019,54700,191400,246100
80925409222,2019,59100,136600,195700
71003103092,2019,0,0,0
70824410264,2019,108900,233100,342000
70823102169,2019,80200,362000,442200
70929205065,2019,78300,193200,271500
70913347534,2019,2500,12500,15000
70826416616,2019,18400,84200,102600
70930302157,2019,286000,199000,485000
70936100935,2019,0,0,0
70914438663,2019,2200,22800,25000
80925216057,2019,57600,133000,190600
71006410197,2019,68000,297900,365900
70821206062,2019,110000,430000,540000
70813329236,2019,18500,170700,189200
70826407269,2019,69800,131100,200900
70815306224,2019,247400,588600,836000
70913209057,2019,104300,57400,161700
70920106238,2019,124100,128100,252200
70923409308,2019,58200,180100,238300
70922223171,2019,199000,543000,742000
70930104222,2019,80900,193000,273900
70821209040,2019,142000,470000,612000
70921207134,2019,75000,400000,475000
70918408076,2019,218500,371800,590300
60904102063,2019,84500,250300,334800
71007226436,2019,85600,90400,176000
80925103014,2019,51300,163400,214700
70836213185,2019,11600,124300,135900
71027402058,2019,0,0,0
71004317155,2019,58900,135000,193900
71009204125,2019,50500,129000,179500
60811117030,2019,19100,174300,193400
81031402176,2019,35900,153800,189700
60811426051,2019,92900,160800,253700
71003208115,2019,53100,172200,225300
70932416063,2019,53600,224400,278000
70901108138,2019,51000,156600,207600
70932415312,2019,93000,207000,300000
81034309030,2019,70600,244800,315400
71006311262,2019,0,0,0
70916200953,2019,0,0,0
70922218073,2019,193700,386500,580200
81023304067,2019,35600,152800,188400
71005407278,2019,39100,157300,196400
71005317112,2019,66300,209800,276100
70836113111,2019,71700,144900,216600
71007208137,2019,50000,172800,222800
71010311191,2019,62700,120300,183000
81028402098,2019,57100,113000,170100
71007305313,2019,128100,398900,527000
81019306134,2019,58600,151000,209600
71001315011,2019,0,0,0
70931303047,2019,110700,117100,227800
70823105080,2019,89400,252600,342000
70813334029,2019,26800,162200,189000
71006207081,2019,57400,118900,176300
70920112110,2019,119100,215100,334200
70826420138,2019,0,4000,4000
70914438340,2019,2200,22800,25000
70828316096,2019,100,0,100
80924102174,2019,82200,319700,401900
70825300927,2019,913000,3796000,4709000
70932201092,2019,62200,164900,227100
71009315063,2019,68800,151200,220000
70936305246,2019,64700,171700,236400
60802409024,2019,67000,150200,217200
70923219070,2019,49100,900900,950000
81030313077,2019,56000,131100,187100
71010203083,2019,51200,166100,217300
71005226016,2019,54600,118700,173300
70833302155,2019,216500,677900,894400
71005406197,2019,68600,162700,231300
70923408029,2019,141000,287900,428900
70834401013,2019,0,0,0
70913347336,2019,2500,12500,15000
70828203037,2019,1683000,6017000,7700000
71004314052,2019,54100,160200,214300
70920113085,2019,119100,194400,313500
80924416898,2019,400,1600,2000
81032303026,2019,22000,0,22000
71010218131,2019,10900,112700,123600
71009309058,2019,68400,144100,212500
80925303060,2019,67600,159800,227400
70923166239,2019,80300,435600,515900
70932102159,2019,147800,170300,318100
71003401214,2019,60200,225600,285800
70825104064,2019,0,0,0
71004407112,2019,57900,167900,225800
60801102067,2019,62300,149300,211600
70834306081,2019,141800,331200,473000
80924409752,2019,400,1600,2000
70919312036,2019,135000,685000,820000
60905104159,2019,57600,151500,209100
71003205137,2019,59800,151700,211500
70835308086,2019,80300,202200,282500
81029401015,2019,3082500,71796500,74879000
70836419113,2019,65600,139500,205100
81031417117,2019,18900,95200,114100
60802202098,2019,84200,224300,308500
70923170991,2019,2500,700,3200
71004201085,2019,2500,34500,37000
70919213036,2019,100500,157600,258100
60905214205,2019,3600,42800,46400
70922206185,2019,108700,149300,258000
70834427598,2019,0,5000,5000
80936119018,2019,14900,103700,118600
70923142651,2019,44900,291700,336600
60811116298,2019,18800,206300,225100
80925208012,2019,53000,153200,206200
70921418062,2019,83300,340000,423300
70824404366,2019,117800,251700,369500
70929401192,2019,85000,174500,259500
70921104223,2019,81900,112200,194100
70923162154,2019,8000,7000,15000
70923140902,2019,1500,13500,15000
60812329072,2019,13400,154700,168100
71019401084,2019,311200,142600,453800
81027106104,2019,36700,113400,150100
60811205083,2019,100800,223700,324500
70932210902,2019,0,5000,5000
80935104234,2019,63400,201600,265000
70823211134,2019,76800,172100,248900
80925215174,2019,55700,149400,205100
70814205104,2019,106300,244700,351000
60811108089,2019,104800,214700,319500
70923315208,2019,118000,462000,580000
70836215016,2019,0,0,0
71009214439,2019,58500,144200,202700
80924426839,2019,400,1600,2000
70928111023,2019,122500,237300,359800
60801302146,2019,77700,187300,265000
71021214186,2019,57800,141600,199400
70826207015,2019,869000,5699000,6568000
71035208018,2019,73800,210900,284700
80924430046,2019,13300,203000,216300
70823102101,2019,76700,326400,403100
81031417076,2019,39600,138700,178300
60902203152,2019,176000,490500,666500
71016404065,2019,62400,158300,220700
70822110056,2019,48700,161200,209900
80924425013,2019,8600,166800,175400
70824415082,2019,11300,71900,83200
81032100977,2019,0,0,0
71010201277,2019,52700,180300,233000
70932300894,2019,525000,1275000,1800000
71006311238,2019,83100,123800,206900
71014107322,2019,9600,182500,192100
70918214035,2019,78700,211900,290600
70914437467,2019,1100,5900,7000
60803105332,2019,101400,172400,273800
70822201061,2019,705000,11790000,12495000
71003419126,2019,45000,172700,217700
81027206201,2019,281500,0,281500
81019309154,2019,59000,174500,233500
81031418107,2019,37900,133300,171200
70836213276,2019,11600,117100,128700
70924201240,2019,1297000,1864000,3161000
80924305140,2019,72700,223500,296200
70913433333,2019,7400,178800,186200
71010120104,2019,76400,143100,219500
60802409280,2019,64000,179100,243100
70834427291,2019,25600,174400,200000
70929116105,2019,122900,190500,313400
71019411265,2019,9000,111000,120000
70834427647,2019,0,5000,5000
71006128138,2019,51400,149300,200700
71005203105,2019,44000,381000,425000
70922330025,2019,178100,535300,713400
70932105129,2019,81400,171100,252500
71005335130,2019,87500,337100,424600
70926108171,2019,77000,253000,330000
70901102114,2019,51000,151300,202300
71015119392,2019,50700,179300,230000
80925412134,2019,62100,118400,180500
70926404016,2019,0,0,0
70913321322,2019,116000,196000,312000
71011307074,2019,64800,189800,254600
71007112289,2019,90400,361600,452000
70823311249,2019,11700,147300,159000
70921106013,2019,110000,166000,276000
71015204325,2019,75100,266700,341800
70931209089,2019,73000,224800,297800
71005319126,2019,109100,209100,318200
70923143386,2019,44900,280000,324900
70920212209,2019,129600,177200,306800
71013203056,2019,13900,500,14400
70927102031,2019,84800,198400,283200
70923141843,2019,200,600,800
70919208011,2019,91500,152600,244100
71009405020,2019,63300,138200,201500
71011220094,2019,11300,166900,178200
70936404014,2019,60400,132000,192400
70814403261,2019,0,0,0
70929419046,2019,81500,242700,324200
71016113129,2019,63400,152100,215500
70833205309,2019,30400,289600,320000
71002309047,2019,66200,293800,360000
60801311064,2019,67100,179500,246600
70821205014,2019,96000,284000,380000
71014301057,2019,55600,201300,256900
70813335077,2019,71000,313500,384500
60801226148,2019,16200,154800,171000
70921119016,2019,134200,510800,645000
70826417979,2019,21500,96700,118200
70814416016,2019,87200,241600,328800
70914440022,2019,34300,120200,154500
71006112040,2019,69200,183800,253000
71030204087,2019,98300,70200,168500
70834427697,2019,0,5000,5000
70821110271,2019,113500,269500,383000
70923164035,2019,44900,280100,325000
70934306048,2019,87200,263100,350300
70814302124,2019,109800,252800,362600
70920218835,2019,300,14700,15000
60801311246,2019,76700,226900,303600
71015301064,2019,83000,332500,415500
70929217010,2019,103200,216800,320000
70836217012,2019,28700,134300,163000
70826315115,2019,35800,229200,265000
71005321030,2019,120600,189600,310200
71010108324,2019,49500,201700,251200
70923171478,2019,3600,2200,5800
70826417820,2019,21500,126700,148200
70813314419,2019,9300,0,9300
70836207203,2019,68200,215700,283900
81033405178,2019,228000,1082000,1310000
70826419488,2019,0,4000,4000
80925307161,2019,71200,113300,184500
70913348219,2019,7300,331900,339200
71012205326,2019,63200,200000,263200
81030205042,2019,48200,133300,181500
70829111239,2019,13500,0,13500
70931212305,2019,80000,192300,272300
70920213108,2019,127400,419800,547200
70829418099,2019,19900,0,19900
71010212175,2019,59600,179300,238900
70914410231,2019,480000,3248600,3728600
70923152098,2019,34100,444400,478500
80935104218,2019,66400,190700,257100
70824408110,2019,107000,225500,332500
70928208193,2019,97800,216800,314600
71012215119,2019,17700,271300,289000
70836216519,2019,5500,113300,118800
71007218144,2019,144800,334100,478900
70923165942,2019,70500,379600,450100
70823106046,2019,89400,204500,293900
70813406068,2019,154800,850200,1005000
71021108074,2019,61000,151200,212200
70928102387,2019,117900,402000,519900
71001204024,2019,46600,0,46600
71007309274,2019,128500,455500,584000
70914426022,2019,70000,407000,477000
71011128066,2019,73100,258900,332000
70824410230,2019,104400,278000,382400
81030316089,2019,61300,152600,213900
70913401190,2019,85900,149900,235800
70835125050,2019,500,1500,2000
70926213061,2019,156500,186700,343200
81032306038,2019,34500,174600,209100
71006202106,2019,64000,153300,217300
70931207033,2019,64600,161300,225900
81031423049,2019,17400,159600,177000
70920216409,2019,13400,251300,264700
70836409057,2019,60000,179000,239000
70919201106,2019,0,0,0
70823403202,2019,50600,189900,240500
70901102023,2019,51000,151800,202800
60802203070,2019,0,0,0
71010208182,2019,58600,182700,241300
70836107015,2019,67300,158400,225700
70920123175,2019,15200,49600,64800
70920105058,2019,106000,324000,430000
70923140184,2019,1500,21500,23000
70928315112,2019,100400,220600,321000
70833413126,2019,44700,475500,520200
80925120068,2019,12200,271400,283600
70913346461,2019,69900,294000,363900
71030204110,2019,39000,371000,410000
71009409171,2019,61800,159800,221600
70913223164,2019,6100,368800,374900
60801212519,2019,84700,164400,249100
71010203075,2019,53600,188400,242000
70826408241,2019,58500,194100,252600
70923156587,2019,5000,10000,15000
81033304065,2019,43700,137400,181100
71005326212,2019,105800,249700,355500
70828435010,2019,0,0,0
71015103098,2019,67900,145000,212900
80925107123,2019,58800,140700,199500
70923163946,2019,44900,186800,231700
71016105100,2019,60200,105800,166000
71005335114,2019,106500,331700,438200
81022102082,2019,503500,2607200,3110700
70823119031,2019,21200,190300,211500
71012210028,2019,58000,194000,252000
60802408307,2019,64000,166800,230800
70929425100,2019,87300,201100,288400
71015405303,2019,48700,176500,225200
60812321094,2019,19600,166900,186500
71005312047,2019,57200,209400,266600
71009212144,2019,65600,145800,211400
71006129277,2019,41700,139600,181300
70918301014,2019,374000,2435000,2809000
80925108064,2019,51300,134000,185300
60802105044,2019,73700,205300,279000
70913204106,2019,79000,345000,424000
70935113111,2019,51000,108100,159100
71005210019,2019,0,0,0
81030211015,2019,57800,145600,203400
71007212188,2019,32600,265400,298000
60904107071,2019,87000,199900,286900
70833102175,2019,133600,355900,489500
70836404156,2019,60900,163900,224800
81022301098,2019,88000,292000,380000
60802412077,2019,50400,200400,250800
70826419470,2019,0,4000,4000
71006401021,2019,63200,239400,302600
70913215153,2019,0,0,0
71005309101,2019,62900,224600,287500
60801223136,2019,16900,193100,210000
71008108089,2019,46700,463300,510000
71007225214,2019,35000,313500,348500
70926202345,2019,80000,255600,335600
81026362070,2019,100,0,100
80924407764,2019,400,1600,2000
70820115206,2019,100,0,100
71015102230,2019,57900,132300,190200
70926306014,2019,0,0,0
81032424202,2019,32500,130000,162500
71011421163,2019,50700,199300,250000
70824216034,2019,112100,182100,294200
71007117164,2019,69500,146300,215800
80925116166,2019,13500,219500,233000
70834204061,2019,84400,286600,371000
70930402080,2019,72400,208900,281300
70826421962,2019,0,4000,4000
70913309120,2019,67800,381300,449100
70923113230,2019,71800,235300,307100
70929124380,2019,0,10000,10000
70814430123,2019,19700,204900,224600
70814104166,2019,96900,268300,365200
81031215058,2019,38000,154500,192500
81033208093,2019,52300,125700,178000
70929224081,2019,87700,190800,278500
70913323071,2019,142300,295300,437600
71014204110,2019,54100,166100,220200
70930407080,2019,73000,258100,331100
71009315071,2019,68800,96700,165500
60801208047,2019,70000,208300,278300
70836306138,2019,70000,355000,425000
70829102189,2019,103900,242100,346000
70929206170,2019,85100,328800,413900
70931410214,2019,100900,204300,305200
81033308108,2019,6400,64800,71200
71011113017,2019,70200,175000,245200
70828423015,2019,0,0,0
70828307061,2019,53900,264100,318000
70920404179,2019,114400,144500,258900
80925217188,2019,55600,123700,179300
81028403145,2019,54600,122700,177300
70923316066,2019,84000,302000,386000
70919110068,2019,125000,111700,236700
60801216107,2019,70000,202600,272600
70836303093,2019,68100,154700,222800
70914419423,2019,178000,488000,666000
70932104072,2019,82100,162600,244700
60812302359,2019,68000,197600,265600
70813319063,2019,14000,104900,118900
81034414102,2019,67300,172300,239600
71016406160,2019,62300,113900,176200
60801417060,2019,16300,165200,181500
81034107202,2019,58700,159500,218200
70836401152,2019,71200,163900,235100
71009224165,2019,45900,191400,237300
70926308010,2019,0,0,0
71011212166,2019,47700,242300,290000
70923409209,2019,82000,208000,290000
70921318121,2019,204000,121000,325000
70914422070,2019,56000,1000,57000
71034104176,2019,70800,201000,271800
70823206044,2019,18100,216100,234200
80925120977,2019,800,1200,2000
71035123076,2019,57600,219100,276700
70920305351,2019,99600,225000,324600
70824406172,2019,96700,214800,311500
60811106067,2019,103600,267200,370800
70926202220,2019,80100,218300,298400
70931306257,2019,99000,152000,251000
70914439067,2019,1000,7700,8700
70923127249,2019,84600,176400,261000
70912425042,2019,9000,91300,100300
71003304062,2019,47100,147800,194900
80936109027,2019,13800,101000,114800
71005413308,2019,47600,144800,192400
70913307257,2019,0,0,0
70834413133,2019,24200,191800,216000
70925304019,2019,350000,642000,992000
81030313069,2019,53700,81000,134700
80926103170,2019,51300,159000,210300
81031212179,2019,37600,112200,149800
70836108039,2019,75100,150100,225200
70918302319,2019,75100,126200,201300
70833205747,2019,26400,283500,309900
81031409114,2019,40400,122600,163000
70929402116,2019,91900,222100,314000
81031205190,2019,40600,128400,169000
60801209152,2019,66700,148200,214900
70913117010,2019,601000,291000,892000
70925206116,2019,82500,180700,263200
80924417052,2019,9900,141100,151000
70922428119,2019,147800,579200,727000
70923170222,2019,1900,500,2400
71016202188,2019,73800,140500,214300
70926205125,2019,81000,189000,270000
70934303028,2019,0,0,0
70922337047,2019,183200,538900,722100
70918415310,2019,10500,111300,121800
71015106232,2019,61100,155000,216100
70936100943,2019,0,0,0
70936304107,2019,61100,132500,193600
70835124945,2019,500,1500,2000
70929211137,2019,83800,161100,244900
70933402011,2019,88800,157200,246000
81023304570,2019,35600,147400,183000
71004314169,2019,58500,96600,155100
70919228126,2019,24100,472600,496700
71007112073,2019,84100,407500,491600
70835203327,2019,117600,392600,510200
70931306108,2019,125500,232700,358200
80924426087,2019,10200,171500,181700
70923408350,2019,42900,212100,255000
70913350389,2019,0,15000,15000
71004310125,2019,54100,153000,207100
60903220014,2019,44100,110300,154400
70922336164,2019,145400,239300,384700
70816406304,2019,171000,515100,686100
70828307045,2019,53800,234100,287900
81034203159,2019,65600,182600,248200
71021203147,2019,62700,141900,204600
70814430363,2019,19700,225500,245200
70932204103,2019,83000,151300,234300
71010212141,2019,50400,176200,226600
70924214243,2019,35100,597100,632200
70930411289,2019,76900,251700,328600
70921417155,2019,151400,345500,496900
70923169100,2019,6500,18500,25000
70822118042,2019,25800,330200,356000
70923131232,2019,685000,3435000,4120000
70926216114,2019,44000,622000,666000
81031211189,2019,48600,128000,176600
71019406141,2019,81500,132000,213500
70936407406,2019,63000,157500,220500
71005316122,2019,67400,215700,283100
81032425060,2019,28100,177400,205500
70828314587,2019,19800,0,19800
71025300999,2019,0,0,0
70919304108,2019,92200,213800,306000
71005409034,2019,44400,157600,202000
70829415053,2019,9500,0,9500
71022401112,2019,123800,113700,237500
71002437054,2019,46000,215400,261400
81031208178,2019,39800,148500,188300
70815310019,2019,18900,210700,229600
60802104335,2019,86200,190000,276200
70921303015,2019,160600,425400,586000
81026365082,2019,2000,0,2000
60902200950,2019,33000,197000,230000
70929309031,2019,95900,224100,320000
80936412173,2019,75400,148900,224300
81030302202,2019,140000,526000,666000
70920213190,2019,121200,253800,375000
70833104022,2019,160100,329900,490000
71005413168,2019,44400,113700,158100
70936406052,2019,59100,177700,236800
70913346320,2019,90300,497300,587600
60812321169,2019,19600,175400,195000
60811439129,2019,20000,184500,204500
71012202207,2019,63200,191800,255000
60801114228,2019,57400,162000,219400
71006303219,2019,69200,204200,273400
70821206046,2019,100000,305000,405000
60812333023,2019,39500,187400,226900
80924103081,2019,97700,303500,401200
70926201066,2019,168700,330800,499500
71007307129,2019,475600,177400,653000
60811434020,2019,85500,179800,265300
60801313234,2019,75100,257600,332700
70926412035,2019,20100,138900,159000
70829111180,2019,71300,0,71300
81028103141,2019,58600,142100,200700
71001202044,2019,29000,0,29000
70922336057,2019,145800,298700,444500
70912407090,2019,121700,153700,275400
70912409393,2019,88400,121600,210000
70923158070,2019,45200,145600,190800
70923123015,2019,115200,121200,236400
71022401188,2019,162000,309000,471000
71001320193,2019,64400,207600,272000
70928308042,2019,86700,182700,269400
71003308056,2019,55300,158100,213400
70921403279,2019,142900,397300,540200
71006446225,2019,3000,35000,38000
70826420716,2019,0,4000,4000
70931412260,2019,87300,180700,268000
70814402180,2019,88300,192000,280300
70912412073,2019,629600,370500,1000100
71020309178,2019,23800,163000,186800
80925122080,2019,10800,258100,268900
70826417565,2019,21500,107500,129000
70922405026,2019,280000,1120000,1400000
70921208075,2019,90100,185500,275600
71007115142,2019,76600,235900,312500
70913113034,2019,75400,189900,265300
70833118297,2019,90000,329200,419200
71012221132,2019,12100,126200,138300
71006117264,2019,39600,177800,217400
70929113078,2019,89800,212300,302100
71027401050,2019,1392400,4675300,6067700
70920418287,2019,129000,169900,298900
80925408307,2019,59900,123900,183800
71003207141,2019,56100,167700,223800
80924103049,2019,82000,264400,346400
71005405074,2019,41400,124100,165500
60802408175,2019,64000,155700,219700
81030309034,2019,61300,140400,201700
60906109033,2019,62400,151800,214200
70920418302,2019,119100,132900,252000
81026356106,2019,100,0,100
80925202022,2019,56500,137500,194000
70824209047,2019,129000,251800,380800
70825101010,2019,407000,558000,965000
71010411090,2019,59600,133500,193100
60801122073,2019,66700,194400,261100
70933205085,2019,148800,550100,698900
70929403156,2019,88200,197000,285200
80924409851,2019,400,1600,2000
71001313156,2019,89000,269600,358600
70929122110,2019,99700,99300,199000
71014108213,2019,10700,162700,173400
60801407029,2019,72600,192600,265200
71006117173,2019,63900,160700,224600
70826304035,2019,1848000,9975000,11823000
70928117211,2019,104300,232200,336500
71006106100,2019,62800,189600,252400
71008106140,2019,40900,252600,293500
80925111132,2019,56900,143600,200500
70836401285,2019,60000,169800,229800
81020100012,2019,0,2035000,2035000
71009201155,2019,50800,138600,189400
70823110253,2019,95200,211000,306200
70919410096,2019,109900,256300,366200
71005331013,2019,84200,237800,322000
71034104530,2019,70100,206900,277000
71003216150,2019,89000,336000,425000
71006437018,2019,6500,52000,58500
70928225171,2019,99100,490900,590000
81034301060,2019,54900,162700,217600
70920117285,2019,8500,0,8500
70920303199,2019,158400,378300,536700
71010212133,2019,52000,175500,227500
71010113159,2019,49100,185900,235000
81032302028,2019,33300,130600,163900
70922327072,2019,212600,393700,606300
70928204266,2019,97800,296000,393800
70912402058,2019,96500,306500,403000
70936402109,2019,68000,147300,215300
80924412854,2019,400,1600,2000
70918321252,2019,0,2000,2000
70820115149,2019,114200,0,114200
71010305194,2019,50500,130900,181400
71004303188,2019,49200,149600,198800
70816407021,2019,165000,521400,686400
70931414290,2019,87900,213000,300900
71021224119,2019,66400,306800,373200
70929120049,2019,108500,185500,294000
60801226338,2019,16200,173300,189500
71022206033,2019,482500,1851500,2334000
70923170735,2019,2500,800,3300
80925118956,2019,800,1200,2000
71007224240,2019,95600,319400,415000
70913210210,2019,0,0,0
71016401144,2019,69000,261000,330000
70922440022,2019,118000,296900,414900
60901101034,2019,62200,158300,220500
70824415181,2019,11300,74900,86200
60811112113,2019,117900,294500,412400
80926306188,2019,65800,210900,276700
70932115037,2019,188800,454200,643000
60801302112,2019,71900,151100,223000
60804209109,2019,17600,0,17600
71019411273,2019,9000,110300,119300
70932205200,2019,132000,535000,667000
71014108289,2019,10700,159400,170100
81019307108,2019,57700,157300,215000
80925116851,2019,800,1200,2000
71014209128,2019,55600,162300,217900
60811103021,2019,97300,220900,318200
70926206149,2019,54300,190200,244500
70826419404,2019,0,4000,4000
70914429050,2019,27600,135100,162700
70923215284,2019,140800,439300,580100
70836105374,2019,70800,213000,283800
60811430036,2019,62900,180700,243600
60811304380,2019,91800,227700,319500
70935207154,2019,43600,117100,160700
71007206123,2019,47900,245300,293200
70835124185,2019,500,1500,2000
70920115073,2019,71900,304100,376000
71005111259,2019,63200,153000,216200
71021213146,2019,60000,132100,192100
80924434650,2019,400,1600,2000
60802305454,2019,13800,198700,212500
70828203061,2019,2100,0,2100
71007112297,2019,87100,422900,510000
70813312033,2019,0,0,0
81030303151,2019,74900,217600,292500
80926309174,2019,72600,272900,345500
70923142685,2019,44900,278300,323200
80924408879,2019,400,1600,2000
70921308156,2019,111100,213000,324100
71004402120,2019,48800,151000,199800
60801210133,2019,66400,164100,230500
71006440996,2019,0,4000,4000
70929301053,2019,81400,202600,284000
80924404851,2019,400,1600,2000
70913107285,2019,78200,377300,455500
80924407962,2019,400,1600,2000
81034414285,2019,66300,228300,294600
70929304081,2019,86900,258800,345700
80926108112,2019,50800,140700,191500
60812102056,2019,92500,194500,287000
70932202222,2019,79000,0,79000
70925205100,2019,76300,198200,274500
71010305011,2019,54800,166300,221100
80926302152,2019,67400,212400,279800
70921215145,2019,185100,393300,578400
70936309214,2019,59000,159400,218400
71035109109,2019,0,0,0
71032200984,2019,0,0,0
71004304144,2019,49200,140100,189300
71010212068,2019,55300,170300,225600
81021303342,2019,45800,181800,227600
70836102023,2019,77100,153600,230700
81034106444,2019,61300,170000,231300
80924102025,2019,86600,253900,340500
71009210122,2019,65100,139200,204300
71015205084,2019,71200,155600,226800
71006215042,2019,43500,228100,271600
70928303034,2019,82400,200000,282400
70920103333,2019,120800,164700,285500
70836208243,2019,73700,214300,288000
70914418235,2019,153800,198900,352700
70923171494,2019,3600,2700,6300
70922433093,2019,0,0,0
70824413151,2019,0,0,0
70923146215,2019,8000,7000,15000
70919228928,2019,400,2600,3000
80924410725,2019,400,1600,2000
71019401076,2019,360700,358200,718900
71004301033,2019,59400,149100,208500
60812407406,2019,87100,208200,295300
81020400082,2019,0,613700,613700
60812106040,2019,89100,168200,257300
70932421088,2019,48000,117600,165600
70920303165,2019,125600,323400,449000
70822414888,2019,23200,172700,195900
70920106402,2019,133500,202900,336400
81026367020,2019,3200,0,3200
60906201045,2019,64700,194300,259000
71006315082,2019,0,0,0
71010206053,2019,53000,362000,415000
70922336114,2019,145400,346200,491600
70936301012,2019,63100,154700,217800
71010315010,2019,59100,151300,210400
70824204237,2019,121500,268200,389700
70923408053,2019,86200,220800,307000
71007303185,2019,171900,392700,564600
70922107010,2019,0,0,0
70913108481,2019,83200,124300,207500
70921301100,2019,99300,350000,449300
70920103119,2019,100100,279600,379700
71007220280,2019,66700,348900,415600
60804209018,2019,94900,384100,479000
71014214284,2019,8100,134900,143000
70820108087,2019,100,0,100
70926401286,2019,80600,194400,275000
60801302295,2019,74000,154100,228100
70931412286,2019,79400,175000,254400
70923106011,2019,0,0,0
81021408027,2019,61400,190300,251700
60905213273,2019,4200,43700,47900
71007112247,2019,90400,295900,386300
71016116107,2019,59300,112000,171300
60811430052,2019,86600,223400,310000
71009320161,2019,73500,146500,220000
80935107915,2019,79300,257100,336400
80924406021,2019,8300,140500,148800
71004401099,2019,47600,132600,180200
70832400984,2019,0,0,0
70932305050,2019,55000,129500,184500
70816401255,2019,167500,368400,535900
60801312327,2019,77200,207200,284400
70922441103,2019,13200,163400,176600
81027108069,2019,36700,109900,146600
70922236166,2019,172000,405500,577500
81032419245,2019,39800,134300,174100
70836210131,2019,11400,130500,141900
71021202181,2019,60900,143700,204600
81033308174,2019,6300,64900,71200
70918211247,2019,101700,221500,323200
70813320325,2019,14600,104100,118700
81034107418,2019,64800,172900,237700
81030308101,2019,64700,152300,217000
70913351030,2019,90200,204800,295000
70901107130,2019,51000,146000,197000
70920415085,2019,126000,229400,355400
70923146588,2019,8000,7000,15000
81027205039,2019,714000,1592000,2306000
71020302130,2019,87300,111400,198700
70919214034,2019,85300,154900,240200
70924221206,2019,29300,87300,116600
70913326281,2019,15600,344400,360000
70913356030,2019,134000,975000,1109000
70919302037,2019,92300,184600,276900
70928306195,2019,91100,120500,211600
80925212328,2019,58100,179600,237700
60906105164,2019,67600,149200,216800
70929116204,2019,122100,190600,312700
70833409141,2019,46200,203800,250000
71014213046,2019,54600,187300,241900
70922229012,2019,161300,488700,650000
71030204144,2019,84300,147900,232200
70835301171,2019,112200,326200,438400
70923407047,2019,57800,0,57800
80925207171,2019,53400,117700,171100
71005231453,2019,48500,105000,153500
70828446041,2019,0,0,0
60801219234,2019,87800,161300,249100
70828314115,2019,92400,295300,387700
71006122065,2019,35600,136100,171700
71010217050,2019,10600,109400,120000
70813402446,2019,337800,542200,880000
70932104022,2019,84900,150500,235400
71006414305,2019,69400,251600,321000
71003411073,2019,51500,189000,240500
70923317048,2019,129000,116900,245900
81028118869,2019,8700,86900,95600
70824301265,2019,96900,241800,338700
70922329143,2019,218200,576100,794300
70834214218,2019,26000,0,26000
70814421049,2019,15200,164400,179600
71007216263,2019,84100,204200,288300
70918319976,2019,20500,105400,125900
70921421031,2019,130300,322300,452600
80925120050,2019,12200,291000,303200
71001308058,2019,59300,172200,231500
81031302227,2019,49200,118100,167300
70913112101,2019,75700,344400,420100
70918306064,2019,74800,184200,259000
70820115131,2019,110700,0,110700
70918215059,2019,87000,203700,290700
81028118801,2019,8700,64800,73500
71011208115,2019,23900,192600,216500
71007305272,2019,104200,0,104200
81009304081,2019,0,0,0
60802304282,2019,92300,241100,333400
70922345066,2019,208300,654600,862900
81031405245,2019,37600,142600,180200
80924406980,2019,400,1600,2000
81026427014,2019,1000,0,1000
70929418246,2019,99100,289500,388600
81027203059,2019,243000,589500,832500
81030404983,2019,0,1130000,1130000
70828313084,2019,0,0,0
81033205263,2019,41300,78900,120200
71007214077,2019,0,0,0
70932415099,2019,53000,136700,189700
81033300914,2019,59500,207500,267000
70920217580,2019,400,14600,15000
70913111244,2019,99700,283700,383400
71003305119,2019,48800,130200,179000
71009220171,2019,64500,178200,242700
70813402553,2019,262700,553300,816000
71002310010,2019,58700,272900,331600
70919228861,2019,400,2600,3000
71009308175,2019,68800,113700,182500
71011112069,2019,70500,231900,302400
71021220084,2019,64800,193600,258400
80925116900,2019,800,1200,2000
60802412217,2019,80600,238500,319100
70914304046,2019,0,0,0
70836407077,2019,61600,136100,197700
80926110802,2019,39000,163900,202900
70921127051,2019,14200,198800,213000
70921122100,2019,120900,189600,310500
70823202240,2019,125500,308100,433600
70932422135,2019,48000,86600,134600
80924433876,2019,400,1600,2000
70833407070,2019,44700,527200,571900
70815303030,2019,104800,0,104800
71016118129,2019,59000,111000,170000
70824415222,2019,13900,101900,115800
60905105016,2019,51900,107400,159300
70922438366,2019,86400,205500,291900
70928202088,2019,95500,291000,386500
70836307269,2019,65000,187900,252900
60811109136,2019,112500,286500,399000
70834214060,2019,34500,374500,409000
60802310015,2019,0,0,0
70826204095,2019,88000,490000,578000
70924201258,2019,388300,88900,477200
80924302112,2019,72300,285800,358100
70923164647,2019,44900,486200,531100
70918403141,2019,277600,148600,426200
70836410260,2019,57800,139800,197600
71006103148,2019,56500,148400,204900
70928102080,2019,89400,413400,502800
71015201272,2019,71900,206300,278200
70836420102,2019,63400,150500,213900
60804103202,2019,83200,371400,454600
70823106070,2019,89400,257200,346600
81028103282,2019,59000,125000,184000
70929117129,2019,89900,313200,403100
70822106162,2019,48700,179400,228100
60801419107,2019,16600,185000,201600
71005229177,2019,48500,136600,185100
71002418096,2019,80100,219300,299400
60801213260,2019,75800,154700,230500
71011119247,2019,51700,247700,299400
71003208058,2019,52000,108900,160900
60811402093,2019,76400,189800,266200
70929308166,2019,90800,216000,306800
81031204100,2019,51200,133700,184900
60903103012,2019,0,0,0
60902205124,2019,55000,217500,272500
81034408022,2019,65500,237100,302600
70919222011,2019,116200,127400,243600
71005213047,2019,61500,99000,160500
71030214078,2019,502000,2672000,3174000
70923168102,2019,6500,13500,20000
71012206225,2019,62500,216400,278900
70928106298,2019,109100,267300,376400
70921219296,2019,149900,291700,441600
71027201955,2019,70700,4200,74900
70917101366,2019,57000,333500,390500
70929406085,2019,99100,201600,300700
70823408187,2019,43200,178400,221600
70933204235,2019,150800,606400,757200
70826414123,2019,16100,97600,113700
70826417292,2019,21500,120500,142000
70923125045,2019,68100,215300,283400
81028118695,2019,10100,87200,97300
81026423020,2019,2600,0,2600
70814424267,2019,100200,212200,312400
80925210158,2019,57000,147700,204700
71007225248,2019,63000,358700,421700
71009400963,2019,723400,737200,1460600
71015114326,2019,46900,149900,196800
70932210845,2019,0,5000,5000
80936119050,2019,14900,97700,112600
81021403340,2019,51000,156700,207700
60905112087,2019,50800,101600,152400
70921309196,2019,89800,194300,284100
70923230034,2019,1304000,2693000,3997000
80924427704,2019,400,1600,2000
81032419055,2019,41600,138000,179600
71022404025,2019,498500,2733500,3232000
70935114135,2019,48800,150000,198800
70914438390,2019,2200,22800,25000
70816320033,2019,192400,1122600,1315000
70929403370,2019,101400,351100,452500
70922221084,2019,175900,415800,591700
70816322336,2019,17300,226500,243800
71015405014,2019,90000,320000,410000
70918212188,2019,73200,245900,319100
71001324070,2019,63100,256300,319400
70929310020,2019,93700,265300,359000
70834308574,2019,24500,0,24500
70922106137,2019,0,0,0
71014203493,2019,58700,204000,262700
70923143774,2019,44900,475300,520200
81022306014,2019,0,0,0
70919104201,2019,111200,336000,447200
81032411085,2019,121500,189500,311000
70918202072,2019,694400,974100,1668500
70813324012,2019,161400,420900,582300
70918414122,2019,341000,73000,414000
80936205023,2019,63300,116900,180200
80926105241,2019,50800,147000,197800
80926110670,2019,31900,160800,192700
60904102302,2019,85000,217100,302100
80926116082,2019,0,0,0
71003303080,2019,52600,108700,161300
71006434212,2019,73500,111300,184800
70930103141,2019,73800,259600,333400
81034408246,2019,67300,243200,310500
71005111168,2019,60600,108500,169100
70826211678,2019,11700,51100,62800
71009410045,2019,65300,133300,198600
71006109138,2019,69200,122500,191700
80924437050,2019,12700,222600,235300
70923165819,2019,39600,202100,241700
71007215380,2019,95200,298200,393400
71002302041,2019,102000,90000,192000
70921411032,2019,137600,236900,374500
81028406074,2019,44900,129500,174400
71010103093,2019,59000,204300,263300
70826211206,2019,10000,50000,60000
70936301088,2019,61500,118100,179600
70829102262,2019,98200,225800,324000
81032420078,2019,43700,118600,162300
71006426095,2019,81900,227500,309400
70814305037,2019,87700,289700,377400
70826422225,2019,0,0,0
70929428071,2019,131500,363300,494800
71011118223,2019,30500,236600,267100
70836206065,2019,69700,249500,319200
70929105265,2019,104100,194900,299000
71006111084,2019,69200,139000,208200
71005316023,2019,66300,230300,296600
81019301077,2019,61300,150400,211700
60812328694,2019,0,1000,1000
70931210127,2019,80000,284900,364900
70929411034,2019,94200,170900,265100
71035112045,2019,69700,322500,392200
70914435049,2019,24400,322400,346800
71016202229,2019,0,0,0
70920306234,2019,114300,360500,474800
71003320258,2019,48400,153900,202300
70826313135,2019,74200,199100,273300
71009217384,2019,65500,0,65500
60811402035,2019,78100,198500,276600
70918415071,2019,10500,110400,120900
70922430031,2019,112300,288100,400400
70913314294,2019,63300,182400,245700
71010413327,2019,58100,157600,215700
70929210098,2019,81400,175600,257000
71016404106,2019,63100,136900,200000
71010210260,2019,0,0,0
70824310224,2019,14100,157700,171800
70913324136,2019,0,0,0
70823115039,2019,93900,284700,378600
60906105130,2019,67600,221100,288700
81028105030,2019,58600,148400,207000
81033204273,2019,41100,58900,100000
60812313257,2019,33100,184200,217300
71021204103,2019,56400,174400,230800
80925306361,2019,57000,100200,157200
70931403152,2019,103100,196900,300000
80924440871,2019,400,1600,2000
70930402098,2019,0,0,0
70913347518,2019,2500,12500,15000
70833119302,2019,104500,354100,458600
60802408224,2019,67000,219600,286600
70912416033,2019,9000,91300,100300
71015215140,2019,23000,283900,306900
70919406087,2019,107400,232000,339400
71034104316,2019,70800,204200,275000
70834417036,2019,25200,136000,161200
70826417185,2019,21500,126700,148200
60802437025,2019,30000,116400,146400
70824106029,2019,125900,278900,404800
70928105133,2019,99100,387900,487000
80924426805,2019,400,1600,2000
70814203223,2019,112700,242900,355600
60812114275,2019,80100,189400,269500
70822107053,2019,59600,164300,223900
80924441936,2019,400,1600,2000
71001331132,2019,63600,203000,266600
81019302273,2019,60100,168700,228800
60801204128,2019,63000,171200,234200
70833104072,2019,135500,394500,530000
70926202163,2019,189300,224100,413400
70932101010,2019,148500,272500,421000
71007305321,2019,62800,354200,417000
71001411017,2019,57500,180700,238200
71011304088,2019,0,0,0
71015409024,2019,255500,929400,1184900
71002107607,2019,9500,99700,109200
70928105167,2019,99100,497900,597000
81031211220,2019,43800,164100,207900
71006118288,2019,40900,208800,249700
60802421193,2019,70100,169400,239500
70928222028,2019,160200,288600,448800
70936406078,2019,59100,152400,211500
70931208544,2019,94700,230900,325600
71006420138,2019,54000,416000,470000
70930406074,2019,92400,222400,314800
70922422062,2019,89100,368700,457800
70822110139,2019,48200,184600,232800
71006306081,2019,36100,272800,308900
70823400927,2019,0,0,0
71015114194,2019,57200,213000,270200
70813109092,2019,131800,212200,344000
81019304295,2019,50300,170000,220300
60812407224,2019,92100,225200,317300
70921221019,2019,137000,223200,360200
70836120132,2019,128800,377200,506000
60812302169,2019,68400,189700,258100
70836409081,2019,59700,131900,191600
70923143592,2019,44900,225400,270300
70931416072,2019,94400,150600,245000
70923217248,2019,0,0,0
60801223045,2019,16900,179000,195900
71006310066,2019,69200,90100,159300
71011127092,2019,72200,446800,519000
70919225297,2019,101300,204900,306200
70921106112,2019,113300,280700,394000
71003214154,2019,53100,167600,220700
81030403026,2019,0,0,0
71006123211,2019,35300,144900,180200
70935114143,2019,48800,133400,182200
80925207113,2019,55900,140200,196100
71007215413,2019,86300,234500,320800
80923400991,2019,0,0,0
71021113552,2019,0,5000,5000
70814311050,2019,407000,1521000,1928000
70912407206,2019,111400,271500,382900
70928109317,2019,109100,221700,330800
81031404049,2019,36500,133800,170300
80924439866,2019,400,1600,2000
71012206043,2019,62000,204500,266500
80924406758,2019,400,1600,2000
60812106107,2019,85900,185700,271600
81031211098,2019,40600,138200,178800
70921418012,2019,156800,236700,393500
70835112081,2019,194700,319000,513700
71010204156,2019,53600,179700,233300
60801102108,2019,71800,134200,206000
70825209492,2019,10000,26000,36000
70923145168,2019,8000,7000,15000
70921213082,2019,67300,133000,200300
70923141728,2019,200,2100,2300
70836202154,2019,69600,209600,279200
70926115077,2019,81000,227400,308400
70835107272,2019,121100,382200,503300
70823313211,2019,16300,120800,137100
81026363078,2019,3800,0,3800
60901104038,2019,59600,191100,250700
70931415222,2019,70300,148600,218900
71010102128,2019,57600,229700,287300
70922404408,2019,106800,236900,343700
70921207168,2019,115000,450000,565000
81021105102,2019,61000,179000,240000
70918322101,2019,0,2000,2000
70929220047,2019,88300,257600,345900
70920121012,2019,12130000,37870000,50000000
70927100994,2019,0,0,0
80925207189,2019,52000,142800,194800
81033201071,2019,38200,158800,197000
70835124656,2019,500,1500,2000
80936109069,2019,13800,102900,116700
70913347716,2019,2500,12500,15000
70934402078,2019,264000,696000,960000
81021304241,2019,48700,174700,223400
70824204013,2019,101100,248000,349100
81030203187,2019,48700,108500,157200
70926109054,2019,80000,0,80000
70826416418,2019,21500,122100,143600
70814430107,2019,19700,218300,238000
71011112259,2019,57400,249600,307000
71006419074,2019,63400,217300,280700
71027401018,2019,213500,728300,941800
60901203301,2019,59700,172300,232000
60801234422,2019,15000,138700,153700
71010207043,2019,53700,141500,195200
71004403110,2019,45300,138400,183700
70926115176,2019,80100,161400,241500
70835123369,2019,6500,74200,80700
71015208195,2019,78400,179100,257500
71008102130,2019,43900,166300,210200
80924440079,2019,13300,234100,247400
80924418993,2019,400,1600,2000
81016301012,2019,0,0,0
80924445970,2019,400,1600,2000
70921308065,2019,111100,223200,334300
70923154101,2019,0,7500,7500
71021100989,2019,2610500,8460900,11071400
71009310039,2019,68800,106300,175100
70836422017,2019,0,0,0
70923144285,2019,8000,7000,15000
70828424063,2019,0,0,0
70826416327,2019,21500,124300,145800
80924407912,2019,400,1600,2000
70814205055,2019,106300,322300,428600
60905202995,2019,583000,397000,980000
70921309013,2019,99400,239100,338500
70921204023,2019,80000,209500,289500
81034406175,2019,61800,178400,240200
60812106074,2019,94400,148600,243000
70815309202,2019,63400,347600,411000
70813320185,2019,14600,100900,115500
81026360032,2019,6600,0,6600
70901113533,2019,14400,83600,98000
80936204017,2019,31400,132400,163800
60801109013,2019,66100,152600,218700
70826412565,2019,10000,75400,85400
81034107559,2019,100600,0,100600
71006302203,2019,69200,99800,169000
70912404046,2019,104700,384100,488800
71012303063,2019,60100,129900,190000
60811402134,2019,84200,220700,304900
70914406090,2019,171200,796100,967300
81034405010,2019,68100,210900,279000
60902103229,2019,20000,102000,122000
70931207140,2019,93100,207400,300500
71004306182,2019,57900,143900,201800
71016109045,2019,63300,99000,162300
70929215220,2019,95200,434300,529500
70922422244,2019,67900,412400,480300
70828441116,2019,0,0,0
70922334019,2019,131900,262500,394400
70926408084,2019,72000,210000,282000
70918321872,2019,0,2000,2000
80925116083,2019,13500,255400,268900
70929421182,2019,159400,365600,525000
70923141702,2019,200,2300,2500
70932111051,2019,88000,192000,280000
70823300862,2019,0,0,0
60811116115,2019,18800,213100,231900
70924204153,2019,2339500,6813300,9152800
81032413023,2019,41600,119200,160800
70836103146,2019,64800,86900,151700
60903212087,2019,12200,68100,80300
71002107053,2019,9500,147700,157200
70932404026,2019,429000,4097000,4526000
80924402110,2019,8200,117200,125400
70930413144,2019,83900,213500,297400
70928108228,2019,108400,271600,380000
70834309035,2019,30700,0,30700
71014203469,2019,58700,199800,258500
70923165992,2019,44000,246600,290600
71005340030,2019,98100,203500,301600
60812304206,2019,72700,230800,303500
70918411045,2019,145400,159900,305300
81030213087,2019,48200,148000,196200
60801314183,2019,127000,1868000,1995000
71014120027,2019,1072600,500,1073100
70929419145,2019,91500,247000,338500
71010400910,2019,74700,229100,303800
81021305140,2019,55300,171200,226500
71002312115,2019,61800,297600,359400
80935102155,2019,62800,114900,177700
70814419325,2019,15200,166200,181400
80926307128,2019,67400,218300,285700
70913348417,2019,7900,405100,413000
71006303235,2019,69200,161600,230800
81028103266,2019,59300,170400,229700
60801310157,2019,79900,278600,358500
81034205402,2019,67300,190800,258100
70930413152,2019,75600,244400,320000
60811416242,2019,99700,217900,317600
71011118182,2019,30500,226800,257300
81032413099,2019,49400,142100,191500
80925217196,2019,55200,146700,201900
71007229050,2019,77000,130700,207700
71011405076,2019,96600,276600,373200
60812122062,2019,87400,226500,313900
71011113108,2019,72700,263300,336000
70932207082,2019,19500,138500,158000
70823409169,2019,58000,365700,423700
80935106082,2019,56100,171500,227600
70926413108,2019,48800,134400,183200
70931103059,2019,134400,126300,260700
70919214167,2019,88400,152100,240500
70823121094,2019,20000,103200,123200
70932303020,2019,73900,145700,219600
70828306089,2019,35000,23800,58800
60811408190,2019,76100,175200,251300
70932305183,2019,58500,76700,135200
70926107090,2019,76000,196000,272000
70918105028,2019,168700,466500,635200
70828436042,2019,0,0,0
70913403071,2019,66700,507200,573900
70816321065,2019,64200,251900,316100
60802431043,2019,35000,139700,174700
81031302087,2019,37600,114600,152200
70920308214,2019,109600,198100,307700
71021104080,2019,61000,130600,191600
80925117057,2019,12900,219000,231900
70921111096,2019,127100,294800,421900
71003320026,2019,48400,185000,233400
60903206163,2019,82500,103500,186000
71014203112,2019,58300,172700,231000
60905107070,2019,49500,131200,180700
70922111136,2019,70600,203200,273800
70824106128,2019,125100,397800,522900
81023207336,2019,33600,152200,185800
81026356198,2019,58100,328300,386400
70936311160,2019,60200,144800,205000
80925110134,2019,53500,134100,187600
71014216355,2019,7500,84000,91500
60811111131,2019,103300,288100,391400
81031227128,2019,59100,204600,263700
70828107049,2019,94700,229800,324500
71010106089,2019,57500,182700,240200
71010114149,2019,55700,174100,229800
70919210107,2019,91500,179100,270600
70813325135,2019,15400,172200,187600
81030307054,2019,58900,128500,187400
81021304035,2019,42600,174700,217300
71004314250,2019,58900,158300,217200
71012206085,2019,64700,249100,313800
70828113046,2019,104800,212300,317100
70824206241,2019,105900,385800,491700
70921202168,2019,630000,1575000,2205000
70828443104,2019,0,0,0
70923170264,2019,700,100,800
71010207465,2019,0,0,0
60802417051,2019,70300,173200,243500
71009405096,2019,63200,142400,205600
71011405034,2019,76300,285700,362000
70833302171,2019,216500,417900,634400
70923168855,2019,6500,18500,25000
60901201321,2019,61800,159200,221000
70930402014,2019,74200,265200,339400
70828420201,2019,0,0,0
70912406133,2019,99400,241900,341300
71002410018,2019,9700,0,9700
60811428015,2019,72700,200700,273400
70930416205,2019,75600,237000,312600
70913402198,2019,105200,449800,555000
70833205565,2019,30400,288600,319000
60812119019,2019,20700,157200,177900
70823406298,2019,63600,326900,390500
70921131010,2019,0,0,0
60812214124,2019,19100,192300,211400
71015117164,2019,50700,186500,237200
70913405142,2019,94600,481000,575600
70813310425,2019,20100,179800,199900
70918212196,2019,73200,196600,269800
70824413028,2019,156700,241400,398100
80925410013,2019,51200,152000,203200
71002411157,2019,100,0,100
71010201235,2019,52600,208000,260600
70824411220,2019,185500,225500,411000
70923163855,2019,44900,174300,219200
70912404393,2019,134900,249700,384600
70813323080,2019,134700,509600,644300
71003101145,2019,64200,241900,306100
70824206225,2019,105900,279600,385500
71011121052,2019,44500,223000,267500
70901108170,2019,51000,113300,164300
71007218045,2019,126400,206500,332900
70836213383,2019,11600,117100,128700
70813111120,2019,582500,59800,642300
70834403275,2019,95300,315700,411000
71010105081,2019,55600,204600,260200
71015407036,2019,53100,182200,235300
81026353087,2019,5000,0,5000
70922319061,2019,121400,380300,501700
80925303250,2019,74100,185600,259700
60905214164,2019,5600,58200,63800
60801102132,2019,64900,156300,221200
70913107277,2019,78200,277400,355600
80924431656,2019,400,3100,3500
70825305034,2019,341000,30000,371000
70836105069,2019,70800,186300,257100
71002440073,2019,34100,0,34100
60801113444,2019,58200,140700,198900
80925412332,2019,55200,163000,218200
80925113914,2019,800,1200,2000
70835205109,2019,97700,228100,325800
80925119855,2019,800,1200,2000
60901201066,2019,61100,163900,225000
71010106196,2019,48600,181400,230000
71020309102,2019,23800,163000,186800
70921208091,2019,90200,276500,366700
70824404085,2019,113600,359700,473300
70813301010,2019,75200,269400,344600
70919107388,2019,93000,187500,280500
81016207012,2019,0,0,0
70913216044,2019,415800,575200,991000
71021207024,2019,58600,123000,181600
70922441070,2019,13200,188500,201700
70814202043,2019,96800,296800,393600
70823103050,2019,85600,221400,307000
70816307148,2019,174100,507100,681200
70821204024,2019,111000,433000,544000
70920216772,2019,9200,206000,215200
70824413078,2019,0,0,0
70923174828,2019,3300,11700,15000
81034114033,2019,64200,175200,239400
71005409042,2019,78000,161600,239600
71003307165,2019,54000,193200,247200
70834420021,2019,36000,206000,242000
70920218653,2019,400,14600,15000
80925215033,2019,55700,153800,209500
81027400952,2019,110500,707200,817700
70926207098,2019,80600,192900,273500
70824204287,2019,105900,254600,360500
70816401148,2019,0,0,0
71007219043,2019,126400,281200,407600
71027413138,2019,52400,145600,198000
71002317024,2019,100,0,100
70913324160,2019,79100,248300,327400
81031415054,2019,36700,153500,190200
70912400903,2019,594000,10120200,10714200
71012215292,2019,17700,252900,270600
81031417042,2019,40400,158900,199300
70922438233,2019,65200,317100,382300
81034106022,2019,65800,160400,226200
70835201107,2019,137000,477800,614800
70913103118,2019,100500,200900,301400
80924421160,2019,9900,167600,177500
70823212041,2019,90800,218700,309500
70836409239,2019,75500,154800,230300
70928106280,2019,108400,218700,327100
70924218493,2019,51300,754900,806200
70936406325,2019,60900,174100,235000
81027105031,2019,36700,110500,147200
71016209217,2019,73900,149900,223800
70913433218,2019,8700,200600,209300
60802115085,2019,20500,123000,143500
70923134179,2019,86300,400500,486800
70833302585,2019,216500,458500,675000
70933204102,2019,151500,434000,585500
70922319186,2019,146700,306600,453300
71008104037,2019,38600,162900,201500
80935104135,2019,56100,167600,223700
80926204043,2019,82900,129200,212100
70901105332,2019,53200,143300,196500
70921126102,2019,113800,222800,336600
70928219215,2019,147000,214200,361200
71005308070,2019,43800,107700,151500
70934301105,2019,1914000,1757000,3671000
70823205393,2019,18100,222800,240900
71016107073,2019,66500,102600,169100
70928116081,2019,126600,282700,409300
70923103091,2019,480000,1072000,1552000
71006115044,2019,63800,204600,268400
81031229075,2019,33400,0,33400
70824207083,2019,115900,319000,434900
60803104269,2019,96700,202100,298800
70918322375,2019,0,2000,2000
70919227293,2019,34400,265400,299800
70921118092,2019,129100,336200,465300
71016208160,2019,86100,176500,262600
80925118899,2019,800,1200,2000
70922221109,2019,175900,494300,670200
70923164465,2019,44900,184500,229400
81031221063,2019,38100,113500,151600
71005228046,2019,47100,142800,189900
80924430955,2019,400,1600,2000
71001313099,2019,92000,339300,431300
70929124637,2019,0,10000,10000
70919412109,2019,55200,188000,243200
71007317037,2019,53900,226100,280000
80925204086,2019,57100,189500,246600
71035115180,2019,64400,229000,293400
70835124276,2019,500,1500,2000
70921213248,2019,79400,297300,376700
70923168110,2019,6500,18500,25000
70835105028,2019,14400,72000,86400
70923105154,2019,1007000,6512000,7519000
70928322092,2019,164200,709800,874000
70835112156,2019,90900,323600,414500
60801225207,2019,15000,141900,156900
81032306012,2019,165000,505000,670000
70936407183,2019,58800,141200,200000
80925417019,2019,34100,61100,95200
70836203300,2019,75100,200600,275700
71010403138,2019,59700,207000,266700
60812323248,2019,28500,169100,197600
70923123156,2019,137700,476400,614100
81026204016,2019,3600,0,3600
70918304183,2019,58800,179600,238400
70923165033,2019,37600,115700,153300
70820105215,2019,100,0,100
60812217037,2019,33100,192600,225700
71009405038,2019,63300,121700,185000
71005320149,2019,105800,273200,379000
71030212014,2019,0,0,0
70928208200,2019,97800,272000,369800
60803104095,2019,103200,211600,314800
70936301103,2019,61800,153500,215300
71010410191,2019,67700,132300,200000
71010415167,2019,73800,220900,294700
70926213053,2019,85500,203300,288800
70932112158,2019,84700,140000,224700
71026404055,2019,72200,357200,429400
71001302026,2019,65300,179600,244900
81026424028,2019,100,0,100
70923171345,2019,1100,800,1900
60811422067,2019,80300,211800,292100
70923160471,2019,8000,7000,15000
70919227277,2019,39900,350100,390000
70828202021,2019,900,0,900
70919401376,2019,118600,290600,409200
70922438209,2019,70500,170000,240500
60812302367,2019,68400,189600,258000
60812405377,2019,83000,269500,352500
70821404054,2019,104700,398800,503500
71006417094,2019,60600,209100,269700
80925218053,2019,48500,200700,249200
70921118084,2019,129100,350900,480000
70828121023,2019,77700,189400,267100
71002303297,2019,30800,204500,235300
70913222207,2019,8800,285700,294500
60901101109,2019,0,0,0
70923103108,2019,384000,1000,385000
70836210199,2019,11400,133600,145000
71005206068,2019,45400,153600,199000
70814102095,2019,106300,309400,415700
70923137991,2019,1200,4800,6000
70826312088,2019,69500,255700,325200
71006131149,2019,65100,163700,228800
70913132018,2019,263000,5240000,5503000
80924435020,2019,11800,202800,214600
71012201118,2019,65900,215700,281600
71006306239,2019,32000,228900,260900
70936314015,2019,41800,100600,142400
71004302081,2019,0,0,0
70824216018,2019,111300,433900,545200
60802413570,2019,0,0,0
70922424026,2019,215600,277200,492800
70935201031,2019,66200,177800,244000
60801411103,2019,73200,234600,307800
70923125277,2019,240000,1508000,1748000
70828414014,2019,0,0,0
60812320038,2019,0,0,0
70828119185,2019,98500,199000,297500
70824301041,2019,96900,245800,342700
70836208459,2019,33700,135300,169000
81030204234,2019,49000,109500,158500
70824221033,2019,156600,543800,700400
71009307036,2019,75800,165000,240800
70835303127,2019,78200,218100,296300
70921319012,2019,82300,306700,389000
70922416065,2019,77200,186400,263600
70814312488,2019,26100,250700,276800
71027201814,2019,0,0,0
70824404390,2019,119100,336400,455500
70920106212,2019,119100,234900,354000
71003302032,2019,54100,141700,195800
71002444124,2019,100,0,100
81034108466,2019,61600,168800,230400
70923145473,2019,8000,7000,15000
71003415215,2019,58000,255600,313600
70920418063,2019,143600,132000,275600
70813320036,2019,14600,104100,118700
71015403258,2019,55900,246400,302300
71004404027,2019,49500,173100,222600
80925112750,2019,800,1200,2000
70924222022,2019,1666400,9121000,10787400
81026361030,2019,100,0,100
70920127200,2019,22000,267300,289300
70826412391,2019,10000,76700,86700
70820118127,2019,100,0,100
71009409064,2019,67000,128000,195000
80924420964,2019,400,1600,2000
81021109229,2019,69900,189100,259000
71009229016,2019,1560000,390000,1950000
71030202023,2019,319600,555400,875000
70921413161,2019,158500,337700,496200
60803112014,2019,100400,301500,401900
70928307143,2019,121600,237300,358900
70826212056,2019,18800,184600,203400
70920107062,2019,116900,215900,332800
71002303049,2019,31000,201100,232100
70921216143,2019,71000,263200,334200
71009212029,2019,58900,135300,194200
70912406175,2019,94200,241600,335800
70833302634,2019,216500,672700,889200
70826211305,2019,13700,63200,76900
70835208236,2019,78200,229700,307900
60905112186,2019,50800,111500,162300
80936103053,2019,14900,113600,128500
70930101145,2019,80900,225700,306600
81033401069,2019,641500,441600,1083100
71006433074,2019,114100,302800,416900
81033209231,2019,680000,1405000,2085000
71011406090,2019,88800,320300,409100
60811421043,2019,16000,179100,195100
60801118080,2019,66700,153200,219900
70920406068,2019,130100,216600,346700
70929224049,2019,87700,151300,239000
70834426152,2019,29000,127900,156900
70922415067,2019,67300,363400,430700
60802115176,2019,20500,119200,139700
80924413711,2019,400,1600,2000
81028304046,2019,0,0,0
70814420059,2019,15200,156100,171300
70919302194,2019,109600,195200,304800
70913331131,2019,151700,115300,267000
81021304267,2019,53400,185800,239200
71035108028,2019,73800,268400,342200
70922217108,2019,309100,608400,917500
60906203132,2019,54100,164300,218400
80926114250,2019,18300,116700,135000
71012214020,2019,19400,210800,230200
70913314369,2019,0,0,0
81028103117,2019,58600,149900,208500
71015101323,2019,80900,112600,193500
80924443841,2019,400,1600,2000
81031405104,2019,36700,135600,172300
60811111165,2019,105100,252000,357100
71005204096,2019,73300,153600,226900
80925116736,2019,800,1200,2000
71015111265,2019,53100,184100,237200
81026369034,2019,9200,0,9200
71003403129,2019,51200,192400,243600
71006109013,2019,38700,137900,176600
70932201159,2019,74200,234200,308400
60802104351,2019,86100,164200,250300
70931102043,2019,113400,138700,252100
70913202192,2019,75400,277400,352800
70828309158,2019,64900,0,64900
81030403092,2019,0,0,0
70826201182,2019,497000,766000,1263000
71006111274,2019,69200,118800,188000
70922203074,2019,122800,129500,252300
71007214217,2019,104000,163100,267100
71005108040,2019,48100,103700,151800
71004405059,2019,48300,144300,192600
81015403041,2019,228500,0,228500
60802310205,2019,95300,236700,332000
70835315122,2019,51900,331800,383700
71011113158,2019,65100,253700,318800
70929123267,2019,17900,306200,324100
71009314031,2019,66800,139100,205900
70932404133,2019,417000,148000,565000
71019409195,2019,78200,104200,182400
70913401091,2019,137900,187900,325800
70920304189,2019,106200,275400,381600
81032403165,2019,42800,130200,173000
71016402085,2019,61800,135900,197700
70823203115,2019,113600,261100,374700
70912402040,2019,107100,343900,451000
70822414648,2019,11800,103800,115600
81021412036,2019,44800,172500,217300
71016110183,2019,60800,119400,180200
80925411029,2019,62100,171200,233300
70920307282,2019,96600,244200,340800
81021107207,2019,57600,196700,254300
71002316050,2019,2700,0,2700
71006130183,2019,44000,161000,205000
70930411015,2019,70000,197300,267300
71006212098,2019,79400,164000,243400
70928117302,2019,75800,167200,243000
70836427017,2019,30900,96100,127000
70930104058,2019,76400,230600,307000
70918409173,2019,176700,131100,307800
70936409288,2019,66900,161700,228600
70914431039,2019,192300,715200,907500
80925416235,2019,60700,147300,208000
71010107251,2019,57200,169900,227100
81023310030,2019,35600,100100,135700
71016201289,2019,107700,135300,243000
70833411146,2019,46200,206800,253000
60801212444,2019,68700,165800,234500
70929222085,2019,96200,458800,555000
71011124139,2019,41300,246200,287500
71009316128,2019,68800,156500,225300
60903201204,2019,77900,166400,244300
71003412138,2019,50600,180200,230800
80925113972,2019,800,1200,2000
71005224052,2019,65300,94200,159500
81031213169,2019,52400,95100,147500
70923173474,2019,3300,5900,9200
71007309232,2019,128500,379400,507900
71010216193,2019,21000,54900,75900
81031418024,2019,38400,136100,174500
70926415071,2019,46100,85000,131100
70921410141,2019,122800,191500,314300
71002406190,2019,48900,222700,271600
70823112027,2019,89400,211200,300600
60904102055,2019,83200,251300,334500
70920402397,2019,131000,230800,361800
70931202223,2019,78000,150200,228200
80924412060,2019,8000,137400,145400
71011108604,2019,30000,240900,270900
70921408188,2019,190900,533600,724500
70923148831,2019,4200,800,5000
70834309134,2019,30700,0,30700
70924220365,2019,0,12000,12000
81031215082,2019,35800,164200,200000
70913346437,2019,88400,477600,566000
80926207071,2019,67100,222100,289200
70928223133,2019,91900,218100,310000
70822107201,2019,0,0,0
70815309129,2019,63400,394200,457600
81027208067,2019,69600,183300,252900
70936304074,2019,65600,136700,202300
60904102013,2019,81600,189700,271300
70921301324,2019,0,0,0
60802417150,2019,81900,203900,285800
70923123106,2019,129400,195200,324600
81032423189,2019,31600,125600,157200
80925413166,2019,51600,117500,169100
70923411402,2019,31100,283900,315000
81030307046,2019,54300,153200,207500
70912101064,2019,114300,16900,131200
60801315016,2019,79000,266000,345000
60812214091,2019,19100,183500,202600
71016203251,2019,63600,0,63600
71014108396,2019,10700,174300,185000
60802309323,2019,98100,188100,286200
70929224031,2019,87700,174500,262200
71010407148,2019,58700,143600,202300
70923313020,2019,105000,352000,457000
60906107160,2019,61800,152800,214600
80935102030,2019,59300,111500,170800
70923153301,2019,1300,23700,25000
60812121288,2019,79900,233000,312900
80926204051,2019,86700,106500,193200
70823121036,2019,20000,103200,123200
71001323296,2019,67600,236300,303900
70826307013,2019,115200,291300,406500
70833413093,2019,44700,367700,412400
71008108104,2019,25200,154800,180000
71003303056,2019,56300,141000,197300
70920420365,2019,156300,96100,252400
70901109194,2019,70700,136300,207000
70826211032,2019,11700,51100,62800
70918225199,2019,35600,174400,210000
70919214018,2019,110300,145400,255700
70932305018,2019,56000,128500,184500
71006213103,2019,35400,284900,320300
71010315234,2019,55000,180200,235200
70928318025,2019,173300,441600,614900
71014213038,2019,54600,169900,224500
71016402275,2019,0,0,0
70835309125,2019,84900,226100,311000
70834214292,2019,27000,265000,292000
71035112079,2019,70600,311300,381900
70935108013,2019,0,0,0
70928315021,2019,98000,314700,412700
70926104187,2019,80300,146200,226500
70918102032,2019,620300,393700,1014000
70931405174,2019,105500,117800,223300
60801225364,2019,15000,142300,157300
71007243430,2019,0,15000,15000
70823205377,2019,18100,282200,300300
80924305108,2019,79300,226500,305800
70924216025,2019,381000,645000,1026000
60802112106,2019,86200,186600,272800
60906111161,2019,71700,217400,289100
70918409206,2019,105700,0,105700
70814422047,2019,85900,183400,269300
70926113089,2019,77200,210300,287500
60811422033,2019,80300,190200,270500
80936410101,2019,97000,496000,593000
70914302074,2019,408000,2637000,3045000
70919304083,2019,90900,185100,276000
80925401145,2019,54300,150700,205000
70922406131,2019,129700,163500,293200
70922301050,2019,107500,334700,442200
70814417147,2019,93400,238400,331800
71010113109,2019,48700,194300,243000
70936305296,2019,60400,162900,223300
81028118489,2019,10800,96700,107500
71004316066,2019,48300,167600,215900
80936202136,2019,69200,168300,237500
70923136117,2019,26000,299400,325400
70924214186,2019,34500,722500,757000
70814101120,2019,101900,403300,505200
80925416160,2019,66100,164100,230200
70920218174,2019,400,14600,15000
70824217066,2019,129000,395900,524900
80936207144,2019,56900,213200,270100
71006401097,2019,59700,248300,308000
60904109225,2019,98900,231700,330600
70914302115,2019,480000,1657000,2137000
70919109110,2019,109700,234300,344000
60904104069,2019,84500,166300,250800
60803101067,2019,101000,187300,288300
70913406215,2019,92400,354900,447300
70929210113,2019,81400,199900,281300
70923158088,2019,45200,125400,170600
71010413202,2019,58700,157300,216000
60802109070,2019,71100,197100,268200
70913111038,2019,80300,227900,308200
70833121216,2019,95800,240100,335900
70922206044,2019,308000,1702000,2010000
60811413123,2019,86600,210900,297500
81031300859,2019,181600,561900,743500
80925402135,2019,60300,167300,227600
71009219166,2019,46800,155200,202000
70920214164,2019,19000,333000,352000
70834211040,2019,68300,233300,301600
70833302460,2019,207000,396700,603700
60804106199,2019,185500,579500,765000
80926203178,2019,66200,214500,280700
70930302024,2019,0,0,0
70921414143,2019,98600,342400,441000
70912414037,2019,9000,98200,107200
70919226104,2019,97600,270500,368100
70923143740,2019,44900,235600,280500
71021105046,2019,60100,135300,195400
70920113126,2019,111900,192900,304800
71004200920,2019,0,0,0
71020300902,2019,4700,0,4700
70913308015,2019,0,0,0
70932306181,2019,73500,167900,241400
80925121082,2019,12200,274500,286700
80924435880,2019,400,1600,2000
71005111225,2019,65100,103500,168600
81033202160,2019,38300,147000,185300
70922113017,2019,180000,2920000,3100000
70833205078,2019,29200,264400,293600
70926204151,2019,81000,262600,343600
70928102030,2019,83100,321400,404500
70833409084,2019,46200,195800,242000
70836405196,2019,63900,157400,221300
70921220011,2019,121200,368800,490000
70922205020,2019,550000,355000,905000
81026351073,2019,36800,126100,162900
70813333188,2019,26300,249900,276200
70923159408,2019,8000,7000,15000
70836213359,2019,11600,132200,143800
70926108204,2019,80000,187000,267000
60801212163,2019,77400,132800,210200
70926204135,2019,81000,218200,299200
71010213157,2019,610000,2500000,3110000
71016209043,2019,65800,263000,328800
70936305345,2019,64800,176700,241500
70824414464,2019,13900,89000,102900
70834308681,2019,140400,293800,434200
71027418097,2019,77500,153500,231000
80925410203,2019,52700,138800,191500
60812407315,2019,79200,202000,281200
70918322193,2019,0,2000,2000
71007223333,2019,0,0,0
70923133262,2019,153800,149700,303500
80936407059,2019,72300,137100,209400
71010404045,2019,59000,183700,242700
70921401075,2019,122800,205200,328000
71015107082,2019,61300,139900,201200
71007115134,2019,76600,146400,223000
70823303147,2019,83500,239000,322500
80923100947,2019,0,0,0
70931208437,2019,71000,219800,290800
70928207062,2019,89900,303100,393000
70813404054,2019,297300,414300,711600
70914421163,2019,100000,697000,797000
70933206116,2019,185900,496800,682700
71003410116,2019,49900,207200,257100
71004407295,2019,45300,156400,201700
71012303039,2019,117800,100000,217800
70923168574,2019,3400,13800,17200
81031423081,2019,17400,162600,180000
70928308109,2019,91600,194200,285800
81032426092,2019,0,0,0
81033203118,2019,38300,146100,184400
70913203067,2019,105400,339000,444400
60802413372,2019,0,0,0
70932422010,2019,48800,109000,157800
70923161544,2019,0,0,0
71012101045,2019,2800,0,2800
70913214080,2019,130400,239600,370000
70926401145,2019,80600,149400,230000
60803104061,2019,103200,169500,272700
70826419925,2019,0,4000,4000
70826416054,2019,21500,120500,142000
60802408042,2019,70100,206900,277000
80936114076,2019,13800,93100,106900
70823118017,2019,12800,88000,100800
80935108393,2019,636900,245700,882600
60801401120,2019,78800,144300,223100
60801414305,2019,80900,215600,296500
70914412063,2019,369400,136900,506300
70826313169,2019,76400,212700,289100
81033411026,2019,34000,168000,202000
70918320113,2019,20500,67600,88100
70828119078,2019,108500,213800,322300
71012206168,2019,61300,284400,345700
60812325228,2019,17100,106700,123800
70921104116,2019,81900,247900,329800
71002303221,2019,34800,202700,237500
60812407331,2019,80800,225600,306400
71011404119,2019,92500,296900,389400
71006418117,2019,72000,303500,375500
70914419407,2019,147300,1093800,1241100
71004301091,2019,62700,160600,223300
71001325036,2019,24900,137700,162600
71015201199,2019,74900,199100,274000
70913344233,2019,33400,378400,411800
70824305027,2019,119600,238400,358000
70928219322,2019,0,0,0
81030203195,2019,48700,112500,161200
81030309050,2019,59600,137800,197400
70913414151,2019,60000,500000,560000
70836209051,2019,915000,4745000,5660000
70828306138,2019,35000,239900,274900
70919306138,2019,131800,404800,536600
81026367038,2019,3200,0,3200
70929123233,2019,15000,246500,261500
70833103115,2019,0,0,0
70901101067,2019,65700,106600,172300
70929303372,2019,78200,249500,327700
70923156842,2019,5000,10000,15000
70823303080,2019,98200,252300,350500
71006446085,2019,3000,35000,38000
81022405048,2019,576000,8949000,9525000
71005345056,2019,75800,184200,260000
70932117059,2019,205000,456500,661500
60906202134,2019,62600,158800,221400
80925111025,2019,53500,141300,194800
81033208085,2019,0,0,0
70935201255,2019,66200,182300,248500
81019307132,2019,61400,163600,225000
70914436419,2019,113700,856300,970000
70921203059,2019,132000,512900,644900
70918319273,2019,20500,104900,125400
71009415037,2019,65300,164700,230000
80924425089,2019,9900,170700,180600
70931306207,2019,99000,160900,259900
70813307050,2019,130500,286900,417400
71003304202,2019,63800,182200,246000
70923156280,2019,3300,11700,15000
71005109048,2019,50600,97100,147700
81030305058,2019,68500,208400,276900
60812222177,2019,23800,164600,188400
70920301200,2019,134900,238100,373000
70929103219,2019,103000,260400,363400
70913102053,2019,77600,168300,245900
70826204178,2019,176000,979000,1155000
71011113223,2019,67800,313000,380800
70922235019,2019,0,0,0
70820115181,2019,115500,0,115500
70920302159,2019,145400,451600,597000
81028112209,2019,57100,178000,235100
70928108046,2019,108200,231500,339700
81030307294,2019,59800,133500,193300
71019411041,2019,9000,73800,82800
70928207088,2019,89900,287700,377600
70823413219,2019,29100,180200,209300
70933201108,2019,161000,267300,428300
81031222087,2019,36900,129000,165900
80925212039,2019,54300,156800,211100
70913415092,2019,62500,378000,440500
60801226073,2019,16200,158700,174900
81028119429,2019,10100,87200,97300
70929119084,2019,89900,183100,273000
70814405142,2019,88800,226200,315000
71021202206,2019,70600,195400,266000
60905214198,2019,5600,58200,63800
80935102048,2019,60800,99300,160100
80936402083,2019,41000,479000,520000
60811104136,2019,103300,281000,384300
70921418054,2019,83300,267700,351000
70835122676,2019,6500,74200,80700
70913428061,2019,229600,35700,265300
70930104032,2019,73200,204800,278000
70928210114,2019,89700,340900,430600
71006423273,2019,55300,152400,207700
70824212032,2019,111300,310500,421800
71004314325,2019,58500,172000,230500
71035121020,2019,58400,252600,311000
70813314245,2019,9800,168400,178200
70921419094,2019,131700,344600,476300
70823413095,2019,29100,172600,201700
60801212387,2019,79800,203600,283400
80925114772,2019,800,1200,2000
71035122078,2019,56300,222500,278800
70922424076,2019,127800,278100,405900
60812319057,2019,84300,236500,320800
60905202987,2019,104500,126100,230600
60803119036,2019,35700,269300,305000
71009413148,2019,63300,135100,198400
70822104025,2019,129000,304000,433000
70836201130,2019,76500,180100,256600
71006122023,2019,35300,120900,156200
70922408137,2019,117700,341600,459300
60802412291,2019,54200,178800,233000
70826404083,2019,86100,180000,266100
71009303133,2019,46000,212000,258000
71010408120,2019,51200,169200,220400
71009217128,2019,52000,135200,187200
81034310087,2019,0,0,0
71012217222,2019,66100,191500,257600
60812305254,2019,79300,182700,262000
70928106165,2019,104300,336100,440400
60811204085,2019,102400,202500,304900
71009216120,2019,50300,187200,237500
70823406404,2019,58000,221600,279600
70836219018,2019,25000,136000,161000
70914436451,2019,86100,586500,672600
60812202252,2019,89100,139100,228200
70920304072,2019,102500,208300,310800
70923148906,2019,4200,800,5000
70823210491,2019,109800,275000,384800
70920413089,2019,127100,210800,337900
70836115050,2019,84700,186900,271600
71005316312,2019,63200,300800,364000
70922409094,2019,171200,284500,455700
70815310118,2019,18900,201900,220800
60906209057,2019,55000,152200,207200
60801308087,2019,79500,148200,227700
81031412240,2019,39600,194200,233800
71006204293,2019,41600,93400,135000
60811415244,2019,84200,176400,260600
80924427960,2019,400,1600,2000
70813310227,2019,11400,136500,147900
81034312033,2019,82000,364000,446000
71004315266,2019,58500,159300,217800
70918319033,2019,20500,109000,129500
70817403052,2019,0,0,0
71004402047,2019,49200,150900,200100
70833113148,2019,95900,264400,360300
70826310040,2019,100200,370300,470500
81022405030,2019,648000,1719000,2367000
81034325078,2019,30000,104100,134100
70931102168,2019,140400,120100,260500
60801209102,2019,84000,166400,250400
70923318202,2019,40000,2000,42000
71016417050,2019,61800,236200,298000
70923412468,2019,1700,16300,18000
70930103076,2019,73900,225100,299000
70922410116,2019,127800,253600,381400
70821411041,2019,100300,413800,514100
60812330334,2019,0,5000,5000
70835318126,2019,94800,278200,373000
70919409023,2019,115500,219700,335200
70829111015,2019,97900,391200,489100
70929209348,2019,83800,160300,244100
70926205050,2019,78300,178000,256300
70923412442,2019,1700,16300,18000
71010101063,2019,55600,177600,233200
71003101088,2019,53100,216200,269300
71007216213,2019,68200,329800,398000
70833403086,2019,189600,362600,552200
71002104025,2019,1200000,0,1200000
70918320105,2019,20500,107400,127900
70833411063,2019,46200,208800,255000
70926407010,2019,80600,171600,252200
70834427150,2019,21500,123500,145000
80936108011,2019,14900,95600,110500
70926207155,2019,77000,544000,621000
60802316352,2019,18000,0,18000
70824301231,2019,96200,168800,265000
70836432024,2019,34000,100900,134900
81031411177,2019,38100,149900,188000
81028108125,2019,63000,153600,216600
70835120034,2019,16100,72400,88500
70835318176,2019,81300,183200,264500
70836110018,2019,73200,195000,268200
70923127190,2019,0,0,0
70835315255,2019,51900,344700,396600
70923408186,2019,54100,148900,203000
71006118139,2019,45600,199400,245000
70919223077,2019,101700,171300,273000
71010120146,2019,78100,150500,228600
70919227491,2019,30300,223800,254100
70920105165,2019,120800,178700,299500
70820107021,2019,100,0,100
70929419286,2019,86500,209200,295700
70814303114,2019,104500,229900,334400
70932110201,2019,133700,350000,483700
70926412241,2019,30400,232800,263200
70821411166,2019,103100,289100,392200
71004311024,2019,54100,157600,211700
70833411013,2019,46200,210200,256400
60801412292,2019,77100,237000,314100
71012203015,2019,0,0,0
70936309123,2019,56900,158000,214900
70929224164,2019,86100,193300,279400
71005331138,2019,147900,390400,538300
70936407175,2019,58800,141000,199800
71005226131,2019,45400,149000,194400
71020301017,2019,303600,206900,510500
70926206066,2019,34500,177700,212200
70822110098,2019,47800,167500,215300
71005231271,2019,61500,142300,203800
60812202179,2019,81200,228800,310000
71003101096,2019,53100,224200,277300
70930409234,2019,71100,177100,248200
70923161403,2019,8000,7000,15000
70929106148,2019,107800,244200,352000
70929404021,2019,0,0,0
81034200923,2019,0,0,0
71016419048,2019,264000,814600,1078600
71010306150,2019,49400,153400,202800
70922417104,2019,64600,236700,301300
70826422192,2019,0,0,0
70922214013,2019,140500,331900,472400
70913125138,2019,91900,368900,460800
70923144136,2019,8000,7000,15000
71006305497,2019,57800,243200,301000
70901109061,2019,68400,150400,218800
60812209018,2019,120000,545000,665000
71005318235,2019,84900,197400,282300
70813406034,2019,637700,344800,982500
70930104024,2019,73200,170900,244100
70829405054,2019,50600,0,50600
70929124398,2019,0,10000,10000
70918415972,2019,10500,103500,114000
80926204077,2019,71400,122600,194000
60801226461,2019,16200,181600,197800
70828316278,2019,100,0,100
70930410083,2019,82100,185000,267100
71006128534,2019,49800,107000,156800
60801311220,2019,79800,278500,358300
70821212150,2019,100,0,100
70826417440,2019,21500,117400,138900
70912412049,2019,484000,321000,805000
70814410125,2019,0,0,0
70928218100,2019,77400,328100,405500
70923153260,2019,1300,23700,25000
71003208131,2019,53100,164400,217500
71010303130,2019,63000,131400,194400
71006310123,2019,19300,178700,198000
71002434034,2019,10100,0,10100
70913426023,2019,341300,206600,547900
70920414326,2019,134200,154900,289100
71004317022,2019,59000,128500,187500
70914427088,2019,87000,610000,697000
71001330051,2019,25200,117700,142900
60812307242,2019,81100,192300,273400
70826419636,2019,0,4000,4000
70923412012,2019,1700,16300,18000
80926403025,2019,57500,134500,192000
70933206041,2019,244600,590400,835000
60801105160,2019,67400,172200,239600
80925112974,2019,800,1200,2000
80925112734,2019,800,1200,2000
70920405135,2019,107100,247500,354600
81035107011,2019,0,0,0
70920214065,2019,15200,276800,292000
70923143211,2019,44900,296800,341700
70836216212,2019,5500,95400,100900
71010201053,2019,57000,193800,250800
60801116117,2019,66100,207900,274000
70824206043,2019,119400,238900,358300
70923167906,2019,3400,13800,17200
70929428162,2019,133200,212900,346100
70931208130,2019,101900,205300,307200
70921115189,2019,113800,363400,477200
70919404130,2019,100900,212900,313800
81034418146,2019,64500,248200,312700
60801112264,2019,60800,200900,261700
70928321060,2019,168300,347200,515500
80924101209,2019,85500,305100,390600
70833302551,2019,216500,303500,520000
71005346054,2019,11400,231100,242500
71002438094,2019,43300,250300,293600
71006211123,2019,45400,154400,199800
70836207039,2019,35400,122600,158000
81032408199,2019,56700,313300,370000
70920220195,2019,0,7400,7400
80924417820,2019,400,1600,2000
71003103042,2019,56100,237700,293800
70816303089,2019,171600,465400,637000
80925208179,2019,55200,118100,173300
71005224044,2019,48200,236100,284300
70929104217,2019,97200,296600,393800
70920214081,2019,18100,233500,251600
60812325244,2019,18900,190500,209400
71016201156,2019,69500,175400,244900
81019304196,2019,65200,162600,227800
70929214066,2019,100600,211000,311600
60811421225,2019,19000,208700,227700
81031302186,2019,50300,92000,142300
70930204014,2019,1967800,5519100,7486900
70924220373,2019,0,12000,12000
70813109141,2019,121700,457300,579000
71014117032,2019,28400,129100,157500
60803107057,2019,103200,186500,289700
71012211109,2019,63700,213600,277300
71007224068,2019,97800,299700,397500
70932307105,2019,83200,180800,264000
70931208487,2019,99300,137900,237200
70836406061,2019,60400,147500,207900
70920123159,2019,15200,90300,105500
71007202212,2019,87900,227100,315000
71007104096,2019,97600,423500,521100
80936110066,2019,13800,95800,109600
80926206081,2019,69200,193300,262500
60812325335,2019,17100,107400,124500
71019402058,2019,284700,363700,648400
81030210083,2019,53700,109400,163100
60801411096,2019,72200,208600,280800
71007107016,2019,109100,416800,525900
71016104095,2019,63400,94500,157900
70923411759,2019,4800,463700,468500
70829419021,2019,16300,0,16300
70914427103,2019,118000,878600,996600
70929121203,2019,114700,314300,429000
70936403181,2019,66800,130300,197100
81034108127,2019,69400,215600,285000
80925302054,2019,60300,167400,227700
71016206172,2019,66700,140000,206700
71016418024,2019,0,0,0
70932210978,2019,0,5000,5000
70933203154,2019,145900,524900,670800
60801412036,2019,73700,220200,293900
70814416024,2019,89000,194100,283100
70836209027,2019,231000,1685000,1916000
71010104215,2019,54200,172800,227000
70935113096,2019,49900,118000,167900
70920126070,2019,20600,183800,204400
81014303705,2019,11300,0,11300
70933207023,2019,0,0,0
70835125068,2019,500,1500,2000
70922209098,2019,139400,386300,525700
81034303040,2019,44100,213000,257100
70929303380,2019,78200,231800,310000
70936309024,2019,60100,164400,224500
71014202453,2019,54300,205300,259600
81034409286,2019,75400,185400,260800
70836203144,2019,76400,237600,314000
70918414213,2019,0,0,0
81031406136,2019,36500,135700,172200
70934405048,2019,572000,469000,1041000
70917101275,2019,51500,240100,291600
80926109128,2019,53500,126400,179900
70923168293,2019,6500,18500,25000
80924419040,2019,8600,150000,158600
81028113091,2019,85700,176500,262200
81019305095,2019,56300,167200,223500
71021203238,2019,90600,140200,230800
70932111035,2019,87000,180200,267200
80926108211,2019,54900,150800,205700
70921420041,2019,109100,340800,449900
70834216107,2019,96200,358200,454400
70933401097,2019,106000,319000,425000
70813402339,2019,228000,0,228000
80925121983,2019,800,1200,2000
70923413870,2019,0,5000,5000
70931302289,2019,106900,152500,259400
71014214490,2019,8100,130500,138600
70824207158,2019,107500,194000,301500
81032200983,2019,0,0,0
71007237029,2019,0,0,0
70931103322,2019,103800,144100,247900
60812117071,2019,77600,150900,228500
81019308081,2019,61400,163800,225200
80924433959,2019,400,1600,2000
71006114129,2019,59400,151900,211300
70814403162,2019,90000,181800,271800
70919227425,2019,33600,213900,247500
70815305060,2019,168400,306400,474800
81021105053,2019,66300,203700,270000
71005326072,2019,101700,257700,359400
71015106076,2019,66400,125900,192300
81035105015,2019,346000,0,346000
71010304021,2019,54200,134300,188500
81023205017,2019,0,0,0
70913318072,2019,133400,126700,260100
70922331122,2019,195700,420100,615800
60905204074,2019,88000,226000,314000
70914420214,2019,332000,525000,857000
71010408097,2019,53400,141500,194900
71010301168,2019,49800,160400,210200
70813112029,2019,100600,185700,286300
71004304136,2019,52800,149200,202000
71011126044,2019,67100,351800,418900
70822102037,2019,99700,235000,334700
71015104062,2019,61300,139500,200800
60904110157,2019,94800,299300,394100
70935205083,2019,40900,98600,139500
81034302109,2019,44100,154500,198600
71005313186,2019,65100,217800,282900
81028105014,2019,32000,163000,195000
71005403078,2019,41800,163200,205000
70935212012,2019,0,0,0
71006129160,2019,43300,54900,98200
71027411231,2019,76500,123500,200000
71004307130,2019,54100,152700,206800
81032409105,2019,46400,104900,151300
81030302103,2019,68300,136700,205000
71006113105,2019,60300,210500,270800
71001306078,2019,62800,207300,270100
71010307067,2019,54200,166700,220900
70833121232,2019,95300,310200,405500
70921421081,2019,142900,416600,559500
71006212080,2019,71100,105100,176200
70923131050,2019,90000,618000,708000
60802432025,2019,35000,150700,185700
81034203050,2019,70800,186700,257500
70928204117,2019,97800,269100,366900
70922333095,2019,183200,406100,589300
70823409127,2019,50000,215000,265000
71014213294,2019,61600,181800,243400
81023309075,2019,35600,101400,137000
70923173507,2019,3300,5900,9200
81021403382,2019,54100,179600,233700
71006113056,2019,61800,152700,214500
60906206269,2019,60300,151600,211900
80924406774,2019,400,1600,2000
70921317149,2019,113200,157300,270500
70923140746,2019,1500,13500,15000
80926401087,2019,59900,139700,199600
70836210024,2019,11400,119500,130900
70828442031,2019,0,0,0
81015104053,2019,58600,194000,252600
70935302110,2019,31500,5000,36500
70928107303,2019,109100,275900,385000
70924220175,2019,0,10000,10000
70826403217,2019,0,0,0
81034203133,2019,67000,152900,219900
71006410238,2019,62900,261500,324400
70826419074,2019,0,4000,4000
71006124061,2019,46900,150800,197700
71010305269,2019,55200,183800,239000
80925109103,2019,53500,158600,212100
60812213043,2019,22400,182600,205000
70921206160,2019,60400,107600,168000
80924410717,2019,400,1600,2000
70926116067,2019,81000,163000,244000
81021406047,2019,57300,177800,235100
70929221128,2019,88300,171400,259700
70936316029,2019,20400,93700,114100
70923141869,2019,200,500,700
71005336112,2019,100700,408600,509300
70824301108,2019,93500,244000,337500
70926413075,2019,45600,173200,218800
70913112193,2019,73100,218700,291800
71004311115,2019,54100,138200,192300
81023304140,2019,35600,143400,179000
71005404034,2019,42100,196000,238100
71034103475,2019,70100,202500,272600
70836403174,2019,76400,170200,246600
71006311014,2019,88000,41900,129900
70935202196,2019,66200,177800,244000
71008105077,2019,38000,199300,237300
71007208187,2019,52600,220400,273000
71004314127,2019,54700,140300,195000
71005108131,2019,50600,191400,242000
70814302091,2019,103100,222100,325200
70923134103,2019,82000,371200,453200
71016111066,2019,59700,136300,196000
71035113051,2019,69700,261900,331600
60905214320,2019,4200,44600,48800
70921103100,2019,88300,302200,390500
71035122086,2019,64700,244400,309100
80925410302,2019,48500,174700,223200
70920218637,2019,400,14600,15000
70914406016,2019,163400,181600,345000
70918314059,2019,327300,105600,432900
70928111239,2019,146300,406600,552900
70932403028,2019,98000,182000,280000
80925306353,2019,59600,91100,150700
70913403146,2019,103500,265400,368900
60802101109,2019,67000,184500,251500
71021221131,2019,61000,191500,252500
70935306146,2019,125500,175400,300900
81034407058,2019,67500,188700,256200
81023307186,2019,35600,91400,127000
81027202085,2019,63300,129100,192400
70826204136,2019,14400,80500,94900
71003409135,2019,54700,206800,261500
81035103051,2019,65400,0,65400
70923316173,2019,74800,170700,245500
81028122018,2019,10100,77300,87400
70923173672,2019,3300,5900,9200
70923123180,2019,203000,270300,473300
71007225181,2019,74200,169500,243700
80925217039,2019,57600,139400,197000
71011220309,2019,11300,209900,221200
70824314036,2019,23700,135800,159500
60903208044,2019,16400,85300,101700
70936407365,2019,58800,151600,210400
81031206057,2019,64900,97300,162200
70828121031,2019,77700,184800,262500
71005307212,2019,54000,166000,220000
71007110176,2019,144300,357400,501700
70834211058,2019,76200,222900,299100
81028118215,2019,8700,63100,71800
71003207191,2019,53100,196600,249700
81026355322,2019,22500,33800,56300
80924429974,2019,400,1600,2000
70901104079,2019,55000,179300,234300
71010316026,2019,48400,216200,264600
70824309243,2019,13500,138400,151900
81034327016,2019,11200,82900,94100
71015202296,2019,47200,206400,253600
70922346486,2019,0,15000,15000
71001335043,2019,35500,169100,204600
80924443099,2019,13200,252200,265400
81027400978,2019,0,0,0
71002442037,2019,100,0,100
70929113010,2019,93800,255200,349000
71009107238,2019,54100,157500,211600
71009228018,2019,0,0,0
81031219026,2019,37600,137600,175200
71005313136,2019,47000,3000,50000
70913205063,2019,94000,595700,689700
80925117073,2019,12900,260300,273200
71002403104,2019,87000,316500,403500
70823119049,2019,21200,216500,237700
70920219304,2019,0,0,0
81021109154,2019,0,0,0
70824310159,2019,14100,141900,156000
70824405033,2019,102000,208400,310400
80924424114,2019,11000,177000,188000
70826417482,2019,21500,126700,148200
70814301085,2019,127600,252100,379700
70824217058,2019,129000,268400,397400
71007216023,2019,39000,235300,274300
71015403026,2019,53500,118400,171900
71010413195,2019,55700,201600,257300
81028120773,2019,0,5000,5000
70828314529,2019,100,0,100
70929221053,2019,88300,195100,283400
81023304405,2019,35600,152700,188300
81030315122,2019,61300,98200,159500
80925113716,2019,800,1200,2000
70929113177,2019,89800,182400,272200
70834403192,2019,86600,186500,273100
71005228187,2019,47100,149300,196400
81028113215,2019,76000,230700,306700
71007225165,2019,80200,244800,325000
70823310150,2019,13100,153800,166900
70919108138,2019,105000,452000,557000
71015211099,2019,70800,284100,354900
70928101298,2019,96200,330800,427000
70926214077,2019,76800,170600,247400
70920216631,2019,9200,208000,217200
70931209097,2019,73500,145200,218700
70935301138,2019,66200,271000,337200
70828316179,2019,100,0,100
70923144128,2019,8000,7000,15000
60801104112,2019,70400,192500,262900
81034117053,2019,66100,212000,278100
71011213023,2019,47700,220500,268200
70922223030,2019,115400,274000,389400
60801415121,2019,77900,236500,314400
71014216131,2019,7500,86400,93900
81033103102,2019,2411000,6800500,9211500
70816406263,2019,156300,363700,520000
71001310011,2019,946000,7990000,8936000
81019302067,2019,59200,173500,232700
70912405276,2019,98400,172900,271300
70925203138,2019,98900,173100,272000
70823311108,2019,13100,133800,146900
71007208020,2019,54200,62400,116600
70923159292,2019,8000,7000,15000
60812304058,2019,81100,195300,276400
71006108015,2019,22000,18000,40000
70928103252,2019,106000,287000,393000
80924424940,2019,400,1600,2000
60801316113,2019,24000,131900,155900
71005318128,2019,84900,279100,364000
71007208038,2019,45500,164800,210300
70834308144,2019,43600,430800,474400
70813404038,2019,123700,414100,537800
80925307236,2019,65200,109800,175000
70923131274,2019,96000,1248000,1344000
70912101056,2019,71000,279000,350000
71006128477,2019,50600,132000,182600
60802303127,2019,93500,184800,278300
70918220222,2019,136500,234100,370600
70923164027,2019,44900,191300,236200
60812316152,2019,85300,242700,328000
71003314079,2019,49100,171300,220400
70821201096,2019,0,0,0
70821202036,2019,109000,330500,439500
71034102378,2019,56400,194200,250600
70926405105,2019,78800,95800,174600
70929106049,2019,103600,272900,376500
70829413106,2019,14900,0,14900
70926117065,2019,184100,259900,444000
70826420170,2019,0,4000,4000
81032314081,2019,12000,142200,154200
70814312107,2019,26100,278900,305000
80925402086,2019,57900,113800,171700
70914418227,2019,135900,210900,346800
71003318021,2019,58000,148300,206300
71010201194,2019,55100,172900,228000
70926304274,2019,78200,132700,210900
71006317012,2019,0,0,0
70929109051,2019,89900,197600,287500
70826414157,2019,16100,101800,117900
81034207135,2019,73000,462000,535000
60812404147,2019,0,0,0
81031409081,2019,40400,101500,141900
70828321087,2019,10700,0,10700
81028306026,2019,22000,3000,25000
70923158236,2019,45200,269400,314600
81026206137,2019,100,0,100
81031406219,2019,38100,145200,183300
70815403062,2019,1254000,2236000,3490000
70922346098,2019,0,15000,15000
70922404325,2019,127800,291500,419300
70926207197,2019,48800,132400,181200
70923216026,2019,0,0,0
71014107108,2019,9600,179700,189300
71016205025,2019,67300,155600,222900
60811302045,2019,89300,231200,320500
70835113120,2019,118100,231800,349900
70929421166,2019,137500,350000,487500
71005334075,2019,109100,287800,396900
70932416154,2019,53600,157000,210600
81027207043,2019,550000,585200,1135200
80924411145,2019,8000,146400,154400
80925110142,2019,53500,126400,179900
70913119082,2019,100500,166400,266900
71007113245,2019,79800,207700,287500
70912428046,2019,9000,91300,100300
81032108963,2019,0,845000,845000
71005305068,2019,0,0,0
71005104014,2019,59700,138000,197700
60903209133,2019,11600,128900,140500
81023307102,2019,35600,113600,149200
71006428124,2019,114800,365900,480700
70914428052,2019,119000,387000,506000
70822206011,2019,0,0,0
71005413150,2019,44400,111700,156100
70936305072,2019,62300,167700,230000
71009216112,2019,45900,152500,198400
81030210041,2019,53800,113800,167600
71016418066,2019,393000,1044800,1437800
70827105028,2019,0,0,0
60812323024,2019,28500,168000,196500
71004104015,2019,3964000,13519000,17483000
81028114156,2019,54900,147900,202800
71035207599,2019,43900,221800,265700
60811433072,2019,83200,170700,253900
60811439054,2019,20000,185200,205200
70824401031,2019,119500,413200,532700
80925409206,2019,56200,127000,183200
70921215020,2019,119300,382500,501800
60801213145,2019,73800,187300,261100
80924433016,2019,13300,230900,244200
71023403034,2019,422000,6358000,6780000
70928102139,2019,130100,451300,581400
71005307121,2019,52000,151800,203800
71006116034,2019,44600,161900,206500
70825203064,2019,770000,988000,1758000
71006134185,2019,57800,164600,222400
80924416997,2019,400,1600,2000
71005204161,2019,61400,143900,205300
70923126241,2019,128200,527500,655700
70935402027,2019,0,0,0
81030208046,2019,64000,251000,315000
71010104067,2019,54300,144500,198800
70836418040,2019,65600,124600,190200
81028119403,2019,10100,87200,97300
71001308123,2019,59100,201300,260400
70826421243,2019,0,4000,4000
70828301021,2019,260100,232200,492300
70935202229,2019,66200,177800,244000
71016415137,2019,63100,150300,213400
70923163251,2019,44900,198100,243000
70834426079,2019,23400,101600,125000
81021309043,2019,25000,124300,149300
70919228027,2019,24100,314300,338400
70926220074,2019,82500,229900,312400
70836419064,2019,65600,139500,205100
70828316088,2019,100,0,100
70823303113,2019,83500,185100,268600
80927402141,2019,72200,45600,117800
70913332072,2019,71800,257200,329000
70923140986,2019,1500,13500,15000
81026355158,2019,9200,0,9200
70833401022,2019,171800,679500,851300
60906208108,2019,58200,168700,226900
70923165322,2019,49900,183800,233700
70913117078,2019,240000,115500,355500
70920106113,2019,119100,248400,367500
80925117015,2019,12900,199700,212600
71002312123,2019,66800,219700,286500
80936409097,2019,73000,126200,199200
71021202032,2019,58100,120300,178400
70922327080,2019,210800,429200,640000
80924423918,2019,400,1600,2000
60803101314,2019,103200,199700,302900
70913202085,2019,127900,317200,445100
70923143336,2019,44900,296800,341700
70834214614,2019,40800,409900,450700
60801213046,2019,74200,164800,239000
70920218033,2019,400,14600,15000
71010103077,2019,43600,186300,229900
70828443097,2019,0,0,0
70928108335,2019,107000,403800,510800
71010209263,2019,64000,172100,236100
70923171519,2019,22400,9500,31900
71003403153,2019,78400,234400,312800
70814302158,2019,104800,339900,444700
71003213239,2019,54300,179600,233900
71010402073,2019,64700,185200,249900
70918320303,2019,20500,128700,149200
70918319554,2019,20500,94400,114900
70921122093,2019,0,0,0
80936409013,2019,75600,188600,264200
71011118512,2019,30500,232700,263200
71009309123,2019,62300,164700,227000
70823118075,2019,12800,89800,102600
71006303037,2019,69200,156200,225400
70824407211,2019,107100,193200,300300
71006404215,2019,68000,172100,240100
71005312071,2019,44200,234000,278200
70930105163,2019,95600,219900,315500
70836109095,2019,70900,209700,280600
71006430096,2019,110100,207300,317400
81023306089,2019,35600,91400,127000
70923318046,2019,69400,212600,282000
70932112059,2019,86700,249300,336000
70913127944,2019,1000,9000,10000
70913434274,2019,0,18000,18000
71012201126,2019,65400,250500,315900
70921224047,2019,22800,181000,203800
81028103084,2019,58600,166600,225200
60802402234,2019,67300,176100,243400
70921214220,2019,121200,239600,360800
70814403328,2019,0,0,0
70924201183,2019,0,0,0
70926104129,2019,79800,158300,238100
70920420183,2019,114400,140200,254600
60903205016,2019,0,0,0
70833302618,2019,216500,533800,750300
71027414061,2019,71500,172500,244000
80924434890,2019,400,1600,2000
71001337015,2019,60800,110200,171000
70913407114,2019,307000,693000,1000000
71012212016,2019,66200,239100,305300
60903224016,2019,41500,123500,165000
70918223177,2019,112800,98800,211600
70929415169,2019,91200,187000,278200
70834427142,2019,21500,134400,155900
71007105028,2019,109300,345700,455000
71010310359,2019,56400,145800,202200
70914437730,2019,1100,5900,7000
60901103072,2019,59500,159700,219200
70923169184,2019,6500,18500,25000
70828420152,2019,0,0,0
70923170363,2019,1500,300,1800
80925111041,2019,53500,152300,205800
70826420823,2019,0,4000,4000
70928116205,2019,0,0,0
70824404267,2019,110600,354200,464800
70836407308,2019,61000,146400,207400
81023311020,2019,2000000,9630000,11630000
81031408124,2019,39600,155200,194800
70923163235,2019,44900,175500,220400
71007117156,2019,69500,99200,168700
70932208056,2019,14200,130800,145000
70833302113,2019,216500,359500,576000
71030207049,2019,83900,142700,226600
70823110980,2019,0,0,0
70823413524,2019,34800,170800,205600
60802112114,2019,86200,193400,279600
81032426117,2019,29100,130400,159500
70836213135,2019,11600,135000,146600
71003301167,2019,57400,143800,201200
81030305107,2019,58000,162300,220300
70920402404,2019,139200,247500,386700
71005301016,2019,57700,209200,266900
70828119101,2019,108500,250300,358800
70922320167,2019,151400,449300,600700
70826410048,2019,69300,155100,224400
70929223132,2019,86100,171300,257400
71021102141,2019,305000,682000,987000
70922422195,2019,71500,235100,306600
80924423687,2019,400,1600,2000
60812407422,2019,78100,194100,272200
71014119038,2019,46300,103700,150000
81015103196,2019,68400,202000,270400
70919404156,2019,102200,173800,276000
70821402107,2019,106300,381000,487300
81034309246,2019,68200,165100,233300
71011127068,2019,72200,272800,345000
70825206092,2019,402000,705700,1107700
80926107099,2019,54000,133600,187600
60802313019,2019,97600,238800,336400
71035103060,2019,69500,268000,337500
71010212373,2019,64200,205200,269400
70923163681,2019,44900,174300,219200
70823205103,2019,18100,213300,231400
70923123023,2019,73900,247500,321400
70920220153,2019,0,9200,9200
71014213244,2019,62900,202700,265600
81014303440,2019,11300,0,11300
80924418985,2019,400,1600,2000
80926116107,2019,23700,157700,181400
71010118159,2019,60200,223000,283200
80925119996,2019,800,1200,2000
71002442087,2019,100,0,100
60812321309,2019,18000,167900,185900
70926304183,2019,104700,152800,257500
81027116012,2019,1280000,5820000,7100000
71016206255,2019,64700,237400,302100
71021108040,2019,61000,128900,189900
70829419138,2019,13300,0,13300
60804206113,2019,94000,0,94000
81023304108,2019,35600,126400,162000
80924433991,2019,400,1600,2000
71006118014,2019,18000,96700,114700
70919213094,2019,91500,207700,299200
60812106298,2019,79200,164000,243200
80935106074,2019,56100,175100,231200
70919410161,2019,116600,196500,313100
80935106959,2019,77300,262300,339600
71021224135,2019,67100,212200,279300
71011307032,2019,60200,187400,247600
70824407089,2019,127800,275200,403000
80924446118,2019,130800,0,130800
60902103287,2019,20000,96400,116400
71034101015,2019,526500,2505500,3032000
60904101255,2019,82000,196100,278100
70823305309,2019,78100,152800,230900
70826313432,2019,79900,243400,323300
71031101026,2019,0,0,0
80924103099,2019,83700,346000,429700
71002435149,2019,54900,250500,305400
70823205129,2019,18100,229100,247200
80936114018,2019,14900,100600,115500
70814309021,2019,0,0,0
71003419150,2019,49300,176900,226200
70913112268,2019,100400,134600,235000
81027403039,2019,50000,0,50000
70928113186,2019,110400,356600,467000
70820115199,2019,115500,0,115500
70929219248,2019,82000,436700,518700
81028403088,2019,49000,119900,168900
81026415142,2019,100,0,100
80926110729,2019,33900,146200,180100
60801220083,2019,71000,299000,370000
81034106014,2019,65700,169300,235000
80925119863,2019,800,1200,2000
80924411723,2019,400,1600,2000
70923103124,2019,261000,227000,488000
71014108015,2019,10700,159300,170000
70926417069,2019,46300,146700,193000
71005402129,2019,39300,178200,217500
71035103143,2019,81000,338700,419700
70923170686,2019,2100,500,2600
70919109128,2019,118200,163000,281200
70928312051,2019,125200,212100,337300
71004408342,2019,61700,241100,302800
70835320014,2019,0,0,0
71005227288,2019,38400,131800,170200
60812115231,2019,82000,192600,274600
70901108097,2019,54500,152500,207000
80925109179,2019,53200,164900,218100
70836203160,2019,76900,242500,319400
70913305029,2019,0,0,0
60812308018,2019,0,0,0
71001402206,2019,71000,286600,357600
71011207125,2019,39500,189300,228800
70834308392,2019,125000,318300,443300
70923411387,2019,35200,361800,397000
70821408288,2019,105800,354100,459900
71006403192,2019,0,0,0
71006430228,2019,109100,311500,420600
70929408148,2019,90500,253900,344400
70932201076,2019,62300,162100,224400
81021109196,2019,64100,220200,284300
70814206128,2019,116100,366000,482100
71002423029,2019,56000,146400,202400
80925105119,2019,51800,137000,188800
70836113103,2019,75900,183200,259100
70923167881,2019,3400,13800,17200
70823209246,2019,121600,268400,390000
70918220181,2019,127100,154800,281900
70923413820,2019,0,5000,5000
81031405328,2019,38000,141300,179300
70914418037,2019,183000,208800,391800
71010110121,2019,56000,174000,230000
70929118101,2019,89900,229400,319300
70923168037,2019,6500,18500,25000
70836403059,2019,68200,151700,219900
70826418266,2019,21200,84800,106000
71010412189,2019,59000,168300,227300
80936208019,2019,58700,178800,237500
71002436056,2019,10500,0,10500
80925405345,2019,47900,136900,184800
70932411021,2019,75100,154400,229500
60812119085,2019,20700,159900,180600
70923154721,2019,0,2500,2500
60802311039,2019,97900,232400,330300
70821402149,2019,106300,363600,469900
71002314260,2019,4300,0,4300
71015303060,2019,274500,0,274500
70833304177,2019,122700,373000,495700
71010211284,2019,61700,171000,232700
70921121045,2019,180100,763600,943700
71015102082,2019,66100,123800,189900
70835117106,2019,12400,108200,120600
70826412440,2019,10000,80700,90700
71005201117,2019,66000,190000,256000
81009304099,2019,789500,1556000,2345500
70928115132,2019,114000,1546000,1660000
70928315146,2019,101400,298000,399400
70918415336,2019,9500,33800,43300
70923156769,2019,5000,10000,15000
80936207152,2019,55600,203800,259400
60801414214,2019,83900,227100,311000
60812407240,2019,93400,221500,314900
80924418092,2019,8600,150000,158600
70823210285,2019,113400,256400,369800
70823117077,2019,80200,163600,243800
70913209198,2019,101700,539100,640800
70923170876,2019,2100,400,2500
70912429060,2019,9000,91300,100300
70918411243,2019,132700,98800,231500
71015203278,2019,49600,168100,217700
71015202121,2019,49600,180000,229600
71004407047,2019,50700,164400,215100
71005402343,2019,32200,0,32200
71006127081,2019,47200,198600,245800
70826420229,2019,0,4000,4000
70814305110,2019,93400,269600,363000
71034102287,2019,54000,215200,269200
71013202016,2019,0,0,0
81033402041,2019,53700,186500,240200
71005307262,2019,60600,177900,238500
70928306179,2019,91100,176400,267500
70921417254,2019,145800,254100,399900
70836203293,2019,75100,198300,273400
80924437836,2019,400,3100,3500
71002307059,2019,55400,213200,268600
70922438374,2019,86400,258700,345100
70928213035,2019,98500,191900,290400
81034202078,2019,67400,164600,232000
70923136092,2019,22000,224000,246000
70824214062,2019,101800,425600,527400
60905204149,2019,88000,312000,400000
81029402013,2019,76000,0,76000
81034301078,2019,58900,178200,237100
81021406071,2019,58100,162400,220500
70923148229,2019,4200,800,5000
60801105053,2019,68800,157100,225900
71010103085,2019,58200,165400,223600
70921223122,2019,130000,242900,372900
70921205188,2019,99300,237200,336500
71014203055,2019,54300,172000,226300
70936308084,2019,65600,133400,199000
70930411247,2019,75600,218500,294100
60906207019,2019,69400,154900,224300
70922439075,2019,107500,336400,443900
71011208355,2019,23300,171800,195100
70926304191,2019,91500,138800,230300
81026350083,2019,3400,0,3400
60906110064,2019,69000,144900,213900
70822414854,2019,23600,160800,184400
70923408045,2019,86200,161700,247900
81028118679,2019,8700,65800,74500
71010301126,2019,52100,144800,196900
81028401016,2019,51600,154400,206000
71005307189,2019,60900,145600,206500
70921301316,2019,212300,404700,617000
80924439957,2019,400,1600,2000
70913402057,2019,94600,119900,214500
80924412044,2019,9300,139800,149100
60801214028,2019,68700,164600,233300
70929204108,2019,84800,195000,279800
70826407178,2019,67000,150500,217500
70923141801,2019,200,800,1000
71016209118,2019,66200,140000,206200
70919401194,2019,104500,198000,302500
81032430093,2019,21500,120900,142400
71005340048,2019,99100,299100,398200
70929425069,2019,87300,221500,308800
70918401012,2019,280000,405000,685000
71002418533,2019,100,0,100
70835205034,2019,87800,223800,311600
71035125147,2019,11800,293800,305600
80925108030,2019,52300,119800,172100
70928315188,2019,94200,206100,300300
80924421946,2019,400,1600,2000
71006132072,2019,62600,161800,224400
70825106086,2019,0,0,0
70919305172,2019,110000,293800,403800
70929405178,2019,86100,228400,314500
81031300940,2019,0,0,0
60906203017,2019,85000,190000,275000
70928317100,2019,140900,516400,657300
70924218229,2019,51300,743300,794600
71014106267,2019,12500,147200,159700
81030314265,2019,65200,130600,195800
81035117044,2019,36400,81000,117400
70813335027,2019,71000,299700,370700
70918223151,2019,95300,155400,250700
71006208089,2019,109200,198700,307900
71011118611,2019,30500,224500,255000
70923142403,2019,44900,308400,353300
71015204028,2019,48600,131400,180000
70924219855,2019,0,25000,25000
71014310074,2019,64100,231700,295800
81031423057,2019,17400,161100,178500
60802302541,2019,88500,235100,323600
81028102036,2019,60300,195500,255800
71010404029,2019,62300,142600,204900
60801206033,2019,70000,208300,278300
70836213169,2019,11600,118600,130200
71010106188,2019,53900,203000,256900
70913111088,2019,73900,217100,291000
70929218175,2019,83100,199200,282300
70923109049,2019,510000,995400,1505400
81030213962,2019,0,0,0
70929303174,2019,90500,201100,291600
70929402124,2019,92200,378600,470800
70826209053,2019,1582000,8780200,10362200
71006308235,2019,69200,167100,236300
70936302078,2019,63800,144400,208200
60801103099,2019,61800,184300,246100
70918322086,2019,0,2000,2000
70923153898,2019,2700,37300,40000
80925406103,2019,56200,152900,209100
71007304133,2019,92400,177300,269700
70929307027,2019,78100,277100,355200
71007226139,2019,89600,140400,230000
70813111097,2019,392000,253000,645000
70928222044,2019,88900,284300,373200
71009210031,2019,65100,135400,200500
81015105168,2019,62200,192600,254800
71011104074,2019,73000,302200,375200
70930401090,2019,75900,215700,291600
70821405101,2019,91900,299500,391400
81021307089,2019,57800,248700,306500
71006312343,2019,52100,104200,156300
80924411872,2019,400,1600,2000
70901104152,2019,58100,202500,260600
70823304385,2019,78100,225200,303300
81034408030,2019,65100,164200,229300
70926201165,2019,171300,158300,329600
81020100020,2019,0,2365000,2365000
80936202128,2019,55600,160600,216200
70816401023,2019,159600,306500,466100
71010407198,2019,53400,136700,190100
81033403114,2019,59200,138600,197800
71004310141,2019,52000,109000,161000
80925404115,2019,40200,154600,194800
81022407010,2019,100,0,100
71003302058,2019,54900,143100,198000
70914419415,2019,477000,2439000,2916000
60811302201,2019,76400,230100,306500
70913347899,2019,3200,19800,23000
70836302201,2019,62600,158600,221200
70931415131,2019,66600,145600,212200
70814407130,2019,0,0,0
71019404111,2019,94000,137700,231700
71006302021,2019,66000,176600,242600
70913317199,2019,255000,188000,443000
71010413070,2019,56600,199300,255900
70923203247,2019,187000,1085000,1272000
70823403301,2019,55200,261500,316700
70926404256,2019,83500,167600,251100
81027109083,2019,36700,111500,148200
60802404090,2019,67500,148500,216000
60804206064,2019,94900,315100,410000
60812111437,2019,83100,228100,311200
70914419259,2019,458000,240000,698000
70827401054,2019,0,0,0
70929207079,2019,0,0,0
70913316076,2019,178800,435200,614000
71014201158,2019,54100,148200,202300
60802416235,2019,0,0,0
70836107106,2019,70800,215200,286000
80926105209,2019,53400,150300,203700
80925211255,2019,53500,154300,207800
70918321575,2019,0,2000,2000
70813307125,2019,106500,365600,472100
70821112045,2019,112600,312400,425000
70916400991,2019,0,0,0
70813320979,2019,400,2100,2500
60803105184,2019,103200,190200,293400
70914404218,2019,140000,152600,292600
71035205171,2019,66800,243900,310700
60811303051,2019,81700,272300,354000
81015104293,2019,56700,169200,225900
70936311152,2019,60200,151600,211800
70923136977,2019,1400,13600,15000
71016115084,2019,59100,86700,145800
80924438991,2019,400,1600,2000
70926401343,2019,85100,169700,254800
60812405038,2019,77800,178700,256500
81030210207,2019,52800,126900,179700
81028119312,2019,10800,97900,108700
70921402081,2019,142900,437100,580000
70929211054,2019,83800,291200,375000
71008108899,2019,1100,8900,10000
71015206131,2019,66400,247300,313700
70921304047,2019,154800,244900,399700
81030203062,2019,84700,107100,191800
71012224037,2019,0,0,0
60803105035,2019,109300,228600,337900
70936302169,2019,57200,155800,213000
81034118093,2019,67400,232300,299700
71005201018,2019,0,0,0
71011309070,2019,62000,120100,182100
70922113059,2019,218000,7402000,7620000
70922404341,2019,127800,208900,336700
60802304315,2019,88800,245400,334200
71016117056,2019,62400,148200,210600
81030304175,2019,68500,119700,188200
70919208045,2019,89000,82400,171400
60801414173,2019,88100,239400,327500
71003416049,2019,48700,221700,270400
60903209050,2019,11600,123400,135000
71012222015,2019,14800,132700,147500
80924404900,2019,400,1600,2000
70923317197,2019,150400,235800,386200
70821406175,2019,92600,337300,429900
70934405064,2019,341000,384000,725000
60906104083,2019,72000,212900,284900
71006122221,2019,57200,86000,143200
81021304176,2019,40300,163500,203800
80925213037,2019,55900,133100,189000
70923171395,2019,1100,800,1900
71005232188,2019,46300,71100,117400
70918319116,2019,20500,66700,87200
80925124987,2019,800,1200,2000
70824308170,2019,16000,142900,158900
70912410027,2019,552000,287300,839300
70923168748,2019,3400,13800,17200
70928205214,2019,97800,332700,430500
71035111013,2019,332400,3710600,4043000
80936403297,2019,41000,479000,520000
81028121507,2019,10100,90200,100300
60812304066,2019,0,0,0
70932104121,2019,71700,175500,247200
71005316031,2019,67400,206000,273400
70923178044,2019,5027500,36862500,41890000
71016202071,2019,105900,116600,222500
81016201189,2019,842000,3226900,4068900
70919223150,2019,101300,183800,285100
81033400946,2019,664500,2095500,2760000
70913209130,2019,105500,229900,335400
60812106272,2019,79200,169600,248800
70923402170,2019,154000,362000,516000
70919217046,2019,89400,152300,241700
71001332114,2019,43200,208100,251300
60811416268,2019,90800,226100,316900
70926118170,2019,80000,175900,255900
80924433066,2019,13300,233900,247200
80925218045,2019,48500,233000,281500
71034102089,2019,46700,199500,246200
60812315089,2019,38000,164200,202200
70814425059,2019,88800,318700,407500
70914302040,2019,671000,6747000,7418000
70936307119,2019,64400,151700,216100
60801201231,2019,69500,173500,243000
70836106041,2019,69900,162500,232400
70923402071,2019,204100,221700,425800
80925214217,2019,62600,163900,226500
70829102395,2019,0,0,0
70821406167,2019,82700,297300,380000
70815306240,2019,250400,754900,1005300
80936202227,2019,58700,105600,164300
81035108118,2019,11100,0,11100
81023207154,2019,33600,161100,194700
70921117086,2019,120300,376800,497100
70913126011,2019,15500,136800,152300
70935205207,2019,66200,175800,242000
70918415922,2019,10500,105700,116200
71035107070,2019,68200,295100,363300
71009411241,2019,63800,101200,165000
80924309118,2019,65700,241800,307500
60905214362,2019,4200,44600,48800
70918305157,2019,75400,193900,269300
70929124687,2019,0,10000,10000
71027106048,2019,0,0,0
70823304319,2019,78100,188200,266300
80924434882,2019,400,1600,2000
80935101131,2019,56100,163000,219100
70833302147,2019,216500,543700,760200
70920410217,2019,115100,167400,282500
60801307162,2019,80100,270300,350400
81032308092,2019,36500,151500,188000
70835320098,2019,88100,286900,375000
71011206010,2019,31000,254500,285500
70935206073,2019,43100,119600,162700
80926106124,2019,53500,152300,205800
81035111161,2019,100,0,100
71003106244,2019,53100,187900,241000
60803101108,2019,103700,191400,295100
71006213020,2019,66000,267000,333000
81028118538,2019,10100,86700,96800
70823401082,2019,33300,248000,281300
71015119350,2019,46000,164900,210900
70923161164,2019,8000,7000,15000
71004317105,2019,54700,155700,210400
71011212215,2019,2000,0,2000
70919220099,2019,103200,195000,298200
60812115249,2019,82000,190900,272900
70835108014,2019,143400,246200,389600
70816304110,2019,174800,467900,642700
70928202111,2019,127800,200200,328000
70913350206,2019,0,8000,8000
70834303053,2019,116200,372600,488800
71001333021,2019,80100,270600,350700
71003314110,2019,48400,166000,214400
60904102097,2019,84200,302100,386300
70920104042,2019,124100,125400,249500
60905102103,2019,47200,99000,146200
81028402022,2019,61400,144100,205500
60802302533,2019,89300,214800,304100
70823108331,2019,0,0,0
80924430020,2019,11800,197500,209300
71006402128,2019,54100,250600,304700
60801225314,2019,15000,140000,155000
70926217039,2019,77000,3000,80000
71016105019,2019,63200,142100,205300
71035103317,2019,64600,276700,341300
81021405073,2019,55800,156500,212300
70913113266,2019,93400,133900,227300
70833407038,2019,44700,459800,504500
71027407016,2019,64700,186500,251200
70929111288,2019,107100,280300,387400
70932407062,2019,77000,215800,292800
70821202101,2019,145000,320000,465000
71009403074,2019,61500,118000,179500
70913405150,2019,93800,192000,285800
70929201063,2019,93800,167900,261700
80936403289,2019,41000,479000,520000
70919227053,2019,31200,314200,345400
60801109097,2019,66100,167000,233100
70835124763,2019,500,1500,2000
60802408191,2019,64000,200600,264600
60812121329,2019,77700,232200,309900
70824306108,2019,100700,264700,365400
70919211030,2019,92900,134300,227200
71005314100,2019,55300,228800,284100
70823407204,2019,62700,379800,442500
71023402060,2019,2000,0,2000
81028119213,2019,8600,91000,99600
80924438842,2019,400,1600,2000
71001306143,2019,64900,175100,240000
70928216097,2019,101700,202700,304400
70919405237,2019,104000,167300,271300
80924436763,2019,400,1600,2000
60812209167,2019,960000,3330000,4290000
71015207030,2019,74200,181100,255300
70923167625,2019,6500,18500,25000
81034317025,2019,30000,175500,205500
71005112033,2019,65100,162100,227200
71006204243,2019,48000,110500,158500
71011306034,2019,63800,183700,247500
81026360371,2019,100,0,100
70918319439,2019,20500,102400,122900
70913314103,2019,108100,161900,270000
71005401098,2019,65700,106300,172000
60901103113,2019,59200,170300,229500
70924207024,2019,0,0,0
70814416040,2019,85600,236200,321800
70834403176,2019,86600,165400,252000
70828314553,2019,23000,0,23000
71035106056,2019,67300,217400,284700
70927107221,2019,27100,203300,230400
71016403124,2019,66400,147600,214000
70912414053,2019,18500,135400,153900
70820108037,2019,100,0,100
70923143782,2019,44900,385700,430600
70826413076,2019,10200,73000,83200
70913354464,2019,0,2500,2500
81026207226,2019,4500,0,4500
70824414331,2019,11300,71300,82600
81032421208,2019,0,0,0
70822408013,2019,33600,209400,243000
70934309183,2019,15700,103700,119400
81032430225,2019,332000,245900,577900
60904101271,2019,81500,177500,259000
70913114313,2019,70200,289400,359600
71003105022,2019,55700,232000,287700
71010203140,2019,54000,197600,251600
60803105142,2019,103200,209500,312700
70828306170,2019,35000,234900,269900
70920302216,2019,133600,432400,566000
60802417027,2019,70700,180800,251500
70923154169,2019,0,7500,7500
71004408194,2019,61300,143100,204400
81031212286,2019,36300,112900,149200
71006203039,2019,421500,2493500,2915000
70929123647,2019,0,1000,1000
71009221046,2019,43200,151400,194600
81028122125,2019,10100,90200,100300
71011216051,2019,784000,8581000,9365000
70824300887,2019,0,0,0
71003101179,2019,61200,210300,271500
71030201207,2019,300700,564400,865100
70834422035,2019,25500,185500,211000
71002442160,2019,100,0,100
71006421417,2019,57800,297200,355000
70932113180,2019,87800,193800,281600
71009222193,2019,40400,119600,160000
60811112270,2019,109400,251600,361000
70914436138,2019,123100,846900,970000
81030213045,2019,45600,120400,166000
80924433909,2019,400,1600,2000
70928321151,2019,200400,357300,557700
71006212105,2019,49000,346000,395000
60802411102,2019,76000,226100,302100
70836109285,2019,79300,0,79300
60801111092,2019,65600,149400,215000
70836404130,2019,61600,201100,262700
70921313189,2019,109200,272300,381500
71007114243,2019,78200,185700,263900
70920403238,2019,133500,130000,263500
70816303013,2019,150500,524500,675000
70926412192,2019,45500,86700,132200
70918416201,2019,9500,33800,43300
70923161263,2019,8000,7000,15000
71007224357,2019,91500,354100,445600
80925118790,2019,800,1200,2000
71006114278,2019,61800,145700,207500
71021215176,2019,56400,153500,209900
71014300942,2019,0,0,0
80924428950,2019,400,1600,2000
70828421043,2019,0,0,0
71026302027,2019,40500,0,40500
70923143279,2019,44900,173900,218800
71004310216,2019,53100,161500,214600
70932420147,2019,103000,197000,300000
81034107228,2019,58400,168700,227100
71019409202,2019,78200,119800,198000
71007219027,2019,126400,358400,484800
70836419022,2019,65600,142500,208100
80926115084,2019,30200,152100,182300
70826408316,2019,0,0,0
70920219601,2019,0,0,0
70929409146,2019,83700,197300,281000
60811112163,2019,108700,279000,387700
70923134054,2019,47500,147000,194500
70923113248,2019,77400,221700,299100
80924308110,2019,65700,206000,271700
60803106174,2019,101400,191600,293000
71005312021,2019,60600,305000,365600
80925304076,2019,57200,116700,173900
70916400959,2019,0,0,0
70920218968,2019,0,0,0
70932417011,2019,53000,150700,203700
70901101108,2019,53800,190500,244300
70833202024,2019,100800,204200,305000
70913353094,2019,36800,158700,195500
70824311404,2019,14100,148000,162100
70913214197,2019,78400,278800,357200
70923153179,2019,1300,23700,25000
70928209141,2019,97800,138500,236300
81026207101,2019,5700,0,5700
70923163483,2019,44900,123400,168300
70914439497,2019,1000,4700,5700
81035114074,2019,100,0,100
70921213157,2019,66500,260900,327400
70926415039,2019,45600,147000,192600
70814310036,2019,74400,186600,261000
70834428273,2019,20300,168100,188400
70824109122,2019,114700,338700,453400
70913349283,2019,35300,218700,254000
71006127031,2019,52000,263000,315000
81031217145,2019,38500,71500,110000
60801119252,2019,66100,173700,239800
60802112362,2019,86400,170500,256900
70913207267,2019,99800,308200,408000
71005306123,2019,0,0,0
71003204121,2019,53100,166900,220000
70920218372,2019,400,14600,15000
70923162302,2019,8000,7000,15000
81030402987,2019,0,5540000,5540000
71006413050,2019,62900,291400,354300
70920113168,2019,111900,219700,331600
80925407060,2019,55300,174600,229900
71010215096,2019,0,0,0
81021301396,2019,56400,250100,306500
81032403090,2019,43700,97300,141000
80925215207,2019,55700,152500,208200
70913406108,2019,159700,63600,223300
70821214057,2019,100,0,100
60801401237,2019,83000,173500,256500
70922113116,2019,248000,801000,1049000
70913354240,2019,0,15000,15000
70821210039,2019,134000,275000,409000
70813334144,2019,26800,168200,195000
70824109023,2019,96900,333800,430700
71002403146,2019,94100,307900,402000
80924447033,2019,35100,439900,475000
71004305027,2019,58900,169300,228200
80924420063,2019,9600,179400,189000
70923125227,2019,120000,115800,235800
80925117792,2019,800,1200,2000
70926100979,2019,0,0,0
60905112194,2019,50800,112600,163400
70926403068,2019,80600,206400,287000
70928203052,2019,129900,247800,377700
71004312072,2019,56100,110400,166500
70928104028,2019,107000,327000,434000
70835123517,2019,6500,76500,83000
70919217054,2019,88400,155700,244100
71005321171,2019,98100,257300,355400
71004313202,2019,54100,156200,210300
80924448015,2019,117700,0,117700
81034316209,2019,24300,123700,148000
71005214029,2019,48500,156200,204700
71002418525,2019,100,0,100
70913332105,2019,77800,391800,469600
71007242094,2019,9700,160400,170100
81032414154,2019,44000,148900,192900
70929201162,2019,113600,263000,376600
70836216022,2019,5500,94500,100000
71010314153,2019,53400,136900,190300
70928107296,2019,107000,297600,404600
70912407305,2019,111400,303400,414800
70835315073,2019,51900,296200,348100
70836416086,2019,64500,139600,204100
71020309136,2019,23800,164800,188600
70929401168,2019,85000,230400,315400
81034411017,2019,69800,141500,211300
81034206062,2019,67400,160100,227500
70922410033,2019,138300,156300,294600
71027417122,2019,77800,163200,241000
70931212181,2019,81900,129400,211300
70923143013,2019,44900,367300,412200
70835124151,2019,500,1500,2000
71001324137,2019,63500,189000,252500
70921318080,2019,97400,205800,303200
70920104133,2019,111800,171200,283000
81031404130,2019,36700,132500,169200
81022402052,2019,1932000,4390000,6322000
81028115013,2019,59200,190700,249900
71011421171,2019,50700,223700,274400
70913108077,2019,65700,156900,222600
70823403137,2019,43300,196900,240200
71006206207,2019,47600,119100,166700
81031404247,2019,38100,182600,220700
70929216260,2019,90100,283200,373300
70901101017,2019,51000,127300,178300
71022203112,2019,332000,1651500,1983500
70924204161,2019,1439800,12075200,13515000
60802304133,2019,105700,216900,322600
70836403372,2019,65700,151100,216800
70913422211,2019,69300,295500,364800
70926413091,2019,48800,106600,155400
70836114309,2019,73100,170500,243600
70922341056,2019,201700,564300,766000
70920418237,2019,136200,163700,299900
71016207021,2019,0,0,0
80926101041,2019,56800,134600,191400
71007303325,2019,91500,118000,209500
71021214029,2019,60000,136800,196800
70929106198,2019,83100,213900,297000
60812404204,2019,97200,171600,268800
81034310318,2019,67700,229200,296900
70913122035,2019,0,0,0
60802309224,2019,92600,228200,320800
70835112049,2019,136700,228100,364800
71027411083,2019,0,0,0
70836418157,2019,65100,146000,211100
80925217071,2019,57600,165900,223500
81034414045,2019,67800,196400,264200
70920127052,2019,16000,165100,181100
70814405150,2019,88800,171900,260700
80924431838,2019,400,1600,2000
70923160231,2019,8000,7000,15000
70813110205,2019,147500,195700,343200
71004200847,2019,0,0,0
70813320284,2019,14600,110900,125500
60801116042,2019,66700,173200,239900
81031408075,2019,40700,120400,161100
60811304372,2019,91800,278800,370600
70901109037,2019,46200,159200,205400
71009226187,2019,62000,0,62000
70913344118,2019,21300,235600,256900
60903201395,2019,84900,188000,272900
80924440160,2019,11700,200800,212500
70901103039,2019,51000,150600,201600
70823104181,2019,94500,286900,381400
71011123066,2019,42900,217900,260800
70901102065,2019,51000,158800,209800
81026201038,2019,598000,1802000,2400000
70920120056,2019,1045000,6061000,7106000
71006307162,2019,30500,173200,203700
70923168300,2019,6500,18500,25000
71012303013,2019,298000,0,298000
80924401196,2019,20700,169000,189700
71004101045,2019,1012000,7568000,8580000
70814408021,2019,0,0,0
70932107026,2019,146900,239900,386800
80925207014,2019,53500,156100,209600
60804107048,2019,81600,365400,447000
81029100097,2019,0,252000,252000
70823210269,2019,73600,243800,317400
70833205292,2019,29500,266600,296100
71016414072,2019,62600,140000,202600
70918415203,2019,9500,33800,43300
71009110033,2019,79400,22200,101600
70913348144,2019,7300,273300,280600
70923169134,2019,6500,18500,25000
71011125187,2019,56900,228100,285000
81021415056,2019,52800,135000,187800
70919307201,2019,131800,188200,320000
71016402192,2019,62000,188000,250000
71006211032,2019,71100,158900,230000
71007242143,2019,14600,300700,315300
71012201142,2019,70100,255500,325600
80925410279,2019,55200,119200,174400
70933203196,2019,233200,746800,980000
60802307921,2019,0,5000,5000
80925305181,2019,72400,117100,189500
70921215046,2019,134200,246900,381100
70914427012,2019,0,0,0
70920217332,2019,400,14600,15000
70823106096,2019,89000,227700,316700
70920109042,2019,82200,185300,267500
60801305182,2019,77700,163600,241300
60802112049,2019,94300,196900,291200
70835116017,2019,0,0,0
71026402041,2019,84200,310800,395000
60802314108,2019,0,0,0
60811419254,2019,89500,239700,329200
70913349275,2019,35900,214100,250000
81023308077,2019,35600,114600,150200
70923143310,2019,44900,409000,453900
71002312074,2019,64100,305800,369900
70834302063,2019,190900,282100,473000
70920105199,2019,120800,177700,298500
60801115028,2019,61800,167100,228900
70824416056,2019,14300,143700,158000
70922320323,2019,104500,312900,417400
70918211297,2019,67600,199800,267400
70923411163,2019,30500,281500,312000
70923170181,2019,2300,800,3100
70928321185,2019,173400,499900,673300
70918319025,2019,20500,113900,134400
81034411158,2019,68900,151500,220400
71005111100,2019,48200,139300,187500
70929408049,2019,87300,194300,281600
71003320125,2019,48800,149500,198300
60812324056,2019,28800,178400,207200
70923136159,2019,26000,268300,294300
81022302327,2019,495000,6946600,7441600
70920406208,2019,145400,172400,317800
71016109011,2019,57200,134800,192000
70829111122,2019,78000,134600,212600
70926119037,2019,72000,418000,490000
70923171361,2019,2100,1700,3800
60801316171,2019,24000,146000,170000
70929409120,2019,83700,244300,328000
81031404388,2019,36500,168500,205000
70928108236,2019,107000,215300,322300
80925125919,2019,800,1200,2000
60811304223,2019,92100,295500,387600
71003103076,2019,54300,208900,263200
60801217147,2019,91300,127400,218700
81034102153,2019,67800,181000,248800
70920218166,2019,400,14600,15000
71011123082,2019,42900,253700,296600
71001308115,2019,59100,195100,254200
70933201083,2019,160300,329800,490100
60801419082,2019,16600,194400,211000
60812216013,2019,37500,160800,198300
60904109051,2019,98900,251500,350400
70930408020,2019,77900,185700,263600
70913347089,2019,2500,12500,15000
81031224306,2019,49600,48400,98000
60801419511,2019,16600,191100,207700
70932109014,2019,184500,252600,437100
70932106135,2019,134400,346500,480900
71006127073,2019,57000,273000,330000
70930104206,2019,73900,189200,263100
70926214126,2019,91900,234200,326100
70833401030,2019,179900,407100,587000
70825205060,2019,715000,1390900,2105900
70929223075,2019,76200,173100,249300
70931202348,2019,67400,141100,208500
80924410775,2019,400,1600,2000
71005403094,2019,41900,188900,230800
80925406088,2019,56200,171400,227600
70920102088,2019,82200,198800,281000
80925412457,2019,49900,178100,228000
80924424031,2019,8600,167800,176400
60811103518,2019,116800,217200,334000
60902209035,2019,94000,608000,702000
70829104200,2019,39000,243000,282000
60905221078,2019,0,0,0
81026360173,2019,100,0,100
71016107081,2019,63300,87400,150700
70821304030,2019,600,0,600
60905107187,2019,53600,126200,179800
71001206038,2019,300,0,300
60812206048,2019,120000,525000,645000
70932111093,2019,129500,133600,263100
71009218118,2019,45900,148300,194200
70918219093,2019,243600,152800,396400
81032301096,2019,24300,150100,174400
70833105020,2019,126000,408100,534100
70828115068,2019,90100,204900,295000
71005204153,2019,61400,78700,140100
70928102197,2019,102000,348000,450000
71015115142,2019,53600,195200,248800
60812112104,2019,81000,194000,275000
70922433291,2019,71500,180200,251700
70923163186,2019,44900,395800,440700
70835122866,2019,6500,77900,84400
70929304073,2019,88600,165700,254300
70913434349,2019,0,18000,18000
71014202023,2019,53900,152100,206000
60802302583,2019,109800,232700,342500
70922120012,2019,0,0,0
70913112143,2019,91600,193900,285500
71006432141,2019,109100,344400,453500
70913215062,2019,355200,217600,572800
60801119129,2019,66100,176000,242100
60812307028,2019,83500,241800,325300
81034102062,2019,66600,168700,235300
70918319851,2019,20500,107200,127700
70922343135,2019,183200,589900,773100
60801212452,2019,72100,187100,259200
70912423046,2019,9000,98600,107600
70913434365,2019,0,18000,18000
80925305058,2019,60800,163800,224600
71004406164,2019,51900,148400,200300
80936204033,2019,18000,128100,146100
70823211176,2019,78300,175700,254000
70824413036,2019,132000,618000,750000
70919228035,2019,24100,337400,361500
80925104070,2019,57600,128600,186200
71035206161,2019,67500,197600,265100
70931311040,2019,974000,4381000,5355000
80924438016,2019,13300,237000,250300
70823413053,2019,25400,165900,191300
70924219110,2019,0,25000,25000
71005332152,2019,98100,273500,371600
70923168087,2019,6500,18500,25000
70814401017,2019,84700,189900,274600
60801416145,2019,85600,221400,307000
71001318073,2019,63800,267200,331000
70823118158,2019,12800,90400,103200
70835114029,2019,137500,423200,560700
71002313030,2019,56900,222500,279400
70923171452,2019,5700,4000,9700
60802413108,2019,0,0,0
71011211176,2019,54300,198700,253000
70823305119,2019,78100,228700,306800
70930413102,2019,75600,301100,376700
70814407106,2019,84000,169600,253600
80925102074,2019,60000,164400,224400
71010310086,2019,53600,132700,186300
70822109033,2019,51100,166300,217400
70821213223,2019,100,0,100
70913127043,2019,18800,182500,201300
81033404039,2019,90500,173000,263500
80925124028,2019,12200,271600,283800
60811415111,2019,72000,175200,247200
81021405049,2019,49900,176600,226500
70932403086,2019,125800,263800,389600
70928318067,2019,216300,678700,895000
70823105030,2019,89400,229500,318900
70822102235,2019,122700,335900,458600
81028119057,2019,8700,65500,74200
70931306059,2019,99000,166300,265300
71003105189,2019,53100,176900,230000
70935107049,2019,46000,62500,108500
70815309286,2019,99500,622000,721500
81034107476,2019,63700,162400,226100
80925212089,2019,55300,158600,213900
71004408376,2019,50800,217300,268100
71005110087,2019,38700,96900,135600
80925415071,2019,47400,175100,222500
71034107138,2019,54000,153800,207800
70936402068,2019,67300,126700,194000
70926112023,2019,80300,158100,238400
70816301166,2019,30100,0,30100
71006406203,2019,68000,252000,320000
70913347451,2019,2500,12500,15000
70833105038,2019,141200,372000,513200
70919405146,2019,133500,341600,475100
70913340992,2019,1800,13200,15000
60812406127,2019,76400,171200,247600
81027107136,2019,36700,108500,145200
70923164192,2019,44900,394100,439000
81031403174,2019,35000,148800,183800
71027406109,2019,51000,174400,225400
81027206235,2019,1070000,3165000,4235000
70932412053,2019,74000,83600,157600
70919412076,2019,110300,235300,345600
60812207327,2019,0,0,0
71005107133,2019,44400,107400,151800
70835206157,2019,85300,219700,305000
60801303110,2019,85700,148200,233900
71019407123,2019,80500,117800,198300
71035207193,2019,43900,221600,265500
71009219124,2019,46800,133900,180700
70823121268,2019,20000,103200,123200
70920223024,2019,600000,2785000,3385000
70923309110,2019,54900,296900,351800
81022304159,2019,56000,140000,196000
70923117018,2019,0,0,0
70823211340,2019,72800,217200,290000
70919210024,2019,91500,176200,267700
60801312393,2019,94200,226100,320300
71010313098,2019,48700,152300,201000
70923152296,2019,35800,628900,664700
70919109087,2019,90600,137800,228400
70929306128,2019,79700,328500,408200
81033201170,2019,64700,138100,202800
71006406188,2019,54100,238100,292200
81032309157,2019,54000,361000,415000
60801225447,2019,15000,147000,162000
81032312051,2019,53000,392000,445000
70926416087,2019,46700,53800,100500
71011211051,2019,54300,191100,245400
81022405022,2019,648000,2150000,2798000
70834210109,2019,53400,282200,335600
70834308730,2019,125000,283000,408000
60812302606,2019,69300,191900,261200
70923219012,2019,0,0,0
70923229095,2019,1016000,4452000,5468000
60801105011,2019,70000,183000,253000
71014204144,2019,54700,195300,250000
70931414258,2019,96700,186600,283300
60811404015,2019,84500,177100,261600
71015403125,2019,51300,118700,170000
71007305040,2019,0,0,0
60802305363,2019,13800,196400,210200
60802418067,2019,0,0,0
70822116020,2019,26300,271800,298100
70922439356,2019,61100,450900,512000
60812405278,2019,73600,171100,244700
80924405015,2019,19500,191800,211300
80913400985,2019,0,0,0
70920216706,2019,10300,318700,329000
71005224218,2019,63100,209900,273000
71011115021,2019,71000,155700,226700
71004402162,2019,51900,178100,230000
71005223335,2019,63400,94600,158000
70836202146,2019,71700,232800,304500
71005225175,2019,58100,229900,288000
81034208018,2019,25000,114200,139200
80925304208,2019,73900,145500,219400
70919227350,2019,26700,266200,292900
70930416156,2019,87500,259200,346700
70919402069,2019,118700,341000,459700
60812406135,2019,76900,178700,255600
70928208078,2019,97800,265700,363500
71014215167,2019,7800,122200,130000
70919408059,2019,117100,328100,445200
71011115097,2019,71000,211900,282900
70833202123,2019,102400,186600,289000
70828122021,2019,80700,184300,265000
70921209065,2019,71500,188900,260400
71014308037,2019,54300,190700,245000
71030202164,2019,322000,883000,1205000
70928213217,2019,0,0,0
70929218191,2019,91600,185800,277400
81028112126,2019,60900,161000,221900
70920217621,2019,400,14600,15000
70922345032,2019,56800,204500,261300
71011119015,2019,48000,213100,261100
70923167815,2019,6500,18500,25000
60904109043,2019,100200,263900,364100
80924425766,2019,400,1600,2000
70814101039,2019,92800,321200,414000
71003401149,2019,52400,206800,259200
81028108216,2019,60900,164500,225400
81027202043,2019,59000,132500,191500
71007243274,2019,0,15000,15000
70919411284,2019,110900,277400,388300
81031212335,2019,36900,70500,107400
70923173482,2019,3300,5900,9200
70931304186,2019,110700,150800,261500
70922307016,2019,111300,367600,478900
80936402067,2019,41000,479000,520000
60811402176,2019,75400,181100,256500
70923168805,2019,6500,18500,25000
70928204232,2019,103500,200600,304100
60803103170,2019,103200,219000,322200
81032107064,2019,0,0,0
81023305106,2019,35600,100100,135700
71011302058,2019,62500,164400,226900
70826419561,2019,0,4000,4000
70929224114,2019,86300,265700,352000
71005112174,2019,65100,131300,196400
70836110258,2019,76500,201500,278000
81031224322,2019,53300,129800,183100
71009406193,2019,70000,103600,173600
70816314044,2019,152400,461600,614000
70929419228,2019,87300,219100,306400
80935104309,2019,67700,181800,249500
70829419047,2019,16300,0,16300
70822106196,2019,52800,184500,237300
71009409014,2019,68700,133900,202600
81021301122,2019,77000,352000,429000
70926303086,2019,65300,135700,201000
80925410188,2019,52700,143400,196100
81023305221,2019,35600,106400,142000
70929112161,2019,102300,275000,377300
70828412026,2019,0,0,0
70923136084,2019,17700,145900,163600
70919227392,2019,35800,252200,288000
80926301013,2019,88300,156000,244300
70922219089,2019,239400,615500,854900
71005313178,2019,63200,217600,280800
70932417136,2019,53000,128900,181900
71016406136,2019,62400,136300,198700
81031201180,2019,48600,162200,210800
60801219250,2019,73800,165300,239100
71005109147,2019,48100,149400,197500
71005315190,2019,68000,140000,208000
80924423976,2019,400,1600,2000
70813304163,2019,83100,329800,412900
71006114187,2019,32300,189000,221300
70914412013,2019,86000,298500,384500
81026206103,2019,4600,0,4600
70922303139,2019,141600,219100,360700
70824402071,2019,100800,391500,492300
70826420146,2019,0,4000,4000
70823402311,2019,45600,243400,289000
80926107205,2019,54000,150000,204000
70936304040,2019,63700,133300,197000
70931401114,2019,90400,220500,310900
70815310093,2019,18900,214000,232900
81027103027,2019,436500,1695900,2132400
81033201138,2019,41000,0,41000
70814407073,2019,88800,224200,313000
70821213158,2019,100,0,100
70926216164,2019,117500,265900,383400
71014216090,2019,7500,127500,135000
70813403121,2019,278200,514800,793000
70913125237,2019,114600,107600,222200
80924441035,2019,11800,202800,214600
70931414266,2019,87000,180100,267100
70934306022,2019,84400,215600,300000
71009220197,2019,0,0,0
70922220010,2019,209900,473100,683000
70929428039,2019,141200,213400,354600
70929104192,2019,108200,208000,316200
81030209143,2019,53800,131300,185100
60904105025,2019,83900,246100,330000
70936304123,2019,62700,122300,185000
70921315044,2019,104600,271700,376300
70923120029,2019,119700,299300,419000
71015117023,2019,56300,187500,243800
71010412171,2019,59000,155700,214700
71001320010,2019,72900,228100,301000
71009403149,2019,65300,117100,182400
70836208409,2019,36900,118100,155000
70920203109,2019,0,0,0
71034104259,2019,79900,225600,305500
71007215108,2019,79400,213000,292400
70931302297,2019,106900,137700,244600
70836113038,2019,75300,181100,256400
81028121044,2019,8700,65200,73900
81034306028,2019,44100,140700,184800
70920118035,2019,220000,2176000,2396000
80924422134,2019,9900,171800,181700
70921210046,2019,79800,216100,295900
70917100970,2019,0,0,0
60812105092,2019,74400,157900,232300
70835125258,2019,500,1500,2000
70822210046,2019,0,0,0
70923140853,2019,1500,13500,15000
71011105098,2019,72900,336100,409000
70935202295,2019,66200,180800,247000
71005230033,2019,68200,162900,231100
71021212023,2019,62400,122000,184400
70823407147,2019,51700,238300,290000
80926401128,2019,43500,114300,157800
81028119354,2019,8700,65200,73900
60812325129,2019,18900,158100,177000
71001405010,2019,60100,206100,266200
71003314037,2019,48400,177600,226000
70918415865,2019,10500,109400,119900
81031420011,2019,320000,676000,996000
71027411017,2019,89200,91200,180400
80926112345,2019,55600,174400,230000
70826408358,2019,70300,172900,243200
70920216300,2019,10300,290200,300500
81031216072,2019,36300,148500,184800
70929303140,2019,83900,181300,265200
60901201090,2019,61100,144200,205300
80935101256,2019,53900,124100,178000
80924431929,2019,400,1600,2000
70932116077,2019,136800,419000,555800
81028118786,2019,8700,65500,74200
71010211127,2019,58600,157800,216400
60802408018,2019,77300,158000,235300
70836204069,2019,69900,188900,258800
70923119064,2019,110000,218000,328000
70922418128,2019,139900,224600,364500
70833118172,2019,100700,304200,404900
71003320068,2019,48000,159800,207800
81033103053,2019,0,0,0
71010205203,2019,53600,152400,206000
70931301041,2019,110700,169100,279800
70824311397,2019,14100,130100,144200
81027105114,2019,36700,121200,157900
71015207212,2019,75100,161700,236800
70913203116,2019,98200,233900,332100
70923141471,2019,200,2100,2300
81031223069,2019,38100,129400,167500
71016209168,2019,73900,201100,275000
71010116070,2019,59300,211100,270400
70929121211,2019,112900,304100,417000
70926201032,2019,176000,320400,496400
80926107164,2019,55200,140000,195200
70920108234,2019,116900,127400,244300
71015111083,2019,45200,180800,226000
70821111146,2019,112100,272700,384800
70920306359,2019,111400,203800,315200
71007202204,2019,87900,341800,429700
60802312251,2019,122300,238200,360500
70928109276,2019,108400,420500,528900
80924412987,2019,400,1600,2000
71009201022,2019,50700,122600,173300
71005214045,2019,48500,168200,216700
70928107254,2019,107000,375000,482000
81026204090,2019,0,0,0
70826421748,2019,0,4000,4000
81032104218,2019,26200,95200,121400
70935307417,2019,4900,55100,60000
81028118033,2019,8700,64100,72800
70936402076,2019,61600,118100,179700
60802311344,2019,110200,272500,382700
70922333079,2019,139200,550500,689700
81032406052,2019,71800,137800,209600
80924303053,2019,71400,220700,292100
71006112206,2019,29200,187500,216700
71011305086,2019,61900,210600,272500
60812111388,2019,88400,219300,307700
60812317150,2019,96700,203200,299900
70815101046,2019,927500,0,927500
70828426051,2019,0,0,0
70932110011,2019,136300,214700,351000
70918211049,2019,108600,177300,285900
70833205664,2019,26400,323500,349900
70826420261,2019,0,4000,4000
70929419369,2019,86000,257500,343500
70823415025,2019,64100,218200,282300
70833102092,2019,143000,334400,477400
71003404036,2019,55300,184900,240200
70926109103,2019,77000,169900,246900
70826210026,2019,6300,0,6300
71006425112,2019,90400,264300,354700
81021415121,2019,54100,168300,222400
70914437623,2019,1100,5900,7000
70913356014,2019,6439000,38948000,45387000
71005403200,2019,59000,144800,203800
70826211579,2019,11700,51100,62800
71016113195,2019,54900,143900,198800
60801104188,2019,66100,152100,218200
70821203092,2019,108000,328000,436000
70828439020,2019,0,0,0
70834305033,2019,141800,335800,477600
81032307060,2019,52000,199400,251400
71010218074,2019,10900,105900,116800
70922230126,2019,235300,602300,837600
70920219148,2019,0,0,0
70928117386,2019,105300,192800,298100
70929209083,2019,83800,210200,294000
70932113057,2019,85500,88600,174100
80924416038,2019,8600,146800,155400
71016404081,2019,62300,136200,198500
60801201380,2019,66100,172000,238100
70913102152,2019,8000,236000,244000
70929118060,2019,89900,280800,370700
60811202089,2019,95900,217100,313000
70914410182,2019,739000,444000,1183000
70926113154,2019,80700,217400,298100
70815308238,2019,158300,357600,515900
70922325109,2019,0,0,0
71003200872,2019,0,0,0
71006312351,2019,106200,229800,336000
80925307054,2019,71800,86300,158100
70931303211,2019,104200,131200,235400
80925412027,2019,63800,171700,235500
71007114095,2019,79800,361100,440900
70923163110,2019,44900,150100,195000
70835207080,2019,87400,230000,317400
70913354125,2019,0,15000,15000
70821305012,2019,62300,0,62300
81035113092,2019,100,0,100
70826405031,2019,69000,147200,216200
70931104213,2019,153400,146200,299600
70826420021,2019,0,4000,4000
70828422041,2019,0,0,0
60801408176,2019,68100,203900,272000
70923163475,2019,44900,226300,271200
71006404091,2019,66300,376500,442800
81032414188,2019,44900,166200,211100
60811401160,2019,84500,191000,275500
60801305124,2019,75400,142200,217600
71005338184,2019,96900,233100,330000
70926113071,2019,77400,165100,242500
70828435078,2019,0,0,0
70913327015,2019,0,0,0
70920220351,2019,0,2000,2000
60801234357,2019,15000,134900,149900
81023309215,2019,35600,134900,170500
71011220135,2019,11300,167500,178800
70929216054,2019,87900,257300,345200
71006212212,2019,43700,224600,268300
70926115027,2019,86800,292400,379200
70823306034,2019,82300,187700,270000
70922346254,2019,0,15000,15000
81034319021,2019,30000,149700,179700
60811408017,2019,78200,167900,246100
70921128083,2019,19900,118600,138500
60802410261,2019,71900,214100,286000
70920218778,2019,400,14600,15000
71016408041,2019,63600,159700,223300
70926402193,2019,80600,135000,215600
71005105145,2019,89000,381000,470000
71011108646,2019,30000,240900,270900
60801215133,2019,78400,178400,256800
71011204204,2019,32800,209200,242000
71026103095,2019,45000,0,45000
70834425055,2019,70100,280800,350900
70823402171,2019,48300,220900,269200
81026356148,2019,100,0,100
71004302594,2019,54700,124300,179000
70932306090,2019,67900,124300,192200
71020306108,2019,10200,123800,134000
81031202071,2019,52100,142600,194700
71009408016,2019,61900,99100,161000
70913207051,2019,103700,208300,312000
70919223100,2019,98400,164700,263100
60906110270,2019,72400,190800,263200
70914414027,2019,131000,546000,677000
70823110162,2019,89000,303100,392100
70929222217,2019,98500,256100,354600
70833109105,2019,78100,206800,284900
70923315133,2019,69400,205000,274400
70822414531,2019,17500,133700,151200
70930203040,2019,980000,10030000,11010000
60802418322,2019,90300,232200,322500
70834308136,2019,47700,434300,482000
71009409155,2019,66200,81600,147800
71011417021,2019,42900,115200,158100
70928313075,2019,112400,152900,265300
71010119173,2019,61400,279200,340600
71003311017,2019,51700,166300,218000
80925207072,2019,54500,116100,170600
70922423127,2019,55600,220400,276000
70836416143,2019,59200,152000,211200
70929205099,2019,78300,215900,294200
80926104037,2019,55200,117300,172500
70920304080,2019,114000,247500,361500
71002411090,2019,100,0,100
70823308030,2019,0,0,0
70928302127,2019,91100,219200,310300
70829111106,2019,89400,411800,501200
70929412090,2019,68100,206900,275000
70923174646,2019,3300,11700,15000
70922405092,2019,127800,288100,415900
71005108181,2019,38700,138600,177300
70923148493,2019,4200,800,5000
60801304241,2019,73500,191500,265000
71014202031,2019,53900,135700,189600
71010205039,2019,61300,177400,238700
70928316110,2019,157200,433800,591000
70930301092,2019,100,0,100
60811117139,2019,19100,172600,191700
70936305080,2019,62200,141300,203500
80925107181,2019,54300,138600,192900
81028119734,2019,7700,94000,101700
81021411020,2019,32500,86500,119000
70913354638,2019,0,2500,2500
70929308215,2019,95700,200200,295900
70813328270,2019,102200,244300,346500
70824404043,2019,115200,296900,412100
71016103047,2019,63400,126400,189800
70935301071,2019,66200,199500,265700
71001416124,2019,63200,252100,315300
71003210011,2019,53100,175900,229000
70913347378,2019,2500,12500,15000
71006110135,2019,69200,151600,220800
70923127223,2019,96400,159400,255800
70923150795,2019,51800,372800,424600
71002434076,2019,10100,0,10100
70826419264,2019,0,4000,4000
70824421021,2019,40000,136300,176300
70922225086,2019,194400,343200,537600
70922207125,2019,115200,368900,484100
70829110017,2019,80300,274200,354500
71006441035,2019,27100,109100,136200
71007304018,2019,83600,185200,268800
81028121664,2019,8700,59100,67800
71005409133,2019,41900,121100,163000
70913105081,2019,80800,206000,286800
70917301081,2019,701900,15100,717000
70835315297,2019,51900,383100,435000
81019303148,2019,60100,155300,215400
70923411353,2019,30500,281500,312000
70925208055,2019,198000,1560000,1758000
80925416045,2019,54600,136900,191500
70923153062,2019,1300,23700,25000
70826419115,2019,0,4000,4000
60902104037,2019,37600,157000,194600
70824102142,2019,105900,313600,419500
70929123093,2019,20000,338700,358700
71006108122,2019,46300,143600,189900
70923167203,2019,3400,13800,17200
60801311212,2019,79300,243300,322600
71003316108,2019,57300,190100,247400
70930302991,2019,0,0,0
71019404129,2019,93400,157800,251200
71030208310,2019,81000,302300,383300
81034102202,2019,67900,239200,307100
71021212049,2019,62400,114800,177200
70928309107,2019,68300,170400,238700
70928106313,2019,109100,275000,384100
71012201093,2019,67300,251900,319200
81027403063,2019,6500,0,6500
70913204180,2019,65500,239700,305200
71010404087,2019,58700,148200,206900
80924427803,2019,400,1600,2000
70932205169,2019,176000,421000,597000
71030201140,2019,474300,218200,692500
60801404067,2019,75800,138200,214000
71006303110,2019,69200,213200,282400
70823311231,2019,13100,147700,160800
71016101083,2019,92000,998000,1090000
70824106061,2019,125900,278500,404400
70919209051,2019,83700,316500,400200
60812405202,2019,83600,187500,271100
70823404359,2019,47100,179000,226100
60801414123,2019,74900,220800,295700
60906106055,2019,67800,139400,207200
70923127091,2019,108800,192900,301700
70923150034,2019,85000,903800,988800
71003108034,2019,54300,164900,219200
70931409035,2019,88900,167700,256600
80925113849,2019,800,1200,2000
70815403137,2019,616000,2244000,2860000
80926109079,2019,54500,125800,180300
70828441091,2019,0,0,0
60811108013,2019,103100,277200,380300
70919411234,2019,99200,248400,347600
60801222071,2019,22300,114800,137100
70824208049,2019,110900,234300,345200
71030213103,2019,82500,107400,189900
70931412294,2019,80200,227200,307400
70936407068,2019,59200,178200,237400
70920105230,2019,119100,124500,243600
70922321165,2019,113300,411000,524300
70920419285,2019,97300,257700,355000
70923164069,2019,44900,328000,372900
70824414414,2019,18700,113400,132100
70929418189,2019,87300,215700,303000
71003206169,2019,53100,159200,212300
70919407100,2019,90000,235400,325400
80936208043,2019,56900,253600,310500
70935207229,2019,52500,117500,170000
80924420138,2019,9900,164400,174300
70919220065,2019,101300,180300,281600
71006102231,2019,44400,152900,197300
60812311061,2019,319000,4275000,4594000
71006121140,2019,146000,355100,501100
70922418087,2019,0,0,0
70923127059,2019,81600,185400,267000
70836109235,2019,98800,252800,351600
81028120244,2019,0,4000,4000
71005223062,2019,62900,170900,233800
71002421106,2019,70500,167500,238000
81028104058,2019,59000,164100,223100
71019405226,2019,131700,180700,312400
71011218015,2019,330000,10140000,10470000
71009217053,2019,40700,131100,171800
70836206114,2019,71300,202200,273500
70834418026,2019,20500,122100,142600
60901202220,2019,64200,152300,216500
70836103089,2019,77100,146800,223900
70826312187,2019,75100,241100,316200
81019306093,2019,57800,176700,234500
71011222082,2019,18500,167600,186100
70923313103,2019,167400,209100,376500
70835109020,2019,133000,352600,485600
70823311017,2019,10900,147700,158600
70926201115,2019,170700,327800,498500
70922214063,2019,167200,322200,489400
70929310046,2019,93700,174600,268300
70922301034,2019,92200,256400,348600
70821402115,2019,106300,301700,408000
70922430198,2019,78700,268200,346900
70828422132,2019,0,0,0
71016104160,2019,62600,126000,188600
70923314028,2019,39000,4000,43000
80925404040,2019,60000,140300,200300
70923314010,2019,105000,4000,109000
70913316034,2019,144000,900000,1044000
70929401043,2019,90200,209100,299300
70912403171,2019,80800,167000,247800
71021111100,2019,62400,130200,192600
60906106253,2019,64000,165600,229600
81028120541,2019,0,5000,5000
70836216569,2019,5500,102500,108000
71005315041,2019,68000,224500,292500
70814308023,2019,99600,257900,357500
70827107107,2019,42000,332900,374900
71004315315,2019,58500,150300,208800
70918105119,2019,107600,265600,373200
70929120031,2019,110000,256900,366900
71008108857,2019,1100,8900,10000
70932107018,2019,134300,383100,517400
70824102267,2019,121600,371500,493100
60812315071,2019,38000,148100,186100
70823413350,2019,26800,188300,215100
70926118055,2019,176500,460200,636700
81034208034,2019,25000,100000,125000
70918409131,2019,176700,186700,363400
81034309022,2019,0,0,0
81030209127,2019,53800,100700,154500
71011219055,2019,667000,4653000,5320000
71005412029,2019,42600,197200,239800
71003206101,2019,60200,99100,159300
60812207343,2019,83000,240800,323800
70826309019,2019,0,0,0
80926104152,2019,53400,116500,169900
71034102097,2019,46700,197400,244100
71009305056,2019,68700,121300,190000
70821411067,2019,100300,381700,482000
70919302029,2019,99600,148500,248100
71010118050,2019,56000,186000,242000
71003208107,2019,53100,186900,240000
71009305147,2019,68800,101200,170000
80924409942,2019,400,1600,2000
70836407126,2019,55100,158900,214000
71002312066,2019,63700,305800,369500
71027417031,2019,76400,219600,296000
71030213129,2019,87100,147900,235000
70912402149,2019,94000,421100,515100
70826419199,2019,0,4000,4000
70936302135,2019,63800,127500,191300
60904102261,2019,84900,159600,244500
70923153674,2019,1300,23700,25000
70924218097,2019,37800,397200,435000
70829109135,2019,97300,318700,416000
71007243109,2019,0,15000,15000
70835103014,2019,90000,388000,478000
70923307015,2019,81600,140300,221900
70820112137,2019,100,0,100
70919413016,2019,115900,190000,305900
80924436789,2019,400,1600,2000
81034403189,2019,64100,159600,223700
71010212034,2019,50500,186700,237200
70931312163,2019,76000,125700,201700
71011118538,2019,30500,239400,269900
70822414333,2019,17500,135300,152800
60812324163,2019,28800,178400,207200
60812304090,2019,75400,212900,288300
70913311125,2019,79900,414800,494700
70833102050,2019,146700,333100,479800
70836307152,2019,66600,209500,276100
70922327171,2019,153200,234300,387500
70931413052,2019,88900,270800,359700
70824204394,2019,145300,114200,259500
71009407068,2019,68300,134200,202500
70929305013,2019,92200,353600,445800
71009204133,2019,51500,192200,243700
70814309063,2019,160000,321700,481700
81030317186,2019,54300,150800,205100
60801213179,2019,73800,161900,235700
80926311129,2019,70500,239800,310300
71005336104,2019,100700,374600,475300
70923165059,2019,38700,180300,219000
60812304040,2019,80200,197500,277700
70929401035,2019,90200,234700,324900
71021204020,2019,56400,160900,217300
70923159052,2019,8000,7000,15000
71006440889,2019,0,4000,4000
70836203186,2019,74300,233400,307700
70920216152,2019,14500,305100,319600
71014106473,2019,12500,150900,163400
70921315185,2019,104700,169900,274600
70828433048,2019,0,0,0
71006311220,2019,60900,161200,222100
70828409015,2019,0,0,0
80925405246,2019,57900,183200,241100
70926202121,2019,184100,288800,472900
70823110287,2019,89900,150700,240600
70928207046,2019,91700,188700,280400
60812318059,2019,86000,221100,307100
70922203058,2019,0,0,0
70824110129,2019,158000,298700,456700
81026367070,2019,2600,0,2600
60801201372,2019,68400,165800,234200
71009102064,2019,160500,381500,542000
71002438086,2019,43100,245700,288800
70825302072,2019,700000,548000,1248000
60802409214,2019,64000,181600,245600
80924419909,2019,400,1600,2000
70931210094,2019,72700,210600,283300
70930401040,2019,88000,218000,306000
71030208097,2019,87100,242900,330000
70901105150,2019,51000,146600,197600
71009307010,2019,66700,83300,150000
70929204067,2019,85100,164500,249600
81026423145,2019,100,0,100
60811419262,2019,90600,175700,266300
60802109062,2019,71100,187800,258900
71011409094,2019,113500,303100,416600
71021226024,2019,42500,94100,136600
81028118158,2019,10800,93900,104700
71027418120,2019,0,0,0
70918415097,2019,10500,51700,62200
70923174521,2019,3300,11700,15000
71003101012,2019,52600,194700,247300
71014214193,2019,8100,131800,139900
71007243282,2019,0,15000,15000
70823309012,2019,2230000,2170000,4400000
81027106138,2019,36700,119200,155900
70930302016,2019,0,0,0
70826313276,2019,71300,246100,317400
70913318262,2019,98400,363600,462000
71001416067,2019,58000,301900,359900
70816302057,2019,178600,393100,571700
71016207287,2019,87900,202100,290000
81031213078,2019,38100,87800,125900
71010312107,2019,51700,164200,215900
70928210106,2019,97800,238300,336100
70928117419,2019,105300,311900,417200
70814430115,2019,19700,210800,230500
71010301308,2019,54100,181900,236000
70935307441,2019,4900,55100,60000
70933101019,2019,0,0,0
70922406082,2019,127800,203300,331100
70919404049,2019,112000,209800,321800
70918201123,2019,0,0,0
70926219069,2019,63500,208200,271700
71015204151,2019,47500,149500,197000
70836205025,2019,71700,192300,264000
70922324078,2019,149400,478100,627500
71007226387,2019,85600,122200,207800
71005406288,2019,42800,174900,217700
70920417081,2019,101800,255300,357100
71006108057,2019,70400,98800,169200
70926206173,2019,80600,169600,250200
70913209263,2019,78400,256300,334700
70835122650,2019,6500,76500,83000
71002437046,2019,45600,262600,308200
70923116341,2019,160600,105300,265900
70928216055,2019,100400,187500,287900
80926110761,2019,68800,126300,195100
60801312187,2019,68600,175500,244100
70921115254,2019,124400,314600,439000
70913426065,2019,495800,224700,720500
81031213036,2019,38100,57600,95700
71015119293,2019,46000,204600,250600
80924425964,2019,400,1600,2000
70929223140,2019,96200,181200,277400
80924310090,2019,63900,241100,305000
70914411073,2019,156300,1370700,1527000
71010411066,2019,53700,160800,214500
81028120038,2019,0,4000,4000
60802433081,2019,15000,97200,112200
71014106316,2019,12500,152500,165000
81026428046,2019,700,0,700
70913313048,2019,92000,207400,299400
70824415115,2019,14500,94500,109000
70921411199,2019,172800,331400,504200
81034405151,2019,68800,308900,377700
71009217293,2019,11700,0,11700
60801408051,2019,95100,250400,345500
70923167039,2019,6500,18500,25000
71004307289,2019,58500,204600,263100
71007215158,2019,125000,121100,246100
71030201306,2019,285900,144600,430500
70919404172,2019,103100,167900,271000
70934202014,2019,0,0,0
60802309076,2019,93400,259900,353300
70922346189,2019,0,15000,15000
80924411765,2019,400,1600,2000
71003419275,2019,48400,170200,218600
70833201084,2019,108700,191300,300000
80924412127,2019,8000,136800,144800
71006117181,2019,63900,220500,284400
70822414094,2019,17400,132900,150300
60903210031,2019,19200,79800,99000
71010210096,2019,56300,191800,248100
60812110017,2019,82100,187400,269500
70815403319,2019,108000,372000,480000
71005205177,2019,60200,145300,205500
71005111118,2019,60600,209000,269600
70824407138,2019,108700,242500,351200
70815300961,2019,0,0,0
70913417121,2019,495000,5988000,6483000
71006306130,2019,32600,198200,230800
70923138387,2019,21100,230000,251100
60801402136,2019,73700,150400,224100
81030209177,2019,53800,118500,172300
70936407381,2019,58800,157000,215800
71002405019,2019,0,0,0
71005338134,2019,81900,266500,348400
70913105297,2019,78400,260900,339300
80924432034,2019,13300,228100,241400
60801110094,2019,59000,168900,227900
71010405051,2019,84500,171800,256300
70814308081,2019,125200,283300,408500
70813334037,2019,26800,185200,212000
71030202213,2019,380900,354100,735000
70825206159,2019,0,0,0
70836411078,2019,62300,161000,223300
70836303085,2019,67200,142000,209200
71022401120,2019,175000,200000,375000
70823106103,2019,89400,241500,330900
70920402157,2019,127300,165500,292800
60812313463,2019,22800,199300,222100
70930406107,2019,76800,221100,297900
81034316134,2019,24300,122500,146800
70918408084,2019,294400,396000,690400
70834415105,2019,24000,181500,205500
71006312244,2019,52100,201400,253500
81028101187,2019,63300,158800,222100
70923136927,2019,1400,13600,15000
70919228944,2019,400,2600,3000
60811420128,2019,16000,179000,195000
71034103045,2019,73400,203200,276600
71005206191,2019,285000,365000,650000
71015118154,2019,51000,195900,246900
70933413026,2019,41200,112900,154100
60811116165,2019,18800,204300,223100
70933204079,2019,156200,543500,699700
70920217530,2019,400,14600,15000
60804205107,2019,94900,275100,370000
70919219183,2019,0,0,0
70921419333,2019,88900,288100,377000
60803113202,2019,133800,358600,492400
60801113139,2019,59500,208000,267500
70826413050,2019,10200,74900,85100
70901113400,2019,13900,83600,97500
70815306349,2019,198200,451700,649900
70920308222,2019,94400,204400,298800
70921121011,2019,128900,409000,537900
71035119041,2019,59000,191900,250900
71011125111,2019,65300,285700,351000
71005218089,2019,80000,450000,530000
80925107230,2019,49400,132300,181700
71001334110,2019,21000,158900,179900
70929123275,2019,12500,202300,214800
70923165257,2019,44300,195700,240000
60904110214,2019,94600,193900,288500
70931301091,2019,127300,176500,303800
60904102211,2019,84900,179000,263900
70924218120,2019,51300,699800,751100
70835101183,2019,77000,383000,460000
60801208146,2019,71000,299000,370000
81031405302,2019,37600,177200,214800
70919304059,2019,102900,404200,507100
70922202034,2019,111300,257700,369000
71021110053,2019,61800,120700,182500
71010413252,2019,56600,142900,199500
70813320466,2019,14600,100900,115500
70920403048,2019,107100,192600,299700
71021107042,2019,61000,153600,214600
70912420026,2019,9000,102700,111700
71009412158,2019,63500,147100,210600
70931309029,2019,99000,131500,230500
71009106024,2019,371500,2116400,2487900
70834426409,2019,23400,101000,124400
70823111102,2019,0,0,0
71019402024,2019,381500,335700,717200
71010305160,2019,49600,162600,212200
70914418160,2019,229000,359000,588000
70836422025,2019,0,0,0
60803103196,2019,103200,167800,271000
70926103204,2019,22000,52800,74800
70923214012,2019,0,0,0
70824407203,2019,106200,171000,277200
71010219113,2019,10600,85800,96400
70913313171,2019,153900,103000,256900
70834214094,2019,27000,298100,325100
70918206115,2019,140500,0,140500
70824309152,2019,14100,139800,153900
60801121108,2019,70300,129700,200000
80924402821,2019,400,1600,2000
70918411037,2019,145200,101200,246400
60802108246,2019,69300,187100,256400
70920105181,2019,120800,139200,260000
71001304048,2019,79000,581000,660000
81022105044,2019,720000,0,720000
80925416251,2019,60000,147400,207400
70932209062,2019,20800,115700,136500
70816305291,2019,0,0,0
70815308288,2019,173200,365200,538400
80926409164,2019,12000,150600,162600
81034111112,2019,64700,152800,217500
60905208117,2019,0,0,0
70913346114,2019,78000,312000,390000
70913214204,2019,77000,247900,324900
70919224091,2019,100900,174400,275300
60801206116,2019,70000,202100,272100
70928117344,2019,126600,234400,361000
81034412057,2019,67400,167500,234900
71006205118,2019,45900,137900,183800
70932412037,2019,74000,58600,132600
71035204173,2019,64000,216800,280800
70826420477,2019,0,4000,4000
60803112171,2019,104100,311900,416000
70919223217,2019,101300,222800,324100
81031201114,2019,39900,131000,170900
81033207201,2019,47100,115800,162900
71005308286,2019,47900,186400,234300
60904113474,2019,99500,197000,296500
70924219516,2019,0,25000,25000
70920216970,2019,10500,337000,347500
70930414142,2019,75600,297500,373100
70913354323,2019,0,15000,15000
70826420336,2019,0,4000,4000
70828422182,2019,0,0,0
70928213093,2019,97400,175600,273000
70923141520,2019,200,3600,3800
70922304195,2019,141600,253400,395000
70913104067,2019,95500,187400,282900
80926115076,2019,21000,131500,152500
70823406173,2019,69200,209500,278700
70923153244,2019,1300,23700,25000
70912405333,2019,125600,349500,475100
70823310192,2019,13100,145100,158200
81030212055,2019,45600,120400,166000
70929124728,2019,0,10000,10000
80936403031,2019,41000,524000,565000
70921114107,2019,124400,354500,478900
81021304168,2019,39500,193700,233200
71030208295,2019,80500,243300,323800
71012211076,2019,64300,217400,281700
81023307219,2019,35600,134900,170500
71004305241,2019,58900,171600,230500
70813405052,2019,124600,171300,295900
70912444034,2019,9000,116500,125500
71003304195,2019,60100,198400,258500
71007309167,2019,200000,335000,535000
60904104051,2019,83800,174700,258500
70823403012,2019,48300,192700,241000
81034314063,2019,25000,118500,143500
71014201059,2019,55100,150700,205800
81032402034,2019,45900,146600,192500
71002106112,2019,9500,161600,171100
80924101316,2019,91900,230200,322100
70931208403,2019,85300,206600,291900
70920303074,2019,129100,455800,584900
60803106017,2019,103200,208200,311400
70931411402,2019,96700,137500,234200
71014303144,2019,58500,222600,281100
81032426068,2019,25500,141900,167400
70913209221,2019,65400,274100,339500
70923124089,2019,89000,499500,588500
71016414121,2019,61700,167800,229500
70913204122,2019,83600,230700,314300
70919227441,2019,31500,258500,290000
70913124205,2019,88900,182500,271400
70815301034,2019,787000,3824000,4611000
71014203203,2019,60200,146400,206600
70823402288,2019,33300,186200,219500
70912407214,2019,111400,254200,365600
71008102114,2019,43900,148900,192800
60802304034,2019,91600,165700,257300
81030209060,2019,57100,116600,173700
71034102104,2019,46700,229600,276300
71009218142,2019,45100,159800,204900
70932415239,2019,55200,145600,200800
71006216074,2019,287500,1786600,2074100
70836406160,2019,56400,142400,198800
71016209019,2019,88800,146800,235600
70835122098,2019,6500,77500,84000
71021220034,2019,63200,177000,240200
71016410046,2019,61800,123200,185000
70814429142,2019,41400,268500,309900
70934301113,2019,0,0,0
81030307343,2019,54700,138600,193300
70920217506,2019,400,14600,15000
70920101098,2019,99300,130700,230000
71005401080,2019,81400,221100,302500
80936203241,2019,18000,129600,147600
71011302082,2019,60200,171900,232100
71030201041,2019,350200,19800,370000
71014214531,2019,8100,131000,139100
71010207358,2019,55600,162300,217900
70928103236,2019,106000,300500,406500
60803119044,2019,35700,263300,299000
71002443051,2019,100,0,100
71007107024,2019,110100,398900,509000
71005107224,2019,77000,281000,358000
71011411015,2019,101600,262400,364000
70821108060,2019,117000,285700,402700
70914414118,2019,76300,206000,282300
70826407235,2019,75600,147400,223000
81015102049,2019,57800,182700,240500
71016414113,2019,62200,144300,206500
71007116306,2019,85400,303100,388500
70920217093,2019,14500,680500,695000
81032430142,2019,72500,304000,376500
70920107020,2019,90000,247000,337000
70925203071,2019,291000,180800,471800
71006202023,2019,179600,296500,476100
70929428089,2019,126500,354800,481300
70919211014,2019,88400,133500,221900
70826403291,2019,114900,201200,316100
70814302017,2019,0,0,0
70814312165,2019,26100,249300,275400
80925412035,2019,69200,209900,279100
71006204194,2019,49800,37000,86800
81026357063,2019,100,0,100
70813402157,2019,420300,407300,827600
70921302025,2019,167900,302600,470500
70833117017,2019,0,0,0
81031203110,2019,39800,114800,154600
70829402282,2019,12700,0,12700
70923173177,2019,3300,11700,15000
70836407035,2019,62700,172700,235400
70931404051,2019,102400,144700,247100
70929417107,2019,87300,300700,388000
71003301018,2019,0,0,0
80924306239,2019,65300,212000,277300
71011410067,2019,0,0,0
70834216090,2019,93500,304300,397800
60801406055,2019,24900,147800,172700
71003406115,2019,56000,196300,252300
80936414129,2019,69900,201400,271300
70921109083,2019,129100,330300,459400
60812305014,2019,82900,220400,303300
71003209014,2019,53100,147400,200500
71007105086,2019,92500,307800,400300
70921220128,2019,127000,414400,541400
80924308128,2019,65300,206200,271500
70826204102,2019,88000,490000,578000
71006421318,2019,47500,137300,184800
81035106097,2019,60500,0,60500
70922220094,2019,209500,324700,534200
70923162237,2019,8000,7000,15000
70921307075,2019,162000,310400,472400
70814309162,2019,93400,250300,343700
71006414181,2019,79000,546000,625000
80925305214,2019,63900,111800,175700
70921109116,2019,136100,312300,448400
80925123939,2019,800,1200,2000
71002401075,2019,71900,238400,310300
71006123013,2019,44000,108100,152100
71006416111,2019,65100,203900,269000
70826211719,2019,18300,67000,85300
81034105115,2019,66900,228700,295600
70928205115,2019,96000,0,96000
70913209304,2019,75900,172500,248400
71015109096,2019,53100,174400,227500
60906109174,2019,61800,151100,212900
71003104149,2019,57300,197000,254300
81019306100,2019,60600,164000,224600
70828410054,2019,0,0,0
60802302377,2019,92700,215600,308300
71005318201,2019,87500,225100,312600
80924101027,2019,76700,331600,408300
70813402438,2019,189400,760600,950000
71005411120,2019,51000,174200,225200
70928103179,2019,99000,111000,210000
81015105150,2019,69000,174300,243300
71021113354,2019,15100,90900,106000
60812118110,2019,20500,160900,181400
70828108021,2019,93400,236600,330000
81034111104,2019,66100,167600,233700
70816306017,2019,175100,587400,762500
60802104088,2019,68900,189700,258600
70923148237,2019,4200,800,5000
60904101106,2019,92000,261800,353800
70836104079,2019,77100,197900,275000
60906109067,2019,64000,171300,235300
60801208013,2019,63300,175700,239000
71030213088,2019,79100,131100,210200
71035125105,2019,11800,253200,265000
80925213095,2019,58000,147100,205100
80924409728,2019,400,1600,2000
70836124027,2019,32100,101900,134000
71005218170,2019,65100,126100,191200
80925108056,2019,51300,122400,173700
70912407280,2019,117700,262300,380000
70923307148,2019,65200,180600,245800
70815306258,2019,218200,449500,667700
70931210028,2019,70900,214700,285600
70913314286,2019,122900,118700,241600
70928306070,2019,113200,176800,290000
70921223065,2019,128900,358000,486900
81023304512,2019,35600,130700,166300
71007242375,2019,9300,195600,204900
81027105148,2019,36700,111600,148300
60812111502,2019,83300,251100,334400
70935202138,2019,43100,93000,136100
71011301125,2019,59700,141000,200700
70813106113,2019,175100,289800,464900
81034107244,2019,0,0,0
80936413121,2019,75200,160700,235900
70919219018,2019,86100,163600,249700
71006113220,2019,58800,179700,238500
70928115041,2019,198000,142000,340000
60802413504,2019,0,0,0
70835203286,2019,152300,322100,474400
70920218794,2019,400,14600,15000
60811109079,2019,105200,240100,345300
70932423018,2019,47800,100300,148100
60801302063,2019,84500,138000,222500
71009308117,2019,67000,163700,230700
71019407058,2019,47500,186900,234400
70919202120,2019,80000,204900,284900
70919104079,2019,98700,246200,344900
80924416799,2019,400,1600,2000
71003320167,2019,48000,171700,219700
81015401011,2019,3606500,23840200,27446700
70918212013,2019,253000,137000,390000
71034103243,2019,60100,178800,238900
70829411019,2019,16100,0,16100
70921114115,2019,124400,253400,377800
70828119036,2019,84900,248100,333000
70923167469,2019,6500,18500,25000
70924210168,2019,0,0,0
70923162039,2019,8000,7000,15000
81021303037,2019,51100,164200,215300
71015110142,2019,41100,170800,211900
80925118055,2019,12900,219000,231900
60812304280,2019,73900,218200,292100
70913343110,2019,11700,140400,152100
70932113065,2019,85500,115100,200600
70928201171,2019,102400,233000,335400
70929416026,2019,94200,301600,395800
70913402297,2019,91100,379900,471000
60802303028,2019,0,0,0
70920212093,2019,127600,392400,520000
60801202081,2019,74600,211400,286000
71007112106,2019,84900,327800,412700
71003406040,2019,68800,189800,258600
70833406014,2019,0,0,0
71006128071,2019,111500,150200,261700
71003401157,2019,57400,236600,294000
70918225107,2019,30600,141200,171800
70914439299,2019,6000,53600,59600
70823110302,2019,89400,169400,258800
60802412324,2019,48900,159100,208000
81034412180,2019,66900,159700,226600
70835124820,2019,500,1500,2000
60812212037,2019,22400,182800,205200
71010314054,2019,56700,198000,254700
70823406090,2019,66600,232000,298600
70921127217,2019,14300,178700,193000
70823311182,2019,13100,156900,170000
71007242383,2019,14100,305900,320000
71003106195,2019,56100,182600,238700
71022101027,2019,156000,460900,616900
70918322010,2019,0,2000,2000
81031228126,2019,38500,126300,164800
70920105016,2019,110000,330000,440000
81030309092,2019,64700,171600,236300
71010412155,2019,59000,126200,185200
70834308946,2019,125000,0,125000
70835124052,2019,500,1500,2000
70919212038,2019,89400,116700,206100
70929113135,2019,88400,198500,286900
81021407269,2019,34400,153600,188000
70922404317,2019,127800,330600,458400
70931312072,2019,103800,163800,267600
81033204299,2019,40500,111500,152000
71015404024,2019,84000,386000,470000
70914418011,2019,102300,773500,875800
70826211339,2019,11700,61600,73300
70828111066,2019,105500,228300,333800
60801314092,2019,78600,306700,385300
70928201163,2019,102400,239800,342200
71014112024,2019,21600,121200,142800
81023302011,2019,100,0,100
71014215828,2019,7800,140900,148700
81022305024,2019,598000,4372000,4970000
70920112037,2019,114400,190300,304700
71003408038,2019,49900,206300,256200
70931312014,2019,100200,139600,239800
60802316261,2019,18000,0,18000
70813309212,2019,90100,238100,328200
80926409239,2019,12000,138800,150800
81033305211,2019,43700,111800,155500
70913405259,2019,105100,217300,322400
80925219069,2019,64200,123100,187300
70821212134,2019,100,0,100
81033303116,2019,40400,127900,168300
70923163300,2019,44900,210100,255000
71011309046,2019,21000,3000,24000
70920414087,2019,123600,179200,302800
71016111131,2019,54900,144400,199300
80936409047,2019,73000,182500,255500
70828438056,2019,0,0,0
81031216197,2019,38100,121700,159800
70918321567,2019,0,2000,2000
70928216021,2019,100000,229800,329800
70936202020,2019,2077000,4900000,6977000
70828420011,2019,0,0,0
70918319843,2019,20500,65600,86100
71005331047,2019,98100,244400,342500
70823105999,2019,0,0,0
70929124190,2019,0,10000,10000
60801118056,2019,66700,149500,216200
70929305071,2019,90400,249700,340100
70920303115,2019,124100,337600,461700
70919403182,2019,118400,214000,332400
70826411038,2019,24500,169600,194100
70814206079,2019,100200,364700,464900
71021210043,2019,62400,128900,191300
70921306077,2019,182900,417300,600200
60812307101,2019,75200,247200,322400
70822105362,2019,0,0,0
70918415823,2019,9500,33800,43300
81023308217,2019,35600,91400,127000
70929112202,2019,112800,205600,318400
70913348037,2019,3200,153900,157100
71016412068,2019,61600,147800,209400
70836310113,2019,14900,113100,128000
80925212112,2019,56100,146700,202800
70921301019,2019,95000,408600,503600
71006201091,2019,0,0,0
81034408014,2019,64500,236900,301400
60801405073,2019,76700,150700,227400
60812402076,2019,74100,232900,307000
71029400943,2019,0,0,0
70834307039,2019,182600,293200,475800
70836213747,2019,11600,115700,127300
70813310136,2019,17200,172200,189400
70922331130,2019,183500,585600,769100
60802108163,2019,69300,178100,247400
70823118091,2019,12800,90500,103300
70820120015,2019,100,0,100
60801116092,2019,66700,186000,252700
81032300832,2019,0,0,0
81023310139,2019,35600,140800,176400
81034402058,2019,80800,207900,288700
71034103368,2019,71600,193300,264900
70918309125,2019,0,0,0
70922224096,2019,115700,470200,585900
81028114180,2019,45400,117500,162900
70836213698,2019,11600,119300,130900
81034416182,2019,58600,171700,230300
70929122011,2019,120900,172300,293200
71034105207,2019,69200,197100,266300
71005411104,2019,76200,215700,291900
71005206034,2019,47000,233300,280300
60812216071,2019,37500,148600,186100
70913401140,2019,143400,270300,413700
60906208299,2019,60300,177200,237500
81019302249,2019,60500,161100,221600
70834428447,2019,20300,169000,189300
81028118984,2019,8700,97300,106000
60904108144,2019,89100,189000,278100
70929123168,2019,9600,200700,210300
71015301022,2019,114000,436000,550000
71034105108,2019,67500,207500,275000
71014307055,2019,55700,202300,258000
70834214698,2019,40800,390100,430900
71006413084,2019,82000,143000,225000
70928321078,2019,173800,851200,1025000
70919305023,2019,108300,336400,444700
71011213130,2019,47700,297100,344800
70816309144,2019,156700,490400,647100
81027202126,2019,57800,132100,189900
71001413021,2019,56400,181800,238200
81021301106,2019,0,0,0
70928103301,2019,109900,310900,420800
70932415338,2019,93000,197000,290000
71006402029,2019,63200,182700,245900
70922115063,2019,204000,56000,260000
71005406204,2019,47400,193600,241000
70828309108,2019,80500,304700,385200
70930105030,2019,73900,178000,251900
71002441138,2019,100,0,100
60802310148,2019,97900,278600,376500
71020307205,2019,12500,132500,145000
71027400953,2019,159900,81700,241600
80924432076,2019,13300,232700,246000
70821203034,2019,98000,369300,467300
70826412763,2019,8200,61800,70000
60811110167,2019,105100,315500,420600
71012205342,2019,0,0,0
70929426207,2019,104400,280800,385200
70929219115,2019,87900,202100,290000
70823402163,2019,33300,161000,194300
70913350173,2019,0,8000,8000
70913317256,2019,96000,1000,97000
70834214250,2019,27000,328400,355400
70836403017,2019,71600,142200,213800
70920217853,2019,400,14600,15000
70834217022,2019,0,0,0
71006135092,2019,2153500,16697500,18851000
70923127322,2019,146000,408000,554000
60811114169,2019,107500,295700,403200
60802413439,2019,0,0,0
70912408022,2019,78600,338100,416700
71010201144,2019,52900,162700,215600
71002410125,2019,100,0,100
70920108250,2019,116900,285500,402400
70923152428,2019,34100,565900,600000
70922405068,2019,66000,116000,182000
81026356081,2019,100,0,100
71001325052,2019,24900,149500,174400
70922412013,2019,80200,235200,315400
71011215037,2019,0,0,0
70921103051,2019,64100,172300,236400
71006433149,2019,110100,399200,509300
71002106229,2019,9500,110000,119500
70923221017,2019,1888000,6352000,8240000
70836401011,2019,68200,211400,279600
71005406139,2019,59200,149300,208500
70826406146,2019,0,0,0
60904112046,2019,79400,190000,269400
70923412070,2019,1700,16300,18000
70920126062,2019,20600,185200,205800
70815305036,2019,167000,320400,487400
71007226452,2019,86500,86700,173200
70935101033,2019,45800,91200,137000
70926118047,2019,174600,309800,484400
60901202402,2019,60200,146800,207000
80936107047,2019,14900,98100,113000
80925111174,2019,67600,105800,173400
80924434725,2019,400,1600,2000
70824203239,2019,114700,198100,312800
71035114257,2019,64400,245100,309500
71004405075,2019,50600,148700,199300
70918406054,2019,132700,189700,322400
60801210232,2019,65400,178800,244200
81030403969,2019,0,2268000,2268000
70921311208,2019,81500,121700,203200
60812313174,2019,33100,186900,220000
80926205091,2019,65000,169400,234400
70929411018,2019,86700,273300,360000
70918321955,2019,0,2000,2000
70929110040,2019,89900,225800,315700
70913317230,2019,195000,81400,276400
70931309160,2019,99000,127900,226900
70834427184,2019,25600,158200,183800
71012214012,2019,19400,186200,205600
70934303044,2019,440000,1170000,1610000
60801225215,2019,15000,141000,156000
71006310272,2019,69200,177800,247000
70923174430,2019,3300,11700,15000
70936303068,2019,63100,148800,211900
70907300887,2019,863400,922100,1785500
60812405575,2019,94100,195900,290000
70924214160,2019,36000,694800,730800
81031207229,2019,30200,87700,117900
70913326158,2019,232200,237400,469600
81023305148,2019,35600,134900,170500
70913110163,2019,103000,194400,297400
60906109116,2019,61800,164300,226100
70919412026,2019,110300,233000,343300
70817403028,2019,0,0,0
70901109277,2019,106900,106700,213600
71005335099,2019,105300,241900,347200
71014203477,2019,58700,186500,245200
60801210018,2019,70100,114900,185000
70923301033,2019,2155000,12492000,14647000
70836114424,2019,0,0,0
70926401111,2019,80600,160900,241500
71003417047,2019,47900,195100,243000
71010105031,2019,57500,177700,235200
71007114201,2019,90400,270000,360400
70932201141,2019,69200,167400,236600
70919308077,2019,102900,206100,309000
81031215090,2019,35700,116300,152000
60801215117,2019,70000,184100,254100
81031300891,2019,111000,872400,983400
71009222086,2019,50300,194200,244500
80925413108,2019,45100,141600,186700
70828418123,2019,0,0,0
80936113028,2019,13800,94300,108100
81021303384,2019,40800,168300,209100
70932106143,2019,150400,362100,512500
81033404013,2019,107000,0,107000
71003107193,2019,53100,210900,264000
80936212010,2019,31200,68800,100000
70928102064,2019,89400,421800,511200
70929114216,2019,82700,153400,236100
81032307119,2019,48500,133000,181500
70922410190,2019,131900,179300,311200
70913350040,2019,0,8000,8000
81032308034,2019,26300,128200,154500
71007203062,2019,61300,325200,386500
71030205019,2019,0,0,0
70921408170,2019,257200,466800,724000
80935101082,2019,56100,175000,231100
70824206217,2019,105900,260900,366800
71014210109,2019,59600,158900,218500
70923161502,2019,8000,7000,15000
71002415117,2019,66100,247900,314000
70918416037,2019,10500,118500,129000
81031205017,2019,30300,121500,151800
60812222193,2019,23800,162000,185800
71014106564,2019,12500,187500,200000
70914301034,2019,855000,109000,964000
70929118127,2019,89900,233600,323500
70926405163,2019,80600,143400,224000
70923122273,2019,240000,1000,241000
81021110036,2019,62300,192400,254700
71019409228,2019,82800,93000,175800
81021306031,2019,51600,159300,210900
70814408047,2019,142900,291100,434000
71011111029,2019,71400,188600,260000
81034415027,2019,70800,241500,312300
71035125056,2019,11800,232200,244000
70933202130,2019,156800,316600,473400
60802107090,2019,69100,178700,247800
71022200879,2019,347300,1736300,2083600
80936115024,2019,13800,93100,106900
80924425914,2019,400,1600,2000
70923405132,2019,113900,110200,224100
71007116116,2019,87500,318700,406200
71005204195,2019,58500,95700,154200
70921219238,2019,141100,285800,426900
71027200957,2019,125000,78500,203500
80924409869,2019,400,1600,2000
60802108147,2019,69100,169000,238100
70834414040,2019,66900,229000,295900
70931206126,2019,71300,261200,332500
70814207118,2019,90000,241100,331100
80925412340,2019,49900,145800,195700
70816403178,2019,170200,499100,669300
60811427033,2019,66000,196500,262500
81030204044,2019,48200,164900,213100
71003402121,2019,46800,156500,203300
81026360313,2019,100,0,100
71010406190,2019,56600,172400,229000
70921408071,2019,142900,362300,505200
70823410059,2019,968000,787000,1755000
60801212361,2019,73100,163900,237000
71009214059,2019,49300,140000,189300
60812217045,2019,33100,178600,211700
70918320171,2019,20500,69800,90300
70826100863,2019,2662000,2573000,5235000
71007313077,2019,101900,355300,457200
70813402537,2019,202800,55200,258000
70923153856,2019,1300,23700,25000
70824409100,2019,109000,262600,371600
60804205131,2019,94900,0,94900
70922326173,2019,303000,3960000,4263000
70920105040,2019,106000,329000,435000
70835309175,2019,83800,192500,276300
70922224103,2019,115700,458700,574400
71011220250,2019,11300,210000,221300
70824203156,2019,107500,385000,492500
70928312176,2019,126000,274400,400400
70928213051,2019,98200,220000,318200
70932403151,2019,110800,171200,282000
71009410011,2019,65100,116600,181700
70922333029,2019,114100,334900,449000
70823315142,2019,188900,373200,562100
80925115077,2019,13500,260700,274200
71004302297,2019,57500,173500,231000
71004406198,2019,46800,165400,212200
80924434775,2019,400,1600,2000
71011305317,2019,66900,199500,266400
70835118047,2019,12400,102600,115000
80925306220,2019,66400,81900,148300
70822206029,2019,0,0,0
81021105110,2019,61000,179500,240500
60802415138,2019,82000,333000,415000
70929123788,2019,0,1000,1000
70923126035,2019,77400,222600,300000
71015201470,2019,58200,227800,286000
60803119276,2019,66600,388400,455000
70921414101,2019,144600,263100,407700
81022101050,2019,550000,1973000,2523000
71002302132,2019,17500,0,17500
71034104358,2019,74000,220400,294400
70914436039,2019,118000,549600,667600
80936210113,2019,64500,120100,184600
60801101150,2019,56900,152000,208900
81031401079,2019,44200,143100,187300
70825209319,2019,10000,27000,37000
70923133337,2019,287000,2156000,2443000
71006308011,2019,66000,137800,203800
70821112087,2019,116300,304900,421200
60802307971,2019,0,5000,5000
71005336097,2019,31000,444000,475000
70932403101,2019,125800,264900,390700
80925107199,2019,52000,130000,182000
81026346090,2019,4600,0,4600
71005411071,2019,58200,169800,228000
80926202013,2019,97600,90700,188300
80925116752,2019,800,1200,2000
71010302166,2019,54200,128000,182200
70923159143,2019,8000,7000,15000
71006131131,2019,65100,175400,240500
60802418132,2019,61700,154600,216300
80926105316,2019,50600,125400,176000
81021407061,2019,54900,130300,185200
71035204165,2019,67200,225800,293000
81021202015,2019,0,0,0
70823303220,2019,83500,162600,246100
70914427070,2019,99000,579000,678000
70935113252,2019,48500,132800,181300
70918414148,2019,253000,422000,675000
60803101132,2019,106100,203400,309500
60802312334,2019,112200,258200,370400
71005228062,2019,53100,121500,174600
81034107369,2019,59900,148600,208500
80926307037,2019,67400,205300,272700
71002306069,2019,58900,229900,288800
71019411380,2019,9000,134000,143000
70913105180,2019,66200,263800,330000
71006404207,2019,68000,287300,355300
71005112067,2019,65100,249900,315000
80925103204,2019,51800,160200,212000
70813328030,2019,135900,319400,455300
81031416094,2019,37600,133900,171500
70923413325,2019,1700,16300,18000
70923316090,2019,60200,231800,292000
70923315141,2019,128400,171600,300000
70936407274,2019,64800,149200,214000
70931201035,2019,71700,194600,266300
80936118078,2019,13800,94300,108100
60811402358,2019,82300,187900,270200
81026352039,2019,41100,250600,291700
70836105259,2019,76400,144000,220400
70920302175,2019,148300,394600,542900
60812321359,2019,18000,157800,175800
71002418129,2019,92400,257400,349800
60906206061,2019,61600,143200,204800
70922411049,2019,111800,177800,289600
70919302061,2019,107100,210600,317700
70833201034,2019,102400,184100,286500
71010212315,2019,57800,213800,271600
70920309139,2019,98200,262000,360200
70921416181,2019,137000,479200,616200
71011108597,2019,30000,240900,270900
70814424118,2019,81000,249000,330000
80936401209,2019,68300,138700,207000
71005324175,2019,106300,316900,423200
71003205096,2019,53100,169000,222100
71011404151,2019,90500,315700,406200
70928205016,2019,97800,161600,259400
71003402030,2019,60200,160100,220300
70929116171,2019,114300,309700,424000
71009107204,2019,54100,164200,218300
71003301232,2019,62300,195500,257800
70828316294,2019,100,0,100
71005308327,2019,60300,125700,186000
70918311162,2019,145000,192900,337900
71026201063,2019,700,0,700
70836312119,2019,19100,194100,213200
71002314012,2019,11000,0,11000
70922438077,2019,82900,300900,383800
60904111139,2019,79800,156800,236600
70816408152,2019,209800,558700,768500
70923142669,2019,44900,310100,355000
70923140796,2019,1500,13500,15000
80925110291,2019,54000,100500,154500
80924413761,2019,400,1600,2000
71007203038,2019,78200,208600,286800
81033403031,2019,60100,168600,228700
60801412135,2019,84400,201600,286000
70923160041,2019,8000,7000,15000
71001308024,2019,61300,188400,249700
71009209076,2019,68200,128500,196700
60801113147,2019,59500,169500,229000
70828424138,2019,0,0,0
70823114099,2019,89400,240400,329800
70933203039,2019,218200,458500,676700
81031302053,2019,26000,209000,235000
70921125021,2019,124400,288200,412600
70913105023,2019,137500,294800,432300
70913345017,2019,134000,417100,551100
71004318244,2019,58100,149700,207800
81030315099,2019,61300,175700,237000
80925303317,2019,58400,167300,225700
60903209068,2019,11600,109500,121100
81032408230,2019,60200,0,60200
71009104010,2019,53100,186700,239800
70921414086,2019,137400,275500,412900
60803103097,2019,103200,195700,298900
71012205037,2019,76200,278700,354900
71014202396,2019,55900,218700,274600
80924413810,2019,400,1600,2000
81034316217,2019,24300,132500,156800
81031217020,2019,38500,90900,129400
71007226204,2019,89600,140500,230100
70926304034,2019,99600,279300,378900
60811205116,2019,96500,230600,327100
70922404375,2019,127800,242400,370200
70917101340,2019,51500,245400,296900
70924214194,2019,32000,485400,517400
80927401177,2019,257300,467700,725000
70824101152,2019,110600,202000,312600
70919112105,2019,136500,234600,371100
70828116024,2019,81000,185400,266400
60801311030,2019,67300,196700,264000
80925201214,2019,55700,132700,188400
60811116404,2019,18800,217800,236600
80926406053,2019,59000,491000,550000
71006128328,2019,64800,129300,194100
71005205119,2019,77000,134700,211700
60812121535,2019,79900,194300,274200
70928206098,2019,89900,330800,420700
80925306113,2019,57900,9600,67500
71009401044,2019,63300,103700,167000
60802425046,2019,18900,131300,150200
70932210952,2019,0,5000,5000
71006440152,2019,18700,152300,171000
60811401037,2019,84200,185400,269600
70821408212,2019,108000,284400,392400
70936408199,2019,52900,185200,238100
70835109012,2019,116900,286100,403000
71006107041,2019,105700,138700,244400
81031211155,2019,34000,109500,143500
70923143162,2019,44900,397300,442200
71011205195,2019,43400,220400,263800
70925204061,2019,80000,262700,342700
71006312012,2019,56300,198100,254400
71006432159,2019,80000,369600,449600
70932115102,2019,172600,428400,601000
71006421277,2019,50400,129000,179400
70913349308,2019,42000,243800,285800
70920410126,2019,123900,232700,356600
70931309011,2019,90400,140000,230400
70921410117,2019,142900,395500,538400
70824407196,2019,112200,170500,282700
71004201077,2019,43500,566400,609900
60801108247,2019,66100,168400,234500
60812202301,2019,83300,185200,268500
70914406123,2019,140200,201700,341900
71016110167,2019,61700,155800,217500
70823406199,2019,69000,345000,414000
60812103202,2019,84500,202900,287400
80926309083,2019,67900,0,67900
70913415208,2019,99300,330600,429900
70921127027,2019,14200,205800,220000
70923167394,2019,6500,13500,20000
71021113312,2019,15100,88900,104000
71022301057,2019,697500,3403300,4100800
70813402313,2019,256700,372700,629400
70919214076,2019,113200,151800,265000
71001409070,2019,57200,180100,237300
70822102350,2019,112500,187500,300000
70923143287,2019,44900,170800,215700
70826315272,2019,36400,206200,242600
71009413065,2019,63300,141300,204600
70932115152,2019,239300,635200,874500
70913353169,2019,37600,190400,228000
71011112291,2019,60400,234100,294500
81031303019,2019,259500,2555500,2815000
70921417204,2019,121400,246700,368100
71007205109,2019,13000,87800,100800
71007114144,2019,78200,247900,326100
60801411202,2019,75400,162800,238200
70921115270,2019,124400,318800,443200
60812329098,2019,13400,155700,169100
60904113333,2019,94300,403700,498000
70922405323,2019,127800,204200,332000
71035114348,2019,64400,224600,289000
71016114151,2019,54900,140700,195600
70823113140,2019,89400,234000,323400
71020306223,2019,13900,123600,137500
70814402148,2019,82700,221000,303700
71010302265,2019,61500,178000,239500
70929306219,2019,85500,245400,330900
70931104065,2019,194000,255100,449100
81026418089,2019,100,0,100
70931405091,2019,99000,126000,225000
70922437037,2019,69400,312900,382300
71027400987,2019,93400,116700,210100
70828301154,2019,100,0,100
71016114036,2019,54900,160600,215500
71007242359,2019,13700,328700,342400
60813202011,2019,0,0,0
71012210044,2019,58000,195200,253200
70914406040,2019,221600,364500,586100
70922438291,2019,95800,281700,377500
70901113848,2019,19300,101400,120700
70922231158,2019,144700,335400,480100
70813106064,2019,121300,142400,263700
70919306089,2019,103000,287100,390100
70931103215,2019,0,0,0
71035109084,2019,74700,197300,272000
70913119280,2019,100500,176700,277200
70836216220,2019,5500,100500,106000
60801303079,2019,73200,136600,209800
70824403011,2019,106800,280300,387100
70912404070,2019,102200,245700,347900
70836115076,2019,84200,263600,347800
70834205093,2019,81600,250400,332000
81021402136,2019,55600,160200,215800
70920115099,2019,68000,347000,415000
71005336146,2019,96900,218100,315000
71006307120,2019,39600,166000,205600
60903211138,2019,17400,100600,118000
71002307083,2019,9500,0,9500
81022102066,2019,671000,2481000,3152000
71005401064,2019,65700,144900,210600
70923307057,2019,110000,157000,267000
71019401026,2019,326900,193000,519900
70833409092,2019,46200,213700,259900
70828124217,2019,12900,190700,203600
70926104161,2019,78500,119300,197800
71010219163,2019,10600,84500,95100
70824110070,2019,238000,194500,432500
71010119199,2019,58700,210300,269000
71001402123,2019,113600,376500,490100
70918303200,2019,75400,121100,196500
60801313169,2019,76700,267500,344200
70935201049,2019,66200,182300,248500
70920414219,2019,134200,199200,333400
70926107123,2019,76000,203900,279900
71021207115,2019,57600,148200,205800
70926203012,2019,80600,276400,357000
70913431056,2019,38800,226400,265200
71010213058,2019,52000,170000,222000
80924407748,2019,400,1600,2000
81030400882,2019,0,0,0
71012221231,2019,12100,127900,140000
70930408145,2019,92200,236400,328600
71009217144,2019,52300,164000,216300
70921220102,2019,127000,371500,498500
71014214599,2019,8100,115600,123700
70923150498,2019,55100,340100,395200
70928309074,2019,88100,258300,346400
70820119068,2019,100,0,100
71015110043,2019,47600,139800,187400
70929106172,2019,83100,193600,276700
70919304025,2019,112200,270200,382400
71002415084,2019,69100,263200,332300
70923215143,2019,104900,242400,347300
70828411036,2019,0,0,0
70920307175,2019,115300,184700,300000
71035205204,2019,71500,226100,297600
71002303263,2019,37300,205500,242800
81031205025,2019,38100,165600,203700
60811116355,2019,18800,209100,227900
70828125017,2019,1232000,9919000,11151000
70826309217,2019,107500,290400,397900
70829102254,2019,82700,306400,389100
80926105366,2019,56900,129700,186600
60812103210,2019,85600,172100,257700
70835106042,2019,17100,107900,125000
60801419397,2019,16600,192000,208600
80924441027,2019,13300,226200,239500
70922337013,2019,0,0,0
70920104109,2019,111800,188100,299900
70933403085,2019,81300,185700,267000
60903206022,2019,80500,182000,262500
71003412211,2019,48500,186300,234800
71009404113,2019,63300,161300,224600
70929222027,2019,88300,223800,312100
71020309160,2019,23800,163000,186800
71034109150,2019,80400,146900,227300
71001308157,2019,59100,262500,321600
60802410196,2019,75500,231800,307300
80935103088,2019,51800,143500,195300
70923165017,2019,42600,303400,346000
70920106105,2019,111800,175100,286900
70835113063,2019,117400,334800,452200
70913108142,2019,68600,149800,218400
81026200973,2019,0,0,0
60801213062,2019,75800,158700,234500
70929123712,2019,0,1000,1000
70919113046,2019,132300,271900,404200
71007110134,2019,167000,408600,575600
70921103069,2019,74100,194500,268600
71015105151,2019,48600,138400,187000
71011205038,2019,41400,213300,254700
71003214063,2019,53100,136800,189900
81032423098,2019,25500,122800,148300
70921209122,2019,71500,263400,334900
71012210177,2019,58000,194000,252000
71003203032,2019,53100,159900,213000
71030206025,2019,75000,108400,183400
60811406087,2019,81100,158800,239900
71021211174,2019,61000,142000,203000
71007113211,2019,79600,268500,348100
80925119962,2019,800,1200,2000
81014303458,2019,11300,0,11300
80925212352,2019,62600,133800,196400
81034202292,2019,74700,202600,277300
70913307190,2019,163000,167000,330000
70926201199,2019,199300,281300,480600
70926216289,2019,82300,225900,308200
70901101140,2019,54500,145300,199800
71002305219,2019,100,0,100
70929215105,2019,85900,231500,317400
71011123199,2019,0,0,0
71010213066,2019,53000,163500,216500
70923179109,2019,65500,0,65500
70922232023,2019,126200,532200,658400
81032430324,2019,24500,271500,296000
70932101135,2019,156200,301200,457400
81031404312,2019,37600,155200,192800
70913416090,2019,551000,579000,1130000
60802304349,2019,90100,223100,313200
70823110279,2019,89400,218000,307400
70835209177,2019,78200,219400,297600
70922345181,2019,75400,231300,306700
70901109128,2019,51000,161900,212900
70816402203,2019,168200,331000,499200
60902209043,2019,0,0,0
60812319065,2019,82300,296700,379000
81021303425,2019,0,0,0
70834201166,2019,95400,290400,385800
70816401213,2019,171600,599100,770700
71006132080,2019,65100,261900,327000
70919207055,2019,88400,142200,230600
71021201050,2019,60900,135300,196200
70835123260,2019,6500,71300,77800
70921319070,2019,275000,173000,448000
70923148865,2019,4200,800,5000
70922336198,2019,131100,279600,410700
60811112220,2019,109900,306500,416400
70920218223,2019,400,14600,15000
70823106062,2019,89400,244200,333600
81028120426,2019,0,5000,5000
60804105141,2019,117900,405700,523600
81021302021,2019,52500,166600,219100
70922404078,2019,127800,185600,313400
70921113191,2019,124400,353400,477800
70920220228,2019,0,6600,6600
60901204119,2019,60800,200200,261000
70816408079,2019,159000,365900,524900
71016112254,2019,54000,160000,214000
71005111051,2019,60600,150600,211200
70926301030,2019,0,0,0
81031226097,2019,52300,108600,160900
70920220393,2019,0,11500,11500
70923307073,2019,49800,231400,281200
70918315081,2019,29000,118100,147100
70824218048,2019,163500,312800,476300
70922320315,2019,121800,325800,447600
71006114210,2019,47200,204200,251400
60804102121,2019,87000,262900,349900
70914404151,2019,240000,509000,749000
60801402061,2019,71600,158300,229900
71003408012,2019,49300,174800,224100
70822105263,2019,55200,184800,240000
80925206280,2019,56500,155500,212000
71003108125,2019,56400,181500,237900
70920217465,2019,400,14600,15000
81032411142,2019,44000,106900,150900
71034104465,2019,68600,231500,300100
70921126251,2019,121400,337300,458700
70913107300,2019,61000,316500,377500
71010302091,2019,54600,127500,182100
71003308105,2019,54000,178700,232700
71009218085,2019,47300,141200,188500
70921205112,2019,71900,165100,237000
70929407025,2019,86700,192500,279200
70921206128,2019,46200,123800,170000
71034104134,2019,77300,190200,267500
70928105224,2019,99100,226700,325800
60802417184,2019,70700,194900,265600
70922225177,2019,172000,330200,502200
81021409059,2019,54900,248500,303400
81021304126,2019,41300,200000,241300
70922434182,2019,86200,335600,421800
71010211101,2019,58000,174200,232200
60901203038,2019,60500,188100,248600
71005328052,2019,82500,210000,292500
70919401061,2019,96100,194400,290500
70834413084,2019,24200,175700,199900
71015105036,2019,61100,166800,227900
81031223019,2019,43600,153900,197500
70928203119,2019,89900,278600,368500
60811440035,2019,32700,163700,196400
70821205030,2019,98000,282000,380000
70912404369,2019,129200,257100,386300
70926207246,2019,80600,243700,324300
71015201131,2019,66400,186700,253100
71011108175,2019,30000,225600,255600
70926402060,2019,76900,131200,208100
80935101173,2019,51800,147000,198800
70918411293,2019,101700,148200,249900
70834427829,2019,0,5000,5000
70836104011,2019,77100,161900,239000
60802410394,2019,67800,181700,249500
81021308037,2019,10000,100000,110000
70914437699,2019,1100,5900,7000
70928314114,2019,157200,662300,819500
81030317144,2019,68800,132100,200900
81034410192,2019,69600,196300,265900
71012220035,2019,19300,199700,219000
81028116045,2019,56100,163100,219200
60811412266,2019,0,0,0
80926409271,2019,12000,152900,164900
70816405158,2019,192900,466600,659500
71010308198,2019,57200,148800,206000
71006409140,2019,50900,239900,290800
70913350272,2019,0,15000,15000
70918321715,2019,0,2000,2000
70933204318,2019,177800,672900,850700
70834308079,2019,47700,455300,503000
71009202038,2019,65600,120900,186500
71007116364,2019,58700,286800,345500
70914437368,2019,0,0,0
71005225159,2019,49000,57400,106400
70923316123,2019,135100,204400,339500
71006304100,2019,49300,252800,302100
70828417068,2019,0,0,0
60903201121,2019,77900,154800,232700
80924424859,2019,400,1600,2000
81031408190,2019,40400,109900,150300
70928316079,2019,161300,809700,971000
70821114174,2019,61300,224700,286000
60802106141,2019,69300,165200,234500
70921106104,2019,113300,326000,439300
81030312318,2019,56000,131900,187900
60812103179,2019,99600,175100,274700
70928213126,2019,97400,303500,400900
71007218102,2019,126400,236900,363300
70923154036,2019,0,7500,7500
70813111071,2019,540000,0,540000
70932105038,2019,91900,147100,239000
70821202135,2019,158000,0,158000
81033207061,2019,45000,123900,168900
80926109102,2019,53200,126800,180000
70931301075,2019,124800,225200,350000
70834308863,2019,29500,325500,355000
60801122099,2019,66700,166500,233200
70929106031,2019,104100,185900,290000
70835122949,2019,6500,72400,78900
71015115093,2019,42400,161100,203500
71014216066,2019,7500,128700,136200
60812313190,2019,33100,166700,199800
70920103044,2019,111900,189100,301000
71020306091,2019,10600,108400,119000
70912405078,2019,105400,299200,404600
70814307108,2019,0,0,0
71003310150,2019,58500,160900,219400
81031216189,2019,38100,104500,142600
71019404046,2019,87800,241800,329600
70913123075,2019,0,0,0
81035117036,2019,36500,81000,117500
71030203021,2019,87400,193600,281000
70828306112,2019,35000,239900,274900
70919108097,2019,94200,162200,256400
70826418175,2019,21500,113100,134600
70921303221,2019,162300,392100,554400
81031206073,2019,36300,160300,196600
71019410085,2019,143000,525000,668000
71011223064,2019,18500,170200,188700
80924414214,2019,28700,319700,348400
70836404057,2019,72900,167800,240700
60802106076,2019,67900,190900,258800
71004307015,2019,58500,151300,209800
70919403075,2019,109300,283300,392600
60801316121,2019,24000,144700,168700
60801316056,2019,24000,131700,155700
80926311012,2019,77100,320900,398000
70820106057,2019,100,0,100
70826408283,2019,64500,171200,235700
71015406153,2019,46400,210100,256500
81034203183,2019,65700,156500,222200
71007210017,2019,1862000,256000,2118000
71015214019,2019,23000,266400,289400
81023304629,2019,35600,152700,188300
70935103104,2019,44500,85900,130400
70928307177,2019,168000,115000,283000
70932403193,2019,99000,376000,475000
71016207352,2019,59900,236500,296400
70815309187,2019,63400,358200,421600
70930406149,2019,73000,188800,261800
70813112045,2019,260300,110100,370400
81031209077,2019,38500,131200,169700
70918306098,2019,74800,116500,191300
81028102325,2019,59000,156300,215300
70932112025,2019,125200,204800,330000
60901202303,2019,61800,162300,224100
70833302220,2019,282500,562500,845000
71002314111,2019,11100,0,11100
80926108261,2019,60400,158600,219000
71001325234,2019,24900,136000,160900
70823118273,2019,12800,101600,114400
70834415238,2019,24000,186000,210000
71007232029,2019,65500,215800,281300
70836117072,2019,70800,205500,276300
81030213186,2019,527000,4803000,5330000
71011126127,2019,70400,255600,326000
81032403024,2019,44000,109100,153100
70913207142,2019,83100,251900,335000
60801113535,2019,54600,192000,246600
70826201091,2019,497000,712000,1209000
70923173656,2019,3300,5900,9200
80925302012,2019,62100,162100,224200
71011204212,2019,32800,192000,224800
80924407053,2019,8300,132200,140500
81026426107,2019,1200,0,1200
70813324195,2019,137500,327200,464700
60802410021,2019,68100,151900,220000
70820109019,2019,0,0,0
70929201229,2019,96000,356700,452700
60802411194,2019,66300,172700,239000
70813304212,2019,71900,214900,286800
60811401110,2019,84500,187600,272100
81028120236,2019,0,4000,4000
70928109292,2019,108200,310500,418700
71002440049,2019,34100,0,34100
70821110114,2019,111800,266200,378000
70922426056,2019,96500,345600,442100
60801215018,2019,70000,207800,277800
71009305113,2019,0,0,0
70823407105,2019,38200,230000,268200
71016109128,2019,63200,138300,201500
71004305126,2019,52800,138300,191100
70931413044,2019,104600,255800,360400
70919311070,2019,3190000,28866000,32056000
70935113161,2019,49300,110100,159400
71016112171,2019,63700,110600,174300
71014215505,2019,7800,121000,128800
70931402071,2019,117200,137600,254800
60812202319,2019,83100,176900,260000
71011221076,2019,12000,173500,185500
71016206099,2019,69000,168700,237700
70828310113,2019,76000,293900,369900
70822406041,2019,0,0,0
70921304138,2019,154800,410800,565600
81031218036,2019,40600,193300,233900
81027112036,2019,36700,112100,148800
70922440171,2019,62500,217700,280200
80935106115,2019,70300,167700,238000
70914420024,2019,294200,506800,801000
71016203053,2019,106800,208800,315600
71005217065,2019,50400,319600,370000
70929223059,2019,84000,159800,243800
70813108028,2019,98900,123700,222600
70913107144,2019,137300,171700,309000
70828410038,2019,0,0,0
80924426904,2019,400,1600,2000
80925118823,2019,800,1200,2000
70913312983,2019,0,248000,248000
71010106097,2019,57500,210900,268400
71015204119,2019,48600,158700,207300
70923412137,2019,1700,16300,18000
70833209046,2019,109900,306000,415900
70826422267,2019,0,4000,4000
71007303151,2019,0,0,0
71007224076,2019,73200,290500,363700
71007206032,2019,67000,236500,303500
71004200813,2019,0,0,0
80925305131,2019,60700,157800,218500
71010101055,2019,55600,203400,259000
80925410089,2019,58300,190600,248900
81032311079,2019,78000,227000,305000
70921307059,2019,154800,244900,399700
71035114273,2019,64600,220900,285500
60811416292,2019,79600,193000,272600
70823402080,2019,33300,187300,220600
60811408059,2019,75200,181100,256300
70826315090,2019,35800,242300,278100
71006418125,2019,55300,183400,238700
70814309120,2019,156600,275700,432300
70913110197,2019,119100,282800,401900
71016103112,2019,63500,158300,221800
71021113883,2019,0,1000,1000
70914419093,2019,644400,634600,1279000
70913113141,2019,75900,253100,329000
70835309018,2019,82600,215000,297600
60812217061,2019,33100,188400,221500
70923160108,2019,8000,7000,15000
60811415294,2019,94700,158400,253100
70816306041,2019,131700,276300,408000
70929124174,2019,0,10000,10000
71030204095,2019,98400,82200,180600
70913312016,2019,0,0,0
70833123113,2019,0,0,0
70829110091,2019,99700,336900,436600
70826419909,2019,0,4000,4000
81032425010,2019,28100,148600,176700
60802422018,2019,24200,130800,155000
70813320268,2019,14600,98800,113400
71035204115,2019,69100,242900,312000
70920216491,2019,9600,316400,326000
60801301099,2019,70600,196800,267400
70921219204,2019,138200,303400,441600
60812207385,2019,79900,206700,286600
70913429126,2019,15400,226100,241500
70922417203,2019,64600,242200,306800
70918411334,2019,132700,137400,270100
60903210081,2019,19200,95700,114900
70929201211,2019,96500,338600,435100
60801116183,2019,66700,157800,224500
70913348053,2019,3300,150200,153500
60906204099,2019,86000,204000,290000
70929223249,2019,85900,194500,280400
70835302096,2019,113700,239900,353600
70921113092,2019,124400,220000,344400
70829110108,2019,94700,335200,429900
70914419051,2019,875000,4155000,5030000
70931207067,2019,63600,178300,241900
70826309051,2019,104000,387200,491200
70829402175,2019,12700,0,12700
60804102022,2019,0,0,0
71002310052,2019,49400,253500,302900
71007218087,2019,128100,207700,335800
70816402097,2019,177200,694500,871700
71035125014,2019,11800,254000,265800
70923159317,2019,8000,7000,15000
70921112151,2019,113800,265100,378900
71009407191,2019,61500,159100,220600
70928210156,2019,89900,183500,273400
71009204034,2019,48000,227600,275600
70834211024,2019,68300,237500,305800
60801308160,2019,72200,145800,218000
70835111041,2019,118600,280200,398800
70920408303,2019,129500,204300,333800
70928102113,2019,89400,185500,274900
70815100981,2019,143000,0,143000
60811416060,2019,91700,248900,340600
70928217227,2019,98500,196500,295000
70913349332,2019,36100,234600,270700
60801414339,2019,106600,225000,331600
70929210080,2019,82000,203800,285800
81026349086,2019,41100,278600,319700
71007224274,2019,95200,214600,309800
70936100901,2019,0,0,0
70923138345,2019,34200,303400,337600
70931304178,2019,111100,187600,298700
71007106125,2019,101100,348700,449800
70913106253,2019,81800,194200,276000
71009415061,2019,65200,145300,210500
60804208086,2019,117700,0,117700
71010400879,2019,102600,114200,216800
70920417031,2019,109300,191600,300900
70824102324,2019,122900,324700,447600
70834214490,2019,40800,411100,451900
71005337061,2019,0,0,0
70833109014,2019,86400,260600,347000
70833101036,2019,163700,412100,575800
70813309238,2019,85200,308500,393700
81021406089,2019,57100,206400,263500
70816414208,2019,13100,238600,251700
71010307017,2019,53600,130600,184200
70814428186,2019,15200,184800,200000
70913415183,2019,75200,295800,371000
71009229024,2019,40000,10000,50000
71009222143,2019,45900,180400,226300
60801313151,2019,78900,275000,353900
70836418090,2019,62100,190900,253000
70836119135,2019,63000,265900,328900
80925112875,2019,800,1200,2000
71010211143,2019,53000,148100,201100
70923170123,2019,2300,800,3100
70913345041,2019,67900,76400,144300
70929121089,2019,125000,190100,315100
60802101175,2019,76000,264000,340000
71006139036,2019,0,0,0
70921210062,2019,67900,181600,249500
70928220048,2019,134500,339500,474000
60803106116,2019,103200,186200,289400
70936403264,2019,64300,114600,178900
70914420347,2019,92500,766500,859000
70922310051,2019,133600,345800,479400
60801304233,2019,71700,146700,218400
60812323066,2019,28500,168100,196600
80925117099,2019,12900,243700,256600
70913323013,2019,140200,195100,335300
80936105033,2019,13800,103500,117300
70929307077,2019,94800,266800,361600
70835107230,2019,99900,354700,454600
70821403113,2019,114200,310000,424200
70835107305,2019,182700,470200,652900
70823302090,2019,286000,459000,745000
81032418156,2019,46000,118300,164300
60802112403,2019,86400,153600,240000
60906115022,2019,57900,156200,214100
70814207100,2019,100200,285600,385800
71035107062,2019,68200,216700,284900
70929306326,2019,90900,305900,396800
71003113025,2019,20400,125600,146000
71015203202,2019,49600,207300,256900
81027110080,2019,36700,114000,150700
81034200965,2019,0,0,0
70826421160,2019,0,4000,4000
80925304290,2019,47800,135500,183300
70932210986,2019,0,5000,5000
70919304124,2019,87800,176600,264400
70936303026,2019,63700,162800,226500
71006432026,2019,106500,268700,375200
70931302263,2019,106900,185000,291900
71014201215,2019,56800,128300,185100
70923161221,2019,8000,7000,15000
70919222201,2019,96800,116700,213500
70823314318,2019,0,0,0
71012201192,2019,68700,291900,360600
70922417188,2019,48400,243100,291500
81030312061,2019,57500,168500,226000
71004318062,2019,54700,127000,181700
70918223028,2019,88000,292000,380000
70923145556,2019,8000,7000,15000
70926207220,2019,77600,134000,211600
70932417045,2019,53900,100100,154000
60812111411,2019,79500,219000,298500
71005215051,2019,53100,109400,162500
71015105060,2019,66400,168500,234900
70929112153,2019,100400,214600,315000
70931406130,2019,106500,151700,258200
70918414271,2019,3462000,0,3462000
70918205076,2019,164000,199500,363500
70929122087,2019,104400,193200,297600
71019405135,2019,81500,87600,169100
70823303098,2019,87200,256300,343500
70918305115,2019,75400,127000,202400
70820109217,2019,100,0,100
70912447046,2019,9000,91300,100300
70815309020,2019,63400,476600,540000
60901204094,2019,61000,160000,221000
71007111017,2019,85900,214300,300200
70913404061,2019,72900,459600,532500
71006128526,2019,49200,166100,215300
71006414206,2019,140000,1035000,1175000
70922110055,2019,105000,1325000,1430000
71006126075,2019,35000,220000,255000
60804204133,2019,78000,273500,351500
70913431022,2019,38800,215700,254500
70826410402,2019,0,0,0
71002440065,2019,34100,0,34100
70913204031,2019,73100,269700,342800
70814102144,2019,100200,346400,446600
70932107092,2019,143600,328400,472000
60802409040,2019,75800,213800,289600
71006413026,2019,62400,148800,211200
70922439231,2019,65200,306400,371600
71007110225,2019,144300,281500,425800
71021109121,2019,61000,151000,212000
70822414028,2019,17500,133700,151200
71003315184,2019,58000,250900,308900
71006114088,2019,62000,212600,274600
70901104144,2019,51000,115100,166100
70931202190,2019,76400,167400,243800
60801203097,2019,67400,175600,243000
70834416038,2019,22800,193500,216300
71014201281,2019,54700,150700,205400
70836213086,2019,11600,118100,129700
71012206324,2019,64400,251500,315900
70913315101,2019,75000,185300,260300
70921214155,2019,115000,202900,317900
60803116107,2019,134000,324600,458600
70928223076,2019,105300,157700,263000
70813405036,2019,114000,206900,320900
70918416219,2019,10500,104600,115100
70929418171,2019,86700,266400,353100
70833402129,2019,135500,421200,556700
71006103031,2019,59800,155500,215300
80925306246,2019,66900,99000,165900
70922428052,2019,180500,354600,535100
71016113070,2019,54900,112700,167600
71010409160,2019,56600,179100,235700
81021106085,2019,61200,155100,216300
71034108087,2019,56400,177400,233800
81032104078,2019,23300,162200,185500
81027105099,2019,36700,113200,149900
70921307124,2019,157700,157200,314900
71015111330,2019,46500,156600,203100
71012215226,2019,17700,237500,255200
81023207534,2019,33600,141100,174700
70920216318,2019,10300,290700,301000
70816314268,2019,155100,242900,398000
71016114078,2019,54900,171900,226800
70918212138,2019,111900,282100,394000
80925125068,2019,12900,270700,283600
80924404968,2019,400,1600,2000
60801308079,2019,72500,175500,248000
71010207308,2019,58700,184700,243400
70920105090,2019,106000,284000,390000
71005307254,2019,60600,344400,405000
60801225489,2019,15000,135000,150000
70919108146,2019,99000,51000,150000
70826419321,2019,0,4000,4000
70814402198,2019,89500,159000,248500
70931309277,2019,104600,119900,224500
81035112036,2019,100,0,100
81016201163,2019,770000,755000,1525000
70922234102,2019,134700,370200,504900
60812117013,2019,78800,167400,246200
71006306221,2019,32700,202900,235600
70821306036,2019,660000,1705000,2365000
70936409163,2019,64400,174200,238600
71035114231,2019,64600,241500,306100
70923142081,2019,44900,155100,200000
70931415090,2019,66600,140400,207000
81016305014,2019,119000,1051500,1170500
71005227311,2019,38400,122900,161300
70834413224,2019,24200,184200,208400
70912405052,2019,108700,155800,264500
71005221206,2019,65100,197400,262500
70828310121,2019,76000,365900,441900
60901203137,2019,57300,153300,210600
70923170503,2019,2100,400,2500
71006420104,2019,62600,249400,312000
70926109062,2019,80300,148500,228800
80924103130,2019,85100,227200,312300
71016112139,2019,54800,94900,149700
71009222010,2019,41300,139700,181000
80924432977,2019,400,1600,2000
70834422043,2019,25500,181500,207000
71022106027,2019,185000,839600,1024600
81031300867,2019,99000,324000,423000
80924407920,2019,400,1600,2000
70928223018,2019,134500,268700,403200
71015303052,2019,425100,1153500,1578600
81032103038,2019,40400,100200,140600
60904113424,2019,101400,303600,405000
70823307082,2019,0,0,0
70823205088,2019,18100,222700,240800
71016206247,2019,64200,134300,198500
71006422184,2019,53200,227900,281100
70829104010,2019,59900,239100,299000
81031213200,2019,38100,121700,159800
70835108155,2019,149900,456400,606300
70822414044,2019,11800,106200,118000
70923161289,2019,8000,7000,15000
70834415163,2019,24000,181900,205900
71027200858,2019,0,0,0
81021303045,2019,53100,204300,257400
81031222102,2019,45400,121500,166900
70921401249,2019,142900,280400,423300
70920218463,2019,400,14600,15000
70813319071,2019,14300,103700,118000
70835315502,2019,51900,315100,367000
60905214057,2019,3600,40800,44400
71001320044,2019,64400,260200,324600
81015104219,2019,56700,185900,242600
71007242325,2019,9700,207800,217500
71034103251,2019,61400,201300,262700
71027418112,2019,0,0,0
81021302089,2019,51100,194800,245900
71002304021,2019,57900,244900,302800
80925211239,2019,54900,130300,185200
60906209099,2019,55000,205500,260500
70914438506,2019,2200,22800,25000
71001301135,2019,61700,168300,230000
71009315047,2019,68800,114700,183500
70835307137,2019,79200,219300,298500
71006215034,2019,57500,277500,335000
60906207100,2019,60300,195500,255800
70828201049,2019,0,0,0
70918103022,2019,636400,184000,820400
70918406020,2019,120200,155400,275600
70931404043,2019,102400,159600,262000
80936210056,2019,63400,87700,151100
70931402188,2019,108200,174100,282300
71001104133,2019,64200,355300,419500
70826201140,2019,555000,1187000,1742000
70923173929,2019,3300,5900,9200
70913314070,2019,94700,235000,329700
71006401188,2019,62600,168400,231000
71007201173,2019,81900,250100,332000
70826418373,2019,21200,127800,149000
70828427041,2019,0,0,0
70922304129,2019,165000,322700,487700
71011303139,2019,66800,193200,260000
71027100850,2019,2033300,6012100,8045400
81031404081,2019,36700,151200,187900
70835303284,2019,88600,246900,335500
70823406363,2019,60300,280500,340800
70816314060,2019,159700,328700,488400
70919219092,2019,90800,142900,233700
81034408147,2019,69000,180900,249900
70920108200,2019,120800,128700,249500
60801416054,2019,69900,241500,311400
71006101035,2019,46900,185200,232100
71005206076,2019,44600,255000,299600
70923152204,2019,34100,476400,510500
71004307213,2019,59300,131800,191100
70836228027,2019,30700,173300,204000
81034411033,2019,66300,180200,246500
60903224024,2019,41500,109100,150600
71003112027,2019,19900,127600,147500
70919407209,2019,107800,182200,290000
70921302124,2019,100500,197000,297500
80924444873,2019,400,1600,2000
70923175321,2019,3300,11700,15000
70829414097,2019,10100,0,10100
70835124292,2019,500,1500,2000
70935201023,2019,66200,183800,250000
70920418047,2019,103200,204400,307600
70929111022,2019,0,0,0
70931102184,2019,110100,122500,232600
71015201123,2019,66400,141200,207600
70929206295,2019,82000,268000,350000
80924423794,2019,400,1600,2000
70821114067,2019,55700,244500,300200
81027106112,2019,36700,118800,155500
71006403168,2019,62700,286300,349000
70936309173,2019,61000,148600,209600
71005312039,2019,59100,185900,245000
70835123103,2019,6500,71300,77800
70921301150,2019,206600,184300,390900
60803119408,2019,82400,392200,474600
71034103350,2019,70700,243200,313900
70920109084,2019,113400,116000,229400
60803117022,2019,104400,336200,440600
71009108012,2019,46100,182100,228200
71006114195,2019,26700,213900,240600
71021105103,2019,62700,153700,216400
80926114044,2019,18300,104100,122400
70901113062,2019,14600,76400,91000
70826412424,2019,8200,63400,71600
70823211077,2019,93800,212200,306000
70923122041,2019,62300,277700,340000
70913203249,2019,0,0,0
71009311087,2019,72500,177500,250000
60801208360,2019,75600,178400,254000
71002418179,2019,80000,250000,330000
80925407143,2019,51600,166500,218100
81021415072,2019,56100,146200,202300
70921113159,2019,124400,255600,380000
70929112145,2019,100400,437800,538200
60812111205,2019,78200,224700,302900
80936207201,2019,56900,167400,224300
70928321028,2019,158600,407400,566000
70813112144,2019,114000,280500,394500
71011211150,2019,54300,196800,251100
71003417253,2019,49900,181400,231300
80924440730,2019,400,1600,2000
70926207303,2019,77500,223400,300900
70813403163,2019,236900,310200,547100
80924427829,2019,400,1600,2000
70914419241,2019,487000,694000,1181000
81021416195,2019,18700,0,18700
60811304025,2019,85800,275200,361000
81023309116,2019,35600,134900,170500
71016104053,2019,63300,124400,187700
71001330077,2019,25200,118700,143900
70826407029,2019,62300,155200,217500
70923229285,2019,330000,3997000,4327000
81032309230,2019,36700,135200,171900
81034207119,2019,67800,185200,253000
71011221034,2019,12000,189000,201000
70923163920,2019,44900,203700,248600
70928309082,2019,157300,147600,304900
70814424134,2019,0,0,0
70932106317,2019,134300,330200,464500
70922217116,2019,199400,466600,666000
71001333013,2019,79800,354800,434600
70919406011,2019,100000,229600,329600
71021201018,2019,58700,270000,328700
80924427936,2019,400,1600,2000
71007111124,2019,89900,402800,492700
71011309088,2019,251800,0,251800
70929123952,2019,0,1000,1000
70920418279,2019,149900,157400,307300
71021222121,2019,62100,156900,219000
71001107038,2019,100,0,100
70814403203,2019,100800,302600,403400
70922236124,2019,191400,381700,573100
60812407026,2019,75200,184100,259300
70928207096,2019,89900,208600,298500
70835314067,2019,0,0,0
70836410054,2019,54800,138500,193300
70931408029,2019,68100,156800,224900
70922111342,2019,289000,9916000,10205000
70823314160,2019,191100,324900,516000
60903201238,2019,84900,195800,280700
80924403027,2019,8200,119900,128100
70821404062,2019,112500,0,112500
70928219083,2019,99100,200900,300000
71027410035,2019,24900,156400,181300
60802417118,2019,73400,180300,253700
71003208024,2019,52000,126300,178300
70913318030,2019,113000,1372000,1485000
70917101168,2019,51500,300500,352000
70813319302,2019,15800,116200,132000
71003307157,2019,54700,154300,209000
71023201032,2019,0,0,0
70820109184,2019,100,0,100
71006418068,2019,69400,315600,385000
71006421342,2019,47600,164300,211900
80925303052,2019,78200,114600,192800
70922234152,2019,125900,293100,419000
70926215215,2019,115300,214700,330000
70835114011,2019,132700,326800,459500
60802203020,2019,0,0,0
70834201091,2019,159200,373800,533000
80925219077,2019,66800,145500,212300
70826419016,2019,0,4000,4000
80936402140,2019,73800,176200,250000
70931406057,2019,120600,169400,290000
70835319108,2019,89600,318900,408500
71002437179,2019,42500,237000,279500
81030101042,2019,0,0,0
80926409180,2019,12000,142300,154300
70814201037,2019,105000,294800,399800
81026420050,2019,100,0,100
71007228226,2019,261000,1207800,1468800
71010203158,2019,54000,192200,246200
70931402112,2019,103400,236700,340100
70833205169,2019,30400,260500,290900
81034309238,2019,69700,198500,268200
60812330491,2019,0,5000,5000
71011123173,2019,36600,252700,289300
70833118099,2019,86700,290100,376800
70921315036,2019,99400,165500,264900
70922338136,2019,183200,327500,510700
60811116503,2019,18800,222300,241100
81031212111,2019,36900,109500,146400
70833302238,2019,282500,626500,909000
71014215290,2019,7800,141400,149200
71014202114,2019,63400,155300,218700
70833119146,2019,103900,277600,381500
71004406114,2019,50100,165900,216000
70913401215,2019,77800,122400,200200
70924218360,2019,42200,479800,522000
70931416155,2019,109900,145400,255300
70923160372,2019,8000,7000,15000
70823401024,2019,33300,216600,249900
71012201176,2019,67000,220900,287900
60811408116,2019,74800,168900,243700
71031100961,2019,0,0,0
80925103163,2019,58000,127000,185000
60812210198,2019,0,0,0
70923148138,2019,4200,800,5000
71010219056,2019,10600,85600,96200
81032403264,2019,40400,104300,144700
71007223135,2019,94200,381100,475300
70824206192,2019,105900,282400,388300
71035125113,2019,11800,283100,294900
80924423108,2019,10500,174300,184800
71010409128,2019,58100,179700,237800
81028111011,2019,76200,176700,252900
60811103162,2019,99500,226100,325600
71010313022,2019,51200,197800,249000
70922416099,2019,0,0,0
60811116305,2019,18800,216700,235500
81026368060,2019,100,0,100
71014213161,2019,58700,178200,236900
71015104096,2019,56900,185200,242100
71021207074,2019,58600,122600,181200
70932415255,2019,55200,114200,169400
71030211040,2019,88800,186300,275100
70926213128,2019,85500,188900,274400
70826420576,2019,0,4000,4000
81030210108,2019,55200,105800,161000
70928307086,2019,91100,189800,280900
71007214126,2019,177500,108000,285500
81035114157,2019,100,0,100
70920408288,2019,129500,197200,326700
70922328038,2019,88000,347000,435000
60801419347,2019,16600,204900,221500
80926203037,2019,94800,143600,238400
70834201215,2019,90000,360000,450000
71003312239,2019,49300,136300,185600
81026418063,2019,100,0,100
60804211047,2019,18000,0,18000
70931415040,2019,69500,147000,216500
80924444906,2019,400,1600,2000
71006424099,2019,70000,132300,202300
71026101031,2019,207000,0,207000
60802433015,2019,15000,92200,107200
60811114044,2019,100300,209500,309800
70813319310,2019,15100,102900,118000
81023306104,2019,35600,127500,163100
60801414206,2019,86800,198900,285700
71011125145,2019,65500,181200,246700
71011121200,2019,35900,212100,248000
71006128427,2019,46200,178300,224500
70922316091,2019,115400,400400,515800
71016102049,2019,60400,80100,140500
70930416065,2019,75600,256800,332400
70921127184,2019,13200,172300,185500
70922439215,2019,65200,292800,358000
70814101196,2019,117300,352800,470100
71005203072,2019,49000,266000,315000
81034101113,2019,67500,232700,300200
71021219011,2019,59600,140600,200200
71012207075,2019,58400,185200,243600
70921414119,2019,142900,598400,741300
60905213190,2019,0,0,0
70826204152,2019,176000,979000,1155000
70823305200,2019,82300,181900,264200
70826408150,2019,72600,148600,221200
71006105029,2019,61400,113000,174400
70922237023,2019,234800,712400,947200
60906107045,2019,71800,163600,235400
70918102058,2019,625100,412700,1037800
81015105027,2019,57600,181400,239000
60801205019,2019,67400,150000,217400
71004405083,2019,52000,160100,212100
70923173292,2019,3300,5900,9200
70824410032,2019,109200,266100,375300
70914437136,2019,1100,5900,7000
70820119042,2019,100,0,100
80936114034,2019,13800,94300,108100
70932203121,2019,68200,265600,333800
70918208046,2019,87700,0,87700
81030307161,2019,61700,155500,217200
70922430099,2019,92000,221000,313000
71010210012,2019,51600,139900,191500
71004401172,2019,49700,145300,195000
70913309435,2019,65900,324600,390500
80925306395,2019,52600,129100,181700
71005410015,2019,54200,88900,143100
70828423122,2019,0,0,0
81032416077,2019,33200,143400,176600
80924312020,2019,99500,377000,476500
70923409126,2019,134900,173300,308200
70816321081,2019,64200,250800,315000
70922231174,2019,158400,380000,538400
71020307049,2019,10200,106400,116600
70936409220,2019,61500,176300,237800
81028119891,2019,10100,91800,101900
60801407235,2019,78900,214400,293300
71005316099,2019,67400,198600,266000
70833208056,2019,101900,262600,364500
70923123081,2019,96700,292900,389600
70921408162,2019,198800,532500,731300
71010214056,2019,52000,225000,277000
70824414539,2019,11300,76100,87400
70836210123,2019,11400,133300,144700
70920218447,2019,300,14700,15000
70835315239,2019,51900,360700,412600
81034405143,2019,90100,182600,272700
70821410077,2019,101400,352700,454100
70922236041,2019,175900,406300,582200
80925405288,2019,56300,211800,268100
71007315081,2019,123500,325600,449100
81031410088,2019,37600,119400,157000
70816322071,2019,17300,222700,240000
70935114127,2019,49300,116000,165300
71002418286,2019,0,0,0
71009409056,2019,67000,114100,181100
60812115033,2019,74600,171500,246100
60801207198,2019,70000,189200,259200
60803112022,2019,100400,323100,423500
70926207296,2019,77500,210600,288100
70836407168,2019,55100,145400,200500
70836310238,2019,14900,114300,129200
71002445148,2019,100,0,100
70913202316,2019,107100,165600,272700
70926108030,2019,80300,217100,297400
70912405309,2019,100400,353100,453500
81034203042,2019,67700,207400,275100
60903210023,2019,19200,83000,102200
60811204043,2019,130500,176700,307200
81030310049,2019,59600,129500,189100
81031206130,2019,54000,182700,236700
60812313520,2019,33100,246900,280000
70920126187,2019,15200,167400,182600
70920106337,2019,130800,151000,281800
80925205018,2019,58000,140500,198500
70931402245,2019,121300,192700,314000
70922237180,2019,128700,166100,294800
70822205047,2019,0,0,0
70814422063,2019,98400,184300,282700
81033205114,2019,44600,155400,200000
70918211346,2019,163800,0,163800
70913311117,2019,287000,369100,656100
60801111042,2019,65800,132700,198500
81027204031,2019,866000,7634000,8500000
70826421350,2019,0,4000,4000
70929124314,2019,0,10000,10000
70821105058,2019,121100,367600,488700
70826405023,2019,67500,179500,247000
71005410255,2019,56300,126500,182800
70823210011,2019,80100,246900,327000
71003108092,2019,56100,168600,224700
80925411061,2019,51600,206500,258100
71008108831,2019,1100,8900,10000
60811416135,2019,79500,198100,277600
60801419206,2019,16600,184900,201500
70813310053,2019,11600,126400,138000
70931211034,2019,71300,272900,344200
71011118596,2019,30500,224500,255000
70912405284,2019,98400,243200,341600
60804104036,2019,98900,272100,371000
70836306021,2019,68500,167700,236200
70929409104,2019,83700,221800,305500
70920216730,2019,10700,373200,383900
70814417113,2019,85900,166700,252600
70836308217,2019,77000,298000,375000
71010110238,2019,56000,162900,218900
70836222029,2019,27500,139500,167000
80925306296,2019,78200,115600,193800
71011218057,2019,0,0,0
80925213045,2019,55900,112200,168100
70820110157,2019,100,0,100
71003310019,2019,57900,183200,241100
70913107201,2019,109700,128000,237700
70833207107,2019,678000,10002000,10680000
71010305045,2019,53600,129400,183000
81034307133,2019,44200,137000,181200
60812117170,2019,73600,188600,262200
81026354035,2019,56400,313000,369400
70926218277,2019,0,0,0
70919107312,2019,78100,75100,153200
81032422016,2019,36300,121500,157800
70919213078,2019,91500,185200,276700
80926303100,2019,67400,159000,226400
80924434139,2019,11700,220300,232000
70913326306,2019,0,0,0
70923133030,2019,113300,209200,322500
71014103031,2019,77900,270500,348400
70836405237,2019,68200,179800,248000
70826204201,2019,176000,979000,1155000
70922303056,2019,118200,412700,530900
71030207057,2019,81600,115100,196700
81034304022,2019,44200,119300,163500
70928310063,2019,33000,350000,383000
70928103020,2019,106000,282400,388400
70926228044,2019,0,0,0
70824415347,2019,12200,85600,97800
81028120103,2019,0,4000,4000
81032316144,2019,21000,174000,195000
70833302139,2019,216500,335300,551800
70920207010,2019,919000,6831000,7750000
70836220023,2019,23300,180200,203500
70835202395,2019,123400,251000,374400
70923411189,2019,35200,361800,397000
81034205296,2019,67600,203000,270600
81032434029,2019,26600,59700,86300
70923148550,2019,4200,800,5000
70822414135,2019,17500,137100,154600
70826417862,2019,21500,129500,151000
70913434183,2019,0,18000,18000
80926401011,2019,45100,92500,137600
70935116082,2019,168600,982400,1151000
70913104025,2019,84200,196300,280500
70833118289,2019,94200,323800,418000
60904108219,2019,94100,231600,325700
71035114380,2019,65100,256600,321700
71012202132,2019,65300,197800,263100
71006111109,2019,69200,147800,217000
70823210384,2019,131500,304200,435700
71016202047,2019,107600,118200,225800
81021406138,2019,56900,179500,236400
70919222029,2019,101300,238700,340000
60802417134,2019,72000,176500,248500
71006303029,2019,69200,114500,183700
70814428087,2019,15200,176300,191500
70836114292,2019,81800,134200,216000
70834417086,2019,13200,0,13200
70932419075,2019,0,0,0
60905204157,2019,88000,226000,314000
60811407176,2019,75600,189300,264900
70932113073,2019,94000,186000,280000
81034108341,2019,59900,174900,234800
70923215169,2019,114700,361300,476000
81034106246,2019,60900,181500,242400
70912448060,2019,9000,91300,100300
70921103184,2019,81900,312800,394700
71010106039,2019,57500,149300,206800
71006204201,2019,52900,53300,106200
70828421118,2019,0,0,0
71006204368,2019,63200,118100,181300
60811105027,2019,0,0,0
70826417226,2019,18400,83600,102000
70821405086,2019,91100,244500,335600
71020309087,2019,23800,178200,202000
70930409127,2019,90200,179200,269400
71011118166,2019,30500,229000,259500
70920418188,2019,121600,159100,280700
70901118054,2019,24100,142800,166900
71014214515,2019,8100,123800,131900
71004407039,2019,47700,155800,203500
71015202014,2019,50800,158200,209000
70834205051,2019,81600,253300,334900
71021108032,2019,61000,143300,204300
70921109132,2019,136100,349800,485900
60802413257,2019,68900,284000,352900
70920418097,2019,136300,109700,246000
71015109046,2019,63900,137600,201500
70835309274,2019,97100,180400,277500
70923125235,2019,169700,608400,778100
81033205057,2019,44900,121900,166800
60802303185,2019,90500,247500,338000
71007302260,2019,99800,304500,404300
70921127043,2019,14200,199800,214000
70928112188,2019,108400,241100,349500
70833407096,2019,44700,574300,619000
70926201082,2019,170000,239000,409000
71015117081,2019,53000,178200,231200
70825302022,2019,407500,1875000,2282500
70823121359,2019,20000,73200,93200
80925303200,2019,127700,115400,243100
70934309191,2019,15700,105300,121000
71030201182,2019,486900,563100,1050000
71010216200,2019,21000,54900,75900
70923147239,2019,8000,7000,15000
70823304054,2019,74000,174300,248300
70821114306,2019,61300,222100,283400
60801419389,2019,16600,201100,217700
71002107194,2019,9500,148500,158000
71006446217,2019,3000,35000,38000
70928321044,2019,176100,311400,487500
70918201040,2019,628600,524500,1153100
81021403043,2019,57100,169400,226500
80925202072,2019,58400,142800,201200
71022205069,2019,0,0,0
70931405132,2019,95400,138000,233400
71010213173,2019,108000,317000,425000
70835309109,2019,86900,210300,297200
60801312137,2019,92100,216500,308600
70922437087,2019,94500,235700,330200
71035106072,2019,70700,269100,339800
70816403053,2019,191900,437600,629500
70919222102,2019,107000,0,107000
80924443792,2019,400,1600,2000
70919408314,2019,97400,254400,351800
71003313328,2019,49300,187000,236300
80935108210,2019,499300,2000,501300
70836105340,2019,86800,160100,246900
80924424817,2019,400,1600,2000
80924402962,2019,400,1600,2000
80925217336,2019,57900,160000,217900
81031405386,2019,38200,142800,181000
71006119260,2019,58700,224200,282900
71010110048,2019,54200,180100,234300
60802110043,2019,70100,158000,228100
70918225032,2019,22700,134800,157500
80926402176,2019,41600,131200,172800
70931402229,2019,121300,262500,383800
70918321913,2019,0,2000,2000
70918321145,2019,0,2000,2000
71006128196,2019,55400,180900,236300
70923105295,2019,55600,217500,273100
70920219156,2019,0,0,0
71010113034,2019,48400,160500,208900
71013100989,2019,177700,190000,367700
70814404095,2019,85000,169900,254900
60804204084,2019,85000,299000,384000
70929214090,2019,98200,249300,347500
70813112087,2019,102600,284200,386800
70923142742,2019,44900,215200,260100
70829105042,2019,47400,256600,304000
70816305283,2019,128300,228400,356700
71009226210,2019,62000,0,62000
71027406125,2019,51000,181400,232400
70836403364,2019,63700,165200,228900
70826211347,2019,10000,50000,60000
70913104041,2019,119300,247700,367000
71016400865,2019,216000,526500,742500
70922423185,2019,80500,262000,342500
80925410047,2019,52700,128800,181500
71021217031,2019,63800,156600,220400
60801119236,2019,66700,166300,233000
70929123126,2019,15000,237000,252000
60803105176,2019,103200,182000,285200
70829110281,2019,80700,0,80700
70920219015,2019,300,14700,15000
80935101272,2019,51800,159000,210800
70930303064,2019,253000,679000,932000
80936205130,2019,63300,127600,190900
70913323154,2019,0,0,0
81031208227,2019,39900,102300,142200
70826211355,2019,11700,51100,62800
70829413023,2019,13300,0,13300
71016408033,2019,63600,161400,225000
70932420139,2019,50800,182300,233100
60802115613,2019,20500,120300,140800
71014215232,2019,7800,143200,151000
60812214017,2019,19100,192300,211400
71009107139,2019,51900,176900,228800
70921317230,2019,0,0,0
70828444037,2019,0,0,0
60801103031,2019,53400,138000,191400
71010409079,2019,56400,158600,215000
60801413042,2019,74900,236100,311000
71006419066,2019,71000,253300,324300
71009217251,2019,54500,271100,325600
60801211066,2019,68700,222800,291500
71009212152,2019,51500,212500,264000
80926308035,2019,63200,238000,301200
70920221010,2019,0,2200,2200
70932403185,2019,350000,12195000,12545000
70828411086,2019,0,0,0
80925212203,2019,58500,127800,186300
70835203179,2019,128100,353200,481300
71001408048,2019,57000,204500,261500
70923131034,2019,63300,225100,288400
80926409081,2019,12000,148900,160900
70926403050,2019,80600,119500,200100
70918416152,2019,9500,33800,43300
71004401122,2019,44900,134500,179400
70835112255,2019,116200,416200,532400
70922229088,2019,179800,503000,682800
71006127057,2019,62000,248000,310000
70923413424,2019,2300,24700,27000
71007305264,2019,106400,371800,478200
71014306172,2019,67500,230500,298000
81032415095,2019,54000,506000,560000
70928312168,2019,165300,465900,631200
70917101241,2019,57000,338000,395000
60812313562,2019,33100,210800,243900
71010217042,2019,10600,109400,120000
60906106013,2019,72400,181300,253700
71021101044,2019,85000,226000,311000
70918407094,2019,126100,193000,319100
81034416091,2019,60500,173300,233800
70931309243,2019,99000,119100,218100
81026426074,2019,900,0,900
70923132363,2019,89900,257500,347400
70921415109,2019,93900,309200,403100
70913111179,2019,98100,29200,127300
70836116157,2019,69300,248100,317400
71009202111,2019,51900,139200,191100
60811201057,2019,97200,189600,286800
80936209108,2019,59800,98900,158700
70931410066,2019,100900,153100,254000
71010313171,2019,55700,180300,236000
71016106132,2019,61500,146000,207500
71002316216,2019,2100,0,2100
71012218056,2019,0,0,0
71005212031,2019,73000,147500,220500
60801234092,2019,15000,145400,160400
70928213085,2019,98200,243300,341500
70920220723,2019,0,2300,2300
71002442079,2019,100,0,100
70824407170,2019,102700,244900,347600
81021111034,2019,62900,208300,271200
70936406094,2019,59200,165800,225000
70923156925,2019,5000,10000,15000
71009109036,2019,174000,549700,723700
70920126038,2019,14300,156000,170300
70834427895,2019,0,5000,5000
70923170628,2019,2100,600,2700
60906110105,2019,69100,190400,259500
80936411050,2019,69600,143200,212800
70923411121,2019,29300,242700,272000
71027205030,2019,761800,0,761800
80935106975,2019,95900,219100,315000
70918415518,2019,9500,33800,43300
70918319611,2019,20500,75100,95600
70920306416,2019,95500,198000,293500
80925308234,2019,77900,97700,175600
70824215078,2019,550000,1226000,1776000
70929115090,2019,113200,185900,299100
70921222075,2019,130000,425000,555000
80926105100,2019,55200,157900,213100
70920219784,2019,0,0,0
71005407244,2019,42100,123900,166000
71006434270,2019,26000,294000,320000
70926401020,2019,79400,259600,339000
70826410395,2019,70800,188000,258800
60801105029,2019,70400,194800,265200
70929124497,2019,0,10000,10000
70821213075,2019,123000,0,123000
70935102180,2019,45900,124100,170000
60802412176,2019,76400,237400,313800
70932424074,2019,48600,109500,158100
70933408051,2019,89400,150300,239700
71015201181,2019,74700,202300,277000
70918415576,2019,10500,112000,122500
70929110066,2019,89900,385100,475000
70834413050,2019,24200,173200,197400
60903201311,2019,84900,179000,263900
71011108208,2019,30000,237000,267000
71006307229,2019,69200,143000,212200
70929122079,2019,102300,275800,378100
60802112239,2019,86200,194800,281000
70829402224,2019,13300,0,13300
71007316154,2019,37200,269300,306500
71015108080,2019,61300,141900,203200
70928303109,2019,0,0,0
70913311133,2019,79900,133300,213200
71010207457,2019,54600,126400,181000
60803104011,2019,96700,184200,280900
70926118138,2019,80000,274500,354500
60801108156,2019,66100,162000,228100
70822105156,2019,111000,253200,364200
60803115125,2019,96300,335200,431500
70920419186,2019,110200,308400,418600
70929417149,2019,87300,193000,280300
70920103276,2019,121600,171400,293000
81032308208,2019,36500,152400,188900
81032108070,2019,0,0,0
70816309102,2019,187500,475800,663300
70920203117,2019,0,0,0
81030211099,2019,47800,151600,199400
60812326052,2019,26500,188200,214700
70829104242,2019,54600,246000,300600
71011124098,2019,44500,239000,283500
70923168128,2019,6500,13500,20000
81034309105,2019,63600,130300,193900
70825200812,2019,1364000,969000,2333000
81028121218,2019,10100,91500,101600
71010102011,2019,0,0,0
71003407080,2019,49900,216400,266300
70932416162,2019,53600,81100,134700
81032425143,2019,28100,117100,145200
80924306073,2019,74800,200500,275300
70932422101,2019,48800,105600,154400
70921308106,2019,86900,0,86900
80924409934,2019,400,1600,2000
80924411062,2019,9000,130400,139400
60802305222,2019,13800,200700,214500
71014213111,2019,55100,156700,211800
60801411343,2019,75800,215800,291600
81030304133,2019,68000,145500,213500
70921206136,2019,60400,125100,185500
70823202042,2019,134500,341500,476000
81009304122,2019,798000,667000,1465000
71010311381,2019,52400,194500,246900
70823207050,2019,18100,229900,248000
81026355083,2019,17300,0,17300
70825202090,2019,259000,340000,599000
70824311272,2019,14100,132800,146900
71020300928,2019,132000,162000,294000
70822101089,2019,1628000,1967000,3595000
70824222015,2019,31300,298700,330000
70922301167,2019,167900,412900,580800
71003402022,2019,57800,150300,208100
70930103167,2019,73200,204200,277400
71009209050,2019,63400,160500,223900
60812121121,2019,81800,236900,318700
70829110190,2019,87400,246600,334000
71009107121,2019,57900,146300,204200
71004308055,2019,58500,140100,198600
60812334021,2019,52900,181100,234000
70932110095,2019,157200,409300,566500
71005338118,2019,105500,292200,397700
70833401072,2019,212800,369000,581800
80924312070,2019,0,0,0
71005344074,2019,0,0,0
71035205139,2019,66800,233200,300000
71027403204,2019,51000,212000,263000
70821209016,2019,120000,345900,465900
71022401229,2019,0,0,0
80926112444,2019,56300,145000,201300
71010216185,2019,18200,57400,75600
71009313124,2019,67000,175700,242700
71019403064,2019,281800,578200,860000
70923159044,2019,8000,7000,15000
60904105231,2019,81500,184400,265900
70828105027,2019,108600,264800,373400
70828112030,2019,88900,226400,315300
70829111130,2019,82500,314500,397000
70930105014,2019,78200,187000,265200
70826416286,2019,21500,120800,142300
71004304285,2019,48000,115000,163000
80924440110,2019,10600,190000,200600
70920307266,2019,94900,175100,270000
71010316050,2019,0,0,0
70922344109,2019,209800,609300,819100
70816401297,2019,165000,485000,650000
60803103047,2019,103200,210300,313500
60801308144,2019,67500,154200,221700
70923103140,2019,1935000,350000,2285000
80925409230,2019,58600,143400,202000
80925202204,2019,54700,130900,185600
70835123426,2019,6500,70600,77100
70823403236,2019,45600,233500,279100
70924219681,2019,0,25000,25000
70932410023,2019,82400,257200,339600
70813328022,2019,137500,365000,502500
70928106115,2019,107000,236500,343500
71010306332,2019,50100,142800,192900
71005315299,2019,69900,219500,289400
60812116122,2019,82000,164800,246800
70828105077,2019,0,0,0
70920218067,2019,400,14600,15000
81034103078,2019,0,0,0
70923142362,2019,44900,275900,320800
70920105107,2019,106000,324000,430000
70929405037,2019,99100,240100,339200
70923162500,2019,8000,7000,15000
80924422928,2019,400,1600,2000
71027414110,2019,0,0,0
70928117336,2019,112300,305000,417300
70924213013,2019,0,0,0
81026360404,2019,100,0,100
71010404342,2019,60100,181900,242000
71003315126,2019,47000,146900,193900
60801120100,2019,73100,173700,246800
81019305110,2019,58100,170900,229000
71010303081,2019,63000,141300,204300
81027107037,2019,36700,106700,143400
71006132022,2019,50300,137400,187700
70829108161,2019,77400,284300,361700
70914301026,2019,678000,599000,1277000
71009318223,2019,68800,135000,203800
70922219039,2019,305700,542100,847800
70816414050,2019,13100,236000,249100
70913323146,2019,154700,459400,614100
71021218063,2019,60600,145400,206000
60812305072,2019,73200,205800,279000
70926106026,2019,78600,238900,317500
70834427043,2019,25600,142400,168000
70834412086,2019,0,0,0
80925110176,2019,55900,127000,182900
70926115168,2019,81000,229000,310000
60906110296,2019,76100,160000,236100
70834412060,2019,0,0,0
60802411011,2019,65800,151400,217200
70933301130,2019,80800,147700,228500
70929106271,2019,82800,177500,260300
71009207062,2019,50100,86100,136200
80936404055,2019,121000,1250000,1371000
70920302050,2019,136100,339800,475900
70918204078,2019,83500,218100,301600
81026358079,2019,100,0,100
81028119239,2019,10100,88500,98600
70928105430,2019,0,0,0
70922417138,2019,80200,190700,270900
70921106146,2019,124500,209900,334400
70919228837,2019,400,2600,3000
70913219056,2019,19900,313100,333000
70922301117,2019,117600,320000,437600
80925402010,2019,57600,133500,191100
60801303102,2019,79000,128800,207800
80924414199,2019,24600,280000,304600
70932107167,2019,210400,447800,658200
70828426019,2019,0,0,0
71012205251,2019,61900,230100,292000
81023207089,2019,33600,155800,189400
70921410042,2019,142900,187200,330100
71015209036,2019,46400,214900,261300
81026355554,2019,3800,0,3800
71004318187,2019,50700,179400,230100
70913353010,2019,54000,238500,292500
70834214870,2019,40800,423300,464100
80935108088,2019,442500,476300,918800
71014215068,2019,7800,93500,101300
71001320086,2019,64400,223600,288000
71002437202,2019,45900,258700,304600
71006306164,2019,32000,237900,269900
71022104196,2019,0,0,0
70919407051,2019,98900,215800,314700
71006402053,2019,72000,205900,277900
71006116141,2019,96600,159200,255800
80936205156,2019,56500,130600,187100
81028120765,2019,0,5000,5000
70929223364,2019,100600,286000,386600
70920109183,2019,88300,178500,266800
80924443825,2019,400,1600,2000
71006439113,2019,12600,318400,331000
80925209135,2019,52000,138600,190600
80924308102,2019,65300,210600,275900
71006117256,2019,30000,225000,255000
70914413045,2019,144000,554000,698000
71006421178,2019,68000,161700,229700
70931301116,2019,124600,192400,317000
70829112071,2019,79000,311600,390600
80924421996,2019,400,1600,2000
70820120049,2019,100,0,100
70919411333,2019,110000,273800,383800
70922414085,2019,72500,321700,394200
70926402119,2019,77400,169500,246900
81026423012,2019,3000,0,3000
70923116169,2019,291000,728000,1019000
71006419082,2019,63200,212200,275400
70919303126,2019,104800,281000,385800
70931415066,2019,66600,145800,212400
71019412015,2019,401800,2518200,2920000
80925403141,2019,66200,125200,191400
71027401092,2019,913000,5299700,6212700
81028121763,2019,10800,100000,110800
71004310183,2019,53100,163900,217000
60802311138,2019,97700,285300,383000
70926404222,2019,80600,94400,175000
80924429031,2019,11800,198000,209800
81021306065,2019,51600,154200,205800
71010415068,2019,82400,203800,286200
70826420732,2019,0,4000,4000
70918320395,2019,20500,135100,155600
81031219232,2019,43400,148500,191900
70922342070,2019,201700,730000,931700
60906106120,2019,63800,152400,216200
70826309192,2019,107500,313400,420900
70822103069,2019,99700,380400,480100
71021113396,2019,15100,92200,107300
71034105405,2019,100,0,100
71006424049,2019,31200,237800,269000
70913337915,2019,4000,11000,15000
70918211239,2019,107600,254600,362200
71015401062,2019,50000,0,50000
70926213087,2019,88100,216500,304600
70929219165,2019,78400,161000,239400
71007111075,2019,87900,232100,320000
70921207093,2019,88000,482000,570000
60812405335,2019,79200,172300,251500
70921104158,2019,70900,226200,297100
70912404111,2019,102200,204700,306900
60801202065,2019,69500,190300,259800
60801109229,2019,66100,158500,224600
70923158179,2019,45200,322100,367300
71007243133,2019,0,15000,15000
80925207030,2019,54000,140600,194600
70921214189,2019,121200,328800,450000
70814301051,2019,129400,262000,391400
60801112040,2019,60000,132800,192800
70923179175,2019,65500,0,65500
70921419044,2019,117200,347800,465000
71008108948,2019,1100,8900,10000
71021221058,2019,69700,243100,312800
60803115076,2019,110200,332500,442700
70921304170,2019,162000,525000,687000
80935105034,2019,73600,228900,302500
71007309050,2019,96100,325000,421100
71008108097,2019,33500,206500,240000
71007204060,2019,60000,313100,373100
60801417177,2019,16300,200100,216400
70923162112,2019,8000,7000,15000
60801225330,2019,15000,141900,156900
71006304051,2019,91000,207000,298000
70923318161,2019,72600,182700,255300
70821201129,2019,100,0,100
81028113330,2019,72400,211200,283600
71010213115,2019,55700,111000,166700
71021110061,2019,65900,140700,206600
70923170694,2019,2100,500,2600
71021221165,2019,83200,213800,297000
80924400750,2019,0,0,0
71016411028,2019,61600,165900,227500
70918313019,2019,673200,471500,1144700
70923124253,2019,114500,216500,331000
71001411033,2019,57200,189600,246800
70932412160,2019,74800,75000,149800
70833403052,2019,198300,512000,710300
70913104083,2019,83900,239100,323000
71012213080,2019,54000,229500,283500
70920410423,2019,127600,182900,310500
80936201211,2019,61800,96500,158300
71015201066,2019,61100,141300,202400
81031419014,2019,22400,156600,179000
70912409228,2019,109800,191800,301600
70813304220,2019,80000,270900,350900
71009318257,2019,68700,157300,226000
71004402021,2019,47800,152200,200000
71006123170,2019,37900,129600,167500
71007224183,2019,0,0,0
70923147312,2019,8000,7000,15000
70836213490,2019,11600,128400,140000
80925413132,2019,66100,153300,219400
81026358227,2019,100,0,100
70913431048,2019,38800,195700,234500
60801412226,2019,78000,259300,337300
60812405088,2019,89300,199000,288300
70932403135,2019,116700,174200,290900
70836117048,2019,70800,181500,252300
80924431739,2019,400,1600,2000
80935101165,2019,57400,149500,206900
70835307187,2019,78700,193100,271800
81030401012,2019,0,0,0
70829108062,2019,86000,184000,270000
70913112078,2019,100500,277700,378200
70932103420,2019,123900,268800,392700
70919410294,2019,111400,400600,512000
71021202016,2019,58600,124300,182900
71005206175,2019,31100,89200,120300
71003310192,2019,56200,185200,241400
71005403044,2019,41900,149100,191000
70931310125,2019,99000,137500,236500
81027108035,2019,36700,111000,147700
70926218219,2019,98300,161700,260000
71015103147,2019,84100,146900,231000
70919411060,2019,112000,217900,329900
70829419013,2019,16000,0,16000
81026344078,2019,4200,0,4200
81032413057,2019,41400,138400,179800
60802103030,2019,73700,193000,266700
71009301187,2019,47000,598000,645000
70835111091,2019,138800,229100,367900
71016415103,2019,66300,132000,198300
81027107079,2019,36700,109200,145900
60906209172,2019,56300,176000,232300
70921113183,2019,124400,198100,322500
70816309095,2019,187900,437100,625000
80924419800,2019,400,1600,2000
71016118070,2019,60600,132400,193000
70923124344,2019,129400,213200,342600
81032408256,2019,25500,157200,182700
60802417168,2019,77700,180900,258600
71003205335,2019,57300,131300,188600
60812207020,2019,83600,150300,233900
71015204078,2019,48600,168300,216900
70834415048,2019,24000,185600,209600
70828440035,2019,0,0,0
71007230015,2019,7700,129700,137400
70924220224,2019,0,10000,10000
70928103161,2019,149000,211000,360000
70931104205,2019,149500,139400,288900
71011303056,2019,57600,151300,208900
60803105209,2019,103200,171800,275000
70919403108,2019,108800,225000,333800
71011118158,2019,30500,225900,256400
70919219175,2019,89400,219600,309000
60801305067,2019,71800,154000,225800
70835320022,2019,80200,278900,359100
70919410335,2019,111300,362000,473300
70929222233,2019,107800,274400,382200
71011301018,2019,58000,137600,195600
71014302120,2019,57800,226800,284600
70836401178,2019,70800,161700,232500
80936414153,2019,71400,149700,221100
81030306155,2019,67800,157200,225000
70918307145,2019,73700,129700,203400
70932422028,2019,47600,124000,171600
70928208060,2019,97800,190700,288500
71007102032,2019,107200,258700,365900
70930415140,2019,82100,260300,342400
70914436336,2019,71800,568200,640000
70835309167,2019,86900,195800,282700
71003418219,2019,51200,171000,222200
70901112147,2019,85800,97200,183000
81021109063,2019,50600,247600,298200
71007115118,2019,75700,258800,334500
70822414078,2019,11800,98200,110000
70820114068,2019,119600,0,119600
70923144079,2019,8000,7000,15000
60904101015,2019,93200,238600,331800
81028119198,2019,8700,61200,69900
71003310027,2019,56200,198000,254200
80924423778,2019,400,1600,2000
71006110078,2019,71100,183300,254400
71011121193,2019,35900,239000,274900
71010301457,2019,559000,4427600,4986600
70821411033,2019,100300,419100,519400
71004404142,2019,55200,144100,199300
80924101267,2019,74400,351000,425400
70813324137,2019,144300,326300,470600
71034105182,2019,77100,193600,270700
71002443069,2019,100,0,100
70913106203,2019,85300,136700,222000
70930418029,2019,23200,149300,172500
70921216127,2019,73200,93200,166400
70923163839,2019,44900,458000,502900
70931306273,2019,98600,122300,220900
80926106257,2019,51300,168000,219300
70826422043,2019,0,4000,4000
71004306059,2019,52800,155700,208500
70931407138,2019,66600,120400,187000
70834214193,2019,26000,0,26000
81033403081,2019,59000,446000,505000
71022305215,2019,0,0,0
80925401153,2019,53500,128400,181900
71005326262,2019,51000,374000,425000
70822108069,2019,51500,166900,218400
70923117141,2019,190000,234000,424000
70931402154,2019,110700,223500,334200
60812328511,2019,0,1000,1000
70813108169,2019,0,0,0
70833121240,2019,102000,265000,367000
70813319261,2019,14000,105600,119600
70835309307,2019,97100,185500,282600
70833401155,2019,235400,435400,670800
70828431076,2019,0,0,0
70816319086,2019,235000,789400,1024400
60812307094,2019,79200,205600,284800
71010315036,2019,59100,153100,212200
70922204072,2019,110000,1610000,1720000
70932109048,2019,226300,724000,950300
70835103098,2019,110000,202800,312800
70929308116,2019,81000,231300,312300
71021203246,2019,53400,91900,145300
70834202122,2019,0,0,0
60903101123,2019,275000,534000,809000
70824303120,2019,89700,188900,278600
70914420199,2019,229000,413000,642000
60801215216,2019,70000,199100,269100
71014107273,2019,9600,174600,184200
70919110050,2019,121500,117500,239000
60812321234,2019,19600,165400,185000
80924308087,2019,65700,231100,296800
70921122027,2019,122300,272500,394800
81034401191,2019,62100,161800,223900
70922346296,2019,0,15000,15000
70923201077,2019,405000,1000,406000
71011407121,2019,92800,274900,367700
70929206237,2019,84800,196500,281300
70935306104,2019,0,0,0
70815103109,2019,2170000,20330000,22500000
70921104182,2019,81900,342100,424000
70932210100,2019,22600,88400,111000
70929206089,2019,78300,168700,247000
70833209038,2019,109900,307500,417400
71009405012,2019,66700,111000,177700
71003418235,2019,47900,176000,223900
71006129011,2019,47100,117900,165000
70933403118,2019,81200,216300,297500
71027415035,2019,0,0,0
60801219185,2019,73800,171700,245500
70828121049,2019,85300,205400,290700
70923165934,2019,38500,205200,243700
81032303042,2019,31600,123500,155100
70824109198,2019,123100,308800,431900
71001103028,2019,63400,256500,319900
70930410207,2019,91300,318000,409300
70935202089,2019,43100,96400,139500
80936200982,2019,0,0,0
70914438382,2019,2200,22800,25000
71010205021,2019,61300,147900,209200
70931208453,2019,60300,211200,271500
71002106047,2019,9500,113400,122900
71010108093,2019,58000,186100,244100
60801119111,2019,66100,166900,233000
71021204054,2019,56400,135900,192300
60801217121,2019,82000,142500,224500
70816401411,2019,215300,424100,639400
71034105372,2019,74900,183100,258000
71006110391,2019,69200,15800,85000
81022402010,2019,556500,845500,1402000
70926215132,2019,100000,195000,295000
70923163996,2019,44900,294100,339000
71005404216,2019,0,0,0
70813329161,2019,18500,170200,188700
70814419086,2019,15200,170400,185600
60811206106,2019,99300,265700,365000
70913128984,2019,800,11200,12000
71014202346,2019,55900,158600,214500
70824213121,2019,109700,344800,454500
81033305146,2019,40400,155700,196100
71016105093,2019,67000,159800,226800
70834427192,2019,25600,169100,194700
60812202046,2019,80400,193700,274100
70920218801,2019,400,14600,15000
71010308172,2019,53600,147600,201200
81031103120,2019,0,0,0
70823204189,2019,113400,297800,411200
71011309038,2019,700,0,700
70901118046,2019,18600,126400,145000
71006101142,2019,54700,107200,161900
70923408011,2019,68300,156700,225000
71005415172,2019,9200,0,9200
60812406010,2019,100800,162900,263700
81030308094,2019,64700,190300,255000
70923212165,2019,51200,200800,252000
70930401024,2019,88000,151800,239800
81032425094,2019,28100,141300,169400
60801212478,2019,73800,150700,224500
70929410078,2019,87300,248800,336100
70923173888,2019,3300,5900,9200
71020309053,2019,23800,165200,189000
70931411056,2019,111100,217300,328400
80925103098,2019,58400,146300,204700
70921128108,2019,15000,138400,153400
70826422233,2019,0,4000,4000
71015401012,2019,1173600,1089300,2262900
81030303143,2019,68800,165700,234500
70930414126,2019,64600,250800,315400
70921115105,2019,124400,289800,414200
70836408249,2019,61200,134800,196000
80924439923,2019,400,1600,2000
70922220044,2019,199600,333500,533100
70922332047,2019,224000,391000,615000
70922307131,2019,141600,359200,500800
81031222029,2019,53800,162600,216400
71005320123,2019,133900,269900,403800
70924206018,2019,1194000,3694000,4888000
71027414037,2019,69700,168400,238100
70922345470,2019,112900,383900,496800
70921316018,2019,109200,271900,381100
71010411115,2019,63400,206200,269600
70920417130,2019,100100,154300,254400
60803103162,2019,103200,196500,299700
70821215039,2019,135000,0,135000
70921419101,2019,137300,233500,370800
71010216078,2019,18000,57000,75000
71010213016,2019,52000,146700,198700
71015117015,2019,0,0,0
81030310130,2019,64000,143200,207200
71002418509,2019,100,0,100
60802304109,2019,99400,222800,322200
70921413195,2019,158500,361700,520200
60801121116,2019,72200,151600,223800
70936304181,2019,64500,164700,229200
70932307014,2019,67900,192200,260100
70918321260,2019,0,2000,2000
71015302111,2019,316000,412000,728000
70926216073,2019,87000,273000,360000
80924407722,2019,400,1600,2000
70836114010,2019,73000,133600,206600
70922426014,2019,144800,204400,349200
70913317165,2019,45600,0,45600
71007223341,2019,83500,301500,385000
70836110266,2019,73200,194800,268000
70913125154,2019,92400,190700,283100
70920221044,2019,0,2200,2200
70924218146,2019,37800,408800,446600
60802304240,2019,91600,248100,339700
81028105345,2019,82100,275200,357300
70821408270,2019,105800,395300,501100
80925124929,2019,800,1200,2000
70836224025,2019,27500,212500,240000
70912404195,2019,100400,223900,324300
70926102214,2019,78200,197700,275900
80925118047,2019,12900,239500,252400
70923170636,2019,2300,800,3100
80924404786,2019,400,1600,2000
71014303201,2019,54800,229300,284100
71015207197,2019,74400,248300,322700
60811108120,2019,106100,289200,395300
70920103292,2019,120800,163700,284500
70930303014,2019,484000,314800,798800
70919207047,2019,88400,87300,175700
70814302249,2019,87700,235800,323500
70833205242,2019,29200,274800,304000
81031416060,2019,40400,129600,170000
71005310108,2019,47500,217500,265000
60801316030,2019,24000,136500,160500
70836107172,2019,74300,163900,238200
70836307061,2019,64900,139800,204700
70931208023,2019,78400,224200,302600
81031409057,2019,39600,142100,181700
70922408252,2019,131900,265800,397700
70923167328,2019,3400,13800,17200
71011118174,2019,30500,224400,254900
71008102156,2019,62600,140800,203400
70926108022,2019,81000,165200,246200
70914425016,2019,3763000,30127000,33890000
81023310204,2019,35600,134900,170500
60904102021,2019,81700,225300,307000
70929218141,2019,90700,187700,278400
71021101078,2019,178500,668800,847300
81028121432,2019,10100,87900,98000
70920302191,2019,134200,466800,601000
71002436139,2019,62400,230400,292800
71011213049,2019,47700,209600,257300
80925219027,2019,59200,100800,160000
80924427051,2019,9900,170700,180600
70914421155,2019,147000,607000,754000
70924219417,2019,0,25000,25000
70821110255,2019,115300,369700,485000
80926114317,2019,18300,124800,143100
71035111089,2019,0,0,0
60801316288,2019,24000,138000,162000
71016201304,2019,64600,131500,196100
81031208079,2019,36200,66100,102300
70824301132,2019,103100,201600,304700
70919401350,2019,129200,186600,315800
70816311090,2019,37200,0,37200
71005407301,2019,41400,152300,193700
70836401110,2019,64000,152700,216700
70813335051,2019,71000,0,71000
60801408069,2019,94200,271900,366100
80924401237,2019,20700,153700,174400
71010301077,2019,53600,133200,186800
71021211132,2019,60100,144700,204800
71035125098,2019,11800,256400,268200
71001336075,2019,28600,211500,240100
60812305056,2019,75500,198300,273800
70822412022,2019,40300,216700,257000
71001320234,2019,64400,184300,248700
71014213129,2019,55100,184500,239600
70918410188,2019,120200,170700,290900
70833413043,2019,44700,409200,453900
70823118067,2019,12800,87300,100100
71005302056,2019,51700,147400,199100
80936404196,2019,74000,211000,285000
71009218308,2019,50300,134700,185000
70923143881,2019,44900,565100,610000
80925101943,2019,0,0,0
70822103118,2019,109800,318100,427900
80935103210,2019,75200,215700,290900
70934306014,2019,84400,240600,325000
80924414066,2019,23100,249600,272700
81026355207,2019,13500,0,13500
70921207069,2019,0,0,0
60811302152,2019,78000,277400,355400
81031410054,2019,38200,137200,175400
70926207121,2019,80300,218100,298400
71009223159,2019,108000,692000,800000
71011108563,2019,30000,233900,263900
70913344176,2019,36200,381100,417300
70933102017,2019,0,0,0
71003315225,2019,53800,152700,206500
70823308014,2019,0,0,0
70932103462,2019,149500,222300,371800
70914439223,2019,1000,8400,9400
70922104016,2019,72000,217000,289000
71010104182,2019,53500,163500,217000
60902205041,2019,131500,582500,714000
70836203128,2019,75900,188900,264800
70923142354,2019,44900,556900,601800
60801413159,2019,86000,720000,806000
80925103212,2019,50900,128200,179100
71007228151,2019,87200,132700,219900
70935302219,2019,206000,0,206000
70828314149,2019,92400,326100,418500
71006120019,2019,30200,173700,203900
60811439351,2019,20000,185200,205200
60801312434,2019,72300,219000,291300
60802420111,2019,13100,133200,146300
70814101328,2019,108500,303600,412100
80925124903,2019,800,1200,2000
70835210257,2019,95500,242500,338000
80924104112,2019,74600,316000,390600
70836209035,2019,336000,118000,454000
60801119260,2019,65800,187000,252800
70824214096,2019,192200,317800,510000
70825403010,2019,407000,1863000,2270000
70836233026,2019,32200,131800,164000
70821217142,2019,0,0,0
60812304149,2019,0,0,0
70913430040,2019,20000,172000,192000
80926406095,2019,76000,229000,305000
81031103972,2019,0,3771700,3771700
71027417148,2019,77700,152900,230600
70826413109,2019,10200,80800,91000
70921312090,2019,81000,194500,275500
71009104036,2019,54100,155900,210000
80936401126,2019,75200,130000,205200
70836412159,2019,69700,155000,224700
70828422116,2019,0,0,0
70918319900,2019,20500,70000,90500
70828306021,2019,33100,225600,258700
70918415542,2019,10500,104200,114700
81028118356,2019,8700,67600,76300
70914418136,2019,252000,2315000,2567000
70816407112,2019,191000,465000,656000
60812209125,2019,100900,264800,365700
71035205098,2019,78400,205400,283800
81034307141,2019,48000,128500,176500
71006306172,2019,32000,244400,276400
71009226096,2019,62000,0,62000
70829110124,2019,105800,298200,404000
70922345256,2019,170000,510400,680400
80926204035,2019,0,0,0
70913114016,2019,89900,160900,250800
70813325143,2019,18300,174200,192500
70922302090,2019,147800,368200,516000
70930416255,2019,75600,258900,334500
70914439108,2019,1000,7700,8700
70920420307,2019,135400,178000,313400
60811114226,2019,130800,283700,414500
70833123105,2019,107200,321200,428400
70829103046,2019,52900,260100,313000
81028119809,2019,8700,66000,74700
70823403103,2019,55200,192200,247400
71005319085,2019,95500,255600,351100
71005333069,2019,90400,225900,316300
80924424809,2019,400,1600,2000
70922441020,2019,13200,176000,189200
70826416658,2019,21500,118500,140000
70835108212,2019,162500,389700,552200
71006407095,2019,54100,155800,209900
70920416108,2019,142500,162300,304800
70936301236,2019,62300,131400,193700
71007219275,2019,119900,331400,451300
80925412051,2019,58600,152300,210900
71006101100,2019,44400,92000,136400
71005330073,2019,109100,364700,473800
71007302278,2019,94800,197000,291800
71015214142,2019,23000,278700,301700
70919405229,2019,107300,176700,284000
70815303056,2019,0,0,0
80936401217,2019,67800,153200,221000
80924416070,2019,8600,136500,145100
70824404051,2019,116200,243800,360000
70931415280,2019,62200,149800,212000
70923159458,2019,8000,7000,15000
70923150315,2019,55800,339400,395200
60804103070,2019,89800,330200,420000
60802409066,2019,68900,227100,296000
70919105100,2019,102700,188700,291400
70929207045,2019,78000,290000,368000
80924425716,2019,400,1600,2000
60812215023,2019,0,0,0
70926415261,2019,46100,86900,133000
71010209239,2019,59100,158500,217600
70928312093,2019,125800,271700,397500
81021409033,2019,56900,175700,232600
70922427129,2019,166300,798700,965000
70932412110,2019,74800,73100,147900
71035125296,2019,11800,276600,288400
70929114026,2019,89800,213100,302900
71009110059,2019,160900,700400,861300
71007224232,2019,113000,150800,263800
70918322060,2019,0,2000,2000
60812324155,2019,28700,174900,203600
60801205077,2019,66100,176900,243000
60802303094,2019,93900,187900,281800
70935201247,2019,40900,106000,146900
70923173359,2019,3300,5900,9200
71002400986,2019,0,0,0
70921119066,2019,136100,402300,538400
60801209194,2019,76400,191000,267400
81028120260,2019,0,4000,4000
60812313108,2019,33100,177400,210500
81031404370,2019,37600,133600,171200
70814205089,2019,0,0,0
60801115127,2019,60300,109700,170000
81030401020,2019,0,0,0
70922113124,2019,891000,2275000,3166000
70928301103,2019,88200,211200,299400
70921316026,2019,109200,173000,282200
80924431101,2019,13100,219800,232900
71010200980,2019,96700,0,96700
81026416166,2019,2400,0,2400
71007315156,2019,143600,401500,545100
70835309092,2019,89200,222100,311300
70835309076,2019,80500,229300,309800
71005410156,2019,58300,115900,174200
80924438131,2019,11700,208900,220600
70813304072,2019,97700,237300,335000
71001415085,2019,57500,210800,268300
71006406245,2019,68000,247200,315200
70936409238,2019,64400,155700,220100
70923160182,2019,8000,7000,15000
71021113502,2019,15100,90900,106000
81031213052,2019,38100,131100,169200
60812329014,2019,13400,156700,170100
70935305057,2019,160000,232000,392000
81031216056,2019,38100,115900,154000
70836302029,2019,62600,128800,191400
70918410279,2019,145200,202300,347500
60811115117,2019,108700,303600,412300
71014106035,2019,12500,147800,160300
70912431031,2019,9000,91300,100300
70826416096,2019,18400,83600,102000
71026103011,2019,317000,0,317000
71004409077,2019,237500,192800,430300
70821206038,2019,100000,368900,468900
80924444138,2019,11700,232300,244000
70813334061,2019,26800,225200,252000
70917101035,2019,38600,235600,274200
70922335116,2019,151400,125600,277000
71005113099,2019,58700,128900,187600
71016417125,2019,459000,630800,1089800
70922320034,2019,151400,308600,460000
81028120179,2019,0,4000,4000
60906115030,2019,57900,137500,195400
70933401063,2019,176000,843000,1019000
80924430856,2019,400,1600,2000
70836404213,2019,61900,145300,207200
71001325169,2019,24900,140600,165500
60802407028,2019,69100,163900,233000
70921408104,2019,142900,252100,395000
70912441014,2019,9000,100400,109400
81030401088,2019,0,0,0
81031226104,2019,52400,122500,174900
70826420287,2019,0,4000,4000
70835120084,2019,16100,67900,84000
70921114032,2019,124400,286200,410600
71016412050,2019,61600,151000,212600
70924221016,2019,48200,141800,190000
71003415207,2019,58000,208700,266700
60901202113,2019,63000,166200,229200
70930402155,2019,87000,303000,390000
70929419294,2019,91200,228500,319700
70918211198,2019,98300,204100,302400
70919404023,2019,111400,190600,302000
70835122840,2019,6500,76500,83000
80925113807,2019,800,1200,2000
81026344010,2019,5000,0,5000
70833204153,2019,124200,309800,434000
60811407019,2019,81600,198200,279800
81030317128,2019,69200,144200,213400
70914421147,2019,125000,890000,1015000
70836405336,2019,64000,150500,214500
70814430016,2019,19700,181900,201600
80925114813,2019,800,1200,2000
71035115031,2019,63800,265100,328900
71007224224,2019,0,0,0
70834210076,2019,66600,201700,268300
70835208038,2019,85900,207700,293600
81030312095,2019,58700,167900,226600
71007114235,2019,75700,251400,327100
70834204087,2019,79500,237000,316500
70929121229,2019,100000,269900,369900
70823402030,2019,33300,175400,208700
71003202042,2019,53100,188500,241600
60811420087,2019,16000,187400,203400
70922411099,2019,275000,1305000,1580000
80936202293,2019,0,0,0
70929419187,2019,102700,288900,391600
80925205240,2019,57400,133700,191100
71021221082,2019,68200,148400,216600
81028301018,2019,55000,560000,615000
70923409259,2019,45200,159300,204500
71002307091,2019,9500,0,9500
70917301099,2019,728600,449800,1178400
71012211018,2019,60000,202000,262000
81032409014,2019,36300,148300,184600
70829110116,2019,99700,350400,450100
81034301119,2019,49400,128500,177900
81026349060,2019,41100,232800,273900
70834427233,2019,25600,155000,180600
71015101167,2019,52300,131200,183500
80925403224,2019,54500,148700,203200
70826419959,2019,0,4000,4000
70827305024,2019,0,0,0
70824403061,2019,112800,310100,422900
70921211169,2019,70600,227300,297900
70822205071,2019,0,0,0
71012215573,2019,17700,277300,295000
70930415108,2019,147000,241300,388300
70922211184,2019,111000,504000,615000
70923406065,2019,810000,1890000,2700000
81031223027,2019,40800,110300,151100
70932114196,2019,228700,477500,706200
70918401294,2019,526400,697900,1224300
71014304069,2019,56200,203200,259400
70823302131,2019,830000,2380000,3210000
80924419743,2019,400,1600,2000
70922320092,2019,151400,311100,462500
70913347732,2019,2500,12500,15000
70829108111,2019,91200,151300,242500
70919408108,2019,109900,229600,339500
71006417177,2019,62900,187100,250000
71002437161,2019,38300,269200,307500
70833210168,2019,0,0,0
81034106212,2019,61600,161900,223500
70824106037,2019,116400,299700,416100
60903206139,2019,81400,178600,260000
70826416187,2019,21500,123300,144800
81021416244,2019,0,0,0
71004302198,2019,88100,222100,310200
70918220090,2019,109000,101400,210400
70925301015,2019,0,0,0
70835107206,2019,118300,366600,484900
70912441056,2019,9000,91300,100300
81032408149,2019,37700,149600,187300
70919401277,2019,118500,243700,362200
81032403173,2019,43300,102500,145800
70923150513,2019,45900,332700,378600
71016408017,2019,97200,229800,327000
70923413086,2019,1700,16300,18000
60811421085,2019,16000,204000,220000
81019309071,2019,67100,175000,242100
70813323030,2019,135900,228100,364000
81026360074,2019,100,0,100
80925121058,2019,12200,289900,302100
70828306211,2019,35000,241100,276100
60812404189,2019,94600,177800,272400
70923212123,2019,84700,290300,375000
70918201066,2019,139100,345900,485000
70834426160,2019,29000,123600,152600
70823202175,2019,127100,233100,360200
71007204127,2019,70800,275300,346100
70922438316,2019,107400,275300,382700
70823413079,2019,26000,176000,202000
60811206049,2019,95800,205100,300900
70913323336,2019,156600,252100,408700
81033402067,2019,53700,168300,222000
70922212017,2019,224300,780100,1004400
71021225175,2019,67500,227900,295400
71002311208,2019,0,0,0
70922307123,2019,108900,279200,388100
60801313052,2019,74100,209300,283400
81021302146,2019,49500,134400,183900
70931303203,2019,92500,135700,228200
70923125011,2019,77800,294400,372200
70836413090,2019,69800,166000,235800
70823315100,2019,163300,288900,452200
80924413034,2019,9400,139700,149100
70926100953,2019,0,0,0
70928111031,2019,122500,248500,371000
70921109140,2019,114100,222000,336100
60812329048,2019,13400,155700,169100
81026369092,2019,2500,0,2500
70826315553,2019,36500,234900,271400
60906108233,2019,68100,214400,282500
70835318027,2019,84900,234400,319300
71003304111,2019,62000,163200,225200
80925210223,2019,62600,123600,186200
70919103154,2019,99500,351300,450800
71003213156,2019,53100,174200,227300
80924407152,2019,8300,147100,155400
70824406106,2019,98600,213100,311700
71016208087,2019,66800,136900,203700
60811413058,2019,83100,179800,262900
70920127193,2019,19000,247800,266800
60811439202,2019,20000,183700,203700
71005333168,2019,76600,315600,392200
70826417325,2019,21500,108700,130200
71002315177,2019,2800,0,2800
71005222204,2019,63800,147600,211400
60804401036,2019,0,0,0
81009304023,2019,147500,0,147500
70828307136,2019,54600,278600,333200
71006315074,2019,0,0,0
81032409139,2019,49800,149400,199200
81034314055,2019,25000,98800,123800
71005334116,2019,110100,309100,419200
71006310016,2019,69200,168800,238000
70920404046,2019,121600,294700,416300
71002418260,2019,88100,265100,353200
71008102255,2019,37500,103000,140500
70920418162,2019,126600,258500,385100
80925125034,2019,12900,267300,280200
71010302116,2019,54600,146600,201200
81027203083,2019,972000,1231000,2203000
81032423113,2019,31800,118700,150500
70922412021,2019,80200,238000,318200
81023304497,2019,35600,131100,166700
70816307164,2019,202900,491800,694700
71006103156,2019,31000,279000,310000
71005213097,2019,66100,105500,171600
70921417056,2019,151400,343600,495000
71010303065,2019,63000,155200,218200
60802302450,2019,89300,246600,335900
70823206028,2019,18100,216100,234200
60802102066,2019,67000,193000,260000
70826421805,2019,0,4000,4000
70833109113,2019,78100,203300,281400
71005315281,2019,53300,170500,223800
71008102057,2019,38000,148300,186300
71006311254,2019,83100,156000,239100
70815401082,2019,737000,5513000,6250000
70919403091,2019,107000,340400,447400
81031212161,2019,37600,172900,210500
70821215120,2019,100,0,100
70932305232,2019,49100,100900,150000
70922322105,2019,80100,192400,272500
71011214055,2019,47900,189900,237800
70922412097,2019,96800,387500,484300
81032419047,2019,41600,158800,200400
71004313319,2019,54100,156300,210400
71006204417,2019,52100,195000,247100
71010115014,2019,54800,148900,203700
60811304124,2019,87600,241400,329000
70913410042,2019,156000,415400,571400
71005308153,2019,47200,159500,206700
71004406247,2019,47600,142400,190000
70918305024,2019,74800,127800,202600
70931208122,2019,102200,234000,336200
70919214125,2019,88400,126700,215100
70923153103,2019,1300,23700,25000
80925402242,2019,57400,185700,243100
81030315180,2019,59800,112300,172100
70836115117,2019,87500,179900,267400
70921318105,2019,95700,146200,241900
70920419079,2019,97500,157000,254500
70914418178,2019,274000,321000,595000
70919306071,2019,110800,206900,317700
71022200803,2019,99000,138000,237000
71003320034,2019,48400,144600,193000
81033301110,2019,42900,118300,161200
71002443043,2019,100,0,100
70829402084,2019,12700,0,12700
71009317051,2019,68800,99400,168200
71006104039,2019,55400,154300,209700
71030213111,2019,83200,126800,210000
70922321131,2019,130200,247100,377300
71010413294,2019,56600,142200,198800
60904105223,2019,81500,167200,248700
70828421168,2019,0,0,0
70824310068,2019,13500,116700,130200
70822116012,2019,26300,306700,333000
70923148253,2019,4200,800,5000
71035118184,2019,67900,192200,260100
71005231289,2019,48500,185800,234300
70923222031,2019,49100,565700,614800
70923114171,2019,65000,372000,437000
71015111124,2019,50700,167300,218000
70922224062,2019,143200,276800,420000
81027113092,2019,297600,0,297600
70823409036,2019,50000,267100,317100
71006428158,2019,114800,276300,391100
70929112046,2019,102900,266400,369300
70823210235,2019,76900,303900,380800
70918313100,2019,198100,527900,726000
71002439018,2019,51000,259500,310500
71007220032,2019,120300,275400,395700
71014108312,2019,10700,155100,165800
60811409122,2019,78700,178300,257000
70929218133,2019,90100,147000,237100
70931309095,2019,99000,132400,231400
70928117104,2019,105300,156600,261900
70930407048,2019,82500,241700,324200
70930302040,2019,0,0,0
71005214061,2019,48500,167700,216200
70928312134,2019,176600,572900,749500
70821401076,2019,113300,381000,494300
70816308089,2019,185800,492200,678000
81034110031,2019,63600,155800,219400
81030307252,2019,59800,118600,178400
70833108165,2019,0,0,0
70931202033,2019,88300,187000,275300
81031215074,2019,35700,69300,105000
81019305194,2019,57900,166000,223900
81028404177,2019,59200,162800,222000
70922439158,2019,63000,393000,456000
70922412089,2019,102100,227100,329200
70923179034,2019,0,0,0
70920220517,2019,0,4700,4700
71010311349,2019,54600,133300,187900
80924430872,2019,400,1600,2000
70931309227,2019,99000,128900,227900
71009107022,2019,57200,159200,216400
70918226098,2019,23300,104200,127500
70814430313,2019,19700,208400,228100
60905205064,2019,0,0,0
71015203062,2019,48000,161200,209200
71027417057,2019,0,0,0
81031415046,2019,36700,127000,163700
70920304288,2019,92800,176000,268800
80925405048,2019,56100,176500,232600
80924439048,2019,11400,203600,215000
60801213244,2019,73800,157900,231700
60812111289,2019,77800,207600,285400
70922342062,2019,183200,694300,877500
71011305036,2019,60800,178100,238900
70827101183,2019,517000,2287000,2804000
71002410050,2019,8800,0,8800
70835122353,2019,6500,74200,80700
70815104082,2019,226000,599000,825000
70826421152,2019,0,4000,4000
70923161461,2019,8000,7000,15000
70918306220,2019,80200,136800,217000
70921104257,2019,96100,217400,313500
81031221089,2019,40200,129900,170100
81030206131,2019,54700,132200,186900
80924406766,2019,400,1600,2000
81031206114,2019,36300,168600,204900
80926406061,2019,53000,497000,550000
71004401304,2019,55200,150000,205200
60802405171,2019,64400,153600,218000
70924218469,2019,51300,573700,625000
71007303359,2019,101200,277100,378300
71011406107,2019,99100,233100,332200
70929204083,2019,84800,175900,260700
80936407075,2019,72600,176800,249400
70835124713,2019,500,1500,2000
71006302146,2019,50100,249700,299800
71021223096,2019,64100,152300,216400
71035113176,2019,74900,255100,330000
71006117165,2019,63900,223900,287800
81034308107,2019,92000,408000,500000
70922405183,2019,99000,364700,463700
60811117072,2019,19100,164500,183600
70823102193,2019,76700,311000,387700
70926415302,2019,45600,82300,127900
81033304164,2019,38500,161000,199500
70835203054,2019,157100,462100,619200
80924423851,2019,400,1600,2000
70935201198,2019,40900,131700,172600
71022201041,2019,43000,144500,187500
81021308029,2019,10000,99100,109100
70928119027,2019,46900,242600,289500
80924417010,2019,9900,146600,156500
71003205294,2019,53100,147100,200200
70922440163,2019,52500,406500,459000
70923167120,2019,3400,13800,17200
71007205282,2019,0,0,0
71010108217,2019,56000,151700,207700
70923138460,2019,21100,231100,252200
81032102080,2019,48000,71900,119900
70914419275,2019,0,0,0
70922319095,2019,104500,493000,597500
81030304266,2019,67900,189800,257700
71005406262,2019,47400,169200,216600
71014106374,2019,12500,148100,160600
80924431086,2019,13100,265300,278400
71001325119,2019,24900,136800,161700
81022302343,2019,389000,4611300,5000300
71006126182,2019,52000,89800,141800
80936120049,2019,14900,98000,112900
70936301111,2019,61800,125700,187500
70813320482,2019,14600,104100,118700
60811419014,2019,75400,236100,311500
81034409070,2019,71900,204600,276500
70912410150,2019,757600,508700,1266300
71021111209,2019,66800,155500,222300
71022306015,2019,0,0,0
60812118144,2019,20500,157400,177900
71016400873,2019,325000,313400,638400
80925305173,2019,64200,107000,171200
70918405080,2019,0,0,0
70814207051,2019,77500,242700,320200
60801408100,2019,94600,259000,353600
60801215266,2019,62300,225200,287500
70923124401,2019,153800,211500,365300
81016305064,2019,23600,251400,275000
70823212273,2019,407000,724000,1131000
70835125266,2019,500,1500,2000
70922401090,2019,66200,192700,258900
70813333055,2019,26300,198800,225100
70816316024,2019,186400,465800,652200
81030207064,2019,64000,218000,282000
81028118900,2019,8300,63400,71700
80924440772,2019,400,1600,2000
70824310034,2019,13500,122700,136200
71009217417,2019,65500,0,65500
71007202197,2019,87900,272100,360000
71007218152,2019,137800,343700,481500
70928108294,2019,109100,360100,469200
81032406086,2019,39900,177000,216900
70814425158,2019,0,0,0
71003311190,2019,49100,141800,190900
70929420134,2019,141100,344300,485400
80924101118,2019,74900,234600,309500
81033301061,2019,45600,143300,188900
70834308706,2019,125000,298300,423300
70923161304,2019,8000,7000,15000
81023207542,2019,33600,141700,175300
70918319421,2019,20500,102000,122500
60906110171,2019,57800,191900,249700
70924219285,2019,0,25000,25000
70923174711,2019,3300,11700,15000
70824210052,2019,119400,164800,284200
71006440087,2019,18700,153300,172000
70823212033,2019,90800,199400,290200
70923137925,2019,6000,9000,15000
71011112225,2019,54400,245600,300000
70828107122,2019,92100,202900,295000
71005403276,2019,44400,175100,219500
60803115092,2019,104200,305500,409700
80925118120,2019,12900,199700,212600
70823207133,2019,18100,283100,301200
71010219072,2019,10600,84700,95300
81028102309,2019,59000,167900,226900
71006123055,2019,44600,214000,258600
60811102106,2019,98800,196400,295200
80924411161,2019,9300,139800,149100
70928302177,2019,130100,308400,438500
71002406223,2019,58800,161200,220000
80926116115,2019,23700,144500,168200
70836104144,2019,65400,165900,231300
70834209011,2019,73500,266500,340000
70920415051,2019,138100,397900,536000
71015202238,2019,54700,213300,268000
60906110288,2019,72700,173300,246000
70932417110,2019,53000,140600,193600
70921215038,2019,118800,194500,313300
81026356255,2019,59500,151500,211000
70926214150,2019,97400,234400,331800
70834302097,2019,98000,76900,174900
70913433268,2019,9900,222900,232800
70825105054,2019,600000,1420000,2020000
60812330532,2019,0,5000,5000
70815404044,2019,737000,1348000,2085000
60906205229,2019,61200,151100,212300
81031224413,2019,40800,110800,151600
71003311025,2019,52000,171000,223000
70828310030,2019,76000,247700,323700
71027404111,2019,69600,201800,271400
60903201163,2019,77900,179600,257500
70836418066,2019,62300,158800,221100
70923165695,2019,44000,217600,261600
81030401070,2019,0,0,0
70922336320,2019,145600,364000,509600
70824314010,2019,23700,124500,148200
80925301056,2019,54300,141000,195300
70913109041,2019,85300,309700,395000
81034205105,2019,68700,181500,250200
81014303664,2019,11300,0,11300
60802103270,2019,95800,219200,315000
60801110135,2019,60100,161900,222000
70834214408,2019,40800,383500,424300
81019308073,2019,64100,173600,237700
60801408184,2019,72600,178900,251500
70912437071,2019,6400,59200,65600
71004302354,2019,63400,154900,218300
81026360149,2019,100,0,100
71027414011,2019,0,0,0
70926414172,2019,49100,97000,146100
81028101046,2019,57900,141800,199700
71011303030,2019,55800,131400,187200
60801234026,2019,15000,140900,155900
70922430122,2019,99500,253900,353400
70923105287,2019,336000,903000,1239000
60801416020,2019,72600,174400,247000
71011403088,2019,78000,225600,303600
70828421126,2019,0,0,0
70921411149,2019,155400,392200,547600
70929424053,2019,0,0,0
81034409161,2019,67600,172000,239600
80924443932,2019,400,1600,2000
70923140952,2019,1500,13500,15000
80925204094,2019,56800,151200,208000
60812202145,2019,89800,161800,251600
70833410213,2019,44700,440300,485000
70813323098,2019,133200,343100,476300
71006109229,2019,70400,79600,150000
71005203030,2019,70400,171100,241500
81035111103,2019,100,0,100
80935103153,2019,69600,118500,188100
80926401045,2019,48900,142800,191700
71011128016,2019,73300,350400,423700
70835125018,2019,500,1500,2000
70926109096,2019,80000,213300,293300
71011220101,2019,11300,177500,188800
70913205302,2019,96500,76500,173000
70932302064,2019,1001000,667000,1668000
70820107154,2019,100,0,100
70828431042,2019,0,0,0
60905105066,2019,44600,78800,123400
70828115076,2019,90100,229500,319600
80925112031,2019,11400,235600,247000
70913209065,2019,104300,150700,255000
71009224090,2019,47000,238100,285100
70922346452,2019,0,27000,27000
71009201098,2019,50700,167400,218100
60812121353,2019,78000,196700,274700
71004406122,2019,52700,193300,246000
70923148641,2019,4200,800,5000
70927107304,2019,28100,247600,275700
80924425758,2019,400,1600,2000
71003309012,2019,0,0,0
71003108117,2019,57300,155400,212700
70936305064,2019,62300,161000,223300
80926105043,2019,56900,130900,187800
70924214011,2019,34500,393500,428000
71015110233,2019,40600,189500,230100
70826416624,2019,21500,109600,131100
70814312082,2019,26100,253900,280000
70929209158,2019,88200,169200,257400
70814420207,2019,15200,161000,176200
81031404320,2019,37600,129100,166700
70922224038,2019,163900,433800,597700
81016304032,2019,157000,0,157000
70923167386,2019,6500,18500,25000
70828107099,2019,98200,201300,299500
71004302536,2019,54700,129900,184600
70919410038,2019,112800,214200,327000
71006110218,2019,43600,191300,234900
71005223244,2019,52100,203400,255500
70821217093,2019,0,0,0
70923140621,2019,1500,13500,15000
81026354093,2019,4300,0,4300
60801310058,2019,71500,159400,230900
70919214117,2019,89000,175900,264900
71021111035,2019,63900,155300,219200
60812115265,2019,77100,191500,268600
71016115068,2019,59100,83000,142100
71006423108,2019,79400,181300,260700
70914437855,2019,2200,17300,19500
70923171121,2019,2100,1500,3600
70826416541,2019,23000,136200,159200
71002311191,2019,59000,275900,334900
80925405171,2019,76200,173300,249500
70922205179,2019,114000,410000,524000
70928302044,2019,121600,137300,258900
70913406091,2019,151300,173300,324600
70823205020,2019,18100,193500,211600
81034115049,2019,27500,127500,155000
81027107160,2019,36700,108500,145200
60904104027,2019,81100,173300,254400
70824204089,2019,107500,310700,418200
71015114350,2019,0,0,0
71010205295,2019,47900,189400,237300
81033303108,2019,40400,120300,160700
71005221222,2019,65100,211600,276700
70814312347,2019,26100,236900,263000
71005212172,2019,49000,92900,141900
70913324011,2019,89400,474600,564000
70933201314,2019,127700,284500,412200
71011418011,2019,0,0,0
71010315086,2019,59100,212400,271500
80924433967,2019,400,1600,2000
80924438941,2019,400,1600,2000
71016207279,2019,85200,57900,143100
70824214054,2019,263500,40800,304300
80924433834,2019,400,3100,3500
80924426889,2019,400,1600,2000
70922211150,2019,98300,369000,467300
71016207203,2019,76200,128600,204800
70913220011,2019,25700,149300,175000
70824311371,2019,14100,129900,144000
70931204097,2019,76500,180000,256500
80924306164,2019,63100,239600,302700
70923130086,2019,287800,347900,635700
70935101083,2019,49100,60900,110000
80926112288,2019,54800,179400,234200
71007201264,2019,90400,279800,370200
70929112343,2019,113100,215500,328600
70932103587,2019,145400,425300,570700
70929301095,2019,78300,225100,303400
80925306212,2019,67900,122200,190100
70914437714,2019,1100,5900,7000
71035118043,2019,64600,238900,303500
71034103392,2019,78000,225300,303300
60811112254,2019,113400,238300,351700
71001412015,2019,57500,180600,238100
71009404098,2019,63300,160200,223500
81015105291,2019,57600,166500,224100
71035118077,2019,64300,347000,411300
70816414034,2019,13100,227900,241000
70823402212,2019,44500,156400,200900
70913128942,2019,800,11200,12000
70926409230,2019,22000,38000,60000
60812113061,2019,75800,187600,263400
60903207301,2019,72100,296400,368500
60804206056,2019,94900,310000,404900
71004200855,2019,164000,747000,911000
80935109135,2019,70300,195400,265700
60801121091,2019,72000,159700,231700
80924441019,2019,13300,228300,241600
70932425014,2019,154000,666000,820000
81028122167,2019,8700,55900,64600
60811416309,2019,77600,196600,274200
71005303111,2019,59700,275100,334800
70824415298,2019,11300,70300,81600
60811117171,2019,19100,262900,282000
71007111116,2019,87900,292800,380700
60812329345,2019,13400,154400,167800
81027206037,2019,869000,1142100,2011100
71014204160,2019,56400,139400,195800
71003213057,2019,65300,215800,281100
70828401102,2019,0,0,0
70931414109,2019,90400,178000,268400
70928112112,2019,108200,302500,410700
71010413096,2019,54000,194900,248900
81036300961,2019,14700,0,14700
81031405427,2019,38100,146300,184400
70919223126,2019,94000,285200,379200
80924419149,2019,8600,150000,158600
70935202253,2019,66200,177800,244000
71015403018,2019,57400,142000,199400
80925405105,2019,66100,168100,234200
60906201110,2019,69400,157400,226800
70920405101,2019,107100,282900,390000
81034408121,2019,69000,228500,297500
70901104037,2019,51000,133000,184000
70914302066,2019,365000,5845000,6210000
60801407128,2019,77900,228900,306800
80924434163,2019,13300,227500,240800
70828443138,2019,0,0,0
80935106933,2019,74700,255900,330600
70928103137,2019,106000,149000,255000
71035119033,2019,59100,225700,284800
70914437920,2019,1100,5900,7000
70928114100,2019,121200,328200,449400
70829102296,2019,110300,311000,421300
71011114099,2019,71000,228600,299600
70826204053,2019,88000,490000,578000
70921403427,2019,220100,362000,582100
60812103046,2019,96100,187700,283800
70922308014,2019,108900,294800,403700
81019310119,2019,59800,165400,225200
70918322143,2019,0,2000,2000
70932113304,2019,94700,227800,322500
60812106157,2019,0,0,0
81033203069,2019,291000,492400,783400
70826407102,2019,69700,176600,246300
70913353226,2019,35200,156700,191900
70935103055,2019,45200,103000,148200
70913114074,2019,136700,147200,283900
71007110077,2019,84900,275600,360500
80924411898,2019,400,100,500
70917100962,2019,3000,0,3000
60812104010,2019,80000,175300,255300
71014108320,2019,10700,164900,175600
70828302095,2019,17100,0,17100
70929221277,2019,98500,189800,288300
71026404063,2019,72800,300700,373500
71021214227,2019,57800,161000,218800
70923123346,2019,185500,474500,660000
70929111048,2019,97500,305900,403400
71001108010,2019,58400,160700,219100
70823408054,2019,48500,226100,274600
70923163178,2019,44900,119000,163900
60801411327,2019,71600,274000,345600
71007113253,2019,75100,227000,302100
70923153054,2019,1300,23700,25000
70923412385,2019,1700,16300,18000
60812119168,2019,20700,175400,196100
80925117734,2019,800,1200,2000
70932423133,2019,52600,77000,129600
70923413474,2019,900,6600,7500
71003205301,2019,53100,157200,210300
71014106192,2019,12500,150300,162800
71006132121,2019,60500,147800,208300
70935307251,2019,4900,55100,60000
81026364092,2019,2600,0,2600
60802413463,2019,60700,160900,221600
70932204111,2019,83000,211700,294700
81031208053,2019,36200,80600,116800
70913105057,2019,75200,259200,334400
71002107722,2019,9500,105300,114800
81031406128,2019,36500,140700,177200
71035114017,2019,68100,189500,257600
71005316289,2019,50300,226600,276900
60802311071,2019,95400,291200,386600
70922417097,2019,73200,328900,402100
81034314039,2019,25000,95400,120400
81027209130,2019,12000,102400,114400
71003106070,2019,53100,181100,234200
70821111047,2019,112600,306400,419000
60802115449,2019,20500,123300,143800
80925105151,2019,52300,144200,196500
71006430187,2019,106500,153700,260200
71011121151,2019,35900,231600,267500
80924409950,2019,400,1600,2000
71011305391,2019,66200,178200,244400
71020307099,2019,10200,112700,122900
60901202337,2019,62200,173600,235800
81021416054,2019,53000,164000,217000
81033303124,2019,40400,140300,180700
60801234258,2019,15000,140800,155800
70920408121,2019,129500,201400,330900
70919217020,2019,91500,113400,204900
60811106083,2019,105700,206300,312000
60802316336,2019,18000,0,18000
70921207077,2019,109000,341000,450000
71006446340,2019,3000,35000,38000
60802311328,2019,117000,279500,396500
60811206057,2019,96500,289700,386200
70923147031,2019,8000,7000,15000
70929123697,2019,0,1000,1000
80925204060,2019,58000,147900,205900
70923143245,2019,44900,210100,255000
70836433014,2019,31700,89700,121400
70823311174,2019,10900,141100,152000
70826413159,2019,10200,76900,87100
71005206141,2019,76400,111200,187600
70826311014,2019,101100,382100,483200
70923141984,2019,200,500,700
70823305185,2019,82300,180400,262700
70918220032,2019,92800,267200,360000
70932401197,2019,165100,410000,575100
81035106104,2019,60500,205500,266000
70826315462,2019,51400,0,51400
60801212189,2019,77400,139100,216500
70922330067,2019,102800,203200,306000
70922435023,2019,210200,371800,582000
80936209075,2019,66300,121200,187500
70922403103,2019,84000,157200,241200
60804103088,2019,88700,401300,490000
70836208227,2019,73700,260200,333900
70919311046,2019,100800,186100,286900
60802411144,2019,78500,217000,295500
70930305044,2019,319000,471000,790000
70920218215,2019,400,14600,15000
70920406092,2019,131300,174000,305300
71007212203,2019,0,0,0
71015201404,2019,71200,264400,335600
70932306123,2019,68600,130900,199500
70825209096,2019,45000,121000,166000
70912410134,2019,514000,686000,1200000
71003319178,2019,56400,188200,244600
70913103134,2019,82100,203000,285100
81031210090,2019,38100,115000,153100
70835124193,2019,500,1500,2000
71004305225,2019,52800,177000,229800
70826417135,2019,21500,118500,140000
71007224282,2019,68500,507500,576000
70921114090,2019,124400,270800,395200
60811419121,2019,67300,168600,235900
70816323061,2019,206900,749900,956800
80925103238,2019,56900,124900,181800
81034308066,2019,0,0,0
80924409091,2019,8000,131100,139100
71003303155,2019,56700,124600,181300
70929418163,2019,92800,220000,312800
71002107756,2019,9500,153000,162500
70922323129,2019,178100,243100,421200
70918419057,2019,1244000,8866000,10110000
70923161552,2019,8000,7000,15000
60804205040,2019,95000,340000,435000
81033206047,2019,45500,148500,194000
70836310056,2019,14900,108600,123500
60812405624,2019,88200,210100,298300
70835309050,2019,81300,220100,301400
70922328012,2019,102100,287900,390000
71014213020,2019,54600,181200,235800
70914436055,2019,118000,522200,640200
70913433242,2019,9500,197500,207000
70930302058,2019,0,0,0
60906110030,2019,72800,143300,216100
70935102023,2019,44200,0,44200
60801416012,2019,79000,217400,296400
70914405018,2019,101800,174200,276000
71003314251,2019,48400,170900,219300
80935108195,2019,549200,485100,1034300
70921207043,2019,231000,469000,700000
71009202020,2019,65100,156900,222000
70931102209,2019,106800,118600,225400
71009317035,2019,68800,103100,171900
81030212013,2019,57100,114900,172000
70919405261,2019,102000,173800,275800
71019407032,2019,0,0,0
81026349119,2019,34000,264400,298400
70816319127,2019,183800,871200,1055000
80936202144,2019,57600,151600,209200
71034101297,2019,55600,171200,226800
70921413046,2019,129200,595800,725000
70834205100,2019,86000,231000,317000
60801312278,2019,75400,239800,315200
70919412240,2019,108200,360800,469000
71005401163,2019,56800,83600,140400
81031404289,2019,38200,136400,174600
70932103347,2019,147500,245500,393000
70922402048,2019,44000,301000,345000
71006115218,2019,61800,164400,226200
71006431010,2019,98100,322500,420600
70929412066,2019,87300,190800,278100
70833107109,2019,104300,349700,454000
70836307219,2019,75400,132000,207400
70823205400,2019,18100,273400,291500
70814312355,2019,26100,302500,328600
70926102058,2019,78000,194500,272500
81032412059,2019,43800,147700,191500
70920410308,2019,127100,180900,308000
81014303713,2019,11300,0,11300
80926203946,2019,67600,264000,331600
80913300979,2019,0,0,0
81034304030,2019,44000,122600,166600
70913213230,2019,121600,162700,284300
70826414222,2019,16100,114700,130800
80925414213,2019,74400,152800,227200
71008102164,2019,60500,168600,229100
70914438374,2019,2200,22800,25000
71011205179,2019,32900,202600,235500
71003303329,2019,62400,180000,242400
71014210208,2019,55600,152500,208100
70834216206,2019,0,0,0
70814308156,2019,96800,194400,291200
81023209051,2019,0,1200,1200
81015401053,2019,391000,2386000,2777000
70836215090,2019,0,0,0
70920101072,2019,136300,198500,334800
70824404340,2019,112400,243200,355600
70921411157,2019,142900,333500,476400
80926104251,2019,54000,117300,171300
71012206308,2019,63700,252500,316200
80924102140,2019,71200,386600,457800
70921103093,2019,155000,335000,490000
70816407162,2019,171700,377400,549100
71011225044,2019,89000,0,89000
70836207534,2019,34000,165000,199000
70828431026,2019,0,0,0
71003204155,2019,53100,144400,197500
70923146380,2019,8000,7000,15000
81026425026,2019,100,0,100
71003205054,2019,53100,144600,197700
71006304332,2019,35000,385000,420000
60802303151,2019,88400,251900,340300
71003419283,2019,52100,171900,224000
80924433024,2019,13300,236900,250200
71015117221,2019,50500,248200,298700
81034315053,2019,25000,101300,126300
81034202250,2019,67100,187600,254700
60811420045,2019,16000,179100,195100
81021305041,2019,47200,152800,200000
80926202021,2019,57700,177700,235400
81032410079,2019,56900,116200,173100
70920402016,2019,140300,217700,358000
71005216017,2019,70200,259000,329200
71010312082,2019,51700,135200,186900
81031408166,2019,40400,133500,173900
70934100953,2019,1142100,527700,1669800
71010310127,2019,50100,148700,198800
70929303257,2019,94800,207500,302300
71004302320,2019,68000,141000,209000
71007224117,2019,0,0,0
71004404093,2019,51800,140700,192500
70921206045,2019,528000,1301000,1829000
70824204253,2019,110600,260700,371300
71006109211,2019,70400,131900,202300
71007219035,2019,126400,204400,330800
71007113063,2019,75700,205300,281000
80926407019,2019,50600,140000,190600
71011405175,2019,101600,256100,357700
80924422879,2019,400,1600,2000
81031409099,2019,39600,194400,234000
70912410019,2019,554400,196000,750400
80924307120,2019,65300,229400,294700
70919304091,2019,102400,202200,304600
71012211167,2019,62400,245800,308200
71006126091,2019,64100,114900,179000
70923320033,2019,16000,148800,164800
80925306329,2019,71700,102500,174200
70836401029,2019,68200,192500,260700
70929403049,2019,96500,262200,358700
70926110118,2019,60600,221100,281700
81032404014,2019,39200,150800,190000
71011307123,2019,59100,206300,265400
80935106173,2019,81700,195300,277000
60901202147,2019,63100,148000,211100
71011221133,2019,12000,190100,202100
70822406116,2019,0,0,0
60906110212,2019,58900,219000,277900
70834214680,2019,40800,439100,479900
70928102246,2019,96200,239800,336000
71016401037,2019,64600,193300,257900
70823108274,2019,89000,303500,392500
81021302055,2019,53000,174100,227100
60803112048,2019,98400,282100,380500
81031217129,2019,38500,83700,122200
81031421019,2019,1200000,1800000,3000000
81030210067,2019,53800,107000,160800
80924428059,2019,12700,203600,216300
71007302187,2019,173400,291100,464500
70920420315,2019,135400,122600,258000
70924219839,2019,0,25000,25000
70931310315,2019,94000,196000,290000
70931414307,2019,69200,264300,333500
70913223114,2019,7400,362500,369900
70929306178,2019,96600,219300,315900
70918320098,2019,20500,101100,121600
80925412431,2019,78900,171800,250700
70936308159,2019,0,0,0
70913402172,2019,99100,69900,169000
60812214249,2019,19100,192300,211400
70901106182,2019,46200,163300,209500
71003216142,2019,89000,336000,425000
70813314360,2019,9800,0,9800
70913348277,2019,8100,303200,311300
70919412232,2019,109600,228300,337900
71006128344,2019,0,0,0
71015105169,2019,46000,144000,190000
80924301049,2019,0,0,0
60906104033,2019,64700,144500,209200
70814303180,2019,0,0,0
81026357055,2019,100,0,100
71010406075,2019,55700,141900,197600
70923140720,2019,1500,13500,15000
70835117015,2019,12400,111500,123900
70922410067,2019,138300,138600,276900
70929216228,2019,87900,167000,254900
70929218208,2019,92400,229800,322200
60905200981,2019,0,0,0
71005316271,2019,63200,240300,303500
71006130141,2019,43300,93900,137200
71016300974,2019,0,0,0
70929208069,2019,82000,242000,324000
70921112309,2019,124400,428700,553100
70931103348,2019,134400,219000,353400
81016204018,2019,0,0,0
70822102243,2019,109800,194200,304000
70835302111,2019,113700,224500,338200
71006405130,2019,54100,254900,309000
70820101031,2019,0,0,0
71006122114,2019,95000,57000,152000
70826420659,2019,0,4000,4000
70922417196,2019,72400,285600,358000
60812203094,2019,86400,295700,382100
71005231198,2019,48100,152200,200300
70912422022,2019,9000,103000,112000
60811302178,2019,81400,239500,320900
80925121868,2019,800,1200,2000
71006436028,2019,59200,207400,266600
80925205026,2019,57900,142100,200000
70922115021,2019,0,0,0
71020301067,2019,305200,252100,557300
71019406042,2019,87200,157800,245000
80925308151,2019,76300,80800,157100
80936109051,2019,14900,95500,110400
70928106016,2019,99300,413300,512600
70913345083,2019,97900,148300,246200
70929215139,2019,91600,183700,275300
81030309141,2019,59600,130200,189800
81030205274,2019,46600,108400,155000
70913111054,2019,100700,239000,339700
70921124122,2019,121400,404900,526300
70913404079,2019,140900,390200,531100
70936408131,2019,60800,162900,223700
71001106022,2019,53000,202000,255000
71002418012,2019,79500,148500,228000
70923161122,2019,8000,7000,15000
70928222135,2019,111100,242600,353700
60802307054,2019,19400,143200,162600
70814423110,2019,87100,225100,312200
71014106366,2019,12500,169500,182000
60801213020,2019,68700,173000,241700
60812115132,2019,78200,164400,242600
80926409247,2019,12000,230000,242000
71010311034,2019,54600,142400,197000
70828428023,2019,0,0,0
71005327103,2019,86700,227600,314300
71010311282,2019,54600,146900,201500
71008104011,2019,41300,188900,230200
71010407205,2019,51900,143900,195800
71030210159,2019,87700,144700,232400
70926102131,2019,81300,170200,251500
70826211173,2019,11700,54100,65800
60906201186,2019,66200,129500,195700
70824203148,2019,107500,198600,306100
70924219574,2019,0,25000,25000
71007204052,2019,70000,246100,316100
70826416252,2019,18400,84200,102600
70912421040,2019,9000,91300,100300
70833401048,2019,188700,417800,606500
70922424141,2019,114800,180000,294800
70835315205,2019,51900,339100,391000
70926408117,2019,61000,245800,306800
70834308821,2019,130000,421700,551700
70912425050,2019,9000,91300,100300
70920406042,2019,128400,205600,334000
80924418977,2019,400,1600,2000
71035122036,2019,56300,238600,294900
70920216326,2019,10300,291700,302000
70923212248,2019,832000,581000,1413000
70924209012,2019,0,0,0
80924418117,2019,9600,168900,178500
70933201322,2019,133700,254400,388100
71009202062,2019,51500,164500,216000
81021106233,2019,60900,170500,231400
71011104123,2019,73000,260600,333600
70922414126,2019,66200,315200,381400
70923143766,2019,44900,332500,377400
60812201238,2019,1230000,5470000,6700000
60802312178,2019,98100,209100,307200
70825209575,2019,6000,15000,21000
71027101030,2019,129400,203600,333000
71003415083,2019,54700,215200,269900
70919228712,2019,400,2600,3000
70921419226,2019,109300,185600,294900
70915304011,2019,0,0,0
71009310097,2019,68800,148900,217700
71022305108,2019,126000,619000,745000
70826412416,2019,8200,63400,71600
70823122092,2019,24400,90100,114500
81026353178,2019,56700,259100,315800
71003405076,2019,54300,239200,293500
60801103130,2019,55700,164500,220200
71006403035,2019,57800,158500,216300
70828118012,2019,87400,182900,270300
71007206280,2019,59900,405300,465200
70826211321,2019,13700,65200,78900
60804104010,2019,100200,300500,400700
71006401120,2019,65100,176900,242000
71002309097,2019,10500,0,10500
70919407126,2019,91800,179200,271000
70823210342,2019,113400,340100,453500
71022304077,2019,57500,3000,60500
70928116114,2019,105300,327900,433200
70921114165,2019,124400,265000,389400
70922424191,2019,136300,208700,345000
70923412179,2019,1700,16300,18000
71012217090,2019,89500,331100,420600
70901113228,2019,17700,96100,113800
70913207027,2019,102800,283200,386000
71005401270,2019,55700,133600,189300
70919110357,2019,128400,129100,257500
70919403025,2019,102300,246100,348400
70824213072,2019,115400,273600,389000
71005108123,2019,50600,116200,166800
70826312195,2019,73800,251000,324800
70920410275,2019,115100,162700,277800
70826417391,2019,21500,104700,126200
60801119088,2019,66800,192700,259500
70823306141,2019,80100,189500,269600
70836402043,2019,62700,170300,233000
71021202115,2019,62100,113400,175500
71011406123,2019,94100,269500,363600
71009306153,2019,69200,124300,193500
70814309071,2019,160000,336000,496000
70834402011,2019,0,0,0
70922209014,2019,120000,720000,840000
71015203195,2019,49600,167400,217000
70920418386,2019,114400,117700,232100
70920103036,2019,111900,138000,249900
71015206090,2019,47200,179300,226500
80924426053,2019,9900,170700,180600
71003205187,2019,56100,180600,236700
71009319156,2019,68800,128300,197100
80924444930,2019,400,1600,2000
70913421015,2019,28400,171600,200000
70923148899,2019,4200,800,5000
70921307041,2019,154800,360200,515000
70835303276,2019,88600,268500,357100
70926213144,2019,79800,168000,247800
80926101091,2019,60800,131700,192500
81021303235,2019,46000,207400,253400
81034327107,2019,11300,67800,79100
80925219176,2019,54500,157600,212100
70923179274,2019,65500,0,65500
70922429084,2019,183600,180700,364300
70835107040,2019,134700,385400,520100
70834418167,2019,27400,121800,149200
71003106062,2019,53100,191600,244700
70926103329,2019,61300,237700,299000
70929223158,2019,100600,170800,271400
70932420113,2019,103000,202000,305000
70918321989,2019,0,2000,2000
71014214581,2019,8100,121100,129200
70833123171,2019,99900,299600,399500
71006115127,2019,34700,230800,265500
60802312194,2019,0,0,0
70836109128,2019,72100,198300,270400
71011221018,2019,12000,203300,215300
71009312043,2019,68800,165000,233800
70835120026,2019,16100,53200,69300
70914438530,2019,2200,22800,25000
71010306217,2019,50100,160400,210500
70929303348,2019,74400,203200,277600
81028119065,2019,10100,68900,79000
70922322072,2019,146700,349900,496600
70901118103,2019,17400,102400,119800
80924404132,2019,8300,126700,135000
70932102224,2019,144200,276600,420800
70826402037,2019,2900000,5350000,8250000
80924406922,2019,400,1600,2000
70828435044,2019,0,0,0
71004405091,2019,51700,146600,198300
71012205045,2019,69500,324100,393600
70928105018,2019,108400,288600,397000
70826420302,2019,0,4000,4000
71006209186,2019,0,0,0
71016415038,2019,62700,155900,218600
70913344051,2019,22700,237700,260400
60801225174,2019,15000,140800,155800
70920219065,2019,0,0,0
71010313139,2019,55700,150700,206400
70922238097,2019,25300,208700,234000
70835112289,2019,0,0,0
70816313062,2019,135300,261600,396900
70921401166,2019,142900,343700,486600
81019201011,2019,222000,23000,245000
70823204048,2019,107100,248800,355900
60802109046,2019,68700,179100,247800
60802309349,2019,99900,243300,343200
70923174670,2019,3300,11700,15000
70919106059,2019,105600,123000,228600
71005346971,2019,0,3000,3000
71010311240,2019,51000,152000,203000
70920408452,2019,129500,272100,401600
80925409272,2019,67500,186300,253800
71022302922,2019,414500,348000,762500
70923165968,2019,39600,217700,257300
81016204050,2019,0,0,0
70924221131,2019,28300,85100,113400
60811415385,2019,0,0,0
80936208134,2019,58700,205000,263700
71007112213,2019,94600,301100,395700
60812117120,2019,74400,196800,271200
71006102091,2019,68700,150400,219100
70835122593,2019,6500,74200,80700
71003401230,2019,63300,278400,341700
60811116719,2019,18800,219800,238600
81030205141,2019,53800,149500,203300
70826420089,2019,0,4000,4000
71016402308,2019,61800,129500,191300
71007201230,2019,90400,327000,417400
81031218143,2019,38500,200800,239300
60905107145,2019,55400,96400,151800
70921317123,2019,119900,157000,276900
60802316344,2019,18000,0,18000
70823204155,2019,123500,329100,452600
60906202027,2019,88000,187000,275000
70828418016,2019,0,0,0
71011105105,2019,73500,326500,400000
70923409168,2019,120100,177800,297900
70816322360,2019,17300,231700,249000
71015207056,2019,74400,202100,276500
70919309091,2019,115000,206300,321300
71002418210,2019,84700,333300,418000
70813320953,2019,400,2100,2500
81026425050,2019,100,0,100
70920216590,2019,12900,480000,492900
70828410012,2019,0,0,0
81015102065,2019,56200,189900,246100
70913118026,2019,793300,522600,1315900
71009204167,2019,47900,172600,220500
70932401147,2019,153300,326700,480000
71009221129,2019,38000,149000,187000
70833101086,2019,159200,403500,562700
70836103120,2019,67800,187500,255300
70828433064,2019,0,0,0
81015401087,2019,0,0,0
81031402168,2019,35900,129700,165600
70926304224,2019,72600,125300,197900
71011406058,2019,92500,294300,386800
70821406183,2019,92200,325700,417900
70922224070,2019,143200,221500,364700
70921317082,2019,115200,212800,328000
71012215581,2019,17700,240300,258000
70932108131,2019,127700,235700,363400
70913108085,2019,71800,150800,222600
70826417581,2019,21500,126700,148200
81033202053,2019,52200,136400,188600
71007118055,2019,489900,178000,667900
81031222045,2019,56100,181900,238000
71006110200,2019,43600,182100,225700
60812114118,2019,74600,183600,258200
60802107058,2019,69300,178500,247800
70931404142,2019,102400,214800,317200
71006431094,2019,102700,267500,370200
71034103441,2019,71700,231100,302800
60812121163,2019,81800,214000,295800
70925205093,2019,76000,201000,277000
71002401033,2019,74100,143500,217600
81021301164,2019,51700,172700,224400
71003218065,2019,12100,74400,86500
71010205120,2019,61000,169300,230300
71010311224,2019,52400,141100,193500
70929406019,2019,71000,220300,291300
70934401070,2019,270000,177000,447000
70921219139,2019,140900,340600,481500
70921125162,2019,124400,367300,491700
60906205097,2019,62300,137100,199400
81030403050,2019,0,0,0
70821406159,2019,91700,321200,412900
70923165223,2019,41200,200400,241600
70932203270,2019,76700,203400,280100
70919106075,2019,0,0,0
80935105026,2019,63400,220900,284300
71016409114,2019,61500,156500,218000
81031221097,2019,63000,139800,202800
71016115117,2019,60000,140000,200000
70828433014,2019,0,0,0
70821215104,2019,161000,322300,483300
71007112057,2019,78200,241800,320000
60811116347,2019,18800,221200,240000
81032428072,2019,33700,116200,149900
70923168871,2019,6500,18500,25000
71006129219,2019,43300,83700,127000
70814202035,2019,97700,261600,359300
71035205113,2019,66800,224700,291500
70834428421,2019,20300,164700,185000
60803114086,2019,635000,3295000,3930000
71009213043,2019,51900,157900,209800
70828444128,2019,0,0,0
70923165166,2019,33100,177100,210200
81034309155,2019,65800,150400,216200
60802305107,2019,13800,196200,210000
60904113200,2019,90600,246100,336700
71006117298,2019,38700,286300,325000
80936401043,2019,74000,261000,335000
70913102219,2019,88500,270700,359200
70921301051,2019,127200,381500,508700
70923157030,2019,5000,10000,15000
60801211149,2019,73800,178200,252000
70918319041,2019,20500,113100,133600
70923122182,2019,98400,340600,439000
70826309118,2019,119500,348700,468200
71002310218,2019,0,0,0
70913108176,2019,85900,153300,239200
60812323173,2019,28500,171700,200200
71010212159,2019,50500,201000,251500
70824216076,2019,112100,183800,295900
71005322088,2019,133900,441200,575100
70931102283,2019,120600,119400,240000
81028112217,2019,56900,172500,229400
70932401064,2019,129300,398700,528000
70813310441,2019,15400,179700,195100
70829412033,2019,13700,0,13700
70913314278,2019,94700,316800,411500
71007220214,2019,126400,164600,291000
70920411083,2019,133400,222700,356100
70814309211,2019,105200,318100,423300
70933302055,2019,81500,128600,210100
70829106058,2019,80600,274300,354900
71021214160,2019,57800,161600,219400
70913350321,2019,0,15000,15000
70913315135,2019,85000,222000,307000
80924419157,2019,9600,168900,178500
81031406095,2019,36700,134900,171600
70920213158,2019,119100,261500,380600
60803103211,2019,103200,157100,260300
70929417066,2019,87300,192700,280000
60802307137,2019,19400,217100,236500
70821215063,2019,155000,412800,567800
70929416141,2019,92800,266200,359000
71007216205,2019,92800,201700,294500
71006417200,2019,49900,249100,299000
70822414250,2019,17400,133800,151200
70930415017,2019,91500,502500,594000
81034324129,2019,30000,107500,137500
70929115149,2019,113500,288500,402000
70913346130,2019,72100,286700,358800
70926401195,2019,80600,143000,223600
70919216155,2019,84300,96100,180400
70928217219,2019,97700,204600,302300
70815305028,2019,164800,255400,420200
71010212167,2019,50700,257800,308500
70931410157,2019,97400,236600,334000
81034316184,2019,24300,122500,146800
60801402053,2019,73800,159600,233400
70826204087,2019,44000,303000,347000
71002107079,2019,9500,109300,118800
71004302156,2019,52800,177500,230300
70929219222,2019,98500,187100,285600
71026403106,2019,71300,313700,385000
60906201128,2019,69400,126800,196200
81030302195,2019,309000,1000,310000
70928224157,2019,99100,195500,294600
80924431820,2019,400,1600,2000
60812111445,2019,83000,224700,307700
70826421318,2019,0,4000,4000
70913102029,2019,100700,179200,279900
70923211018,2019,103500,326500,430000
80936123077,2019,0,0,0
70833411021,2019,46200,198800,245000
60801208435,2019,51100,208800,259900
71003308155,2019,54000,178700,232700
71004402104,2019,47600,130500,178100
70928215081,2019,106100,250300,356400
70913344134,2019,26100,252400,278500
81033103061,2019,24000,0,24000
70816402138,2019,175100,516200,691300
70935401011,2019,419600,478400,898000
71005315059,2019,60600,263000,323600
70816318020,2019,170200,739800,910000
81034413245,2019,66600,172200,238800
71001102046,2019,70900,326600,397500
70833303046,2019,145000,432200,577200
60812405228,2019,77100,178800,255900
70923140556,2019,1500,13500,15000
70913209255,2019,93800,63900,157700
80924408168,2019,9300,139800,149100
71006424023,2019,35500,226100,261600
71005314085,2019,61400,208000,269400
70834415155,2019,24000,181900,205900
60802115027,2019,20500,121500,142000
70836407134,2019,55100,180300,235400
70824405041,2019,101400,343700,445100
80936407174,2019,71600,157900,229500
71004310092,2019,54100,132900,187000
81030205224,2019,48000,121000,169000
60801406104,2019,24900,152200,177100
71003105204,2019,53100,153700,206800
71010104265,2019,59000,170100,229100
60906207027,2019,70100,139100,209200
70921208132,2019,81600,205200,286800
70835306288,2019,79200,182300,261500
70929410119,2019,87300,211200,298500
70928102410,2019,117700,477300,595000
70919408132,2019,109900,249400,359300
70930413011,2019,0,0,0
71005401171,2019,56800,156400,213200
81030205084,2019,48200,106000,154200
70923149029,2019,7300,200,7500
80936111030,2019,13800,99200,113000
70929217078,2019,88300,195200,283500
80925219100,2019,54900,130300,185200
70823203123,2019,113600,290300,403900
71004306190,2019,56900,149600,206500
80925414130,2019,37800,174500,212300
71009406127,2019,63300,149100,212400
71006407160,2019,60900,229400,290300
70926401260,2019,80600,118600,199200
71003120020,2019,23700,132300,156000
70913337014,2019,43700,165300,209000
60812207062,2019,88200,153900,242100
70923138337,2019,37000,372200,409200
70836401136,2019,61900,169000,230900
70928102171,2019,113300,381100,494400
60905207242,2019,0,0,0
80936116048,2019,14900,97700,112600
81034116055,2019,66900,205100,272000
71001405101,2019,59900,175000,234900
71005318095,2019,94600,220200,314800
71012216034,2019,67300,225100,292400
70926416136,2019,47800,91500,139300
70932422060,2019,47600,98000,145600
70932418051,2019,53300,115000,168300
81034414293,2019,66700,188700,255400
70836119119,2019,75100,157800,232900
71009407034,2019,60300,120800,181100
71006309150,2019,69200,180100,249300
70935201263,2019,66200,164800,231000
81034117029,2019,69200,197000,266200
70923220077,2019,107400,173800,281200
70828314040,2019,88500,0,88500
60811428023,2019,65400,199600,265000
81033207227,2019,43100,147400,190500
71002312040,2019,68100,294800,362900
70923211216,2019,54100,229300,283400
81030314257,2019,57500,134000,191500
70923149152,2019,7300,1200,8500
70923160447,2019,8000,7000,15000
70931103398,2019,114300,180400,294700
70923140928,2019,1500,13500,15000
81021407136,2019,63800,228900,292700
70835308094,2019,80300,211300,291600
81034408329,2019,68400,209400,277800
81030315156,2019,59800,135200,195000
60802316097,2019,18000,206400,224400
70824315018,2019,0,0,0
71027411223,2019,62100,220900,283000
70934309406,2019,15700,102300,118000
80936412066,2019,73600,140100,213700
71001320119,2019,64800,212600,277400
70823109040,2019,18200,124100,142300
81023309166,2019,35600,171600,207200
80924424106,2019,8600,166800,175400
70835322010,2019,66800,279200,346000
70935203144,2019,1700,16300,18000
80924310157,2019,91600,206000,297600
70922322064,2019,198300,323600,521900
70923156256,2019,3300,11700,15000
70823314194,2019,183400,337500,520900
70931417103,2019,97600,273700,371300
60802112247,2019,86200,148800,235000
70935201114,2019,66200,173800,240000
70913347419,2019,2500,12500,15000
71006124053,2019,44600,147300,191900
80924427069,2019,11000,177000,188000
71003416148,2019,55000,197800,252800
71005343993,2019,0,1692100,1692100
71030203039,2019,73700,194000,267700
81031211303,2019,60000,285900,345900
70823102036,2019,89400,171800,261200
70814409045,2019,374000,2024000,2398000
81028302123,2019,132500,252000,384500
81030301022,2019,172000,2158000,2330000
71009412075,2019,63500,130600,194100
70924221074,2019,28300,99600,127900
60812331051,2019,0,100,100
71015208202,2019,79100,193300,272400
70913207085,2019,64200,268800,333000
70928205107,2019,104600,320000,424600
70815307090,2019,166500,275500,442000
70936305155,2019,62000,153300,215300
81032425177,2019,31600,144300,175900
70919402184,2019,113200,253900,367100
70929302051,2019,78200,259800,338000
81031217012,2019,40800,144800,185600
71005112041,2019,65100,133900,199000
70836302219,2019,63300,148900,212200
70823308064,2019,0,0,0
70932409018,2019,79800,219700,299500
70815306290,2019,200800,305600,506400
70835310148,2019,84900,211000,295900
70923159169,2019,8000,7000,15000
80926400899,2019,0,0,0
81031408108,2019,39600,207000,246600
70836307128,2019,74500,184600,259100
70931307172,2019,101000,162800,263800
70926101274,2019,78200,221300,299500
70826412143,2019,10000,75400,85400
70920222034,2019,16400,150700,167100
70822408021,2019,33600,209400,243000
70813106189,2019,0,0,0
70922433366,2019,82600,288300,370900
70921403089,2019,235800,455800,691600
70823121226,2019,20000,83300,103300
71016207386,2019,62700,99500,162200
71003101236,2019,58200,259000,317200
60812115207,2019,82000,183000,265000
71019405028,2019,82900,91700,174600
60812108179,2019,85900,150500,236400
71003202183,2019,46300,161000,207300
81028118728,2019,8700,67700,76400
81026419029,2019,100,0,100
70921114157,2019,124400,274700,399100
60802302442,2019,102700,294900,397600
70923116135,2019,0,0,0
81032314099,2019,12000,141200,153200
70929205049,2019,76200,204900,281100
70918415708,2019,9500,33800,43300
81032420234,2019,41400,122900,164300
60811424138,2019,116100,212400,328500
81033201021,2019,38300,137100,175400
81015105093,2019,60600,171100,231700
80925206173,2019,55900,177500,233400
70919303019,2019,111700,327100,438800
71009413031,2019,63300,131400,194700
71032200992,2019,0,0,0
70823210251,2019,76800,215900,292700
71003406230,2019,53400,217800,271200
80926114060,2019,18300,99600,117900
70826414199,2019,16100,102800,118900
81028118893,2019,10800,100000,110800
70834428471,2019,20000,95000,115000
70926300975,2019,1023000,1727000,2750000
71002106188,2019,9500,137800,147300
71006113080,2019,61800,202100,263900
71001335027,2019,35500,158400,193900
60801116141,2019,66100,175800,241900
70836409247,2019,74500,135100,209600
70921103126,2019,54000,336000,390000
71005108199,2019,47100,127900,175000
81026356247,2019,59500,340500,400000
70820110032,2019,100,0,100
70932112116,2019,92200,218100,310300
80926303150,2019,67400,212400,279800
70932405115,2019,77400,109300,186700
71034104275,2019,83500,205400,288900
70922223155,2019,106000,839000,945000
71015208210,2019,71700,202800,274500
70828316187,2019,100,0,100
60801411244,2019,71700,193400,265100
81025201021,2019,9000,0,9000
70835310015,2019,86900,188600,275500
70918313085,2019,437400,525400,962800
71015118063,2019,52000,158900,210900
81031229033,2019,38500,114300,152800
71004405158,2019,51800,166000,217800
81034106329,2019,0,0,0
81034310102,2019,0,0,0
71021208064,2019,58600,155400,214000
70929124760,2019,0,10000,10000
80924425021,2019,8600,166800,175400
71010213181,2019,190000,510000,700000
70923319086,2019,171800,329700,501500
80935106884,2019,354900,0,354900
70929107013,2019,112100,169400,281500
71004405223,2019,47700,139300,187000
70923142164,2019,44900,321600,366500
70816407120,2019,212400,663800,876200
80924307055,2019,67200,197600,264800
70922214112,2019,224100,589400,813500
70932102042,2019,131500,441300,572800
71016102114,2019,0,0,0
60812307078,2019,86600,243700,330300
60801308219,2019,68100,152000,220100
81026358201,2019,100,0,100
70824204328,2019,86200,142600,228800
70923309152,2019,138900,212500,351400
70835110142,2019,0,0,0
71010401041,2019,59600,163300,222900
70836304166,2019,73300,154700,228000
71003311249,2019,48000,141900,189900
71011116061,2019,70500,216700,287200
80927402175,2019,81400,227600,309000
70929308059,2019,102100,344600,446700
70929116072,2019,120600,214900,335500
70823304137,2019,76300,252400,328700
70836310189,2019,14900,116800,131700
70934309224,2019,15700,102300,118000
70914302016,2019,925000,4315000,5240000
60812106090,2019,97000,178000,275000
71015116124,2019,48700,164600,213300
81034313081,2019,88000,867000,955000
70824414480,2019,13900,87500,101400
70923150183,2019,45900,346400,392300
70921221209,2019,138900,326100,465000
70824415305,2019,18700,113400,132100
60901203335,2019,59700,156900,216600
70922416073,2019,53600,225400,279000
70913119074,2019,100500,120700,221200
71006128120,2019,58700,179400,238100
70919201081,2019,68700,176100,244800
70923121019,2019,0,0,0
70920412049,2019,134200,250800,385000
70922403137,2019,74500,628900,703400
71027414045,2019,70400,167700,238100
81030403068,2019,0,0,0
60901201115,2019,59600,136600,196200
70822102269,2019,109800,209300,319100
80926104227,2019,54500,157300,211800
70923203130,2019,0,0,0
70923147445,2019,8000,7000,15000
70814426114,2019,89000,260700,349700
71016119052,2019,61700,128100,189800
80924403796,2019,400,1600,2000
70919407035,2019,97500,172100,269600
80926203996,2019,86000,109000,195000
60906114082,2019,60300,160800,221100
71016204093,2019,91400,122100,213500
81034403098,2019,59900,187100,247000
71002107590,2019,9500,156800,166300
60801417169,2019,16300,203700,220000
70922331023,2019,178100,723600,901700
70923170595,2019,2100,500,2600
71014202205,2019,54100,148400,202500
81014303648,2019,11300,0,11300
71007243159,2019,0,15000,15000
80925218079,2019,48900,203600,252500
80925411053,2019,51600,165400,217000
71003106210,2019,53100,177600,230700
60804209034,2019,93000,359200,452200
71016119044,2019,63100,154500,217600
70836301120,2019,67600,173500,241100
71030202221,2019,312600,262500,575100
70913318105,2019,155800,237300,393100
60904102104,2019,84500,274500,359000
70813319112,2019,15100,103400,118500
71016113161,2019,54900,164900,219800
70926106125,2019,79900,224600,304500
70834427225,2019,25600,170900,196500
70913214121,2019,102300,417700,520000
70931302221,2019,103300,151400,254700
71005222056,2019,72000,61500,133500
60801307063,2019,69000,155700,224700
80925117974,2019,800,1200,2000
80924310082,2019,64100,225500,289600
71005309127,2019,60300,278400,338700
70928102361,2019,117700,527100,644800
70824404415,2019,0,0,0
81028409200,2019,94500,457000,551500
70824208073,2019,138600,211100,349700
70932403078,2019,116200,221300,337500
70836308184,2019,77000,298000,375000
70816305217,2019,131000,303600,434600
81034328056,2019,29300,116700,146000
70932417087,2019,54100,147400,201500
80936413163,2019,72200,141900,214100
60802410138,2019,66800,217600,284400
70920220468,2019,0,7300,7300
70931201233,2019,275000,97000,372000
80926202039,2019,57700,150800,208500
70824105013,2019,156700,319600,476300
71005335015,2019,87900,348100,436000
71003413128,2019,57100,170500,227600
70926116025,2019,80000,156300,236300
71035115057,2019,63800,251200,315000
71010113042,2019,48400,171600,220000
71010315177,2019,48500,142700,191200
60811438072,2019,20000,178800,198800
60802110077,2019,70200,199200,269400
71005337136,2019,94600,187600,282200
70918205026,2019,68700,217700,286400
71002303289,2019,35900,214600,250500
70932105137,2019,80700,159400,240100
71003311059,2019,47200,163800,211000
71004405249,2019,47700,132600,180300
81030317251,2019,56000,142400,198400
70931416056,2019,115200,100200,215400
70932409183,2019,77000,196200,273200
80925106125,2019,53500,133900,187400
71010212125,2019,55400,184700,240100
70919301021,2019,102700,244100,346800
70912404319,2019,94200,219400,313600
71007215372,2019,95200,209500,304700
80935101157,2019,60800,176000,236800
70923168996,2019,6500,18500,25000
70919219026,2019,89100,270700,359800
70921108150,2019,100000,112100,212100
70923151040,2019,168000,0,168000
70923408251,2019,55000,121600,176600
60801211090,2019,72900,164100,237000
70923126390,2019,287000,1369000,1656000
70928107022,2019,92400,423600,516000
70821216053,2019,0,0,0
81031208037,2019,35700,140000,175700
70913354191,2019,0,15000,15000
70928308018,2019,98200,191700,289900
70929221186,2019,88300,195800,284100
70829107098,2019,79900,311400,391300
70814203017,2019,115000,309100,424100
70824306158,2019,99900,279500,379400
70920412023,2019,134200,197800,332000
80924411799,2019,400,1600,2000
70821402199,2019,111000,359000,470000
71021105054,2019,60000,136900,196900
71034104168,2019,85500,230400,315900
71006423075,2019,79400,233000,312400
70823413243,2019,34800,195400,230200
70836416028,2019,57800,139100,196900
70828436018,2019,0,0,0
81032316152,2019,21000,157000,178000
60902203087,2019,319000,371800,690800
81019303172,2019,63700,285100,348800
71005319118,2019,109100,309500,418600
81027208033,2019,53100,153900,207000
70836204126,2019,71000,186900,257900
71010308164,2019,53600,141700,195300
70826417515,2019,21500,119500,141000
70822107194,2019,50300,174700,225000
70923149293,2019,7300,14700,22000
70913347526,2019,2500,12500,15000
60811413131,2019,86900,228200,315100
70834304093,2019,122100,317500,439600
71035207490,2019,43900,198100,242000
71015109020,2019,62400,214600,277000
70827103014,2019,594000,4535000,5129000
70919221120,2019,103200,233400,336600
60812329105,2019,13400,160400,173800
81026358160,2019,100,0,100
80924438115,2019,13300,230600,243900
60802312029,2019,103100,275100,378200
70914438275,2019,2200,22800,25000
70936301228,2019,62300,133200,195500
71003105147,2019,53100,205200,258300
70913334044,2019,30600,264100,294700
70932205193,2019,132000,535000,667000
71022202114,2019,658500,2145800,2804300
71007204218,2019,76600,256400,333000
71022303011,2019,34000,167500,201500
70929124570,2019,0,10000,10000
71010301134,2019,55400,133500,188900
71014308095,2019,55600,173600,229200
70920409096,2019,129500,189600,319100
70928111073,2019,122500,371200,493700
81028102060,2019,59000,175500,234500
70918311154,2019,130000,113200,243200
70929124166,2019,0,10000,10000
70919107354,2019,124400,197600,322000
70922229096,2019,195900,454600,650500
71006440871,2019,0,4000,4000
60802419106,2019,80600,184400,265000
70928208143,2019,93000,263200,356200
70814305053,2019,87700,297000,384700
60811435060,2019,96900,202400,299300
60802304365,2019,98800,259700,358500
80924445813,2019,400,3100,3500
70835202296,2019,0,0,0
70918303292,2019,74200,99400,173600
71007204119,2019,70800,298300,369100
71006319042,2019,0,0,0
70921115030,2019,108300,301500,409800
70932102183,2019,130900,331500,462400
71015107032,2019,61300,157000,218300
71009312077,2019,69200,147600,216800
71016401269,2019,75000,312800,387800
80924428017,2019,11400,187800,199200
80925410138,2019,66000,225100,291100
80924416096,2019,8600,138800,147400
70826421798,2019,0,4000,4000
80925304224,2019,73900,216600,290500
70929428013,2019,144900,285200,430100
71016113054,2019,55200,115400,170600
70922212140,2019,200400,676900,877300
70918303177,2019,71700,102500,174200
71002421122,2019,69100,203000,272100
81031224348,2019,49500,113800,163300
80925125042,2019,12900,263800,276700
70834426037,2019,29000,135300,164300
70814428053,2019,15200,172400,187600
70923408433,2019,174700,100700,275400
70833302494,2019,188100,481500,669600
71011119065,2019,51500,235200,286700
70918410229,2019,139300,192800,332100
71001309139,2019,57900,161300,219200
70913403021,2019,85000,295000,380000
70826315454,2019,36900,240500,277400
70923113040,2019,102000,224000,326000
81021303368,2019,44300,152800,197100
71009211063,2019,56100,133300,189400
70923203205,2019,193200,821700,1014900
70923173797,2019,3300,5900,9200
71014106150,2019,12500,161300,173800
70826421847,2019,0,4000,4000
71005233011,2019,81300,152700,234000
81026204058,2019,4000,0,4000
81031222235,2019,38100,131600,169700
70923174026,2019,3300,11700,15000
80925104468,2019,60300,175500,235800
81034316241,2019,24300,125700,150000
70913205112,2019,98800,173700,272500
70835124325,2019,500,1500,2000
70824102308,2019,114700,358000,472700
70836405435,2019,67000,140600,207600
70921412048,2019,150000,404200,554200
81014303416,2019,11300,0,11300
71006437084,2019,0,0,0
70834412052,2019,0,0,0
60801414066,2019,74900,239300,314200
70932103199,2019,101100,199600,300700
71006425162,2019,0,0,0
80924440805,2019,400,1600,2000
80924428942,2019,400,1600,2000
70922231215,2019,185300,892500,1077800
70901103146,2019,51000,167600,218600
60811304041,2019,85800,282300,368100
70834309176,2019,29000,0,29000
81015101041,2019,1547900,27464400,29012300
60901203111,2019,61800,177200,239000
71010406017,2019,56400,173100,229500
71014301065,2019,54700,165100,219800
71014102083,2019,77400,282600,360000
71015115176,2019,53000,185300,238300
70926202022,2019,182200,258800,441000
70918401319,2019,510300,699600,1209900
81031214068,2019,38500,122500,161000
81034205345,2019,67100,186900,254000
60811407051,2019,80600,213900,294500
70814303122,2019,87700,322600,410300
60905201038,2019,0,0,0
80924441861,2019,400,1600,2000
70918407036,2019,141300,70800,212100
80936411068,2019,69600,162100,231700
70932101086,2019,133700,245900,379600
70926215017,2019,85500,227800,313300
71006202099,2019,143000,960000,1103000
60801107059,2019,65000,159900,224900
71015118295,2019,49000,223000,272000
70935400998,2019,550000,819000,1369000
81033205148,2019,45000,141400,186400
70922439249,2019,88300,262100,350400
71006407152,2019,62900,244700,307600
70914437186,2019,1100,5900,7000
70914437673,2019,1100,5900,7000
71035114033,2019,66900,192800,259700
80924412721,2019,400,1600,2000
71010211185,2019,54000,179300,233300
71006103057,2019,58300,123700,182000
70912426058,2019,9000,91300,100300
71006309126,2019,66500,181000,247500
70920124090,2019,15200,112100,127300
70918201107,2019,146000,309700,455700
71006104112,2019,35300,141500,176800
71003311322,2019,52600,159400,212000
60812118152,2019,20500,159500,180000
60802313168,2019,94200,255800,350000
70922207133,2019,63000,447000,510000
70813106220,2019,97300,223300,320600
70928105373,2019,91900,358000,449900
70912419037,2019,9000,94700,103700
70913207168,2019,87800,266100,353900
70920213231,2019,117200,175500,292700
70820109267,2019,100,0,100
71014108198,2019,10700,164300,175000
70920221052,2019,0,2300,2300
80936405178,2019,75100,198500,273600
71012220100,2019,19300,160400,179700
71005205200,2019,86200,121700,207900
70836213523,2019,11600,118400,130000
70928318017,2019,167300,570300,737600
70923413284,2019,1700,16300,18000
70833118271,2019,62100,341300,403400
70932117091,2019,144900,396600,541500
70923125053,2019,88300,306400,394700
71021401064,2019,308000,1404000,1712000
60801311014,2019,67300,169700,237000
71003204113,2019,53100,176000,229100
70834301073,2019,170000,470600,640600
70922233138,2019,115400,294300,409700
70930405042,2019,800000,5713000,6513000
71010204106,2019,59300,155500,214800
60803109029,2019,98300,196300,294600
60812305080,2019,71700,234800,306500
71002418541,2019,100,0,100
70913111195,2019,151700,279700,431400
71035113077,2019,70200,322600,392800
71035205056,2019,66900,194100,261000
71004406049,2019,46800,188200,235000
70918321533,2019,0,2000,2000
80925120927,2019,800,1200,2000
60812114043,2019,80100,183100,263200
81028118380,2019,8700,64800,73500
70920418261,2019,148600,140800,289400
71010305128,2019,56400,146400,202800
70929415086,2019,82100,199100,281200
71014215703,2019,7800,132400,140200
81034309014,2019,0,0,0
80935102212,2019,59500,146100,205600
81026354100,2019,61300,161000,222300
70923170660,2019,2300,300,2600
70822105073,2019,116400,252100,368500
70932409042,2019,78800,330500,409300
71034102162,2019,63900,231000,294900
70920308165,2019,91800,225600,317400
70828437040,2019,0,0,0
70834204128,2019,81800,233200,315000
80925215075,2019,55700,129300,185000
70929216088,2019,88300,198000,286300
71011206044,2019,43700,222300,266000
71006210018,2019,35000,210000,245000
60811416086,2019,81400,190200,271600
70921128124,2019,36900,281100,318000
71004318070,2019,57200,193500,250700
70824301166,2019,88100,239400,327500
70922216150,2019,193900,658700,852600
71006440045,2019,18700,151300,170000
70931202439,2019,75900,146500,222400
70836302053,2019,64500,137100,201600
70901109269,2019,39200,137800,177000
70828316210,2019,100,0,100
71011211043,2019,54300,233300,287600
70928205066,2019,122100,221300,343400
70931414117,2019,86000,232700,318700
60801208104,2019,71000,299000,370000
81027109033,2019,36700,110500,147200
80924431010,2019,9900,188000,197900
70912405177,2019,103900,265000,368900
71010209255,2019,62300,225900,288200
70914418128,2019,92400,287100,379500
81028403096,2019,61400,131400,192800
70922418136,2019,77500,167800,245300
60801212139,2019,80100,166500,246600
70836109243,2019,89900,0,89900
60802304290,2019,90100,201500,291600
81021302493,2019,44600,187900,232500
81026420026,2019,100,0,100
70921213298,2019,68500,315900,384400
70821213041,2019,115500,340500,456000
81026421040,2019,3400,0,3400
71015116265,2019,47000,186000,233000
80925411144,2019,63800,237300,301100
71016106033,2019,63300,186700,250000
70901113773,2019,17700,97200,114900
70923150521,2019,41200,307800,349000
70929204158,2019,115500,202200,317700
70834408051,2019,308000,2452000,2760000
81022401046,2019,848500,1351500,2200000
81032306062,2019,35000,340000,375000
80924309069,2019,71500,245700,317200
60812202096,2019,83300,178400,261700
81034202052,2019,70000,229200,299200
70825202082,2019,297000,301000,598000
70914410223,2019,649000,805600,1454600
70921409061,2019,179400,292300,471700
70914419027,2019,143800,674200,818000
70833202058,2019,100800,212200,313000
60811412068,2019,75600,162000,237600
60906203108,2019,57600,157400,215000
70822104017,2019,134100,216900,351000
70918305181,2019,74800,155200,230000
70913350339,2019,0,15000,15000
81034323030,2019,29100,112400,141500
81033207037,2019,45600,113400,159000
70922111061,2019,106000,277200,383200
70929111098,2019,100000,252500,352500
70816305118,2019,162900,358000,520900
70918313051,2019,293600,136400,430000
70923174050,2019,3300,11700,15000
70918105060,2019,132700,169300,302000
70828301237,2019,1100,0,1100
81034103151,2019,67000,177400,244400
80926113137,2019,58600,137400,196000
70828443039,2019,0,0,0
70835210033,2019,85900,211300,297200
71005110053,2019,48100,134700,182800
70826417359,2019,21500,118500,140000
70932410122,2019,79800,180300,260100
70828108039,2019,93200,210700,303900
80925101034,2019,53200,175800,229000
70923166304,2019,97900,616800,714700
81032318017,2019,15800,179200,195000
70836405310,2019,69000,159000,228000
70932410130,2019,74000,141000,215000
71011410108,2019,0,0,0
60802304117,2019,110900,232900,343800
70931103190,2019,110100,147900,258000
60801211165,2019,0,0,0
71015404016,2019,84000,341000,425000
80925110267,2019,54000,145500,199500
70922317122,2019,106300,273400,379700
70816408293,2019,169200,441800,611000
70922433233,2019,49800,285000,334800
71009315055,2019,68800,206200,275000
60811425029,2019,106500,215900,322400
70932202214,2019,113200,272000,385200
70928314065,2019,145500,497700,643200
70912438061,2019,9000,99300,108300
81015105184,2019,57600,189200,246800
80924435070,2019,13300,187700,201000
70929415242,2019,94200,183900,278100
70822111137,2019,84300,227400,311700
70928225030,2019,108200,224700,332900
60812307177,2019,80500,225400,305900
80924423041,2019,9900,170700,180600
60801104063,2019,0,0,0
71012214088,2019,19400,178100,197500
60804203028,2019,74900,253700,328600
71035116055,2019,64900,279900,344800
60801113262,2019,59500,149700,209200
70923141489,2019,200,2100,2300
81022301064,2019,88000,297000,385000
70919404164,2019,103600,192000,295600
70919107057,2019,112700,119300,232000
71010402065,2019,76000,140200,216200
80935104268,2019,65300,181300,246600
60902206023,2019,61000,274000,335000
60802412168,2019,75400,226600,302000
70930408054,2019,79700,160600,240300
60811304067,2019,0,0,0
71005222171,2019,63800,329800,393600
70932210910,2019,0,5000,5000
71010402081,2019,53400,147900,201300
70824410305,2019,107400,218300,325700
71003407163,2019,50500,179400,229900
60901201206,2019,63700,160300,224000
70815307058,2019,164700,370700,535400
70923174216,2019,3300,11700,15000
70921418070,2019,113300,372600,485900
71006107231,2019,54100,145100,199200
60811304439,2019,84400,198400,282800
70836213317,2019,11600,117300,128900
81021407178,2019,60100,199100,259200
81027105049,2019,36700,119300,156000
71009110017,2019,75500,410500,486000
70913340893,2019,1800,13200,15000
71005403127,2019,63100,176400,239500
70918412134,2019,112600,145300,257900
70912440040,2019,9000,91300,100300
81030317300,2019,56000,124000,180000
80925205175,2019,55700,116400,172100
70918320163,2019,20500,72800,93300
70913109207,2019,76000,129900,205900
70835108220,2019,150900,312400,463300
70836119078,2019,71700,187100,258800
71002311050,2019,62600,274000,336600
70826410246,2019,0,0,0
71015214134,2019,23000,255100,278100
81032426042,2019,43000,312000,355000
70913414218,2019,94000,272800,366800
71002107029,2019,9500,153300,162800
70928109177,2019,109100,308000,417100
80924423968,2019,400,1600,2000
71006406063,2019,68000,268500,336500
80925117718,2019,800,1200,2000
60803109079,2019,330000,3650000,3980000
70920126129,2019,17900,237700,255600
70826420857,2019,0,4000,4000
70913119397,2019,95700,0,95700
70835124721,2019,500,1500,2000
70834427986,2019,0,5000,5000
71020304045,2019,449200,2256000,2705200
70919412282,2019,55200,189800,245000
70920214213,2019,15300,227700,243000
71007107131,2019,98100,274900,373000
71010105205,2019,59300,185100,244400
60904108251,2019,92900,213100,306000
70914403046,2019,203200,254600,457800
71016202120,2019,0,0,0
71015207171,2019,74200,180000,254200
70914407139,2019,235000,1114000,1349000
70836208269,2019,30700,149300,180000
70913436014,2019,318100,6615900,6934000
70913111020,2019,100600,137000,237600
70913215070,2019,0,0,0
71014306205,2019,57100,198000,255100
71030208162,2019,87600,212300,299900
60801304093,2019,72500,141500,214000
70816322401,2019,17300,224300,241600
71015106274,2019,61100,156800,217900
70926111025,2019,77400,256400,333800
60906111129,2019,72100,175400,247500
70928304066,2019,102800,192200,295000
70834216199,2019,0,0,0
71010106162,2019,51200,183300,234500
70833409068,2019,46200,201300,247500
70816407055,2019,162200,392300,554500
70836408108,2019,57800,136400,194200
70921317222,2019,0,0,0
60802409115,2019,64000,185100,249100
81030206058,2019,55400,115300,170700
70929402249,2019,90200,194800,285000
70913331199,2019,1601700,5768800,7370500
80926203954,2019,71400,185200,256600
70816320083,2019,192900,519500,712400
70920220111,2019,0,2300,2300
70935113038,2019,44000,359000,403000
71016201164,2019,69500,235500,305000
70901107180,2019,51000,119500,170500
60812407084,2019,79200,201400,280600
80925219217,2019,55600,126900,182500
60801112107,2019,62300,181700,244000
70821404179,2019,114200,350400,464600
71007202105,2019,108400,378200,486600
71002314187,2019,5000,0,5000
70822105065,2019,112000,282400,394400
81034107400,2019,64900,178300,243200
70921114016,2019,124400,363600,488000
71005336021,2019,52000,593000,645000
60811108021,2019,104400,298900,403300
60802413413,2019,59100,178200,237300
70920308313,2019,99200,303300,402500
70923166106,2019,66700,324800,391500
60802410055,2019,66300,171900,238200
81034208042,2019,25000,113200,138200
70923144251,2019,8000,7000,15000
70920220616,2019,0,5600,5600
71019411405,2019,9000,67200,76200
80924430062,2019,11800,198000,209800
70921115064,2019,124400,333800,458200
70914407121,2019,113000,311000,424000
71015405072,2019,0,0,0
80925108238,2019,54300,119800,174100
70923309029,2019,96200,235300,331500
70935306047,2019,231000,465500,696500
70920404137,2019,105300,144700,250000
60801116175,2019,66100,147000,213100
80925211015,2019,53100,135500,188600
70914435099,2019,0,0,0
80924410030,2019,8000,128000,136000
71030206041,2019,75000,120000,195000
80927402109,2019,72200,65400,137600
71022305257,2019,673000,26144700,26817700
70926216031,2019,99600,194700,294300
71015103022,2019,67900,201100,269000
71010412113,2019,54000,177000,231000
71007303169,2019,111300,178900,290200
80936114084,2019,14900,96600,111500
80924434684,2019,400,1600,2000
71009214405,2019,62700,120200,182900
70923149318,2019,7300,14700,22000
70923163491,2019,44900,345100,390000
70813404129,2019,112600,177400,290000
70826211462,2019,13700,63200,76900
81034327058,2019,11300,72700,84000
81034406141,2019,62600,226400,289000
81014303317,2019,11300,0,11300
70829103020,2019,52100,237800,289900
60812317027,2019,76200,234800,311000
71006421087,2019,62600,211300,273900
71009215164,2019,47300,128400,175700
71001103052,2019,64800,230700,295500
70923138080,2019,29300,276800,306100
80924439890,2019,400,1600,2000
70922346197,2019,0,15000,15000
71010304039,2019,54600,133200,187800
70814428045,2019,15200,179300,194500
60811112246,2019,113700,303600,417300
70826307063,2019,112800,236900,349700
70935112098,2019,51900,111600,163500
81019300962,2019,69700,135900,205600
70926413017,2019,46300,84800,131100
60801225504,2019,15000,135300,150300
71002107160,2019,9500,109800,119300
71005108082,2019,52800,100400,153200
70918407078,2019,172700,224400,397100
71002437195,2019,35500,239500,275000
70821202185,2019,158000,218000,376000
70931305142,2019,99000,168500,267500
70835205042,2019,87800,250700,338500
70913314301,2019,58600,405000,463600
70826211553,2019,18300,68500,86800
70821210021,2019,133900,342400,476300
70920126103,2019,20600,291700,312300
80925212261,2019,53500,150300,203800
70922438423,2019,109000,223200,332200
70826402029,2019,3273000,6527000,9800000
70926215059,2019,93900,356100,450000
70931415016,2019,70300,150800,221100
70923156157,2019,3300,11700,15000
71003305317,2019,53000,146700,199700
70929403073,2019,76600,198300,274900
71007306163,2019,343500,191300,534800
71002443085,2019,100,0,100
60811103427,2019,105100,258800,363900
70814403310,2019,108000,295200,403200
71009217300,2019,11700,0,11700
60804209042,2019,104000,288900,392900
70914439356,2019,1000,8600,9600
70821405052,2019,89300,354600,443900
60802111033,2019,86200,214500,300700
70929419377,2019,88600,224300,312900
70928106149,2019,108200,375800,484000
60804206022,2019,79000,295900,374900
60905105024,2019,49100,129100,178200
71006438016,2019,0,0,0
60802404107,2019,67500,194400,261900
71003301266,2019,51800,173400,225200
71005409125,2019,41800,164000,205800
71003320117,2019,48000,134800,182800
71034102245,2019,46700,216500,263200
81028404234,2019,1128500,585000,1713500
80926306146,2019,65800,213500,279300
80925108072,2019,51800,159600,211400
71003301125,2019,64600,162200,226800
60801411210,2019,73400,209300,282700
70828302011,2019,1160000,11470000,12630000
71016112337,2019,57500,102900,160400
80925414271,2019,66100,148900,215000
70823207191,2019,18100,325100,343200
70934309050,2019,15700,102300,118000
81019303114,2019,58500,190200,248700
70913310127,2019,96500,81300,177800
70913311323,2019,82000,108000,190000
71003406157,2019,0,0,0
70929421140,2019,139900,286800,426700
70823211316,2019,86100,270400,356500
70836105308,2019,73500,163300,236800
70815306282,2019,191900,405500,597400
70914420206,2019,257000,962000,1219000
80936406093,2019,74300,344000,418300
71014203352,2019,62900,202100,265000
80924420021,2019,9600,168900,178500
70921313098,2019,124500,170900,295400
71007313093,2019,136300,301100,437400
70825209054,2019,13000,35000,48000
70932115110,2019,186100,496600,682700
71010415232,2019,77700,212200,289900
81026352089,2019,41100,202800,243900
80924419785,2019,400,1600,2000
71005403169,2019,44400,166600,211000
70920110205,2019,0,0,0
70914424141,2019,1129000,279000,1408000
71021109048,2019,61000,122600,183600
60811107031,2019,103300,272900,376200
70913348318,2019,4000,208000,212000
70919413115,2019,109700,301700,411400
70929124372,2019,0,10000,10000
70824211109,2019,114900,249800,364700
70826406261,2019,70600,174100,244700
71006305223,2019,106200,161700,267900
71012208073,2019,59400,188200,247600
60811107073,2019,107900,245000,352900
81026358136,2019,100,0,100
81028103191,2019,58600,137800,196400
81028401032,2019,53800,164700,218500
80924446051,2019,143900,0,143900
70936301244,2019,62300,153900,216200
70923103059,2019,154000,366000,520000
60812121139,2019,81800,242200,324000
71005405107,2019,41400,68600,110000
70922433241,2019,49800,206600,256400
70929425093,2019,92900,206400,299300
70834415197,2019,24000,186900,210900
80925412241,2019,49900,138100,188000
70814202176,2019,106300,297500,403800
70921108019,2019,0,0,0
70923146059,2019,8000,7000,15000
60801207065,2019,70000,176100,246100
70918105052,2019,127900,234700,362600
81015108097,2019,58600,202900,261500
70920216045,2019,10300,254700,265000
70913317040,2019,184300,125900,310200
81032424070,2019,31700,135100,166800
70913345059,2019,73600,87400,161000
70913106021,2019,81600,63300,144900
70835203020,2019,98700,372000,470700
71010207100,2019,53600,179600,233200
70835203012,2019,124600,375900,500500
81019310010,2019,62900,167600,230500
70821403163,2019,102400,341200,443600
70829415079,2019,9500,0,9500
71003204022,2019,53100,246900,300000
80924437951,2019,400,1600,2000
71002439117,2019,43200,237200,280400
70926117106,2019,188500,345700,534200
70929402257,2019,72200,236000,308200
60801302245,2019,70100,168900,239000
70834427994,2019,0,5000,5000
81026344052,2019,4300,0,4300
70913434357,2019,0,18000,18000
80924413919,2019,400,1600,2000
70901107015,2019,51000,145500,196500
60812335011,2019,0,0,0
70929405102,2019,88600,299400,388000
81028101062,2019,59000,122200,181200
81033300849,2019,1410100,1775900,3186000
60801303227,2019,81200,149400,230600
71010113117,2019,49000,169500,218500
60804205149,2019,94900,277100,372000
71010108134,2019,58000,205200,263200
60801111216,2019,70200,138700,208900
60801213070,2019,75800,157200,233000
71011120301,2019,39200,252700,291900
70834204102,2019,81800,239200,321000
70828118179,2019,29800,231200,261000
70926101125,2019,80000,239000,319000
70823205252,2019,18100,241100,259200
70826312038,2019,67400,216600,284000
71003305127,2019,49300,151600,200900
60811408083,2019,75200,178900,254100
70928103153,2019,132000,728000,860000
70836306170,2019,77000,323000,400000
70913302116,2019,0,0,0
60801223029,2019,16900,179000,195900
70825104105,2019,836000,739000,1575000
80926110753,2019,63200,114400,177600
70932105236,2019,84700,188200,272900
71002310177,2019,50800,221900,272700
70923149102,2019,7300,9700,17000
71016202097,2019,0,0,0
70913119058,2019,100500,91900,192400
60905112102,2019,45000,145000,190000
70928216138,2019,97200,208300,305500
71010415159,2019,73900,224300,298200
70919110018,2019,132000,146900,278900
70828405071,2019,0,0,0
80925303284,2019,56100,163100,219200
71015201363,2019,77600,243200,320800
70821405036,2019,88300,308900,397200
70923230076,2019,1294000,0,1294000
70824411204,2019,167900,218400,386300
70920417049,2019,93700,205900,299600
70919308069,2019,105300,168100,273400
71001317083,2019,66900,264300,331200
71009222226,2019,40700,169900,210600
70836307201,2019,66000,146100,212100
70931411171,2019,99000,179000,278000
70921414193,2019,158500,517900,676400
70923134137,2019,87500,405500,493000
70913113290,2019,77000,182900,259900
70926409165,2019,44000,211000,255000
70834207156,2019,78400,217000,295400
60901203187,2019,58500,148200,206700
71007204242,2019,61300,266700,328000
60811439137,2019,20000,183300,203300
71030202180,2019,324300,447500,771800
80924442877,2019,400,1600,2000
70825401048,2019,473000,417000,890000
71003416180,2019,53900,193500,247400
70825202066,2019,473000,277000,750000
71014204079,2019,54900,205000,259900
70835120042,2019,16100,72400,88500
60801212353,2019,67500,199800,267300
71011410017,2019,90800,297600,388400
70826310082,2019,102400,382100,484500
70922313055,2019,117600,297300,414900
70833205557,2019,29500,273200,302700
71005316156,2019,53300,175100,228400
70922345165,2019,95500,326000,421500
70814101089,2019,100200,260500,360700
70816306124,2019,139500,409800,549300
70923404184,2019,525400,903500,1428900
81023207146,2019,33600,155800,189400
70929207011,2019,76800,177400,254200
71021214053,2019,59400,146400,205800
70922237073,2019,196200,497700,693900
71006305447,2019,59200,198600,257800
70931301059,2019,110700,136400,247100
70921210111,2019,71900,257700,329600
71015110241,2019,43200,165300,208500
70932415073,2019,53000,118600,171600
70922345404,2019,95500,317000,412500
60812103096,2019,0,0,0
81028409151,2019,1351000,8843000,10194000
60801404025,2019,88400,223200,311600
71016401011,2019,59000,227000,286000
70921401158,2019,144600,284200,428800
81021103049,2019,65400,199500,264900
70823112142,2019,85500,300100,385600
71030214101,2019,81000,0,81000
70822414680,2019,15800,122700,138500
80925118849,2019,800,1200,2000
71021111077,2019,63900,155300,219200
70918302187,2019,71700,143900,215600
70823110998,2019,0,0,0
70913331066,2019,528000,5116000,5644000
70919407184,2019,110200,266300,376500
71009104101,2019,54100,142600,196700
70836216428,2019,5500,98100,103600
70912407074,2019,151200,298400,449600
70935102114,2019,45900,85200,131100
70923160489,2019,8000,7000,15000
71015405048,2019,41100,185000,226100
70919411028,2019,108200,235900,344100
80936200891,2019,0,0,0
70923167063,2019,6500,18500,25000
70928315245,2019,100200,228300,328500
70836114044,2019,82300,276600,358900
60812330384,2019,0,5000,5000
70821214073,2019,100,0,100
71006403134,2019,57800,222200,280000
70920412164,2019,134200,224100,358300
70920412213,2019,141100,300700,441800
71015111182,2019,46200,177100,223300
71007215075,2019,151400,75400,226800
71007207064,2019,88600,248800,337400
70833301149,2019,116700,267100,383800
70929123978,2019,0,1000,1000
71003214162,2019,53100,154800,207900
80926103188,2019,51300,156900,208200
71014203039,2019,55700,191000,246700
70933204194,2019,178600,509900,688500
70821216079,2019,0,0,0
70815308048,2019,168800,292000,460800
70919105168,2019,108900,271500,380400
70922415025,2019,141900,149200,291100
70921406108,2019,179400,509600,689000
70935302152,2019,391000,141900,532900
70823107250,2019,89400,213400,302800
80925412142,2019,62100,139200,201300
70928115124,2019,0,0,0
70913433234,2019,7400,179000,186400
70923165025,2019,85200,238800,324000
60801316345,2019,24000,134600,158600
80924402152,2019,7100,119400,126500
70823203066,2019,123500,295000,418500
60903210099,2019,19200,104500,123700
70922425090,2019,110800,315800,426600
70928308026,2019,87500,234500,322000
70914430023,2019,22900,314100,337000
70835113170,2019,105500,284000,389500
71034102196,2019,51800,205700,257500
80935106917,2019,72500,169000,241500
70923168459,2019,6500,18500,25000
71011403012,2019,93100,236100,329200
70920410449,2019,127600,154600,282200
70920219354,2019,0,0,0
70920127036,2019,15200,158500,173700
70913350587,2019,0,15000,15000
71016114250,2019,51200,131700,182900
70932117017,2019,179500,434300,613800
70921205047,2019,71900,158700,230600
60812114051,2019,74700,180800,255500
80924101192,2019,90500,331400,421900
71003107226,2019,53100,188000,241100
60801316387,2019,24000,128300,152300
70929101015,2019,76900,186100,263000
70931405041,2019,96400,218600,315000
81028118083,2019,10100,90200,100300
70922222082,2019,105600,193000,298600
80924420154,2019,9600,176300,185900
70923142180,2019,44900,334600,379500
81015108287,2019,86400,151300,237700
70829104078,2019,51000,296900,347900
70826309225,2019,104900,335100,440000
70918411251,2019,130600,147300,277900
71030204045,2019,98100,90400,188500
70826420617,2019,0,4000,4000
70913102045,2019,80900,182400,263300
70931212131,2019,74700,142300,217000
71006418084,2019,69400,285400,354800
70823401107,2019,33300,219500,252800
71005406220,2019,47400,148500,195900
70920305377,2019,97900,242400,340300
70935307558,2019,4900,55100,60000
60811116214,2019,18800,211700,230500
70823310225,2019,13100,142200,155300
60801401104,2019,74900,189800,264700
70931414034,2019,85100,234500,319600
80924436870,2019,400,1600,2000
70835201024,2019,168300,417400,585700
71009313075,2019,106400,198500,304900
70824310240,2019,14100,133700,147800
71010405035,2019,77600,169400,247000
70823404101,2019,50400,160100,210500
70813309311,2019,97200,233800,331000
71031100995,2019,121000,162000,283000
70923170454,2019,1500,300,1800
70829108088,2019,88700,217000,305700
70929410060,2019,86700,203100,289800
81032101024,2019,59000,252200,311200
70823407171,2019,43200,255600,298800
70922227058,2019,215400,417200,632600
60801201124,2019,72900,232100,305000
71004315109,2019,54700,162100,216800
81032424012,2019,31600,109900,141500
70932110136,2019,128300,256700,385000
70923141596,2019,200,3000,3200
70922431112,2019,58800,181900,240700
71007203070,2019,69500,387400,456900
70918215041,2019,68700,181700,250400
70833410239,2019,44700,446300,491000
70824106095,2019,128800,254800,383600
60811420136,2019,16000,179100,195100
70930108050,2019,0,0,0
70922208107,2019,135000,244800,379800
70919110266,2019,180800,152200,333000
70919211113,2019,95500,159600,255100
71014106431,2019,12500,171600,184100
71011121119,2019,34300,221300,255600
71007209044,2019,55800,161200,217000
71002410175,2019,100,0,100
70923175256,2019,3300,11700,15000
71002302075,2019,95000,0,95000
71004312080,2019,58200,122800,181000
81019302116,2019,58700,153300,212000
71014203261,2019,60300,207100,267400
81032432023,2019,26500,77500,104000
60903203052,2019,80800,174200,255000
81032416027,2019,33200,124600,157800
81021301320,2019,57800,159600,217400
71030210117,2019,79600,130100,209700
70923150018,2019,6000,70900,76900
71010301407,2019,65200,165700,230900
70913436048,2019,49400,1026600,1076000
70833118081,2019,91300,250900,342200
81033300948,2019,785000,1404700,2189700
70815308379,2019,164000,352800,516800
70929308257,2019,101600,309700,411300
71007226197,2019,89600,125500,215100
71003106260,2019,56100,194600,250700
70914438556,2019,2200,22800,25000
71005108214,2019,50600,143800,194400
70918217039,2019,67500,204100,271600
80924431903,2019,400,1600,2000
81010300995,2019,11600,0,11600
71005401262,2019,55100,104500,159600
70913340059,2019,26400,121600,148000
71003203173,2019,54300,174300,228600
80924101043,2019,79500,280100,359600
70913406348,2019,66400,362000,428400
70918410112,2019,145400,285900,431300
70921117028,2019,117000,321000,438000
70826417193,2019,21500,139400,160900
71001111021,2019,43600,161400,205000
70813318180,2019,0,0,0
60811110042,2019,103300,248800,352100
71003303204,2019,51900,164600,216500
71007111223,2019,87900,199300,287200
70835301147,2019,130500,335900,466400
80924408100,2019,8000,132200,140200
70921205146,2019,67900,202600,270500
70918410047,2019,148200,200700,348900
70823413467,2019,25100,260800,285900
70835201090,2019,152900,386500,539400
60812110215,2019,78800,222300,301100
70834308227,2019,48200,408300,456500
80924410866,2019,400,1600,2000
70920216251,2019,9200,224000,233200
70930402048,2019,71600,206300,277900
60811112262,2019,102800,180500,283300
71005326080,2019,101700,239300,341000
80924424023,2019,11000,177000,188000
70913344192,2019,28800,301200,330000
81035114066,2019,100,0,100
80924308144,2019,65300,207500,272800
70823212207,2019,68100,187700,255800
71007305298,2019,120300,276600,396900
70920112160,2019,119100,192900,312000
70931102019,2019,140600,174000,314600
71009216146,2019,45900,131700,177600
60801308251,2019,70600,147300,217900
60801301031,2019,76900,151100,228000
60801122031,2019,65800,159800,225600
70914442078,2019,107800,2492200,2600000
70913122043,2019,0,0,0
70919402085,2019,115500,334500,450000
71006310082,2019,71100,198300,269400
71011108620,2019,30000,240900,270900
60801409033,2019,72200,162600,234800
70836401045,2019,68800,163900,232700
70828412042,2019,0,0,0
70914416099,2019,174000,993000,1167000
60812405195,2019,81200,178100,259300
71015110259,2019,41900,191000,232900
70928217011,2019,0,0,0
70928209224,2019,97800,214700,312500
71003102078,2019,53100,208900,262000
80925308218,2019,69500,85300,154800
81030306030,2019,52800,185600,238400
71011404028,2019,80700,268400,349100
70836304190,2019,73600,154400,228000
70834103049,2019,131400,460600,592000
71003218122,2019,11800,80900,92700
70823314251,2019,167100,469400,636500
81032403256,2019,41400,127100,168500
81009303132,2019,0,0,0
80924404819,2019,400,1600,2000
60802303177,2019,88300,245100,333400
70814207176,2019,88600,217400,306000
70922321264,2019,145800,176200,322000
60801308061,2019,70400,152100,222500
80926202063,2019,45100,182100,227200
71011211142,2019,54300,230700,285000
70923170892,2019,2100,400,2500
60801233028,2019,30000,106000,136000
70914406032,2019,294200,329400,623600
71027403030,2019,92000,633000,725000
70920106288,2019,130800,180900,311700
81034202242,2019,66900,258900,325800
70921308015,2019,106500,156000,262500
80925219043,2019,60800,110500,171300
71001407032,2019,57200,185600,242800
80935103111,2019,70600,129100,199700
70920220624,2019,0,6900,6900
71009308167,2019,68800,141800,210600
81034310136,2019,82000,423000,505000
70836105209,2019,70800,218200,289000
81033410127,2019,20000,110000,130000
80926106108,2019,53200,140900,194100
70932424214,2019,45800,84800,130600
70820115090,2019,119500,0,119500
70918207022,2019,119500,87600,207100
70813304303,2019,86600,293400,380000
60801211115,2019,64700,163400,228100
70913309162,2019,62800,133100,195900
60803119309,2019,66600,346800,413400
70921121087,2019,129100,278800,407900
71015111223,2019,47600,172700,220300
70826100780,2019,538000,617000,1155000
70920411215,2019,162300,0,162300
60811424112,2019,99900,235400,335300
70929402083,2019,99900,225100,325000
81028118273,2019,8700,61200,69900
71014302055,2019,62600,204600,267200
81028105147,2019,60300,124900,185200
70826406162,2019,70500,173300,243800
60802305529,2019,13800,198700,212500
80927401036,2019,0,0,0
71003403038,2019,51000,199600,250600
60802312318,2019,98400,288700,387100
81023310197,2019,35600,113600,149200
70931401180,2019,104500,126000,230500
71015117213,2019,49700,191200,240900
70834308623,2019,24500,0,24500
70923142528,2019,44900,308500,353400
70826409067,2019,68000,154900,222900
70919410088,2019,106200,237500,343700
70836106166,2019,70900,159000,229900
71034110066,2019,14200,122700,136900
70823205369,2019,18100,214500,232600
70923146653,2019,8000,7000,15000
71019404054,2019,91900,124500,216400
70918202048,2019,679000,355300,1034300
80925406038,2019,62100,173000,235100
70816301041,2019,166700,612100,778800
80926107031,2019,53400,132200,185600
71007229191,2019,92400,257100,349500
71006110250,2019,71100,151500,222600
70931102051,2019,150300,166000,316300
70913350131,2019,0,8000,8000
80925103262,2019,52800,155100,207900
71002303114,2019,31800,208000,239800
60904101057,2019,87200,204800,292000
70824309053,2019,13500,128300,141800
80936202201,2019,50400,81900,132300
60812207088,2019,79200,206700,285900
71010204172,2019,53700,187400,241100
70920309014,2019,0,0,0
71009226070,2019,62000,0,62000
71009108046,2019,46100,140700,186800
70923149037,2019,7300,200,7500
60801408077,2019,72900,215700,288600
70835208153,2019,78200,206400,284600
70923144144,2019,8000,7000,15000
71006204128,2019,59700,133400,193100
70922436013,2019,120400,167200,287600
70823311116,2019,11700,138100,149800
71006310090,2019,69200,212300,281500
71006130232,2019,40700,168300,209000
71006108263,2019,29000,181000,210000
71011307090,2019,58000,281500,339500
70918313077,2019,288400,237000,525400
80924423033,2019,10500,171200,181700
70822414086,2019,11800,105000,116800
70826313151,2019,72800,257300,330100
70816313129,2019,146000,0,146000
71007316063,2019,43000,241000,284000
71009226038,2019,62000,0,62000
70921124031,2019,121400,225700,347100
71015211164,2019,82300,268500,350800
81026361048,2019,100,0,100
70913349241,2019,25000,148800,173800
81028120864,2019,0,5000,5000
81028101153,2019,57400,152800,210200
70936305428,2019,59500,162500,222000
70922424092,2019,0,0,0
81034408288,2019,67400,175100,242500
71005412095,2019,47400,112300,159700
70918319306,2019,20500,110300,130800
70930104165,2019,81400,201600,283000
60906108209,2019,64900,190600,255500
70813320101,2019,14600,98800,113400
70836216444,2019,5500,96000,101500
71003407204,2019,53400,182400,235800
70918410162,2019,116200,253200,369400
71003404060,2019,57600,247700,305300
81032103012,2019,35400,94300,129700
60802303135,2019,89000,233000,322000
80924402889,2019,400,1600,2000
70913101021,2019,0,0,0
70922214021,2019,114300,192000,306300
80925107040,2019,53600,124600,178200
70836216056,2019,5500,95400,100900
70825303012,2019,19500,0,19500
71005333093,2019,99200,274100,373300
70813326159,2019,130500,182200,312700
70919408257,2019,116000,218700,334700
60812103260,2019,81000,190800,271800
70922347054,2019,46000,10000,56000
71015102321,2019,62500,135900,198400
70824216068,2019,112100,172100,284200
70826416236,2019,21500,107500,129000
70919228796,2019,400,2600,3000
71009412017,2019,72800,62200,135000
60801113238,2019,59500,133400,192900
81029100948,2019,0,0,0
71005317047,2019,65300,199700,265000
70829405088,2019,75700,0,75700
70921132026,2019,34000,156000,190000
70901101158,2019,68400,121800,190200
81034405135,2019,70300,352000,422300
70912404145,2019,100400,232400,332800
70932103355,2019,135100,129800,264900
70923159094,2019,8000,7000,15000
71014204095,2019,54800,173200,228000
71013201026,2019,0,0,0
70922317057,2019,193000,316000,509000
60812328579,2019,0,1000,1000
70921415050,2019,94000,291500,385500
71007220230,2019,116100,266400,382500
81031411185,2019,25000,130900,155900
70828302087,2019,15200,0,15200
70835108147,2019,177800,408100,585900
71003216100,2019,92000,303000,395000
71010210161,2019,55100,194800,249900
71027409046,2019,56500,207500,264000
70930407098,2019,77900,248700,326600
70929104126,2019,97200,335000,432200
71016101025,2019,75800,120700,196500
70936311136,2019,60800,178100,238900
70821113019,2019,130200,81800,212000
71006205241,2019,37600,157500,195100
71011207050,2019,39300,205000,244300
71006123253,2019,108800,135000,243800
70921413070,2019,137400,487500,624900
70823404367,2019,34700,184400,219100
70826315313,2019,40300,226400,266700
81034324103,2019,30000,101000,131000
80925202121,2019,56100,132100,188200
70929124140,2019,0,10000,10000
60904100992,2019,0,0,0
70923156115,2019,3300,11700,15000
70824404225,2019,113600,406800,520400
70919110464,2019,136400,148800,285200
80924435046,2019,13300,237600,250900
70824308104,2019,16000,148500,164500
81030317178,2019,84800,113000,197800
70836119044,2019,76500,234900,311400
71004304269,2019,48000,120800,168800
60811437024,2019,92600,185400,278000
60811403025,2019,76200,211900,288100
70922345173,2019,99400,284000,383400
70822406083,2019,0,0,0
81028408088,2019,1570500,5896500,7467000
71007219118,2019,111300,217700,329000
60802402044,2019,69100,176900,246000
70825102068,2019,190000,715000,905000
70914432029,2019,80800,351800,432600
70932405040,2019,77900,125000,202900
70833409109,2019,46200,207800,254000
70921314129,2019,131000,282800,413800
70920105149,2019,120800,271300,392100
70918405022,2019,145400,402500,547900
70927107354,2019,28000,266800,294800
60906201053,2019,65700,153700,219400
60812325278,2019,18900,179000,197900
70923154474,2019,0,7500,7500
70823313071,2019,16300,126100,142400
70918416029,2019,9500,33800,43300
70923126176,2019,134100,622900,757000
81030204169,2019,59500,123300,182800
70921403055,2019,257200,448300,705500
80924424726,2019,400,1600,2000
60801402037,2019,73700,142200,215900
81014303375,2019,11300,0,11300
71007112239,2019,94100,322700,416800
80926203095,2019,73000,301900,374900
70816318046,2019,208000,612600,820600
81031224108,2019,39100,100000,139100
71007304068,2019,95600,290900,386500
71035122060,2019,56300,198300,254600
70922319219,2019,99500,255500,355000
70936309222,2019,60200,157400,217600
70913347758,2019,2500,12500,15000
60802316112,2019,18000,205100,223100
71006102257,2019,44400,147100,191500
80926107180,2019,55200,140300,195500
70920416322,2019,133300,114500,247800
70834415030,2019,24000,189400,213400
71007110217,2019,144300,305700,450000
71010308031,2019,54800,121800,176600
70922436104,2019,207000,390300,597300
71016103154,2019,73700,105400,179100
71003207068,2019,53100,118200,171300
70923201150,2019,75000,103000,178000
80925309042,2019,62800,126200,189000
70930402113,2019,82200,233100,315300
71005214186,2019,0,0,0
70932202199,2019,111400,283100,394500
71014106548,2019,12500,140200,152700
71009226244,2019,62000,0,62000
70923174547,2019,3300,11700,15000
70834103031,2019,117500,0,117500
70835101133,2019,77000,348000,425000
71006308029,2019,67900,118600,186500
80925219134,2019,57100,113200,170300
70928302028,2019,82400,237500,319900
70929309015,2019,97300,187600,284900
70922419019,2019,61300,290700,352000
70913204312,2019,116000,591000,707000
70821408220,2019,107000,367000,474000
70813310508,2019,17000,173000,190000
71009304058,2019,43000,182000,225000
70821114372,2019,61300,244600,305900
71003410033,2019,49000,161600,210600
71009403157,2019,65300,94700,160000
71003214021,2019,53100,162800,215900
70920220286,2019,0,6200,6200
70824401073,2019,119500,243200,362700
80925116124,2019,13500,197400,210900
70923174399,2019,3300,11700,15000
70836109037,2019,69800,182400,252200
71030210216,2019,82100,143900,226000
71015104054,2019,53000,171700,224700
71007238019,2019,0,0,0
70813402561,2019,262700,571300,834000
70920302399,2019,142700,299300,442000
70823108042,2019,79000,212800,291800
60801411179,2019,78500,161300,239800
70926102107,2019,81300,252700,334000
70919411309,2019,110000,293900,403900
71010305186,2019,52100,135100,187200
70919203144,2019,85300,173100,258400
60801401170,2019,73300,204400,277700
70922211019,2019,0,0,0
71021203056,2019,60500,144100,204600
70923168483,2019,6500,18500,25000
60801316262,2019,24000,144500,168500
70926118039,2019,176600,273400,450000
80924409843,2019,400,1600,2000
70923137983,2019,1200,4800,6000
70919223069,2019,101300,143500,244800
70814312264,2019,26100,232100,258200
60802115142,2019,20500,123000,143500
60812201098,2019,76900,175100,252000
81033402190,2019,51400,173900,225300
71014301148,2019,57000,172900,229900
71010212381,2019,56400,207900,264300
71005412160,2019,41800,88100,129900
70929307241,2019,109400,276900,386300
70932107159,2019,154000,276700,430700
80925109145,2019,56100,108400,164500
81021407243,2019,58500,188900,247400
70930108018,2019,1083800,6829800,7913600
70834426128,2019,23400,98600,122000
81034118069,2019,66400,231100,297500
71035116039,2019,67200,234900,302100
70919101041,2019,187000,88000,275000
71004304277,2019,47900,104300,152200
71010307166,2019,50500,131400,181900
60903211146,2019,17400,94100,111500
71006110086,2019,69200,163800,233000
70829110174,2019,87400,247600,335000
81015302079,2019,0,0,0
70827107024,2019,42000,308900,350900
71014214680,2019,8100,115300,123400
80925210017,2019,51900,164400,216300
70931308055,2019,99100,207400,306500
71003311075,2019,50600,147100,197700
80925124945,2019,800,1200,2000
80924425683,2019,400,1600,2000
71011211035,2019,54300,200500,254800
70836202229,2019,81800,188900,270700
71006446259,2019,3000,35000,38000
80935109036,2019,66400,216700,283100
71007242309,2019,13900,313800,327700
60801113379,2019,56200,145000,201200
71001318156,2019,65900,266800,332700
70929221102,2019,88300,168500,256800
60906208067,2019,60300,134100,194400
70919203011,2019,83700,74500,158200
81014301105,2019,1512000,13948000,15460000
70926407086,2019,77500,97500,175000
80935104044,2019,57100,155000,212100
71011112019,2019,72100,199000,271100
60906111038,2019,60300,161700,222000
70923202158,2019,160000,730000,890000
71005225266,2019,41700,200900,242600
71007114102,2019,75700,326300,402000
70836303150,2019,64600,139500,204100
70922409101,2019,171200,274000,445200
71006446324,2019,3000,35000,38000
70923148568,2019,4200,800,5000
70835106076,2019,17100,91800,108900
70920408080,2019,124500,226900,351400
60801234232,2019,15000,140900,155900
71006428033,2019,109100,285600,394700
70920405044,2019,114400,120700,235100
81015105209,2019,57600,173600,231200
71003103141,2019,0,0,0
70813402090,2019,430700,431300,862000
70932401121,2019,231000,330800,561800
70835306155,2019,97100,228900,326000
80924437977,2019,400,1600,2000
81032419287,2019,47600,118200,165800
70921223180,2019,161200,379000,540200
70923164390,2019,44900,328000,372900
71015106141,2019,66400,136200,202600
70923165885,2019,31600,174400,206000
70929424037,2019,109900,243200,353100
70920212142,2019,159600,392300,551900
71006440970,2019,0,4000,4000
80925401286,2019,60500,162500,223000
70829401052,2019,12400,0,12400
70923119014,2019,62000,255900,317900
81032316087,2019,21000,138000,159000
71006421136,2019,58800,161400,220200
70829108244,2019,74500,231500,306000
70829109010,2019,89500,0,89500
71005308301,2019,60300,256700,317000
71003418368,2019,0,0,0
70824311090,2019,14100,135900,150000
80925111140,2019,56900,123100,180000
71035114372,2019,0,0,0
60903201189,2019,77900,175700,253600
70814302041,2019,126000,300400,426400
71007218061,2019,120100,346400,466500
70919403207,2019,114300,267500,381800
70834308483,2019,27900,322100,350000
70932104105,2019,77800,214200,292000
81028118116,2019,8700,66000,74700
70922428143,2019,93500,199500,293000
71015211049,2019,73900,265500,339400
70822211028,2019,2035000,18629000,20664000
81028404010,2019,318000,646200,964200
70926417043,2019,37200,74300,111500
70834427308,2019,25600,168400,194000
70932412194,2019,77000,115100,192100
81028121721,2019,8700,60700,69400
71009214124,2019,50700,147200,197900
70823402220,2019,44500,164200,208700
80926115068,2019,21000,138600,159600
70926106092,2019,64400,157000,221400
71007216255,2019,90600,241700,332300
70922429208,2019,116700,218100,334800
80925106208,2019,54900,134000,188900
70936303125,2019,64700,124000,188700
70921311109,2019,85500,255500,341000
70932403036,2019,98000,170000,268000
81014303234,2019,32800,144200,177000
80925206206,2019,57600,118000,175600
71011302032,2019,64500,157300,221800
71021211059,2019,62500,132500,195000
60812218035,2019,22500,141800,164300
70921304146,2019,154800,345200,500000
70917101043,2019,51500,218900,270400
70829419112,2019,13800,0,13800
70932401022,2019,127700,255000,382700
70918210067,2019,161100,237900,399000
70835303185,2019,88600,254300,342900
70923153955,2019,1300,23700,25000
81021403233,2019,43700,160000,203700
70913348128,2019,7900,285900,293800
60903214108,2019,17300,75500,92800
71009307060,2019,64000,135400,199400
60811407142,2019,76700,214800,291500
70835301163,2019,130500,263100,393600
71014107116,2019,9600,222100,231700
81034206187,2019,68100,152600,220700
70928109200,2019,175800,408600,584400
80925409115,2019,59900,94800,154700
60802112130,2019,86400,199600,286000
70920126202,2019,20600,270700,291300
60802314140,2019,107700,264700,372400
70824208031,2019,87700,272400,360100
80924407805,2019,400,1600,2000
70929417058,2019,87300,312100,399400
60802408240,2019,65300,199700,265000
70913428011,2019,87000,160000,247000
70932115061,2019,149100,243900,393000
70931208031,2019,78400,192100,270500
71011208264,2019,31900,202300,234200
70918307187,2019,79500,121100,200600
70836119036,2019,75900,163800,239700
70813110180,2019,164700,290300,455000
71014306221,2019,57100,163300,220400
80924419884,2019,400,1600,2000
70835304167,2019,78700,199200,277900
70928314205,2019,156800,445900,602700
71022403100,2019,253000,1196000,1449000
80926112064,2019,54800,160100,214900
70928117310,2019,105300,196700,302000
80924443734,2019,400,1600,2000
71009219033,2019,45100,147700,192800
80926402283,2019,56200,137800,194000
70836405352,2019,67800,161500,229300
70814302182,2019,108000,353000,461000
70922440387,2019,49900,158300,208200
71009409072,2019,64100,131700,195800
71016103097,2019,63500,50500,114000
70826422077,2019,0,4000,4000
70928208177,2019,97800,278000,375800
70922113215,2019,0,0,0
80936401019,2019,235000,151000,386000
70829405020,2019,50400,0,50400
60801406112,2019,24900,140700,165600
70931212256,2019,74700,225100,299800
71003307066,2019,54000,164500,218500
81030302054,2019,68300,161200,229500
70923154416,2019,0,7500,7500
81021301081,2019,88000,302000,390000
80926409263,2019,12000,138800,150800
60801419090,2019,16600,193300,209900
70832100998,2019,0,0,0
71011408096,2019,107600,366400,474000
71006412119,2019,69300,323600,392900
70914421105,2019,161000,802000,963000
70825102050,2019,199000,695000,894000
70913119321,2019,100500,155300,255800
81032419237,2019,39800,155900,195700
71005308096,2019,49400,69800,119200
60901202105,2019,60400,147300,207700
71005112025,2019,65100,170800,235900
70914418201,2019,183000,316000,499000
70918405072,2019,51500,0,51500
70928117055,2019,136100,184700,320800
71002308049,2019,9500,0,9500
70913206110,2019,381300,481100,862400
70914414100,2019,88900,336900,425800
70913309477,2019,73600,278700,352300
81021408085,2019,57100,180200,237300
71005220117,2019,65100,172200,237300
70836416010,2019,58700,150700,209400
71009225147,2019,67500,258900,326400
80924308061,2019,65000,177600,242600
71009203052,2019,48300,132200,180500
70926103155,2019,82100,246000,328100
70816405140,2019,183200,601800,785000
70918321848,2019,0,2000,2000
71006421409,2019,0,0,0
70914436245,2019,83700,684300,768000
80924435848,2019,400,1600,2000
70912404062,2019,102200,237800,340000
70836405427,2019,67000,138600,205600
71003106129,2019,54300,168500,222800
70814303205,2019,87700,363200,450900
60812107098,2019,86000,208000,294000
60804104060,2019,100200,263800,364000
70933410014,2019,759000,2986000,3745000
80925115746,2019,800,1200,2000
70836312143,2019,19100,194500,213600
70913434498,2019,0,2300,2300
70931415082,2019,66600,126100,192700
60802307038,2019,19400,150500,169900
70921407213,2019,142900,495100,638000
80925202056,2019,58400,127900,186300
71014108031,2019,10700,155500,166200
71005403036,2019,41900,144900,186800
70929114208,2019,82800,187400,270200
60802423082,2019,18900,132100,151000
81026206260,2019,12700,0,12700
70815201044,2019,517000,0,517000
71006113022,2019,31500,137200,168700
71004315034,2019,58500,136800,195300
70928211047,2019,89900,198200,288100
70928210122,2019,89900,294900,384800
70920102070,2019,82200,151500,233700
81022307046,2019,0,0,0
70836313282,2019,15700,166700,182400
70828440192,2019,0,0,0
70823209171,2019,169100,286700,455800
71010108241,2019,56000,189100,245100
71009310154,2019,68800,99400,168200
71009214140,2019,60700,121400,182100
71010414036,2019,55000,272500,327500
70836106174,2019,69600,158800,228400
70922346288,2019,0,15000,15000
71010314103,2019,62100,181900,244000
70820110131,2019,100,0,100
71016106140,2019,61500,120300,181800
70922432037,2019,102300,232700,335000
70828418107,2019,0,0,0
71006305025,2019,104000,158700,262700
60811108055,2019,101500,253500,355000
71010118141,2019,57800,215800,273600
81034206244,2019,68600,173900,242500
70928211063,2019,89900,176200,266100
81023209176,2019,0,1200,1200
71034102336,2019,50300,205500,255800
60801121067,2019,69000,144400,213400
70814302166,2019,107500,330900,438400
80926106017,2019,54700,115100,169800
71026402116,2019,78300,381100,459400
70923178052,2019,0,0,0
60801414199,2019,88600,196400,285000
80924427077,2019,8600,177300,185900
60812325096,2019,18800,172500,191300
80924411848,2019,400,1600,2000
70833408052,2019,44700,500300,545000
70813110338,2019,0,0,0
81021409083,2019,55400,212300,267700
70926406046,2019,80800,145900,226700
70836401251,2019,62300,145600,207900
60801122057,2019,66700,181100,247800
81034403048,2019,58000,171500,229500
70928306145,2019,91100,142900,234000
71009413049,2019,63300,155900,219200
81028122183,2019,10800,104200,115000
71010408253,2019,59000,135000,194000
70834428330,2019,20300,189100,209400
60904113218,2019,90600,234900,325500
71003107169,2019,53100,195500,248600
81032308018,2019,52400,133000,185400
81031406194,2019,35900,103000,138900
71015101076,2019,56900,128600,185500
71014308079,2019,56400,154800,211200
71035207242,2019,43900,190600,234500
81033301079,2019,44400,159400,203800
70914414051,2019,0,0,0
70919206164,2019,88400,108800,197200
70923170925,2019,2100,400,2500
81032300907,2019,590000,5615000,6205000
71011126101,2019,66500,321300,387800
70829414089,2019,9500,0,9500
81009304213,2019,0,0,0
81026206070,2019,100,0,100
71001332081,2019,59300,254000,313300
70931303112,2019,90800,117100,207900
80925408183,2019,59200,134400,193600
71004313129,2019,57200,165900,223100
70834308912,2019,28900,331100,360000
81031214125,2019,51800,103400,155200
80926106314,2019,50100,142600,192700
70835315429,2019,51900,353800,405700
70822414870,2019,15800,127200,143000
70931301083,2019,124800,199400,324200
60811411135,2019,84400,188300,272700
70914405034,2019,157200,20900,178100
71015211205,2019,72600,281900,354500
70920106329,2019,130800,150200,281000
70920302282,2019,132300,342800,475100
60802411293,2019,68100,162400,230500
70901113450,2019,13900,84300,98200
71009204232,2019,46100,146700,192800
70836410038,2019,54800,143400,198200
80925120844,2019,800,1200,2000
70814301126,2019,124000,320500,444500
70826206091,2019,517000,544000,1061000
60811438022,2019,20000,191000,211000
81034411182,2019,66100,169500,235600
71016111149,2019,54900,123200,178100
80936204091,2019,0,0,0
71016114218,2019,54900,118400,173300
81027112028,2019,36700,113500,150200
71021222204,2019,68800,151200,220000
70914301076,2019,402000,1295000,1697000
81032409147,2019,40800,157900,198700
70923174787,2019,3300,11700,15000
70919108039,2019,94000,163500,257500
71006305512,2019,57600,137800,195400
71004303013,2019,49200,145000,194200
70921213206,2019,78800,255600,334400
70823303204,2019,83500,208500,292000
60804205016,2019,79900,286400,366300
81034325151,2019,30000,105500,135500
80925409264,2019,56200,137800,194000
71006301156,2019,71100,218800,289900
70923167021,2019,6500,18500,25000
70836216197,2019,5500,95800,101300
70919307243,2019,98000,267500,365500
70936303076,2019,63100,130100,193200
70923130094,2019,167000,771000,938000
71009206056,2019,38000,148200,186200
70823408278,2019,44000,190800,234800
70901105291,2019,72600,114600,187200
81031411135,2019,38100,116400,154500
70923165471,2019,49900,191500,241400
60802113097,2019,86600,203400,290000
70934306056,2019,0,0,0
70928213142,2019,99700,251700,351400
81034416124,2019,56200,183400,239600
71007201058,2019,118200,404300,522500
70926300959,2019,280000,125000,405000
70912408147,2019,105200,242300,347500
81034116013,2019,67200,159600,226800
70921421099,2019,316100,482300,798400
71009220220,2019,25300,183600,208900
70826315636,2019,35600,203100,238700
81032108046,2019,0,0,0
70936301062,2019,61500,125100,186600
60902208045,2019,110000,330300,440300
70913222059,2019,14600,428700,443300
70913209239,2019,55800,231200,287000
70822414789,2019,23600,152200,175800
70924219938,2019,0,25000,25000
70813307026,2019,83700,306000,389700
71034108102,2019,56400,184700,241100
81034414235,2019,66700,230200,296900
70922320331,2019,104500,406100,510600
71006430210,2019,109100,271300,380400
80926406128,2019,56000,229000,285000
70836412068,2019,69700,151600,221300
70922336148,2019,145600,344900,490500
71015202080,2019,49600,163300,212900
70922336065,2019,145800,342600,488400
60812112055,2019,78000,176800,254800
80936122037,2019,13800,90700,104500
70918302012,2019,198000,317000,515000
81032108955,2019,0,265000,265000
70836302136,2019,64500,206700,271200
81015400998,2019,424300,0,424300
70913109174,2019,98800,53200,152000
70929403031,2019,96500,236000,332500
71007109046,2019,94600,339700,434300
81026207010,2019,4900,0,4900
81019309170,2019,62000,177800,239800
71006112256,2019,66000,218700,284700
71011223030,2019,18500,175700,194200
70928320096,2019,133700,510800,644500
70922234079,2019,151400,391100,542500
60803103146,2019,103200,186000,289200
70815309179,2019,63400,400700,464100
70913317181,2019,292000,286900,578900
70923148451,2019,4200,800,5000
80925218011,2019,47800,128200,176000
71001329020,2019,0,0,0
70833401303,2019,169500,373500,543000
70823208280,2019,158200,355400,513600
80925208096,2019,57900,122400,180300
70923168441,2019,6500,18500,25000
70919226112,2019,94000,231700,325700
71015214176,2019,23000,262300,285300
71002102061,2019,77400,222700,300100
70923315232,2019,1700000,6826700,8526700
71005320016,2019,89900,215900,305800
71010306324,2019,50100,147300,197400
70914410207,2019,718000,130000,848000
70928103070,2019,106000,276000,382000
81030207014,2019,0,0,0
70913347584,2019,3200,19800,23000
60803101033,2019,96700,152400,249100
70922345107,2019,95500,298700,394200
70936409048,2019,65700,164700,230400
70912405143,2019,105400,225100,330500
70834207114,2019,78500,255500,334000
70836201106,2019,0,0,0
70816405166,2019,200600,429400,630000
71010411149,2019,73700,138800,212500
70913106287,2019,100700,141700,242400
71009411077,2019,62700,127800,190500
70835122204,2019,6500,77900,84400
80926103097,2019,53100,182700,235800
81031206015,2019,50600,148300,198900
70923203255,2019,97000,550000,647000
81030301121,2019,458000,4787000,5245000
70929214165,2019,100700,205400,306100
70932103016,2019,178200,335600,513800
70935113301,2019,86100,147900,234000
70922438283,2019,98200,444400,542600
71003313146,2019,49300,140800,190100
70820121047,2019,100,0,100
70828104045,2019,103800,239700,343500
70913349358,2019,36600,220200,256800
70913207043,2019,98200,309800,408000
70826410056,2019,0,0,0
70921211010,2019,92100,173000,265100
70815308254,2019,163600,401400,565000
70833204202,2019,105700,258300,364000
70913324102,2019,0,0,0
70833301016,2019,0,0,0
70913105148,2019,92700,283300,376000
71026202095,2019,0,0,0
70821214106,2019,135000,0,135000
71021203155,2019,62700,159400,222100
70824302081,2019,87700,237500,325200
70918303036,2019,74800,97600,172400
71011213148,2019,47700,222300,270000
70936303191,2019,4200,0,4200
81021406104,2019,56100,179900,236000
71003417188,2019,46800,168300,215100
60812219017,2019,20000,102600,122600
70929208118,2019,81400,225700,307100
60812404163,2019,83500,171500,255000
71004313327,2019,54100,167300,221400
60801213252,2019,72000,180700,252700
60803111016,2019,56500,191000,247500
70928308092,2019,88100,109600,197700
70823303072,2019,104300,244000,348300
71003403096,2019,52100,181000,233100
81031202138,2019,87900,187100,275000
71021109098,2019,61000,137100,198100
71007305206,2019,106400,285900,392300
70815403020,2019,0,0,0
70814430066,2019,19700,215900,235600
71004314317,2019,58500,171300,229800
70829111065,2019,85200,293300,378500
70834308970,2019,125000,345000,470000
80936406192,2019,0,0,0
70932117075,2019,175900,370500,546400
71027400945,2019,92900,49200,142100
71005401220,2019,55100,106700,161800
70923153830,2019,1300,23700,25000
81030213061,2019,48200,126100,174300
70828436076,2019,0,0,0
71014213228,2019,60300,222200,282500
70918302062,2019,78500,90000,168500
81034103036,2019,66400,193600,260000
71021104098,2019,60100,132600,192700
70923138501,2019,21100,241800,262900
71004407154,2019,57900,174100,232000
70931412103,2019,85300,244700,330000
70814426122,2019,91400,288400,379800
70828307102,2019,52700,247200,299900
70835122577,2019,6500,71300,77800
70829108129,2019,95800,222800,318600
71005411097,2019,58300,181500,239800
81032425078,2019,28100,179600,207700
70816305051,2019,166500,490400,656900
70920408379,2019,129500,160700,290200
70835315148,2019,51900,356300,408200
71016411036,2019,61600,136700,198300
71005227072,2019,48500,149500,198000
71019409161,2019,132000,279000,411000
71015116257,2019,46400,172500,218900
81030317160,2019,77000,122300,199300
80935106925,2019,74700,205500,280200
70921402049,2019,122800,235900,358700
70836208160,2019,0,0,0
70930202018,2019,1570000,8860000,10430000
60812117336,2019,79900,193600,273500
81023304158,2019,35600,155800,191400
60801312054,2019,82800,200600,283400
70835124987,2019,500,1500,2000
70935305130,2019,160000,0,160000
70826421392,2019,0,4000,4000
60811304455,2019,84400,190800,275200
70913323104,2019,130600,0,130600
70826420724,2019,0,4000,4000
80925118039,2019,12900,260300,273200
60812123044,2019,86700,181900,268600
70825204111,2019,957000,596000,1553000
70920407058,2019,127300,314800,442100
60812326010,2019,26500,188200,214700
70923164564,2019,44900,760100,805000
70919408041,2019,105000,335100,440100
81028108042,2019,47700,146700,194400
70935307459,2019,4900,55100,60000
71006402061,2019,62000,173100,235100
60811403124,2019,80100,192600,272700
70921216193,2019,76100,136700,212800
60812106339,2019,85100,190400,275500
71035103367,2019,0,0,0
60903201337,2019,84900,167100,252000
71006212155,2019,67900,200000,267900
71002107798,2019,9500,146700,156200
70921109025,2019,118900,288300,407200
71021113982,2019,0,1000,1000
71009204076,2019,48000,139800,187800
70816302099,2019,34400,0,34400
70936305361,2019,61500,180800,242300
81023306188,2019,35600,143000,178600
70820106114,2019,100,0,100
80935104169,2019,56100,147100,203200
71002419094,2019,0,0,0
81031215107,2019,35700,132300,168000
70907300902,2019,955300,173000,1128300
81030307319,2019,59800,149800,209600
70923133410,2019,31000,228500,259500
70833208048,2019,101900,256900,358800
60801206190,2019,0,0,0
71009215122,2019,44200,137500,181700
70927107263,2019,31100,248800,279900
70835201058,2019,177100,512000,689100
81034102210,2019,70000,152200,222200
71007313027,2019,189600,334600,524200
71006118246,2019,42000,229300,271300
80924440011,2019,10300,188200,198500
70920418310,2019,169600,207000,376600
70823411057,2019,83200,314800,398000
60811108162,2019,108500,267400,375900
60803104110,2019,103200,222400,325600
70929123762,2019,0,1000,1000
81030301072,2019,0,0,0
70834426277,2019,29000,130000,159000
71030202049,2019,419300,312000,731300
71031200969,2019,2215000,3469000,5684000
71020305126,2019,79300,94400,173700
80924406089,2019,7600,136400,144000
70836109293,2019,77400,0,77400
81028102094,2019,59000,206500,265500
70922404218,2019,99000,298500,397500
70923103017,2019,99000,2206000,2305000
71007304315,2019,91500,378200,469700
70929123902,2019,0,1000,1000
70935101059,2019,45900,77100,123000
70921419234,2019,101200,305500,406700
70836405542,2019,71700,137000,208700
70928206014,2019,97800,256200,354000
70821213067,2019,120000,417400,537400
70914442060,2019,92800,2907200,3000000
70922336106,2019,148700,306800,455500
80926200877,2019,88000,341300,429300
71007114194,2019,90600,332600,423200
81032425127,2019,28100,117100,145200
70913433375,2019,12500,300000,312500
80925107280,2019,49900,137800,187700
70821214122,2019,135000,347300,482300
80924434155,2019,13300,221900,235200
71002418351,2019,0,0,0
70922225094,2019,185300,261000,446300
81021402160,2019,54100,182900,237000
70923407104,2019,0,0,0
70926304282,2019,81400,133200,214600
70913318064,2019,76300,172800,249100
70926416037,2019,45500,62000,107500
70926101191,2019,82100,328700,410800
80924436739,2019,400,1600,2000
60801113288,2019,60000,176900,236900
70913113331,2019,81600,232900,314500
70928101230,2019,96000,232300,328300
70933204243,2019,148300,493400,641700
70814206136,2019,0,0,0
71006303201,2019,69200,235600,304800
71011205012,2019,36600,236300,272900
70918311112,2019,135600,109100,244700
70918402078,2019,87000,125600,212600
70823204064,2019,120300,262100,382400
60802409248,2019,64000,167000,231000
71010205097,2019,63400,155500,218900
70935109144,2019,0,0,0
71010304170,2019,54600,117100,171700
60812108088,2019,76900,180400,257300
71006312187,2019,51700,187000,238700
60801305075,2019,73000,143400,216400
70923166114,2019,38000,245700,283700
70914420165,2019,240000,750000,990000
71009313132,2019,107800,186700,294500
70922429175,2019,201800,322200,524000
71006209079,2019,66500,157900,224400
60812203036,2019,85300,192100,277400
70935305099,2019,135000,0,135000
71012209071,2019,58700,207300,266000
70816406081,2019,188400,475600,664000
70918320121,2019,20500,68800,89300
70834307245,2019,192800,675900,868700
81034106262,2019,57400,154100,211500
60802104228,2019,78600,193800,272400
60802316055,2019,18000,205100,223100
70836409221,2019,75500,129900,205400
60801225017,2019,15000,132900,147900
81019307083,2019,55700,169900,225600
70928103054,2019,106000,255200,361200
81028121789,2019,10800,100000,110800
70913310242,2019,61100,271400,332500
70914439158,2019,1000,4900,5900
70931415321,2019,66600,145000,211600
71010408063,2019,53000,155000,208000
60903208078,2019,14900,92300,107200
71021223103,2019,64000,186000,250000
70923317246,2019,77200,122600,199800
80926110125,2019,58400,128300,186700
71035116013,2019,67300,254800,322100
70928314247,2019,134400,453400,587800
71002438127,2019,41700,227800,269500
70833103090,2019,0,0,0
71001412065,2019,57200,171100,228300
80936401225,2019,67800,155100,222900
80924412151,2019,8000,126500,134500
80925404082,2019,40200,185500,225700
70929307267,2019,100300,305900,406200
71003403062,2019,59800,210800,270600
60801314224,2019,61000,937000,998000
70918302103,2019,75400,115800,191200
70929407033,2019,87300,220000,307300
71007101125,2019,114800,345200,460000
70922223189,2019,110800,433800,544600
60901202238,2019,62200,143600,205800
60802115415,2019,20500,123000,143500
60802410295,2019,69700,155000,224700
81031226138,2019,52400,96200,148600
80926409156,2019,12000,128600,140600
71015207121,2019,75100,221900,297000
71005224127,2019,52000,234000,286000
60802202022,2019,90200,241600,331800
80926103253,2019,56800,150500,207300
80924308160,2019,68700,274700,343400
70813107103,2019,118200,822100,940300
71035207010,2019,43900,180100,224000
71006435012,2019,23400,111100,134500
60812405400,2019,78800,195000,273800
71015407127,2019,56100,165100,221200
70836203318,2019,75100,181000,256100
70836111066,2019,83800,155800,239600
81023307201,2019,35600,98200,133800
70922207109,2019,98000,742000,840000
81023307053,2019,35600,104400,140000
71002402073,2019,70500,225900,296400
70828116016,2019,90100,199100,289200
70922113041,2019,104000,1031000,1135000
70833302410,2019,207000,446000,653000
70923116359,2019,160600,237600,398200
70930407139,2019,83500,223700,307200
60802101026,2019,72100,180400,252500
70922431089,2019,59400,175800,235200
70913348326,2019,6400,303300,309700
70932420163,2019,84100,196600,280700
71003305185,2019,49300,150400,199700
80924443891,2019,400,1600,2000
71022104253,2019,0,0,0
70913319054,2019,96500,105000,201500
70928204068,2019,93000,230200,323200
71009217409,2019,65500,0,65500
70920126046,2019,14300,162200,176500
80924428067,2019,11800,198100,209900
70834308764,2019,125000,298000,423000
70929123621,2019,0,1000,1000
70824109164,2019,121500,240100,361600
71004200839,2019,0,0,0
70936401028,2019,63700,131700,195400
70921125237,2019,124400,255500,379900
70932103131,2019,80400,193900,274300
70923147338,2019,8000,7000,15000
70918303094,2019,73000,101900,174900
70923307081,2019,44800,254400,299200
71010101188,2019,55600,220800,276400
80924416963,2019,400,1600,2000
70823102151,2019,81300,334300,415600
70835123533,2019,6500,69900,76400
70926213178,2019,81400,163400,244800
70813312025,2019,0,0,0
71004405140,2019,51200,151100,202300
71009102098,2019,184500,295500,480000
70822414630,2019,17500,133700,151200
70932201175,2019,87700,157300,245000
70913103126,2019,0,0,0
70926412118,2019,46100,148400,194500
71005402153,2019,39100,178400,217500
70820119026,2019,100,0,100
70923152577,2019,24400,555600,580000
71010108051,2019,54200,184700,238900
70923134096,2019,47500,228100,275600
70935307508,2019,4900,55100,60000
70928209084,2019,122100,137800,259900
71016112048,2019,54900,139300,194200
70828440069,2019,0,0,0
81030211156,2019,0,0,0
70835103022,2019,264000,476000,740000
70824303089,2019,112100,270400,382500
80925412217,2019,49900,201300,251200
70912449026,2019,9000,91300,100300
70835305256,2019,91600,238400,330000
60801104196,2019,63600,160900,224500
80924411153,2019,9000,131900,140900
80924419727,2019,400,1600,2000
71012208065,2019,63400,196000,259400
70930207042,2019,306000,0,306000
71034102188,2019,49400,209600,259000
71010105271,2019,55600,210400,266000
80924438793,2019,400,1600,2000
60906201079,2019,59200,134000,193200
71007301064,2019,463000,327000,790000
60812305147,2019,72700,229100,301800
70922323179,2019,83000,239000,322000
81030205183,2019,49000,123200,172200
70918321111,2019,0,2000,2000
71014216165,2019,7500,120800,128300
81019305136,2019,59800,170800,230600
70814202184,2019,111600,341100,452700
70932109270,2019,0,0,0
71006446134,2019,3000,35000,38000
80926409148,2019,12000,210700,222700
60801302089,2019,70400,134600,205000
60811114060,2019,118900,255700,374600
71005323010,2019,70800,243400,314200
70813307084,2019,122400,276800,399200
70919306146,2019,168900,378300,547200
60811102057,2019,110600,228300,338900
70932113205,2019,92300,286500,378800
70932304143,2019,138000,58000,196000
71005412152,2019,61600,103700,165300
71005231320,2019,48500,147200,195700
71004301249,2019,62100,162400,224500
60812306195,2019,78900,181000,259900
71005223012,2019,52100,198100,250200
71014202106,2019,62800,166300,229100
71009103012,2019,0,0,0
60802412093,2019,53100,182300,235400
70914411180,2019,190200,263300,453500
70913320118,2019,89000,251500,340500
70922208115,2019,123200,307100,430300
70918222062,2019,85200,164300,249500
71011219097,2019,781000,9994000,10775000
70823121185,2019,20000,103200,123200
71007113344,2019,76600,249000,325600
70931405116,2019,99000,141200,240200
70836313191,2019,15700,168700,184400
70936406101,2019,59500,182700,242200
71035207094,2019,43900,218600,262500
70824212016,2019,0,0,0
70922328145,2019,183200,597200,780400
70922304187,2019,141600,307100,448700
70928205024,2019,97800,191100,288900
70835310106,2019,84900,188400,273300
60802413299,2019,0,0,0
70922220060,2019,259700,414300,674000
81028119578,2019,8700,63800,72500
71014115086,2019,24000,119300,143300
71005402111,2019,39100,157200,196300
70920114108,2019,126100,111200,237300
71015303101,2019,120500,512500,633000
71010109075,2019,59100,174600,233700
70816304128,2019,163400,513400,676800
71016107057,2019,63300,106900,170200
70931401065,2019,99100,120100,219200
70928223084,2019,111100,203600,314700
70931417046,2019,85100,265200,350300
70833304094,2019,132400,522600,655000
71001404046,2019,60600,221000,281600
70836107164,2019,71900,202000,273900
70821201153,2019,0,0,0
71003316140,2019,57300,224200,281500
60801225463,2019,15000,142300,157300
70836213771,2019,11600,117400,129000
70923145572,2019,8000,7000,15000
70924223038,2019,0,0,0
70834214804,2019,40800,449100,489900
60811103055,2019,106800,250500,357300
70826403150,2019,95000,236700,331700
71005212198,2019,73900,136000,209900
60802115423,2019,14100,108200,122300
70922239029,2019,28700,186600,215300
70928214223,2019,94800,250400,345200
71001318099,2019,63600,205000,268600
71016104136,2019,64600,164800,229400
70834415246,2019,24000,193000,217000
70922432045,2019,86100,435600,521700
71004409069,2019,422000,706000,1128000
70901112080,2019,87000,345400,432400
71010105172,2019,59300,269100,328400
71016204209,2019,79200,126400,205600
71012218072,2019,6600,0,6600
71011214071,2019,47700,187600,235300
70836405253,2019,62700,144700,207400
70835112312,2019,104400,405600,510000
70834425021,2019,70100,259500,329600
71006113212,2019,38000,172000,210000
70928202020,2019,81000,201000,282000
70933201455,2019,141000,197000,338000
70913347906,2019,3200,19800,23000
70835122113,2019,6500,72600,79100
81019201029,2019,0,0,0
70921105122,2019,80500,313800,394300
70936317019,2019,20400,109200,129600
70836307110,2019,67200,141300,208500
71035123092,2019,66100,227700,293800
71022304085,2019,57500,227000,284500
70924219780,2019,0,25000,25000
71002101047,2019,99200,160000,259200
80925114904,2019,800,1200,2000
71006312046,2019,60600,143500,204100
70932103107,2019,81400,214300,295700
70929205114,2019,78300,190500,268800
71003301274,2019,48600,170400,219000
80926302095,2019,61300,223400,284700
70928108129,2019,108400,191200,299600
71002107152,2019,9500,109300,118800
81034321018,2019,29100,99900,129000
80925214316,2019,54300,123200,177500
70835206214,2019,87800,216900,304700
81032300014,2019,0,1075000,1075000
70920306341,2019,107000,198800,305800
71015201438,2019,52600,167400,220000
70922404309,2019,127800,223400,351200
70920217233,2019,20200,1211500,1231700
70936307060,2019,62000,155100,217100
81030304224,2019,65800,160000,225800
70823107052,2019,76700,142900,219600
70833106044,2019,126000,490200,616200
60801306023,2019,72800,146500,219300
81035110056,2019,100,0,100
70935210024,2019,0,0,0
70836113062,2019,78300,233600,311900
70913103176,2019,137500,94400,231900
70829413156,2019,14300,0,14300
70833111126,2019,95300,308700,404000
70923215086,2019,98900,971100,1070000
71005317063,2019,63800,206300,270100
71006106027,2019,61400,174500,235900
80936409089,2019,71200,145100,216300
60811421259,2019,16000,184000,200000
70920402280,2019,142900,239900,382800
81021416111,2019,52800,138700,191500
70836203079,2019,74300,172600,246900
60801204053,2019,63900,152200,216100
60812121296,2019,78200,218000,296200
71023301105,2019,0,0,0
71006306198,2019,48500,168400,216900
60811112288,2019,100000,179000,279000
81021412052,2019,44200,142700,186900
81021301255,2019,53400,179900,233300
70929118119,2019,89900,237300,327200
70816401346,2019,197600,660100,857700
60801303293,2019,75400,131900,207300
80925219225,2019,55600,165500,221100
70921303122,2019,175400,492600,668000
80925215025,2019,55700,152300,208000
71030208336,2019,82000,237100,319100
70923124328,2019,129400,345200,474600
70932205276,2019,0,0,0
71002421114,2019,66600,187800,254400
70935307110,2019,4900,55100,60000
70825105070,2019,198000,1038000,1236000
71011402147,2019,87000,321000,408000
70835207056,2019,88300,291700,380000
70919414022,2019,117400,333000,450400
70913430074,2019,20000,179400,199400
70913105156,2019,103500,160100,263600
70929125015,2019,44000,441000,485000
71035125197,2019,11800,277200,289000
70814419359,2019,15200,163900,179100
70920218471,2019,400,14600,15000
70836304174,2019,72200,155800,228000
70823106161,2019,89400,362300,451700
71007202139,2019,70800,330900,401700
70813310235,2019,15200,165900,181100
71016119078,2019,62400,134200,196600
71020304061,2019,187000,0,187000
71009216039,2019,46100,172200,218300
70922319102,2019,104500,424700,529200
71009203078,2019,48300,208200,256500
71015214100,2019,23000,274700,297700
70919410046,2019,106300,233500,339800
60811412109,2019,75300,229100,304400
70919107289,2019,131500,128200,259700
70835122717,2019,6500,69900,76400
71011207133,2019,42600,237100,279700
80925211049,2019,54000,144400,198400
60811402233,2019,69400,194300,263700
70821114091,2019,55700,254500,310200
81030215025,2019,4500,49100,53600
70923165538,2019,41500,208800,250300
81021403275,2019,52100,154000,206100
71027405127,2019,51000,196500,247500
70823111011,2019,81300,220400,301700
70836410327,2019,58700,157100,215800
70919228118,2019,24100,417400,441500
60802302070,2019,92700,138800,231500
70918103072,2019,628700,293800,922500
70823205236,2019,18100,239500,257600
60905112095,2019,45000,107800,152800
70813309064,2019,81000,231000,312000
81035112078,2019,100,0,100
71010411107,2019,59900,173300,233200
71010302174,2019,54600,130100,184700
70922327246,2019,131100,243300,374400
70829102113,2019,76800,341200,418000
80935102121,2019,57400,160000,217400
71016411177,2019,61700,129100,190800
81026356239,2019,59500,231700,291200
71021202149,2019,67100,146500,213600
80925110051,2019,54500,125000,179500
80924438058,2019,13300,230600,243900
60802413679,2019,71400,157900,229300
60803119383,2019,82400,409900,492300
70826421178,2019,0,4000,4000
70823306315,2019,78100,179200,257300
70921417080,2019,151400,384200,535600
70814307091,2019,152000,311100,463100
70813112037,2019,108200,218300,326500
71007205141,2019,18000,332000,350000
70922315085,2019,145600,424200,569800
81031201023,2019,8000,52000,60000
71007206272,2019,46700,326900,373600
70823413384,2019,26800,176900,203700
71006131165,2019,65100,178800,243900
71007115051,2019,81900,227300,309200
70919227532,2019,28800,189900,218700
70925206017,2019,0,0,0
70835124127,2019,500,1500,2000
80924101481,2019,0,0,0
71010110064,2019,54200,212300,266500
60811439319,2019,20000,185200,205200
71003414077,2019,55900,120200,176100
70913349316,2019,40200,259600,299800
70923203099,2019,0,0,0
71011219104,2019,346000,2509000,2855000
70824410107,2019,106700,254300,361000
80924418076,2019,8600,137000,145600
80924407954,2019,400,1600,2000
60801234399,2019,15000,140900,155900
71005232055,2019,46300,102800,149100
60801219052,2019,69800,154300,224100
70822114016,2019,24800,243200,268000
81021402186,2019,56200,132500,188700
70836210165,2019,11400,130500,141900
60801113022,2019,65500,144400,209900
71020307081,2019,10200,113800,124000
71004407097,2019,47700,141100,188800
70920220161,2019,0,8800,8800
70833410057,2019,44700,425300,470000
60801310173,2019,198000,1141000,1339000
70822407015,2019,122000,345500,467500
70926101084,2019,80000,259900,339900
71014108388,2019,10700,162700,173400
81031404263,2019,24100,50800,74900
71006127148,2019,46000,229000,275000
70920106379,2019,107100,110200,217300
80924105079,2019,77700,281100,358800
70928102098,2019,89400,305800,395200
70836105134,2019,75900,154600,230500
60802416227,2019,62900,312900,375800
70919409099,2019,100600,283400,384000
71002445057,2019,100,0,100
71034101205,2019,73400,166300,239700
81027203132,2019,694000,1101500,1795500
60801220041,2019,76000,299000,375000
80935101280,2019,51800,153400,205200
70921317090,2019,119900,252900,372800
70918302088,2019,75400,101800,177200
70820118052,2019,100,0,100
70920411174,2019,131300,311100,442400
60811206114,2019,103700,214300,318000
70913318296,2019,70000,376000,446000
70930204056,2019,1330000,0,1330000
71015201446,2019,43200,239800,283000
70914439091,2019,6000,55400,61400
70923150307,2019,41200,281200,322400
60801401279,2019,87500,190100,277600
70828119143,2019,0,0,0
81033202029,2019,47500,191800,239300
71010305079,2019,53600,146700,200300
71010110220,2019,54200,212600,266800
80926106182,2019,53500,135200,188700
60811205108,2019,98300,270300,368600
70834206041,2019,82100,232900,315000
71016114242,2019,54900,109100,164000
70920305327,2019,97900,290300,388200
70834303087,2019,130000,300000,430000
71015110192,2019,38200,133500,171700
70923150406,2019,45900,294100,340000
70923118024,2019,0,0,0
71002315151,2019,2700,0,2700
71015403050,2019,52700,111100,163800
71006406146,2019,68000,224800,292800
71006204409,2019,54000,149000,203000
71016109102,2019,63300,179700,243000
71021108107,2019,63300,153100,216400
71011401024,2019,81200,289700,370900
70834310032,2019,0,15000,15000
70922324044,2019,127800,149200,277000
70814309013,2019,0,0,0
70923106128,2019,310000,2315000,2625000
71003214089,2019,53100,170500,223600
71016419022,2019,264000,723600,987600
71004318137,2019,63300,138200,201500
81033204075,2019,54600,137100,191700
70921125104,2019,124400,306900,431300
71006418092,2019,72000,315300,387300
81034324012,2019,30000,97400,127400
71016412026,2019,61600,168400,230000
70935113228,2019,48500,110300,158800
70922223080,2019,107600,203100,310700
60801104170,2019,66100,193700,259800
71016114193,2019,64000,96000,160000
81028122076,2019,10100,91800,101900
70826313391,2019,70600,268300,338900
81033206089,2019,49100,129000,178100
71006213046,2019,66000,150400,216400
70816306025,2019,205200,342500,547700
80926108138,2019,50900,150000,200900
70923150464,2019,66100,421900,488000
80924440152,2019,10600,167000,177600
80924425675,2019,400,1600,2000
70923113206,2019,77400,342600,420000
70920305161,2019,0,0,0
70921112036,2019,124400,71400,195800
70824213189,2019,107500,392300,499800
71035120022,2019,60400,237400,297800
70920107145,2019,113200,225400,338600
60904107162,2019,89300,218900,308200
70921306043,2019,187800,241200,429000
70929203126,2019,76000,205600,281600
70929303124,2019,78300,187400,265700
70920218504,2019,400,14600,15000
70913317321,2019,0,0,0
80925124953,2019,800,1200,2000
60802108139,2019,67900,156600,224500
70828406045,2019,0,0,0
60801212171,2019,68700,176200,244900
70836109277,2019,81700,0,81700
71010313212,2019,59500,182400,241900
70920406175,2019,142100,132000,274100
71005324125,2019,109100,265300,374400
70931402287,2019,125500,194700,320200
70936410128,2019,59700,153300,213000
81023308184,2019,35600,119600,155200
60902202154,2019,55000,346000,401000
70836213028,2019,11600,126500,138100
71005301074,2019,65200,237900,303100
70820118086,2019,100,0,100
60811116107,2019,18800,218000,236800
71005213154,2019,49400,107700,157100
71011421072,2019,50700,211300,262000
70823113992,2019,0,0,0
60804102105,2019,87000,276400,363400
81028108414,2019,54600,173700,228300
70923168847,2019,6500,13500,20000
70923165413,2019,54100,266900,321000
70834427689,2019,0,5000,5000
71002311175,2019,63700,251200,314900
71016411078,2019,61600,145500,207100
60812207195,2019,76900,188800,265700
60901204086,2019,61000,197200,258200
71007226379,2019,84600,217400,302000
70834406039,2019,660000,6281000,6941000
71002107350,2019,9500,144800,154300
71006440011,2019,18700,129300,148000
70930104272,2019,82000,191300,273300
81028112225,2019,56900,193100,250000
60904107138,2019,91300,268000,359300
81021301031,2019,0,0,0
70923148732,2019,4200,800,5000
70928105357,2019,108400,189400,297800
60801201398,2019,66100,153800,219900
70923215193,2019,0,0,0
70913109364,2019,109700,172600,282300
71015112049,2019,44700,191200,235900
71006305413,2019,57100,165100,222200
81023207609,2019,33600,136300,169900
71006428091,2019,114800,458500,573300
71010402031,2019,69500,173200,242700
60801212098,2019,82900,189100,272000
70834427134,2019,21500,125500,147000
80924423702,2019,400,1600,2000
70923413482,2019,900,6600,7500
70923140241,2019,1500,13500,15000
80924437886,2019,400,1600,2000
70835315487,2019,51900,335100,387000
60811415286,2019,90200,169800,260000
70814411131,2019,0,0,0
80924441853,2019,400,1600,2000
81028122068,2019,8700,61500,70200
70913110022,2019,83000,154600,237600
71005111134,2019,51700,176900,228600
70828405013,2019,0,0,0
71016201239,2019,62400,125100,187500
81034107583,2019,117800,428900,546700
60801113296,2019,60000,131900,191900
81026352071,2019,41100,220200,261300
70923149201,2019,7300,1200,8500
70923412244,2019,1700,16300,18000
70920216433,2019,10300,143900,154200
60801209285,2019,66800,183600,250400
60801201223,2019,69500,187900,257400
70913209338,2019,77000,163200,240200
70920410176,2019,123900,182300,306200
71002312157,2019,0,0,0
71006433131,2019,110100,295600,405700
70834207148,2019,78000,225500,303500
81030207056,2019,64000,218000,282000
70824301025,2019,115900,241300,357200
70813112201,2019,114800,333700,448500
70918322185,2019,0,2000,2000
80925209060,2019,54700,125300,180000
60801419446,2019,16600,200700,217300
60811427116,2019,80300,197800,278100
70923147015,2019,8000,7000,15000
70922303022,2019,118200,316500,434700
70828116074,2019,77700,211000,288700
70835203369,2019,125100,311400,436500
70926416194,2019,46200,78800,125000
70928210023,2019,89900,286300,376200
71009216203,2019,46800,129500,176300
70928109226,2019,107000,243000,350000
70935306112,2019,88000,291000,379000
70834103114,2019,151400,434500,585900
81030205414,2019,52800,120500,173300
81028118596,2019,8700,63000,71700
70825103040,2019,286000,354000,640000
70924219962,2019,0,25000,25000
70913347790,2019,2500,12500,15000
70930415215,2019,185800,378500,564300
70923123130,2019,160600,266600,427200
70825100921,2019,968000,417000,1385000
70913216010,2019,410000,446500,856500
70931416147,2019,110100,126200,236300
70929209306,2019,83800,176700,260500
70828108097,2019,96400,233300,329700
70929209041,2019,80900,233600,314500
71014216462,2019,7500,86400,93900
60812214116,2019,19100,205900,225000
81031412216,2019,39600,122300,161900
70828118137,2019,31200,254300,285500
70919410153,2019,108100,212300,320400
70922301159,2019,117600,312400,430000
71021110087,2019,0,0,0
70922424050,2019,140600,303100,443700
70926102074,2019,81300,218700,300000
70836411044,2019,61200,152900,214100
70823304111,2019,74000,152500,226500
70926210083,2019,913000,615000,1528000
70817403036,2019,0,0,0
70923217280,2019,429000,2007000,2436000
70918319447,2019,20500,114800,135300
70918319950,2019,20500,104000,124500
70928103111,2019,106000,283200,389200
71002106013,2019,9500,155300,164800
81030312045,2019,58700,140500,199200
71009214455,2019,48400,175800,224200
81033304106,2019,47700,147100,194800
81014303614,2019,32800,167200,200000
80924427762,2019,400,1600,2000
80924443114,2019,13200,251200,264400
60802107066,2019,70100,164300,234400
70932406163,2019,80000,135700,215700
70932115079,2019,163000,379600,542600
71007309034,2019,92900,159200,252100
60802411201,2019,68600,189800,258400
60903201212,2019,78000,169000,247000
71005224250,2019,63100,212900,276000
60904113169,2019,92100,296300,388400
70922206060,2019,193000,658000,851000
71022302849,2019,506000,0,506000
71007302195,2019,111900,369000,480900
70923153509,2019,1300,23700,25000
70835118071,2019,12400,114600,127000
81028105395,2019,71900,208300,280200
60812302424,2019,68000,195200,263200
71010111202,2019,57500,195400,252900
70922410182,2019,131900,175100,307000
70836204019,2019,66000,215000,281000
70912427064,2019,9000,91300,100300
80924439882,2019,400,1600,2000
71005220026,2019,60600,67900,128500
71006120150,2019,87000,584000,671000
60801121083,2019,70600,141900,212500
70928220064,2019,108200,186100,294300
60801314068,2019,0,0,0
60811415210,2019,74200,158800,233000
70930406123,2019,79300,206700,286000
71014215092,2019,7800,131800,139600
71004106011,2019,88500,203500,292000
71006111092,2019,63000,287000,350000
71010411123,2019,68900,129600,198500
71007223375,2019,86500,278000,364500
70931103166,2019,100500,157500,258000
70901104061,2019,45200,177800,223000
60812123101,2019,83200,208400,291600
81032305080,2019,33900,136600,170500
70921317115,2019,122000,149500,271500
70920219437,2019,0,0,0
80924427788,2019,400,1600,2000
81021305249,2019,59800,182800,242600
70829418122,2019,15300,0,15300
71006114038,2019,47200,165800,213000
80924105136,2019,83000,290700,373700
81033209158,2019,0,0,0
60802405147,2019,64300,212700,277000
71014215696,2019,7800,132200,140000
70828314371,2019,1400,0,1400
71016208095,2019,62100,146400,208500
70822105148,2019,100100,252500,352600
71006129110,2019,47500,89300,136800
70932203105,2019,90500,209800,300300
70929105281,2019,109700,325900,435600
70913434208,2019,0,18000,18000
71027407074,2019,54600,212400,267000
60802202056,2019,86600,230100,316700
71011118546,2019,30500,234200,264700
70814414135,2019,0,0,0
70833411047,2019,46200,229800,276000
70929209330,2019,83800,176100,259900
70923171056,2019,1700,1300,3000
80925201082,2019,56900,141900,198800
70923161099,2019,8000,7000,15000
81030206206,2019,57600,102500,160100
70824212206,2019,0,0,0
60801401097,2019,77200,133200,210400
60812323165,2019,28500,196500,225000
70913207100,2019,80700,235300,316000
71015119368,2019,46000,184800,230800
70921419060,2019,117900,409700,527600
71015204218,2019,71900,216700,288600
80935101058,2019,56100,154800,210900
70823211093,2019,79600,214100,293700
70935202039,2019,66200,223800,290000
71009313017,2019,538500,1561500,2100000
71010108225,2019,56000,181800,237800
70929123803,2019,0,1000,1000
70922327056,2019,145600,438700,584300
70824415206,2019,11300,87400,98700
60801109170,2019,66100,133400,199500
70814402106,2019,83300,162100,245400
71009309090,2019,69300,90700,160000
70820110040,2019,100,0,100
70928214059,2019,99700,278100,377800
70931312056,2019,103800,173200,277000
70922230168,2019,241600,542400,784000
70929304049,2019,91400,267700,359100
80925409214,2019,60300,132900,193200
70923159375,2019,8000,3500,11500
81031402217,2019,35900,115200,151100
71008102081,2019,43200,135100,178300
60802102131,2019,77300,174400,251700
71021221066,2019,72500,175200,247700
71005333019,2019,90400,258300,348700
71003417021,2019,49300,291500,340800
71006416202,2019,0,0,0
60811117155,2019,19100,166700,185800
60803103021,2019,103200,165600,268800
71004407237,2019,46500,146000,192500
70816304178,2019,168400,475000,643400
81034415043,2019,70500,224500,295000
70820105041,2019,100,0,100
71003412055,2019,50300,185700,236000
71022104237,2019,0,0,0
71022305231,2019,0,0,0
80924307112,2019,64100,228100,292200
81030314249,2019,57500,108500,166000
70936404064,2019,63700,130600,194300
80924422944,2019,400,1600,2000
70932302238,2019,0,0,0
70826212105,2019,18800,193000,211800
70920109076,2019,127300,165900,293200
60811112402,2019,132000,235000,367000
80926308150,2019,66200,177000,243200
71004317064,2019,58500,164500,223000
70919221162,2019,103000,228700,331700
70836407019,2019,65200,131800,197000
81032425193,2019,31800,128600,160400
71034104308,2019,72100,183600,255700
70931204138,2019,74800,153000,227800
71004401057,2019,44400,138300,182700
70833207040,2019,100300,285400,385700
70834418092,2019,20300,123300,143600
70836215040,2019,63900,214800,278700
70936307052,2019,62700,145200,207900
70920216904,2019,9200,260700,269900
81030303010,2019,64900,189500,254400
60811416177,2019,76400,221200,297600
70923140415,2019,1500,13500,15000
71016107023,2019,63200,145400,208600
70929405128,2019,89900,186700,276600
70926102066,2019,81300,230100,311400
81033207251,2019,44900,120100,165000
80924430997,2019,400,1600,2000
70814201144,2019,105000,323600,428600
70923212016,2019,1378000,10551000,11929000
60811423156,2019,69500,223100,292600
71009407042,2019,60200,135400,195600
71007117081,2019,69500,206200,275700
71007107214,2019,154800,426600,581400
60812302177,2019,68000,182400,250400
60801419066,2019,16600,185900,202500
70913213199,2019,63000,0,63000
71016417042,2019,62800,162800,225600
81026356289,2019,5200,0,5200
70828304108,2019,0,0,0
60803101322,2019,101000,207000,308000
70923156909,2019,5000,10000,15000
80936403198,2019,72500,182500,255000
70921414226,2019,122800,323800,446600
71006134094,2019,65400,224600,290000
70922323062,2019,94000,161000,255000
80925308341,2019,70000,86600,156600
81033202144,2019,38200,182400,220600
70824109205,2019,98600,268000,366600
70823404151,2019,32900,181500,214400
71015101050,2019,54700,158300,213000
71021225068,2019,127100,299800,426900
80925205208,2019,55700,117600,173300
70923145598,2019,8000,7000,15000
70836430010,2019,35000,97000,132000
80924412797,2019,400,1600,2000
60904105067,2019,80400,180700,261100
60802106216,2019,69100,150400,219500
70826419298,2019,0,4000,4000
70813112079,2019,100700,145500,246200
70920408329,2019,129500,224800,354300
71007303127,2019,108700,141300,250000
71009201105,2019,0,0,0
70823413235,2019,26800,195400,222200
70922315051,2019,130200,389500,519700
70926103246,2019,79000,194700,273700
71002314038,2019,63200,276500,339700
70912407024,2019,126200,217300,343500
70932303179,2019,0,0,0
71006107017,2019,35000,328800,363800
70813301028,2019,75000,330000,405000
60904113268,2019,91300,282600,373900
70913301100,2019,2200000,26300000,28500000
70836413082,2019,68300,128300,196600
60802419049,2019,73700,190800,264500
70929223380,2019,109700,225500,335200
70914404193,2019,143800,616400,760200
70829418289,2019,17000,0,17000
60801102075,2019,62300,165700,228000
70923317254,2019,86400,165200,251600
71011402022,2019,80600,248800,329400
60802411285,2019,67000,152100,219100
60906110246,2019,72000,146500,218500
81023306203,2019,35600,94400,130000
60802109096,2019,73800,166100,239900
71007201165,2019,105800,279200,385000
71011219063,2019,380000,7625000,8005000
70923153749,2019,1300,23700,25000
70918404066,2019,82700,377300,460000
71010201219,2019,53100,166400,219500
70814202085,2019,111600,242900,354500
60802312186,2019,98100,186900,285000
70924219730,2019,0,25000,25000
80924421780,2019,400,1600,2000
70828404106,2019,0,0,0
70929419038,2019,82300,255400,337700
81026364084,2019,3200,0,3200
60812328735,2019,0,1000,1000
70920216110,2019,9200,183300,192500
71005324208,2019,105800,317000,422800
80926203160,2019,61900,152900,214800
70923128065,2019,0,0,0
70921416107,2019,131100,496400,627500
80926303085,2019,67400,219600,287000
70823301026,2019,111000,10000,121000
70919227384,2019,28000,230400,258400
70923173789,2019,3300,5900,9200
60905112219,2019,45000,95300,140300
70928320111,2019,125400,344500,469900
81026206096,2019,100,0,100
71005345113,2019,65100,107000,172100
71011201119,2019,0,0,0
81028108068,2019,57100,121300,178400
70826419173,2019,0,4000,4000
70814424283,2019,108100,374200,482300
70823206094,2019,18100,219600,237700
71011124030,2019,56800,270700,327500
70913346205,2019,71300,261400,332700
71008102239,2019,40700,172300,213000
81022301072,2019,88000,297000,385000
71003320240,2019,48400,167100,215500
70836109219,2019,600,0,600
70913403245,2019,82300,278100,360400
70834301065,2019,170000,321800,491800
71016407100,2019,61900,160800,222700
70918415914,2019,10500,118100,128600
70920408155,2019,129500,234600,364100
70918410097,2019,145200,145000,290200
71034101114,2019,60100,147100,207200
71007309159,2019,216000,243000,459000
80926112262,2019,57800,161600,219400
80924431896,2019,400,1600,2000
81030215075,2019,4500,79300,83800
81031303035,2019,498700,3417000,3915700
70921213123,2019,69100,360000,429100
71010410050,2019,56600,164600,221200
71016107065,2019,66500,168000,234500
70824110145,2019,141900,319000,460900
70912425026,2019,9000,96500,105500
70930302066,2019,231000,316000,547000
81031404198,2019,36700,135200,171900
70912406092,2019,108100,198000,306100
70928223050,2019,109100,115900,225000
71010200956,2019,58400,172500,230900
81023306013,2019,35600,109400,145000
71004407071,2019,60800,165400,226200
71007115100,2019,79600,211400,291000
70824203172,2019,107500,360300,467800
60902103055,2019,20000,111000,131000
81034410134,2019,77000,234000,311000
70936408123,2019,60800,191200,252000
80925106109,2019,54500,126800,181300
81027206144,2019,79000,1000,80000
70931411163,2019,143100,168700,311800
81027103019,2019,506000,0,506000
71007221155,2019,127600,293000,420600
71003118017,2019,23100,154900,178000
70923411345,2019,27800,168200,196000
70920420076,2019,122900,177100,300000
71003414019,2019,59100,206300,265400
81031418115,2019,37900,145100,183000
70914438043,2019,1100,5900,7000
70815404028,2019,776000,7574000,8350000
60801412309,2019,75700,177700,253400
70935402043,2019,229900,649000,878900
70923310068,2019,52500,192800,245300
80925112065,2019,11400,260000,271400
60812201064,2019,82100,174800,256900
70931411155,2019,119400,136100,255500
71008102198,2019,38000,132600,170600
70823402296,2019,33300,228700,262000
60802307161,2019,19400,203500,222900
71003206086,2019,54300,217300,271600
70923146520,2019,8000,7000,15000
70921419268,2019,101000,302900,403900
70821105066,2019,120500,295000,415500
60812407175,2019,88600,190400,279000
70923144037,2019,8000,7000,15000
70836404148,2019,61900,136000,197900
81032104135,2019,26200,112600,138800
80935107072,2019,76900,240500,317400
60801310199,2019,253000,402000,655000
71006310032,2019,69200,129100,198300
60812202335,2019,89000,157800,246800
81033402017,2019,59200,155600,214800
70823313245,2019,16300,120900,137200
70923140564,2019,1500,13500,15000
71004406015,2019,51700,160400,212100
70823113067,2019,89400,315000,404400
81030306220,2019,68500,143600,212100
60803112189,2019,92700,356100,448800
71009405062,2019,63200,137800,201000
71007106109,2019,99200,354800,454000
70826212022,2019,18800,189800,208600
81034301143,2019,51400,279100,330500
71009108179,2019,57200,160800,218000
71035205270,2019,63800,227300,291100
70913317339,2019,288000,2843000,3131000
81034305038,2019,44200,165200,209400
70833105088,2019,141200,529700,670900
70825209195,2019,11000,29000,40000
71011220078,2019,11300,166900,178200
70836118129,2019,67300,207700,275000
81034414201,2019,67900,192200,260100
80925308044,2019,66000,108900,174900
71005221230,2019,65100,126400,191500
70917101283,2019,51500,302500,354000
71011120294,2019,37900,272800,310700
70821114380,2019,61300,229800,291100
70824110137,2019,128400,323100,451500
80924307039,2019,65100,247500,312600
71006128568,2019,89600,85300,174900
71016201221,2019,62400,142800,205200
70932415297,2019,53000,108700,161700
70836315048,2019,17300,193900,211200
70921213280,2019,78400,307600,386000
80926104110,2019,54500,146400,200900
70836203061,2019,76900,171500,248400
60812330475,2019,0,5000,5000
60906206342,2019,63000,138300,201300
70923143873,2019,44900,487500,532400
70920217100,2019,12000,276900,288900
71007219051,2019,126400,313500,439900
70814203166,2019,96900,254400,351300
71034111022,2019,19000,120800,139800
71003102036,2019,53100,242900,296000
60801122164,2019,70800,187900,258700
81032306020,2019,63500,309700,373200
70836216270,2019,5500,94900,100400
70929308223,2019,86200,210600,296800
70821304048,2019,800,0,800
70928325012,2019,0,0,0
70928217144,2019,96800,154000,250800
60801226312,2019,16200,160200,176400
70922439306,2019,92700,264300,357000
60802115382,2019,20500,123000,143500
70935112064,2019,101800,64200,166000
70919215066,2019,86900,155600,242500
81023205025,2019,0,0,0
71005410297,2019,56300,117900,174200
70928106074,2019,109100,170100,279200
71015102199,2019,53000,155700,208700
81034316069,2019,24300,122500,146800
70923177020,2019,0,0,0
71006421110,2019,136400,202000,338400
71014108180,2019,10700,167200,177900
71003203066,2019,53100,191900,245000
80924104071,2019,74600,313600,388200
70828321011,2019,13400,0,13400
70823404127,2019,39400,170300,209700
70932307072,2019,68600,125200,193800
70822106071,2019,52600,207400,260000
71012211034,2019,59100,207900,267000
81031208201,2019,39900,116100,156000
71002107566,2019,9500,156100,165600
70923411022,2019,35200,361800,397000
70921126144,2019,116700,275100,391800
81028108191,2019,59400,143300,202700
60811424170,2019,83300,220500,303800
71006305314,2019,62400,173800,236200
81026426016,2019,1000,0,1000
80924436812,2019,400,1600,2000
70912407115,2019,116300,147900,264200
70926213186,2019,0,0,0
81021303376,2019,46700,166100,212800
70920305070,2019,101800,192100,293900
70912404517,2019,134900,260100,395000
80924306156,2019,63000,210900,273900
60811114127,2019,106300,221800,328100
71001323080,2019,63500,244300,307800
71015101034,2019,56700,163900,220600
71010408170,2019,58100,193900,252000
70923174175,2019,3300,11700,15000
60802405030,2019,67100,181900,249000
60802409090,2019,68900,213500,282400
60905102228,2019,45000,143100,188100
70926403167,2019,80100,144400,224500
71010315200,2019,48700,138800,187500
70932108058,2019,147100,592200,739300
70814205097,2019,93400,207000,300400
60906115064,2019,57900,174300,232200
70834426087,2019,23400,95600,119000
70824402089,2019,100800,323700,424500
70920406133,2019,140600,291200,431800
80935103187,2019,60800,155400,216200
81026360123,2019,100,0,100
70914420074,2019,920000,506000,1426000
71009204018,2019,47900,147300,195200
80926304025,2019,64000,202100,266100
70924218203,2019,31600,420700,452300
70928114043,2019,104000,436000,540000
81034106288,2019,57800,162100,219900
70814301019,2019,0,0,0
80925219259,2019,53600,120600,174200
71002435131,2019,47700,241600,289300
70923165736,2019,31600,174000,205600
70913350355,2019,0,15000,15000
70928307010,2019,74500,154100,228600
70929309164,2019,96000,180700,276700
70919210082,2019,95000,117000,212000
70923167401,2019,6500,18500,25000
70920407090,2019,138600,211400,350000
70836405526,2019,74400,130100,204500
71005205193,2019,92900,114000,206900
70912442054,2019,9000,91300,100300
70912403238,2019,100500,214500,315000
71014203170,2019,61500,234800,296300
71006102174,2019,71400,132600,204000
70836406029,2019,58700,143100,201800
70929101122,2019,89900,244700,334600
60811421142,2019,16000,179100,195100
70923173698,2019,3300,5900,9200
60811415038,2019,76400,189400,265800
71030208055,2019,83800,343700,427500
71015207105,2019,74400,170700,245100
70923148873,2019,4200,800,5000
80925308242,2019,79000,80800,159800
81031405188,2019,36700,153400,190100
71014310040,2019,63100,223200,286300
70835303242,2019,89200,303000,392200
60906207134,2019,57800,171200,229000
70920411158,2019,136400,215200,351600
71002419151,2019,65200,71500,136700
70823121490,2019,20000,103200,123200
70835123252,2019,6500,69600,76100
71011122175,2019,34200,225700,259900
81031406029,2019,36700,155900,192600
70913110030,2019,81600,174200,255800
80936200958,2019,0,0,0
80927401151,2019,215800,355100,570900
70835304092,2019,78700,191700,270400
70913326132,2019,0,0,0
71006117214,2019,65300,211800,277100
71006440061,2019,18700,152300,171000
71015305032,2019,0,0,0
70914407072,2019,183500,646500,830000
70926110051,2019,80000,122800,202800
71030202130,2019,302900,226100,529000
71006423124,2019,59800,153200,213000
70912403189,2019,81300,176100,257400
71006114294,2019,63800,175300,239100
71010212026,2019,48800,214300,263100
70823404193,2019,35100,162000,197100
81026425068,2019,100,0,100
70836208318,2019,73700,306300,380000
71005309036,2019,62400,199700,262100
70826412515,2019,10000,76700,86700
80925206157,2019,55900,144700,200600
81030205133,2019,49000,148600,197600
60802437017,2019,30000,117500,147500
80924445920,2019,400,1600,2000
70922429026,2019,136300,237600,373900
71004313145,2019,57200,157100,214300
70922217059,2019,158400,344800,503200
71002437111,2019,51600,273900,325500
60812108096,2019,76900,175200,252100
70823304244,2019,89800,147300,237100
60802310122,2019,103400,283100,386500
71010311331,2019,54600,151700,206300
70914439033,2019,1000,7700,8700
81028118017,2019,10100,84100,94200
70932412079,2019,77000,123000,200000
70928112021,2019,108400,462500,570900
80925201149,2019,51800,165700,217500
71010412163,2019,59000,144800,203800
71035207383,2019,43900,198100,242000
70834216040,2019,90000,300700,390700
70920113118,2019,111900,234100,346000
70815104040,2019,539000,696000,1235000
60812329254,2019,13500,154300,167800
71005308236,2019,60300,164700,225000
70923160299,2019,8000,7000,15000
60812121361,2019,88800,207900,296700
70930416081,2019,75600,218200,293800
80924434923,2019,400,1600,2000
81026206195,2019,100,0,100
70821215071,2019,140000,0,140000
81028121614,2019,10800,90900,101700
70833113180,2019,99300,291900,391200
70813402579,2019,443100,276900,720000
70828406037,2019,0,0,0
70815308072,2019,178500,352000,530500
70919105209,2019,105600,277200,382800
70914420280,2019,0,0,0
71005405032,2019,35400,178600,214000
80925409123,2019,59900,129700,189600
71009413015,2019,68600,155200,223800
71021111085,2019,62600,141700,204300
81034310269,2019,71200,242300,313500
71002106055,2019,9500,113400,122900
70824200946,2019,303200,320100,623300
81032102163,2019,31400,92600,124000
70923304029,2019,99000,1200000,1299000
71019411497,2019,9000,68400,77400
71009212037,2019,58500,145700,204200
71001407066,2019,57200,177400,234600
70931201241,2019,1100000,2330000,3430000
70920104216,2019,89000,321000,410000
70913344225,2019,32700,340500,373200
70921118050,2019,135100,350100,485200
70931415032,2019,69500,164100,233600
70913422097,2019,80000,353400,433400
71011112126,2019,57400,233400,290800
70922237221,2019,134500,474500,609000
70823107010,2019,76700,178900,255600
71006439139,2019,10500,232400,242900
80925402218,2019,58400,155100,213500
70826204144,2019,14400,76100,90500
70828113062,2019,90100,212900,303000
60811116785,2019,18800,218100,236900
70918311138,2019,125500,107400,232900
71009318132,2019,64400,135600,200000
80936113052,2019,14900,102800,117700
70918319215,2019,20500,102600,123100
70834210084,2019,74400,247100,321500
70923143295,2019,44900,199600,244500
70930102127,2019,81000,287000,368000
60803113252,2019,149900,342800,492700
70814402114,2019,81100,212100,293200
70923318179,2019,52500,194200,246700
70921309104,2019,114800,257000,371800
81028120400,2019,0,5000,5000
71009217194,2019,46800,169400,216200
81033207011,2019,39900,125300,165200
71011301117,2019,0,0,0
71006126249,2019,52000,119300,171300
70932421111,2019,46100,78300,124400
71007202163,2019,87900,299300,387200
81030204135,2019,55600,123700,179300
70923138402,2019,21100,232700,253800
70922222107,2019,99300,257200,356500
80926306162,2019,65800,212500,278300
71011123090,2019,45200,275800,321000
70826412557,2019,8200,64000,72200
60804209084,2019,15000,0,15000
70935400972,2019,563000,1424000,1987000
71015201016,2019,49600,147400,197000
70913214163,2019,77000,158900,235900
70929213076,2019,70200,160600,230800
70922322163,2019,132000,301000,433000
71006111191,2019,71100,125400,196500
70914416031,2019,0,0,0
81015104144,2019,66300,201600,267900
70829107064,2019,79900,194000,273900
70824206316,2019,107500,181100,288600
70918211023,2019,101700,159100,260800
70815401090,2019,902000,756000,1658000
70824221067,2019,163900,0,163900
70923408326,2019,75400,177100,252500
70826211248,2019,13700,52900,66600
71011119304,2019,51000,243900,294900
71034104407,2019,68500,188100,256600
60812201147,2019,98400,134000,232400
81034404179,2019,0,0,0
80924303095,2019,81100,253900,335000
70922412039,2019,89500,199100,288600
70921407073,2019,142900,284900,427800
70923104015,2019,176000,925700,1101700
70824102275,2019,125900,347300,473200
80924301015,2019,0,0,0
71014210224,2019,57500,151400,208900
70835303193,2019,89200,284100,373300
81026353102,2019,64300,122500,186800
71006431234,2019,110100,307900,418000
60802108080,2019,69100,167900,237000
70923411113,2019,30500,281500,312000
70931404093,2019,0,0,0
70935205140,2019,52500,70500,123000
71007215083,2019,148100,161900,310000
70919303077,2019,102000,173000,275000
60804104135,2019,96600,326400,423000
71001318122,2019,64400,178300,242700
81034323022,2019,29100,108200,137300
70820115016,2019,100,0,100
70923315191,2019,100000,578100,678100
71012206291,2019,62100,227900,290000
70822414929,2019,15800,127200,143000
71003213031,2019,53100,171700,224800
70834428231,2019,20300,171700,192000
70834417101,2019,13200,0,13200
71030210167,2019,88100,141800,229900
81031224447,2019,130000,731900,861900
80925407028,2019,58400,114100,172500
80924426673,2019,400,1600,2000
71006406112,2019,68000,201000,269000
71011402197,2019,81400,307800,389200
70836115208,2019,74700,159300,234000
81033404120,2019,260500,0,260500
60811427083,2019,84600,179100,263700
70929205031,2019,89000,279000,368000
71006131173,2019,65100,156300,221400
70828436050,2019,0,0,0
71030201356,2019,0,0,0
70835301098,2019,123400,312500,435900
70920126020,2019,17900,247400,265300
70928101066,2019,107600,403400,511000
80925110358,2019,57600,119300,176900
70922435122,2019,172700,347400,520100
71023402028,2019,763000,3247400,4010400
71010313254,2019,58300,187100,245400
70816301124,2019,166000,432000,598000
70931404134,2019,102400,154800,257200
80925206248,2019,60700,125600,186300
70814419200,2019,15200,168000,183200
81026206129,2019,100,0,100
60812406119,2019,91600,133600,225200
60811204019,2019,116000,239900,355900
70835306262,2019,79200,190300,269500
70836405203,2019,64300,159000,223300
71003311231,2019,48000,146800,194800
71003306141,2019,57800,132400,190200
71014210216,2019,55100,152400,207500
81028121185,2019,0,0,0
70833403185,2019,273000,777000,1050000
71012210101,2019,59400,187200,246600
70828312060,2019,71000,304000,375000
71022305083,2019,44500,99000,143500
70918402151,2019,99100,257700,356800
70920406357,2019,143300,223400,366700
70814106021,2019,37100,182400,219500
70834427217,2019,25600,163400,189000
71014216230,2019,7500,122500,130000
81031201122,2019,39800,102400,142200
70932300951,2019,242000,454100,696100
70922323054,2019,99000,463000,562000
70919206057,2019,84300,188400,272700
80924417135,2019,9900,108800,118700
81028404242,2019,961500,762000,1723500
70930103034,2019,78600,221700,300300
70921125146,2019,124400,341100,465500
60804103145,2019,83200,336800,420000
71006315058,2019,100300,231700,332000
71005403185,2019,47300,162500,209800
60811403075,2019,76200,182000,258200
70826412622,2019,10000,78700,88700
70913333038,2019,27100,80500,107600
71001318057,2019,65300,187400,252700
60801234282,2019,15000,137300,152300
70921418046,2019,96000,245200,341200
70920124024,2019,15200,148300,163500
70923126358,2019,119000,496000,615000
81028401058,2019,50100,207300,257400
70923215101,2019,101700,547300,649000
70932208163,2019,14200,106800,121000
71011120062,2019,48000,252000,300000
71009106181,2019,207000,829000,1036000
71014201249,2019,54000,143700,197700
70921205013,2019,63000,567000,630000
71003410108,2019,49900,186700,236600
70919110414,2019,125700,115300,241000
70814403170,2019,90000,244700,334700
71015407135,2019,55100,237100,292200
70923413052,2019,1700,16300,18000
60904113242,2019,90100,293200,383300
70833411154,2019,46200,215800,262000
70814101021,2019,90800,312200,403000
70913128017,2019,14000,170500,184500
71006439014,2019,12600,299600,312200
70922405125,2019,127800,204500,332300
80925204010,2019,57600,155800,213400
81026360420,2019,100,0,100
71005303020,2019,57600,164400,222000
70825209442,2019,6000,17000,23000
71012215234,2019,17700,250900,268600
70931205011,2019,77900,193700,271600
70816405067,2019,191900,450400,642300
81034114025,2019,62600,170100,232700
71004301025,2019,59400,158600,218000
70926104145,2019,79200,210700,289900
60804102098,2019,82900,0,82900
70921126285,2019,121400,323900,445300
81023209069,2019,0,1200,1200
81028120690,2019,0,5000,5000
60811204142,2019,114500,215500,330000
70920419037,2019,112800,197400,310200
70914437326,2019,1100,5900,7000
70929302077,2019,78300,208400,286700
70814412030,2019,87500,161900,249400
70816316107,2019,168700,486500,655200
70912444042,2019,9000,91300,100300
71014306247,2019,57100,161400,218500
70918226072,2019,23300,103500,126800
70928214207,2019,99700,244400,344100
70828306071,2019,35000,23800,58800
70923159333,2019,8000,7000,15000
71002305079,2019,60500,234600,295100
71003402163,2019,46800,173700,220500
71010217084,2019,10600,109400,120000
81029404035,2019,0,0,0
60802409206,2019,75800,185700,261500
70813325185,2019,13600,164400,178000
71015114136,2019,43200,175700,218900
70925203112,2019,296500,171000,467500
70826407079,2019,69900,165500,235400
60811114193,2019,100300,242800,343100
70923143899,2019,44900,536500,581400
71004311149,2019,54100,125200,179300
81031212278,2019,39200,114900,154100
70829101032,2019,0,0,0
70828413058,2019,0,0,0
70822414565,2019,17400,133800,151200
71009318166,2019,66500,110600,177100
70920307133,2019,103200,218800,322000
60811112189,2019,105600,232800,338400
60901101026,2019,62500,145700,208200
81034206195,2019,68300,140000,208300
80924309093,2019,65700,176900,242600
81035115056,2019,100,0,100
70919302087,2019,94300,285800,380100
71011414019,2019,35700,153600,189300
70822200964,2019,0,0,0
70919227459,2019,30300,239400,269700
71014202130,2019,64200,161100,225300
70821408254,2019,110000,361700,471700
70821213182,2019,100,0,100
71004409043,2019,708000,385000,1093000
70914439421,2019,1000,8400,9400
71006309019,2019,0,0,0
70934309365,2019,15700,98600,114300
71014107067,2019,12300,169400,181700
81015108021,2019,57400,184200,241600
80925307252,2019,149500,58500,208000
71015202220,2019,63500,200000,263500
70913108150,2019,85600,177800,263400
71005218138,2019,65100,108900,174000
70928319073,2019,239300,557000,796300
60905210013,2019,0,0,0
70918103056,2019,428400,333500,761900
81034308090,2019,0,0,0
70814207192,2019,95600,262400,358000
81032419013,2019,43500,144100,187600
70823307149,2019,80000,163300,243300
81026419095,2019,100,0,100
70923104065,2019,210000,790000,1000000
70929428112,2019,125200,272000,397200
71010106237,2019,48600,210400,259000
70921116020,2019,112400,211200,323600
70913350793,2019,0,8000,8000
70923411733,2019,31100,283900,315000
70932301024,2019,142000,48000,190000
70823109058,2019,18200,139300,157500
71009212079,2019,51500,155400,206900
70823402022,2019,33300,206200,239500
71014202198,2019,54300,160000,214300
70913221051,2019,15600,0,15600
71010311323,2019,54600,160400,215000
81021406055,2019,58500,188400,246900
70813103060,2019,139400,137500,276900
70935114010,2019,49600,140900,190500
60801235082,2019,10000,132000,142000
60801121033,2019,74300,132200,206500
70922439067,2019,72500,239100,311600
70901113822,2019,24600,99700,124300
70919110365,2019,128400,71400,199800
71014202073,2019,54700,156300,211000
71010313262,2019,56700,104500,161200
70931203073,2019,65900,163900,229800
70815308303,2019,195000,352700,547700
71021106078,2019,60100,128100,188200
70914436211,2019,99700,570300,670000
60801413125,2019,0,0,0
71021103181,2019,153500,256500,410000
70918412027,2019,130600,275800,406400
70919411151,2019,106700,231400,338100
70923161437,2019,8000,7000,15000
70932401270,2019,167400,357900,525300
80924427796,2019,400,1600,2000
70824203213,2019,114700,331200,445900
70929123407,2019,10300,186700,197000
70922213081,2019,195900,562700,758600
70826412151,2019,8200,63400,71600
71022305140,2019,0,0,0
81021307063,2019,57800,146500,204300
81033206071,2019,54600,125000,179600
71005204062,2019,75000,123500,198500
70920217241,2019,400,14600,15000
71016206180,2019,68000,161100,229100
71007111273,2019,87900,401000,488900
70835112180,2019,137500,249500,387000
71009316037,2019,68800,159500,228300
71003319186,2019,56400,219100,275500
81034306010,2019,48600,170600,219200
70922434059,2019,69400,246100,315500
80924428900,2019,400,1600,2000
70834427267,2019,25600,164400,190000
60802418190,2019,62800,175200,238000
71005401212,2019,55100,89800,144900
70928221129,2019,107000,208900,315900
71015205050,2019,51600,204400,256000
70834428455,2019,20300,189200,209500
60901202064,2019,60400,154900,215300
70825106036,2019,0,0,0
81023304413,2019,35600,131100,166700
80935107882,2019,53900,179500,233400
70922438168,2019,78200,101800,180000
70824211084,2019,105800,237500,343300
70931305150,2019,99000,171500,270500
70923174919,2019,3300,11700,15000
70932416089,2019,95000,205000,300000
81023305057,2019,35600,91400,127000
71035112102,2019,70900,283400,354300
71009411217,2019,62000,167400,229400
70923304110,2019,198000,3694000,3892000
70931415173,2019,72700,163100,235800
80924409041,2019,8000,140500,148500
60801311048,2019,67300,199300,266600
71011122167,2019,34200,230500,264700
70814429184,2019,41400,263800,305200
70814403047,2019,88200,166500,254700
70921313072,2019,131000,198900,329900
60801409265,2019,71800,168300,240100
81032415087,2019,0,0,0
70935111991,2019,96600,201700,298300
70931408128,2019,87900,174900,262800
80924440087,2019,13300,229800,243100
71011405068,2019,93700,303900,397600
81030314207,2019,58700,176800,235500
70920409179,2019,129500,195900,325400
81021413183,2019,45800,132900,178700
70921414169,2019,142900,301400,444300
70912410035,2019,547900,355100,903000
60906201409,2019,72200,158700,230900
71002417212,2019,18600,0,18600
71016117064,2019,64200,156300,220500
81032102113,2019,31700,62400,94100
70826418357,2019,21200,84800,106000
60801219078,2019,73100,160200,233300
70814424035,2019,81600,244900,326500
70813318015,2019,88500,312500,401000
71015115126,2019,50700,158600,209300
70828409049,2019,0,0,0
70817402137,2019,0,0,0
70931102192,2019,109200,98200,207400
71009209117,2019,65100,193000,258100
70826419503,2019,0,4000,4000
71010310309,2019,54200,171000,225200
70913106146,2019,98800,251200,350000
70923412195,2019,1700,16300,18000
71019411158,2019,9000,138200,147200
60812405062,2019,81900,199700,281600
70826304027,2019,484000,3060000,3544000
60812407381,2019,80000,198100,278100
71002306027,2019,61400,253600,315000
70922401032,2019,154000,5000,159000
71003306125,2019,53700,138500,192200
70828436034,2019,0,0,0
60812330459,2019,0,5000,5000
81033204190,2019,71200,136400,207600
70824207132,2019,107500,237300,344800
70928214182,2019,99700,144500,244200
60811407085,2019,83100,207100,290200
70924218237,2019,43200,547200,590400
70932107125,2019,126000,208400,334400
71010212191,2019,53700,175600,229300
71021206034,2019,58600,159600,218200
70913123059,2019,0,0,0
70913202077,2019,96500,224700,321200
71004312238,2019,58500,158600,217100
71002101063,2019,54100,0,54100
71005312013,2019,63100,220400,283500
70919409247,2019,106200,240500,346700
70921211135,2019,74000,185400,259400
71006212139,2019,66000,225700,291700
70918415831,2019,10500,109000,119500
70929105041,2019,98500,252100,350600
70835315198,2019,51900,392400,444300
81026352047,2019,41100,193800,234900
70833119245,2019,63200,241600,304800
71006312145,2019,48200,185700,233900
70920420109,2019,124100,194500,318600
60801109253,2019,63600,168300,231900
71015109012,2019,58300,134100,192400
80924310173,2019,71300,267300,338600
70835209101,2019,78200,167600,245800
70835203137,2019,160800,397000,557800
70928315104,2019,105900,245100,351000
70913309534,2019,65900,285300,351200
70923132107,2019,202600,399400,602000
60904113052,2019,89800,225200,315000
81033401051,2019,61000,509000,570000
71007211073,2019,0,0,0
70923165364,2019,39600,197400,237000
70814417139,2019,99400,193700,293100
71006412127,2019,68000,294500,362500
71015103080,2019,67900,138200,206100
70823413491,2019,29100,176900,206000
70913109075,2019,68000,184600,252600
70923130135,2019,183500,230100,413600
71007220339,2019,123800,269100,392900
70826417739,2019,21500,122400,143900
70823101046,2019,81400,153000,234400
70913350298,2019,0,15000,15000
71010315151,2019,48700,146900,195600
71035118192,2019,74000,199500,273500
70815305101,2019,0,0,0
70912418039,2019,9000,80000,89000
70936403115,2019,65900,174600,240500
70823205260,2019,18100,257200,275300
70829420036,2019,16000,0,16000
70928206105,2019,89900,166600,256500
70912437055,2019,9000,99500,108500
70918312227,2019,216100,113200,329300
81031229124,2019,47400,94800,142200
81030209086,2019,57100,101700,158800
71005333134,2019,99200,271700,370900
70813319055,2019,15800,114200,130000
70923123362,2019,190800,165600,356400
70816403160,2019,179600,475200,654800
70932202230,2019,121600,326400,448000
60801201314,2019,67400,174500,241900
60802316039,2019,18000,206400,224400
70815403236,2019,99000,321000,420000
70816411022,2019,203300,375300,578600
70923174076,2019,3300,11700,15000
60811108104,2019,105200,279800,385000
71009218176,2019,50300,142800,193100
70826211214,2019,18300,67500,85800
81028108464,2019,83500,125700,209200
81031218193,2019,38100,123600,161700
71021104030,2019,61000,159600,220600
70919413165,2019,110900,401300,512200
60802413364,2019,64200,184400,248600
70931306190,2019,99000,127700,226700
60905102038,2019,53600,110800,164400
70835123385,2019,6500,73200,79700
71004403053,2019,88000,290300,378300
70919409148,2019,98800,232300,331100
80924429049,2019,11400,189500,200900
70928317035,2019,161200,655800,817000
60906106097,2019,67600,154600,222200
70920216475,2019,10700,355000,365700
70912405101,2019,106400,221400,327800
71014214151,2019,8100,116600,124700
81030315031,2019,61300,151600,212900
70918411152,2019,130600,147500,278100
70931307255,2019,101000,138400,239400
70918312087,2019,361200,108000,469200
71006401162,2019,59700,177300,237000
71009106107,2019,444500,1096500,1541000
80924425071,2019,11000,195000,206000
71015304068,2019,503000,447000,950000
70913314038,2019,178800,189200,368000
70813314229,2019,9800,166200,176000
71014209079,2019,62600,139200,201800
70816314135,2019,125700,245800,371500
81034315061,2019,25000,115000,140000
70924219540,2019,0,25000,25000
70922431097,2019,59900,245100,305000
60812116106,2019,82000,188300,270300
70918320155,2019,20500,66800,87300
71021109204,2019,65800,125200,191000
60812313497,2019,33100,221500,254600
71006307188,2019,71100,192900,264000
71015117247,2019,55400,210200,265600
70816413028,2019,50400,271600,322000
71006113387,2019,38100,154500,192600
71012202215,2019,63600,202600,266200
70921127134,2019,13200,180300,193500
70821402024,2019,116400,326000,442400
60811303134,2019,88500,179800,268300
60812102204,2019,103100,192500,295600
70923160562,2019,8000,7000,15000
70933201091,2019,170100,567500,737600
70834302013,2019,190900,397800,588700
70823108109,2019,98500,259700,358200
80925303101,2019,69700,116400,186100
71015302161,2019,65000,175000,240000
70923156058,2019,5000,10000,15000
70913125310,2019,133000,121800,254800
70824216084,2019,107800,177000,284800
71011410075,2019,46800,171300,218100
71005301107,2019,61900,178500,240400
71007309183,2019,128500,342700,471200
70926416029,2019,45300,50700,96000
70913108168,2019,84200,138700,222900
70921126178,2019,128000,360900,488900
60904113292,2019,91200,420000,511200
71015203161,2019,35700,164800,200500
71004302643,2019,56400,135900,192300
70912447012,2019,9000,91300,100300
70931404085,2019,101900,162600,264500
70921403261,2019,142900,365200,508100
70815403187,2019,88000,250000,338000
71019404038,2019,91200,147100,238300
70923142049,2019,44900,363100,408000
70828408075,2019,0,0,0
70836405344,2019,67900,150900,218800
70828432066,2019,0,0,0
70922302032,2019,97000,305400,402400
60812405591,2019,77800,194900,272700
71006310107,2019,69200,133400,202600
81032430283,2019,0,0,0
70919402192,2019,114500,305300,419800
81026206046,2019,100,0,100
70913106344,2019,79900,243500,323400
70829108038,2019,86000,143200,229200
71015402086,2019,43300,200200,243500
60902205091,2019,110000,509500,619500
80925118758,2019,800,1200,2000
71009412132,2019,63500,95000,158500
70918303185,2019,75400,108600,184000
70815309145,2019,63400,342600,406000
80936412157,2019,74300,162200,236500
80925210306,2019,54000,184900,238900
70822109059,2019,50300,167600,217900
70836310915,2019,0,2000,2000
70907300837,2019,100,100,200
60803119333,2019,82600,412400,495000
70928202070,2019,95500,268100,363600
71005405149,2019,41800,130200,172000
70828305099,2019,71000,0,71000
60802415063,2019,123000,527000,650000
70931104312,2019,97200,229800,327000
60811404099,2019,76400,223600,300000
80925108155,2019,53400,121300,174700
80924411955,2019,400,1600,2000
60802105086,2019,73700,204400,278100
81034207127,2019,0,0,0
70921219030,2019,128900,240000,368900
81021413026,2019,52800,168400,221200
71001311019,2019,0,0,0
80935102246,2019,48700,107200,155900
70923170256,2019,600,100,700
60801225455,2019,15000,143900,158900
70923153195,2019,1300,23700,25000
81023207469,2019,33600,141800,175400
81033207110,2019,45000,122200,167200
71009312142,2019,68800,123100,191900
70934404090,2019,204000,615000,819000
70929117179,2019,89900,254900,344800
70826412656,2019,8200,64000,72200
81031228027,2019,56100,171400,227500
71010311026,2019,54600,171200,225800
81021303178,2019,56800,161600,218400
70821307026,2019,680000,0,680000
70929213092,2019,71100,197500,268600
70936406284,2019,64500,154600,219100
60811421192,2019,16000,179000,195000
60801306099,2019,77300,222500,299800
70913337949,2019,3500,11500,15000
81023206023,2019,0,0,0
71011124163,2019,43800,316700,360500
60804208078,2019,104900,360000,464900
70829105232,2019,42500,282000,324500
71006209144,2019,69200,151600,220800
71007215314,2019,99200,182100,281300
70919107015,2019,240900,221200,462100
81032416134,2019,46900,142000,188900
60802438023,2019,35500,123200,158700
71010110254,2019,56000,191600,247600
70928306137,2019,91100,126500,217600
70928103228,2019,106000,361500,467500
71030210208,2019,83200,139500,222700
70923152535,2019,44100,908300,952400
70826412755,2019,8200,61800,70000
70929413098,2019,88900,181100,270000
81033308091,2019,6400,64800,71200
70921214171,2019,117900,114300,232200
70921217018,2019,2815000,10531000,13346000
81031201198,2019,45900,139000,184900
70930409101,2019,90800,194100,284900
81034310053,2019,82000,363000,445000
71010205196,2019,53600,187100,240700
71035103169,2019,68900,318200,387100
70920219312,2019,0,0,0
70823313039,2019,16300,122300,138600
70913413088,2019,88000,297800,385800
71006129178,2019,43300,114400,157700
70836203326,2019,75100,175900,251000
71006206249,2019,37600,128700,166300
71001330085,2019,25200,125200,150400
60801304100,2019,74100,170100,244200
81026416075,2019,2300,0,2300
70923145358,2019,8000,7000,15000
70929422122,2019,146900,311900,458800
60904113151,2019,92400,374100,466500
70929203100,2019,72800,188000,260800
60804210057,2019,17600,0,17600
71010410258,2019,65100,199800,264900
70813103119,2019,57800,124600,182400
70923316082,2019,77200,262700,339900
70929420085,2019,143800,442600,586400
60812109185,2019,76300,207800,284100
71005313152,2019,56000,309000,365000
71009414047,2019,60900,170300,231200
70833203197,2019,111600,165000,276600
71006110143,2019,69200,142900,212100
70928312035,2019,122900,317100,440000
70834430012,2019,36900,154000,190900
70920104175,2019,89000,321000,410000
80924306015,2019,67200,288000,355200
70835315312,2019,51900,398600,450500
60801401013,2019,80400,133600,214000
70922320240,2019,121400,330200,451600
71009220105,2019,38000,188400,226400
60801316311,2019,24000,135400,159400
80924400982,2019,0,0,0
70923150761,2019,58200,352600,410800
80925410253,2019,70000,166500,236500
71001108044,2019,59100,188900,248000
70926217047,2019,152800,187700,340500
70828105051,2019,107700,219800,327500
71006312286,2019,106200,226700,332900
70814312280,2019,26100,260000,286100
81031401110,2019,35900,126400,162300
71002310185,2019,50800,259100,309900
70920110130,2019,151400,264400,415800
60802314207,2019,102200,232000,334200
71006401170,2019,59200,172800,232000
71035207135,2019,43900,221600,265500
81028119221,2019,0,0,0
71006109237,2019,70400,49100,119500
70813113077,2019,115200,275100,390300
60906108176,2019,61800,163200,225000
60812117211,2019,72500,173500,246000
70923159177,2019,8000,7000,15000
71005415114,2019,76400,227700,304100
70924219590,2019,0,25000,25000
71011113091,2019,72700,279800,352500
71015114285,2019,71100,136400,207500
70833205755,2019,26400,283500,309900
70935305049,2019,286000,786300,1072300
71007116231,2019,81800,298300,380100
70933204227,2019,153900,423900,577800
60801105128,2019,66700,185100,251800
80924408845,2019,400,1600,2000
60802312128,2019,98100,260600,358700
70834307237,2019,192800,436400,629200
81026367046,2019,3200,0,3200
70923171197,2019,1100,800,1900
70836310163,2019,14900,114300,129200
70922346668,2019,0,15000,15000
60801212121,2019,80100,155600,235700
80926409114,2019,12000,161100,173100
70835306048,2019,97100,235700,332800
71012205318,2019,63600,189500,253100
71016109037,2019,63300,162200,225500
71010314260,2019,56700,170100,226800
81032420185,2019,74700,110500,185200
71006311204,2019,75600,140800,216400
71030201017,2019,327000,88000,415000
80926114036,2019,18300,127200,145500
71012210185,2019,58000,197800,255800
70826419587,2019,0,4000,4000
70921106055,2019,121000,385000,506000
70913318113,2019,143800,503100,646900
80926206031,2019,67700,183400,251100
60811439062,2019,20000,193800,213800
81031206023,2019,49400,119000,168400
70824204162,2019,119400,250500,369900
60811304182,2019,92100,277400,369500
70933202031,2019,155400,394100,549500
60904113101,2019,103100,299100,402200
71006112339,2019,67900,173800,241700
70836301063,2019,82700,182200,264900
71002305045,2019,60100,245100,305200
70814430355,2019,19700,226100,245800
71014215795,2019,7800,113500,121300
70924220480,2019,0,5000,5000
60905214271,2019,4200,47600,51800
80924101366,2019,78100,251300,329400
70920219817,2019,0,0,0
71003104107,2019,56100,196600,252700
70836420178,2019,0,0,0
60812114085,2019,74600,182800,257400
71014215216,2019,7800,126500,134300
70913334010,2019,0,0,0
60812307086,2019,79200,200700,279900
71006417052,2019,60600,139400,200000
71003106153,2019,53100,150100,203200
70913213339,2019,278800,524400,803200
71006210092,2019,69200,41100,110300
70929110173,2019,89900,273400,363300
70828406011,2019,0,0,0
70816309037,2019,171700,476200,647900
71003214097,2019,53100,198400,251500
81028119817,2019,10100,91000,101100
70929124116,2019,0,10000,10000
70816405174,2019,192200,468500,660700
81034305103,2019,44100,123100,167200
80925214259,2019,57600,140800,198400
70921222059,2019,131400,323000,454400
70933203237,2019,236300,521100,757400
71005402260,2019,42500,120000,162500
70918404082,2019,83500,188700,272200
70826416955,2019,23000,139000,162000
80936106081,2019,14900,94800,109700
60812217079,2019,33100,177400,210500
70835309208,2019,86600,188400,275000
70836310270,2019,14900,114600,129500
71015113071,2019,46500,166400,212900
81021303269,2019,47500,168800,216300
70932409216,2019,79800,170100,249900
70924221222,2019,107600,174900,282500
80924421095,2019,9900,170700,180600
71010401033,2019,55700,161700,217400
70926103064,2019,77500,155600,233100
70820118060,2019,100,0,100
70922113075,2019,479000,8131000,8610000
70835114045,2019,180600,260100,440700
70823106038,2019,89400,192100,281500
71011409078,2019,90600,287300,377900
70826202065,2019,567000,523000,1090000
70922230035,2019,187300,492700,680000
70936305262,2019,68800,175100,243900
71016206221,2019,60400,189600,250000
71004302346,2019,57500,151200,208700
81030206024,2019,55400,89600,145000
71011402155,2019,88600,290800,379400
80924408895,2019,400,1600,2000
70923169085,2019,6500,18500,25000
70931413078,2019,98400,257900,356300
80936206055,2019,55600,176600,232200
71010205154,2019,58400,193200,251600
70814428243,2019,15200,178800,194000
70921125138,2019,124400,276900,401300
81032100927,2019,0,0,0
71011402121,2019,118500,271400,389900
70836410137,2019,55100,137200,192300
71014304176,2019,58300,276600,334900
70923153997,2019,1300,23700,25000
80926103302,2019,54300,127000,181300
81031206164,2019,39800,107600,147400
71005331039,2019,98100,149900,248000
71003319087,2019,54000,162600,216600
81019302223,2019,59800,169700,229500
81028116029,2019,56900,164800,221700
70835125109,2019,500,1500,2000
70930305052,2019,314000,518000,832000
70922423086,2019,107200,245400,352600
70816305209,2019,131000,286000,417000
70836405138,2019,55100,150000,205100
60801310066,2019,72500,166700,239200
71010201102,2019,58400,152200,210600
71003115021,2019,21400,147300,168700
81021413167,2019,53400,142400,195800
60801223053,2019,16900,155600,172500
70920110057,2019,86900,150700,237600
81034203307,2019,0,0,0
70913414135,2019,81000,178000,259000
70813310029,2019,19100,213900,233000
70927101017,2019,69400,191100,260500
70835206040,2019,97100,275500,372600
70922405266,2019,127800,257200,385000
80935106040,2019,66400,187200,253600
60812405517,2019,77600,179300,256900
81032305014,2019,232000,398000,630000
71023301072,2019,0,0,0
60812407430,2019,0,0,0
71002314252,2019,4300,0,4300
81033307035,2019,0,0,0
70929404013,2019,0,0,0
70813333146,2019,26300,256800,283100
71007310255,2019,541100,310700,851800
70833205010,2019,31000,280700,311700
60801103156,2019,71900,203100,275000
71005307105,2019,65900,234500,300400
70834428033,2019,20000,192500,212500
70836110167,2019,73300,263500,336800
70921125039,2019,124400,362200,486600
70931409100,2019,89400,170500,259900
70913402289,2019,98000,348300,446300
70826211743,2019,10000,51500,61500
60811302285,2019,88500,226400,314900
71003312130,2019,49300,145800,195100
71003304103,2019,53600,146300,199900
71004302495,2019,48000,146500,194500
70918415550,2019,9500,33800,43300
80925403117,2019,56300,148100,204400
70913105130,2019,136200,188100,324300
60904105265,2019,82000,157800,239800
60812105034,2019,78000,195600,273600
70901113591,2019,14300,83200,97500
70923156537,2019,5000,10000,15000
71014204011,2019,58200,196700,254900
60802410336,2019,65300,217700,283000
71005412144,2019,63100,162000,225100
81022102040,2019,0,0,0
70921210054,2019,67700,114100,181800
60811304017,2019,85800,333500,419300
70932205177,2019,308000,1677000,1985000
71010307033,2019,53600,180600,234200
70936309074,2019,59700,176700,236400
81026418097,2019,100,0,100
70835123286,2019,6500,69600,76100
70935300891,2019,17000,0,17000
70922218015,2019,186600,467100,653700
70836115282,2019,74800,223000,297800
80935107121,2019,76900,256400,333300
71009313083,2019,106400,145700,252100
60801302047,2019,72100,145300,217400
81023207500,2019,33600,128500,162100
70913309170,2019,58700,267300,326000
71016203194,2019,64900,202500,267400
70922410083,2019,127800,427000,554800
70826421285,2019,0,4000,4000
70932424058,2019,55200,95300,150500
80926303134,2019,67400,197600,265000
70919401293,2019,145400,236400,381800
70826422126,2019,0,0,0
70826315157,2019,36800,202900,239700
70813110148,2019,132800,283200,416000
70931414456,2019,79900,155100,235000
70931103116,2019,100400,88600,189000
70826313416,2019,75700,260600,336300
70920220864,2019,0,2500,2500
71007219069,2019,126400,343200,469600
70923160364,2019,8000,7000,15000
70835203046,2019,140700,357400,498100
70929302093,2019,87400,306800,394200
81032420010,2019,43700,116100,159800
70822109067,2019,51400,147400,198800
70913318288,2019,288000,1593000,1881000
60801234191,2019,15000,140900,155900
70920213067,2019,134900,591500,726400
70823311348,2019,13100,137800,150900
70814203067,2019,0,0,0
81028107078,2019,56000,151000,207000
60812121436,2019,81000,192600,273600
70919201049,2019,65700,118300,184000
81019301027,2019,60400,151800,212200
71001319089,2019,65000,171900,236900
71015211213,2019,0,0,0
70901102164,2019,51000,117300,168300
81034316043,2019,24300,134500,158800
81034406109,2019,60000,183800,243800
70932421020,2019,48000,79900,127900
70920405078,2019,114400,164600,279000
71010218066,2019,10900,105200,116100
70931102027,2019,140600,231400,372000
60812117261,2019,68600,192800,261400
71020308097,2019,10200,118300,128500
70923211315,2019,65700,534300,600000
70932203311,2019,98500,302800,401300
81034324038,2019,30000,89800,119800
71007226113,2019,81100,115800,196900
71007112122,2019,84900,242100,327000
70929113086,2019,89800,197300,287100
81028304096,2019,186000,0,186000
70813404111,2019,112100,192400,304500
60812117253,2019,70400,194800,265200
70923159466,2019,8000,7000,15000
71003317106,2019,54000,171000,225000
70816402261,2019,161700,406100,567800
70934401062,2019,215000,221000,436000
70922204098,2019,152000,163000,315000
81021415048,2019,55200,135600,190800
71003306076,2019,57600,131800,189400
70913347104,2019,2500,12500,15000
70933204095,2019,156200,378800,535000
70919403215,2019,109600,237200,346800
70815306167,2019,204400,406300,610700
60811116248,2019,18800,216200,235000
70920415093,2019,118100,213500,331600
70918322292,2019,0,2000,2000
81021307047,2019,57800,207800,265600
71009225189,2019,69500,100400,169900
70929413022,2019,90200,252300,342500
81032310063,2019,38900,146300,185200
60811440069,2019,32700,192400,225100
70920306078,2019,99600,226100,325700
71003303105,2019,52600,148300,200900
70836210074,2019,11400,115800,127200
71011302066,2019,67000,155900,222900
71003204163,2019,53100,167900,221000
71003401040,2019,50800,166100,216900
71014120019,2019,70800,148200,219000
71016207237,2019,76200,155300,231500
80925308200,2019,72200,98700,170900
70922406058,2019,50000,286000,336000
71011118299,2019,30500,231200,261700
70824415016,2019,12500,100300,112800
70913354183,2019,0,15000,15000
70923149011,2019,7300,200,7500
81021416294,2019,0,0,0
80926110349,2019,52900,174800,227700
70913417056,2019,240000,1000,241000
70919208110,2019,94200,105700,199900
70931302031,2019,112900,113800,226700
70828421051,2019,0,0,0
70822116038,2019,29600,315400,345000
81033308083,2019,6400,64800,71200
70923115294,2019,956300,7600000,8556300
80926203045,2019,68200,260700,328900
60812304313,2019,74400,204600,279000
60801413076,2019,81500,163200,244700
60801412060,2019,80300,186400,266700
71007243240,2019,0,15000,15000
71016115125,2019,59900,106600,166500
70923217024,2019,0,0,0
70828401011,2019,0,0,0
81032314122,2019,12000,121000,133000
70927102049,2019,93600,357500,451100
70835320056,2019,91400,336600,428000
70923232064,2019,0,0,0
70922304103,2019,297000,155000,452000
71021208072,2019,59400,132700,192100
71011213114,2019,52300,207200,259500
60801119046,2019,66700,150300,217000
60812302391,2019,67600,191300,258900
60812330144,2019,0,5000,5000
81034316085,2019,24300,127700,152000
81015105035,2019,57600,207500,265100
70923148469,2019,4200,800,5000
71007221147,2019,86100,0,86100
70914404185,2019,280700,109000,389700
70921315052,2019,104600,217500,322100
70914439372,2019,1000,8400,9400
70928324072,2019,145400,349400,494800
60902103154,2019,20000,110000,130000
80925306444,2019,57200,94400,151600
71006309051,2019,45700,121100,166800
60903201048,2019,86800,184400,271200
71006211115,2019,76300,177600,253900
60906106162,2019,62000,179600,241600
71003304046,2019,48100,143800,191900
70814430280,2019,19700,212300,232000
70919201023,2019,56100,161200,217300
71022302972,2019,50900,171600,222500
81028104090,2019,59000,130400,189400
70926216213,2019,111000,324000,435000
70923137967,2019,1200,4800,6000
71021222270,2019,69300,166600,235900
70919107320,2019,97700,251900,349600
70920217291,2019,400,14600,15000
70929116098,2019,114800,244000,358800
71010104166,2019,53500,230300,283800
70921116038,2019,122900,275000,397900
70922336130,2019,145600,310600,456200
71016110125,2019,62400,119900,182300
71030210232,2019,84800,155400,240200
81032420086,2019,43700,107200,150900
70933203188,2019,153900,670100,824000
71016104061,2019,63300,130700,194000
81031410228,2019,38200,126200,164400
70928314081,2019,157700,443300,601000
81032419310,2019,39800,111200,151000
70828444079,2019,0,0,0
70920216368,2019,9600,316400,326000
70920126088,2019,15200,167400,182600
60904103128,2019,78500,167500,246000
70932106119,2019,156800,507100,663900
70828314595,2019,20600,0,20600
70816407063,2019,162200,429500,591700
80924438800,2019,400,1600,2000
70922327288,2019,130100,460800,590900
60906207077,2019,61800,150100,211900
70921410167,2019,188700,274800,463500
81031209142,2019,56200,167900,224100
70823112100,2019,89400,263200,352600
60902202039,2019,121000,219000,340000
70935201213,2019,40900,84200,125100
81034107385,2019,61800,155900,217700
71005345098,2019,65100,113600,178700
71006301130,2019,63000,252000,315000
70813108078,2019,118600,159600,278200
71010301069,2019,53600,132900,186500
70931408037,2019,68600,139000,207600
81031226120,2019,52400,112100,164500
81023308168,2019,35600,91400,127000
71035114116,2019,69300,268700,338000
81021107166,2019,59800,192200,252000
70929310054,2019,100400,214500,314900
71027417081,2019,80900,178700,259600
71026404047,2019,72200,339700,411900
81027300863,2019,491000,2127000,2618000
70823208298,2019,148300,406800,555100
80925121909,2019,800,1200,2000
70921414234,2019,129200,412500,541700
70931407089,2019,69500,160500,230000
60811114276,2019,125100,305700,430800
60802106117,2019,71100,171700,242800
70931307065,2019,99000,142000,241000
81034413063,2019,68800,204200,273000
70929101130,2019,89900,257100,347000
71010105073,2019,55600,198600,254200
71015201339,2019,77600,232700,310300
71034104192,2019,71000,205400,276400
60906207217,2019,62000,165900,227900
60811103378,2019,113400,287800,401200
81021413224,2019,54600,159400,214000
70913103019,2019,88000,205600,293600
80925413059,2019,54000,177400,231400
71010301415,2019,63500,179500,243000
71005405024,2019,59000,103800,162800
71016202170,2019,107700,262800,370500
70920110213,2019,132000,661000,793000
70836218010,2019,25100,145600,170700
71021108058,2019,61000,130600,191600
70824212173,2019,206000,389800,595800
70913344035,2019,19900,213900,233800
70923170800,2019,0,0,0
60801413191,2019,68600,148000,216600
81028114106,2019,59400,139700,199100
70833109139,2019,80400,220000,300400
70930104347,2019,85400,242900,328300
70823102268,2019,74800,366800,441600
70928313091,2019,122900,241800,364700
70936308018,2019,60300,157700,218000
70829402167,2019,14200,0,14200
70921417105,2019,151400,448800,600200
71006131058,2019,50200,174600,224800
71014202172,2019,55700,144100,199800
60904111262,2019,87200,239600,326800
70919410111,2019,106700,198900,305600
70920220872,2019,0,2200,2200
80925402193,2019,59700,149800,209500
80924411781,2019,400,1600,2000
70926112099,2019,80300,128100,208400
70825209327,2019,9000,24000,33000
71016207229,2019,76200,175600,251800
70828112014,2019,92400,217800,310200
70824206150,2019,105900,257700,363600
70814425116,2019,89000,250500,339500
70919103055,2019,93800,215500,309300
70913415141,2019,86900,267600,354500
70926102248,2019,82100,331600,413700
71006407269,2019,54100,264300,318400
71001319104,2019,67000,169000,236000
70920117045,2019,193600,262800,456400
60801302170,2019,78800,139500,218300
70919107255,2019,126800,191200,318000
71012202223,2019,63200,293700,356900
60801416137,2019,94200,226100,320300
71015204341,2019,47500,199500,247000
81030206181,2019,54700,118700,173400
71015106175,2019,64600,196400,261000
70923307099,2019,80200,162000,242200
60905214312,2019,0,0,0
81021106035,2019,61000,199500,260500
70835107066,2019,107500,323800,431300
80924439840,2019,400,1600,2000
71034103334,2019,70500,187300,257800
60801401063,2019,77900,171600,249500
81009400996,2019,28800,0,28800
71002405332,2019,57000,239400,296400
70816311024,2019,183000,316100,499100
70933201215,2019,141000,381400,522400
70929428097,2019,125400,315500,440900
70929205073,2019,78300,189200,267500
60812107139,2019,79900,187100,267000
70836420079,2019,75000,196500,271500
81026419037,2019,100,0,100
70920109068,2019,107300,292400,399700
60905104216,2019,48000,135000,183000
60801406071,2019,24900,140700,165600
80925220024,2019,54500,113300,167800
70920308339,2019,102600,433400,536000
70932111027,2019,87000,193000,280000
70926117057,2019,183000,280700,463700
60801202122,2019,83800,175000,258800
70913112177,2019,91000,129800,220800
80936414020,2019,72200,126400,198600
81034205048,2019,69600,178500,248100
81035107029,2019,113300,0,113300
81032419097,2019,41500,180900,222400
81032425086,2019,28100,141300,169400
70922410041,2019,138300,178000,316300
71010204122,2019,58500,212000,270500
70917101374,2019,57000,363000,420000
70929112187,2019,112800,205900,318700
71011121169,2019,35900,237600,273500
70926201181,2019,171500,301500,473000
80924444899,2019,400,1600,2000
71027405060,2019,51000,173200,224200
71006417333,2019,72800,261800,334600
71009209034,2019,65100,164700,229800
71006204061,2019,47800,110800,158600
60904107170,2019,92600,224600,317200
60812121452,2019,90300,213800,304100
71001102111,2019,65900,267700,333600
80924419751,2019,400,1600,2000
71003201094,2019,58200,171600,229800
80924434080,2019,11700,203000,214700
60903225014,2019,41900,107100,149000
71027404088,2019,66100,177700,243800
81021408035,2019,57100,187800,244900
71004308063,2019,58500,131400,189900
70922317099,2019,121000,462000,583000
70814302059,2019,130200,202700,332900
70913213222,2019,79900,226600,306500
71006431177,2019,104100,401200,505300
81031212145,2019,37600,98000,135600
70835207022,2019,87800,288500,376300
71004315175,2019,58500,224500,283000
70919202154,2019,51900,179800,231700
70929114068,2019,89800,162900,252700
70836401219,2019,68400,168800,237200
70913102136,2019,208000,635000,843000
81023207617,2019,33600,128000,161600
70826211529,2019,10000,50000,60000
81021305017,2019,41200,203900,245100
70826315230,2019,34300,225700,260000
70923152501,2019,51700,1240800,1292500
81031201164,2019,48600,126000,174600
70920404161,2019,114400,282000,396400
71005218055,2019,65100,109500,174600
70821411140,2019,97500,323500,421000
60801116018,2019,66100,149600,215700
80924417755,2019,400,1600,2000
70931310357,2019,93000,187000,280000
81032403199,2019,40400,105400,145800
71005308351,2019,47300,186300,233600
70918222038,2019,83700,145000,228700
71010304188,2019,54600,153000,207600
70919301104,2019,99800,232600,332400
70912417031,2019,9000,106000,115000
60904102295,2019,86600,199300,285900
70835205084,2019,89500,253500,343000
70928309123,2019,116200,115500,231700
70922423060,2019,98100,411500,509600
71006407201,2019,0,0,0
80924417838,2019,400,1600,2000
70922311017,2019,152700,530800,683500
81015104300,2019,60300,199600,259900
70923179084,2019,0,0,0
70836115240,2019,69700,149300,219000
71014106118,2019,12500,153600,166100
70921103118,2019,88300,184600,272900
70929303108,2019,81400,178700,260100
70913204271,2019,85600,258400,344000
71006307253,2019,69200,121800,191000
70913332155,2019,165000,239000,404000
81028121078,2019,10800,98800,109600
71004317030,2019,58500,134000,192500
81031302178,2019,50300,95500,145800
71016209241,2019,0,0,0
70913313105,2019,62800,194600,257400
70822111129,2019,74400,252000,326400
71002107227,2019,9500,149500,159000
71005410130,2019,54600,116200,170800
70824404209,2019,110000,291000,401000
71001332015,2019,60000,221100,281100
80925117875,2019,800,1200,2000
71003117027,2019,23100,150700,173800
70823304335,2019,78100,216300,294400
70921112276,2019,124400,259700,384100
70931302081,2019,161800,121300,283100
70929101172,2019,89900,362100,452000
71006112123,2019,71100,156500,227600
60801104302,2019,70000,196500,266500
71001308181,2019,59400,215900,275300
71034104019,2019,66900,200100,267000
60801303235,2019,82700,198900,281600
71015114152,2019,43200,148100,191300
70921103150,2019,81900,240700,322600
80935102105,2019,57400,163000,220400
71014214036,2019,8100,139700,147800
80927402125,2019,72200,67100,139300
70825209046,2019,12000,32000,44000
70835202288,2019,106200,266600,372800
71003402072,2019,70000,165000,235000
71023301030,2019,285000,525000,810000
70928215057,2019,106100,163000,269100
70929410151,2019,86700,235500,322200
70934302096,2019,132000,318000,450000
70820105182,2019,100,0,100
70913202051,2019,237100,86900,324000
70833210085,2019,98900,322100,421000
60812307151,2019,82000,236600,318600
71016201031,2019,68100,146900,215000
70913216060,2019,0,0,0
60801314034,2019,80600,287200,367800
70932210994,2019,0,5000,5000
80935104242,2019,63400,195200,258600
70822103019,2019,109300,229500,338800
70823210128,2019,113400,293200,406600
70821109068,2019,109700,297500,407200
70824404184,2019,109300,469600,578900
71003207042,2019,53100,176800,229900
70922401058,2019,407000,167800,574800
70923167865,2019,3400,13800,17200
60803118070,2019,25300,234700,260000
70834427944,2019,0,5000,5000
60803106249,2019,103200,199800,303000
60812110265,2019,78500,196500,275000
70824300978,2019,0,0,0
60802306220,2019,19400,167000,186400
71005324076,2019,82600,442900,525500
70823105105,2019,89400,273800,363200
70933205134,2019,154700,331100,485800
70833111168,2019,93500,219100,312600
70826414066,2019,16100,115500,131600
60811106033,2019,103300,328700,432000
71001102012,2019,62500,353300,415800
70923145233,2019,8000,7000,15000
70923161065,2019,8000,7000,15000
81014303698,2019,11300,0,11300
81034320052,2019,25000,74300,99300
70932422143,2019,48000,101900,149900
70932303088,2019,75600,194300,269900
71011302131,2019,61200,151600,212800
71005226024,2019,48500,148200,196700
70923171402,2019,14400,3400,17800
60801304142,2019,72800,182200,255000
71001332073,2019,61400,229500,290900
80925307062,2019,71400,100100,171500
70925203154,2019,163900,247100,411000
71008102213,2019,37500,178700,216200
71009225113,2019,65500,0,65500
71007110168,2019,144300,495700,640000
71021209054,2019,60000,192600,252600
80925412316,2019,64500,150800,215300
70929219058,2019,95200,211700,306900
70823208248,2019,137300,377100,514400
70920115081,2019,119900,146300,266200
81028108167,2019,56100,161300,217400
80925108220,2019,53600,129600,183200
70919403166,2019,134200,228500,362700
60904105207,2019,81500,199900,281400
70923144384,2019,8000,7000,15000
70828108055,2019,89000,173300,262300
70931311074,2019,997000,1593000,2590000
70919227269,2019,31100,212300,243400
71005227163,2019,47100,195900,243000
71006209178,2019,28400,185300,213700
71007206248,2019,59200,237800,297000
81031205166,2019,40600,85400,126000
70922345131,2019,170000,510400,680400
70923413242,2019,1700,16300,18000
80925113740,2019,800,1200,2000
70931307122,2019,105300,171100,276400
71015403092,2019,49600,105800,155400
60811437040,2019,87000,207800,294800
70918415675,2019,9500,33800,43300
70823407155,2019,53000,233000,286000
80936204075,2019,12000,134300,146300
71001333039,2019,0,0,0
81027115014,2019,922000,3212000,4134000
80936112070,2019,13800,94300,108100
81030306171,2019,66900,150100,217000
70828124209,2019,12900,185100,198000
71007113112,2019,81900,314100,396000
81034310285,2019,70600,251000,321600
70923105245,2019,1007000,2959000,3966000
70919414030,2019,117100,428600,545700
81031210123,2019,54500,177600,232100
70926204143,2019,81000,213100,294100
80925414255,2019,66500,175600,242100
71005109030,2019,80000,332000,412000
71010203174,2019,54000,181200,235200
71005329026,2019,105800,274700,380500
71030202122,2019,314600,251200,565800
81019302132,2019,59500,171000,230500
70922405315,2019,127800,208200,336000
71019408072,2019,132000,279000,411000
81034310334,2019,0,0,0
70932102050,2019,131700,376300,508000
60801103081,2019,61800,144500,206300
60802413512,2019,64000,165800,229800
81027202150,2019,57800,262200,320000
80925308193,2019,71200,66500,137700
71002418252,2019,90500,271700,362200
71016403091,2019,62300,132700,195000
71002438060,2019,43100,251800,294900
70826417911,2019,23000,140800,163800
71003213073,2019,56100,149000,205100
70931202059,2019,75300,186000,261300
80924416020,2019,9400,139700,149100
71010211177,2019,57500,164500,222000
70826417870,2019,21500,127100,148600
70834413167,2019,24200,178700,202900
70920104084,2019,116900,155300,272200
70921117078,2019,114600,235100,349700
70922229153,2019,193900,556100,750000
81028116102,2019,57200,178600,235800
71016403033,2019,61700,161700,223400
60812207252,2019,0,0,0
71031100903,2019,0,0,0
70928111213,2019,108200,360200,468400
70833119138,2019,99600,248800,348400
71005232203,2019,49900,192600,242500
60812110182,2019,77800,208500,286300
70922414043,2019,87600,314500,402100
81021307021,2019,53500,219800,273300
60812207335,2019,0,0,0
70823102284,2019,0,0,0
70923143170,2019,44900,597700,642600
71007107264,2019,217700,394700,612400
81032409098,2019,35800,129200,165000
71004307164,2019,57900,166500,224400
70820109134,2019,100,0,100
70822116062,2019,29600,307900,337500
80926104334,2019,53500,117800,171300
70828444029,2019,0,0,0
70918315031,2019,23600,131900,155500
60812117378,2019,79900,188900,268800
70926409149,2019,44000,234700,278700
70824210010,2019,128600,212900,341500
81026346115,2019,7200,0,7200
71021206092,2019,58600,138700,197300
71002436072,2019,11800,0,11800
70928205165,2019,97800,299000,396800
70926204101,2019,78300,261700,340000
70929407059,2019,87300,230100,317400
81023304645,2019,35600,152700,188300
71001104026,2019,68000,234600,302600
70823210334,2019,113400,334200,447600
81022404016,2019,486800,684200,1171000
71003302066,2019,60400,114000,174400
60812405153,2019,82000,190500,272500
70828408033,2019,0,0,0
81033207178,2019,44900,128100,173000
70931309061,2019,99000,190600,289600
60811419080,2019,75500,191900,267400
70914419233,2019,424000,654000,1078000
70920402298,2019,146100,245800,391900
70928102337,2019,54900,174200,229100
70913204172,2019,81600,226200,307800
71005108058,2019,50600,129900,180500
70918304208,2019,71300,151400,222700
60811403132,2019,76200,185300,261500
70923142271,2019,44900,393700,438600
71005338176,2019,96900,257000,353900
71014303095,2019,60900,216900,277800
81033306201,2019,83500,262500,346000
71030208063,2019,88600,199800,288400
70821104026,2019,129200,279800,409000
70921314096,2019,118400,233600,352000
81028120822,2019,0,5000,5000
70914438671,2019,2200,22800,25000
71006111315,2019,38700,154000,192700
70835307260,2019,78800,202300,281100
70923232014,2019,958000,2386000,3344000
70929209140,2019,80900,226100,307000
81030314067,2019,58700,143400,202100
60811116032,2019,18800,226900,245700
80925308185,2019,67700,81800,149500
81031417050,2019,41200,113400,154600
70918310015,2019,119600,79200,198800
71002107128,2019,8200,106600,114800
81026342022,2019,49900,0,49900
71003317081,2019,58400,161900,220300
81031222186,2019,38700,146100,184800
71030208360,2019,83800,153400,237200
70821108078,2019,119700,308700,428400
70920127094,2019,19000,249000,268000
71007109038,2019,94600,360400,455000
70828303019,2019,1565000,15605000,17170000
70921206178,2019,60400,104000,164400
71006413018,2019,48800,131400,180200
70932420056,2019,134000,270000,404000
70922329135,2019,136900,532700,669600
70816314250,2019,149700,214000,363700
71005302072,2019,65100,353100,418200
81021405205,2019,55800,183300,239100
71014115052,2019,24000,115700,139700
80925207197,2019,54500,132700,187200
80925303169,2019,70900,125700,196600
80925116778,2019,800,1200,2000
70936305402,2019,60500,152200,212700
71021113445,2019,15100,90900,106000
81023207196,2019,33600,148000,181600
60811108071,2019,105200,273900,379100
80935101206,2019,51800,155700,207500
70833102109,2019,131800,281300,413100
60903212110,2019,12200,66000,78200
80926109144,2019,54500,120300,174800
71002445106,2019,100,0,100
81023307128,2019,35600,134900,170500
70824306091,2019,90200,323300,413500
70824414555,2019,11300,91700,103000
70836419105,2019,65600,136400,202000
70923203049,2019,378000,1191000,1569000
60803101158,2019,106100,230100,336200
71003407254,2019,53000,191800,244800
60804106074,2019,165400,342300,507700
70923170107,2019,3400,1200,4600
71001330027,2019,25200,114800,140000
81028108240,2019,56200,179700,235900
70923168962,2019,6500,13500,20000
70930415158,2019,78700,278600,357300
80924420857,2019,400,1600,2000
60802420103,2019,13100,133800,146900
71006420146,2019,63100,168200,231300
71006409215,2019,68000,259400,327400
70913433044,2019,6600,159000,165600
70813330209,2019,55500,290400,345900
70920406307,2019,143600,196900,340500
80924413737,2019,400,1600,2000
71016112022,2019,54800,88100,142900
70816322344,2019,17300,233400,250700
71003206010,2019,53100,169800,222900
70923144392,2019,8000,7000,15000
70919311062,2019,100800,245600,346400
81030100911,2019,0,0,0
80924427100,2019,8600,166800,175400
71004311016,2019,54100,133200,187300
80936205031,2019,63300,105300,168600
71007116190,2019,98100,346900,445000
70920216350,2019,13000,401000,414000
60811425037,2019,101800,217900,319700
70913323237,2019,156600,112400,269000
70913205378,2019,43000,265800,308800
71005340080,2019,84900,285800,370700
70814308031,2019,114100,312400,426500
71006126017,2019,65500,112700,178200
81026415168,2019,100,0,100
70824306174,2019,104100,343200,447300
71011305250,2019,66900,208100,275000
70926404058,2019,80600,151600,232200
70929307069,2019,94800,322200,417000
60802112164,2019,88200,197800,286000
70836306162,2019,77000,323000,400000
70932201109,2019,62500,147900,210400
70931411296,2019,107500,197700,305200
70833412045,2019,46200,212400,258600
70921316133,2019,109200,125100,234300
70816317014,2019,152800,627200,780000
70923124427,2019,76700,531300,608000
71016409049,2019,61600,156400,218000
71004406031,2019,46800,165400,212200
80925414031,2019,0,0,0
60801222089,2019,22300,120600,142900
70913125013,2019,90300,224700,315000
81033400714,2019,0,0,0
70923123122,2019,148500,343000,491500
70926110126,2019,78700,331800,410500
71019411471,2019,9000,64500,73500
71004405265,2019,48000,137600,185600
70918204036,2019,156100,233300,389400
71007214134,2019,174400,72800,247200
70913106279,2019,98800,201600,300400
71009107113,2019,57200,172000,229200
70835303292,2019,85900,223400,309300
70824406148,2019,96300,174200,270500
70835315172,2019,51900,339500,391400
71001330093,2019,25200,114800,140000
70928116172,2019,118500,171000,289500
71003211035,2019,53100,188200,241300
70913223122,2019,5400,439600,445000
71009404048,2019,63300,86700,150000
70826211751,2019,11700,53200,64900
70923411428,2019,29700,254300,284000
70919221063,2019,101300,228600,329900
70833304044,2019,131400,477200,608600
70913204156,2019,75900,80100,156000
60905213166,2019,4200,45600,49800
70828420194,2019,0,0,0
71005417996,2019,0,1000000,1000000
70913330042,2019,496000,894000,1390000
71020306231,2019,10200,112800,123000
81035114165,2019,100,0,100
81026353045,2019,4300,0,4300
81028111144,2019,85200,158800,244000
70833306016,2019,169500,636200,805700
71004101011,2019,175000,400000,575000
71027403056,2019,0,0,0
70931104156,2019,150600,209600,360200
70932415320,2019,0,0,0
71006108180,2019,67200,112100,179300
71011307082,2019,64600,271900,336500
70931301174,2019,106900,129000,235900
70936309058,2019,59700,155800,215500
80925121876,2019,800,1200,2000
80925114764,2019,800,1200,2000
71005228103,2019,47100,180900,228000
80924412755,2019,400,1600,2000
70923141885,2019,200,300,500
80926108203,2019,53400,151500,204900
71035115122,2019,63800,218300,282100
70912404252,2019,98800,223200,322000
60812109060,2019,77700,208300,286000
60812404303,2019,88600,190100,278700
70932411013,2019,75400,163500,238900
60905213059,2019,4200,45600,49800
70918307111,2019,74800,77800,152600
71021113966,2019,0,1000,1000
70932115011,2019,152500,303200,455700
70928105290,2019,104300,256800,361100
70901105168,2019,51000,166800,217800
81026360199,2019,100,0,100
70912448044,2019,9000,111000,120000
60812104086,2019,76000,164000,240000
80924436680,2019,400,1600,2000
70922233021,2019,108500,238100,346600
70929302019,2019,78200,266800,345000
70814420174,2019,15200,158600,173800
81027206251,2019,260500,0,260500
60812407232,2019,92100,189000,281100
70933302039,2019,80800,132300,213100
81026358219,2019,100,0,100
70932209070,2019,20800,133100,153900
70922325042,2019,167100,310200,477300
70918220149,2019,101000,211900,312900
60811431026,2019,76600,220400,297000
70918415419,2019,10500,111500,122000
70820118135,2019,100,0,100
60902206015,2019,54000,1000,55000
71002107417,2019,9500,133600,143100
80924417812,2019,400,1600,2000
71005231370,2019,48500,143200,191700
81034107038,2019,64900,160600,225500
71003305010,2019,52900,153300,206200
70932415289,2019,53000,106300,159300
80925215223,2019,56100,153400,209500
71006127106,2019,55500,95800,151300
81014303557,2019,0,0,0
70823315085,2019,161300,422700,584000
81019304154,2019,57900,167600,225500
70824206233,2019,105900,328500,434400
71003415124,2019,0,0,0
70824408053,2019,107700,205300,313000
71009310047,2019,68800,153200,222000
70931411080,2019,97900,177000,274900
71006126116,2019,36100,132000,168100
70828440126,2019,0,0,0
81021412119,2019,55200,148400,203600
70934309026,2019,15700,103700,119400
70923156339,2019,5000,10000,15000
71014113022,2019,22000,147000,169000
60801212048,2019,62900,199600,262500
71010208158,2019,59100,205800,264900
70833204129,2019,117900,275500,393400
60801419561,2019,16600,198400,215000
70826403184,2019,89300,236200,325500
70912425034,2019,9000,91300,100300
71010303015,2019,0,0,0
60811103443,2019,108300,257400,365700
71003301068,2019,49000,186800,235800
60801215232,2019,70000,201400,271400
70926104038,2019,28000,177600,205600
71002313098,2019,10700,0,10700
71009221145,2019,38000,133200,171200
70826412812,2019,8200,61800,70000
70923160132,2019,8000,7000,15000
60812107030,2019,78500,164500,243000
71020308039,2019,12500,117000,129500
70923173250,2019,3300,5900,9200
71010301267,2019,54300,165500,219800
71011110063,2019,71100,172500,243600
60811202112,2019,95900,222300,318200
71006405122,2019,54100,196500,250600
60811114177,2019,109400,216200,325600
71007228375,2019,83600,0,83600
81030211031,2019,68900,110100,179000
70919405039,2019,123600,264500,388100
70919307144,2019,111800,270300,382100
70912410225,2019,951800,270200,1222000
70928105381,2019,126600,252600,379200
81035110030,2019,100,0,100
60812121105,2019,81900,214300,296200
70823122084,2019,24400,84200,108600
80924423950,2019,400,1600,2000
81015105085,2019,58600,188600,247200
80924424883,2019,400,1600,2000
70823410017,2019,957000,1218000,2175000
70824414547,2019,14600,91200,105800
71006131040,2019,60600,138100,198700
70913205336,2019,75900,179100,255000
60801414149,2019,77300,183700,261000
71010212092,2019,59600,228700,288300
81031215040,2019,43400,137800,181200
60811107106,2019,103600,215900,319500
60801206067,2019,70000,201700,271700
60904106099,2019,81100,184500,265600
60903204026,2019,0,0,0
70926117081,2019,187400,295800,483200
70920414178,2019,134200,170300,304500
80924418042,2019,8600,150000,158600
70922425024,2019,124100,301700,425800
81028113059,2019,57100,156900,214000
60812222151,2019,23800,164400,188200
71006312111,2019,48200,167400,215600
70836319016,2019,29000,126400,155400
70928214158,2019,99700,231200,330900
71015202022,2019,49600,203700,253300
71015105135,2019,56700,133400,190100
70814415092,2019,88200,252700,340900
70923125178,2019,148500,340800,489300
70935205223,2019,66200,177800,244000
70814410018,2019,95600,195400,291000
70835203228,2019,145200,307900,453100
70836103021,2019,77100,148200,225300
70932101028,2019,148000,423200,571200
81035106120,2019,64200,124500,188700
70931409069,2019,88900,248100,337000
71001102070,2019,68700,298000,366700
71015203088,2019,48000,131200,179200
70824108067,2019,113700,221100,334800
60802101050,2019,79800,138600,218400
81021406013,2019,59200,185200,244400
71021210077,2019,62700,146500,209200
71022405057,2019,0,0,0
70913356072,2019,144000,526000,670000
81030316120,2019,61300,119600,180900
70922421155,2019,124400,252100,376500
70913434133,2019,0,18000,18000
60812326036,2019,26500,200500,227000
70928201072,2019,81500,212300,293800
71016112246,2019,54000,116800,170800
70824414050,2019,13900,90400,104300
70901106041,2019,51000,148200,199200
70923138519,2019,39600,438300,477900
70918105135,2019,199700,180100,379800
70929417024,2019,87300,206400,293700
70923315175,2019,66000,373300,439300
70814101253,2019,102600,269400,372000
60903208200,2019,14900,106800,121700
71005309052,2019,62900,43300,106200
70920302422,2019,157300,353200,510500
71010204057,2019,56200,185000,241200
70920412148,2019,134200,129900,264100
71010212076,2019,52600,249900,302500
60812217029,2019,33100,178500,211600
71010406116,2019,59400,190500,249900
70815403046,2019,1186000,1864000,3050000
70929218092,2019,95200,219100,314300
81021304150,2019,40300,175700,216000
70923309251,2019,0,0,0
81030310065,2019,59600,160100,219700
70920104167,2019,688000,386000,1074000
70918211213,2019,102100,163600,265700
70813330043,2019,55500,285500,341000
70922230019,2019,216800,826500,1043300
60802408034,2019,71800,159800,231600
80924421706,2019,400,1600,2000
71015406012,2019,49300,188400,237700
80925213178,2019,56900,145900,202800
70836213755,2019,11600,116100,127700
71010209271,2019,56200,147200,203400
70826212121,2019,18800,191200,210000
71005225076,2019,48200,162600,210800
70913304013,2019,0,0,0
70836304158,2019,90000,200000,290000
70913414226,2019,96100,316900,413000
80925114110,2019,12100,195700,207800
70913429027,2019,15400,263400,278800
71002310094,2019,46800,272800,319600
70920216863,2019,10700,412200,422900
70922224179,2019,167300,319400,486700
71006106085,2019,62800,144900,207700
70929411050,2019,87300,227500,314800
70828445027,2019,0,0,0
70919108013,2019,495000,1605000,2100000
70921112060,2019,124400,251900,376300
70816413036,2019,50400,268600,319000
70923174414,2019,3300,11700,15000
60811416044,2019,96600,209200,305800
70814311084,2019,1870000,7020000,8890000
70923150349,2019,40100,282300,322400
71004409093,2019,34000,204800,238800
60801105194,2019,66700,162600,229300
70921124023,2019,121400,356900,478300
80925206272,2019,56900,106700,163600
70914436279,2019,68000,562800,630800
70919403067,2019,106700,309200,415900
70836106083,2019,67000,177800,244800
70931310274,2019,98000,188900,286900
71022405015,2019,2123000,8185400,10308400
70928312142,2019,191800,403200,595000
70923161015,2019,8000,7000,15000
71015207220,2019,75900,198100,274000
70919223051,2019,101300,254700,356000
71003316091,2019,56400,166200,222600
70913109223,2019,74500,125900,200400
81031205116,2019,43000,93500,136500
70813334011,2019,26800,176200,203000
70913434852,2019,0,3000,3000
70824407097,2019,116000,229000,345000
70814309097,2019,160700,270100,430800
70922410223,2019,106300,249700,356000
70920403113,2019,114400,257900,372300
70934401137,2019,411700,1910200,2321900
81030408018,2019,0,0,0
60801203146,2019,65000,174300,239300
81031214018,2019,43700,149200,192900
71035124032,2019,65200,227800,293000
70813326084,2019,131800,326400,458200
71034103425,2019,73000,220700,293700
81031413066,2019,39600,141700,181300
80924401203,2019,16500,144500,161000
71019403121,2019,326100,28900,355000
71034110016,2019,14200,118700,132900
70923146083,2019,8000,7000,15000
70920402222,2019,136300,219100,355400
60811205025,2019,103100,230500,333600
60801309085,2019,196000,901000,1097000
70922408153,2019,33000,199000,232000
70921114248,2019,113800,289800,403600
80924306255,2019,62400,209000,271400
70823212182,2019,68100,198800,266900
70929421091,2019,128800,358700,487500
70922314029,2019,137000,459300,596300
80924410957,2019,400,1600,2000
60812104193,2019,76000,173300,249300
70929208100,2019,82000,207100,289100
70816314177,2019,125700,243600,369300
70814207077,2019,100200,197300,297500
70914412162,2019,1146000,2633600,3779600
70820115115,2019,129000,0,129000
71007214027,2019,96500,129300,225800
71034106023,2019,69200,187600,256800
70920305012,2019,114300,341700,456000
71035207466,2019,43900,198100,242000
70901101132,2019,41700,269500,311200
70814404079,2019,85000,237000,322000
71012215169,2019,17700,255300,273000
81027302017,2019,800000,1600000,2400000
80925211205,2019,54900,149000,203900
71006404116,2019,69300,332600,401900
60801311262,2019,75400,273000,348400
80925413025,2019,55200,147800,203000
60801118030,2019,66700,165000,231700
70913106104,2019,89000,230600,319600
70931201051,2019,75900,126000,201900
80924427986,2019,400,1600,2000
71021105070,2019,60100,150300,210400
70920301119,2019,123400,298100,421500
70821211011,2019,123000,288000,411000
70920111104,2019,103200,174600,277800
71005310067,2019,65100,222300,287400
70835122775,2019,6500,76500,83000
70919403299,2019,112800,292900,405700
71012101037,2019,168000,393800,561800
70920409111,2019,129500,361700,491200
80926106174,2019,54000,129300,183300
80936112062,2019,13800,94300,108100
70913337064,2019,52700,205300,258000
70933201174,2019,183800,492200,676000
70914431013,2019,134800,555200,690000
81027402023,2019,13300,0,13300
71001331190,2019,78800,214300,293100
80924408803,2019,400,1600,2000
71014203518,2019,54600,208300,262900
71014210258,2019,55800,175400,231200
71010209148,2019,54000,196400,250400
70913314179,2019,95000,239000,334000
70924202066,2019,201000,177700,378700
70914406181,2019,122100,238500,360600
70826420443,2019,0,4000,4000
80926402168,2019,41600,128300,169900
70913108291,2019,84400,193500,277900
70922437201,2019,86500,345500,432000
70931202364,2019,74800,132400,207200
71016412034,2019,61600,138300,199900
70919211072,2019,91500,121800,213300
70836213581,2019,11600,131400,143000
60802304191,2019,88800,204600,293400
80936208093,2019,55600,186500,242100
70922433035,2019,128500,191000,319500
81028121177,2019,0,0,0
81021109138,2019,71500,286500,358000
71001405044,2019,59300,190400,249700
70814431014,2019,37800,163800,201600
70813330192,2019,55500,296200,351700
71005410099,2019,54600,117400,172000
71005412178,2019,41800,89200,131000
60811206065,2019,100300,269200,369500
81026418021,2019,100,0,100
70928212128,2019,97800,87500,185300
70823121218,2019,20000,56300,76300
71016111123,2019,63100,146000,209100
71035207052,2019,43900,218900,262800
70923168144,2019,6500,13500,20000
70816402063,2019,177900,472500,650400
60801314167,2019,165000,2014000,2179000
70926101018,2019,65300,204700,270000
70823211142,2019,76800,222200,299000
70920406076,2019,131300,227800,359100
71026402124,2019,79300,320700,400000
81016204076,2019,0,0,0
81032308109,2019,44400,129500,173900
71003419027,2019,49100,275900,325000
71006423083,2019,79400,227500,306900
70814423235,2019,90900,226600,317500
60812103054,2019,90200,182300,272500
70825201167,2019,770000,990000,1760000
70926412085,2019,48000,139000,187000
70932411302,2019,74000,72500,146500
71015117205,2019,50600,159700,210300
81031403083,2019,35900,128800,164700
60801302013,2019,70900,161000,231900
70823121440,2019,20000,105000,125000
70920218984,2019,400,14600,15000
71020300952,2019,1276000,3244000,4520000
70919110224,2019,184100,202900,387000
71006206025,2019,51700,195800,247500
70826419529,2019,0,4000,4000
71016105168,2019,63300,121700,185000
60801110028,2019,64700,191100,255800
70912415035,2019,9000,91300,100300
71021221024,2019,64100,169100,233200
71004303170,2019,58500,164500,223000
70920219099,2019,0,0,0
71011113140,2019,65200,292500,357700
70913124213,2019,93600,206300,299900
70825305042,2019,238000,0,238000
81026355546,2019,3800,0,3800
80926111107,2019,61300,129800,191100
70928216120,2019,100500,319500,420000
70914437582,2019,1100,5900,7000
80925307286,2019,568500,845900,1414400
70919208053,2019,95500,102600,198100
60802108056,2019,69100,156000,225100
70836407217,2019,55100,145800,200900
71009220080,2019,38000,192200,230200
70922221026,2019,197500,382300,579800
70824401081,2019,0,0,0
80925109012,2019,52500,115500,168000
70913302083,2019,149000,204500,353500
70921309089,2019,109000,133500,242500
70826208013,2019,935000,254000,1189000
70920111039,2019,69100,221100,290200
71005223319,2019,63800,145700,209500
70931102233,2019,106800,100300,207100
70918310057,2019,125500,119300,244800
70932303046,2019,75600,111400,187000
70922312081,2019,78400,221000,299400
70926216049,2019,111800,206500,318300
71022305265,2019,242000,1000,243000
81026351065,2019,3400,0,3400
71006305364,2019,48500,238400,286900
71003107094,2019,53100,162900,216000
70918211221,2019,104200,207600,311800
70931410107,2019,100900,264300,365200
70821114041,2019,55700,246400,302100
70913202225,2019,95500,168500,264000
70913402106,2019,133000,122200,255200
71022201059,2019,78500,226200,304700
60802405098,2019,64600,165200,229800
71006411046,2019,0,0,0
70913416131,2019,606400,105600,712000
70929405201,2019,86100,255100,341200
70814417155,2019,96000,253200,349200
70929427213,2019,130400,261400,391800
71005413118,2019,47900,107000,154900
70922339019,2019,182000,686000,868000
70932203056,2019,84900,300300,385200
70932306040,2019,72700,131300,204000
70836310080,2019,14900,111800,126700
80925303010,2019,49900,102600,152500
70824203205,2019,122100,227700,349800
70921126128,2019,106600,223400,330000
71005310075,2019,65100,162200,227300
71007219267,2019,111900,328800,440700
70923314044,2019,127000,151900,278900
81030210215,2019,51700,127000,178700
70922329028,2019,132900,210500,343400
70918302228,2019,75400,83000,158400
70833205218,2019,30400,264500,294900
70913426081,2019,438700,386300,825000
80925105094,2019,50800,129600,180400
70920420034,2019,114500,166500,281000
70914438176,2019,1100,5900,7000
70922427103,2019,193200,521300,714500
70913340877,2019,1800,13200,15000
70919110381,2019,141300,110000,251300
70913349233,2019,34900,221900,256800
70835117065,2019,12400,125900,138300
70913346635,2019,243600,1680400,1924000
80924418737,2019,400,1600,2000
70824402162,2019,108900,264300,373200
71005309044,2019,62900,207700,270600
71011119213,2019,48000,212400,260400
70929121104,2019,99100,247200,346300
81023305065,2019,35600,117400,153000
81028119081,2019,10100,92400,102500
71004317098,2019,60700,120700,181400
81032420044,2019,44000,144200,188200
71011127109,2019,73000,339300,412300
81034408171,2019,69200,161800,231000
70824404332,2019,102000,165800,267800
70828117048,2019,83200,184800,268000
70924204070,2019,614200,3983700,4597900
81021106259,2019,59700,167000,226700
70936408222,2019,61800,155700,217500
70823304088,2019,91800,184300,276100
70928223068,2019,108400,153800,262200
70926216271,2019,86800,245600,332400
81030204127,2019,48200,107800,156000
71021113255,2019,15100,103700,118800
80924104039,2019,73200,261800,335000
71027103010,2019,433100,38300,471400
70923408087,2019,86200,145500,231700
60803103120,2019,103200,220800,324000
70824303013,2019,0,0,0
81032416100,2019,46900,143000,189900
60802309050,2019,0,0,0
60901204127,2019,60900,174900,235800
60904103110,2019,78100,151900,230000
80926307178,2019,65900,258300,324200
70834426318,2019,23400,101600,125000
81034108292,2019,60500,163700,224200
71011118025,2019,30500,232800,263300
71003107242,2019,53100,218500,271600
81033203134,2019,43300,135100,178400
60802413348,2019,62200,163600,225800
71011120335,2019,43500,211500,255000
70934308060,2019,77700,205800,283500
70935114086,2019,49900,114100,164000
70834426061,2019,23400,111300,134700
60812202088,2019,81100,162500,243600
60801104047,2019,70000,200000,270000
60905104117,2019,48100,129000,177100
70913334052,2019,30600,283800,314400
70919206263,2019,128400,329200,457600
71011128115,2019,73900,248100,322000
70920301101,2019,123100,304800,427900
70923408227,2019,78400,67600,146000
70922431047,2019,69400,257600,327000
70835315213,2019,51900,379600,431500
81032418023,2019,39300,166700,206000
80926409198,2019,12000,122500,134500
71027411182,2019,0,0,0
60904108102,2019,94600,307400,402000
70824311115,2019,13500,141900,155400
60812328610,2019,0,1000,1000
60801406039,2019,24900,141700,166600
71010407297,2019,55700,182800,238500
81034205189,2019,63800,178800,242600
60812112120,2019,78800,197100,275900
70928207111,2019,89900,245500,335400
70918218053,2019,120600,434900,555500
80925113948,2019,800,1200,2000
70922439273,2019,112300,298300,410600
60812214033,2019,19100,183500,202600
71011407197,2019,119600,278200,397800
70926219118,2019,69700,169200,238900
80924435872,2019,400,1600,2000
81034106171,2019,66400,186000,252400
60803116032,2019,138300,407700,546000
71027104018,2019,284900,0,284900
70925206075,2019,81600,192900,274500
70929110032,2019,89900,217700,307600
71015211015,2019,64800,200800,265600
70923167352,2019,6500,18500,25000
70834407045,2019,264000,1479000,1743000
71021111184,2019,64000,131400,195400
70931103124,2019,103400,138000,241400
80924420047,2019,8600,147400,156000
71030201033,2019,304800,95200,400000
80924412911,2019,400,1600,2000
70826100821,2019,424000,71000,495000
70901103170,2019,51000,151800,202800
70922438100,2019,55500,295500,351000
70913408021,2019,548000,2379500,2927500
70923161205,2019,8000,7000,15000
81034113043,2019,27500,127500,155000
81033304180,2019,44000,130500,174500
71003209022,2019,53100,177800,230900
60906109124,2019,61800,148200,210000
60901104129,2019,61300,189500,250800
70923153484,2019,1300,23700,25000
70934309084,2019,15700,98600,114300
71016402043,2019,61900,143600,205500
80925410154,2019,51600,145900,197500
71007222054,2019,391400,334600,726000
71010216127,2019,18200,56800,75000
71011108513,2019,30000,244800,274800
70828406061,2019,0,0,0
70921108142,2019,44000,980000,1024000
60801202023,2019,94100,157300,251400
80924101184,2019,85200,377500,462700
80924418852,2019,400,1600,2000
60802103220,2019,83800,200800,284600
70918225016,2019,35600,140800,176400
71009223258,2019,45100,176700,221800
71007113287,2019,75700,288700,364400
70824208130,2019,146900,350700,497600
80925401046,2019,55600,130600,186200
70932301066,2019,80000,0,80000
71030201132,2019,458200,191800,650000
70923413440,2019,900,6600,7500
71003208074,2019,53100,116900,170000
71010216143,2019,23200,71800,95000
70918105151,2019,225300,170500,395800
70936409246,2019,59700,174600,234300
70823413376,2019,34800,187400,222200
60802302286,2019,92700,234100,326800
71011205046,2019,32900,207100,240000
70834420089,2019,36000,192900,228900
81034412114,2019,68900,233600,302500
80926409031,2019,12000,210800,222800
70901118195,2019,17200,103100,120300
70824409134,2019,0,0,0
70920220450,2019,0,6900,6900
81028118372,2019,8700,60700,69400
60801409207,2019,70400,194600,265000
71011120228,2019,41700,228500,270200
70827104012,2019,0,0,0
70820109077,2019,138300,0,138300
70923162419,2019,8000,7000,15000
70920410324,2019,127100,210800,337900
81027208140,2019,84800,201500,286300
70928317134,2019,143600,511300,654900
80924416757,2019,400,1600,2000
70923146140,2019,8000,7000,15000
70914422054,2019,183000,257000,440000
70936406250,2019,68600,169300,237900
81021405099,2019,55800,146500,202300
81035116012,2019,100,0,100
70929414038,2019,105100,339900,445000
60811418173,2019,87300,187900,275200
70836202162,2019,74700,176100,250800
71034104415,2019,70600,236000,306600
70936408181,2019,59500,161400,220900
60812106123,2019,82800,159900,242700
70932423068,2019,48600,107500,156100
70929103087,2019,122000,296900,418900
71026402182,2019,77000,254100,331100
70930414209,2019,75600,295600,371200
70932419017,2019,43000,214000,257000
81032420060,2019,44100,131900,176000
71003316059,2019,57300,273000,330300
70921105148,2019,86900,318800,405700
70923142445,2019,44900,401500,446400
70923126093,2019,287000,1657000,1944000
70826211561,2019,13700,68800,82500
70913434472,2019,0,2300,2300
71015409016,2019,372500,864500,1237000
70824309037,2019,14100,144900,159000
80925209028,2019,54700,146200,200900
71007242367,2019,24000,479100,503100
71003213255,2019,56100,179700,235800
71005316205,2019,31000,219000,250000
71027418146,2019,0,0,0
71020302164,2019,104900,101600,206500
81028120450,2019,0,5000,5000
71003413095,2019,0,0,0
71005213063,2019,50700,122100,172800
70834214557,2019,40800,417300,458100
80924443908,2019,400,1600,2000
71007105177,2019,120100,381300,501400
60801107067,2019,63600,161300,224900
71015119235,2019,50300,121400,171700
60811103287,2019,114100,207500,321600
71012219012,2019,21400,193800,215200
71003218023,2019,12100,69800,81900
70913347815,2019,2500,12500,15000
70931309201,2019,99000,165800,264800
71006205134,2019,45900,85700,131600
71002419028,2019,70400,212500,282900
71005101010,2019,0,0,0
81034203026,2019,286000,3164000,3450000
60906111062,2019,68100,145000,213100
71007229167,2019,92400,241800,334200
70821212225,2019,100,0,100
60801305059,2019,69100,150100,219200
80924431169,2019,11200,205100,216300
71005404117,2019,43300,162900,206200
71034104556,2019,74800,190200,265000
71006403093,2019,59700,167100,226800
70833307014,2019,116700,338400,455100
70824410206,2019,104400,374200,478600
81015103089,2019,61400,183600,245000
70836405071,2019,55200,157400,212600
70929426017,2019,81400,241600,323000
71014214507,2019,8100,140900,149000
70920106303,2019,130800,155100,285900
80935109010,2019,68100,214600,282700
60801212155,2019,76400,146600,223000
80925414106,2019,53200,170400,223600
70829415095,2019,10100,0,10100
81028105098,2019,59000,145300,204300
70924218253,2019,51300,743300,794600
70829108137,2019,77400,244500,321900
80924406071,2019,8300,147100,155400
70828444095,2019,0,0,0
70919309116,2019,0,0,0
70923168342,2019,6500,18500,25000
70913203033,2019,126300,127600,253900
70928302185,2019,91100,167900,259000
70930415075,2019,119000,407900,526900
70932410172,2019,79800,128200,208000
71014215620,2019,7800,93500,101300
70923411626,2019,29700,237100,266800
70826421772,2019,0,4000,4000
70921207150,2019,103000,317000,420000
70814102061,2019,0,0,0
70923210169,2019,0,0,0
70913310101,2019,131000,118600,249600
70920108292,2019,0,0,0
60812330227,2019,0,5000,5000
60811415301,2019,104600,174300,278900
70921408245,2019,122800,341000,463800
70926413067,2019,45500,0,45500
81032301294,2019,31800,160100,191900
70822106097,2019,52100,180400,232500
70826408093,2019,73800,176800,250600
81021409017,2019,60100,192600,252700
70922433382,2019,132200,276500,408700
71009207103,2019,75400,178000,253400
70923311123,2019,659000,0,659000
60811401128,2019,84500,188200,272700
70913113224,2019,0,0,0
71035207218,2019,43900,201600,245500
70935206130,2019,44800,97700,142500
70923203065,2019,156000,997000,1153000
70816408186,2019,217900,605900,823800
60804207046,2019,94900,374000,468900
70926203137,2019,80000,217200,297200
71009201072,2019,51900,154500,206400
81028118124,2019,8700,64400,73100
70930103125,2019,73800,168600,242400
70923169142,2019,6500,18500,25000
70836411151,2019,60300,174100,234400
71006427142,2019,51000,644000,695000
81031217202,2019,38500,61500,100000
80925412168,2019,62100,147100,209200
70834403093,2019,86600,146600,233200
70920222307,2019,16400,141700,158100
70828119151,2019,0,0,0
70822110022,2019,0,0,0
70929222184,2019,95200,190300,285500
70923116333,2019,160600,216800,377400
71006423140,2019,58400,190600,249000
60812114184,2019,74600,187500,262100
71009213176,2019,51500,151200,202700
70930105064,2019,72000,178300,250300
70820118036,2019,100,0,100
60812102171,2019,83100,189600,272700
60802409157,2019,68900,177300,246200
81019307059,2019,57700,170600,228300
71005304218,2019,65100,241800,306900
70823315118,2019,155100,285500,440600
71006440855,2019,0,4000,4000
70932411138,2019,77000,93900,170900
70828124134,2019,12900,185400,198300
60812313223,2019,33100,166700,199800
70922222032,2019,116400,356500,472900
71021107076,2019,63100,163500,226600
81014303656,2019,11300,0,11300
70932421252,2019,51500,106400,157900
70921416090,2019,121400,336700,458100
70814309104,2019,157100,285200,442300
70825200937,2019,1001000,134000,1135000
70833118263,2019,69700,294300,364000
60802110051,2019,70100,176500,246600
60801226057,2019,16200,157100,173300
71005407260,2019,42100,145600,187700
70823413409,2019,29100,169400,198500
70824204360,2019,114900,234200,349100
60901104020,2019,60200,197100,257300
71021109171,2019,61000,130300,191300
80924424130,2019,10200,171500,181700
71015408026,2019,17500,116400,133900
70913426122,2019,76000,1000,77000
70929308158,2019,91300,186300,277600
70923163756,2019,44900,226300,271200
81030308044,2019,62000,136400,198400
71014204061,2019,54900,190400,245300
81031205033,2019,35300,157500,192800
71007223391,2019,83600,173900,257500
70935307128,2019,4900,55100,60000
81030206165,2019,54700,131500,186200
71006421269,2019,57300,157300,214600
70815307074,2019,168400,340800,509200
70922111285,2019,50000,344000,394000
81023300982,2019,1800,0,1800
70813402371,2019,119500,0,119500
70813314138,2019,11300,207700,219000
70929109069,2019,89900,279000,368900
60801411335,2019,0,0,0
60812119126,2019,20700,159900,180600
80926403166,2019,315000,4045000,4360000
70816322427,2019,17300,223500,240800
81015104269,2019,58200,163200,221400
80924427910,2019,400,1600,2000
60801208162,2019,77000,553000,630000
71001334029,2019,21000,158900,179900
71006313226,2019,21000,419000,440000
70814101203,2019,124400,388600,513000
71019411281,2019,9000,130400,139400
70923131331,2019,471000,1863000,2334000
70929416068,2019,97700,307300,405000
80925403125,2019,56300,171800,228100
71006434353,2019,54000,202500,256500
70919206247,2019,101400,129000,230400
70913348350,2019,7300,314500,321800
71015204242,2019,71800,275700,347500
81034202375,2019,944000,7356000,8300000
60801406188,2019,24900,152000,176900
81033403073,2019,59000,526000,585000
70923140324,2019,1500,13500,15000
70823404250,2019,44500,201300,245800
70835315479,2019,51900,346100,398000
70928106256,2019,107000,275900,382900
70912413013,2019,62000,279200,341200
80924414024,2019,29700,216000,245700
70923116052,2019,216000,1672000,1888000
70813304022,2019,95500,265500,361000
71015207163,2019,74200,203400,277600
71014203104,2019,55700,184600,240300
70931408144,2019,69200,216700,285900
70822109091,2019,48700,176600,225300
70824108075,2019,163100,361000,524100
71008106067,2019,45100,148600,193700
70822105255,2019,48200,188900,237100
70920102096,2019,113400,201400,314800
81032318041,2019,16000,152800,168800
71009310104,2019,69100,117400,186500
60905213140,2019,4200,45600,49800
70921124057,2019,121400,382700,504100
70918404024,2019,84400,158600,243000
70920305062,2019,93700,181400,275100
81029400976,2019,190000,440000,630000
70816406049,2019,170700,385900,556600
81028409218,2019,224000,543000,767000
71010202027,2019,54900,226000,280900
80925125852,2019,800,1200,2000
70913347477,2019,2500,12500,15000
60812313695,2019,22800,198600,221400
70823406420,2019,56800,309500,366300
70835306022,2019,97100,176500,273600
71007316253,2019,32500,230200,262700
70829102030,2019,83900,268700,352600
70836307251,2019,64900,151400,216300
70835301121,2019,123400,253400,376800
70928402018,2019,0,0,0
70836108089,2019,81900,149400,231300
80925106159,2019,53500,134400,187900
71011122109,2019,39200,224400,263600
70821212043,2019,110100,340000,450100
81022201024,2019,1315500,14242400,15557900
70921207192,2019,88000,452000,540000
81034206202,2019,66300,151200,217500
70923156785,2019,5000,10000,15000
70921117010,2019,117000,295700,412700
70833402046,2019,160100,340600,500700
71010218165,2019,10900,117900,128800
70813333295,2019,26300,263200,289500
70913315028,2019,71800,137000,208800
71010104132,2019,49500,191700,241200
71005316073,2019,53600,211500,265100
70929111262,2019,116100,188700,304800
70913405241,2019,105000,656000,761000
70923126267,2019,129400,171700,301100
70923131258,2019,112100,391500,503600
70919210115,2019,94000,165000,259000
80925118881,2019,800,1200,2000
70923150729,2019,72600,500300,572900
71014400990,2019,139100,0,139100
60802312061,2019,110200,300500,410700
60906108118,2019,61800,136600,198400
70814402073,2019,85600,177400,263000
60802420012,2019,13100,133200,146300
71021113263,2019,15100,106900,122000
71005232229,2019,42600,124200,166800
60802106208,2019,67900,178700,246600
71016204100,2019,118400,111600,230000
70931304037,2019,99000,165000,264000
60803112064,2019,102000,347600,449600
70835106018,2019,17100,100800,117900
80936414179,2019,74400,190700,265100
71021222064,2019,64100,140100,204200
70932113148,2019,88800,135500,224300
71011405216,2019,91200,269000,360200
70836307227,2019,72300,167900,240200
71035206153,2019,67500,163400,230900
80925403240,2019,54500,130200,184700
70826315652,2019,46700,238900,285600
70922210045,2019,139500,501600,641100
70824301257,2019,96900,147000,243900
70813314469,2019,14500,256500,271000
71005234035,2019,158000,265000,423000
70835122890,2019,6500,76500,83000
70826408019,2019,0,0,0
71006101184,2019,61100,254600,315700
60812327109,2019,6000,86400,92400
70919408223,2019,115500,215800,331300
70919413157,2019,110200,418700,528900
70823413144,2019,26800,169700,196500
60801220281,2019,0,0,0
70918211289,2019,137000,304000,441000
70919307053,2019,100600,362800,463400
70920214172,2019,15200,229800,245000
71034102253,2019,46700,209900,256600
70813305012,2019,0,0,0
71009312126,2019,68800,144400,213200
71010205146,2019,50900,192400,243300
60802115655,2019,20500,122700,143200
60801101126,2019,67100,149000,216100
70829414047,2019,10500,0,10500
81030206115,2019,56500,135700,192200
70921417288,2019,151400,464800,616200
60801315181,2019,89400,263600,353000
71003311330,2019,53000,123100,176100
70833118057,2019,96900,258100,355000
70836408299,2019,61700,129000,190700
60812330152,2019,0,5000,5000
71006107158,2019,54100,146500,200600
70835122171,2019,6500,87600,94100
71007225264,2019,63000,194000,257000
70823210053,2019,76800,205500,282300
60903212037,2019,12200,66000,78200
70932201042,2019,50100,165200,215300
70928108327,2019,109100,360700,469800
71016101067,2019,42000,508000,550000
70827107123,2019,42000,354200,396200
70834403217,2019,86600,157800,244400
70823311140,2019,13100,146800,159900
80936406150,2019,78700,299100,377800
81028120012,2019,0,4000,4000
80924410767,2019,400,1600,2000
70922405282,2019,127800,241800,369600
71006420021,2019,0,0,0
71005345105,2019,51700,188100,239800
70931302180,2019,110700,83300,194000
81026358144,2019,100,0,100
71007107032,2019,110100,246100,356200
71010118092,2019,58000,162000,220000
70923140275,2019,1500,13500,15000
70922406016,2019,0,0,0
70921216094,2019,63800,178200,242000
70920217556,2019,400,14600,15000
70912408072,2019,105400,239600,345000
70917101457,2019,93800,413000,506800
81030317095,2019,34300,133200,167500
81014302054,2019,1606000,12749000,14355000
70922424109,2019,155200,182800,338000
70927107049,2019,25100,236200,261300
70922440189,2019,87000,241300,328300
70835103105,2019,109100,236700,345800
71006210133,2019,117000,50400,167400
81030302062,2019,68300,175000,243300
70928314015,2019,145400,260900,406300
80924444120,2019,13400,255200,268600
70835210091,2019,90500,181300,271800
71001313057,2019,73100,319100,392200
81034403147,2019,65300,171700,237000
70835203971,2019,0,0,0
70836114268,2019,81100,190400,271500
70814305152,2019,93400,339600,433000
71004309045,2019,54100,126800,180900
60802306155,2019,19400,168900,188300
80926101067,2019,52500,132700,185200
70932118015,2019,21800,109300,131100
70920220822,2019,0,0,0
70932201331,2019,76700,193500,270200
71002308099,2019,56000,249900,305900
70835122973,2019,6500,71600,78100
70829110299,2019,83200,0,83200
70921410133,2019,142900,345900,488800
71016112098,2019,54900,128700,183600
60801114195,2019,56700,234900,291600
70814411107,2019,93500,224500,318000
71006420112,2019,52000,294700,346700
70930101096,2019,73200,167500,240700
71006111125,2019,69200,204500,273700
70834428158,2019,20300,177400,197700
81031221021,2019,40200,163600,203800
80913300961,2019,0,0,0
70835310057,2019,84900,209600,294500
81030317037,2019,56000,118600,174600
60801111117,2019,62000,137000,199000
70823103092,2019,89400,245800,335200
80936402182,2019,73400,159600,233000
71012215375,2019,17700,252800,270500
71002441063,2019,100,0,100
70824302015,2019,125900,194000,319900
70824108059,2019,101100,185200,286300
70834306114,2019,141800,344800,486600
71009211154,2019,65100,179900,245000
70921418038,2019,90000,276000,366000
70922410207,2019,149400,391300,540700
81032430077,2019,56500,524800,581300
70920116063,2019,66900,293800,360700
71009304115,2019,67200,133600,200800
70929415200,2019,88100,180400,268500
70923174274,2019,3300,11700,15000
70931410082,2019,100900,147500,248400
60804209092,2019,16000,0,16000
70813103010,2019,119500,220700,340200
70913105198,2019,26000,175100,201100
70901113187,2019,17700,93300,111000
81023207633,2019,33600,128000,161600
80925304183,2019,53800,150000,203800
80924411814,2019,400,1600,2000
70918214077,2019,143300,208300,351600
71006308251,2019,69200,163800,233000
80925107264,2019,49900,129600,179500
70913318080,2019,114800,326300,441100
71002415068,2019,66800,279600,346400
70919101017,2019,281000,706000,987000
81034401084,2019,62800,152300,215100
70815307149,2019,172100,369200,541300
70823408202,2019,53000,289000,342000
70913350503,2019,0,15000,15000
70922231182,2019,158400,352400,510800
70923411600,2019,25300,121700,147000
70919200976,2019,198000,130000,328000
70922330132,2019,212900,657000,869900
80924443700,2019,400,1600,2000
70823205054,2019,18100,227600,245700
71021111259,2019,63500,136700,200200
70913317298,2019,114400,344200,458600
81028403012,2019,63000,123500,186500
80925110241,2019,55900,129700,185600
60802408290,2019,64000,220000,284000
81027203223,2019,303500,169700,473200
70828314579,2019,22000,0,22000
70923170719,2019,2100,700,2800
70836213078,2019,11600,127800,139400
60812117112,2019,71800,175400,247200
70919301138,2019,93600,370100,463700
71022201075,2019,64000,47500,111500
70918401088,2019,494400,58500,552900
70836118103,2019,70600,204900,275500
60801111141,2019,60000,133300,193300
71005111291,2019,65100,172500,237600
71021101010,2019,96500,16000,112500
70917101069,2019,57000,328000,385000
70920217390,2019,400,14600,15000
81028120393,2019,0,4000,4000
70923125061,2019,88300,371500,459800
70813330126,2019,55500,291500,347000
81027108019,2019,36700,109400,146100
70823212174,2019,71100,160500,231600
60802101141,2019,0,0,0
71014302013,2019,57500,173500,231000
71007242185,2019,9300,190700,200000
70813402511,2019,250400,416800,667200
71035109034,2019,72100,237900,310000
70929106247,2019,82800,170500,253300
60812203028,2019,94500,175500,270000
80924308053,2019,66700,231300,298000
70920221101,2019,0,2200,2200
81034416166,2019,54100,172100,226200
71001204032,2019,66000,0,66000
71005403143,2019,41800,130500,172300
81032102014,2019,78000,572000,650000
71016104178,2019,63300,151700,215000
70828444053,2019,0,0,0
71005338150,2019,96900,310600,407500
70920220145,2019,0,0,0
80925216156,2019,0,0,0
70918215075,2019,71500,233700,305200
81031223051,2019,38100,100600,138700
70924220513,2019,0,5000,5000
71007201066,2019,118200,398700,516900
70823205294,2019,18100,258900,277000
60903226020,2019,43200,92700,135900
71004317121,2019,54700,196100,250800
80924416955,2019,400,1600,2000
81021302302,2019,57500,279000,336500
71001413039,2019,67000,222100,289100
81030210158,2019,52800,132200,185000
70835203195,2019,107000,324000,431000
71001320242,2019,64400,220900,285300
81016302036,2019,396300,387600,783900
70928217201,2019,98400,209600,308000
60811304405,2019,99600,265400,365000
71002418583,2019,100,0,100
60801104120,2019,70400,169600,240000
71002104017,2019,1000000,0,1000000
70932202074,2019,83600,150700,234300
71002442128,2019,100,0,100
81026422014,2019,1800,0,1800
70836403273,2019,81900,172000,253900
71009308125,2019,66300,121700,188000
70836302102,2019,66000,210900,276900
60803110018,2019,0,0,0
70835103064,2019,74300,284400,358700
70823121309,2019,20000,77100,97100
70922429191,2019,74300,464600,538900
70913108457,2019,31000,181300,212300
71005407351,2019,44400,110800,155200
70826418092,2019,21500,126700,148200
70920127060,2019,21900,178600,200500
70921417014,2019,104500,232400,336900
81034101121,2019,65200,221000,286200
71008108823,2019,1100,8900,10000
81021402243,2019,46300,158500,204800
81033100992,2019,3128500,2362600,5491100
70835209028,2019,78200,214000,292200
70929303059,2019,76400,186500,262900
70932114112,2019,0,0,0
60812403016,2019,75200,189000,264200
60906111111,2019,83900,175000,258900
70928304058,2019,103400,240100,343500
70835123509,2019,6500,71300,77800
60901201107,2019,60100,158700,218800
60812105167,2019,84500,168400,252900
70920112079,2019,114400,173600,288000
71002443100,2019,100,0,100
70923309011,2019,96200,255200,351400
71003418011,2019,59100,151500,210600
70918306171,2019,78300,117900,196200
70828415070,2019,0,0,0
70930408195,2019,76800,225600,302400
70920309204,2019,137000,265300,402300
81033300740,2019,0,0,0
70814408013,2019,130500,280300,410800
71003409044,2019,50500,224800,275300
71021202082,2019,64100,128400,192500
71011225086,2019,155000,0,155000
70923124310,2019,119000,343100,462100
81032420242,2019,40400,118800,159200
70826315066,2019,35800,234100,269900
71002317058,2019,100,0,100
81030204010,2019,48700,112500,161200
70931407146,2019,67900,139900,207800
80925124995,2019,800,1200,2000
70814403089,2019,87500,159100,246600
70836216171,2019,5500,96900,102400
60812327076,2019,6000,71900,77900
81034416158,2019,54500,190000,244500
71023100995,2019,2605600,3297700,5903300
80925104236,2019,54700,154900,209600
70923167609,2019,6500,18500,25000
71006304275,2019,51500,162100,213600
70923153252,2019,1300,23700,25000
70923308063,2019,77200,294500,371700
70932411245,2019,78500,102600,181100
71002316018,2019,2400,0,2400
70834204079,2019,78500,245200,323700
71009304082,2019,69600,145400,215000
70918321450,2019,0,2000,2000
81030204218,2019,49000,118300,167300
60801201306,2019,67400,174500,241900
70932422127,2019,48000,113300,161300
71006427233,2019,100700,346000,446700
71011205153,2019,32900,230400,263300
70814417014,2019,91500,214200,305700
71006417218,2019,54100,239200,293300
70929411076,2019,73100,211500,284600
70936409030,2019,63100,168300,231400
71014215117,2019,7800,104900,112700
60811103071,2019,97100,221600,318700
70826408142,2019,0,0,0
70835111017,2019,86800,263200,350000
60803110026,2019,0,0,0
60811411036,2019,75600,178000,253600
70920220012,2019,0,7200,7200
71009320210,2019,63300,101200,164500
70826417648,2019,21500,126700,148200
70921206219,2019,71500,101300,172800
70929105083,2019,100600,236500,337100
70901113202,2019,24800,134100,158900
81028103092,2019,58600,188300,246900
70834307196,2019,192800,724500,917300
60801416046,2019,74800,226100,300900
70929116288,2019,106100,199600,305700
60801307170,2019,80100,270300,350400
81028119255,2019,0,0,0
70918204060,2019,87700,217500,305200
70834201190,2019,82700,230300,313000
71001407024,2019,57200,203900,261100
71005110011,2019,35100,156600,191700
81030100995,2019,2500000,6388000,8888000
81032104101,2019,23300,105900,129200
80925213128,2019,56900,136600,193500
70923159028,2019,8000,7000,15000
71006311022,2019,88000,176700,264700
71005409216,2019,41400,183200,224600
70835307038,2019,79200,184800,264000
80925123020,2019,12200,253900,266100
70835302179,2019,98600,173900,272500
70932106010,2019,141200,278800,420000
70928312126,2019,153900,407100,561000
71005412110,2019,41800,136300,178100
70828440209,2019,0,0,0
71004317147,2019,58500,160800,219300
70826307021,2019,96100,334600,430700
81026368044,2019,100,0,100
81031203045,2019,39800,113200,153000
80924402847,2019,400,1600,2000
70813333279,2019,26300,267500,293800
80926304166,2019,75600,174500,250100
71016108162,2019,61500,91500,153000
71003107078,2019,53100,171700,224800
60905112178,2019,55100,95500,150600
80925402101,2019,56900,159400,216300
70816315076,2019,0,0,0
70922321074,2019,228200,510900,739100
70932422052,2019,48000,94300,142300
71004311066,2019,51900,161700,213600
70913213298,2019,0,0,0
80925202048,2019,57100,142700,199800
70913333054,2019,19100,85200,104300
70913124130,2019,114000,198500,312500
70814421239,2019,15200,215100,230300
71011212207,2019,8100,0,8100
70931201069,2019,75300,140700,216000
60906102970,2019,72700,183900,256600
71006431028,2019,98100,274300,372400
70921113042,2019,124400,245800,370200
81014303432,2019,11300,0,11300
71004401164,2019,63300,131700,195000
60812123086,2019,93100,201800,294900
80926112022,2019,54800,175300,230100
71015211156,2019,0,0,0
71007315148,2019,93300,233400,326700
70930402056,2019,70600,226800,297400
70920305236,2019,128900,429200,558100
81033101023,2019,2184100,13968100,16152200
71006121108,2019,105800,96800,202600
81027110072,2019,36700,114300,151000
71009414021,2019,62400,88300,150700
70836431018,2019,31800,88600,120400
60811109110,2019,99500,252000,351500
60801211082,2019,75600,139700,215300
81032403058,2019,43700,156900,200600
70913320142,2019,216000,427000,643000
71002411016,2019,9800,0,9800
60803104102,2019,103200,212800,316000
71011125046,2019,71300,322100,393400
70824301314,2019,96900,247900,344800
81034202276,2019,67900,194600,262500
71010408071,2019,52000,158400,210400
70914414259,2019,166000,740000,906000
71011108349,2019,30000,237000,267000
70928224040,2019,91900,274400,366300
70923158228,2019,45200,323700,368900
71006313242,2019,78000,897000,975000
71014102116,2019,0,0,0
80924442083,2019,13300,232700,246000
80926110323,2019,64500,165800,230300
80925301048,2019,60300,163700,224000
70901103104,2019,51000,160400,211400
70918220082,2019,147600,137200,284800
71021215118,2019,56400,120500,176900
70914415017,2019,0,0,0
70922226109,2019,177200,568900,746100
80925216239,2019,57600,163300,220900
71009104234,2019,54100,149100,203200
71009305022,2019,68800,117200,186000
70823102052,2019,89400,244900,334300
70923131282,2019,129400,245500,374900
71011407113,2019,93800,275000,368800
60811201031,2019,98700,162500,261200
70913340942,2019,1800,13200,15000
70836410103,2019,55100,133600,188700
70914438788,2019,2200,22800,25000
60801226106,2019,16200,153300,169500
70914419142,2019,227000,463000,690000
70922336297,2019,130200,144400,274600
70929403320,2019,95900,351800,447700
70920210013,2019,0,0,0
70824204112,2019,107500,410900,518400
70836407209,2019,55100,137500,192600
70824103140,2019,115900,328200,444100
70928117154,2019,105300,290600,395900
70836118020,2019,70900,149700,220600
71003306026,2019,0,0,0
70921208182,2019,101000,419000,520000
71011208404,2019,22700,201400,224100
71003319095,2019,54000,154600,208600
70923160273,2019,8000,7000,15000
71010101154,2019,56400,167400,223800
70922226092,2019,193900,426000,619900
70834305059,2019,141800,368300,510100
70920117235,2019,156000,202400,358400
70816304201,2019,174100,492900,667000
71011402189,2019,0,0,0
71010407164,2019,59600,192400,252000
71009306062,2019,69400,151800,221200
70913108019,2019,79500,137900,217400
81028101129,2019,59000,174100,233100
70926304076,2019,97400,189300,286700
60802429064,2019,14600,94100,108700
81034106519,2019,57400,161700,219100
71006404166,2019,68000,297000,365000
71006123097,2019,32800,268600,301400
70914410174,2019,950000,357000,1307000
70923143609,2019,44900,358000,402900
70914437631,2019,1100,5900,7000
60906203182,2019,103000,177000,280000
70913210129,2019,87700,192400,280100
70828314363,2019,1400,0,1400
60811109144,2019,118100,320100,438200
60812328636,2019,0,1000,1000
80924404108,2019,7100,126300,133400
70929105033,2019,98500,191500,290000
71029400985,2019,0,0,0
70901103055,2019,51000,111800,162800
70814403287,2019,102600,220700,323300
81032102022,2019,34000,61900,95900
70921319145,2019,73400,249700,323100
70923131068,2019,129400,165700,295100
70921112234,2019,124400,211600,336000
70918223086,2019,180000,253100,433100
71006114301,2019,63800,205800,269600
70928307052,2019,104300,119500,223800
70814421073,2019,15200,159700,174900
71009212011,2019,62200,124300,186500
80935104036,2019,57400,157400,214800
70817404018,2019,0,0,0
71009316029,2019,68800,191200,260000
81033308223,2019,6300,64800,71100
81034206088,2019,66600,176300,242900
70829402191,2019,12700,0,12700
71003310126,2019,51700,162000,213700
70920409046,2019,129500,237300,366800
70926415063,2019,50600,79600,130200
70920410283,2019,127100,204500,331600
70922116053,2019,275000,933000,1208000
71005222014,2019,89500,270800,360300
71003417146,2019,47900,160300,208200
71001306060,2019,62800,198700,261500
71004302148,2019,52000,169200,221200
70825202264,2019,0,0,0
70932110053,2019,141700,319100,460800
80936403221,2019,75900,159200,235100
60802314083,2019,97700,276700,374400
71005407111,2019,69300,137300,206600
60801206083,2019,85200,185800,271000
60812213085,2019,22400,176000,198400
70914437459,2019,1100,5900,7000
71014301289,2019,61200,234200,295400
60811104095,2019,103300,244800,348100
80926304174,2019,71100,226500,297600
71015405238,2019,48700,183500,232200
71011114023,2019,71000,244000,315000
60802312144,2019,98100,219900,318000
70913201186,2019,563200,166100,729300
71015106216,2019,66400,157900,224300
71016415046,2019,63300,144700,208000
70816306132,2019,138500,423400,561900
81023311012,2019,1296000,0,1296000
70835205125,2019,97600,224400,322000
70836312010,2019,19100,191900,211000
71002313048,2019,59800,203700,263500
60812405369,2019,84200,184700,268900
71009305163,2019,70300,137900,208200
81034120080,2019,25000,143000,168000
60811304108,2019,91400,270000,361400
70923140762,2019,1500,13500,15000
70825101036,2019,264000,516000,780000
70813309246,2019,114200,273400,387600
71027417065,2019,0,0,0
71035207151,2019,43900,221600,265500
70822414698,2019,15800,143200,159000
70921311068,2019,85500,298200,383700
70918410063,2019,128600,133100,261700
70920209016,2019,0,0,0
70934402060,2019,209000,366000,575000
70914404135,2019,0,0,0
71007310073,2019,0,0,0
71034105091,2019,66900,195300,262200
70836401235,2019,65900,159700,225600
71027200791,2019,0,0,0
70813328212,2019,98600,213000,311600
70926103056,2019,77500,84200,161700
71007203096,2019,81900,402800,484700
70918415485,2019,10500,117900,128400
70920102161,2019,93900,160500,254400
70828113096,2019,94700,228400,323100
71003317057,2019,58400,183300,241700
81032409204,2019,39900,138100,178000
81031222178,2019,38500,123200,161700
70929404071,2019,97400,174400,271800
81035106138,2019,58400,0,58400
71004401312,2019,52700,146300,199000
81034200915,2019,240000,72000,312000
70813109026,2019,131000,358500,489500
81030207098,2019,64000,218000,282000
60802112396,2019,93500,129000,222500
70822402148,2019,1647000,2222000,3869000
71005308088,2019,57600,159700,217300
71002405382,2019,0,0,0
60801215084,2019,70000,199500,269500
80925118865,2019,800,1200,2000
80924420013,2019,9900,170700,180600
71035119059,2019,57900,205700,263600
70922409193,2019,171200,321100,492300
71030208089,2019,87600,218300,305900
70929213050,2019,77900,232100,310000
70820103045,2019,100,0,100
81033401093,2019,241000,1005000,1246000
71005310166,2019,65100,166500,231600
70913125055,2019,121000,346500,467500
81030315057,2019,59800,127300,187100
70914413095,2019,0,0,0
80926107221,2019,54000,171700,225700
60901203046,2019,57800,146400,204200
70826310248,2019,112800,390900,503700
71006430103,2019,96100,299900,396000
81033204174,2019,45600,144400,190000
71008108849,2019,1100,8900,10000
71014207081,2019,57500,173900,231400
60801225249,2019,15000,140000,155000
60801414272,2019,74900,181100,256000
60812114027,2019,83600,175500,259100
70926102305,2019,184000,424200,608200
71005227056,2019,48500,132500,181000
70823122068,2019,24400,87400,111800
70923413797,2019,0,5000,5000
70918409016,2019,233900,425400,659300
70918309109,2019,0,0,0
71006305207,2019,48200,179400,227600
70834103057,2019,133900,475100,609000
80926105176,2019,57600,148600,206200
60802406012,2019,69100,178700,247800
70923164457,2019,44900,208200,253100
71010412048,2019,59000,149000,208000
70931408095,2019,69200,124600,193800
70922117043,2019,0,0,0
70936403024,2019,64400,129900,194300
70829416019,2019,13100,0,13100
70814414028,2019,89800,291600,381400
70820112187,2019,100,0,100
70813325234,2019,20600,183800,204400
70932401238,2019,137600,338800,476400
70833119120,2019,87900,307100,395000
80926402184,2019,40400,135100,175500
80925118063,2019,12900,213800,226700
60801301122,2019,73500,137200,210700
70928223141,2019,105300,168600,273900
80925411251,2019,62100,205400,267500
71010206243,2019,59600,162500,222100
70923150555,2019,40600,274400,315000
60801209219,2019,70200,162000,232200
80926101033,2019,57400,127600,185000
70826420740,2019,0,4000,4000
60811203102,2019,95000,206800,301800
70923164366,2019,44900,288500,333400
81034120048,2019,25000,136500,161500
60812308068,2019,123300,288700,412000
81031204077,2019,39900,112800,152700
71007203145,2019,84100,340900,425000
70935302053,2019,0,0,0
70813112160,2019,115200,339700,454900
70920103317,2019,120800,186100,306900
71027405052,2019,51000,190900,241900
70932307022,2019,69200,123500,192700
70823402121,2019,38200,186400,224600
71005106010,2019,315000,1122000,1437000
70825400751,2019,385000,601000,986000
70929113234,2019,89800,278800,368600
70913311076,2019,125000,278500,403500
70923311066,2019,710000,909200,1619200
70919302235,2019,88300,227400,315700
71006212113,2019,66000,176100,242100
70929112335,2019,95800,215300,311100
70931407154,2019,66600,137400,204000
80927402117,2019,73100,0,73100
70936407018,2019,58800,148900,207700
60802115225,2019,20500,123300,143800
71006108099,2019,70400,131100,201500
71011307040,2019,58900,188800,247700
70922422070,2019,104000,287200,391200
70901118070,2019,16900,104700,121600
70836313406,2019,15700,161300,177000
71002438078,2019,43100,246800,289900
71005413100,2019,47400,132700,180100
81030317029,2019,56000,109000,165000
60802420137,2019,13100,134400,147500
70836409172,2019,90000,200000,290000
70833113130,2019,95900,237200,333100
70935400956,2019,174000,204000,378000
81033207285,2019,46200,110800,157000
71014215315,2019,7800,123800,131600
60811417050,2019,78000,188400,266400
70922426080,2019,100000,230000,330000
70913348160,2019,7000,332600,339600
70921124081,2019,137500,336700,474200
71014304085,2019,53600,203900,257500
80924431127,2019,9900,186600,196500
81021407160,2019,58100,184500,242600
60812327018,2019,6000,71900,77900
70923173664,2019,3300,5900,9200
60904111189,2019,87100,297100,384200
80924101431,2019,85500,426800,512300
60905205030,2019,88000,226000,314000
70829104135,2019,52800,257100,309900
71034103087,2019,71400,223500,294900
70914431021,2019,134800,594200,729000
70919110208,2019,139600,165200,304800
71016204069,2019,77700,183200,260900
70835324016,2019,73600,251400,325000
71003222032,2019,21600,74200,95800
70923160348,2019,8000,7000,15000
60802108204,2019,69300,154800,224100
60904101198,2019,93100,197900,291000
70918222088,2019,79800,139000,218800
60812108195,2019,78500,204400,282900
71028300970,2019,0,0,0
70932210803,2019,0,5000,5000
71011204030,2019,44900,236100,281000
81032316011,2019,21000,134000,155000
70923162394,2019,8000,7000,15000
60812306088,2019,80800,206100,286900
71015101109,2019,57500,148700,206200
70913349051,2019,36600,221300,257900
70829412041,2019,13000,0,13000
60802410013,2019,66600,174400,241000
71010313535,2019,49600,133300,182900
71006423067,2019,79400,199900,279300
70922416081,2019,71500,255000,326500
81021306057,2019,52600,142400,195000
80925303218,2019,52900,139000,191900
60801401295,2019,78900,191600,270500
60801416062,2019,72200,203100,275300
71010104041,2019,54300,188800,243100
70924221199,2019,28300,85700,114000
70824203057,2019,96200,210400,306600
71007302012,2019,103300,296800,400100
60812214132,2019,19100,205800,224900
70823118380,2019,12800,89400,102200
70913201128,2019,559500,207500,767000
81023308019,2019,35600,113600,149200
81034329038,2019,29300,93800,123100
80925204052,2019,57000,141500,198500
81034102161,2019,66800,200200,267000
70828104061,2019,98600,208200,306800
71010209180,2019,54000,195200,249200
70922336312,2019,159000,392000,551000
60801109104,2019,66100,161800,227900
81034410209,2019,72100,282600,354700
81032430366,2019,0,880000,880000
71016411127,2019,61600,138400,200000
60802413322,2019,58900,166200,225100
70919221287,2019,103200,209500,312700
80925107206,2019,49900,124500,174400
70930411164,2019,75600,224600,300200
70828411052,2019,0,0,0
71006102124,2019,85700,108900,194600
71005313029,2019,62900,188700,251600
60812331176,2019,0,100,100
70932109204,2019,220600,368700,589300
81023309025,2019,35600,134900,170500
70921209015,2019,69300,137700,207000
71003416122,2019,49100,206200,255300
71035125072,2019,11800,265700,277500
71012222081,2019,14800,134600,149400
71010107029,2019,55100,192700,247800
70836203334,2019,69700,159000,228700
81031203011,2019,73500,76500,150000
70920126153,2019,15200,161700,176900
70919308027,2019,100000,168000,268000
71005332061,2019,95000,398000,493000
70918415948,2019,10500,110300,120800
70914419358,2019,1122000,124000,1246000
70929206104,2019,78400,163700,242100
70929214040,2019,100700,189800,290500
80936414038,2019,73400,146900,220300
70921403021,2019,144600,232400,377000
71009223274,2019,45100,194700,239800
71020307198,2019,10200,106400,116600
70814103051,2019,115600,301500,417100
70919302186,2019,96700,170100,266800
81030205167,2019,49600,127600,177200
71003302082,2019,55300,116500,171800
70823107193,2019,89400,238600,328000
71005111077,2019,60600,189400,250000
81030206157,2019,36600,54400,91000
60801419264,2019,16600,179700,196300
80935107957,2019,153000,0,153000
70921420075,2019,109100,349800,458900
80924403019,2019,8200,127700,135900
60801312450,2019,74000,211000,285000
80924434056,2019,13300,245200,258500
70920123034,2019,15200,120200,135400
70822110064,2019,33700,179900,213600
70923413028,2019,1700,16300,18000
60801223160,2019,16900,163100,180000
70836433022,2019,31700,86000,117700
70829110025,2019,106100,115700,221800
70922226125,2019,225800,504300,730100
70814312206,2019,26100,285900,312000
70923164126,2019,44900,345100,390000
70932421187,2019,48000,117500,165500
70835203038,2019,132100,436400,568500
70813402222,2019,0,0,0
71011407064,2019,96600,297000,393600
71005315174,2019,63100,259700,322800
71005225274,2019,41700,159600,201300
71005331112,2019,147200,541800,689000
70835207064,2019,87800,243200,331000
70926415279,2019,46100,73900,120000
70828441158,2019,0,0,0
71011119205,2019,44500,244800,289300
71014112040,2019,21700,154100,175800
70813314188,2019,9800,170600,180400
70833207066,2019,97900,320100,418000
71006421235,2019,58700,260400,319100
60801306073,2019,72800,158500,231300
81031413115,2019,39600,136300,175900
70833115160,2019,105900,260600,366500
71035113126,2019,63800,236200,300000
71009207129,2019,48000,177000,225000
70920105173,2019,120800,134500,255300
80935104292,2019,0,0,0
70836407192,2019,55100,136600,191700
70913349019,2019,40200,259600,299800
70913110220,2019,100500,207500,308000
70834214052,2019,34500,352500,387000
81028119924,2019,8700,67300,76000
70932424149,2019,53500,82000,135500
70835122030,2019,6500,71000,77500
70936302028,2019,63200,133200,196400
70929103110,2019,110500,204500,315000
70931403160,2019,103100,182600,285700
71005229119,2019,47100,88600,135700
70828439046,2019,0,0,0
70912404153,2019,100400,323800,424200
81015104186,2019,57400,180600,238000
60801101051,2019,67100,157900,225000
71019410126,2019,76000,0,76000
70825101094,2019,418000,608000,1026000
81010300979,2019,3300,0,3300
70932103157,2019,80400,191100,271500
71035207565,2019,43900,221800,265700
81026368010,2019,100,0,100
70932206068,2019,165000,980000,1145000
60812104101,2019,81000,160800,241800
70920309022,2019,98800,258600,357400
81032427107,2019,31700,130200,161900
70836216618,2019,5500,94500,100000
71003105113,2019,53100,195400,248500
70920414194,2019,134200,181900,316100
70929113094,2019,89800,292400,382200
70826312137,2019,70100,220100,290200
70921125063,2019,124400,264600,389000
70913434571,2019,0,1000,1000
70923149186,2019,7300,1200,8500
70923156652,2019,5000,10000,15000
80924436119,2019,13300,223800,237100
71011128082,2019,75100,313600,388700
71027418039,2019,0,0,0
81021407152,2019,0,0,0
71007224258,2019,94200,220100,314300
71006302287,2019,35500,271600,307100
71027405086,2019,54600,187400,242000
70919224174,2019,101300,166700,268000
70918410055,2019,127900,142500,270400
71016401061,2019,80000,330000,410000
81021307120,2019,59800,179300,239100
70921113141,2019,124400,332500,456900
70923147099,2019,8000,7000,15000
60804206072,2019,89900,271100,361000
70826211800,2019,13700,54400,68100
70932305240,2019,384200,94400,478600
71011118330,2019,30500,233100,263600
71007111215,2019,87900,287000,374900
70821216045,2019,0,0,0
70926217170,2019,275000,63700,338700
71006403150,2019,65100,170600,235700
60903221020,2019,41300,107000,148300
70918306262,2019,74800,120400,195200
70919414139,2019,103700,337000,440700
70901113393,2019,12600,82400,95000
71002439068,2019,37500,229900,267400
60812209042,2019,134000,391000,525000
70816414042,2019,13100,201900,215000
70821212176,2019,100,0,100
70813108177,2019,59800,0,59800
71007315106,2019,99200,370600,469800
80924423801,2019,400,1600,2000
70814412022,2019,87100,188600,275700
60812103012,2019,88500,165300,253800
81021416260,2019,0,0,0
80925409157,2019,59100,213400,272500
81028103290,2019,63700,148300,212000
70836312036,2019,19100,199900,219000
71002440148,2019,44200,0,44200
70919308019,2019,100600,159200,259800
81034327066,2019,11300,68400,79700
70928106032,2019,111100,260300,371400
70924213097,2019,0,0,0
71010202168,2019,54900,170100,225000
80926308077,2019,70700,215800,286500
71007115209,2019,81800,350600,432400
70921416149,2019,137000,409300,546300
60811416284,2019,81200,190200,271400
71002309120,2019,100,0,100
70824406057,2019,100600,267500,368100
80926108378,2019,54500,145200,199700
81028118497,2019,10100,86000,96100
60803117014,2019,101200,320700,421900
81033308231,2019,6300,64800,71100
60906207184,2019,66000,156600,222600
71001416083,2019,69000,271500,340500
70822102342,2019,112500,244600,357100
70921126160,2019,128000,311800,439800
60812321185,2019,19600,166200,185800
81030312037,2019,57500,173200,230700
70923411519,2019,29700,258800,288500
60812203177,2019,91200,182900,274100
70919406045,2019,104500,263400,367900
81033404097,2019,0,0,0
71006406253,2019,68000,223900,291900
71011126169,2019,1040000,8367000,9407000
71015118229,2019,47000,161900,208900
70921202035,2019,88000,1000,89000
71006110416,2019,0,0,0
70923153616,2019,1300,23700,25000
80924303037,2019,71400,276600,348000
70823404226,2019,34400,213800,248200
71011117027,2019,70500,201100,271600
70913107293,2019,17000,0,17000
80924434783,2019,400,1600,2000
70931410016,2019,103100,210200,313300
70826310222,2019,111500,382000,493500
70833108131,2019,81800,247000,328800
80924101069,2019,79300,241300,320600
71009218126,2019,45900,164500,210400
81027300813,2019,306800,1442700,1749500
70814428136,2019,15200,192200,207400
70928112196,2019,108200,289700,397900
71006310199,2019,69200,107800,177000
70836213151,2019,11600,117400,129000
80926112139,2019,56700,162400,219100
71001324145,2019,63500,203500,267000
71003317122,2019,54000,162600,216600
70921319054,2019,81000,185600,266600
71007111158,2019,81900,293100,375000
70901109095,2019,40900,152200,193100
80924304217,2019,65100,334900,400000
70912409202,2019,114500,189800,304300
70929426091,2019,99100,276700,375800
70918211312,2019,83500,304000,387500
70922211168,2019,110800,527200,638000
60801212254,2019,69300,197600,266900
70929416159,2019,86700,319900,406600
70823121333,2019,20000,103200,123200
71005302147,2019,81000,474000,555000
70836216452,2019,5500,94300,99800
70826412911,2019,10000,79100,89100
70814312462,2019,26100,284600,310700
81022106993,2019,400,0,400
70922207159,2019,134600,273700,408300
70912451013,2019,0,0,0
70922313104,2019,108900,332500,441400
70834401055,2019,0,0,0
60801412242,2019,83000,213000,296000
60811418082,2019,79300,155700,235000
60801216165,2019,0,0,0
71010206102,2019,53000,362000,415000
70835125224,2019,500,1500,2000
70813314253,2019,9300,165700,175000
70922439025,2019,79200,256400,335600
71021222147,2019,64000,151600,215600
70918312136,2019,268000,180000,448000
60812119035,2019,20700,178800,199500
70833303088,2019,129900,390800,520700
70920103234,2019,133500,154600,288100
70921407057,2019,142900,411100,554000
71026302035,2019,81100,0,81100
70922419085,2019,57900,362000,419900
60801405172,2019,85100,156400,241500
70828443112,2019,0,0,0
81027105172,2019,36700,114900,151600
70935113236,2019,48500,107700,156200
70923170727,2019,2100,600,2700
71006414214,2019,57000,191700,248700
60906114058,2019,57900,143000,200900
70932115160,2019,195700,478800,674500
70932103438,2019,140300,245300,385600
70835123236,2019,6500,71300,77800
70923122314,2019,242600,282800,525400
70822106237,2019,48700,169700,218400
81021108106,2019,76600,201700,278300
71007101084,2019,114800,337000,451800
70920404096,2019,116100,196200,312300
70826419355,2019,0,4000,4000
70923170090,2019,3600,1000,4600
71020301059,2019,295700,198600,494300
71005413259,2019,44400,140600,185000
71002441162,2019,100,0,100
71010114058,2019,57000,207600,264600
70922315093,2019,145600,343400,489000
71035114083,2019,67400,215600,283000
70815306315,2019,203500,343000,546500
60802107107,2019,67500,192400,259900
71009214314,2019,50100,144000,194100
60804204042,2019,74000,300000,374000
70913209106,2019,100600,79300,179900
70814405085,2019,88200,156200,244400
70813108060,2019,126100,208900,335000
70914439398,2019,1000,8600,9600
70923146504,2019,8000,7000,15000
70829108377,2019,107700,314200,421900
70835209169,2019,78200,208000,286200
70824311264,2019,14100,157100,171200
70836207146,2019,73700,202900,276600
70913323419,2019,130000,390700,520700
70920413104,2019,127100,146500,273600
70928117295,2019,0,0,0
70813320903,2019,400,2100,2500
70935201073,2019,66200,177800,244000
70813310467,2019,21600,217300,238900
60803105085,2019,115100,199000,314100
80936122045,2019,14900,103400,118300
70928323090,2019,163700,594800,758500
70923148287,2019,4200,800,5000
81033304213,2019,44000,148800,192800
71022302790,2019,536500,331700,868200
71014214060,2019,8100,128900,137000
81030400840,2019,0,0,0
81030402078,2019,0,0,0
70919215131,2019,89500,125500,215000
70932412136,2019,74800,74400,149200
71034108243,2019,0,0,0
71003417089,2019,49900,207900,257800
81031204118,2019,39900,147800,187700
81031224299,2019,53000,79400,132400
70913432046,2019,27100,187900,215000
70923162526,2019,8000,3500,11500
80936411159,2019,50100,147300,197400
80924408811,2019,400,1600,2000
71006409190,2019,68000,301900,369900
71006404223,2019,68000,192800,260800
71030201059,2019,371700,18300,390000
71007307012,2019,304300,227900,532200
71006129102,2019,47500,69500,117000
70913406281,2019,100100,378400,478500
70813103135,2019,374000,136000,510000
70836216163,2019,5400,97000,102400
81022106026,2019,1321500,4709700,6031200
70826211264,2019,10000,50000,60000
70932423034,2019,52600,195800,248400
60812201072,2019,77200,150500,227700
71019411223,2019,9000,107600,116600
70912440058,2019,9000,84500,93500
70920301268,2019,114300,160800,275100
70913309344,2019,65500,286500,352000
80924437901,2019,400,1600,2000
70824402013,2019,96600,261700,358300
70923148120,2019,4200,800,5000
70929124322,2019,0,10000,10000
80924406055,2019,8300,133500,141800
70824406114,2019,98000,293500,391500
70929217169,2019,95200,165200,260400
71002107136,2019,9500,147700,157200
70834101093,2019,121700,321400,443100
70829111156,2019,0,0,0
70926406088,2019,80600,91600,172200
71003216118,2019,89000,356000,445000
71003417120,2019,55000,207700,262700
81022201040,2019,0,0,0
71006307261,2019,71100,151700,222800
70835210158,2019,80300,169200,249500
70914411049,2019,221600,369900,591500
70920404012,2019,145600,83200,228800
70913114222,2019,84800,244000,328800
80936201162,2019,62900,118800,181700
80925114053,2019,12600,178000,190600
71034103459,2019,69700,181800,251500
80925309026,2019,62800,85500,148300
81032423121,2019,31800,110800,142600
70835400965,2019,100,0,100
71005111283,2019,65100,128500,193600
71011207141,2019,47500,176600,224100
60812404311,2019,91100,177900,269000
71015407151,2019,55900,232100,288000
71001323113,2019,65700,228100,293800
70914439207,2019,1000,8600,9600
71007235031,2019,20900,204100,225000
70913434068,2019,0,18000,18000
60906209180,2019,60000,159600,219600
70929202087,2019,83100,200900,284000
70816310042,2019,177900,501700,679600
81033304172,2019,43700,117000,160700
70923106136,2019,409000,1136500,1545500
70932114162,2019,152100,435400,587500
70817402096,2019,0,0,0
60812306012,2019,80200,272200,352400
71004200871,2019,0,0,0
70935307277,2019,4900,55100,60000
70834428265,2019,20300,164700,185000
81034411083,2019,70000,199900,269900
70921116046,2019,122900,323400,446300
70932416211,2019,53600,116400,170000
81021408100,2019,57100,184900,242000
70921216078,2019,62700,135600,198300
70919109186,2019,128600,249800,378400
70914436120,2019,108900,881100,990000
80926104269,2019,53500,119800,173300
71006126124,2019,36600,138300,174900
71002442095,2019,100,0,100
70836203102,2019,85500,225900,311400
71005225141,2019,54800,176000,230800
70814402023,2019,95800,171600,267400
71001412031,2019,57200,175100,232300
70913103225,2019,80800,179700,260500
70929310038,2019,100400,132900,233300
70928306161,2019,91600,111800,203400
60801235040,2019,10000,125900,135900
81026369042,2019,8500,0,8500
81031227095,2019,43400,115000,158400
81034310251,2019,88000,867000,955000
71020302114,2019,87500,105100,192600
70828436092,2019,0,0,0
70920217499,2019,400,14600,15000
60811428057,2019,80300,147000,227300
60811105035,2019,0,0,0
70816314094,2019,138100,227400,365500
71011119156,2019,49900,221700,271600
81033305196,2019,43300,144700,188000
70821209032,2019,120000,450400,570400
70920114124,2019,131600,112100,243700
70823211366,2019,76900,201400,278300
70923164407,2019,44900,353400,398300
70922346030,2019,0,15000,15000
60812330285,2019,0,5000,5000
70932410073,2019,81300,179300,260600
60801109302,2019,63900,167800,231700
71003410091,2019,49900,185400,235300
70920106311,2019,130800,138000,268800
70913125047,2019,92400,247100,339500
71011418110,2019,38500,95500,134000
70919214084,2019,115200,199800,315000
70828321095,2019,13400,0,13400
70923141695,2019,200,3000,3200
71004311199,2019,54100,130200,184300
70835122147,2019,6500,75100,81600
81032420292,2019,40400,134000,174400
70821408296,2019,114700,0,114700
71009207088,2019,48000,162300,210300
70924215027,2019,104000,271000,375000
81032419021,2019,41500,117700,159200
71006122073,2019,35600,115600,151200
81032430035,2019,53000,222000,275000
70913329011,2019,0,0,0
70816401198,2019,160100,377500,537600
71014107025,2019,12300,170800,183100
81032407026,2019,72000,259800,331800
70833207016,2019,88800,331200,420000
80924401047,2019,15600,128200,143800
71006130133,2019,47100,66900,114000
81032418081,2019,34600,105900,140500
60802111116,2019,86600,153800,240400
60812327042,2019,6000,89400,95400
70913354662,2019,0,2500,2500
71015118021,2019,56100,162700,218800
70931202405,2019,74800,193600,268400
70912404054,2019,102200,220400,322600
70918322177,2019,0,2000,2000
70821212259,2019,100,0,100
80935107965,2019,88300,0,88300
70932408143,2019,77000,223000,300000
70923411072,2019,35200,361800,397000
70935113278,2019,44000,359000,403000
70912405044,2019,110000,340300,450300
71005206208,2019,152900,1009500,1162400
81026350075,2019,44700,84400,129100
71006128500,2019,48800,157700,206500
70922237031,2019,227300,409500,636800
70836122039,2019,115900,480800,596700
71002418046,2019,81100,195200,276300
60812201056,2019,82100,151900,234000
70929116080,2019,119700,373400,493100
80925219019,2019,59200,120000,179200
60812316128,2019,84700,266200,350900
81032408016,2019,40900,159300,200200
80936106057,2019,14900,111000,125900
70922213073,2019,195900,664900,860800
70920216532,2019,13400,474200,487600
81023309140,2019,35600,134900,170500
70914440014,2019,34400,101600,136000
70932419083,2019,103000,197000,300000
71030205142,2019,0,0,0
70928101181,2019,77600,268300,345900
70920306375,2019,126700,193500,320200
81014303424,2019,11300,0,11300
70919406128,2019,103800,183800,287600
81033304099,2019,44900,126600,171500
71011105014,2019,0,0,0
70935207071,2019,66200,265500,331700
70836203029,2019,0,0,0
81019304013,2019,1900,0,1900
70813310392,2019,20100,201600,221700
71007242060,2019,9300,170700,180000
80925117940,2019,800,1200,2000
71006115028,2019,42700,225900,268600
71021401048,2019,0,0,0
70918312061,2019,153700,168200,321900
71003401032,2019,50500,168700,219200
81031221055,2019,34600,171900,206500
70815308056,2019,182200,379400,561600
71015403183,2019,50700,211000,261700
70929213018,2019,78400,170200,248600
70821216011,2019,1100,0,1100
81032431025,2019,33500,79800,113300
81034114017,2019,62400,178300,240700
70814417072,2019,92300,228800,321100
70923168277,2019,6500,18500,25000
71009407208,2019,62100,95700,157800
70824103083,2019,107500,242200,349700
70913429077,2019,15400,227200,242600
70835123145,2019,6500,71300,77800
70826405015,2019,0,0,0
71012205227,2019,67300,307900,375200
60812122111,2019,77800,238000,315800
70923156230,2019,3300,11700,15000
80926302045,2019,59200,186000,245200
70826410254,2019,67600,168300,235900
70816323102,2019,0,0,0
70821114405,2019,17300,248500,265800
71005232097,2019,53200,97500,150700
71004304095,2019,52800,141200,194000
60802413140,2019,61000,622000,683000
70920221169,2019,0,0,0
70834203013,2019,81100,206500,287600
81034101056,2019,67300,225300,292600
70923173979,2019,3300,11700,15000
70821410085,2019,101400,380600,482000
70928102478,2019,107200,426000,533200
71005111176,2019,60600,146300,206900
71030201091,2019,389700,360300,750000
70826422283,2019,0,4000,4000
80925124086,2019,12200,275600,287800
70834309077,2019,29000,0,29000
70920114091,2019,131600,155300,286900
60812202020,2019,80400,174600,255000
70919402150,2019,115900,342200,458100
80924428893,2019,400,1600,2000
70923161388,2019,8000,7000,15000
70821110148,2019,106900,323100,430000
71005111085,2019,60600,153400,214000
70813110081,2019,139300,313700,453000
70935211056,2019,222200,93500,315700
70824216042,2019,112100,166200,278300
70836404247,2019,61600,200500,262100
71010220011,2019,25100,107200,132300
81028101012,2019,63800,186200,250000
80926203079,2019,69700,155600,225300
70913433292,2019,6000,154800,160800
70833302072,2019,216500,316300,532800
70901102130,2019,49800,165400,215200
71010304104,2019,55600,127000,182600
81027107087,2019,36700,110800,147500
70836201065,2019,77100,180200,257300
80925117750,2019,800,1200,2000
60904110173,2019,94600,298700,393300
81031205249,2019,52300,126100,178400
70901106059,2019,51000,127800,178800
70931309144,2019,99000,129900,228900
81021406097,2019,56100,182500,238600
70929220170,2019,88300,135500,223800
70921206318,2019,108000,322000,430000
70836401079,2019,62100,147900,210000
70931402253,2019,121300,178200,299500
71027101014,2019,98100,256900,355000
60903212095,2019,14100,69500,83600
71005212122,2019,49000,82400,131400
71003306042,2019,62500,129600,192100
81014303549,2019,32800,169300,202100
70921311159,2019,81000,219300,300300
71007223200,2019,90300,212100,302400
80936207079,2019,56900,196400,253300
71011221125,2019,12000,204200,216200
71021202165,2019,62100,143100,205200
70921207142,2019,60000,331900,391900
70816322047,2019,17300,106400,123700
71009313067,2019,106400,0,106400
80936206071,2019,55600,181000,236600
70913204297,2019,46000,429000,475000
70835305024,2019,87800,245300,333100
71014210141,2019,56900,165200,222100
70926209010,2019,424000,401000,825000
70833302478,2019,207000,382000,589000
70828314032,2019,88800,298300,387100
71010107194,2019,59300,195400,254700
70836403140,2019,64300,139600,203900
70922203032,2019,184000,136000,320000
70929426182,2019,94800,308100,402900
70919303027,2019,100700,229900,330600
70833304250,2019,122700,377100,499800
60801410030,2019,74000,151200,225200
71011217017,2019,372000,6258000,6630000
71035204157,2019,67200,223000,290200
60801226049,2019,16200,178700,194900
81033203027,2019,128000,8000,136000
60801112305,2019,60800,132300,193100
70823306050,2019,82300,200800,283100
81031414098,2019,38100,127900,166000
70824413060,2019,132000,645000,777000
81026356049,2019,4200,0,4200
70929223116,2019,79500,151500,231000
71020309128,2019,23800,163000,186800
70935306063,2019,281000,199000,480000
71007301014,2019,474500,259400,733900
60811416127,2019,75600,189600,265200
70913205154,2019,98800,127500,226300
60811110141,2019,103300,262400,365700
70834427077,2019,25600,167400,193000
70914410158,2019,480000,522000,1002000
81034401224,2019,56400,0,56400
81034411108,2019,72800,248200,321000
70922426022,2019,144800,330900,475700
70836303192,2019,61200,233200,294400
70835110069,2019,90200,348700,438900
81033411050,2019,25000,120000,145000
71006408126,2019,62000,260200,322200
70926221022,2019,0,0,0
70918311071,2019,237600,116300,353900
70924219219,2019,0,25000,25000
81034206137,2019,66400,152900,219300
71010114199,2019,57800,220900,278700
70826418034,2019,18400,84200,102600
81032318033,2019,13800,139200,153000
71007201032,2019,102800,345500,448300
70928313017,2019,123100,353400,476500
70922427088,2019,251700,450700,702400
70824203122,2019,114800,238600,353400
80924101530,2019,155000,201600,356600
70823314285,2019,153700,346300,500000
70918319968,2019,20500,113300,133800
70923153848,2019,1300,23700,25000
70923174943,2019,3300,11700,15000
81028108026,2019,50400,171300,221700
70835305123,2019,80300,185500,265800
60901103030,2019,59500,175700,235200
80926107065,2019,54000,115500,169500
70823408103,2019,47500,181300,228800
60812122070,2019,82800,206900,289700
70934404016,2019,330000,474000,804000
60904106057,2019,84200,229600,313800
70814405027,2019,0,0,0
70825104121,2019,451000,244000,695000
80924409786,2019,400,1600,2000
81030209028,2019,57100,104100,161200
71010105247,2019,55600,199600,255200
71034103269,2019,70400,207700,278100
81028409177,2019,634000,1657000,2291000
70920216607,2019,10700,365600,376300
70922439314,2019,117700,260000,377700
81031208128,2019,39800,130000,169800
70822414383,2019,11800,101500,113300
70920408163,2019,118300,193300,311600
81035108027,2019,71300,0,71300
70826421384,2019,0,4000,4000
70926108105,2019,77000,196700,273700
70922315035,2019,159000,301900,460900
70923153905,2019,2700,37300,40000
81026421032,2019,100,0,100
71034109209,2019,0,0,0
70834304043,2019,130000,459300,589300
81032104028,2019,23300,131700,155000
70816402089,2019,169200,532800,702000
71011112209,2019,46200,195800,242000
70913125104,2019,92900,261500,354400
70923126340,2019,130600,294400,425000
80925106068,2019,53500,141600,195100
70921204015,2019,80000,470000,550000
70928205082,2019,97800,244500,342300
71010408021,2019,55700,174000,229700
70931401164,2019,98400,157100,255500
71003212017,2019,56100,174000,230100
70923147396,2019,8000,7000,15000
71005329141,2019,110100,253800,363900
70820112088,2019,100,0,100
70931310026,2019,93300,125600,218900
70923167097,2019,3400,13800,17200
81030312087,2019,58000,135500,193500
70926217196,2019,281000,1349000,1630000
70912410142,2019,527700,508900,1036600
60802402169,2019,67100,160300,227400
70929221219,2019,88300,161900,250200
71014203401,2019,58700,213100,271800
70921221431,2019,140700,333300,474000
70929217218,2019,95200,149200,244400
70928323066,2019,152000,480500,632500
70921304039,2019,177700,456300,634000
71006206067,2019,63800,154900,218700
81021303102,2019,50400,175600,226000
60904103079,2019,78500,157400,235900
70913350016,2019,0,8000,8000
70923154325,2019,0,7500,7500
71010106154,2019,51200,189700,240900
80925211130,2019,55800,117400,173200
70828403067,2019,0,0,0
71035112011,2019,72400,262200,334600
60904109233,2019,0,0,0
60801210125,2019,69100,167000,236100
70814207126,2019,88800,226000,314800
71005330114,2019,102800,268700,371500
71005222080,2019,72000,149400,221400
71010118026,2019,59600,253500,313100
80925306238,2019,64600,109100,173700
70814430420,2019,19700,216800,236500
71035114306,2019,77700,247900,325600
70836107213,2019,69800,149400,219200
71001320200,2019,64400,166400,230800
71010104140,2019,49300,172700,222000
60801310131,2019,79900,285100,365000
81019303057,2019,61700,166900,228600
70931414240,2019,88300,221200,309500
70930305078,2019,407000,852000,1259000
60901202270,2019,61000,175300,236300
80925108098,2019,51800,145800,197600
70920410209,2019,115100,167800,282900
60811419098,2019,75500,194400,269900
71006427217,2019,96900,217700,314600
70926116116,2019,81000,229000,310000
70828422075,2019,0,0,0
70932205028,2019,68200,193400,261600
60803109011,2019,95800,173400,269200
70823303121,2019,83500,274500,358000
70815303048,2019,900,0,900
70935307136,2019,4900,55100,60000
70923202166,2019,204000,1078500,1282500
71015111299,2019,43800,199800,243600
70924216190,2019,3500,10000,13500
80925112932,2019,800,1200,2000
60811103120,2019,109900,240400,350300
81034111162,2019,59600,197800,257400
70930416271,2019,75600,232200,307800
70924214087,2019,34500,661500,696000
60804207020,2019,99900,304000,403900
71006126041,2019,82100,118000,200100
70935206180,2019,48900,104100,153000
71006424114,2019,43100,259400,302500
81028119271,2019,8700,64500,73200
71011118653,2019,30500,230500,261000
70931303120,2019,98600,152400,251000
71011417013,2019,92400,302800,395200
70912408064,2019,98200,272900,371100
70920303024,2019,122600,293300,415900
70919308035,2019,100000,185700,285700
70928305098,2019,103400,210400,313800
60801417151,2019,16300,195900,212200
70816314169,2019,125700,225900,351600
71006113030,2019,55000,164000,219000
70814102029,2019,106300,328300,434600
71014213286,2019,62900,214300,277200
70923170933,2019,2100,400,2500
81034330019,2019,24700,104500,129200
70835113146,2019,110200,440800,551000
70919311038,2019,100800,228800,329600
70922346618,2019,0,15000,15000
60811426019,2019,91700,205300,297000
60811110133,2019,103300,259900,363200
70835307179,2019,79400,217500,296900
70923152634,2019,23200,510400,533600
70920411116,2019,126700,248700,375400
60801207106,2019,70000,186000,256000
81034405185,2019,70500,216000,286500
70833401296,2019,0,0,0
70930104115,2019,78400,184100,262500
70922230069,2019,211600,453100,664700
71035114075,2019,68900,222100,291000
81028122208,2019,10800,97800,108600
60906207051,2019,61200,144000,205200
71019401117,2019,322200,437200,759400
71010104116,2019,49900,208100,258000
80924402053,2019,8200,122000,130200
70920414160,2019,134200,86100,220300
71006122205,2019,57200,100000,157200
70901113575,2019,20400,113900,134300
70924220068,2019,0,10000,10000
81027401041,2019,1429000,1808000,3237000
80924406881,2019,400,1600,2000
81028122034,2019,8700,59100,67800
71006405099,2019,69300,281300,350600
71011118398,2019,30500,238400,268900
71001310037,2019,655900,4168100,4824000
70823103175,2019,85400,245100,330500
81034410027,2019,68800,175300,244100
81021108065,2019,66900,202000,268900
70919208037,2019,89000,121700,210700
60812325088,2019,17000,107500,124500
81023305114,2019,35600,134900,170500
70935206057,2019,43100,84100,127200
60801401071,2019,75200,136400,211600
71011220177,2019,11300,167500,178800
70913415068,2019,98100,194600,292700
70836408083,2019,59400,162700,222100
70824414498,2019,13900,92800,106700
71003307058,2019,54700,163300,218000
80925117776,2019,800,1200,2000
81019300912,2019,79700,96100,175800
70921103192,2019,81900,145400,227300
71007204234,2019,61300,200700,262000
70813312059,2019,0,0,0
70928317069,2019,131500,0,131500
70921127069,2019,14200,209300,223500
70913407065,2019,77000,193000,270000
71006428059,2019,85900,360400,446300
81033308041,2019,6400,64800,71200
60904113416,2019,101600,196400,298000
81034409062,2019,71800,307500,379300
81026206054,2019,100,0,100
70931403219,2019,106800,184700,291500
70919101083,2019,798000,9476000,10274000
60903201288,2019,84900,162100,247000
71003407288,2019,53000,152100,205100
60804211071,2019,18400,0,18400
60803115084,2019,108800,273700,382500
81026419087,2019,100,0,100
71003108109,2019,56100,160300,216400
71001313073,2019,89600,259000,348600
60811438139,2019,20000,182600,202600
70928212194,2019,97800,167600,265400
70823402113,2019,44500,155900,200400
60803201031,2019,180300,169700,350000
70922346650,2019,0,15000,15000
71016113137,2019,60000,173100,233100
70823210061,2019,76800,224600,301400
70835122759,2019,6500,75700,82200
70921415092,2019,93900,322300,416200
70922414035,2019,92700,200400,293100
70923144300,2019,8000,7000,15000
71003102119,2019,54300,218900,273200
70930204022,2019,2710000,8540000,11250000
70922405109,2019,127800,185100,312900
80924444708,2019,400,1600,2000
60802404131,2019,73000,127800,200800
70912409294,2019,108100,226900,335000
71004404077,2019,54900,136700,191600
71002107491,2019,9500,163700,173200
71003402014,2019,62700,182900,245600
81030203088,2019,60500,106300,166800
71009311079,2019,68800,134100,202900
80936102063,2019,13800,103100,116900
71004308039,2019,58500,178700,237200
70918416128,2019,10500,113900,124400
81028120111,2019,0,4000,4000
70933403209,2019,98300,197800,296100
71022302873,2019,459000,2153900,2612900
60812307234,2019,82500,206900,289400
70919219109,2019,90800,250200,341000
60906115072,2019,61500,136900,198400
70935205182,2019,36700,85500,122200
70923163706,2019,44900,175500,220400
71009303141,2019,96000,331000,427000
70920411041,2019,134200,247000,381200
70822414151,2019,11800,100100,111900
70923174068,2019,3300,11700,15000
70835305058,2019,79200,203000,282200
70813323139,2019,191000,312600,503600
70926415013,2019,45600,92300,137900
71009220121,2019,38000,144700,182700
70835122535,2019,6500,81100,87600
70928211055,2019,89900,171300,261200
70836206106,2019,73600,227800,301400
71009201171,2019,65100,156900,222000
81033308158,2019,6300,64900,71200
80924304225,2019,71200,263800,335000
71007228036,2019,99200,167900,267100
81033204083,2019,45600,137700,183300
60801407061,2019,91100,187000,278100
81035115072,2019,100,0,100
70836108055,2019,82500,147200,229700
81031418058,2019,38900,149700,188600
71005234027,2019,211000,0,211000
71019411372,2019,9000,141000,150000
71009416027,2019,72200,81300,153500
70824102259,2019,119400,230400,349800
70919217161,2019,91500,115000,206500
70923179092,2019,32800,0,32800
71007305149,2019,101500,300900,402400
60811409081,2019,85400,229000,314400
70836216501,2019,5500,101000,106500
60811204324,2019,114600,306200,420800
70922308048,2019,0,0,0
60801115060,2019,56700,153200,209900
70834422027,2019,25500,181500,207000
81026354051,2019,4900,0,4900
70934309448,2019,15700,96700,112400
70834301057,2019,170000,402000,572000
71010401083,2019,57200,199100,256300
80925306197,2019,60200,114800,175000
70922408088,2019,131800,180900,312700
70834417028,2019,25200,155400,180600
71011120054,2019,48300,198200,246500
81031402134,2019,35900,155900,191800
70932410271,2019,78500,155300,233800
70834427910,2019,0,5000,5000
80936402116,2019,71700,177800,249500
70816306108,2019,141200,255600,396800
70823305177,2019,82300,173700,256000
70828124225,2019,12100,190300,202400
80925114730,2019,800,1200,2000
70924216059,2019,38000,39800,77800
70922434174,2019,79200,279300,358500
70929123671,2019,0,1000,1000
71016105077,2019,63300,81700,145000
71012205293,2019,64400,179200,243600
80926201031,2019,54800,140500,195300
71006134044,2019,46000,182700,228700
70920123943,2019,500,2500,3000
70922432136,2019,162800,377400,540200
70822116129,2019,29600,345400,375000
71002305037,2019,64300,224700,289000
70836306071,2019,70000,340000,410000
70926103080,2019,77500,170200,247700
71004312296,2019,59300,128500,187800
70829416035,2019,12400,0,12400
60812304016,2019,80400,197000,277400
71004302164,2019,52800,147400,200200
70919408091,2019,109900,287500,397400
81028409010,2019,1048500,2909500,3958000
70826412367,2019,8200,63400,71600
80925402250,2019,58800,176500,235300
70901113020,2019,8700,64300,73000
70932106185,2019,144300,339900,484200
81028121193,2019,0,0,0
70826414181,2019,16100,107700,123800
71006110333,2019,69200,153300,222500
71004317254,2019,65100,161100,226200
60802311188,2019,96700,309000,405700
60811416078,2019,82000,181700,263700
71005346038,2019,8700,170900,179600
70920412205,2019,141100,209300,350400
70835311039,2019,85700,267100,352800
81030403084,2019,0,0,0
70923145176,2019,8000,7000,15000
70914421254,2019,0,0,0
80926110688,2019,34900,142100,177000
70923168425,2019,6500,18500,25000
70926113021,2019,80800,214100,294900
70822105213,2019,48200,143400,191600
71015207204,2019,75100,213800,288900
70936305444,2019,59500,172800,232300
60812121197,2019,82100,224300,306400
70921120039,2019,138800,354700,493500
60905102054,2019,49200,95800,145000
70922232106,2019,149800,371500,521300
60802309240,2019,89000,230500,319500
70922209080,2019,49000,543500,592500
70920222084,2019,16400,155400,171800
80936410036,2019,72900,167300,240200
70926216081,2019,79000,381000,460000
60801201265,2019,69500,162400,231900
60812115190,2019,82000,194400,276400
80924426764,2019,400,1600,2000
60802311401,2019,94900,291800,386700
70931405158,2019,93000,150800,243800
71027417106,2019,0,0,0
70833204096,2019,0,0,0
71010306142,2019,50500,139600,190100
60905201046,2019,33000,287000,320000
70813310326,2019,15400,174300,189700
80925125860,2019,800,1200,2000
71007304034,2019,91900,369100,461000
80926110703,2019,30200,159900,190100
70920416067,2019,190000,126700,316700
70922214138,2019,215700,500800,716500
70936402084,2019,65600,163700,229300
70826420675,2019,0,4000,4000
70816304144,2019,168200,445200,613400
60801208138,2019,71000,299000,370000
70922103026,2019,0,0,0
80925115829,2019,800,1200,2000
71015210025,2019,63900,178000,241900
70913434638,2019,0,1500,1500
71015114178,2019,52700,212400,265100
70921401207,2019,142900,275000,417900
71015105143,2019,59000,133000,192000
71010116111,2019,54100,158800,212900
70935206114,2019,44800,105200,150000
70835207048,2019,87800,258000,345800
71030205077,2019,83900,146200,230100
60902201099,2019,132000,703000,835000
70928209042,2019,92400,178400,270800
71035206202,2019,67700,201100,268800
71006416179,2019,54500,177100,231600
80925124052,2019,12200,291000,303200
71016112014,2019,57300,167500,224800
70932206498,2019,0,0,0
71005318178,2019,127700,226500,354200
81033203019,2019,106500,187800,294300
70913349366,2019,24100,151700,175800
70931201077,2019,75300,141300,216600
70928107220,2019,107000,247400,354400
60901204010,2019,59100,0,59100
70923173028,2019,3300,11700,15000
81028100949,2019,0,0,0
81032412025,2019,44900,149400,194300
70828438080,2019,0,0,0
60802413596,2019,59600,159800,219400
71001107020,2019,47100,197800,244900
70923406148,2019,635000,910400,1545400
80924406146,2019,8300,128400,136700
71010218016,2019,10900,110600,121500
70826419941,2019,0,4000,4000
81023209522,2019,0,1200,1200
70922208082,2019,106600,308400,415000
60802311211,2019,0,0,0
60812323082,2019,28500,176500,205000
71011118067,2019,30500,211200,241700
70813320937,2019,400,2100,2500
71015119376,2019,46000,178300,224300
70822414325,2019,11800,104300,116100
70913125021,2019,82800,324600,407400
80924404067,2019,8200,131300,139500
70922223105,2019,56000,364000,420000
60802115564,2019,20500,117600,138100
70931104049,2019,158100,170600,328700
60801401196,2019,83900,135000,218900
60804203036,2019,70600,0,70600
71009211146,2019,65600,224400,290000
70923125037,2019,77800,267300,345100
80926101075,2019,54700,144400,199100
81027111062,2019,36700,104900,141600
71006446308,2019,3000,35000,38000
60902102049,2019,615500,5394600,6010100
81032430118,2019,35200,102000,137200
70918225082,2019,35600,143500,179100
80924406914,2019,400,1600,2000
71006116042,2019,69200,241600,310800
71014106100,2019,12500,146300,158800
60804209125,2019,17600,0,17600
70921119058,2019,136100,369700,505800
70932103412,2019,126800,295600,422400
70834408069,2019,300000,2870000,3170000
70919103071,2019,93800,308900,402700
70922409169,2019,171200,407300,578500
70820111064,2019,100,0,100
60903202020,2019,83700,206100,289800
60802115598,2019,20500,124500,145000
70835208046,2019,85900,222300,308200
70824105039,2019,149700,323400,473100
81034106121,2019,65900,191800,257700
81031416052,2019,38400,130400,168800
71012209162,2019,58500,206500,265000
71010307231,2019,54200,140600,194800
71007220173,2019,86700,265800,352500
60801208378,2019,57000,188500,245500
70815308345,2019,179600,300300,479900
71030201231,2019,558800,408800,967600
71015204036,2019,48600,152900,201500
70836405518,2019,71700,132800,204500
71006418050,2019,63200,284700,347900
70823407220,2019,59100,345200,404300
70920308090,2019,99200,216800,316000
70923318228,2019,33000,353700,386700
60903212136,2019,12200,68100,80300
70836110232,2019,156800,175700,332500
70931314028,2019,23600,38400,62000
60801303178,2019,70600,162200,232800
70928117237,2019,104300,313200,417500
70836428023,2019,30300,94600,124900
70923138494,2019,39600,419300,458900
71010302231,2019,54600,129300,183900
81019304279,2019,53000,184400,237400
70814104223,2019,76500,330100,406600
80936115016,2019,14900,96300,111200
81031201130,2019,39900,146700,186600
71006207073,2019,57400,153700,211100
70835123062,2019,6500,71300,77800
70923204047,2019,0,0,0
70936406242,2019,68600,175200,243800
70814428037,2019,15200,168900,184100
70919404122,2019,102000,192500,294500
71005410148,2019,54600,100800,155400
81015105267,2019,57600,159700,217300
70923153517,2019,1300,23700,25000
70834301081,2019,170000,343800,513800
81021416145,2019,56300,130900,187200
70919411119,2019,108100,216900,325000
70920220434,2019,0,4600,4600
70834426300,2019,23400,105600,129000
81028102284,2019,59000,151800,210800
70935112014,2019,53500,66500,120000
70929201146,2019,105100,118700,223800
71010208091,2019,53600,143000,196600
70920309220,2019,104700,284200,388900
70921402106,2019,172800,472600,645400
70932205086,2019,75300,329700,405000
70922434249,2019,69400,208200,277600
71034102021,2019,59900,236000,295900
80936412131,2019,70000,125300,195300
60811116321,2019,18800,201200,220000
70922338095,2019,269400,556000,825400
71003304096,2019,53600,149000,202600
70930103084,2019,76400,278000,354400
71009406052,2019,64200,136300,200500
71004407196,2019,55100,146700,201800
70823412013,2019,73600,177600,251200
70921114082,2019,124400,239300,363700
70920305088,2019,104000,229700,333700
80925208062,2019,62300,141500,203800
81030317269,2019,56000,136100,192100
70923156066,2019,5000,10000,15000
70923162120,2019,8000,7000,15000
71014207057,2019,55600,178400,234000
81030202121,2019,0,0,0
70821111039,2019,111800,309200,421000
70922422210,2019,55500,194300,249800
71014210018,2019,65500,223400,288900
70926409032,2019,78300,101800,180100
70923150654,2019,86500,581200,667700
60905204058,2019,88000,226000,314000
71006312153,2019,51700,183700,235400
70829402141,2019,12700,0,12700
70821405060,2019,89000,331500,420500
70836404073,2019,72500,157400,229900
71021103032,2019,56200,193800,250000
71003320216,2019,48000,134600,182600
70927107172,2019,39200,313500,352700
71010206186,2019,58700,162700,221400
80924420998,2019,400,1600,2000
71006114343,2019,89000,820000,909000
70923174878,2019,3300,11700,15000
60802115580,2019,20500,127000,147500
71034101065,2019,56900,184300,241200
70923145340,2019,8000,7000,15000
71005330065,2019,105800,254200,360000
80936402132,2019,73000,181200,254200
70813107088,2019,142900,235200,378100
70826417424,2019,18400,87000,105400
60811403059,2019,79500,228500,308000
70923140225,2019,1500,13500,15000
70918321137,2019,0,2000,2000
71010302075,2019,54600,126800,181400
70835118013,2019,12400,108200,120600
70835105078,2019,14400,82300,96700
70923165330,2019,39600,203500,243100
71021112025,2019,70600,164200,234800
70912442020,2019,9000,109600,118600
70836110125,2019,77000,142600,219600
70912400945,2019,927000,8813000,9740000
70932417219,2019,53000,136200,189200
71021113544,2019,15100,90500,105600
70901107031,2019,85000,144200,229200
70814312256,2019,26100,233300,259400
70913112086,2019,100500,216100,316600
70923140382,2019,1500,13500,15000
70922425032,2019,121300,372500,493800
71002300988,2019,190500,305500,496000
71003409010,2019,54700,187200,241900
71010110014,2019,49300,189600,238900
71010315218,2019,51200,134400,185600
70923401031,2019,0,0,0
71003409094,2019,50500,221400,271900
80927401185,2019,0,0,0
70923121168,2019,0,0,0
71006114103,2019,62000,213000,275000
81028121169,2019,10100,90900,101000
80925112023,2019,12600,259800,272400
71006404059,2019,54100,208600,262700
70823205195,2019,18100,222000,240100
70826313044,2019,0,0,0
71015103113,2019,67900,132900,200800
70933301114,2019,80800,141900,222700
70834214705,2019,39200,0,39200
70836304281,2019,45100,106400,151500
60905107103,2019,49500,134400,183900
60906205021,2019,69400,160600,230000
60801211058,2019,76400,178800,255200
80925106042,2019,53500,134500,188000
80936207136,2019,56900,209500,266400
81028105022,2019,58400,167300,225700
70923160033,2019,8000,7000,15000
71002302017,2019,102000,0,102000
71004201100,2019,1300,0,1300
60901203179,2019,58200,147100,205300
71009225204,2019,606900,0,606900
70926107016,2019,81500,253500,335000
80936411034,2019,69600,136400,206000
60812107014,2019,89800,176600,266400
70913105263,2019,117200,196800,314000
71002107384,2019,9500,152700,162200
70816309128,2019,194400,492500,686900
71004301059,2019,60700,166300,227000
70922305052,2019,117600,369500,487100
71019411075,2019,9000,70500,79500
81030314017,2019,58700,118500,177200
70928113110,2019,94000,442000,536000
70833205119,2019,29200,278200,307400
71010203116,2019,53000,183700,236700
81032309131,2019,0,0,0
70928209191,2019,97800,213300,311100
70913333070,2019,20400,86000,106400
70835303060,2019,78200,208800,287000
70836118070,2019,73100,235700,308800
70815308337,2019,167400,294500,461900
71009308018,2019,71000,110000,181000
60811401029,2019,84200,214800,299000
81034414079,2019,67300,246900,314200
70923124047,2019,64000,445900,509900
70834215076,2019,86900,318000,404900
60906208182,2019,56700,177100,233800
70824103166,2019,112100,222800,334900
71003106236,2019,53100,182900,236000
60802113013,2019,86200,201000,287200
70928216063,2019,100400,159600,260000
70823110071,2019,89400,215200,304600
70912428038,2019,9000,91300,100300
80935105125,2019,62800,211300,274100
80924303029,2019,62400,292200,354600
70932111100,2019,140100,126800,266900
70836405089,2019,58800,148000,206800
70833302519,2019,139400,417600,557000
71015203319,2019,49600,175600,225200
81019307067,2019,59600,166900,226500
70932205052,2019,75300,204800,280100
71007223383,2019,93000,261300,354300
81028119940,2019,10800,98400,109200
80924437068,2019,11800,198800,210600
70921128091,2019,35200,198100,233300
70919310098,2019,117800,182000,299800
71021107084,2019,60100,157900,218000
70813319154,2019,15100,110100,125200
70822414838,2019,15800,127200,143000
70920106072,2019,148600,123700,272300
70828318141,2019,100,0,100
70836404114,2019,61600,165700,227300
70823119023,2019,21200,190300,211500
80925113956,2019,800,1200,2000
70922438382,2019,109000,207600,316600
70913213321,2019,153900,1100000,1253900
70834308417,2019,125000,295500,420500
80925210075,2019,51900,143100,195000
71009214463,2019,48300,120900,169200
70921318189,2019,95700,199500,295200
71002303172,2019,44800,190100,234900
70928203010,2019,122100,216100,338200
70936100927,2019,842900,22300,865200
70913340851,2019,1800,13200,15000
70922217017,2019,177100,334900,512000
70913311331,2019,62800,210200,273000
70914436386,2019,111800,640000,751800
71006107091,2019,51400,157000,208400
70923144029,2019,8000,7000,15000
70823109066,2019,20700,152700,173400
71005312089,2019,57300,175900,233200
70926117156,2019,80000,151000,231000
71011408012,2019,119600,363800,483400
70912403064,2019,119300,223200,342500
71016110109,2019,67700,96900,164600
71034104431,2019,70600,211100,281700
71014307229,2019,54100,230900,285000
70923167972,2019,6500,18500,25000
71005314118,2019,57800,205800,263600
71006117248,2019,39000,222100,261100
70816407013,2019,163900,351100,515000
71003315241,2019,53800,182400,236200
70913332022,2019,119000,461000,580000
81031209019,2019,56200,170900,227100
81034107351,2019,65600,158200,223800
70823108175,2019,89400,211800,301200
70923319010,2019,39000,3000,42000
60812201139,2019,95200,140700,235900
60803112163,2019,106800,319600,426400
81034107468,2019,62200,173700,235900
71005341038,2019,109100,224700,333800
70823207109,2019,18100,229700,247800
70923154391,2019,0,7500,7500
70932106309,2019,156800,368500,525300
70931416171,2019,109000,169000,278000
60811407027,2019,79000,214600,293600
70913125229,2019,83500,142600,226100
71026402059,2019,83100,365900,449000
70926115085,2019,78300,171700,250000
81034114083,2019,59600,146500,206100
71003406066,2019,56000,203500,259500
71012209120,2019,58700,197500,256200
71016108203,2019,61500,158500,220000
81031405211,2019,36700,153500,190200
71005304200,2019,51700,125900,177600
70834426219,2019,29000,135000,164000
80924417911,2019,400,1600,2000
81034202143,2019,71800,280900,352700
70913113092,2019,77000,222300,299300
71011104115,2019,72800,326300,399100
70922345149,2019,82100,217900,300000
81033306061,2019,41500,138200,179700
70816408219,2019,207600,471500,679100
70922316059,2019,101200,262700,363900
70923165207,2019,51700,257600,309300
70928106214,2019,51000,259600,310600
71021107183,2019,61000,148200,209200
70824304128,2019,107500,260400,367900
71035125270,2019,11800,293200,305000
81031210313,2019,41900,156300,198200
81032418065,2019,36200,178400,214600
81021415155,2019,46500,197800,244300
71016107099,2019,63300,146700,210000
70836223051,2019,14500,100300,114800
70912444018,2019,9000,91300,100300
70923174307,2019,3300,11700,15000
81028102276,2019,59000,216000,275000
60801307229,2019,80100,219700,299800
70823110261,2019,89400,276500,365900
70907301091,2019,89900,222800,312700
71007303028,2019,104300,324100,428400
70829105167,2019,47400,238400,285800
70928302010,2019,97600,194800,292400
70835107131,2019,123400,344600,468000
71019406159,2019,81400,103700,185100
70931414216,2019,96400,207400,303800
71005414033,2019,43800,111500,155300
70836233018,2019,32100,131900,164000
70824306166,2019,90200,292300,382500
71016407126,2019,61900,133800,195700
60906109025,2019,60600,139300,199900
70814102102,2019,106300,298200,404500
70836412050,2019,0,0,0
70833118023,2019,89400,290100,379500
70814401041,2019,84200,184400,268600
80925122981,2019,800,1200,2000
70825209202,2019,7000,18000,25000
70834310040,2019,0,15000,15000
81026346032,2019,4200,0,4200
71010407271,2019,55800,206500,262300
71009108187,2019,57200,185500,242700
71011114031,2019,72800,216000,288800
60803101299,2019,103200,234900,338100
70930105147,2019,80300,199800,280100
70821411091,2019,103700,0,103700
71006205150,2019,45900,147400,193300
70813110114,2019,172800,290200,463000
71010410240,2019,59000,152800,211800
70923408300,2019,60300,223600,283900
70913405267,2019,125000,435000,560000
81023207667,2019,33600,128500,162100
60801109237,2019,63900,159000,222900
71015203137,2019,48000,167400,215400
81016206270,2019,1230300,3670000,4900300
70816408417,2019,144600,130900,275500
70836417167,2019,61000,145000,206000
70820117020,2019,120600,0,120600
70935107031,2019,46400,81600,128000
70919302227,2019,91600,248000,339600
71005309177,2019,65100,157900,223000
81028102359,2019,60300,165000,225300
81014303391,2019,11300,0,11300
60802305115,2019,13800,218700,232500
70926404149,2019,66000,230500,296500
71010310242,2019,50100,152600,202700
70930101137,2019,80900,161000,241900
70933301015,2019,147200,267500,414700
71006421160,2019,57600,216500,274100
70929308231,2019,89400,307200,396600
60812302416,2019,67900,192900,260800
71005341046,2019,105800,237700,343500
70918409032,2019,168700,155500,324200
80924425097,2019,9900,173900,183800
70919227540,2019,39100,400900,440000
71005404133,2019,0,0,0
81031404213,2019,38200,176500,214700
71010400803,2019,99000,145700,244700
71006204186,2019,49000,87300,136300
70923411212,2019,30500,281500,312000
70813310061,2019,11900,136300,148200
71006126140,2019,22000,458000,480000
71012215359,2019,17700,246300,264000
81030214043,2019,268000,908000,1176000
70833301024,2019,112900,359600,472500
70923159010,2019,8000,7000,15000
70814205039,2019,113100,280300,393400
71015301056,2019,124500,568600,693100
70923318137,2019,74800,212000,286800
70923123255,2019,92400,144000,236400
81030312053,2019,58700,134100,192800
80936403304,2019,41000,479000,520000
70826408118,2019,67400,170200,237600
70933402087,2019,87200,192800,280000
80924402871,2019,400,1600,2000
80926302160,2019,67400,188600,256000
70913353078,2019,35200,163200,198400
71035117045,2019,64600,261600,326200
80924436903,2019,400,1600,2000
70821212217,2019,100,0,100
71004406099,2019,54000,148000,202000
71004302487,2019,48000,169000,217000
81028103159,2019,57400,153900,211300
70829401127,2019,12400,0,12400
70935200926,2019,0,0,0
71002437038,2019,48900,242100,291000
80936402215,2019,71200,174300,245500
70814428011,2019,15200,164800,180000
71014214359,2019,8100,116600,124700
60812402109,2019,74100,200300,274400
70928105399,2019,132600,356200,488800
71010314096,2019,62100,212800,274900
70913343087,2019,8900,162800,171700
70926213160,2019,80400,193200,273600
70922438142,2019,61000,333200,394200
71007215166,2019,121500,181300,302800
70926215075,2019,92000,343000,435000
60801310149,2019,79900,267100,347000
71009217368,2019,10500,0,10500
71005315025,2019,68000,164800,232800
70824103017,2019,114700,310800,425500
71009218259,2019,45900,146400,192300
70922405084,2019,72200,317400,389600
60812407448,2019,0,0,0
70929222142,2019,96300,251900,348200
70928302060,2019,74500,211700,286200
71001407016,2019,57500,176000,233500
71007103064,2019,149800,417200,567000
71010207176,2019,59100,183600,242700
70929116197,2019,131800,226000,357800
70923164283,2019,44900,601800,646700
60811415327,2019,108400,187700,296100
70825204012,2019,1500000,5120000,6620000
71009301038,2019,68600,163400,232000
70919408231,2019,100900,249200,350100
71010218024,2019,10900,120700,131600
70824310307,2019,14100,133300,147400
71021206109,2019,58600,141200,199800
70926404181,2019,80600,123100,203700
71014204087,2019,56900,179800,236700
71010310135,2019,50100,168500,218600
70933203112,2019,136300,368700,505000
71009105068,2019,101000,387300,488300
70919116024,2019,40600,76300,116900
70919403348,2019,109100,209400,318500
71003416221,2019,48700,208300,257000
71003405042,2019,54300,169900,224200
70923409225,2019,44100,158900,203000
70932415114,2019,53000,150400,203400
70824404093,2019,113600,389700,503300
60811411143,2019,84400,195700,280100
70835210116,2019,80500,173200,253700
71006414272,2019,55300,216300,271600
70936407224,2019,59100,145900,205000
70932106200,2019,130600,429400,560000
81032411209,2019,36600,188100,224700
80936413080,2019,70800,155900,226700
80925204135,2019,59600,154300,213900
70932101169,2019,141100,343500,484600
80924404075,2019,7100,112300,119400
71020304053,2019,406800,2238000,2644800
70923154549,2019,0,7500,7500
70929212036,2019,102900,192800,295700
71003108076,2019,53100,198900,252000
70836302227,2019,65000,147200,212200
60802112320,2019,86400,203600,290000
71006130092,2019,47100,187900,235000
70920404187,2019,114400,122100,236500
70826419230,2019,0,4000,4000
80926200918,2019,0,0,0
81022103056,2019,480000,892500,1372500
70931305085,2019,99000,166700,265700
60801312103,2019,71800,234400,306200
71016206106,2019,67500,139800,207300
81028103240,2019,58600,162300,220900
70923141851,2019,200,700,900
71005223161,2019,62400,122300,184700
81026362062,2019,100,0,100
70824311016,2019,14100,129600,143700
71009215099,2019,45100,167300,212400
70912421066,2019,9000,93400,102400
71006114236,2019,61800,154900,216700
70923149219,2019,7300,1200,8500
70833102191,2019,133600,503300,636900
70823307040,2019,82300,198600,280900
70928112039,2019,108400,265100,373500
71021111043,2019,62700,153100,215800
70826312236,2019,69600,238300,307900
80925401129,2019,53500,151000,204500
70822107095,2019,47800,176800,224600
70836304075,2019,0,0,0
70918221056,2019,159000,221000,380000
70922425058,2019,157000,298400,455400
70921207019,2019,1287000,2971000,4258000
60811429039,2019,77800,211400,289200
71011408070,2019,110700,289100,399800
71027200907,2019,99000,288000,387000
70925203055,2019,297300,1200,298500
70928218051,2019,92200,201500,293700
71006416210,2019,0,0,0
60801207073,2019,0,0,0
70836111115,2019,73000,205800,278800
71004317262,2019,63200,137900,201100
70935302095,2019,30000,0,30000
70923174331,2019,3300,11700,15000
71010401140,2019,57900,181200,239100
70933403150,2019,0,0,0
70815309236,2019,63400,396600,460000
71002107699,2019,9500,108500,118000
81032302044,2019,38600,150200,188800
71006417010,2019,106200,202400,308600
81009304198,2019,264000,1023000,1287000
70913349217,2019,24100,142500,166600
71019411033,2019,9000,67200,76200
70926216263,2019,82300,159900,242200
81030303185,2019,69200,180300,249500
71014108073,2019,10700,148300,159000
70921105130,2019,86900,301100,388000
70931303196,2019,99000,176000,275000
70913111286,2019,78100,157300,235400
70923166461,2019,84700,366800,451500
70834428190,2019,20300,164200,184500
70814408063,2019,187000,313000,500000
70928323024,2019,210100,504300,714400
70919207162,2019,88400,99500,187900
80925409082,2019,59900,143100,203000
70919410179,2019,112300,218700,331000
71014214440,2019,8100,145900,154000
70913111301,2019,89200,332400,421600
70836409122,2019,69000,130800,199800
71003412013,2019,55900,174400,230300
70919409081,2019,106300,172000,278300
81034203274,2019,69400,201000,270400
81032100878,2019,0,4535500,4535500
71010104108,2019,50300,142000,192300
81030207072,2019,64000,218000,282000
70934406020,2019,537000,1152000,1689000
60801222112,2019,22300,123400,145700
70929415268,2019,88600,201400,290000
70926218227,2019,85100,181800,266900
81031403190,2019,35900,139600,175500
70823211233,2019,88700,223100,311800
80936111056,2019,14900,108500,123400
71010103241,2019,58000,167400,225400
70835125133,2019,500,1500,2000
80924441960,2019,400,1600,2000
70926408034,2019,528000,697000,1225000
70920113184,2019,116100,205900,322000
70835310081,2019,84900,190700,275600
70823406115,2019,55200,248500,303700
70922321214,2019,145600,404400,550000
81034111071,2019,61100,173600,234700
70824102184,2019,110600,282300,392900
70921305095,2019,185400,515600,701000
60801210216,2019,66400,168700,235100
60801225190,2019,15000,139400,154400
71007303284,2019,123500,306900,430400
80924408829,2019,400,1600,2000
60811439210,2019,20000,183700,203700
70824103158,2019,105900,253100,359000
81021105160,2019,61000,165900,226900
70814432012,2019,33100,188500,221600
81021412028,2019,45200,194600,239800
71005406155,2019,63300,112800,176100
70930410190,2019,94700,285000,379700
70931105039,2019,109200,162100,271300
70826418068,2019,21500,124300,145800
70823406488,2019,51700,228700,280400
70913434795,2019,0,3000,3000
80936202251,2019,55600,130100,185700
71004401320,2019,50400,157100,207500
70912100991,2019,200,100,300
70826412169,2019,10000,75400,85400
81022407028,2019,100,0,100
70926408109,2019,0,0,0
70913207192,2019,117000,624000,741000
71016106083,2019,63200,104100,167300
81031405146,2019,36700,127000,163700
81030102032,2019,98800,0,98800
71005105070,2019,44400,108000,152400
60802305305,2019,13800,196100,209900
71016411086,2019,61600,126400,188000
81028119643,2019,8700,71300,80000
80924422845,2019,400,1600,2000
60803114052,2019,0,0,0
70836302087,2019,64900,161200,226100
71007203111,2019,78200,341600,419800
70836302178,2019,69800,187800,257600
71007112263,2019,90400,313600,404000
81030315015,2019,61300,137400,198700
70931417096,2019,87300,266400,353700
71010208067,2019,55900,159400,215300
70823103133,2019,89400,129500,218900
80925122022,2019,11300,263000,274300
70920113225,2019,119100,178800,297900
81034202268,2019,68700,221100,289800
70824308162,2019,16000,154100,170100
81034415126,2019,45300,191600,236900
60905213033,2019,4200,45600,49800
81030403985,2019,0,857000,857000
60801311113,2019,81300,238200,319500
70922440064,2019,73900,198800,272700
71004401049,2019,44700,150600,195300
71016402093,2019,61800,137200,199000
70920108193,2019,133500,106900,240400
70920104224,2019,89000,321000,410000
71007116322,2019,76600,263900,340500
70923156272,2019,3300,11700,15000
81026345026,2019,2300,0,2300
81028119908,2019,0,0,0
70913408039,2019,297000,0,297000
71010205261,2019,48200,167700,215900
80925103197,2019,51300,135900,187200
70914420090,2019,575000,615000,1190000
60901101050,2019,61500,154200,215700
70827106018,2019,0,0,0
70919203186,2019,89000,166200,255200
81026428012,2019,0,0,0
70822414482,2019,17500,133700,151200
71006131181,2019,51700,182300,234000
81034306086,2019,44200,126300,170500
71005319100,2019,109100,198700,307800
70833403044,2019,208500,419400,627900
70918220131,2019,168200,182100,350300
80925110217,2019,53500,129000,182500
71003310184,2019,56200,201900,258100
81028120624,2019,0,5000,5000
81021416236,2019,91400,0,91400
70824409019,2019,94100,215500,309600
70932203220,2019,83600,194600,278200
70836213200,2019,11600,126200,137800
70919305180,2019,112000,373700,485700
71016402134,2019,61900,178500,240400
70814308122,2019,113700,338500,452200
70814407065,2019,87200,300800,388000
70920212035,2019,136500,340700,477200
71002305053,2019,73500,247700,321200
70823102218,2019,85500,234800,320300
70820110066,2019,100,0,100
71004408045,2019,70100,149100,219200
71030203055,2019,85400,160800,246200
70929111113,2019,100400,308100,408500
70826409017,2019,67600,179600,247200
70928203101,2019,89900,237900,327800
71002107376,2019,9500,156800,166300
70923148758,2019,4200,800,5000
81030302145,2019,57500,603500,661000
70929123051,2019,15000,236000,251000
71009106199,2019,149500,82900,232400
70930410215,2019,98600,11000,109600
80936411133,2019,49900,105800,155700
70823202050,2019,134500,340900,475400
70814420132,2019,15200,157700,172900
71001313148,2019,89800,246200,336000
70923163970,2019,44900,429700,474600
80924440863,2019,400,1600,2000
71035103177,2019,69500,326100,395600
70921408089,2019,142900,505200,648100
71003310100,2019,61700,175200,236900
70923116325,2019,148500,447100,595600
70921223164,2019,141300,306500,447800
71007214043,2019,47000,351100,398100
81028113249,2019,65900,261000,326900
80925218061,2019,48500,170700,219200
70932113122,2019,90100,142500,232600
70919307102,2019,108700,183900,292600
80924424742,2019,400,1600,2000
71007112312,2019,84100,209500,293600
70833119196,2019,100700,293600,394300
81030302210,2019,1045000,2075000,3120000
80936412082,2019,79000,118600,197600
70920220567,2019,0,2200,2200
70920105066,2019,106000,324000,430000
70922234053,2019,136100,329400,465500
71005313160,2019,65100,168200,233300
70923156462,2019,5000,10000,15000
70836412034,2019,70500,183200,253700
60812306179,2019,84900,197900,282800
71004401255,2019,0,0,0
80925118782,2019,800,1200,2000
80924445889,2019,400,1600,2000
71005412061,2019,41800,166700,208500
70827101125,2019,517000,1840000,2357000
81031401029,2019,36700,137900,174600
71006446366,2019,3000,35000,38000
70936301020,2019,61300,155400,216700
70922323103,2019,127300,374200,501500
70923174604,2019,3300,11700,15000
81031408215,2019,53700,118300,172000
70923138311,2019,37000,342100,379100
81031303093,2019,0,0,0
70934304018,2019,374000,651000,1025000
81031419113,2019,38800,157200,196000
80936119084,2019,14900,109500,124400
71002402023,2019,69600,245700,315300
70922320141,2019,113500,326200,439700
70836310121,2019,14900,113100,128000
70919210123,2019,95500,170000,265500
70929420118,2019,157600,300900,458500
70914437102,2019,1100,5900,7000
70823402254,2019,33300,164200,197500
70821203068,2019,104000,355000,459000
70834207023,2019,78500,194800,273300
70816408194,2019,213200,525700,738900
60904108160,2019,91800,175200,267000
71002308065,2019,53000,256000,309000
71009405046,2019,63300,128400,191700
70923140754,2019,1500,13500,15000
70924221024,2019,45500,114500,160000
81031228100,2019,59000,301000,360000
70814428334,2019,15200,165500,180700
80925306254,2019,63400,87700,151100
70928210057,2019,89900,135100,225000
71016406110,2019,62400,134200,196600
70928322159,2019,168300,336900,505200
70923164184,2019,44900,282800,327700
70913220029,2019,25700,150500,176200
71035102088,2019,72000,287600,359600
60812116057,2019,82000,161200,243200
70929401225,2019,87300,318400,405700
60812317035,2019,76000,232700,308700
71030214028,2019,198000,897000,1095000
80925106092,2019,57100,180300,237400
70814429077,2019,41400,350700,392100
70923163938,2019,44900,172100,217000
70913346479,2019,124800,764400,889200
71019411364,2019,9000,134100,143100
80925115788,2019,800,1200,2000
70928217110,2019,95700,184700,280400
60801209227,2019,73700,141200,214900
70828103039,2019,109000,221000,330000
70836208152,2019,68200,205800,274000
70816313096,2019,145200,329800,475000
71004308071,2019,58500,142400,200900
60905205014,2019,88000,226000,314000
81021416103,2019,60000,152600,212600
81034314013,2019,25000,115000,140000
70930411114,2019,78600,181700,260300
71005213120,2019,55200,109600,164800
71009319065,2019,68800,108300,177100
80924304142,2019,42000,0,42000
70912407032,2019,108800,167900,276700
71007316039,2019,50100,275900,326000
70922403088,2019,152300,114700,267000
71004314218,2019,54700,145500,200200
81034110023,2019,62300,174900,237200
70929214082,2019,100100,195100,295200
70928204159,2019,100200,227600,327800
71003404010,2019,59200,169400,228600
70923171460,2019,3600,2600,6200
70922329036,2019,136900,543800,680700
70814303106,2019,108100,333200,441300
70824306265,2019,63000,452000,515000
70834413183,2019,24200,188700,212900
70923150042,2019,66100,399200,465300
81030304125,2019,68000,181500,249500
71015212013,2019,66200,198200,264400
71016206130,2019,68600,146200,214800
71006407079,2019,68000,185200,253200
70918416277,2019,10500,115100,125600
70922306092,2019,6200,4100,10300
70929215147,2019,84500,154500,239000
70923167641,2019,6500,18500,25000
60803107255,2019,105900,294100,400000
60906110147,2019,60900,181000,241900
70836302194,2019,66000,164000,230000
71027203026,2019,529400,2500000,3029400
70921305152,2019,182300,373700,556000
70929106122,2019,103200,211200,314400
70920217936,2019,400,14600,15000
80936401035,2019,67000,233000,300000
70836419171,2019,65600,142800,208400
70921223156,2019,114100,208400,322500
70913206095,2019,586100,557800,1143900
81030306113,2019,52500,177600,230100
80924304118,2019,69200,210700,279900
70923140259,2019,1500,13500,15000
70936400872,2019,106400,706800,813200
60801212345,2019,70100,188700,258800
70923141562,2019,200,3000,3200
71006409083,2019,68000,264500,332500
70931405017,2019,109000,188900,297900
70922440254,2019,113500,357600,471100
70922441046,2019,13200,192800,206000
70920408147,2019,129500,156000,285500
70934309018,2019,15700,96300,112000
70928307094,2019,103400,267400,370800
70922342111,2019,123900,433000,556900
70828118103,2019,34000,244600,278600
70834307047,2019,210500,304900,515400
80924105110,2019,103800,222500,326300
70929202053,2019,75000,242200,317200
70829415102,2019,11300,0,11300
70929123457,2019,21900,425100,447000
71007243034,2019,0,15000,15000
81021302518,2019,43700,200900,244600
70929428055,2019,170900,679100,850000
60804203044,2019,70600,0,70600
70935207089,2019,66200,265500,331700
71021113510,2019,15100,96100,111200
80924433032,2019,11800,198800,210600
70932105088,2019,89000,154100,243100
71020301166,2019,0,0,0
71011124022,2019,55700,301700,357400
71004301231,2019,58900,183100,242000
70932305133,2019,55000,129500,184500
70923171155,2019,1700,1300,3000
70912446064,2019,9000,110000,119000
80926304017,2019,63800,212000,275800
71009318207,2019,68800,108300,177100
71002106104,2019,9500,153800,163300
70824306067,2019,90200,276200,366400
80924426863,2019,400,1600,2000
60811103451,2019,112300,204700,317000
70918221072,2019,120600,186500,307100
60811101025,2019,102800,188800,291600
70929308182,2019,86200,206300,292500
70822105370,2019,0,0,0
70836110026,2019,73200,194700,267900
70920124131,2019,15200,112100,127300
70913434159,2019,0,18000,18000
70926224018,2019,0,0,0
70824404035,2019,118700,300000,418700
70928204109,2019,97800,220300,318100
70824110096,2019,171400,349800,521200
70814428128,2019,15200,174700,189900
70833302402,2019,207000,428500,635500
70820107112,2019,100,0,100
70929413121,2019,80100,183100,263200
60801219094,2019,71700,165300,237000
71004304178,2019,48000,87700,135700
70921116062,2019,122900,248700,371600
70918105169,2019,123100,224900,348000
70913113084,2019,95500,211000,306500
70820108095,2019,100,0,100
70821410134,2019,107000,341000,448000
71016402267,2019,62600,157800,220400
81026363086,2019,3800,0,3800
71003301076,2019,49000,196300,245300
71026403065,2019,71900,272700,344600
70822205097,2019,0,0,0
70918307054,2019,75400,145700,221100
70826417903,2019,21500,120200,141700
81026425042,2019,100,0,100
81026422147,2019,100,0,100
80924434733,2019,400,1600,2000
71035125139,2019,11800,291300,303100
81028113158,2019,78800,161200,240000
71009412174,2019,63400,56600,120000
60802405022,2019,66300,161300,227600
70932208048,2019,14200,132200,146400
71005330081,2019,101100,253200,354300
71011108365,2019,30000,235000,265000
70918416293,2019,9500,33800,43300
70922317015,2019,0,0,0
70821112053,2019,112600,354300,466900
60802424014,2019,18900,169000,187900
70923138048,2019,34200,328100,362300
71021102034,2019,184000,791000,975000
71005110102,2019,44800,141900,186700
60811408182,2019,76100,178400,254500
71014400966,2019,0,0,0
70834302089,2019,181200,377200,558400
71021209038,2019,60000,143300,203300
80926101158,2019,52500,119900,172400
70923209013,2019,0,0,0
70833104014,2019,126000,341100,467100
80925115861,2019,800,1200,2000
70932407070,2019,77000,138200,215200
81034404145,2019,0,0,0
71002417022,2019,95000,530000,625000
70836109110,2019,66400,194000,260400
80924424776,2019,400,1600,2000
70929112103,2019,108100,188900,297000
70923222049,2019,83800,269000,352800
60801417094,2019,16300,223700,240000
70828117080,2019,82900,208100,291000
71010210054,2019,55100,218300,273400
80924408837,2019,400,1600,2000
71027416033,2019,82000,230700,312700
81032102171,2019,37200,134400,171600
70913319046,2019,174000,131100,305100
70929104209,2019,100000,300800,400800
70922404060,2019,127800,214500,342300
70936406060,2019,59100,170900,230000
80936413204,2019,72800,138600,211400
70918321608,2019,0,2000,2000
60802102123,2019,83900,200300,284200
70826411020,2019,24500,162100,186600
70913111012,2019,83100,239600,322700
70826416385,2019,21500,115400,136900
71005409068,2019,41800,166100,207900
70923412492,2019,1700,16300,18000
70821111112,2019,112100,257100,369200
70836403132,2019,61900,160600,222500
70823210483,2019,113400,345600,459000
71010111088,2019,54800,135200,190000
70914405026,2019,84700,227200,311900
80925106141,2019,53500,151700,205200
70825200987,2019,0,0,0
70932417152,2019,53000,127200,180200
71007309076,2019,91100,299400,390500
70923133436,2019,603900,5708100,6312000
70918321369,2019,0,2000,2000
70834405099,2019,86600,123100,209700
70836105118,2019,80200,191100,271300
70814202225,2019,105000,233000,338000
70835122428,2019,6500,69900,76400
81028108315,2019,56100,190500,246600
70923175058,2019,3300,11700,15000
70836417125,2019,61600,197400,259000
70928312209,2019,212700,196700,409400
71016414080,2019,62000,143100,205100
70912409137,2019,112900,241600,354500
71016414048,2019,61500,146200,207700
70920216574,2019,10300,322200,332500
70834426029,2019,23400,88500,111900
70914421204,2019,141000,1172000,1313000
70821402074,2019,116400,332000,448400
70824210036,2019,118000,226300,344300
80925409339,2019,62100,176300,238400
70920412099,2019,143300,250000,393300
71006115200,2019,66800,205700,272500
71014203071,2019,54300,145000,199300
71005205127,2019,112800,109800,222600
70835302038,2019,98600,183800,282400
71009206080,2019,38000,172200,210200
71005323151,2019,84200,250400,334600
60812405111,2019,78400,192100,270500
71010311175,2019,59200,146500,205700
60811114028,2019,101500,207200,308700
70931415339,2019,66600,164000,230600
70912410217,2019,1132900,538600,1671500
70821207052,2019,136900,306100,443000
70816323079,2019,206900,519700,726600
70816401388,2019,211000,535600,746600
81031411119,2019,23100,117500,140600
70923142429,2019,44900,376600,421500
70920408402,2019,129500,224400,353900
80925411194,2019,46700,234400,281100
71011208272,2019,31400,196200,227600
71007220222,2019,126400,228800,355200
71015301147,2019,342600,1040100,1382700
80924407772,2019,400,1600,2000
60903216039,2019,17300,74200,91500
60812313306,2019,33100,194000,227100
71007109070,2019,94600,368800,463400
70921113266,2019,111100,116800,227900
70913205253,2019,88900,456200,545100
60811116529,2019,18800,217700,236500
70920304212,2019,91100,187300,278400
70835122519,2019,6500,83900,90400
70933201421,2019,150800,361700,512500
70828412117,2019,0,0,0
80924444782,2019,400,1600,2000
70920410225,2019,115100,229000,344100
70920416182,2019,127300,138000,265300
70824409051,2019,106200,197200,303400
60802115621,2019,20500,120300,140800
71010101229,2019,55600,164200,219800
81032429012,2019,36300,130700,167000
70823121424,2019,20000,99300,119300
60906107087,2019,67600,150700,218300
70929308108,2019,89000,249800,338800
60801203112,2019,66100,183000,249100
70826416997,2019,21500,107500,129000
71015206181,2019,83000,321400,404400
70828438072,2019,0,0,0
70913107095,2019,26000,1000,27000
70929416034,2019,88600,261300,349900
81031404354,2019,38100,140400,178500
70923125144,2019,148500,469600,618100
70829408107,2019,10000,0,10000
70930102094,2019,94000,274000,368000
70835301072,2019,123400,263800,387200
70923145217,2019,8000,7000,15000
81033207194,2019,45000,157800,202800
70920117160,2019,138800,134900,273700
70835112297,2019,130300,242700,373000
70923411361,2019,30500,281500,312000
70814302025,2019,124000,282300,406300
81032314015,2019,12000,142000,154000
70919410129,2019,106700,211600,318300
70901104136,2019,49200,142300,191500
70835202163,2019,114600,278100,392700
60904107021,2019,89500,199500,289000
70816316032,2019,186400,661200,847600
70920219247,2019,0,0,0
71014216446,2019,7500,123300,130800
70928306088,2019,102800,270000,372800
81028102028,2019,60300,150500,210800
70918306147,2019,79500,119300,198800
70913321330,2019,127300,306100,433400
60901103139,2019,59000,177500,236500
70923171254,2019,1700,1300,3000
70833108090,2019,78800,231100,309900
60801215125,2019,76500,197600,274100
81016305105,2019,23600,63900,87500
71005339075,2019,105300,211500,316800
60802413025,2019,0,0,0
81026360066,2019,7900,0,7900
70923318145,2019,88000,202000,290000
71003319061,2019,54000,169000,223000
71009224040,2019,44300,180800,225100
60902103097,2019,20000,108400,128400
71022202057,2019,113000,239300,352300
70926401062,2019,79800,201000,280800
70834306106,2019,141800,378900,520700
70931105055,2019,116200,211900,328100
70928306129,2019,124000,304900,428900
71003203123,2019,54300,207900,262200
70921125229,2019,124400,349200,473600
80925125935,2019,800,1200,2000
71015203260,2019,49600,195000,244600
70913427039,2019,0,0,0
71006213129,2019,42100,188900,231000
70918307278,2019,93600,152300,245900
70924206109,2019,0,0,0
71009313166,2019,107000,174200,281200
81021416319,2019,0,0,0
71014202122,2019,66700,170500,237200
70931406081,2019,92800,137800,230600
70822107045,2019,56700,147900,204600
71011112176,2019,58800,249100,307900
80935108161,2019,686000,259000,945000
70913119347,2019,100500,164700,265200
81032403248,2019,40400,104200,144600
70823209030,2019,134200,289500,423700
71021106086,2019,60100,142100,202200
70920414037,2019,120900,187100,308000
60906204106,2019,0,0,0
71008104102,2019,54100,159700,213800
70914402105,2019,274000,632000,906000
60801302097,2019,71400,173900,245300
70913108192,2019,83200,127900,211100
60811110076,2019,103300,286300,389600
70931412301,2019,82200,178100,260300
70923306017,2019,941000,611000,1552000
71027101022,2019,178000,744200,922200
71004405330,2019,48800,158200,207000
60812305296,2019,82900,153500,236400
71020306174,2019,10200,106400,116600
80935106272,2019,66400,220800,287200
71005406270,2019,44400,151800,196200
60906110303,2019,66200,187800,254000
70814203075,2019,123500,275900,399400
70920212051,2019,124700,361900,486600
70828404114,2019,0,0,0
60802404149,2019,71400,157400,228800
71035205121,2019,66800,202300,269100
70928109341,2019,108400,396500,504900
81026204066,2019,3600,0,3600
70826412375,2019,10000,77300,87300
80936402190,2019,73400,153000,226400
70826204219,2019,0,0,0
71006304308,2019,44500,135900,180400
71009405129,2019,63300,44200,107500
70932307080,2019,69200,141400,210600
81028102218,2019,59000,174400,233400
70901105142,2019,58500,129100,187600
70913321257,2019,89000,378700,467700
60904106015,2019,83800,194100,277900
81033201203,2019,43500,123900,167400
71034108045,2019,56300,143800,200100
70826412648,2019,10000,77400,87400
70913105031,2019,80800,204500,285300
71006128287,2019,46100,131500,177600
71006409033,2019,68000,231900,299900
70823110427,2019,89400,304200,393600
60801121041,2019,72700,151800,224500
70928110041,2019,151100,261400,412500
71001332099,2019,43200,204700,247900
70816403029,2019,183800,492200,676000
60906201087,2019,56500,144100,200600
70835317178,2019,106200,176300,282500
70923152486,2019,34100,603900,638000
70935114044,2019,48500,120700,169200
70834415189,2019,24000,195100,219100
70920413063,2019,127100,198300,325400
70918322408,2019,0,2000,2000
71016401160,2019,69000,261000,330000
71009213093,2019,52000,152200,204200
60812207012,2019,0,0,0
80926108295,2019,61600,144600,206200
71010211036,2019,55700,114000,169700
70823107317,2019,89400,181100,270500
71006132113,2019,73000,131900,204900
71012205053,2019,70600,253100,323700
81034418104,2019,66900,247300,314200
70922440311,2019,113500,196600,310100
71021225109,2019,114000,181400,295400
70929408057,2019,86700,213300,300000
60801213210,2019,73800,186700,260500
71006409182,2019,54100,189200,243300
80924101283,2019,104800,253400,358200
70816322112,2019,17300,213300,230600
81021303293,2019,44100,158000,202100
70919106067,2019,85900,115000,200900
80935104060,2019,56800,185600,242400
71005320024,2019,104100,212200,316300
81023209407,2019,0,1200,1200
71035115156,2019,64700,266600,331300
70918406088,2019,160800,228800,389600
70922308113,2019,0,0,0
81031404297,2019,38200,153300,191500
70835124341,2019,500,1500,2000
71007209060,2019,54500,196600,251100
71006133012,2019,62500,158900,221400
60801413133,2019,69500,146700,216200
80925415089,2019,45100,185500,230600
71016112105,2019,54900,87700,142600
81030309042,2019,59600,167800,227400
71006115284,2019,32200,186000,218200
70828305172,2019,12100,0,12100
70920110247,2019,161600,249100,410700
60801114111,2019,56200,164500,220700
70833207058,2019,100300,304300,404600
60803102081,2019,120000,287000,407000
71015105276,2019,61100,147900,209000
70918312045,2019,150900,208100,359000
70826417044,2019,21500,107500,129000
60801109279,2019,66100,159500,225600
70922327197,2019,151400,358000,509400
70836105225,2019,69800,149500,219300
60802311394,2019,101100,319100,420200
70923410082,2019,0,0,0
70901103154,2019,51000,127100,178100
70836406102,2019,55100,179100,234200
60802108022,2019,69300,163900,233200
71006304225,2019,86000,146500,232500
70932109113,2019,128300,204100,332400
71010212258,2019,54000,159200,213200
71007309224,2019,118400,345000,463400
70929425168,2019,88600,235300,323900
60906208322,2019,56700,148300,205000
70913133016,2019,222000,41800,263800
71005215085,2019,58400,121500,179900
70913121087,2019,0,0,0
71011125210,2019,56600,275100,331700
71003315085,2019,47000,148300,195300
80924445053,2019,13400,270000,283400
81030207105,2019,175000,3430000,3605000
70814202093,2019,102200,229500,331700
80925307301,2019,0,0,0
70932210829,2019,0,5000,5000
70932109254,2019,143200,316800,460000
70834206091,2019,82100,217400,299500
70925206059,2019,80600,168800,249400
70922440072,2019,75200,231400,306600
70823103026,2019,79900,210700,290600
70919410137,2019,106700,215300,322000
71019407131,2019,79500,131000,210500
70929422049,2019,136300,312500,448800
70823407139,2019,55700,158000,213700
71011421212,2019,50700,186200,236900
70926101068,2019,55500,239500,295000
70834403150,2019,86600,153300,239900
70927107255,2019,31400,279200,310600
80926401053,2019,55900,104500,160400
60801225265,2019,15000,135000,150000
60802417259,2019,70700,207700,278400
70901107156,2019,51000,116700,167700
70923158161,2019,45200,221800,267000
70932209046,2019,20800,146200,167000
81019308057,2019,58000,180400,238400
70935202112,2019,40900,106000,146900
71006129251,2019,42600,199200,241800
70921306192,2019,155200,382400,537600
60801414298,2019,75800,198900,274700
70829418130,2019,15300,0,15300
70913323229,2019,142300,185700,328000
70920402123,2019,127300,392300,519600
80926111058,2019,59200,126400,185600
71007207014,2019,58100,132800,190900
70935103039,2019,45300,140100,185400
70923125160,2019,160600,194900,355500
70919405021,2019,112600,251700,364300
80925408282,2019,59900,115900,175800
70823210102,2019,87700,219700,307400
70929217151,2019,95200,214000,309200
70913347659,2019,2500,12500,15000
71030201075,2019,404400,175600,580000
71007202220,2019,89000,273200,362200
60906201293,2019,67600,176400,244000
70823314144,2019,197500,285600,483100
70913203182,2019,85600,507900,593500
70923146265,2019,8000,7000,15000
70924214102,2019,36400,543600,580000
81030304076,2019,68600,146700,215300
60811401095,2019,74800,191500,266300
70923144087,2019,8000,7000,15000
70921212068,2019,107100,147200,254300
70901113484,2019,14400,83600,98000
71015206066,2019,47200,169200,216400
71003415059,2019,53600,238000,291600
70919228887,2019,400,2600,3000
80924437969,2019,400,1600,2000
70836205059,2019,71700,229100,300800
70912407173,2019,125800,323800,449600
70929112020,2019,117700,146000,263700
70935114036,2019,50200,109300,159500
71016102065,2019,27500,0,27500
80926105217,2019,53400,117100,170500
60801316220,2019,24000,139700,163700
80924434791,2019,400,1600,2000
70814300996,2019,0,0,0
60802316021,2019,18000,205100,223100
80925206256,2019,57600,157900,215500
81031302219,2019,28500,0,28500
71027205022,2019,309500,0,309500
81031227053,2019,45700,285500,331200
81026363060,2019,3800,0,3800
60811421118,2019,19000,202400,221400
81032301335,2019,29100,142100,171200
80924421920,2019,400,1600,2000
70923145051,2019,8000,7000,15000
70914439174,2019,1000,7900,8900
70926208012,2019,72000,227000,299000
70815403244,2019,77000,246000,323000
70922234178,2019,0,0,0
80936403164,2019,70600,134900,205500
71002106237,2019,9500,112600,122100
70823113083,2019,89400,289700,379100
70918303250,2019,75400,155100,230500
81026357188,2019,3600,0,3600
81021302352,2019,49400,175600,225000
71011113041,2019,71100,221800,292900
70913429069,2019,15400,205100,220500
70923131076,2019,129400,223100,352500
70820108102,2019,100,0,100
70923174141,2019,3300,11700,15000
70912410093,2019,501700,197400,699100
71001314120,2019,64400,244300,308700
70918307351,2019,79500,112600,192100
70922335091,2019,151400,227100,378500
71015206199,2019,84000,220500,304500
71011108406,2019,30000,270800,300800
70932307048,2019,67900,137000,204900
70920103309,2019,120800,159900,280700
70914426064,2019,182000,989000,1171000
70930416122,2019,106500,231500,338000
81034109050,2019,62800,166900,229700
71020307122,2019,10600,123400,134000
70926412176,2019,0,0,0
60801419272,2019,16600,185300,201900
70923319119,2019,167000,184600,351600
60812305163,2019,77800,196200,274000
70932201323,2019,75300,166900,242200
71035207367,2019,43900,199100,243000
60812316061,2019,85400,229900,315300
81034105066,2019,71800,221800,293600
81031230048,2019,30100,86800,116900
70921401091,2019,123800,245700,369500
71006114046,2019,48700,248900,297600
70913119371,2019,87400,294600,382000
71007304224,2019,95200,232100,327300
71005339067,2019,95500,217500,313000
70824414026,2019,14600,115400,130000
80925404016,2019,56300,166900,223200
71007303193,2019,145200,301100,446300
71004302502,2019,48000,136600,184600
70824203130,2019,114800,263300,378100
71007214168,2019,145000,186900,331900
71004306075,2019,52800,168300,221100
60812122096,2019,77700,217200,294900
70826402045,2019,2541000,13760000,16301000
60802408109,2019,65500,214500,280000
71012208106,2019,60600,192900,253500
71006446407,2019,3000,35000,38000
70922401074,2019,66200,217200,283400
81026362038,2019,100,0,100
70929112137,2019,100400,225100,325500
71006119286,2019,36700,219200,255900
70931206118,2019,75200,277700,352900
70912430025,2019,9000,91300,100300
70926405080,2019,78800,96600,175400
70833118239,2019,69700,312700,382400
70929201203,2019,105400,318100,423500
71006102249,2019,44400,223700,268100
71005309200,2019,51700,131400,183100
70813406084,2019,349000,189000,538000
70918214093,2019,140400,188700,329100
70833403200,2019,78000,26000,104000
81021411012,2019,32500,103400,135900
70833121274,2019,95100,279100,374200
71034108144,2019,67700,151400,219100
70913311018,2019,136200,269600,405800
81033400904,2019,37800,95900,133700
71005307303,2019,48200,153700,201900
70921313163,2019,109200,209800,319000
71014107091,2019,9600,175400,185000
70824203180,2019,107500,320600,428100
70913350347,2019,0,15000,15000
70920113100,2019,111900,246900,358800
71015207072,2019,74400,193400,267800
60811202047,2019,104400,190800,295200
70923146710,2019,8000,7000,15000
71010308247,2019,53600,119400,173000
70929211153,2019,0,0,0
70923171311,2019,2100,1500,3600
71007201131,2019,118200,341900,460100
70921106071,2019,77000,526500,603500
71035205147,2019,66800,223100,289900
70922102028,2019,0,0,0
60801401021,2019,75800,141600,217400
70935202120,2019,40900,94100,135000
70826416393,2019,21500,119600,141100
70913317313,2019,80200,331900,412100
71002302108,2019,28200,0,28200
70918321624,2019,0,2000,2000
70926201222,2019,184900,369100,554000
70813314427,2019,9800,0,9800
70814301043,2019,111300,288700,400000
60812321226,2019,19600,166200,185800
71006121182,2019,65000,158600,223600
70919405013,2019,100100,184300,284400
70836105358,2019,70800,207100,277900
70913210161,2019,68500,181500,250000
71001336017,2019,28600,195200,223800
70835108098,2019,223500,408900,632400
70926103030,2019,98400,139500,237900
71009218093,2019,45900,159400,205300
60802101208,2019,119200,0,119200
71016110026,2019,63300,134000,197300
70932112182,2019,84700,173600,258300
71005316114,2019,67400,202500,269900
70929426223,2019,0,0,0
71014207156,2019,63600,149600,213200
70913309584,2019,0,0,0
60812119077,2019,20700,157800,178500
70836310212,2019,14900,116500,131400
70921222091,2019,133400,311200,444600
70824414175,2019,14600,91800,106400
71003104157,2019,57300,207900,265200
70833410130,2019,44700,414300,459000
71014203063,2019,54300,147100,201400
81028302040,2019,54000,586000,640000
70821101014,2019,120000,312000,432000
60906205104,2019,60600,132000,192600
81028119693,2019,8700,67300,76000
70922320125,2019,145800,353100,498900
70919402126,2019,112800,387700,500500
70929221011,2019,73100,190600,263700
70929219040,2019,95200,282800,378000
81034108250,2019,60900,150700,211600
81014303523,2019,32800,164100,196900
70931208304,2019,137100,215000,352100
60802112289,2019,87000,201400,288400
70929214016,2019,74200,221000,295200
60801225041,2019,15000,130800,145800
70926108163,2019,0,0,0
71006130175,2019,142500,128000,270500
70913105122,2019,113900,219000,332900
70928117328,2019,118500,240900,359400
81031413082,2019,39300,119200,158500
71006440053,2019,18700,127300,146000
70922433267,2019,92900,217100,310000
60801115094,2019,60300,141800,202100
70913213347,2019,0,0,0
71015114144,2019,43200,156300,199500
81032104119,2019,26000,143400,169400
70920114067,2019,128600,146100,274700
70835209119,2019,79600,168100,247700
81023304017,2019,35600,123300,158900
60905112110,2019,53600,92300,145900
70931208510,2019,123700,212800,336500
81035103085,2019,65900,0,65900
70833101044,2019,163700,566100,729800
70918321153,2019,0,2000,2000
71005204179,2019,60200,92800,153000
71006409017,2019,68000,259100,327100
70936408090,2019,60800,180600,241400
71009310071,2019,69400,148400,217800
70923123164,2019,147200,261900,409100
60802202080,2019,81500,223000,304500
70923153731,2019,1300,23700,25000
70835107248,2019,99900,328500,428400
71006130117,2019,52800,84800,137600
71005407236,2019,42100,108900,151000
71010208033,2019,54000,146000,200000
70914434025,2019,121900,79000,200900
70919228770,2019,400,2600,3000
70834408085,2019,397900,0,397900
70914403038,2019,290000,366000,656000
71010107037,2019,57200,206100,263300
81030312326,2019,56000,150200,206200
81031405287,2019,37600,169500,207100
60801223037,2019,16900,179000,195900
70913321273,2019,116000,104800,220800
70833306040,2019,169500,403600,573100
70931104362,2019,97200,269800,367000
71015111249,2019,44300,183000,227300
81032408032,2019,43800,156500,200300
70919211147,2019,91500,132600,224100
71021113411,2019,15100,104900,120000
71021111192,2019,66100,165300,231400
70929202037,2019,85700,137500,223200
70920408072,2019,124300,226100,350400
81023306146,2019,35600,161000,196600
81026206236,2019,3700,0,3700
70931309079,2019,99000,148800,247800
60905212027,2019,28800,65200,94000
70926119011,2019,79100,133400,212500
70822414177,2019,11800,105800,117600
70829103012,2019,68700,290300,359000
70919218060,2019,92200,207700,299900
60904104126,2019,84400,237700,322100
70920218322,2019,400,14600,15000
70919310147,2019,114300,269000,383300
70901107114,2019,51000,145500,196500
70835317102,2019,98600,189300,287900
70918319827,2019,20500,108100,128600
70923162386,2019,8000,7000,15000
70828432058,2019,0,0,0
70913210103,2019,111500,258500,370000
71010410167,2019,55900,119100,175000
71009317150,2019,66800,159900,226700
81021303243,2019,46000,179800,225800
70823304260,2019,85000,226600,311600
70935212020,2019,0,0,0
71006206158,2019,44400,122700,167100
70931302164,2019,110700,199800,310500
81023301013,2019,510000,1590000,2100000
81032430316,2019,40500,0,40500
71003206044,2019,57300,188500,245800
70828104037,2019,102000,258000,360000
71006310157,2019,33000,179000,212000
81034321034,2019,29100,91100,120200
70833104064,2019,141200,420400,561600
70920405036,2019,114400,136700,251100
70821403147,2019,113600,291900,405500
71012201168,2019,67200,220000,287200
60801116191,2019,66100,150000,216100
70922346064,2019,0,15000,15000
70835208111,2019,88600,197400,286000
81019301051,2019,61300,154400,215700
70932421137,2019,48800,125700,174500
70929219157,2019,78400,180000,258400
70923142312,2019,44900,272300,317200
70913423053,2019,127500,493500,621000
81034329012,2019,29300,104700,134000
70814307033,2019,100200,256800,357000
80926206015,2019,64700,181500,246200
70824212149,2019,0,0,0
71002311026,2019,61800,237700,299500
71014212014,2019,0,0,0
70926108121,2019,77000,158200,235200
81021401120,2019,44300,110300,154600
70916100997,2019,0,0,0
81021305281,2019,62400,197100,259500
81033203093,2019,38200,165500,203700
70813318073,2019,62500,253700,316200
71006109047,2019,69200,125200,194400
80926109037,2019,54300,135800,190100
70823406066,2019,66600,313900,380500
60902104029,2019,33000,135200,168200
70814205138,2019,129400,192100,321500
70921104132,2019,70900,212100,283000
71014107190,2019,12300,201300,213600
70920220202,2019,0,4900,4900
71010310268,2019,53600,170000,223600
70918322151,2019,0,2000,2000
70829107105,2019,79900,302300,382200
70828119218,2019,95700,212000,307700
70933205069,2019,147000,334700,481700
71005301032,2019,64500,145500,210000
71005303088,2019,50500,187300,237800
80925405064,2019,51600,152500,204100
71016402283,2019,59200,162000,221200
80924404843,2019,400,1600,2000
71007228086,2019,84000,679000,763000
60802409107,2019,67000,165300,232300
71005412037,2019,41800,123200,165000
60802302591,2019,106400,215600,322000
71005213229,2019,54900,169100,224000
70835113162,2019,99900,176000,275900
60802309282,2019,91200,236600,327800
81032310071,2019,38800,134000,172800
71019405218,2019,94100,140900,235000
70923173086,2019,3300,11700,15000
71035103094,2019,71000,335400,406400
60812106199,2019,70400,162900,233300
70921402156,2019,231100,434800,665900
70919223035,2019,101300,202800,304100
70826421095,2019,0,4000,4000
70923156149,2019,3300,11700,15000
80925214283,2019,54300,125800,180100
70923148154,2019,4200,800,5000
80924442900,2019,400,1600,2000
71005324109,2019,109100,325800,434900
71014203154,2019,58300,173600,231900
71020302081,2019,89800,236700,326500
71016204077,2019,104500,94900,199400
71022200895,2019,438500,52500,491000
70923150274,2019,55100,339600,394700
70814202134,2019,103000,373200,476200
60801234315,2019,15000,138700,153700
71005407096,2019,44400,184500,228900
70921219262,2019,116200,386500,502700
70920216269,2019,11000,269800,280800
81028108018,2019,52000,125700,177700
70926409347,2019,4000,0,4000
81026415019,2019,100,0,100
71012215466,2019,17700,240700,258400
80924414222,2019,24600,309400,334000
70919410278,2019,101900,326300,428200
70922439116,2019,94500,214400,308900
71014310032,2019,66700,181400,248100
70923142677,2019,44900,308400,353300
70821408197,2019,107000,359800,466800
81027300889,2019,0,0,0
71035101056,2019,0,0,0
71006139010,2019,699500,7172300,7871800
60802310239,2019,176400,145600,322000
80925104179,2019,51300,125800,177100
70930302074,2019,0,0,0
71006440839,2019,0,4000,4000
71001411025,2019,57200,215600,272800
71006414222,2019,55300,182000,237300
71003311033,2019,53000,165700,218700
71012205285,2019,68100,190000,258100
70930401016,2019,87900,190000,277900
71012215531,2019,17700,240800,258500
70835210025,2019,85900,237100,323000
80925409305,2019,62100,144200,206300
70932407111,2019,79800,210500,290300
71009218100,2019,45100,148200,193300
71021224044,2019,65600,177400,243000
60903205082,2019,264000,1346000,1610000
70926201404,2019,83000,199500,282500
71007201248,2019,90400,278300,368700
71005206125,2019,60900,125400,186300
70814413038,2019,90400,245600,336000
81032419295,2019,39200,137600,176800
80926203144,2019,66600,176800,243400
70930105072,2019,72000,178300,250300
60812331184,2019,0,100,100
70823314243,2019,170700,461700,632400
70836404106,2019,61600,151800,213400
70836107180,2019,73300,189900,263200
80936414012,2019,72500,136500,209000
70920218603,2019,400,14600,15000
81023304348,2019,15700,146200,161900
70920217803,2019,400,14600,15000
71004316149,2019,48300,153200,201500
71007221048,2019,112900,378600,491500
71006112082,2019,71100,203900,275000
70922206078,2019,60000,315000,375000
70836209069,2019,0,0,0
70920103169,2019,133500,213800,347300
71012206217,2019,62500,275100,337600
71002419169,2019,65200,71500,136700
80935106149,2019,66400,198600,265000
70828118096,2019,35300,240300,275600
80925101026,2019,53200,154900,208100
71006103122,2019,36200,171200,207400
71010209081,2019,59700,150200,209900
81030304018,2019,67900,183800,251700
70928319015,2019,142900,446200,589100
70931412054,2019,90400,243700,334100
70919103146,2019,99500,347300,446800
70921108051,2019,130000,370000,500000
70921113167,2019,124400,370700,495100
70921112135,2019,120800,225900,346700
70921315151,2019,104600,152200,256800
70918302145,2019,73700,120900,194600
81028101088,2019,59000,169000,228000
70833124111,2019,101400,457600,559000
70922427096,2019,171200,289900,461100
71006429073,2019,109100,270700,379800
81032411134,2019,41000,65300,106300
70834427770,2019,0,5000,5000
71034103037,2019,86000,223000,309000
81032428022,2019,30100,139500,169600
71015205034,2019,51600,201400,253000
70829412075,2019,13300,0,13300
81031212343,2019,36900,100500,137400
70813309288,2019,87100,276000,363100
70913313030,2019,83200,280200,363400
71010108100,2019,58000,197300,255300
60803113088,2019,129000,319100,448100
70921116088,2019,112400,307300,419700
70931209063,2019,84300,223400,307700
71005217031,2019,60600,114500,175100
71010303099,2019,63000,130300,193300
70926118097,2019,182500,302600,485100
60903210057,2019,19200,101600,120800
81014303573,2019,32800,162100,194900
70826416278,2019,21500,118500,140000
80924431979,2019,400,1600,2000
70828442023,2019,0,0,0
81031413131,2019,39600,109100,148700
81026365066,2019,2600,0,2600
81014303581,2019,32800,167700,200500
70922231132,2019,149300,335700,485000
70836410286,2019,58100,144900,203000
70923153038,2019,1300,23700,25000
70932210853,2019,0,5000,5000
81028113116,2019,55600,207800,263400
70922433043,2019,99500,161800,261300
81023209192,2019,0,1200,1200
81031405097,2019,36700,117800,154500
81032302987,2019,52600,136000,188600
71007113089,2019,79800,283400,363200
60905207151,2019,0,0,0
70928201064,2019,97800,215100,312900
70821114166,2019,61300,215700,277000
70824410181,2019,104400,274600,379000
60811431076,2019,63000,228300,291300
71010216226,2019,23700,71300,95000
70923103041,2019,100000,506000,606000
70926220024,2019,83500,182000,265500
70936305204,2019,64300,160900,225200
71007204078,2019,64600,210900,275500
70923215151,2019,0,0,0
70921106021,2019,122900,194900,317800
60802108121,2019,69300,164000,233300
60812404238,2019,74000,238600,312600
71027418021,2019,0,0,0
70824311181,2019,14100,130300,144400
60812305197,2019,82000,194200,276200
81034310045,2019,82000,363000,445000
60802408026,2019,73400,169200,242600
70814430058,2019,19700,209500,229200
70922341014,2019,201700,456300,658000
70914419035,2019,0,0,0
71034102310,2019,48000,197700,245700
70826410535,2019,72400,176000,248400
71016101075,2019,41000,509000,550000
71007237011,2019,0,0,0
70912403296,2019,93600,116800,210400
70813333162,2019,26300,225800,252100
70918416061,2019,10500,51700,62200
70814413062,2019,93900,226100,320000
60801409273,2019,68000,186700,254700
70923167170,2019,3400,13800,17200
71006104089,2019,35300,189400,224700
70918414247,2019,1500000,4250000,5750000
71012206192,2019,61300,242900,304200
70901105069,2019,82900,164000,246900
71015202048,2019,49600,195400,245000
71011214089,2019,8100,0,8100
71004312022,2019,87900,187100,275000
80924429833,2019,400,3100,3500
70928103129,2019,106000,325900,431900
70920102129,2019,84000,150600,234600
70814403245,2019,106300,331300,437600
70813304270,2019,93700,185800,279500
80925305115,2019,61100,106000,167100
70823409028,2019,51700,186100,237800
80936110032,2019,13800,100200,114000
70822105180,2019,51500,204700,256200
70835209151,2019,78200,179300,257500
70935203152,2019,33800,0,33800
60804107030,2019,60000,238000,298000
71006313151,2019,142000,2273000,2415000
70826315545,2019,36500,219300,255800
70934401129,2019,264000,470000,734000
80925410063,2019,52700,200700,253400
60905208084,2019,0,0,0
70822108035,2019,49000,174500,223500
70919103021,2019,93800,316400,410200
80935105050,2019,73600,195400,269000
71003319029,2019,56200,187600,243800
70824410173,2019,104400,273600,378000
70829109044,2019,97300,0,97300
60904108227,2019,94100,213900,308000
80924407798,2019,400,1600,2000
71005413027,2019,47600,112200,159800
70932208139,2019,14200,114600,128800
70816314101,2019,125700,298700,424400
70923148146,2019,4200,800,5000
80925209094,2019,53000,160900,213900
70923413507,2019,900,6600,7500
70828418090,2019,0,0,0
70834427209,2019,25600,166200,191800
60801311204,2019,75800,241800,317600
70825209484,2019,8000,21000,29000
70923412161,2019,1700,16300,18000
70823206036,2019,18100,239900,258000
70921211101,2019,74000,208900,282900
70913128083,2019,14800,195900,210700
60811416036,2019,81700,213600,295300
70924219772,2019,0,25000,25000
70931408136,2019,89400,212000,301400
70923117034,2019,0,0,0
70929101057,2019,76900,281400,358300
70931310084,2019,99000,119100,218100
71006122106,2019,51700,140700,192400
60905208068,2019,0,0,0
70929201097,2019,112800,210700,323500
70825400884,2019,0,0,0
70829111198,2019,71300,0,71300
70834304085,2019,122100,369500,491600
70931202356,2019,61500,160600,222100
70929307142,2019,78100,245900,324000
71002101013,2019,9500,0,9500
70815306026,2019,187100,517000,704100
70836310254,2019,14900,116800,131700
70926113170,2019,80400,169700,250100
60801209011,2019,68400,149000,217400
71006407136,2019,68000,249000,317000
70913332048,2019,85900,455200,541100
70931307130,2019,113400,133500,246900
70923216191,2019,0,0,0
71006213153,2019,42100,228400,270500
60802417069,2019,70300,189200,259500
60812304199,2019,70700,211500,282200
60802201016,2019,22300,0,22300
71003219021,2019,217400,823900,1041300
70923173036,2019,3300,11700,15000
70931309269,2019,105400,181300,286700
70836116090,2019,64100,211700,275800
70929306079,2019,89000,264300,353300
70834308087,2019,42000,433000,475000
70921221142,2019,129000,314600,443600
70813108127,2019,131800,196100,327900
71005331104,2019,147900,364500,512400
81032412083,2019,39200,118800,158000
70923140944,2019,1500,13500,15000
70923145457,2019,8000,7000,15000
70920104159,2019,104700,283900,388600
60812403058,2019,94100,193200,287300
70913114040,2019,64000,419000,483000
71007209010,2019,54400,181300,235700
70931410058,2019,100900,138400,239300
70833102133,2019,133600,384200,517800
70836405154,2019,56400,139000,195400
70826421409,2019,0,4000,4000
70920110164,2019,91900,201700,293600
71014215539,2019,7800,91800,99600
70928301020,2019,84300,122200,206500
60801207180,2019,0,0,0
81022200977,2019,7600,0,7600
80926105150,2019,55700,129900,185600
71004302403,2019,48000,150100,198100
80923100939,2019,0,0,0
70833407129,2019,44700,487800,532500
70829408024,2019,9700,0,9700
70826415014,2019,39100,141900,181000
60801408275,2019,67600,170100,237700
70932103595,2019,167100,287900,455000
60811203110,2019,91900,206300,298200
71003312263,2019,49100,167500,216600
60801109203,2019,66100,153800,219900
70929413014,2019,88200,201800,290000
71004317163,2019,58100,197000,255100
60801316064,2019,24000,136500,160500
70923107019,2019,0,0,0
71010306134,2019,51600,176400,228000
70823211291,2019,97000,195800,292800
70920220559,2019,0,2300,2300
71002107186,2019,9500,140200,149700
71006410121,2019,68000,327700,395700
70828410070,2019,0,0,0
81030314124,2019,57600,122300,179900
70930418037,2019,23200,138800,162000
60812211021,2019,29500,169500,199000
70930101020,2019,81400,194100,275500
71006406237,2019,54100,176000,230100
70932305076,2019,55100,130100,185200
70919401110,2019,112600,191800,304400
81021302500,2019,47200,160800,208000
71001106014,2019,44000,181800,225800
71009203060,2019,48300,131100,179400
81034106535,2019,60800,167000,227800
70823406230,2019,69000,294500,363500
70813403105,2019,239800,299200,539000
71035205030,2019,66900,172800,239700
80935108369,2019,752500,750000,1502500
70921110105,2019,135800,502200,638000
80924403051,2019,8200,119700,127900
60905213158,2019,4200,47100,51300
70834104013,2019,48100,243800,291900
70836117163,2019,68700,201800,270500
70823413136,2019,34800,239500,274300
70821214031,2019,119000,370800,489800
60802305082,2019,13800,198700,212500
70918322317,2019,0,2000,2000
70913126045,2019,15500,149400,164900
70823304070,2019,87300,207600,294900
70814101013,2019,88800,328200,417000
60812330160,2019,0,5000,5000
60812123060,2019,84500,232800,317300
70920127010,2019,22000,269300,291300
70824304053,2019,94300,269700,364000
70922216134,2019,139800,252700,392500
80925216213,2019,58100,143700,201800
70929405194,2019,0,0,0
71015119087,2019,41600,149800,191400
71009106206,2019,149500,506000,655500
80926303043,2019,68100,199200,267300
70836108013,2019,66400,167100,233500
70920407149,2019,161400,260900,422300
71005340022,2019,100500,226400,326900
70921312131,2019,80200,235700,315900
80924402897,2019,400,1600,2000
70931104164,2019,148800,193900,342700
70935102130,2019,49300,107500,156800
60801415163,2019,80900,213000,293900
70816406164,2019,171900,482300,654200
71021213162,2019,60000,125900,185900
81034119041,2019,65800,179500,245300
81021303194,2019,56300,168300,224600
71005302163,2019,0,0,0
71010107235,2019,57200,217900,275100
80925117106,2019,12900,260300,273200
70922205202,2019,113700,182300,296000
70826313424,2019,76000,254400,330400
70836406235,2019,60400,164900,225300
70921119024,2019,132600,433300,565900
70923174159,2019,3300,11700,15000
70929403180,2019,87000,205200,292200
71005315124,2019,65100,210300,275400
70823118330,2019,12800,96100,108900
71034108152,2019,0,0,0
71016202013,2019,64800,166200,231000
70913318189,2019,211000,1036000,1247000
70920302464,2019,125100,451500,576600
70923406164,2019,250000,1000,251000
81026423070,2019,100,0,100
70920219164,2019,0,0,0
71006129269,2019,41700,148500,190200
60801212105,2019,82900,168000,250900
70914436089,2019,57900,578200,636100
70930411148,2019,67900,170600,238500
71005304078,2019,68000,189800,257800
80926103295,2019,57000,163400,220400
70834303079,2019,130000,365000,495000
60802316104,2019,18000,197000,215000
81028121705,2019,10100,91500,101600
60901202197,2019,59700,154400,214100
70923142601,2019,44900,295700,340600
70923139038,2019,62100,51300,113400
80925106034,2019,53500,128200,181700
60801311139,2019,92500,259000,351500
70920217308,2019,400,14600,15000
71006308219,2019,69200,114600,183800
71006204300,2019,59000,88600,147600
81026363052,2019,4200,0,4200
70925204053,2019,80000,258500,338500
70923163813,2019,44900,427600,472500
70923140704,2019,1500,21500,23000
70824404192,2019,108700,374200,482900
70913343144,2019,11700,222100,233800
70923143469,2019,44900,409000,453900
70821304022,2019,100,0,100
70920408014,2019,126800,233700,360500
71003213205,2019,53100,147400,200500
81021407201,2019,59200,134300,193500
70815403145,2019,336000,2174000,2510000
60811439161,2019,20000,183700,203700
70932401262,2019,144900,335400,480300
71007223226,2019,100600,356400,457000
70835124846,2019,500,1500,2000
60804104028,2019,98900,246100,345000
70824207182,2019,89700,262800,352500
71010311266,2019,51000,151000,202000
70929110131,2019,89900,296600,386500
71014216602,2019,7500,119400,126900
71004302627,2019,54700,142300,197000
70913346453,2019,78000,353600,431600
70826408340,2019,70800,170000,240800
71011222040,2019,18500,166500,185000
71004310026,2019,54100,127500,181600
71003216069,2019,89000,291000,380000
71015406129,2019,61900,128100,190000
70826313333,2019,78000,214600,292600
70923154010,2019,1300,23700,25000
60811111040,2019,109000,339100,448100
70824304037,2019,94100,300900,395000
71011124197,2019,50600,193900,244500
70923110038,2019,381000,646900,1027900
70932418126,2019,0,0,0
70926306030,2019,0,0,0
60812203185,2019,93500,241500,335000
81021107174,2019,59800,193300,253100
70829418106,2019,18700,0,18700
70828413115,2019,0,0,0
81033103011,2019,756400,765700,1522100
71005231081,2019,47500,165900,213400
70913350719,2019,0,8000,8000
71009201014,2019,52000,193300,245300
70913309485,2019,73600,278700,352300
71030208287,2019,80900,311100,392000
71007226444,2019,86500,149900,236400
71010301366,2019,58200,147300,205500
80936404211,2019,74000,211000,285000
71005308319,2019,60300,248000,308300
81033209075,2019,0,0,0
71005321014,2019,114100,334400,448500
81028110063,2019,54900,150100,205000
81030213128,2019,48200,118100,166300
70913308049,2019,906000,82000,988000
70920217035,2019,14600,599100,613700
70924221181,2019,31000,84000,115000
70919227243,2019,38900,279000,317900
71004304110,2019,52800,150400,203200
81031214034,2019,38100,150700,188800
80936408057,2019,72600,160000,232600
70920202028,2019,0,0,0
70931212058,2019,78900,162800,241700
70821207028,2019,106000,354400,460400
70826315488,2019,52100,0,52100
71019411455,2019,9000,68400,77400
70823103117,2019,89400,237900,327300
60801113189,2019,59500,146500,206000
80925303177,2019,42600,148800,191400
71010104075,2019,54300,162000,216300
70913313022,2019,135100,345900,481000
70834427845,2019,0,5000,5000
70932201167,2019,80700,158100,238800
80925205050,2019,54900,139300,194200
71014215240,2019,7800,141400,149200
70836403356,2019,63700,144000,207700
70921220079,2019,127000,448000,575000
71031100945,2019,273000,382000,655000
60812407092,2019,81600,195600,277200
71009216097,2019,45900,151900,197800
71009411209,2019,61600,88600,150200
71035106098,2019,67500,217500,285000
71016406037,2019,62400,112700,175100
70918415063,2019,10500,51700,62200
71022305273,2019,175000,0,175000
60903203086,2019,80800,180200,261000
71016109079,2019,50700,108100,158800
70815403327,2019,512000,1308000,1820000
70922215061,2019,193900,397100,591000
71003203058,2019,53100,163900,217000
71007112271,2019,90400,362800,453200
70828420136,2019,0,0,0
71001309022,2019,59700,190800,250500
60811104029,2019,98800,219000,317800
70918415477,2019,10500,103700,114200
70814402213,2019,0,0,0
71009208086,2019,51900,107800,159700
71014208089,2019,57200,213100,270300
70920414285,2019,132200,209500,341700
70918321426,2019,0,2000,2000
60801104245,2019,63600,146100,209700
71004304102,2019,52800,136900,189700
70929113185,2019,89800,190800,280600
60906203223,2019,0,0,0
60811436068,2019,89700,172300,262000
71015406046,2019,46400,209200,255600
80924411773,2019,400,1600,2000
70822102053,2019,89400,267100,356500
80926112460,2019,52000,172700,224700
70836114036,2019,82200,144600,226800
70931208495,2019,112000,197700,309700
70913346263,2019,90300,450500,540800
70816309061,2019,173900,669600,843500
70929101065,2019,93700,225500,319200
60903202187,2019,88900,171800,260700
70921302083,2019,100500,109800,210300
70921416206,2019,0,0,0
80924306081,2019,64400,260600,325000
81034416067,2019,56500,194400,250900
70912407313,2019,116000,414800,530800
70824308188,2019,16000,176400,192400
70835112198,2019,105000,315000,420000
71003107052,2019,53100,169800,222900
71003204139,2019,53100,168800,221900
70929112228,2019,100400,243800,344200
70918224026,2019,18100,110400,128500
60903226012,2019,43200,92700,135900
71021105020,2019,60100,149900,210000
70929402182,2019,90200,270500,360700
70931304095,2019,99000,241000,340000
70919413058,2019,114100,209000,323100
71007230065,2019,7700,128800,136500
70923171262,2019,2100,1500,3600
70923170842,2019,2100,400,2500
71011418045,2019,498000,2442000,2940000
70829402133,2019,13300,0,13300
70929117012,2019,89900,218100,308000
60801103213,2019,53500,128400,181900
70834413175,2019,24200,179400,203600
71014201207,2019,54000,155300,209300
70923311090,2019,710000,909200,1619200
70836403330,2019,63400,137800,201200
81028118645,2019,8700,69300,78000
70820121021,2019,100,0,100
70836410319,2019,58700,141100,199800
70926416128,2019,47600,47400,95000
71010209312,2019,54300,152400,206700
71007205133,2019,56200,282000,338200
70935101067,2019,48300,58200,106500
70936302010,2019,63200,133400,196600
81028113364,2019,63700,179800,243500
70826405057,2019,68800,132700,201500
70912406076,2019,111400,294400,405800
71016113301,2019,56600,124900,181500
71003315100,2019,47100,187100,234200
71007219093,2019,126400,243100,369500
81034412205,2019,67700,141700,209400
71011207042,2019,42800,234500,277300
71016201346,2019,61000,157900,218900
71007118063,2019,489900,163600,653500
80924435898,2019,400,1600,2000
71003212215,2019,53100,165100,218200
80925407151,2019,51600,126100,177700
70814412139,2019,93100,190800,283900
70826420047,2019,0,4000,4000
71007220305,2019,126400,339600,466000
71035125246,2019,11800,288200,300000
80925414198,2019,62100,152900,215000
80925207238,2019,60000,143800,203800
71010400811,2019,100300,127600,227900
71003201086,2019,54300,148800,203100
70923317163,2019,81200,204500,285700
70913350264,2019,0,15000,15000
71009105084,2019,175000,0,175000
70934306030,2019,83700,276300,360000
60904104077,2019,86000,192100,278100
81032426050,2019,25500,172200,197700
70820109035,2019,101800,0,101800
60802111158,2019,0,0,0
60811304299,2019,96600,255100,351700
71019402040,2019,572000,210400,782400
70919228910,2019,400,2600,3000
81028105361,2019,60100,198900,259000
71003313120,2019,49300,132100,181400
80935101016,2019,56100,182100,238200
70922346014,2019,0,15000,15000
70922309145,2019,0,0,0
70823103076,2019,88800,236500,325300
71021102076,2019,111500,484500,596000
70923150472,2019,55100,324900,380000
70820112020,2019,142400,0,142400
70923150414,2019,41200,281200,322400
60801313010,2019,97400,239600,337000
70828436109,2019,0,0,0
70936409171,2019,64400,155300,219700
71014302047,2019,61500,226600,288100
71005307155,2019,55000,149600,204600
71012207041,2019,60000,217800,277800
71010205104,2019,61000,169000,230000
71015106167,2019,58700,133800,192500
70928108260,2019,108400,341200,449600
71012214070,2019,19400,196200,215600
80925117916,2019,800,1200,2000
71006111224,2019,69200,149700,218900
80925117049,2019,12900,243700,256600
70929116262,2019,100000,235400,335400
71002306019,2019,64800,252900,317700
70826413092,2019,10200,75000,85200
70836207352,2019,0,0,0
60803118020,2019,25300,224300,249600
71034105140,2019,78500,200000,278500
71015103220,2019,67300,147300,214600
70821203109,2019,108000,341100,449100
70933301164,2019,80800,101000,181800
71022405031,2019,1170800,0,1170800
81027208075,2019,69600,174200,243800
70814203174,2019,106000,345000,451000
70913405100,2019,66700,469300,536000
80925306056,2019,63900,107800,171700
81031405013,2019,36700,160200,196900
60812109200,2019,76300,178100,254400
70914418095,2019,229000,1659000,1888000
81028403054,2019,47700,126400,174100
71011111037,2019,72100,221000,293100
80925303367,2019,37800,199500,237300
81031211014,2019,65500,148100,213600
81028104181,2019,59000,159400,218400
70922406157,2019,578000,3234000,3812000
71005231388,2019,48500,110800,159300
70913113117,2019,95500,105000,200500
81034325010,2019,30000,116700,146700
80925416186,2019,59700,163900,223600
70923167211,2019,3400,13800,17200
71016207039,2019,144000,478000,622000
60812214190,2019,19100,200900,220000
81033208069,2019,38600,166000,204600
70923158145,2019,45200,344800,390000
70833203121,2019,111600,193000,304600
70922318021,2019,0,0,0
70918305248,2019,75400,125400,200800
60905214156,2019,7000,69600,76600
71009214330,2019,51500,142000,193500
70836225015,2019,26400,127600,154000
70825304052,2019,99000,784000,883000
80924101340,2019,78100,266000,344100
70823211051,2019,98500,232300,330800
70928105092,2019,99100,320600,419700
71009210023,2019,65100,133700,198800
71015118138,2019,50700,195800,246500
60801105227,2019,66700,184700,251400
71007225272,2019,0,0,0
70816321099,2019,64200,251700,315900
71007302046,2019,132400,398800,531200
71035112053,2019,69700,417700,487400
71002445130,2019,100,0,100
71008105126,2019,40400,176300,216700
60801121059,2019,69600,170400,240000
80925215059,2019,55700,155400,211100
70826403168,2019,0,0,0
70824219070,2019,100900,203800,304700
70928108111,2019,108400,233300,341700
70929218084,2019,95200,187300,282500
60801207172,2019,70000,205300,275300
71006421326,2019,46900,137400,184300
60801207239,2019,70000,185600,255600
81034405177,2019,66600,224000,290600
60812407133,2019,74000,203500,277500
70931410032,2019,100900,209100,310000
70922409185,2019,171200,218900,390100
71005309185,2019,65100,185600,250700
70922319194,2019,145600,385900,531500
70816406172,2019,173300,326800,500100
70814205013,2019,0,0,0
60802316063,2019,18000,193600,211600
71011209072,2019,60300,284800,345100
70913307091,2019,33000,1000,34000
80924407988,2019,400,1600,2000
71015114029,2019,43800,162700,206500
71010215054,2019,411500,2471500,2883000
70836112014,2019,69700,158000,227700
70813324054,2019,0,0,0
71005319134,2019,90400,194500,284900
71010308156,2019,57200,181900,239100
71005217099,2019,78000,91300,169300
70926417077,2019,45200,84300,129500
70929404047,2019,87300,190200,277500
70923163540,2019,44900,186800,231700
70920217457,2019,400,14600,15000
80925406020,2019,56300,203600,259900
71021109139,2019,61000,158900,219900
71021112083,2019,0,0,0
70923409085,2019,140700,202500,343200
70834403118,2019,86600,158400,245000
60812313314,2019,33100,184800,217900
70919413149,2019,110900,367100,478000
70828124019,2019,12900,257000,269900
71002423011,2019,56000,126200,182200
81032417025,2019,35600,133100,168700
71004311173,2019,54100,131500,185600
81019303023,2019,0,0,0
60811101067,2019,106800,214700,321500
70931206093,2019,73500,254500,328000
81028104082,2019,59000,135100,194100
70822102178,2019,146400,328900,475300
70919401285,2019,139300,237400,376700
70928225022,2019,108400,83200,191600
70914420032,2019,799000,3480000,4279000
60804208143,2019,21000,0,21000
81030303169,2019,73000,186600,259600
80925406012,2019,56300,242400,298700
60802104096,2019,68900,172100,241000
71014216157,2019,7500,120800,128300
70814405118,2019,84700,219000,303700
70920416091,2019,154600,113300,267900
70814312454,2019,26100,252600,278700
81026426024,2019,700,0,700
60802302335,2019,92700,228800,321500
81034106494,2019,60300,172200,232500
70826315628,2019,36600,203100,239700
81031214050,2019,38100,128000,166100
81022105028,2019,963000,3005000,3968000
70813112194,2019,152300,336400,488700
70834405081,2019,86600,126600,213200
70922336289,2019,130200,185300,315500
70833123098,2019,107200,371200,478400
60802302260,2019,89700,226000,315700
70836302011,2019,61700,144800,206500
71021113346,2019,15100,92200,107300
70918415386,2019,10500,114900,125400
80925219275,2019,57600,137800,195400
70932416071,2019,53600,200700,254300
81021303095,2019,46700,196000,242700
60901104103,2019,62700,210300,273000
70920414334,2019,127300,184300,311600
60811414014,2019,76200,170400,246600
81032102030,2019,64800,70700,135500
70828309067,2019,64900,175400,240300
70932302204,2019,1586100,2488900,4075000
71002107649,2019,9500,109200,118700
70922317148,2019,171200,308200,479400
70929123225,2019,15000,223200,238200
60811102164,2019,98800,208900,307700
81033208043,2019,45000,141800,186800
71010407073,2019,59900,183900,243800
70825304044,2019,94000,136000,230000
70901109110,2019,51000,141700,192700
71014303186,2019,54800,190500,245300
70926207262,2019,80600,253000,333600
70836404198,2019,63700,131800,195500
71006414016,2019,73000,885000,958000
71015106026,2019,61100,131400,192500
71001206012,2019,20700,0,20700
71010219098,2019,10600,84900,95500
71009312051,2019,68800,193200,262000
60801210167,2019,68700,167000,235700
71004316024,2019,49200,133000,182200
71021212081,2019,62400,145500,207900
71014210084,2019,61600,166400,228000
70917101192,2019,57000,302500,359500
71027414029,2019,71000,160200,231200
80924102083,2019,85600,287200,372800
70814430389,2019,19700,225500,245200
81023207592,2019,33600,104000,137600
71006305140,2019,48200,182100,230300
70928209109,2019,97800,198800,296600
81026370122,2019,7500,0,7500
71009107254,2019,53100,131500,184600
70835310180,2019,0,0,0
81034404103,2019,64700,237300,302000
71004312254,2019,54100,164700,218800
70931104057,2019,158100,248000,406100
70924219558,2019,0,25000,25000
71013203030,2019,107100,199400,306500
70922415059,2019,80200,160300,240500
70813329195,2019,18500,170100,188600
70834216032,2019,90000,310900,400900
70924219467,2019,0,25000,25000
60801122106,2019,66700,155600,222300
71003313013,2019,49100,168000,217100
70835122163,2019,6500,76100,82600
70918321195,2019,0,2000,2000
70931414373,2019,63500,260600,324100
70931212157,2019,74700,160100,234800
70815403351,2019,248000,742000,990000
71009318075,2019,68800,123500,192300
70825108016,2019,2198900,33331600,35530500
71034103110,2019,67700,162000,229700
60802413067,2019,75000,280400,355400
71006215018,2019,96000,328600,424600
70828311062,2019,64900,295000,359900
70913316068,2019,0,0,0
70913434729,2019,0,1500,1500
70823304020,2019,74000,156900,230900
60801110010,2019,72000,203300,275300
70913223130,2019,6900,438100,445000
71003402171,2019,47100,159300,206400
70932424040,2019,0,0,0
60904103037,2019,80200,170100,250300
70926213152,2019,80400,178500,258900
70901102031,2019,51000,135700,186700
70919303176,2019,108700,393800,502500
71009411142,2019,63900,135700,199600
70922207141,2019,123200,227000,350200
71005217148,2019,65100,156800,221900
70912406159,2019,110700,272000,382700
71006202172,2019,0,0,0
71003410067,2019,50500,198400,248900
70923215094,2019,0,0,0
70816314036,2019,124400,455600,580000
60801312369,2019,72600,240200,312800
70923151032,2019,0,0,0
60902206049,2019,55000,454000,509000
70935305114,2019,880000,1896000,2776000
70928213069,2019,98200,316200,414400
71021111225,2019,60300,175100,235400
70936303092,2019,64500,116300,180800
70824219020,2019,101800,174100,275900
81032419120,2019,41600,131900,173500
70923158195,2019,45200,363600,408800
60802115548,2019,20500,125500,146000
60803106132,2019,96700,177400,274100
60801303285,2019,71400,145900,217300
71012215333,2019,17700,243000,260700
70833203022,2019,102400,225000,327400
70923163699,2019,44900,186800,231700
80924424916,2019,400,1600,2000
71004408178,2019,59600,166000,225600
71021222098,2019,61600,135700,197300
70932111134,2019,174000,368600,542600
71011207092,2019,37800,233900,271700
71002314161,2019,8100,0,8100
70914438829,2019,2200,22800,25000
70922434091,2019,69400,184300,253700
70826401013,2019,0,0,0
70828440134,2019,0,0,0
70927101223,2019,0,0,0
71019408048,2019,0,0,0
70823210392,2019,134500,213200,347700
71005411063,2019,56200,154600,210800
70921213016,2019,67300,377700,445000
71016113038,2019,54900,149900,204800
70923171064,2019,2100,1500,3600
70913309568,2019,69500,308200,377700
70922429092,2019,136300,365300,501600
70835309266,2019,97100,173800,270900
81033103095,2019,1082000,5188000,6270000
80925115994,2019,800,1200,2000
71015113104,2019,43800,167400,211200
70814430256,2019,19700,208900,228600
71005334166,2019,90400,213100,303500
60801102091,2019,74900,137800,212700
70923143146,2019,44900,225100,270000
80925124044,2019,12200,274500,286700
60802203054,2019,0,0,0
70923127273,2019,0,0,0
60802113089,2019,86400,199100,285500
70922338087,2019,183200,481000,664200
80926207021,2019,72300,225000,297300
70930411221,2019,75600,230900,306500
70828441140,2019,0,0,0
70924219128,2019,0,25000,25000
70920220658,2019,0,8300,8300
70836120041,2019,125300,363900,489200
70913213313,2019,91000,65100,156100
81021109211,2019,62100,235200,297300
71010308122,2019,53600,128400,182000
81016301054,2019,175000,520000,695000
71023301014,2019,336000,714000,1050000
81030101993,2019,0,1228000,1228000
70823415033,2019,64100,221300,285400
80936201170,2019,62900,134200,197100
70921409128,2019,200500,554500,755000
70833203163,2019,102400,198900,301300
70931411410,2019,75300,150900,226200
80925110316,2019,62300,141500,203800
70914401016,2019,0,0,0
60804105232,2019,111200,300800,412000
70828117056,2019,84700,196600,281300
81028113124,2019,55600,241800,297400
70923170412,2019,1900,300,2200
60904101221,2019,82000,260000,342000
70829111164,2019,0,0,0
71004301140,2019,62200,131700,193900
70918216015,2019,52300,0,52300
70835120117,2019,16100,53200,69300
70921406124,2019,198800,299500,498300
81031212228,2019,39200,206700,245900
70936311178,2019,60200,162600,222800
80936107071,2019,13800,94300,108100
60903214116,2019,17300,73600,90900
80924438165,2019,13300,236200,249500
70814203116,2019,110500,262100,372600
70823405167,2019,60300,227300,287600
70923156834,2019,5000,10000,15000
70930405026,2019,69000,170500,239500
71006204251,2019,46700,137100,183800
71011206052,2019,47400,243000,290400
81033205031,2019,44600,157500,202100
70834214028,2019,40800,466500,507300
60811112329,2019,91800,168200,260000
70921210153,2019,71900,220800,292700
70922116037,2019,732000,1148000,1880000
70814425041,2019,91500,227600,319100
70816310159,2019,195000,459200,654200
70836207477,2019,43400,125600,169000
71019411067,2019,9000,67200,76200
70919411094,2019,113300,254000,367300
60812114233,2019,74600,181800,256400
71007223036,2019,93000,314200,407200
70913401017,2019,86700,174600,261300
70829410079,2019,15900,0,15900
70929124629,2019,0,10000,10000
71034104449,2019,70600,168800,239400
70928117188,2019,105300,319500,424800
70931412179,2019,88400,183700,272100
70836408041,2019,61000,160600,221600
70824105055,2019,124300,314500,438800
70923167782,2019,6500,18500,25000
71006127205,2019,37000,253000,290000
80925111231,2019,56500,135200,191700
71001107096,2019,100,0,100
70921122035,2019,122300,272700,395000
70923137024,2019,93600,45500,139100
70826401039,2019,2420000,913000,3333000
71003213213,2019,53100,182000,235100
71002107582,2019,9500,152600,162100
71005341111,2019,109100,290500,399600
70920104331,2019,89000,346000,435000
70923156298,2019,3300,11700,15000
71007309084,2019,91100,161800,252900
60802311021,2019,96900,268800,365700
70918415360,2019,10500,120800,131300
70814421122,2019,15200,181600,196800
80925205216,2019,55700,122800,178500
70834427093,2019,21500,130500,152000
70922410174,2019,149400,396600,546000
60812103187,2019,98600,183600,282200
71010303031,2019,53600,137800,191400
70920410407,2019,127600,255200,382800
71001405060,2019,60000,178200,238200
70816410032,2019,189200,402000,591200
71016116090,2019,62900,167800,230700
70926207288,2019,80000,212200,292200
70920219883,2019,0,0,0
70920216144,2019,13400,378100,391500
71015116314,2019,53100,207600,260700
71014203138,2019,55400,165400,220800
70920405276,2019,126600,153900,280500
60812122020,2019,78400,225700,304100
71003206193,2019,54300,181200,235500
71006446241,2019,3000,35000,38000
60801117157,2019,66100,150300,216400
70923412145,2019,1700,16300,18000
81026364018,2019,4000,0,4000
71021107141,2019,61000,154000,215000
60812109036,2019,76900,185200,262100
71020305100,2019,79100,120000,199100
60812210106,2019,132000,533000,665000
70913432020,2019,27200,272800,300000
70919307110,2019,114700,188300,303000
70929111105,2019,100400,114700,215100
71016201213,2019,62400,130400,192800
71010216036,2019,18000,57000,75000
70928109333,2019,108200,260700,368900
70918226147,2019,23300,98100,121400
81032404030,2019,43700,110400,154100
70913112010,2019,80200,189100,269300
70918220157,2019,108300,166500,274800
60811407150,2019,77300,227700,305000
60812407365,2019,80000,201800,281800
70921202126,2019,0,0,0
71014105079,2019,110000,430000,540000
71007242052,2019,13600,301700,315300
80925309076,2019,62800,109700,172500
70919110232,2019,168500,154000,322500
70920220640,2019,0,6700,6700
70932416047,2019,95000,205000,300000
70914407098,2019,287000,935000,1222000
70923170678,2019,2300,300,2600
70913423128,2019,104200,407200,511400
70929222209,2019,100600,304000,404600
70922227066,2019,211600,682600,894200
60801305281,2019,73700,147600,221300
70923147221,2019,8000,7000,15000
70901113161,2019,22400,110100,132500
70814201178,2019,109900,238100,348000
70921221340,2019,136100,359300,495400
70922313047,2019,117600,296600,414200
70920219429,2019,0,0,0
70835112130,2019,136300,248300,384600
70932208072,2019,14200,133000,147200
70919413082,2019,113200,212800,326000
71016417026,2019,63700,149900,213600
70918408018,2019,223300,146600,369900
70919206114,2019,89000,129900,218900
70931306223,2019,99000,129200,228200
71003417154,2019,48700,175100,223800
70922110013,2019,0,0,0
70824106136,2019,124700,394400,519100
70821114421,2019,17300,248500,265800
81021308087,2019,10000,99100,109100
70933408035,2019,49500,194500,244000
70923168053,2019,6500,18500,25000
70813320135,2019,14600,107300,121900
71005105103,2019,39500,107900,147400
70923112307,2019,1214000,2992000,4206000
70923123247,2019,59000,234300,293300
70922404169,2019,127800,168800,296600
71010411074,2019,50900,158400,209300
71003417203,2019,50600,168100,218700
60802402193,2019,67300,179500,246800
70923164043,2019,44900,280000,324900
71021108206,2019,63600,143400,207000
81035112086,2019,100,0,100
70918303218,2019,80200,118000,198200
60812114093,2019,74600,169700,244300
71005226115,2019,38400,195400,233800
70813304048,2019,79600,231500,311100
70921403237,2019,142900,313300,456200
70929410127,2019,86700,224000,310700
71011210011,2019,9200,0,9200
81032403214,2019,40400,152100,192500
70814102087,2019,106300,272200,378500
71009104200,2019,54100,137000,191100
70923202041,2019,323000,2935000,3258000
70920115122,2019,70000,345000,415000
70918101042,2019,611700,345700,957400
60803106182,2019,96700,194800,291500
70923316107,2019,60200,281500,341700
70833402161,2019,129900,441800,571700
70913202308,2019,107800,214200,322000
70919221104,2019,101300,233400,334700
70932424090,2019,51000,90800,141800
70912407355,2019,105400,264700,370100
70913414268,2019,92400,393600,486000
70914407163,2019,142300,155800,298100
81028100882,2019,54600,135400,190000
70924220125,2019,0,10000,10000
81031224207,2019,47400,115900,163300
70835309191,2019,85300,194800,280100
60903206212,2019,81400,188600,270000
70829108301,2019,93300,400700,494000
81032423147,2019,31600,122600,154200
60906101013,2019,60300,154700,215000
70913346643,2019,182200,1029400,1211600
71009306012,2019,66900,128600,195500
70835304141,2019,78200,196400,274600
70930103068,2019,73800,251200,325000
71002313080,2019,10700,0,10700
80924438040,2019,10300,179400,189700
70820104118,2019,100,0,100
81030205191,2019,48000,130300,178300
60812313645,2019,33100,228200,261300
70918320254,2019,20500,104500,125000
71005311049,2019,62400,152500,214900
70923179167,2019,65500,0,65500
81030302088,2019,68300,175000,243300
70813111154,2019,306400,539900,846300
71007243381,2019,0,15000,15000
70816317064,2019,153500,589100,742600
70835123210,2019,6500,69900,76400
81031412159,2019,39600,159200,198800
70824110088,2019,173900,371500,545400
81034206096,2019,68700,146100,214800
71006429081,2019,109100,294800,403900
70928119035,2019,66900,318300,385200
70919214141,2019,88400,177200,265600
81032410102,2019,56900,113100,170000
70923119048,2019,116000,276000,392000
70834409041,2019,125000,475000,600000
70927201031,2019,0,0,0
71015114277,2019,47100,142900,190000
70921408097,2019,142900,314600,457500
71016206065,2019,71600,168300,239900
60811105051,2019,0,0,0
81021308061,2019,10000,132000,142000
71011222090,2019,18500,167100,185600
70932207040,2019,16600,109900,126500
70913210187,2019,80800,153900,234700
70929116064,2019,117700,230200,347900
60801207221,2019,70000,204500,274500
81031412042,2019,20900,137600,158500
70913346057,2019,72100,286700,358800
70835123244,2019,6500,69900,76400
71012207059,2019,62000,164000,226000
70921120055,2019,136100,601000,737100
70914411156,2019,452000,575000,1027000
80924412945,2019,400,1600,2000
80925120919,2019,800,1200,2000
70919205059,2019,89000,142400,231400
80924419066,2019,9600,168900,178500
70913354084,2019,0,15000,15000
70930411172,2019,75600,289300,364900
70930414176,2019,75600,266500,342100
71007302137,2019,67700,370200,437900
70926104111,2019,80000,153000,233000
70919226138,2019,101000,235900,336900
80925416243,2019,59400,172300,231700
71006434303,2019,22000,628000,650000
70931103108,2019,99800,189900,289700
70923133329,2019,191000,990000,1181000
70824204138,2019,125100,344100,469200
70913113068,2019,77000,170600,247600
71007309282,2019,96500,496500,593000
81016202088,2019,0,0,0
81031404180,2019,36500,158600,195100
60802422026,2019,21600,113500,135100
71010404326,2019,60200,190500,250700
80924441952,2019,400,1600,2000
71011112283,2019,57400,275900,333300
70932401212,2019,143300,445000,588300
70814423144,2019,101900,196500,298400
81015104110,2019,57400,177200,234600
71010207077,2019,53600,157900,211500
81028104199,2019,59000,160800,219800
60802313100,2019,98100,284800,382900
70926206165,2019,165000,780000,945000
70931413036,2019,81800,164500,246300
71003301175,2019,54100,173900,228000
70833407161,2019,44700,486600,531300
81028300888,2019,600000,1672000,2272000
60801301073,2019,69700,158300,228000
70922208016,2019,108900,465700,574600
71007101141,2019,109100,387000,496100
60812307200,2019,87700,243600,331300
71005316320,2019,63200,206800,270000
70926304068,2019,107000,247100,354100
70923154200,2019,0,7500,7500
71015107024,2019,61300,233000,294300
80924303128,2019,72700,319600,392300
70921416199,2019,0,0,0
70826406021,2019,67600,153500,221100
81019307166,2019,62400,172200,234600
70921220045,2019,128900,274100,403000
71011123123,2019,34100,240500,274600
70928117493,2019,105300,402700,508000
60801204087,2019,65000,182800,247800
70926111059,2019,81000,205700,286700
71014308102,2019,55400,182500,237900
70918302260,2019,74800,168500,243300
80936406019,2019,78800,187200,266000
70922225143,2019,167300,652000,819300
70929409071,2019,83700,237400,321100
71006129045,2019,53100,111200,164300
81034309197,2019,64600,154300,218900
71004408277,2019,62200,140300,202500
70923114270,2019,2239600,23130400,25370000
70932115029,2019,163600,306900,470500
71002441146,2019,100,0,100
71021213112,2019,62100,120700,182800
70923138064,2019,21100,204000,225100
71003101137,2019,57300,218000,275300
70826414214,2019,16100,104200,120300
60812405137,2019,75200,195200,270400
81033306029,2019,41400,137100,178500
70813320060,2019,14600,115400,130000
70932118057,2019,21800,102000,123800
71012210078,2019,62900,202000,264900
60905221036,2019,40500,159200,199700
70826419610,2019,0,4000,4000
70932409175,2019,78500,228500,307000
70813333104,2019,26300,241800,268100
70935115167,2019,49900,116100,166000
70930416049,2019,75600,283500,359100
71010311183,2019,59000,168700,227700
70936303042,2019,63700,144000,207700
60802306171,2019,19400,170000,189400
71012220085,2019,19300,158700,178000
70828409057,2019,0,0,0
70931302099,2019,149500,121300,270800
81034315029,2019,25000,97000,122000
81030302236,2019,394000,2494000,2888000
71001334102,2019,21000,157800,178800
71011120327,2019,35700,237800,273500
70822106112,2019,52100,162700,214800
70929416266,2019,72300,243000,315300
70923140431,2019,1500,13500,15000
70823309020,2019,0,0,0
71021211158,2019,64000,149500,213500
60812313413,2019,22900,191200,214100
70901113442,2019,12600,76800,89400
70820115173,2019,111500,0,111500
71003106228,2019,53100,178600,231700
71014215357,2019,7800,140900,148700
71016113088,2019,54900,97200,152100
80924445821,2019,400,1600,2000
70932415065,2019,53000,99400,152400
70919227061,2019,22500,181900,204400
70823118033,2019,12800,104200,117000
71011111079,2019,72400,204600,277000
70931307106,2019,99000,111900,210900
71009406119,2019,63300,122900,186200
81035103035,2019,124900,0,124900
70928117360,2019,105300,216200,321500
81034118035,2019,69300,176000,245300
70828107073,2019,95400,187300,282700
71016404073,2019,62300,121900,184200
71014216339,2019,7500,125900,133400
70823107309,2019,89400,292500,381900
70922414019,2019,66000,350000,416000
80926105077,2019,58800,121200,180000
70921417379,2019,151400,346800,498200
71015208111,2019,64600,161600,226200
70921315101,2019,109200,143200,252400
70922236091,2019,211600,545400,757000
71009206155,2019,0,0,0
70914436097,2019,87600,426600,514200
70922234011,2019,140800,233000,373800
81030204060,2019,48200,146600,194800
71034103467,2019,70100,199300,269400
70907301075,2019,145800,253700,399500
60812329238,2019,13400,155700,169100
70929403354,2019,96500,301400,397900
70829419089,2019,15100,0,15100
70923124071,2019,92500,237900,330400
70821103028,2019,118500,317500,436000
70923148071,2019,4200,800,5000
70935203186,2019,92200,238800,331000
71014306081,2019,59400,183400,242800
70835305040,2019,91400,214900,306300
70836224017,2019,27300,184700,212000
71003319053,2019,54000,208500,262500
70828116066,2019,81100,204600,285700
81033205289,2019,45600,146400,192000
60802102016,2019,68900,162600,231500
70829111289,2019,14000,0,14000
70929427114,2019,158800,347400,506200
81033308182,2019,6300,64900,71200
70836406128,2019,55100,148600,203700
70923161049,2019,8000,7000,15000
70919109144,2019,100100,161700,261800
70912433045,2019,9000,106000,115000
60811103477,2019,109400,298100,407500
70931208081,2019,86800,137200,224000
71007221080,2019,115900,303100,419000
60811303019,2019,84700,188000,272700
70929209190,2019,82200,251200,333400
70833211017,2019,105900,0,105900
71021212073,2019,62400,129700,192100
71010308065,2019,54800,149800,204600
71009223290,2019,0,0,0
70922111300,2019,189800,462600,652400
70922346337,2019,0,15000,15000
71027414053,2019,0,0,0
70919405120,2019,117300,223500,340800
70834301122,2019,170000,425500,595500
81032427032,2019,32300,114300,146600
70918412093,2019,117400,118800,236200
70836216478,2019,5500,95300,100800
70833107133,2019,101700,348400,450100
70824301190,2019,96200,187800,284000
60803104152,2019,103200,193600,296800
70918416079,2019,9500,33800,43300
70918220066,2019,86500,0,86500
81019306077,2019,60500,165900,226400
81028118794,2019,8700,60000,68700
70923211266,2019,61800,314500,376300
70918401286,2019,367700,226200,593900
70923152452,2019,35800,637700,673500
70836409073,2019,59700,167300,227000
71007112180,2019,93200,277200,370400
60803109061,2019,94000,213000,307000
71010206300,2019,57300,152500,209800
80924401261,2019,20700,209200,229900
71011205145,2019,36200,232200,268400
70935101190,2019,0,0,0
60812212102,2019,22400,182800,205200
70929124223,2019,0,10000,10000
81031419080,2019,38700,126300,165000
70922334035,2019,134800,253600,388400
70813320391,2019,14600,104100,118700
71004312171,2019,58500,158100,216600
71010312090,2019,51700,135500,187200
70826207031,2019,594000,981000,1575000
70918415500,2019,9500,33800,43300
71021207016,2019,58600,126500,185100
71005323185,2019,105800,275800,381600
80924412896,2019,400,1600,2000
70816314193,2019,125700,220800,346500
70836108112,2019,73600,198500,272100
70923215375,2019,0,0,0
71016410129,2019,61500,144100,205600
70924219657,2019,0,25000,25000
70922437269,2019,70500,275100,345600
60812405567,2019,93600,207600,301200
60802115572,2019,20500,121500,142000
70929402075,2019,99900,183500,283400
70918412150,2019,107600,118300,225900
71006204219,2019,51400,108900,160300
70913326231,2019,191000,167200,358200
70923162469,2019,8000,7000,15000
81032423139,2019,31800,135000,166800
70923202075,2019,363000,973000,1336000
70833408044,2019,44700,399500,444200
71011124072,2019,55700,254300,310000
71015114334,2019,49700,192900,242600
70914414019,2019,112400,578000,690400
80924428869,2019,400,1600,2000
70836202237,2019,76900,166100,243000
70912436015,2019,9000,99000,108000
71006112173,2019,30500,209500,240000
60803107263,2019,105900,328800,434700
81028108365,2019,57300,175000,232300
71022202130,2019,140500,214500,355000
70921203116,2019,70700,225400,296100
80936412181,2019,74900,130300,205200
70936307036,2019,64600,175400,240000
60812202195,2019,97500,173900,271400
70921308148,2019,105600,237000,342600
70931212264,2019,80000,0,80000
70913350230,2019,0,8000,8000
71003212299,2019,53100,190200,243300
80924443833,2019,400,1600,2000
70913224013,2019,196900,366000,562900
80925121074,2019,12200,276100,288300
60812330409,2019,0,5000,5000
71026202037,2019,1200,0,1200
70920216813,2019,10700,417000,427700
71021107175,2019,61000,147500,208500
70836310030,2019,14900,115100,130000
70922225101,2019,200900,379300,580200
71014306065,2019,65000,137100,202100
70932107183,2019,185500,334100,519600
71002314020,2019,10700,0,10700
60801305223,2019,73300,163500,236800
70929418056,2019,92800,263600,356400
71015104070,2019,61300,167900,229200
70921318030,2019,115400,170200,285600
70919105184,2019,105600,258500,364100
70929419054,2019,75800,282000,357800
70828120025,2019,0,0,0
80924446100,2019,139500,0,139500
60803115183,2019,4100,0,4100
71009403107,2019,63900,106800,170700
70836207360,2019,0,0,0
80925117982,2019,800,1200,2000
71034103483,2019,70100,204900,275000
70922428060,2019,93500,282900,376400
70935112072,2019,48500,163500,212000
81028112150,2019,57300,168200,225500
70930301084,2019,528000,262000,790000
70816322055,2019,17300,90400,107700
70815308353,2019,163900,405800,569700
70913349085,2019,34900,216000,250900
70920217085,2019,11800,380400,392200
81031216171,2019,38500,130700,169200
70826212098,2019,18800,181200,200000
70829102303,2019,109300,225900,335200
60812121402,2019,82000,186700,268700
70828301188,2019,100,0,100
70826401047,2019,913000,4021000,4934000
71027409038,2019,56500,184700,241200
70935207328,2019,40900,95600,136500
70912400995,2019,904000,16238800,17142800
70912449042,2019,9000,101400,110400
70833119104,2019,87900,243000,330900
71016411094,2019,61600,170400,232000
71034108128,2019,56400,185200,241600
70824306182,2019,90200,304300,394500
70920306292,2019,98700,194800,293500
71034109184,2019,57900,158300,216200
70923311016,2019,0,0,0
70931407188,2019,75600,119700,195300
70836213705,2019,11600,117400,129000
70929403289,2019,101400,276300,377700
71027100983,2019,222000,605200,827200
71005334033,2019,105300,204500,309800
70918321129,2019,0,2000,2000
71004302635,2019,50700,177800,228500
71014107207,2019,12300,195600,207900
70931212123,2019,74700,158400,233100
70923132371,2019,0,0,0
70820109275,2019,100,0,100
70928401010,2019,0,0,0
60803101372,2019,96700,155800,252500
81032310196,2019,36700,160700,197400
71011203016,2019,0,0,0
70936313017,2019,30700,87300,118000
81032101131,2019,356000,0,356000
71035115172,2019,64600,240000,304600
71003317031,2019,56200,185700,241900
70835320048,2019,0,0,0
60801208427,2019,51100,197900,249000
70921304071,2019,166700,348600,515300
60801417135,2019,16300,169300,185600
70920108309,2019,135000,227200,362200
70815404010,2019,2112000,7218000,9330000
70918319918,2019,20500,101800,122300
70918404074,2019,84400,346000,430400
70923147130,2019,8000,7000,15000
70826422027,2019,0,0,0
81031404106,2019,36700,142500,179200
70919214159,2019,86900,106700,193600
70828441108,2019,0,0,0
80924431945,2019,400,1600,2000
70929426041,2019,99100,333000,432100
60803105291,2019,101400,189600,291000
70921312157,2019,81000,326600,407600
70918319257,2019,20500,95600,116100
81034412164,2019,69000,173800,242800
71014106134,2019,12500,161300,173800
71021223111,2019,63500,130300,193800
70813328238,2019,119600,233200,352800
70913354159,2019,0,15000,15000
81034202309,2019,69400,226700,296100
70922226026,2019,291500,649100,940600
70824413135,2019,363000,1076000,1439000
81032302052,2019,35100,136700,171800
81026360347,2019,4900,0,4900
70917101126,2019,57000,328000,385000
71007105151,2019,78200,209600,287800
70913312248,2019,0,0,0
80926306196,2019,64100,226800,290900
70936406010,2019,65000,143200,208200
70913124164,2019,94000,278000,372000
70828305049,2019,64900,269500,334400
81014303359,2019,11300,0,11300
70835305107,2019,81600,184200,265800
81034203034,2019,66300,149400,215700
71006309069,2019,69200,155600,224800
70822109116,2019,51000,160000,211000
60811422075,2019,80300,205000,285300
70920409195,2019,127600,215400,343000
71015118146,2019,49800,188100,237900
70922305044,2019,141600,265900,407500
70823118314,2019,12800,87300,100100
80925104343,2019,64700,158000,222700
70932115144,2019,188500,440100,628600
70928104078,2019,69000,313600,382600
60801120027,2019,72500,155500,228000
81031214167,2019,38100,143800,181900
71015119384,2019,46900,211400,258300
80925201199,2019,55700,123800,179500
71007215257,2019,83500,219200,302700
81019301035,2019,60400,168200,228600
70923223071,2019,350000,510200,860200
70920420430,2019,155300,134400,289700
70923160215,2019,8000,7000,15000
80936411018,2019,70300,143600,213900
81032414138,2019,44600,116100,160700
80925113815,2019,800,1200,2000
71035123026,2019,54300,241200,295500
60801234365,2019,15000,133000,148000
71009312118,2019,72000,199700,271700
81034105107,2019,70600,0,70600
71014215472,2019,7800,90200,98000
71008102015,2019,42800,219400,262200
70931405075,2019,100200,220500,320700
81034206054,2019,68100,203600,271700
71006309168,2019,87500,225500,313000
70914406066,2019,165000,500000,665000
70931406114,2019,115800,145200,261000
70918319679,2019,20500,111200,131700
81030212071,2019,45600,145600,191200
60812329212,2019,13400,157600,171000
60811433064,2019,82900,195300,278200
70913345132,2019,96000,173800,269800
60801419321,2019,16600,188000,204600
60811402150,2019,79300,201500,280800
71010303057,2019,63000,130200,193200
70935102122,2019,49300,60700,110000
80924431705,2019,400,1600,2000
70918201058,2019,577400,662500,1239900
70920403246,2019,133500,98400,231900
71016201271,2019,104400,162000,266400
70929203085,2019,72700,171100,243800
70919407118,2019,89700,201800,291500
71008108154,2019,45000,385000,430000
70923149285,2019,7300,14700,22000
81026423153,2019,100,0,100
81030307301,2019,59800,152300,212100
71010103259,2019,0,0,0
70826412713,2019,10000,75400,85400
71005227113,2019,48500,102800,151300
60811415369,2019,85100,208200,293300
70918201173,2019,154200,366400,520600
60802115168,2019,20500,123000,143500
70813328105,2019,154600,330200,484800
70835206107,2019,90200,299100,389300
70929420051,2019,153800,466900,620700
70834409059,2019,0,0,0
70928117203,2019,105300,274900,380200
70816317098,2019,153500,524500,678000
70814415042,2019,88800,222300,311100
60804102048,2019,88700,306400,395100
71007304092,2019,96100,353900,450000
70826416195,2019,21500,105200,126700
70824411163,2019,0,0,0
70936401044,2019,63700,127100,190800
80936108029,2019,13800,93100,106900
81026355398,2019,22500,33800,56300
70927107297,2019,28000,115400,143400
70929109085,2019,89900,248500,338400
70913323261,2019,156600,208700,365300
81032401036,2019,11600,44800,56400
81031412191,2019,39600,114100,153700
60905216011,2019,106000,351000,457000
70923140845,2019,1500,13500,15000
70929416167,2019,94800,239800,334600
70921213115,2019,67300,187800,255100
70822403021,2019,330000,2274000,2604000
70912404161,2019,100400,295000,395400
70923133014,2019,88700,224600,313300
70826417036,2019,21500,118500,140000
81023310064,2019,35600,114600,150200
71035207044,2019,43900,218600,262500
70913340067,2019,40000,198100,238100
60801115078,2019,60100,148200,208300
71016401128,2019,69000,261000,330000
71002306100,2019,10400,0,10400
71015302210,2019,152500,423500,576000
70930407056,2019,79300,199300,278600
70927202980,2019,0,0,0
60906203215,2019,0,0,0
71015111132,2019,43600,155100,198700
70933402037,2019,80300,93200,173500
70923160281,2019,8000,7000,15000
71009106040,2019,132500,679200,811700
70929205023,2019,90000,300000,390000
70921310010,2019,82100,136300,218400
71005225224,2019,41300,169200,210500
71014306239,2019,57100,180600,237700
70816316131,2019,205000,627000,832000
80936115082,2019,14900,107600,122500
70836213531,2019,11600,121500,133100
60802302426,2019,103300,271200,374500
70913123108,2019,0,0,0
71005407062,2019,43400,134700,178100
70923173614,2019,3300,5900,9200
81033300956,2019,0,0,0
81028404094,2019,146500,634500,781000
70835318184,2019,62000,202900,264900
81015105233,2019,60600,194100,254700
70913354315,2019,0,15000,15000
70924219748,2019,0,25000,25000
70923318236,2019,61000,341000,402000
70828440093,2019,0,0,0
70927107396,2019,21800,137600,159400
80925306436,2019,53400,122500,175900
70913314012,2019,0,0,0
70913106310,2019,99400,38400,137800
71005303012,2019,38500,105600,144100
81032424020,2019,31800,108300,140100
70923165132,2019,32000,172900,204900
60812202054,2019,81200,188500,269700
70836213333,2019,11600,114200,125800
70921419284,2019,80700,222200,302900
70920203042,2019,0,0,0
71007221113,2019,116100,347100,463200
70926402028,2019,81600,209600,291200
70813106139,2019,98300,159600,257900
71005204252,2019,113700,60500,174200
70914439489,2019,1000,5100,6100
81027203075,2019,485000,2395000,2880000
70935111115,2019,50800,136500,187300
71015208228,2019,70800,266000,336800
70932109080,2019,216600,177500,394100
71012214111,2019,19400,220100,239500
60801210109,2019,64300,150900,215200
71035123042,2019,54300,205100,259400
70923130052,2019,92400,168000,260400
60801119228,2019,66700,173800,240500
60801120043,2019,75000,129200,204200
71014203443,2019,58700,168100,226800
70922341048,2019,201700,513800,715500
71005231396,2019,48500,114900,163400
71003316132,2019,57300,199000,256300
70923173185,2019,3300,11700,15000
60804107056,2019,76300,294800,371100
80936103079,2019,13800,106600,120400
60802310106,2019,98400,257300,355700
70926403026,2019,56300,184800,241100
71003105056,2019,0,0,0
80926308085,2019,67300,274400,341700
70826414107,2019,16100,101800,117900
81015108253,2019,0,0,0
70834309051,2019,26500,0,26500
70924219368,2019,0,25000,25000
71003303113,2019,51700,175500,227200
70936312043,2019,29000,103900,132900
71010301043,2019,55400,142500,197900
71004405017,2019,49500,150000,199500
70929123837,2019,0,1000,1000
70921114066,2019,124400,305500,429900
71003106111,2019,53100,180500,233600
80925211065,2019,55800,117500,173300
60803104194,2019,103200,223300,326500
70923167196,2019,3400,13800,17200
71011204022,2019,43300,204200,247500
60801210175,2019,64800,197400,262200
70814404053,2019,87100,190700,277800
71016114094,2019,54900,121700,176600
70928304032,2019,187900,226400,414300
81031415012,2019,37600,172400,210000
60801304176,2019,69300,160100,229400
71001336083,2019,28600,208200,236800
70912420050,2019,9000,98600,107600
80926111074,2019,58600,144400,203000
70919105259,2019,100900,352500,453400
81031204168,2019,39800,118900,158700
71035204181,2019,64000,219100,283100
70932203072,2019,145000,243900,388900
60801206140,2019,70000,218000,288000
70920416273,2019,122500,79400,201900
70931312113,2019,75900,174800,250700
81019302207,2019,59800,161100,220900
70929222077,2019,99000,300600,399600
71006107174,2019,54100,150700,204800
70814421180,2019,15200,207400,222600
80924440681,2019,400,1600,2000
70816305233,2019,127100,280400,407500
70834103023,2019,113400,31100,144500
70901103047,2019,51000,137900,188900
70923125186,2019,160600,205500,366100
70913350107,2019,0,8000,8000
81019305227,2019,57200,164700,221900
70828121015,2019,85500,170400,255900
80926110141,2019,51300,127100,178400
70913209081,2019,83800,228500,312300
71003214013,2019,54300,193400,247700
60812328537,2019,0,1000,1000
70824304144,2019,107500,199700,307200
70913102061,2019,25000,294000,319000
60812121072,2019,77600,221600,299200
81030303119,2019,58000,165300,223300
60802303052,2019,121700,175800,297500
60904107146,2019,89900,185100,275000
70935206023,2019,42100,97200,139300
70921312149,2019,81000,378000,459000
71012208099,2019,60500,191500,252000
81030317293,2019,56000,144100,200100
80924426912,2019,400,1600,2000
70923170058,2019,3600,900,4500
70824208164,2019,151300,285200,436500
70836117197,2019,68700,159300,228000
70826317012,2019,2100000,16940000,19040000
70913203207,2019,85600,257400,343000
70920410241,2019,115100,149000,264100
70921421023,2019,129200,319400,448600
70833403151,2019,216500,370500,587000
71004316090,2019,64600,161400,226000
70835203343,2019,108900,339100,448000
60802304175,2019,97500,240500,338000
71015110077,2019,48800,165700,214500
60812213019,2019,22400,176900,199300
70931104081,2019,195500,69600,265100
70826408192,2019,69100,162100,231200
80924428926,2019,400,1600,2000
71010107110,2019,57500,206200,263700
70913309112,2019,81600,124700,206300
60802307070,2019,19400,143200,162600
70836419098,2019,65600,143300,208900
81032423056,2019,32200,143200,175400
71009214364,2019,50700,132300,183000
70934309307,2019,15700,103700,119400
70913354399,2019,0,2500,2500
60906205196,2019,59800,161600,221400
70923152262,2019,34100,548400,582500
71007114186,2019,96800,414400,511200
71015117114,2019,52000,227800,279800
70923174133,2019,3300,11700,15000
71006423207,2019,55300,195800,251100
70822414797,2019,15800,127200,143000
70821402032,2019,116400,319700,436100
81031416101,2019,27100,139900,167000
70918321814,2019,0,2000,2000
70834305025,2019,132000,397800,529800
80925205076,2019,60100,153400,213500
71003313279,2019,49100,152900,202000
71014214474,2019,8100,123200,131300
70935205116,2019,40900,91600,132500
71030202114,2019,291400,667800,959200
80936413064,2019,74900,142100,217000
70816305093,2019,132500,395000,527500
70826408209,2019,74400,148600,223000
71006432125,2019,109100,203400,312500
71027412031,2019,0,0,0
81034408254,2019,67500,200300,267800
60812114069,2019,74600,185200,259800
71010308099,2019,54800,176400,231200
70835202155,2019,108300,258300,366600
81028103018,2019,58600,139900,198500
70923148013,2019,4200,800,5000
81031300958,2019,245800,5900,251700
60801101085,2019,62300,169900,232200
60906208025,2019,59800,153700,213500
71003408088,2019,54100,208600,262700
60802307955,2019,0,5000,5000
70923225126,2019,0,0,0
70826412929,2019,10000,77100,87100
71021111093,2019,62400,145000,207400
71009218150,2019,45900,127000,172900
70835318077,2019,98700,308200,406900
70919222152,2019,101300,208500,309800
70923147304,2019,8000,7000,15000
70913346122,2019,69900,262800,332700
70923161536,2019,8000,7000,15000
71004302271,2019,49200,185600,234800
80925210257,2019,55200,179900,235100
71015302228,2019,107000,26000,133000
71009408181,2019,74500,153400,227900
70929415060,2019,82000,228000,310000
71010204148,2019,53800,198800,252600
70826201075,2019,497000,712000,1209000
71010207431,2019,55200,141300,196500
80925410261,2019,57200,148800,206000
71016208053,2019,68000,138100,206100
70814432020,2019,33100,188500,221600
71003205236,2019,53100,126100,179200
70816316082,2019,170200,471500,641700
81028119388,2019,0,0,0
60811411086,2019,76100,196600,272700
70823409135,2019,50000,200100,250100
70835120050,2019,16100,52200,68300
70836405625,2019,58700,143000,201700
70922439322,2019,122500,318200,440700
70921301217,2019,111100,225100,336200
70822414127,2019,17400,136600,154000
70814104033,2019,95800,250200,346000
70834428108,2019,20300,163700,184000
70919304033,2019,115200,243100,358300
81032412108,2019,0,0,0
70919104128,2019,97700,206500,304200
60801206166,2019,0,0,0
80924425972,2019,400,1600,2000
60801203245,2019,66100,195000,261100
81031226039,2019,48900,108800,157700
71027204024,2019,721600,4768400,5490000
70836223035,2019,14500,100400,114900
71003212041,2019,53100,169500,222600
71007203137,2019,87500,230700,318200
70834214739,2019,39200,0,39200
71027406018,2019,69200,165300,234500
71011219112,2019,344000,6144000,6488000
81021413084,2019,55600,146400,202000
71006429065,2019,108000,378700,486700
71009320129,2019,68700,123000,191700
70913327271,2019,74000,602000,676000
70833205763,2019,26400,291500,317900
70929311028,2019,0,0,0
71003316017,2019,55300,207900,263200
70913402221,2019,96100,369900,466000
81031419098,2019,38400,171000,209400
70833410180,2019,44700,433700,478400
70828117072,2019,85500,206500,292000
70919410319,2019,109300,358500,467800
70926301105,2019,197000,1000,198000
81032308050,2019,36500,144800,181300
70935205075,2019,39600,99900,139500
70935307053,2019,4900,51800,56700
80924407102,2019,8300,134800,143100
70931201027,2019,75300,122500,197800
70815310126,2019,18900,211100,230000
80924429023,2019,13300,203000,216300
70913418020,2019,0,0,0
70913124148,2019,114000,137600,251600
80936403255,2019,68300,192300,260600
70932418019,2019,54700,139500,194200
70918408092,2019,168700,316300,485000
71014204136,2019,54100,176100,230200
71012211042,2019,59100,198700,257800
70834428223,2019,20300,177300,197600
70816306249,2019,197600,582400,780000
71015302103,2019,196000,659100,855100
60801210026,2019,64700,158900,223600
80936413048,2019,73400,133000,206400
80924432050,2019,12700,220400,233100
81028102143,2019,57400,182600,240000
70932424016,2019,48600,100800,149400
80936110040,2019,14900,105700,120600
70913349457,2019,42000,243800,285800
70814426164,2019,88200,297000,385200
71002406314,2019,37900,222600,260500
70824110020,2019,196500,490000,686500
71014302071,2019,59000,188700,247700
81030403076,2019,0,0,0
70921312173,2019,78300,271900,350200
70816304095,2019,169200,483700,652900
60803107180,2019,133100,369800,502900
70920217572,2019,400,14600,15000
70836316020,2019,39400,140000,179400
70913350412,2019,0,15000,15000
71004408061,2019,70100,114700,184800
70824411056,2019,100800,233000,333800
71004408128,2019,60600,162400,223000
70913350511,2019,0,15000,15000
60812325294,2019,17100,106700,123800
71006211214,2019,107600,141700,249300
71003108050,2019,54300,187000,241300
71006123154,2019,53400,188000,241400
71002442011,2019,100,0,100
71006128576,2019,59200,156000,215200
70922117168,2019,0,0,0
70813402066,2019,311800,583600,895400
70821114330,2019,61300,213600,274900
70922432087,2019,90000,370800,460800
70835120141,2019,16100,67900,84000
71001306044,2019,0,0,0
71035207250,2019,43900,201900,245800
70914418087,2019,264000,1758000,2022000
80926203110,2019,67800,206000,273800
81021109112,2019,76000,321200,397200
70814423186,2019,96700,225400,322100
60802305537,2019,13800,198700,212500
71014203089,2019,54300,190500,244800
70936410011,2019,60200,154800,215000
71009213134,2019,51900,162400,214300
81015103071,2019,62800,182800,245600
60905222076,2019,67500,154300,221800
71005316263,2019,63200,241800,305000
70923159242,2019,8000,7000,15000
80925124854,2019,800,1200,2000
70935307409,2019,4900,55100,60000
80935105159,2019,67100,247800,314900
71004306124,2019,49200,160400,209600
71005414017,2019,0,0,0
70921413054,2019,137600,349200,486800
70914405084,2019,61100,198800,259900
70928109169,2019,108400,306500,414900
81023304322,2019,35600,145400,181000
71007220272,2019,126400,282500,408900
70814202100,2019,98600,246600,345200
70823406389,2019,60300,238300,298600
71006420063,2019,53200,235700,288900
71006110408,2019,66000,154000,220000
71007116281,2019,84100,153000,237100
70934402086,2019,154000,345000,499000
80924400635,2019,0,0,0
71016404031,2019,61700,135300,197000
70836310949,2019,0,2000,2000
81032308076,2019,36700,118300,155000
70901103097,2019,71000,119200,190200
70826416202,2019,18400,84700,103100
70826202073,2019,660000,213000,873000
70919113111,2019,98700,241600,340300
81034106543,2019,61300,207400,268700
71004403087,2019,88000,297000,385000
71034104522,2019,70100,211200,281300
70823307032,2019,82300,236800,319100
71014301049,2019,57000,207700,264700
81031401087,2019,33900,157500,191400
70922313112,2019,108900,344200,453100
71005415081,2019,60600,117500,178100
60801419157,2019,16600,198400,215000
70913406017,2019,79800,184800,264600
71006430012,2019,104100,226300,330400
70922219097,2019,233100,436800,669900
80925303276,2019,69700,143000,212700
71008105085,2019,38400,173100,211500
70823304228,2019,78100,174800,252900
70816405017,2019,165400,379600,545000
60811113129,2019,106200,236300,342500
70929216145,2019,87900,248600,336500
80925307145,2019,66000,81300,147300
70931415355,2019,68100,139000,207100
70823406058,2019,48300,192400,240700
70921401083,2019,122800,313800,436600
70923411535,2019,31100,283900,315000
70833205721,2019,26400,345900,372300
80925402119,2019,55200,128700,183900
70922221125,2019,167300,296800,464100
71027201997,2019,0,0,0
60812325111,2019,17100,100100,117200
71016105118,2019,61000,117000,178000
70835122395,2019,6500,76100,82600
71012212032,2019,63400,186700,250100
71030204037,2019,98200,98300,196500
70920216714,2019,10300,326400,336700
71014107017,2019,12300,161500,173800
70920104208,2019,0,0,0
60812214231,2019,19100,204800,223900
70932417160,2019,53000,128500,181500
70932306058,2019,89400,111600,201000
70835206181,2019,95300,300700,396000
71012223021,2019,242400,0,242400
70917101291,2019,51500,241300,292800
80925214027,2019,56500,129200,185700
71003214146,2019,53100,141000,194100
71016419064,2019,0,0,0
70923156363,2019,5000,10000,15000
60812118194,2019,20500,162600,183100
60801120019,2019,78600,134900,213500
70919406095,2019,107400,191000,298400
71004315282,2019,58500,164800,223300
60903203101,2019,0,0,0
71006446332,2019,3000,35000,38000
71007215356,2019,121900,223100,345000
70814206037,2019,90900,381500,472400
70913117086,2019,97000,636000,733000
70923165463,2019,51300,202700,254000
70836202196,2019,80000,227800,307800
60905214122,2019,5600,58200,63800
71035207549,2019,43900,219200,263100
71014213103,2019,55100,167600,222700
81034118100,2019,67400,253000,320400
71006108164,2019,70400,157200,227600
71035204149,2019,64000,219800,283800
70926228010,2019,323500,36090500,36414000
70923402047,2019,116000,430200,546200
71011114164,2019,65800,255600,321400
70929211111,2019,93500,191700,285200
70822116054,2019,29600,333400,363000
70822414945,2019,15700,127300,143000
71006132139,2019,61400,83600,145000
70928225072,2019,108400,216000,324400
80926306071,2019,66300,193300,259600
81034120064,2019,25000,130000,155000
81023306097,2019,35600,91400,127000
70928113037,2019,124500,200500,325000
80924408952,2019,400,1600,2000
70822105172,2019,58000,176000,234000
71001316069,2019,64400,203200,267600
70930407121,2019,82500,197400,279900
70920402032,2019,141700,164300,306000
60811204134,2019,106700,260900,367600
70920405226,2019,126600,248900,375500
70923314127,2019,145900,320600,466500
70823304038,2019,74000,178800,252800
71011301159,2019,61200,143400,204600
71009403256,2019,64200,121800,186000
70834202065,2019,98800,256200,355000
70918226139,2019,23300,103700,127000
70823402072,2019,45600,269400,315000
71006417341,2019,55300,257400,312700
60812109052,2019,76900,209000,285900
70921301093,2019,90200,265900,356100
70921417337,2019,202400,356300,558700
70923132016,2019,77400,218000,295400
70821114190,2019,61300,250700,312000
81033201237,2019,43500,118000,161500
70924220084,2019,0,10000,10000
60801222104,2019,22300,121700,144000
70813326216,2019,128700,255300,384000
80924418787,2019,400,1600,2000
70932410156,2019,74000,236900,310900
70926117023,2019,177400,320200,497600
71001323072,2019,0,0,0
70913109017,2019,85300,172800,258100
70835107298,2019,192800,475400,668200
71006402079,2019,42000,263000,305000
71006439098,2019,12600,319600,332200
60801410105,2019,74800,186200,261000
60801222063,2019,22300,114100,136400
70836105332,2019,0,0,0
81028113223,2019,73600,215100,288700
71001104068,2019,68100,251900,320000
70913106211,2019,87300,151200,238500
80936208126,2019,58700,185500,244200
70833302163,2019,216500,395100,611600
70928208036,2019,100900,224100,325000
70823406305,2019,72800,303000,375800
71027106030,2019,0,0,0
80924444998,2019,400,1600,2000
70918317996,2019,0,0,0
71019405078,2019,77100,101600,178700
70926118120,2019,80000,247800,327800
70822101055,2019,748000,2481000,3229000
80925203012,2019,0,0,0
71002438044,2019,43100,280800,323900
70824407237,2019,103700,217400,321100
71003312081,2019,49100,142200,191300
70829413122,2019,13200,0,13200
71014106233,2019,12500,182400,194900
60812202129,2019,85700,189900,275600
80924427754,2019,400,1600,2000
70923156868,2019,5000,10000,15000
81026206012,2019,0,0,0
71005413324,2019,47400,126600,174000
60801224100,2019,15900,189100,205000
81026426032,2019,700,0,700
81028118562,2019,8700,64100,72800
81030314025,2019,58700,145300,204000
70912410085,2019,678500,269300,947800
71009318231,2019,68800,188500,257300
71001313065,2019,76000,313000,389000
70913210228,2019,82000,165100,247100
71001402066,2019,0,0,0
70926401088,2019,79800,190700,270500
60811439393,2019,20000,185200,205200
70813106080,2019,100500,183400,283900
70814302108,2019,127600,287700,415300
70920412073,2019,134200,191200,325400
60802311089,2019,95400,286000,381400
70922303030,2019,118200,203100,321300
71001206020,2019,400,0,400
71014306271,2019,57000,148700,205700
70923156628,2019,5000,10000,15000
80924436044,2019,10300,198700,209000
70923147429,2019,8000,7000,15000
80926104194,2019,54500,122800,177300
70930406115,2019,77200,210000,287200
70814308099,2019,0,0,0
70835113097,2019,129700,316000,445700
70913301019,2019,0,0,0
70823209080,2019,132000,359700,491700
81032408248,2019,24200,173500,197700
70923179232,2019,65500,0,65500
60812103038,2019,90200,152700,242900
70918312053,2019,147600,201100,348700
60811407043,2019,77200,224800,302000
71006303243,2019,69200,172900,242100
70928103012,2019,106000,277600,383600
81032308125,2019,44900,215000,259900
60801105152,2019,66100,155100,221200
71015104038,2019,61300,145200,206500
70836405120,2019,55100,173900,229000
71016412084,2019,61600,139200,200800
70929202029,2019,95700,142400,238100
70834415212,2019,24000,177600,201600
71014216199,2019,7500,139500,147000
81021306049,2019,53400,239900,293300
70828310048,2019,76000,0,76000
70826417664,2019,18400,87000,105400
71015204309,2019,83000,219800,302800
80925408216,2019,59900,155100,215000
71002301019,2019,902000,7740000,8642000
71015102157,2019,56500,146500,203000
80924423017,2019,8600,166800,175400
81034106361,2019,57500,157900,215400
71027409137,2019,76100,178900,255000
70926223010,2019,23000,189000,212000
70912102046,2019,146200,0,146200
70823404309,2019,48100,186800,234900
71011118140,2019,30500,229200,259700
81034102070,2019,67900,148500,216400
70920123018,2019,15200,120200,135400
71005330156,2019,133900,164300,298200
71015208070,2019,74300,181500,255800
60811402332,2019,78000,213500,291500
70922442052,2019,24200,264800,289000
80924440920,2019,400,1600,2000
81026422139,2019,100,0,100
70814426130,2019,0,0,0
70823109107,2019,20700,139200,159900
70814301134,2019,0,0,0
71011302157,2019,63900,191400,255300
70932107133,2019,105500,320400,425900
70918219043,2019,128500,178600,307100
70914437144,2019,1100,5900,7000
81034120014,2019,25000,138000,163000
71005403218,2019,59100,165500,224600
71034110040,2019,14200,122700,136900
70918309018,2019,91700,185100,276800
70936407357,2019,58800,158900,217700
70835315180,2019,51900,408900,460800
71009320252,2019,66300,102200,168500
60802430029,2019,35000,128000,163000
60801205069,2019,66100,160800,226900
71006110242,2019,69200,220800,290000
70920117029,2019,153300,253800,407100
71016410111,2019,61900,139700,201600
70918220165,2019,132100,185600,317700
70913414317,2019,87200,372600,459800
71015213011,2019,701000,842300,1543300
71004200970,2019,0,0,0
70816321073,2019,64200,249500,313700
71007302210,2019,145300,281700,427000
70921401265,2019,55000,260000,315000
70928315013,2019,104300,300700,405000
71009102030,2019,365500,775500,1141000
70928301145,2019,111400,179200,290600
70922305060,2019,80100,292700,372800
70935202211,2019,66200,177800,244000
71005313128,2019,59000,406000,465000
70912427014,2019,9000,91300,100300
70928103187,2019,53000,2000,55000
70931410040,2019,100900,206800,307700
80924426706,2019,400,1600,2000
70928102262,2019,96200,284200,380400
70823305044,2019,78100,189300,267400
70923411270,2019,35200,361800,397000
70931307198,2019,101000,135000,236000
71010311357,2019,54600,128600,183200
71011405208,2019,104200,284200,388400
71021221040,2019,64200,155800,220000
60812121014,2019,79500,189500,269000
70813319039,2019,14300,102400,116700
71002418244,2019,86700,257500,344200
71003316067,2019,57300,184000,241300
70929107063,2019,80000,309300,389300
80925107016,2019,53600,121000,174600
71005225133,2019,54600,104800,159400
81031205075,2019,36300,119700,156000
71034107021,2019,65900,140900,206800
60801414090,2019,94200,229600,323800
80925107032,2019,53600,114200,167800
71035112144,2019,71200,315200,386400
71011108109,2019,30000,225600,255600
71006114153,2019,30200,167000,197200
70813309303,2019,97200,214800,312000
70816307031,2019,161400,457900,619300
70816321122,2019,64200,246200,310400
70919402051,2019,118800,269300,388100
70920218629,2019,300,14700,15000
60904113078,2019,90600,211900,302500
70926108212,2019,77000,223000,300000
71009226236,2019,62000,0,62000
60801116159,2019,63600,155100,218700
60802305181,2019,13800,228500,242300
60811404023,2019,84200,265800,350000
71027409020,2019,56500,192400,248900
60812323214,2019,28500,169100,197600
80924101168,2019,79500,263500,343000
71001309030,2019,59100,182600,241700
80936119076,2019,13800,94200,108000
71005104048,2019,0,0,0
70836413173,2019,74700,155000,229700
71030207073,2019,83900,156100,240000
70834422019,2019,25500,186500,212000
70935307532,2019,4900,55100,60000
70828425037,2019,0,0,0
81034406258,2019,64400,189500,253900
70826313101,2019,72800,262200,335000
71010113050,2019,48500,165300,213800
71009318215,2019,72300,113900,186200
60904102170,2019,83400,179800,263200
60801411393,2019,77100,191300,268400
70929104176,2019,118500,292500,411000
70929124413,2019,0,10000,10000
70824108083,2019,104100,328700,432800
70835124804,2019,500,1500,2000
70919417026,2019,26900,131100,158000
71006214010,2019,0,0,0
60801101069,2019,61000,139800,200800
71001325151,2019,24900,138300,163200
70923153723,2019,1300,23700,25000
80924401112,2019,20700,168800,189500
70823404268,2019,35700,159700,195400
70932424082,2019,46400,127900,174300
70929122053,2019,108000,187300,295300
70913202217,2019,96500,250900,347400
70835210017,2019,93700,185800,279500
70929306318,2019,85500,206600,292100
70923163334,2019,44900,125100,170000
70824310109,2019,14100,136700,150800
81032419089,2019,41500,109700,151200
71003410158,2019,48500,171500,220000
80925201024,2019,52500,140100,192600
70922433077,2019,35000,360000,395000
70928214166,2019,99700,308600,408300
80924428976,2019,400,1600,2000
70913109257,2019,106000,138000,244000
70913207069,2019,112200,412800,525000
70834308186,2019,45300,459700,505000
70826418109,2019,21500,118500,140000
70922236017,2019,334500,357600,692100
70920218489,2019,400,14600,15000
71007225313,2019,84100,76000,160100
70921126079,2019,124400,284800,409200
70932421179,2019,48000,176000,224000
71023300975,2019,132000,118000,250000
81031210074,2019,38500,116500,155000
71010410175,2019,55100,117100,172200
70823212281,2019,446000,1029000,1475000
70923153434,2019,1300,23700,25000
80924423132,2019,9900,166500,176400
70923162451,2019,8000,7000,15000
71035125204,2019,11800,271700,283500
60812201197,2019,78800,174400,253200
71007116299,2019,84200,304900,389100
60903207252,2019,83400,202000,285400
70836107057,2019,72700,152500,225200
71015206256,2019,76300,287500,363800
70921306283,2019,167200,297800,465000
81032416019,2019,35600,147300,182900
60812323074,2019,28500,165500,194000
71003305250,2019,49300,141900,191200
81034108135,2019,66900,245600,312500
70829401086,2019,12400,0,12400
80925219267,2019,58000,145800,203800
71003311207,2019,47400,166200,213600
70824213212,2019,105500,276100,381600
71004410058,2019,187000,380000,567000
70814430199,2019,19700,204800,224500
70920220947,2019,0,2300,2300
70923174977,2019,3300,11700,15000
60804203078,2019,71000,279000,350000
80924403936,2019,400,1600,2000
70923162138,2019,8000,7000,15000
70921124106,2019,121400,286100,407500
71005331021,2019,84100,170900,255000
60802115366,2019,20500,123000,143500
70932116085,2019,131700,245300,377000
80925104385,2019,59700,176800,236500
71007309092,2019,91100,133000,224100
70918204028,2019,156100,336100,492200
70920302258,2019,133700,353900,487600
80926403215,2019,86000,284000,370000
80924311113,2019,79200,229500,308700
81026353053,2019,4300,0,4300
81033304221,2019,45500,126000,171500
70918201115,2019,153000,344100,497100
60812105125,2019,74100,180300,254400
70824210028,2019,120900,221500,342400
80925409280,2019,62100,164600,226700
60811302186,2019,76400,227400,303800
70932107109,2019,115100,169900,285000
70921126011,2019,124400,225300,349700
70923156701,2019,5000,10000,15000
70823402197,2019,33300,158400,191700
70836117080,2019,70800,167800,238600
71002303255,2019,37300,205500,242800
70833107216,2019,139300,273600,412900
60801224077,2019,15900,161900,177800
71006307170,2019,69200,214400,283600
81026415118,2019,100,0,100
70922407014,2019,0,0,0
70932409240,2019,80900,0,80900
70921408154,2019,142900,400600,543500
70913314210,2019,88300,264700,353000
70836114333,2019,79100,157600,236700
60802313077,2019,113800,239600,353400
71011418102,2019,352800,264800,617600
60906202209,2019,69800,141100,210900
71010413012,2019,54400,217600,272000
71004410040,2019,645100,492200,1137300
71012216042,2019,67300,216200,283500
70932201224,2019,89500,159900,249400
71016410070,2019,61900,116600,178500
70923143823,2019,44900,429400,474300
60905217027,2019,0,0,0
71006120217,2019,24900,200100,225000
60803103188,2019,103200,226800,330000
70928113095,2019,133000,192000,325000
71007243208,2019,0,15000,15000
70835209200,2019,78200,168000,246200
71002302067,2019,95000,0,95000
60803110050,2019,0,0,0
70826414016,2019,16100,100400,116500
71005411170,2019,51400,150900,202300
71027411025,2019,72600,168900,241500
70833116118,2019,0,0,0
70816310076,2019,171400,520900,692300
71014215034,2019,7800,93600,101400
70930101179,2019,78200,165100,243300
70918220206,2019,125400,170000,295400
80925305016,2019,56100,123900,180000
70923145647,2019,8000,7000,15000
70923123148,2019,148500,379300,527800
60812112039,2019,77800,177500,255300
71011220151,2019,11300,176100,187400
70931312139,2019,75900,164300,240200
70836417133,2019,61600,165900,227500
70836204051,2019,73500,213000,286500
70921401223,2019,144600,386700,531300
71012101011,2019,153500,77500,231000
81027105180,2019,36700,122300,159000
71015112148,2019,43300,152400,195700
60801415022,2019,73200,152400,225600
81034106452,2019,61500,154300,215800
60811431042,2019,94600,173200,267800
70936303167,2019,2310000,4201000,6511000
71010107269,2019,55600,206900,262500
70931307081,2019,99000,202600,301600
71007105127,2019,70600,284700,355300
70826315264,2019,49100,208700,257800
70918303242,2019,71700,150700,222400
70931307099,2019,99000,153600,252600
70913430107,2019,20000,193800,213800
70913401249,2019,82700,141800,224500
70932203204,2019,84900,144600,229500
70936302218,2019,0,0,0
60802406020,2019,67500,158000,225500
71004315323,2019,58900,165900,224800
81034205436,2019,64700,153500,218200
70913210145,2019,83800,260700,344500
70836106124,2019,69300,203500,272800
71010101097,2019,55600,177800,233400
70829110166,2019,87400,259900,347300
80924410858,2019,400,1600,2000
80936109035,2019,13800,94300,108100
81023308043,2019,35600,91400,127000
71003403111,2019,52100,179900,232000
71004315224,2019,54700,187800,242500
81034414110,2019,66900,201300,268200
71006404075,2019,54100,247900,302000
71009202145,2019,51500,129300,180800
70836411086,2019,62700,143100,205800
70921127176,2019,14100,165500,179600
70921115197,2019,111100,305900,417000
70828309166,2019,64900,219800,284700
70922429141,2019,160200,634100,794300
71016204126,2019,58300,138900,197200
80925120878,2019,800,1200,2000
70833116150,2019,85100,266400,351500
70821109167,2019,115600,263400,379000
70821214049,2019,100,0,100
71015118245,2019,47100,159200,206300
70823115021,2019,95600,352200,447800
70922345280,2019,95500,309500,405000
70919211121,2019,95000,135600,230600
70923410199,2019,1920500,15500000,17420500
70926401278,2019,80600,188200,268800
71002444116,2019,100,0,100
71006434296,2019,15000,305800,320800
70931405124,2019,99000,93700,192700
70923146116,2019,8000,7000,15000
60801212072,2019,80100,154900,235000
70821204107,2019,122200,342800,465000
60811416250,2019,81400,210400,291800
71003213081,2019,54300,231300,285600
60801204102,2019,65000,164900,229900
71006112032,2019,69200,139800,209000
71010210244,2019,54600,143900,198500
60801213161,2019,75800,169100,244900
71010404243,2019,56600,169500,226100
70923413359,2019,1700,16300,18000
70829102072,2019,83600,277000,360600
71005112116,2019,65100,149900,215000
80924303087,2019,66800,251400,318200
70834207172,2019,106100,214900,321000
71005109080,2019,41300,155200,196500
70919202039,2019,89000,160000,249000
70935204077,2019,0,0,0
60801224134,2019,15900,160600,176500
70814103043,2019,127700,376500,504200
70923411642,2019,31100,283900,315000
71035116162,2019,67500,223500,291000
60801113197,2019,59700,166600,226300
70935115018,2019,44000,359000,403000
71010315044,2019,59100,131500,190600
71006405065,2019,54100,295900,350000
70918212245,2019,78700,156400,235100
80936413197,2019,71600,167200,238800
71035114364,2019,67500,254000,321500
71007215041,2019,112700,124100,236800
70922345222,2019,95500,309500,405000
60801226445,2019,16200,174300,190500
71016114028,2019,54900,124600,179500
71009104193,2019,54100,130200,184300
81034301036,2019,54900,101100,156000
70923105063,2019,0,0,0
70932103123,2019,80400,185800,266200
70926110019,2019,79400,146600,226000
81031202188,2019,39900,149400,189300
71003314102,2019,48400,165000,213400
70834214515,2019,40800,484600,525400
60904108053,2019,98400,266100,364500
70923141629,2019,200,2100,2300
70919228895,2019,400,2600,3000
70932416013,2019,95000,180000,275000
70833123022,2019,88400,278000,366400
71035203117,2019,0,0,0
60904101346,2019,82500,221400,303900
80925118162,2019,12900,219000,231900
80925117891,2019,800,1200,2000
70833121141,2019,95600,224800,320400
71005333051,2019,90400,111800,202200
60905204165,2019,88000,226000,314000
71021206042,2019,58600,155800,214400
70824210078,2019,112100,163600,275700
71009108070,2019,45100,141900,187000
70833304135,2019,132400,367800,500200
70912405341,2019,100400,236700,337100
71002107524,2019,9500,143700,153200
81034410043,2019,66700,153700,220400
71012217214,2019,62600,181800,244400
71007219077,2019,126400,258000,384400
70833302486,2019,207000,497300,704300
80925104244,2019,55700,137400,193100
71016401178,2019,0,0,0
70835307054,2019,78600,219000,297600
81028108266,2019,57100,148400,205500
70834303029,2019,122100,338400,460500
70814303049,2019,90400,235200,325600
81036100981,2019,10900,0,10900
70929206055,2019,78300,173700,252000
70913123067,2019,0,0,0
70920405292,2019,119100,153500,272600
60801411129,2019,92700,277300,370000
70826304051,2019,792000,5009000,5801000
60811304447,2019,84400,213700,298100
81023301055,2019,0,0,0
60811112303,2019,91800,185400,277200
71015118120,2019,47000,192600,239600
70920127127,2019,19000,234400,253400
70913309229,2019,98800,140800,239600
80925105143,2019,51800,143300,195100
70931201176,2019,62600,184700,247300
71016206073,2019,68900,141100,210000
80935106941,2019,77300,332800,410100
70926223036,2019,23000,187900,210900
80924101051,2019,82100,222600,304700
71002410167,2019,100,0,100
70829105076,2019,47400,276600,324000
71010302025,2019,54600,125700,180300
80924401120,2019,20700,162100,182800
70923314086,2019,158800,348700,507500
70914421014,2019,354000,1091000,1445000
71011421113,2019,50700,239500,290200
70834426194,2019,23400,103600,127000
70923161411,2019,8000,7000,15000
60812404262,2019,90200,179300,269500
70829416043,2019,13100,0,13100
70923113404,2019,400200,5693000,6093200
71021103058,2019,56200,146300,202500
60812207202,2019,77200,189100,266300
70920402305,2019,136600,257600,394200
70920302323,2019,146800,400900,547700
70901113856,2019,17200,69900,87100
70824419026,2019,682000,5020000,5702000
80924422085,2019,9900,166100,176000
70829112039,2019,73800,244200,318000
70913309592,2019,189000,105500,294500
70923403011,2019,0,0,0
71004309160,2019,2240000,8028000,10268000
70823304195,2019,74000,149600,223600
81030301064,2019,68300,178800,247100
70926404206,2019,80600,101400,182000
71015212071,2019,71900,243300,315200
71014307170,2019,64600,191400,256000
70918206074,2019,152200,280100,432300
71015116166,2019,48800,192100,240900
80924421772,2019,400,1600,2000
70923411064,2019,30500,291500,322000
70921306241,2019,164800,520200,685000
81019305201,2019,56300,164200,220500
80926310048,2019,71300,209600,280900
70932208030,2019,14200,114000,128200
70926304208,2019,76700,145600,222300
70820114026,2019,118500,0,118500
70835317152,2019,106200,225100,331300
60812210049,2019,187000,493000,680000
71010407320,2019,52800,213300,266100
71011305169,2019,59400,207600,267000
70931306281,2019,92800,120300,213100
71014210266,2019,55100,184900,240000
71015400840,2019,0,0,0
70923143857,2019,44900,324300,369200
81030313085,2019,56000,148500,204500
70913351022,2019,90200,205200,295400
71003314152,2019,48100,139500,187600
70912438011,2019,9000,98200,107200
70821406208,2019,77200,290900,368100
70913314153,2019,80200,124800,205000
81034119033,2019,66300,174400,240700
71009406060,2019,66000,100700,166700
70912408139,2019,100500,200000,300500
71015106307,2019,47300,125100,172400
71019411398,2019,9000,67000,76000
81023304314,2019,35600,152700,188300
80936203192,2019,18000,115300,133300
71009409048,2019,68500,101600,170100
80925214324,2019,58700,151800,210500
71010216094,2019,23700,71300,95000
81034103044,2019,66000,182000,248000
70920219867,2019,0,0,0
70923104073,2019,196000,543300,739300
80925117122,2019,12900,198700,211600
70922217075,2019,158400,414100,572500
80925117700,2019,800,1200,2000
81032415079,2019,51000,204000,255000
70836412191,2019,0,0,0
81031406160,2019,35900,113900,149800
80936102089,2019,14900,95400,110300
80936106049,2019,14900,103900,118800
60801225281,2019,15000,131000,146000
80924311014,2019,72500,304800,377300
70931307263,2019,95500,199700,295200
70923165348,2019,72000,342200,414200
70821212209,2019,100,0,100
70816320075,2019,173900,508800,682700
81032309173,2019,44900,207900,252800
70823413516,2019,26800,165100,191900
81034102179,2019,71700,163400,235100
70923153765,2019,1300,23700,25000
70918406111,2019,0,0,0
60801120142,2019,90600,150300,240900
81030401046,2019,0,0,0
70836407225,2019,55100,139600,194700
70929405061,2019,107700,243200,350900
70920418295,2019,114400,191200,305600
80925303268,2019,69700,113400,183100
70814422055,2019,90400,278200,368600
70923317105,2019,44000,206000,250000
70931417012,2019,92800,351600,444400
70929209124,2019,83300,214700,298000
71006129326,2019,39500,210100,249600
70823109024,2019,18200,134600,152800
70927101025,2019,66200,273900,340100
70821204032,2019,106000,395700,501700
71005218071,2019,76700,98300,175000
71006412094,2019,0,0,0
70834309093,2019,29100,0,29100
81028106020,2019,692500,574500,1267000
71006134127,2019,52100,227900,280000
71010219155,2019,10600,84900,95500
60801313218,2019,77300,251000,328300
70921414094,2019,137200,404000,541200
70926304266,2019,78000,124800,202800
70920216219,2019,10700,319300,330000
70922215045,2019,167300,320100,487400
70834308889,2019,25500,270400,295900
70923219088,2019,352000,2072000,2424000
81033207079,2019,44900,164600,209500
70813404088,2019,207100,280900,488000
60811204241,2019,103400,216000,319400
70932207131,2019,14800,101000,115800
70913111252,2019,88100,266900,355000
70926409040,2019,58100,233400,291500
70836109079,2019,78000,164800,242800
70813301060,2019,73600,217400,291000
70813320200,2019,14600,102000,116600
71015203129,2019,48000,149100,197100
70826421540,2019,0,4000,4000
70836313399,2019,15700,161300,177000
60804205024,2019,86000,278900,364900
70914414069,2019,124300,227100,351400
70923133072,2019,69800,101800,171600
70920217952,2019,400,14600,15000
70929405011,2019,95200,247600,342800
70918101109,2019,450200,458900,909100
71021224036,2019,64800,169300,234100
70836120124,2019,136000,299800,435800
71010315169,2019,48700,162400,211100
70813323163,2019,142900,327300,470200
71021224094,2019,64900,274600,339500
81031222194,2019,38100,134200,172300
81035108035,2019,73200,0,73200
70836203194,2019,90000,262800,352800
70930415067,2019,94700,310300,405000
80925201131,2019,51800,117900,169700
71006409025,2019,68000,237000,305000
70926405189,2019,80600,132900,213500
70814421023,2019,15200,213800,229000
60811424089,2019,100100,182900,283000
70826417747,2019,18400,87600,106000
71005317097,2019,63800,187600,251400
81031212369,2019,40800,110800,151600
71004201093,2019,623500,2761500,3385000
70834415064,2019,24000,191000,215000
71006115276,2019,29200,170000,199200
80936403320,2019,0,0,0
81026415051,2019,100,0,100
70833403127,2019,216500,424700,641200
71003206094,2019,57300,105900,163200
70834403225,2019,86600,164000,250600
81034301135,2019,43000,145400,188400
70929215064,2019,83100,247400,330500
71005321204,2019,139400,337900,477300
70824415256,2019,14100,88300,102400
60803105267,2019,96700,197800,294500
80926112147,2019,53800,157800,211600
70933408069,2019,21700,28900,50600
70931101996,2019,0,0,0
71006118238,2019,63900,183700,247600
81034410100,2019,67700,159700,227400
70921117094,2019,120300,283000,403300
60811202104,2019,95900,200600,296500
60801305116,2019,76100,166300,242400
70835317160,2019,106200,248000,354200
80925407052,2019,51600,141900,193500
80926112296,2019,54800,154100,208900
70926405113,2019,42600,161200,203800
70814306043,2019,0,0,0
71030208138,2019,125400,214500,339900
70922438225,2019,65200,263100,328300
70836216402,2019,5500,95500,101000
80926203194,2019,65600,178500,244100
70829402026,2019,15600,0,15600
71005113156,2019,35200,0,35200
71002314210,2019,5000,0,5000
70833115178,2019,103500,277400,380900
70932418027,2019,0,0,0
60801209243,2019,70800,146600,217400
70920409103,2019,129500,334900,464400
71005202058,2019,50400,96100,146500
70927101059,2019,88800,237500,326300
80924444063,2019,13600,263700,277300
70931202108,2019,73500,188000,261500
80924409819,2019,400,1600,2000
70913204205,2019,90400,214100,304500
70913356064,2019,240000,886000,1126000
70824204310,2019,86200,97400,183600
71012210086,2019,58700,189100,247800
71003103084,2019,0,0,0
70823202167,2019,127100,258100,385200
81030205282,2019,55200,118700,173900
71016407118,2019,61900,165000,226900
60811116727,2019,18800,216900,235700
71027106056,2019,0,0,0
70913109299,2019,88200,203900,292100
70933202114,2019,143200,309000,452200
70922227016,2019,207000,582500,789500
70928221038,2019,108200,320800,429000
70926215174,2019,111800,197400,309200
80936405029,2019,75700,236600,312300
70826417995,2019,21500,111100,132600
71021103024,2019,56200,143800,200000
71010406124,2019,55900,158800,214700
60801112248,2019,60000,140800,200800
80925307129,2019,69000,92200,161200
70926103262,2019,81000,267400,348400
70835113047,2019,117000,319900,436900
60812315055,2019,38000,176500,214500
70836301071,2019,75900,197100,273000
70928107098,2019,109100,290800,399900
71005338035,2019,102800,250000,352800
71005346103,2019,8700,199400,208100
60803101215,2019,0,0,0
70922438126,2019,69400,255500,324900
81026370081,2019,7500,0,7500
70826313408,2019,77600,231900,309500
71001416025,2019,64400,327400,391800
70919408364,2019,124100,231600,355700
71022201124,2019,606600,2783600,3390200
81031402142,2019,35900,118900,154800
71005407046,2019,43400,176600,220000
70922345214,2019,113500,361700,475200
70930410174,2019,108200,291100,399300
71011110021,2019,71300,192900,264200
70901113690,2019,17400,95700,113100
80925104476,2019,57900,189900,247800
71030201265,2019,303600,352100,655700
70922429068,2019,183600,261400,445000
70932415106,2019,53000,137000,190000
71002305235,2019,100,0,100
70821108193,2019,107000,283000,390000
71015303094,2019,453500,0,453500
71007229240,2019,78200,604800,683000
81015105043,2019,59400,204900,264300
71027403171,2019,51600,247400,299000
71030203063,2019,87700,169300,257000
70932201068,2019,62600,239900,302500
81022404107,2019,262700,1330400,1593100
60801112230,2019,60000,151500,211500
70829413073,2019,14800,0,14800
71021213097,2019,60100,137100,197200
60901103080,2019,59500,151400,210900
81033302035,2019,38800,128900,167700
70824410149,2019,104500,389200,493700
71006417250,2019,71100,255200,326300
70922311025,2019,132400,500300,632700
70826420625,2019,0,4000,4000
81026418120,2019,100,0,100
71007201222,2019,90400,482600,573000
71035117102,2019,0,0,0
71015114300,2019,51400,152000,203400
71035123018,2019,74000,232200,306200
70923174406,2019,3300,11700,15000
71004200938,2019,0,0,0
80935108054,2019,458600,251200,709800
71010309013,2019,54600,149500,204100
70813319196,2019,14300,115700,130000
70822414820,2019,23600,155600,179200
70926111033,2019,77400,252600,330000
71007310023,2019,459500,211900,671400
70926209052,2019,0,0,0
81032311029,2019,54000,361000,415000
71009306145,2019,68800,101700,170500
70816408136,2019,217200,539000,756200
71009106256,2019,95000,666000,761000
71005217081,2019,62600,292200,354800
71010109067,2019,61900,170100,232000
70923145671,2019,8000,7000,15000
71014202247,2019,58200,168700,226900
60812107080,2019,85100,149700,234800
71006446423,2019,3000,35000,38000
70926101282,2019,80500,233200,313700
80924402136,2019,7100,112600,119700
70920414144,2019,143300,184500,327800
70920414128,2019,131800,111700,243500
71007225131,2019,99200,243100,342300
60904105299,2019,83300,166000,249300
70928302101,2019,91100,207200,298300
81027207019,2019,536000,502000,1038000
80924105178,2019,0,0,0
70919206172,2019,91500,123700,215200
71021215051,2019,60800,140000,200800
81034114075,2019,62300,129800,192100
81028118760,2019,8700,61500,70200
71015403191,2019,50600,160400,211000
71009407018,2019,69000,104600,173600
70923167964,2019,3400,13800,17200
71015101290,2019,83600,131700,215300
70816321114,2019,64200,238300,302500
81034326042,2019,21600,142700,164300
70926112122,2019,80300,146700,227000
60904104085,2019,83500,204900,288400
70823406412,2019,60300,345500,405800
70836114325,2019,79100,154900,234000
60905107236,2019,45000,153600,198600
71010108176,2019,55300,188200,243500
70923143344,2019,44900,296800,341700
71014307295,2019,58200,193800,252000
71004307255,2019,58900,170400,229300
70922428010,2019,80400,285500,365900
80936111022,2019,13800,94300,108100
70929111204,2019,100500,270200,370700
60812314023,2019,0,0,0
70826416880,2019,21500,116200,137700
60811206122,2019,107200,270000,377200
71021113560,2019,0,6000,6000
70929306110,2019,83500,209600,293100
70922208066,2019,123200,211800,335000
70826312145,2019,69300,257000,326300
70922338128,2019,136900,629700,766600
70814419375,2019,15200,179800,195000
70918312160,2019,153300,175800,329100
70814201227,2019,0,0,0
70928117378,2019,104300,226400,330700
60812313067,2019,33100,188100,221200
81015301013,2019,1769100,22288000,24057100
70835113089,2019,127100,301100,428200
80936407041,2019,72400,184900,257300
71016209051,2019,83400,180900,264300
60802311112,2019,95400,279100,374500
71003204064,2019,53100,162000,215100
71016208045,2019,68000,151300,219300
80924306148,2019,64100,205000,269100
71002107235,2019,9500,147700,157200
70929213117,2019,78400,205800,284200
71009417025,2019,399000,1142600,1541600
81026425109,2019,100,0,100
70813111112,2019,600200,313200,913400
70834426251,2019,21300,69500,90800
70923412278,2019,1700,16300,18000
80924416749,2019,400,1600,2000
70901106017,2019,51000,159700,210700
70913114173,2019,80300,217300,297600
71006109170,2019,71100,123600,194700
71010307223,2019,53600,142900,196500
70835319059,2019,92200,296000,388200
81032430358,2019,0,0,0
70923413458,2019,900,6600,7500
71005107191,2019,0,0,0
71007206024,2019,51600,177200,228800
70825400818,2019,770000,1870000,2640000
70919206255,2019,101400,159000,260400
70826411046,2019,24500,159700,184200
60801115044,2019,61800,171700,233500
70901104160,2019,59400,137600,197000
81021307055,2019,57800,163300,221100
70828403059,2019,0,0,0
70913128033,2019,11000,171000,182000
70931302320,2019,106900,91800,198700
81030204284,2019,48200,104600,152800
71010118018,2019,63700,271600,335300
70835303028,2019,78200,213900,292100
81021107108,2019,59700,189100,248800
60906106112,2019,71900,178500,250400
70923148740,2019,4200,800,5000
60801412185,2019,73700,180300,254000
71005320131,2019,104100,195900,300000
70919307219,2019,124300,192900,317200
70931307073,2019,99000,215900,314900
70815102052,2019,798000,3751000,4549000
71016402035,2019,61800,144900,206700
71006407235,2019,68000,229200,297200
70816401453,2019,166800,394900,561700
71016103196,2019,75800,168100,243900
71002107558,2019,9500,147900,157400
70929215254,2019,142900,248400,391300
71009218291,2019,50300,201300,251600
81028120749,2019,0,5000,5000
70836213432,2019,11600,117400,129000
60813204017,2019,100,0,100
71007111182,2019,69500,230500,300000
70826420774,2019,0,4000,4000
70921113026,2019,124400,223500,347900
70816302023,2019,185800,376700,562500
71006115242,2019,0,0,0
71015204094,2019,48600,147000,195600
70929113143,2019,89800,234100,323900
70913422245,2019,115300,310700,426000
71004406130,2019,50100,148800,198900
60801113337,2019,61600,129400,191000
71003305292,2019,49300,128400,177700
70923162188,2019,8000,7000,15000
60811401045,2019,84500,243200,327700
71012209039,2019,58500,194000,252500
70923131315,2019,287000,1543000,1830000
81034405101,2019,66600,201200,267800
70919310105,2019,100700,176600,277300
80926402233,2019,41600,151700,193300
71016110092,2019,60300,151700,212000
71006406170,2019,68000,209400,277400
71006102190,2019,96700,86100,182800
70920220335,2019,0,11900,11900
80924423025,2019,8600,166800,175400
81031406079,2019,36500,140000,176500
70912446048,2019,9000,91300,100300
80925211213,2019,54900,130900,185800
70923109023,2019,512000,1528000,2040000
81033207243,2019,42800,169600,212400
60801416096,2019,75200,238800,314000
60812110075,2019,78200,177700,255900
71010218199,2019,10900,102200,113100
60801305091,2019,73600,137300,210900
70928210065,2019,89900,204400,294300
81021412193,2019,52600,147400,200000
70914419019,2019,0,0,0
71009314057,2019,66800,144500,211300
71012205178,2019,76600,373100,449700
70913214171,2019,77000,158300,235300
70827404040,2019,0,0,0
71007206149,2019,34300,363200,397500
70828111107,2019,97400,224200,321600
71010217026,2019,10600,109400,120000
71005346145,2019,10500,189500,200000
70816401073,2019,166500,516300,682800
71015103238,2019,67300,120900,188200
70813307159,2019,101900,168500,270400
70826312062,2019,65900,205600,271500
70929422114,2019,146900,297500,444400
70928109060,2019,108400,259400,367800
81019307017,2019,65100,150800,215900
70913321108,2019,116000,296300,412300
70922333144,2019,178100,557500,735600
70923149087,2019,7300,9700,17000
70836418024,2019,0,0,0
71009225030,2019,0,0,0
71005405016,2019,54800,153400,208200
81033308249,2019,6300,64800,71100
60801314084,2019,78600,237300,315900
70914419382,2019,561000,273000,834000
70821410217,2019,98900,376100,475000
70918225149,2019,22700,136500,159200
81033411034,2019,63400,285600,349000
70829414055,2019,10500,0,10500
71005331120,2019,125100,217000,342100
70936304032,2019,63700,131700,195400
71003305268,2019,49300,129900,179200
70813333120,2019,26300,225800,252100
70826419347,2019,0,4000,4000
70823311075,2019,13100,134900,148000
60801114062,2019,56200,150600,206800
71011210136,2019,54300,187600,241900
60801316379,2019,24000,136500,160500
70836115274,2019,78900,198500,277400
71004301124,2019,62700,138400,201100
70813304014,2019,95500,268500,364000
70921105304,2019,450000,3150000,3600000
80925116801,2019,800,1200,2000
70814433010,2019,54000,153900,207900
70923170553,2019,2100,400,2500
71001102137,2019,0,0,0
80924310024,2019,64400,221500,285900
70835203129,2019,143000,398600,541600
70923308039,2019,128400,256500,384900
71012215383,2019,17700,236400,254100
70914436518,2019,5500,0,5500
70926403092,2019,81600,60400,142000
70922211118,2019,133000,301800,434800
60906206201,2019,62400,161200,223600
70913323112,2019,120500,295900,416400
70823301076,2019,545000,1315000,1860000
70919110282,2019,177900,180700,358600
81022306197,2019,8000,66700,74700
71034101180,2019,71700,146300,218000
71010306176,2019,50100,165800,215900
70936302060,2019,63800,144300,208100
70826419850,2019,0,4000,4000
80934100994,2019,0,0,0
70823305226,2019,0,0,0
71014210349,2019,63100,164800,227900
80925112130,2019,10800,234000,244800
80925411160,2019,56200,178700,234900
70921121037,2019,125300,184300,309600
70918321830,2019,0,2000,2000
70918403084,2019,330200,500400,830600
80936109077,2019,13800,93100,106900
70836108104,2019,66400,217800,284200
70813314112,2019,11300,238700,250000
81031218200,2019,45300,121500,166800
70836111016,2019,71900,198400,270300
70929416282,2019,72300,179200,251500
71034104382,2019,68500,180500,249000
70813402298,2019,562300,0,562300
60903208276,2019,14900,118700,133600
71006310280,2019,69200,228600,297800
80925217146,2019,57000,138200,195200
71010407065,2019,57200,176800,234000
70920420084,2019,124100,118600,242700
70923202017,2019,75000,394000,469000
70815403012,2019,0,0,0
70835107256,2019,103900,346800,450700
70833115194,2019,96300,243700,340000
70922405191,2019,107900,246500,354400
71006116076,2019,38300,236300,274600
60812329379,2019,13500,158100,171600
70823311158,2019,11700,127700,139400
71005223129,2019,62900,156000,218900
60904113284,2019,89000,324500,413500
70836208178,2019,73700,190700,264400
70813103086,2019,174500,164400,338900
70921111012,2019,120900,294100,415000
70921212133,2019,96100,263800,359900
80924437860,2019,400,1600,2000
70813326034,2019,160400,418500,578900
80925406070,2019,56100,210200,266300
60812101115,2019,79600,164700,244300
60811403017,2019,79000,196600,275600
70922304179,2019,141600,225200,366800
60812121345,2019,77200,198700,275900
60812207137,2019,89100,185600,274700
71019411140,2019,9000,108000,117000
80924411989,2019,400,1600,2000
70929303083,2019,75400,195200,270600
81026365090,2019,2000,0,2000
70934309456,2019,15700,112300,128000
71003103050,2019,54300,233400,287700
71002410208,2019,100,0,100
70918309050,2019,140500,231500,372000
81034106387,2019,57900,184600,242500
71002107201,2019,9500,160300,169800
60804208036,2019,114900,114300,229200
71011108688,2019,30000,235700,265700
70929111147,2019,111700,326600,438300
70920217548,2019,400,14600,15000
70922412170,2019,77200,186400,263600
71001331124,2019,64600,207200,271800
70816402253,2019,161200,333400,494600
60802115267,2019,20500,128900,149400
60802305420,2019,13800,195200,209000
70921108134,2019,92000,618000,710000
71010211292,2019,59300,196700,256000
70920111055,2019,82200,285800,368000
70920115023,2019,0,0,0
60802419023,2019,73700,192100,265800
70921111020,2019,120900,255000,375900
70813106147,2019,0,0,0
70834303102,2019,130000,405000,535000
70929310088,2019,88800,131100,219900
70923153707,2019,1300,23700,25000
60811202071,2019,95900,204600,300500
60801307097,2019,77200,154300,231500
70932402038,2019,173000,309900,482900
81028120658,2019,0,5000,5000
81034313049,2019,110000,595000,705000
70935205231,2019,66200,177800,244000
70923124112,2019,129400,350300,479700
60802306197,2019,19400,183200,202600
71006105079,2019,62800,137500,200300
70913316050,2019,124200,146600,270800
71019411231,2019,9000,106400,115400
70836403207,2019,67200,152800,220000
70920304246,2019,93600,257500,351100
80924427671,2019,400,1600,2000
60803113228,2019,140800,429200,570000
71016104011,2019,63200,128600,191800
70933403184,2019,83500,174600,258100
71011113025,2019,70200,184800,255000
70901101025,2019,51000,112500,163500
70929112327,2019,115900,209200,325100
71005324026,2019,105800,200800,306600
80927402034,2019,72200,192100,264300
70835106050,2019,17100,98800,115900
70936409262,2019,64500,165500,230000
70926103014,2019,98600,236400,335000
71001314146,2019,67000,211000,278000
71019403072,2019,276200,435300,711500
70836109029,2019,72700,162500,235200
70920102153,2019,93900,222800,316700
70929206013,2019,118000,162400,280400
70920217754,2019,400,14600,15000
60801118147,2019,66700,161400,228100
70835307111,2019,79400,192600,272000
70821202177,2019,158000,366500,524500
71001313164,2019,88200,299600,387800
70919227433,2019,30300,207400,237700
70826421722,2019,0,4000,4000
70918416326,2019,9500,33800,43300
71015118097,2019,49000,141500,190500
70912426040,2019,9000,91400,100400
60812202278,2019,81900,172500,254400
80924402938,2019,400,1600,2000
70922327189,2019,159700,271700,431400
60812302490,2019,74700,173700,248400
70814429126,2019,44800,294700,339500
70920104315,2019,89000,321000,410000
70919216105,2019,88400,0,88400
70919409065,2019,121500,191100,312600
70922324060,2019,149400,407900,557300
71011301076,2019,56400,145700,202100
70922414118,2019,58300,263400,321700
71001325044,2019,24900,133400,158300
81033204124,2019,44600,160800,205400
71007222244,2019,0,0,0
71010208190,2019,58600,206500,265100
71006434379,2019,50000,295700,345700
70928324098,2019,137800,417600,555400
60811205158,2019,97900,251000,348900
70814412080,2019,84900,316600,401500
70930106012,2019,850000,1680000,2530000
70920219528,2019,0,0,0
81019303122,2019,59700,150800,210500
60804102064,2019,89000,316000,405000
60904109093,2019,103800,308200,412000
70922440147,2019,88300,196600,284900
80925122858,2019,800,1200,2000
70928203044,2019,89900,256200,346100
71009412083,2019,63500,98500,162000
70814403138,2019,82700,247000,329700
60804106149,2019,158900,486000,644900
71004408285,2019,58900,162000,220900
71004302370,2019,48000,172900,220900
60812117047,2019,81100,210600,291700
70826413167,2019,10200,75600,85800
70918226030,2019,23300,97600,120900
70918302385,2019,79500,133900,213400
71007218136,2019,126400,338600,465000
81030212162,2019,40700,123300,164000
81021403192,2019,43700,155700,199400
70922414176,2019,80200,143400,223600
60906111020,2019,62200,160700,222900
70913323063,2019,156600,209300,365900
70923152163,2019,28000,310700,338700
71016410054,2019,61600,129200,190800
71034105504,2019,56500,198700,255200
71010301382,2019,52000,162200,214200
70826420401,2019,0,4000,4000
70929416076,2019,96700,290600,387300
70913346601,2019,102000,615600,717600
80925118708,2019,800,1200,2000
70922210053,2019,139900,394000,533900
70922113067,2019,129500,5000,134500
70826211040,2019,10000,50000,60000
70929309099,2019,86100,185100,271200
70834308037,2019,44200,368100,412300
71003311083,2019,49900,170100,220000
71010110163,2019,56100,211500,267600
81034413287,2019,69900,187600,257500
70829408058,2019,9700,0,9700
70826315256,2019,36500,202000,238500
80926200968,2019,0,0,0
80936402273,2019,74000,246000,320000
81028105288,2019,73800,176700,250500
80924429883,2019,400,1600,2000
71035124040,2019,64300,225000,289300
70922406107,2019,127800,153700,281500
60802411053,2019,65200,164100,229300
81023310105,2019,35600,113300,148900
70928310089,2019,180000,555000,735000
70836216262,2019,5500,96700,102200
70936402034,2019,64800,173100,237900
70813326026,2019,128800,316200,445000
60801305033,2019,71700,166700,238400
70829102981,2019,28800,0,28800
81035117028,2019,37300,0,37300
81033305104,2019,44000,127400,171400
70913341114,2019,21300,291100,312400
71010311068,2019,54600,175000,229600
70825209260,2019,14000,36000,50000
70821405119,2019,105600,273500,379100
70923158096,2019,45200,328700,373900
71011124014,2019,56000,312000,368000
81033403065,2019,63000,522000,585000
80924429015,2019,13300,203000,216300
71007205183,2019,89000,486000,575000
60904102071,2019,84500,294100,378600
70813329286,2019,18500,200400,218900
70833116142,2019,88600,246400,335000
70930409177,2019,74000,189000,263000
80936121063,2019,13800,97900,111700
80925116869,2019,800,1200,2000
80924413852,2019,400,1600,2000
70826408176,2019,68100,186800,254900
70920117201,2019,126100,143100,269200
71009226088,2019,62000,0,62000
60802412134,2019,77100,227500,304600
70923145100,2019,8000,7000,15000
81021403316,2019,53400,143600,197000
70928319057,2019,152200,497800,650000
60906206334,2019,62000,161100,223100
70926115051,2019,81000,224800,305800
70920219205,2019,0,0,0
70836304273,2019,50400,115400,165800
70918401096,2019,486900,358100,845000
60803115050,2019,110200,382300,492500
60811414022,2019,76100,216700,292800
60903201113,2019,77900,189100,267000
71003213297,2019,89000,351000,440000
80925306189,2019,63700,91800,155500
70923230018,2019,1565000,6074000,7639000
70813314203,2019,9800,172700,182500
81032301327,2019,28700,149600,178300
71010212224,2019,54000,143500,197500
60812317043,2019,86000,223100,309100
60906203140,2019,54600,164300,218900
70919113038,2019,109200,383300,492500
70835122527,2019,6500,83500,90000
71010407106,2019,57900,242500,300400
70918401343,2019,809100,950000,1759100
71003317073,2019,58400,207600,266000
70825204062,2019,440000,405000,845000
70921407263,2019,96900,323100,420000
71010412197,2019,56500,139000,195500
71035206145,2019,67400,172300,239700
70920414152,2019,134200,104900,239100
71007115176,2019,79600,291500,371100
71007111265,2019,87900,320100,408000
70821217100,2019,0,0,0
70834302039,2019,190900,337200,528100
80924311155,2019,64700,210900,275600
71011221068,2019,12000,189000,201000
71011123157,2019,45800,292900,338700
60801121075,2019,72700,163800,236500
60801419181,2019,16600,198400,215000
71010209031,2019,58000,154000,212000
70930301068,2019,869000,2436000,3305000
71010410141,2019,57900,161300,219200
81015103104,2019,60400,185100,245500
70932424066,2019,47800,110400,158200
70919411086,2019,116100,294400,410500
70828415038,2019,0,0,0
70829111172,2019,98000,0,98000
60812302515,2019,71200,188900,260100
70923308138,2019,127700,367200,494900
70922332039,2019,136900,271100,408000
70926402135,2019,82300,192600,274900
70936308034,2019,63600,223400,287000
70919104136,2019,103700,337300,441000
80924431995,2019,400,1600,2000
70824414258,2019,15100,114800,129900
71014214713,2019,8100,144200,152300
71006111216,2019,69200,116200,185400
70834216123,2019,86300,270400,356700
70936305288,2019,60400,181800,242200
70928323040,2019,151600,444400,596000
81034306060,2019,129000,241000,370000
70821109076,2019,110300,288800,399100
70913346338,2019,78000,332800,410800
71006434361,2019,62400,181800,244200
60906203231,2019,0,0,0
81028119164,2019,10800,96300,107100
71004410066,2019,163000,24000,187000
71014216389,2019,7500,120800,128300
70930402171,2019,86200,202400,288600
71004304186,2019,48000,171500,219500
70824415280,2019,14600,116100,130700
81033402083,2019,53700,223500,277200
70919302045,2019,100000,166500,266500
70833401337,2019,141200,522200,663400
70921306093,2019,157000,466000,623000
81026344028,2019,4200,0,4200
70919403059,2019,106800,352400,459200
70834214119,2019,27000,301800,328800
60801315066,2019,77900,249700,327600
81030307244,2019,59800,136800,196600
70920218893,2019,0,0,0
70935207237,2019,40900,137600,178500
80924440748,2019,400,1600,2000
70825201109,2019,481500,518500,1000000
70928309058,2019,91600,287600,379200
70823315019,2019,155700,345200,500900
81021304259,2019,50100,147900,198000
71020306033,2019,12500,123000,135500
71003305333,2019,53000,160300,213300
70928204042,2019,85800,261700,347500
81026352097,2019,41100,188800,229900
60811112361,2019,97900,182000,279900
80924421871,2019,400,1600,2000
71005223046,2019,60600,194700,255300
80924306099,2019,0,0,0
70929117103,2019,89900,221300,311200
81015104277,2019,57500,202500,260000
80926407043,2019,54100,144800,198900
81033103110,2019,55900,159700,215600
81030204276,2019,48700,115600,164300
70929223025,2019,81500,154500,236000
70933201116,2019,191200,431200,622400
71005232237,2019,42600,132700,175300
70918305256,2019,75400,110600,186000
60812321078,2019,19600,155000,174600
80924416806,2019,400,1600,2000
60905212019,2019,28800,65200,94000
71011103084,2019,61500,316900,378400
70922438324,2019,107400,238600,346000
70824407154,2019,104400,239900,344300
70919310189,2019,108900,227800,336700
70834214838,2019,40800,92200,133000
70923409069,2019,146400,142800,289200
70935103013,2019,45200,145000,190200
70834205118,2019,81600,263700,345300
70932406296,2019,78000,108900,186900
60812406143,2019,76900,172700,249600
70914405050,2019,291900,420100,712000
70822108019,2019,48700,178400,227100
71021222056,2019,64400,137800,202200
80925112916,2019,800,1200,2000
71009221202,2019,41300,197400,238700
80925213029,2019,54900,174900,229800
71006439147,2019,12600,322200,334800
71015119219,2019,50300,131600,181900
70930101161,2019,80900,161000,241900
80924419058,2019,9900,170700,180600
71002418161,2019,82300,283800,366100
70836406079,2019,56400,150500,206900
70813325268,2019,18300,170300,188600
70826408366,2019,68700,181500,250200
60802103022,2019,72100,165300,237400
70919203095,2019,97900,108600,206500
70814426205,2019,0,0,0
70926201397,2019,242000,715100,957100
81031210107,2019,38100,68400,106500
60901202030,2019,63200,153300,216500
70901106033,2019,51000,150900,201900
60901104070,2019,59000,201500,260500
70932113164,2019,87800,124100,211900
70918103048,2019,428400,115900,544300
81021202023,2019,0,0,0
70822109075,2019,58500,158700,217200
70923165041,2019,44000,127300,171300
71010212266,2019,53700,154100,207800
71010406174,2019,56500,144700,201200
71011305309,2019,66900,199000,265900
70923138056,2019,29300,272000,301300
60904109168,2019,96000,226600,322600
60812110190,2019,78500,227500,306000
70914437194,2019,1100,5900,7000
71003301084,2019,48500,186500,235000
70932415081,2019,53000,142400,195400
70923307172,2019,334000,619900,953900
70913350644,2019,0,15000,15000
70928309016,2019,164800,207200,372000
70932411146,2019,81300,112600,193900
71006425138,2019,90400,266600,357000
70821205098,2019,96000,319900,415900
70932401014,2019,130600,0,130600
81031404122,2019,36500,144000,180500
80924443940,2019,400,1600,2000
71015402127,2019,103000,698200,801200
70820107138,2019,100,0,100
70913347261,2019,3200,19800,23000
70918412051,2019,122700,137500,260200
70922335182,2019,159000,470800,629800
70926216304,2019,86800,215200,302000
70836313141,2019,15700,166700,182400
70923148386,2019,4200,800,5000
70824102192,2019,110600,248200,358800
81021416228,2019,76200,41700,117900
81028107044,2019,57100,129400,186500
70919107081,2019,95800,148000,243800
70824306083,2019,91900,253800,345700
60801401229,2019,94200,125200,219400
80925414114,2019,48900,206600,255500
70928108244,2019,108200,241800,350000
70935305015,2019,430000,2000,432000
71014303152,2019,59100,225600,284700
60811418107,2019,75400,210500,285900
60802309258,2019,90200,210300,300500
70913201079,2019,624300,102800,727100
70823413160,2019,29100,166800,195900
70930109016,2019,2090000,4585000,6675000
60803116090,2019,134000,344100,478100
70929415135,2019,81400,163300,244700
71001105016,2019,67000,179200,246200
80925401294,2019,64400,178000,242400
60801122172,2019,70800,210000,280800
71003304038,2019,56700,144000,200700
71002312090,2019,61200,281600,342800
71006126207,2019,52000,109000,161000
70920301292,2019,94400,275100,369500
70918319356,2019,20500,67300,87800
71021108173,2019,61000,147500,208500
70928108319,2019,109100,267400,376500
81031210115,2019,38100,87800,125900
71006204178,2019,49800,117400,167200
60802101133,2019,73700,194500,268200
71012206100,2019,64500,226200,290700
70824106045,2019,125100,236400,361500
60901104012,2019,60100,325700,385800
70923152189,2019,34100,523400,557500
70920217663,2019,400,14600,15000
71002439076,2019,37500,234000,271500
70913105073,2019,100700,194100,294800
71001313106,2019,92000,380500,472500
70923148500,2019,4200,800,5000
70920216037,2019,10700,296200,306900
70918415790,2019,9500,33800,43300
80924423710,2019,400,1600,2000
70923168409,2019,6500,18500,25000
70920112045,2019,114400,151800,266200
71009217110,2019,38000,212000,250000
70926102230,2019,82100,260900,343000
71006129350,2019,537500,2095500,2633000
70816321015,2019,64200,250500,314700
80926402217,2019,40400,142600,183000
71001402181,2019,71500,268600,340100
71030210125,2019,80100,142400,222500
80925213087,2019,58000,142900,200900
71006110193,2019,43600,187300,230900
80926104011,2019,54600,132700,187300
60801108015,2019,66100,142700,208800
70920301250,2019,125100,182400,307500
70919412084,2019,110300,195800,306100
70824101079,2019,103100,229100,332200
70826406047,2019,68900,163400,232300
81026358186,2019,100,0,100
81032417067,2019,48800,121400,170200
71034102039,2019,53700,204700,258400
71014209095,2019,55900,168500,224400
80936402166,2019,73800,199200,273000
81035112052,2019,100,0,100
70923167758,2019,3400,13800,17200
80924442851,2019,400,1600,2000
81031202146,2019,39900,150600,190500
70932406105,2019,77400,144000,221400
70913107087,2019,147000,286500,433500
60903209026,2019,11600,104900,116500
70926108197,2019,80000,223000,303000
70918403068,2019,265100,243000,508100
71003315019,2019,0,0,0
70929224023,2019,88400,182700,271100
70929121112,2019,101200,225800,327000
71034106073,2019,60300,209000,269300
81021302477,2019,47200,173300,220500
81034316142,2019,24300,122500,146800
71004313020,2019,58500,163400,221900
71022304093,2019,152500,231900,384400
70816322237,2019,17300,199000,216300
71015102264,2019,57900,137600,195500
80926104136,2019,54500,127400,181900
70922201979,2019,0,0,0
60801301081,2019,71100,181700,252800
70828408041,2019,0,0,0
60802105060,2019,73700,211400,285100
71009301195,2019,68000,95000,163000
71034109027,2019,52800,154400,207200
70829405062,2019,52300,0,52300
60812330269,2019,0,5000,5000
71002307041,2019,9500,0,9500
60801212030,2019,64300,193100,257400
71011206119,2019,41000,223800,264800
71020308162,2019,13900,123600,137500
71034103128,2019,67700,187900,255600
70928216146,2019,95300,166800,262100
60811116066,2019,18800,216200,235000
70816412062,2019,48500,318100,366600
70826410353,2019,68100,165700,233800
71021113990,2019,0,1000,1000
71004404019,2019,51400,189100,240500
70836213044,2019,11600,128500,140100
70823205179,2019,18100,255900,274000
80925208020,2019,56100,145600,201700
60801113501,2019,66200,146700,212900
70920219453,2019,0,0,0
71009206163,2019,0,0,0
60812104185,2019,76000,195600,271600
70825403052,2019,440000,165000,605000
60802410229,2019,68400,145200,213600
70918302278,2019,74800,121300,196100
60811116735,2019,18800,216900,235700
71006305439,2019,55800,190800,246600
60802115051,2019,20500,123000,143500
71011304012,2019,66800,191300,258100
70823112225,2019,80200,210500,290700
70923170579,2019,1900,600,2500
71005411196,2019,52600,133000,185600
70924221107,2019,28300,85700,114000
70913354076,2019,0,15000,15000
70928106230,2019,108400,256600,365000
70823121482,2019,20000,103200,123200
70826417945,2019,0,0,0
60801313185,2019,75600,270800,346400
80924438917,2019,400,1600,2000
71007243042,2019,0,15000,15000
81034310326,2019,0,0,0
71003411065,2019,50300,160300,210600
71034105348,2019,71800,189500,261300
71015202072,2019,49600,174500,224100
71006316098,2019,0,0,0
70932206050,2019,264000,1505000,1769000
70813329137,2019,18600,160300,178900
70931306025,2019,99000,247400,346400
60812119100,2019,20700,159900,180600
60811103542,2019,109700,347100,456800
71005408052,2019,44000,148200,192200
70823407311,2019,53000,243300,296300
70823412021,2019,71500,178100,249600
70932406098,2019,78200,102400,180600
81014303101,2019,32800,149700,182500
70918321583,2019,0,2000,2000
60802305090,2019,13800,198700,212500
70920222026,2019,16400,169600,186000
71010304112,2019,54600,168700,223300
71004402146,2019,50400,142500,192900
71011220200,2019,11300,187500,198800
71015406038,2019,46400,203400,249800
60802410203,2019,67500,171400,238900
80924444146,2019,11600,230500,242100
71021111176,2019,67100,111400,178500
71021211182,2019,61000,128300,189300
70926108246,2019,77000,112000,189000
60802106159,2019,68700,176800,245500
60803114101,2019,0,0,0
70835203351,2019,116900,289500,406400
70821410118,2019,101400,0,101400
60812210099,2019,130000,468000,598000
81030317045,2019,62400,131900,194300
70835112106,2019,117600,266100,383700
70821217126,2019,0,0,0
70920212126,2019,132600,378000,510600
70833407020,2019,44700,330300,375000
70932106325,2019,141100,458100,599200
60811115141,2019,107500,207500,315000
70919225213,2019,100900,255300,356200
70933204277,2019,220900,756000,976900
71006104170,2019,55400,151500,206900
70919219084,2019,90800,145500,236300
60801216090,2019,70000,201900,271900
71003314144,2019,48100,150300,198400
70935115076,2019,50000,162200,212200
71016410153,2019,61500,145600,207100
70829110265,2019,90000,238000,328000
71006126190,2019,52000,67400,119400
60811402366,2019,0,0,0
71011402014,2019,81200,222700,303900
70929111121,2019,101500,233500,335000
70923148261,2019,4200,800,5000
80936102047,2019,14900,99400,114300
71011119239,2019,57100,243500,300600
70835112073,2019,90500,313600,404100
81028104115,2019,55400,119200,174600
71005332079,2019,98100,326500,424600
70822414606,2019,11800,101300,113100
70813329228,2019,18500,176300,194800
70824110153,2019,174100,187400,361500
81028304062,2019,0,0,0
60812104169,2019,76000,161700,237700
60812203200,2019,84200,185300,269500
70922229145,2019,249500,548400,797900
60802115340,2019,20500,117600,138100
70822414143,2019,17500,138200,155700
70914436253,2019,238300,1311700,1550000
60802413637,2019,76600,153800,230400
71011301042,2019,56400,156700,213100
70927200984,2019,1056000,415500,1471500
71005111308,2019,65100,178900,244000
70912406084,2019,108100,176500,284600
71005214152,2019,47100,120100,167200
80925205133,2019,55200,143700,198900
80925409165,2019,62400,160100,222500
81016305080,2019,23600,63900,87500
60804101074,2019,200300,578800,779100
70822411016,2019,33700,240300,274000
70918321484,2019,0,2000,2000
70828424071,2019,0,0,0
70923148401,2019,4200,800,5000
81031404031,2019,36700,164700,201400
81033201146,2019,44000,104000,148000
80924434858,2019,400,1600,2000
70825209385,2019,11000,29000,40000
70901113054,2019,12400,101600,114000
71006430137,2019,0,0,0
70833412136,2019,46200,229800,276000
71009318083,2019,64100,90600,154700
70813320333,2019,14600,98800,113400
71003101153,2019,66900,185600,252500
70920305046,2019,111800,321200,433000
70914301258,2019,1723000,11187000,12910000
70921218024,2019,0,0,0
71011301092,2019,56400,161000,217400
70923145366,2019,8000,7000,15000
70828119193,2019,99600,204800,304400
81034328014,2019,29300,104700,134000
70932416104,2019,0,0,0
71010415183,2019,66400,213300,279700
81034103218,2019,68800,187500,256300
81034306036,2019,44100,155000,199100
70920419227,2019,103200,216700,319900
70920308256,2019,94400,211700,306100
71028100982,2019,0,0,0
70920127151,2019,16000,164000,180000
71009213100,2019,49900,156200,206100
60802104369,2019,86100,160100,246200
70826417028,2019,21500,122000,143500
70930415207,2019,126000,157800,283800
80926206114,2019,71900,228200,300100
70922316140,2019,96200,185500,281700
70834428140,2019,20300,156700,177000
71010407114,2019,57000,157400,214400
80925306022,2019,72200,98000,170200
71004304219,2019,48000,138700,186700
70920217837,2019,400,14600,15000
80924413993,2019,400,1600,2000
71035119017,2019,64700,236000,300700
70913347493,2019,2500,12500,15000
70833205052,2019,29300,272100,301400
81031214141,2019,40800,107500,148300
60906207176,2019,67800,132200,200000
70913353060,2019,65300,292100,357400
81030305040,2019,68500,166800,235300
70918403042,2019,286400,173600,460000
70921406025,2019,142900,477400,620300
81034103101,2019,70800,164300,235100
71016401136,2019,69000,261000,330000
70923174224,2019,3300,11700,15000
60802303169,2019,88400,203500,291900
81027209081,2019,12000,109200,121200
60901203070,2019,57800,149900,207700
60811415202,2019,73200,175300,248500
71014301198,2019,59700,183000,242700
71010409087,2019,56400,156500,212900
71016110141,2019,61300,124400,185700
71010409110,2019,58100,148600,206700
70928313041,2019,139900,238100,378000
70912405367,2019,100400,208300,308700
71006308095,2019,112700,138200,250900
71004403102,2019,45300,177400,222700
70920105131,2019,120800,158200,279000
70814429085,2019,44800,360800,405600
81026360272,2019,100,0,100
81031411044,2019,33900,123200,157100
71003407171,2019,50500,206300,256800
60802402052,2019,70400,140500,210900
81033207318,2019,49100,153400,202500
70815309088,2019,63400,335700,399100
70813320250,2019,14600,103100,117700
60906201368,2019,70300,142100,212400
70816301132,2019,29600,0,29600
70836411010,2019,59700,133700,193400
71009303076,2019,72000,121000,193000
60801105095,2019,0,0,0
81026425076,2019,100,0,100
70918216057,2019,167400,248100,415500
80924435913,2019,400,1600,2000
71035204131,2019,64000,233500,297500
60802115663,2019,20500,123300,143800
60902201057,2019,0,0,0
60812323123,2019,28500,166000,194500
80935108236,2019,576100,195000,771100
70816405033,2019,166700,575700,742400
70929215171,2019,83500,326200,409700
60811406029,2019,75300,224500,299800
81031219034,2019,37000,139400,176400
70834303110,2019,124100,322000,446100
71021113073,2019,15100,100100,115200
60801311288,2019,78000,208900,286900
60904113458,2019,96000,320800,416800
60811112395,2019,97100,208100,305200
70816301108,2019,171900,484500,656400
70932403119,2019,107500,196100,303600
70931412161,2019,88400,234300,322700
60802404157,2019,65700,146000,211700
81015108154,2019,63000,213800,276800
60812405559,2019,0,0,0
80924411822,2019,400,1600,2000
70913214113,2019,139600,521900,661500
60801216115,2019,70000,207600,277600
70835315411,2019,51900,359900,411800
70918321343,2019,0,2000,2000
81031203061,2019,39800,147500,187300
70924216124,2019,3500,10000,13500
71034108011,2019,0,0,0
81026360248,2019,0,0,0
70826412854,2019,10000,82500,92500
70923154218,2019,0,7500,7500
60905217019,2019,98000,438000,536000
71014304035,2019,56300,215200,271500
70913309550,2019,65900,285300,351200
71011207018,2019,41400,225600,267000
80925111091,2019,53600,142500,196100
70828321053,2019,12200,0,12200
70933201265,2019,123300,163600,286900
70835210132,2019,80300,204900,285200
60811112139,2019,116300,318300,434600
60801208302,2019,51100,211100,262200
70926215166,2019,115300,170000,285300
81030204250,2019,49000,117900,166900
70901106207,2019,0,0,0
71010313296,2019,62300,156500,218800
60803112197,2019,92700,284700,377400
70931212222,2019,74700,235800,310500
70920114025,2019,0,0,0
71016413058,2019,64200,141900,206100
70922224137,2019,157900,488900,646800
60903211055,2019,17400,82800,100200
60906201219,2019,65800,130900,196700
70922237122,2019,83000,216000,299000
70928313033,2019,140500,333300,473800
70829104036,2019,51000,240000,291000
71006303318,2019,39900,230700,270600
81030216023,2019,0,0,0
60902103047,2019,20000,105000,125000
71002305194,2019,100,0,100
81022301139,2019,298000,2077000,2375000
71006401055,2019,65100,174500,239600
70901102156,2019,51000,101400,152400
70922215110,2019,153400,375100,528500
81026345042,2019,2300,0,2300
70919227194,2019,34700,320300,355000
71030202015,2019,0,0,0
71021204046,2019,56400,130300,186700
70823208313,2019,134200,348400,482600
70922437053,2019,100700,244700,345400
71002445023,2019,100,0,100
70926209044,2019,99000,248800,347800
80924306049,2019,77300,196800,274100
70823208123,2019,134500,308900,443400
70913323196,2019,71500,211200,282700
70918304191,2019,65300,192000,257300
71015116067,2019,50600,165200,215800
60801315074,2019,73300,215100,288400
70922320258,2019,121800,387100,508900
70936305353,2019,64800,144600,209400
71006307112,2019,39700,202300,242000
70835318142,2019,76500,171500,248000
81032416069,2019,33300,147100,180400
60811109178,2019,118200,300800,419000
70919401368,2019,124100,355000,479100
60802313118,2019,97200,273800,371000
81031409148,2019,39600,111400,151000
71015114342,2019,46500,150200,196700
70919206073,2019,137800,117900,255700
70932409141,2019,78500,167300,245800
71011212182,2019,47700,183000,230700
70935305122,2019,160000,0,160000
70928117013,2019,794300,90700,885000
81026349078,2019,41100,221600,262700
70820112054,2019,142400,0,142400
71035108010,2019,74200,240800,315000
70923148477,2019,4200,800,5000
70923174761,2019,3300,11700,15000
70833413100,2019,44700,471300,516000
70920406315,2019,152100,76300,228400
60802409058,2019,72100,152300,224400
70926216198,2019,111000,324000,435000
70922230134,2019,234600,0,234600
71006106043,2019,62800,127300,190100
81030211130,2019,52400,123100,175500
81034203117,2019,67500,184100,251600
81026360090,2019,100,0,100
81026357154,2019,4300,0,4300
70926101232,2019,82100,257400,339500
70931208354,2019,108700,263600,372300
71035207432,2019,43900,204800,248700
70912404301,2019,94200,261200,355400
70816414282,2019,13100,233500,246600
70919301063,2019,92000,237400,329400
71030201124,2019,415800,184200,600000
71014216553,2019,7500,122000,129500
71005227303,2019,49000,331000,380000
70918226014,2019,23300,99200,122500
80924443023,2019,13200,261800,275000
70836405469,2019,66500,138000,204500
70913107128,2019,17000,247600,264600
70928316011,2019,165300,509700,675000
71005301149,2019,61900,158800,220700
71010400762,2019,80200,140300,220500
80936205148,2019,67100,207800,274900
70922405018,2019,116000,572000,688000
71007303078,2019,106400,369600,476000
71006123245,2019,78400,92700,171100
71010110056,2019,56000,207000,263000
70920216962,2019,16200,937800,954000
70918213095,2019,87000,220200,307200
71007101208,2019,122900,402300,525200
70929303265,2019,94800,155800,250600
70913434109,2019,0,18000,18000
80924425823,2019,400,1600,2000
71005111209,2019,65100,138900,204000
81023303019,2019,0,0,0
70828422033,2019,0,0,0
70836306112,2019,70000,330000,400000
60812212061,2019,22400,176000,198400
81028403111,2019,56900,137300,194200
80925412150,2019,62100,151600,213700
70919208095,2019,95500,122300,217800
80925309068,2019,62800,79200,142000
81032427090,2019,30300,124200,154500
70913430066,2019,20000,187900,207900
60801201075,2019,66700,157000,223700
60905218025,2019,0,0,0
70821205080,2019,98000,295900,393900
70913102144,2019,282000,16000,298000
71007116033,2019,84100,284400,368500
71002436098,2019,58900,240700,299600
60802304357,2019,90100,198400,288500
70926412142,2019,45600,0,45600
60801210258,2019,70100,155400,225500
80936404162,2019,72800,159000,231800
80925102032,2019,50800,127600,178400
70921319020,2019,82300,212200,294500
70923143922,2019,44900,615100,660000
70931404168,2019,102400,149900,252300
70929220146,2019,74600,198100,272700
71034106122,2019,58600,172000,230600
71005304177,2019,65100,254900,320000
70923170149,2019,2500,900,3400
71014215399,2019,7800,126800,134600
71011213106,2019,56900,187800,244700
71010101013,2019,50600,184600,235200
70920112061,2019,114400,134100,248500
70918320345,2019,20500,131600,152100
80925214308,2019,54300,125600,179900
71020308063,2019,10200,109800,120000
71003412063,2019,50600,197800,248400
70834307089,2019,210100,485500,695600
81028116079,2019,57300,184200,241500
81028102292,2019,59000,159700,218700
70932408010,2019,77000,146000,223000
70835105060,2019,14400,84200,98600
70922411023,2019,98300,220900,319200
60812324147,2019,28700,177300,206000
71009413081,2019,63300,120200,183500
70925304027,2019,210000,287000,497000
70912433061,2019,9000,91300,100300
60801213103,2019,75600,192600,268200
80924408853,2019,400,1600,2000
70922207084,2019,0,0,0
70914438712,2019,2200,22800,25000
70914437821,2019,1100,5900,7000
71009217392,2019,65500,0,65500
71016202138,2019,107700,151800,259500
80924310058,2019,64400,224100,288500
71014214127,2019,8100,127000,135100
70913113050,2019,124500,411800,536300
71015113047,2019,46500,170500,217000
81034110057,2019,64200,148800,213000
71002303122,2019,33300,194500,227800
71007112148,2019,90400,347900,438300
71011302123,2019,61200,175700,236900
71021107092,2019,60100,142900,203000
70930201044,2019,2380000,8820000,11200000
70913102037,2019,88200,131300,219500
70829410011,2019,9500,0,9500
70826408259,2019,69900,169100,239000
80925112156,2019,12100,258900,271000
81026355380,2019,22500,33800,56300
70825302080,2019,435000,5460000,5895000
70822412014,2019,40300,216700,257000
81034109175,2019,62400,176900,239300
70918311120,2019,133600,99000,232600
80936103045,2019,14900,98000,112900
80924406831,2019,400,1600,2000
70921203132,2019,0,0,0
71006313060,2019,70600,242100,312700
70835318069,2019,81600,318400,400000
71012101029,2019,0,0,0
81022106076,2019,1776100,27390000,29166100
70901110026,2019,55000,136900,191900
70829109119,2019,97300,312600,409900
80924443156,2019,13200,252200,265400
70922301026,2019,94100,234000,328100
70826309150,2019,116200,403800,520000
60905221060,2019,0,0,0
71015214150,2019,23000,273100,296100
71010407312,2019,52800,177700,230500
70913349267,2019,22400,170600,193000
71011409036,2019,178300,437000,615300
70828443071,2019,0,0,0
71015206230,2019,89600,276300,365900
70926111067,2019,81000,205000,286000
80924435856,2019,400,1600,2000
81029100013,2019,0,359300,359300
60802200951,2019,700,0,700
81033401100,2019,42000,38100,80100
70824306223,2019,78000,432000,510000
71006211222,2019,84900,142300,227200
70921221184,2019,125000,148800,273800
81021413208,2019,44800,153500,198300
70834204045,2019,85400,219600,305000
80925219233,2019,57100,152800,209900
70913111210,2019,158000,622000,780000
70923144342,2019,8000,7000,15000
71019411257,2019,9000,109200,118200
70913114305,2019,89000,156000,245000
60801316204,2019,24000,136800,160800
70826419090,2019,0,4000,4000
80925110168,2019,55200,137000,192200
60811103401,2019,103200,226600,329800
81031417034,2019,41200,140700,181900
70822414911,2019,15800,127200,143000
70823304103,2019,78600,154300,232900
71035204058,2019,0,0,0
71010310169,2019,49400,130000,179400
70833113122,2019,101200,268800,370000
70913119355,2019,100500,119000,219500
70923173408,2019,3300,5900,9200
70931206019,2019,69600,159300,228900
70826313086,2019,71500,213400,284900
60802418166,2019,58500,159700,218200
70930414043,2019,75600,218900,294500
71007222103,2019,385100,109900,495000
81019302190,2019,58100,178600,236700
60906111012,2019,63900,153300,217200
70913414250,2019,96100,219500,315600
71005231057,2019,46300,122000,168300
70932418043,2019,53300,147100,200400
70913346403,2019,69900,283700,353600
70934403050,2019,638300,1077200,1715500
70834405057,2019,86600,137900,224500
71015208054,2019,74300,164000,238300
60801101093,2019,69800,142900,212700
70929103160,2019,93100,238000,331100
81030314223,2019,55800,206200,262000
71006107207,2019,54100,162800,216900
71009202054,2019,51900,121200,173100
71010413236,2019,58100,155700,213800
71004301041,2019,59300,137100,196400
70923161148,2019,8000,7000,15000
71016403041,2019,63100,144000,207100
70823105121,2019,89400,241200,330600
70833111100,2019,96000,246000,342000
70836220015,2019,23400,174100,197500
71030210042,2019,87800,222200,310000
81031415020,2019,37600,215900,253500
71010205071,2019,61800,166700,228500
71035207408,2019,43900,198100,242000
80924412010,2019,8000,132400,140400
70932401254,2019,156200,248400,404600
70828314066,2019,88000,255200,343200
60801401112,2019,73300,164100,237400
60801315149,2019,78000,277000,355000
71003314011,2019,0,0,0
71005232021,2019,46300,146300,192600
80924412870,2019,400,1600,2000
70919414080,2019,111800,307000,418800
70936409212,2019,68800,180800,249600
70926205018,2019,77500,125200,202700
71034105124,2019,84900,211600,296500
70923163037,2019,44900,445100,490000
70930408103,2019,88700,241800,330500
70922237156,2019,132000,141000,273000
80924305041,2019,72500,291000,363500
70919104194,2019,98600,233900,332500
70823306117,2019,81100,222900,304000
60812201030,2019,77200,169900,247100
70826416020,2019,21500,118500,140000
71007214184,2019,201100,83200,284300
71005225050,2019,48500,75300,123800
70825204210,2019,363000,537000,900000
81019301069,2019,61300,155600,216900
81032403206,2019,40400,119000,159400
70923123289,2019,220500,514400,734900
70929124124,2019,0,10000,10000
60803111024,2019,56500,198200,254700
70828101059,2019,219900,1000,220900
70925204095,2019,82200,193800,276000
71006311056,2019,79400,169300,248700
70813304121,2019,93800,249600,343400
70834201223,2019,90000,292000,382000
70926107040,2019,76000,172700,248700
81021302097,2019,44200,143800,188000
70836216288,2019,5500,96700,102200
81031300023,2019,0,428000,428000
81030202171,2019,0,0,0
70930414035,2019,75600,233200,308800
70923174167,2019,3300,11700,15000
70828123011,2019,85300,181700,267000
70926105010,2019,33000,217300,250300
70931307023,2019,99000,161500,260500
70824207017,2019,106400,197900,304300
71005109113,2019,57000,388000,445000
60905207036,2019,57600,109500,167100
70922404284,2019,127800,139100,266900
81021302427,2019,48700,172900,221600
71009317085,2019,68700,122300,191000
70835125034,2019,500,1500,2000
71014107132,2019,9600,217200,226800
80924417888,2019,400,1600,2000
71003312304,2019,49500,140200,189700
70829108400,2019,105200,290200,395400
71014215026,2019,7800,128900,136700
70929303273,2019,83300,176300,259600
80924423695,2019,400,1600,2000
81022304183,2019,540500,0,540500
70913332056,2019,101000,149000,250000
71014214391,2019,8100,129000,137100
70826412036,2019,8200,63400,71600
60811116230,2019,18800,213200,232000
60906110204,2019,62200,228500,290700
70934301014,2019,253000,2237000,2490000
71007234017,2019,33900,171100,205000
81033401118,2019,32000,108400,140400
71009411259,2019,64000,119000,183000
70929212086,2019,78300,247700,326000
71003218015,2019,12100,71600,83700
70928116031,2019,118500,247400,365900
80925309109,2019,66000,116500,182500
71010415133,2019,65500,232100,297600
70816414290,2019,13100,196000,209100
70932423224,2019,48600,145700,194300
70919405097,2019,119100,262800,381900
71014303102,2019,0,0,0
60802309092,2019,93400,272500,365900
60811439327,2019,20000,187800,207800
71035114330,2019,64600,220200,284800
71004309061,2019,57200,118300,175500
70922238055,2019,25300,189700,215000
70927101067,2019,88300,206800,295100
70923409316,2019,61300,280500,341800
80924419165,2019,9900,171800,181700
71007225280,2019,124000,102200,226200
70919408356,2019,124200,265000,389200
70826416351,2019,21500,119600,141100
70932417144,2019,53000,152200,205200
70932210879,2019,0,5000,5000
70833108024,2019,78200,244700,322900
70932105046,2019,91900,122700,214600
81030203046,2019,84700,155100,239800
81032428048,2019,29100,135900,165000
70936302177,2019,57000,161000,218000
71030203013,2019,86100,162400,248500
70923127398,2019,97700,305000,402700
71015202105,2019,49600,174100,223700
71015113097,2019,43300,144800,188100
70836110092,2019,77100,330900,408000
71006446390,2019,3000,35000,38000
70920220054,2019,0,2600,2600
81027113109,2019,338700,0,338700
70913125146,2019,91900,383000,474900
70918319132,2019,20500,61600,82100
71007306262,2019,585900,265800,851700
70816406289,2019,163600,518600,682200
80935102163,2019,56100,94600,150700
71016205017,2019,64800,133700,198500
60812330425,2019,0,5000,5000
81028105337,2019,69700,234700,304400
71005221199,2019,65100,123400,188500
70922222123,2019,108000,692000,800000
70824310232,2019,14100,134600,148700
70914436310,2019,170700,1252300,1423000
60903208185,2019,14900,92300,107200
71003218057,2019,12100,71300,83400
60804107105,2019,95000,188500,283500
70835101042,2019,0,0,0
81023207138,2019,33600,148300,181900
70922405159,2019,127800,250000,377800
71006434337,2019,47000,318000,365000
71014216032,2019,7500,106000,113500
71009316011,2019,64100,203400,267500
70828115042,2019,90100,212000,302100
71004408269,2019,62100,158000,220100
70836418058,2019,65600,160400,226000
60801408142,2019,81900,149000,230900
71015405220,2019,46900,152900,199800
70923125079,2019,190800,241200,432000
81021107190,2019,46400,192800,239200
70835310164,2019,88100,217500,305600
70813333154,2019,26300,256800,283100
70920410142,2019,127600,259100,386700
60801102083,2019,71900,170600,242500
70836213292,2019,11600,130000,141600
70813331075,2019,55500,318600,374100
80936201188,2019,61100,99200,160300
70931309219,2019,99000,116400,215400
80925219192,2019,54500,144000,198500
71014216016,2019,7500,120200,127700
80925216198,2019,58000,147700,205700
71003315217,2019,53800,167200,221000
70932112124,2019,92200,235800,328000
70913205013,2019,68300,232800,301100
70922321298,2019,151400,407200,558600
70828311179,2019,66600,207700,274300
80924436028,2019,13300,224100,237400
71011123115,2019,34100,231700,265800
71003201078,2019,56100,131200,187300
71023401070,2019,305000,3370000,3675000
70922319045,2019,121400,343500,464900
71003207175,2019,53100,153500,206600
70824211068,2019,113700,256600,370300
71010212018,2019,57000,191600,248600
81031413157,2019,40400,167900,208300
71009312134,2019,68800,131900,200700
71001407040,2019,57200,194400,251600
71012215416,2019,17700,264100,281800
80926306063,2019,66300,180500,246800
71006417060,2019,60600,180300,240900
60801419248,2019,16600,189400,206000
70914438514,2019,2200,22800,25000
70824410157,2019,102700,281700,384400
81034307109,2019,48800,126600,175400
71010412030,2019,56400,158900,215300
70813108185,2019,142000,176900,318900
60811116537,2019,18800,216900,235700
70922209056,2019,81000,314000,395000
71009220030,2019,38000,143800,181800
70835123434,2019,6500,76500,83000
71006311163,2019,58100,290900,349000
70815309046,2019,63400,411800,475200
81023202013,2019,14500,0,14500
70936303159,2019,0,0,0
71014111026,2019,37500,178800,216300
60801304225,2019,71100,167700,238800
70834308813,2019,125000,349300,474300
70928114051,2019,104000,464000,568000
60812109044,2019,77700,179400,257100
70835315362,2019,51900,361800,413700
70836107065,2019,72100,205100,277200
60903206048,2019,72100,256800,328900
81031209233,2019,67000,223000,290000
70826313341,2019,72800,215500,288300
71011108018,2019,30000,210600,240600
70835301056,2019,123400,296800,420200
71030210183,2019,79600,166100,245700
81034410019,2019,74500,173700,248200
81031207203,2019,39800,83300,123100
71003403020,2019,55900,191600,247500
81016202153,2019,1400000,2000000,3400000
70923138478,2019,39600,407400,447000
70918321161,2019,0,2000,2000
70836304132,2019,90000,200000,290000
71003103117,2019,54300,251800,306100
70928102212,2019,100700,307900,408600
60801108172,2019,66100,164300,230400
71014216644,2019,7500,112100,119600
70836401037,2019,67600,173100,240700
71014303160,2019,57200,217100,274300
70836420061,2019,72900,142700,215600
60811111074,2019,103300,274100,377400
71008106158,2019,43900,201300,245200
70922322171,2019,188000,1397000,1585000
70827304042,2019,0,0,0
71003317023,2019,56200,238100,294300
70826413183,2019,8400,62300,70700
70922222115,2019,81000,464000,545000
71010108085,2019,56000,219000,275000
70823211241,2019,92100,248200,340300
81031218151,2019,37000,165200,202200
71015116083,2019,52000,157000,209000
80936202269,2019,55600,105000,160600
81019309146,2019,58900,172000,230900
70930408088,2019,79800,188600,268400
60801229027,2019,26600,114000,140600
60802309191,2019,109000,252400,361400
71007222020,2019,431400,338400,769800
81021403291,2019,51800,143400,195200
70912416017,2019,9000,95200,104200
60901201248,2019,61800,143600,205400
70913350785,2019,0,8000,8000
81028113140,2019,73500,212200,285700
70930202026,2019,0,0,0
70914301266,2019,527600,8837400,9365000
71010312040,2019,51700,144300,196000
70833111142,2019,95700,290700,386400
70823211100,2019,83900,180900,264800
60902103021,2019,20000,96200,116200
81028111128,2019,65900,172900,238800
70923413854,2019,0,5000,5000
81032411027,2019,50400,111500,161900
81034401125,2019,62500,153200,215700
70823402056,2019,33300,172100,205400
81015200984,2019,28400,0,28400
70919110258,2019,184100,115900,300000
70833407103,2019,44700,508100,552800
70922333037,2019,183200,407000,590200
71010404350,2019,59600,181900,241500
60802100870,2019,0,0,0
60801419404,2019,16600,187800,204400
71010302281,2019,54600,158700,213300
71010408138,2019,48800,160000,208800
70823413037,2019,29100,188100,217200
70928105175,2019,99100,352000,451100
71007226410,2019,86500,133700,220200
70828416010,2019,0,0,0
71014107306,2019,9600,185200,194800
71015119409,2019,50600,198600,249200
60802305389,2019,13800,198700,212500
81014303367,2019,11300,0,11300
70914422161,2019,147300,827900,975200
81021403184,2019,56100,163400,219500
60811116595,2019,18800,223400,242200
71012207033,2019,63600,215400,279000
70921312206,2019,78300,227900,306200
71006301114,2019,48000,262000,310000
70930103109,2019,73900,183500,257400
71006445045,2019,200000,6265000,6465000
71006431086,2019,109100,198700,307800
70836103138,2019,67600,204800,272400
71005217130,2019,63200,134400,197600
70816308055,2019,176600,381400,558000
70913326166,2019,281100,259900,541000
71001320218,2019,64400,171700,236100
70834426045,2019,29000,119000,148000
70932422169,2019,48800,87900,136700
70828412076,2019,0,0,0
81033401019,2019,59000,576000,635000
71006405057,2019,54100,190900,245000
70923317072,2019,74500,104500,179000
71004316123,2019,53400,191200,244600
71004302049,2019,54200,134000,188200
70833102216,2019,188100,359500,547600
60801206124,2019,70000,202200,272200
70932103488,2019,127500,307600,435100
70932116100,2019,135500,298500,434000
70921212076,2019,123300,358600,481900
70833307030,2019,0,0,0
71006135125,2019,2116500,0,2116500
70919107396,2019,124400,205800,330200
71006113189,2019,56300,183300,239600
70919223043,2019,101300,195600,296900
71016415070,2019,63800,140100,203900
71005412011,2019,41800,153100,194900
71001412049,2019,57200,184200,241400
70835301189,2019,93100,209500,302600
60802108105,2019,69300,153500,222800
70922315126,2019,121400,334100,455500
80935107147,2019,60500,152900,213400
71034103417,2019,0,0,0
70929115131,2019,112800,180500,293300
70824402039,2019,100800,215100,315900
81032311045,2019,46900,136200,183100
71034108095,2019,56400,176200,232600
70914438126,2019,2200,22800,25000
70923163615,2019,44900,175500,220400
71021222246,2019,125200,217300,342500
71016119127,2019,67400,135600,203000
71009307052,2019,68900,162100,231000
80926200984,2019,81600,103600,185200
60904108029,2019,94600,248900,343500
70922416031,2019,94200,392700,486900
71007203054,2019,84900,313100,398000
71007223268,2019,91900,448300,540200
70814429134,2019,41400,258400,299800
71015300917,2019,67500,59600,127100
70923216018,2019,0,0,0
70826201158,2019,497000,712000,1209000
81028119916,2019,10100,90200,100300
70816322104,2019,17300,224300,241600
70835202048,2019,170700,557300,728000
71007210075,2019,0,0,0
70925206041,2019,67800,166100,233900
70922438192,2019,61300,248700,310000
71008108914,2019,1100,8900,10000
70923156644,2019,5000,10000,15000
71007306428,2019,0,0,0
81031206156,2019,54000,147600,201600
70932407012,2019,82600,237900,320500
80936113060,2019,13800,107200,121000
71014209110,2019,55600,187400,243000
70921421049,2019,114900,360400,475300
70914306018,2019,103100,106900,210000
70821408189,2019,107000,378100,485100
71006117040,2019,60300,275100,335400
70823402147,2019,33300,172100,205400
70929105067,2019,98500,299800,398300
70923167344,2019,6500,18500,25000
70931417054,2019,85200,299800,385000
81033410086,2019,20000,5000,25000
60802313043,2019,103600,281500,385100
71005332045,2019,101100,401300,502400
71021201109,2019,56500,146700,203200
70929215030,2019,107800,228600,336400
70918409115,2019,176700,373700,550400
70914419176,2019,97900,319500,417400
70923167899,2019,3400,13800,17200
70922332063,2019,183200,639000,822200
70928112146,2019,108400,259800,368200
70829110041,2019,101200,365900,467100
81032427058,2019,37900,96300,134200
60801302237,2019,68600,161600,230200
70918101092,2019,838100,454700,1292800
70920405250,2019,126600,141800,268400
70928317027,2019,144800,586700,731500
70913348011,2019,4300,159600,163900
81030308135,2019,58600,157000,215600
60811421051,2019,18600,196800,215400
80924434105,2019,10600,187900,198500
70823209270,2019,120200,211800,332000
70936407323,2019,58800,176400,235200
71010407130,2019,56100,145700,201800
60812331134,2019,0,100,100
70835122981,2019,6500,72800,79300
70931306116,2019,141300,164900,306200
71011113207,2019,69100,274400,343500
70836213268,2019,11600,117400,129000
70923154052,2019,0,7500,7500
71015111059,2019,43100,101900,145000
70931303162,2019,99000,135400,234400
70921211250,2019,70600,233200,303800
60812106313,2019,79200,176300,255500
70813324179,2019,142500,431800,574300
70929215246,2019,87900,226200,314100
71009203044,2019,48300,152000,200300
70931407055,2019,66600,118400,185000
70919201015,2019,56100,240800,296900
80925202163,2019,54700,138900,193600
70835301080,2019,123400,286800,410200
70918311013,2019,96600,103000,199600
60812405632,2019,73700,221600,295300
80924413836,2019,400,1600,2000
80926108071,2019,50800,134900,185700
71034102261,2019,46700,203200,249900
70932425022,2019,0,0,0
70933207015,2019,2134000,2056000,4190000
70823113158,2019,89400,255900,345300
81032306054,2019,76000,134000,210000
71006406211,2019,54100,171900,226000
70922440056,2019,88100,178700,266800
70823404119,2019,40000,168300,208300
70824415165,2019,11300,84600,95900
60801308285,2019,79300,172900,252200
70814207267,2019,85000,200000,285000
70931102176,2019,128100,144400,272500
71006111117,2019,69200,134700,203900
70826211222,2019,13700,65800,79500
70920406125,2019,145400,194900,340300
70824220069,2019,106200,216000,322200
70930410025,2019,76200,343700,419900
81028102127,2019,59000,139200,198200
70834201158,2019,95700,256300,352000
71014214218,2019,8100,95000,103100
70823102086,2019,76700,343300,420000
80925409181,2019,55200,144600,199800
70933201405,2019,145400,214000,359400
70914419126,2019,304000,1414100,1718100
70923115046,2019,1962000,1349000,3311000
81021308045,2019,10000,100200,110200
81033402140,2019,51400,179300,230700
70923152543,2019,48900,1325700,1374600
71005341020,2019,102800,313300,416100
60801307089,2019,74100,143500,217600
60801112090,2019,59500,162000,221500
70922328088,2019,127300,276700,404000
70829402034,2019,12700,0,12700
70825209624,2019,3000,8000,11000
81030203236,2019,48000,128900,176900
71005314035,2019,60900,219300,280200
70829102147,2019,105800,279200,385000
81034207185,2019,88000,847000,935000
60811116628,2019,18800,219700,238500
70821213190,2019,100,0,100
70836115133,2019,74700,177200,251900
71006118147,2019,27900,223800,251700
70913209362,2019,124000,444600,568600
70935204960,2019,407000,1873000,2280000
70919401087,2019,101900,261400,363300
81031411078,2019,42600,102900,145500
60801212022,2019,71100,190200,261300
70816319119,2019,182300,449000,631300
71014216206,2019,7500,127700,135200
70826410197,2019,67400,158400,225800
80925210281,2019,55800,186700,242500
70913433135,2019,7400,167700,175100
70921115204,2019,124400,310400,434800
70920219031,2019,400,14600,15000
81031216022,2019,46600,85300,131900
70921213264,2019,79400,346500,425900
70920219792,2019,0,0,0
71015404074,2019,0,0,0
71001337023,2019,63800,106600,170400
70834307211,2019,192800,379600,572400
70929103061,2019,75500,238900,314400
70828112072,2019,97000,185400,282400
70833105070,2019,141200,424100,565300
81032412033,2019,43800,145200,189000
71006111290,2019,45700,171300,217000
71014213195,2019,60300,204800,265100
81015105118,2019,59400,181300,240700
71011114073,2019,71000,211700,282700
71010301051,2019,53600,127400,181000
70914437988,2019,1100,5900,7000
80936205065,2019,66400,67600,134000
70921219288,2019,162900,409800,572700
71002406299,2019,40300,214100,254400
80924425154,2019,8600,166800,175400
71010101039,2019,53000,220800,273800
70822110105,2019,53900,196100,250000
71006446150,2019,3000,35000,38000
81032314057,2019,12000,144200,156200
70815403103,2019,946000,4214000,5160000
70813333253,2019,26300,324700,351000
70936311128,2019,62700,138300,201000
70919410020,2019,108100,230600,338700
70815305044,2019,158100,329900,488000
70823413227,2019,29100,157800,186900
60802105078,2019,73700,209000,282700
70919221146,2019,98400,275800,374200
70928219017,2019,92400,182600,275000
70816322302,2019,17300,226100,243400
70919303093,2019,93000,215700,308700
60811301013,2019,86600,204900,291500
70929223174,2019,93800,295700,389500
80924438850,2019,400,1600,2000
71003105030,2019,55700,219700,275400
70926409222,2019,81800,79500,161300
60801216074,2019,70000,182400,252400
70914410025,2019,249000,2288000,2537000
81026416017,2019,4000,0,4000
71005326064,2019,105800,278700,384500
70920304064,2019,102500,230000,332500
81031203087,2019,40600,134000,174600
70913433193,2019,6000,153800,159800
70929201154,2019,103200,333700,436900
60902205108,2019,232000,745000,977000
70932108115,2019,132100,224700,356800
70921305102,2019,155500,351100,506600
70923308146,2019,43600,453700,497300
80925116067,2019,13500,210100,223600
70924203030,2019,222000,596000,818000
81022301105,2019,88000,292000,380000
60811112121,2019,117100,464500,581600
70921221118,2019,133900,249600,383500
80936401085,2019,0,0,0
60811428049,2019,79600,214300,293900
71005227212,2019,38400,226600,265000
81023209275,2019,0,1200,1200
71003104016,2019,120000,460000,580000
80925109236,2019,50800,111600,162400
60801312442,2019,84600,219600,304200
70822208059,2019,113000,0,113000
70813330100,2019,55500,322500,378000
70912402157,2019,94000,326000,420000
70920307084,2019,101800,295700,397500
70922439364,2019,84800,277400,362200
70923156610,2019,5000,10000,15000
70826421508,2019,0,4000,4000
81034401216,2019,62700,167300,230000
70926226014,2019,0,0,0
70923150282,2019,62000,423000,485000
70923153335,2019,1300,23700,25000
81034202226,2019,67400,205700,273100
71002303099,2019,33000,215000,248000
70933405122,2019,83400,167000,250400
71020308112,2019,10200,113800,124000
70823202224,2019,128600,248700,377300
71015103030,2019,67900,189800,257700
71009409030,2019,70900,175100,246000
70921125071,2019,124400,268200,392600
70834308178,2019,43500,431500,475000
70835320064,2019,84900,355000,439900
60811205140,2019,95800,217000,312800
70920123125,2019,15200,88400,103600
81031201172,2019,48600,163500,212100
81034115031,2019,27500,112500,140000
80925116158,2019,13500,213200,226700
70919224041,2019,101300,195800,297100
71011125070,2019,65500,257500,323000
81026415134,2019,100,0,100
70828112113,2019,90100,214400,304500
70835202329,2019,106200,281200,387400
70820109069,2019,138300,0,138300
80924421839,2019,400,1600,2000
80924432878,2019,400,1600,2000
70836408140,2019,57800,192900,250700
70924219441,2019,0,25000,25000
71014207172,2019,56100,167000,223100
70836405641,2019,59900,165100,225000
71006312228,2019,52100,167600,219700
70919201031,2019,54900,199800,254700
70913350313,2019,0,15000,15000
70930410124,2019,85800,221000,306800
70826410262,2019,64200,170400,234600
70813328254,2019,134700,273000,407700
71005226181,2019,62800,208100,270900
70922307082,2019,108900,397100,506000
70921305061,2019,173600,412400,586000
60802313027,2019,96700,262100,358800
70929115074,2019,111700,196500,308200
80924411963,2019,400,1600,2000
70932405123,2019,154000,420000,574000
70922431170,2019,96200,342600,438800
70824207075,2019,115900,303500,419400
71035203125,2019,69300,229900,299200
60802420070,2019,13100,118800,131900
71035207309,2019,43900,200800,244700
70815309054,2019,127300,785200,912500
71015204333,2019,69900,155100,225000
71006130224,2019,47500,229600,277100
80936412058,2019,73400,144800,218200
60811435078,2019,104800,216100,320900
70920216748,2019,13000,486200,499200
80936100942,2019,0,0,0
70834214549,2019,40800,415900,456700
70922417047,2019,75400,254000,329400
71010103051,2019,70700,187100,257800
70834212098,2019,70100,244200,314300
70834428364,2019,20300,162700,183000
70913113109,2019,65300,257700,323000
71008101017,2019,0,0,0
70919101033,2019,0,0,0
80924429990,2019,400,1600,2000
71035205163,2019,66800,236100,302900
70901113210,2019,16300,88700,105000
71005304094,2019,68000,221900,289900
60812302549,2019,71200,191100,262300
70833404050,2019,139400,360700,500100
71009217318,2019,10600,0,10600
60906109215,2019,71900,150600,222500
60801233010,2019,30000,108500,138500
80924419933,2019,400,1600,2000
70921206251,2019,71500,157600,229100
81026370114,2019,7500,0,7500
81031404304,2019,38200,136400,174600
70829103103,2019,66900,261100,328000
70834305108,2019,139700,419100,558800
70928108088,2019,107000,243000,350000
60801419529,2019,16600,205900,222500
70932405131,2019,437000,645000,1082000
60802413116,2019,83000,678000,761000
80925403208,2019,58600,111500,170100
60801226289,2019,16200,160800,177000
70929416183,2019,94800,265800,360600
70923148617,2019,4200,800,5000
70923144227,2019,8000,7000,15000
70928111221,2019,122500,394600,517100
81028118934,2019,8700,49300,58000
70822105461,2019,1038000,5922000,6960000
70913132026,2019,569800,998000,1567800
71007201206,2019,90400,393000,483400
70926404214,2019,80600,144200,224800
70828444144,2019,0,0,0
71002107277,2019,9500,140200,149700
70928116106,2019,119900,230100,350000
70932423208,2019,51100,87700,138800
70814415084,2019,88300,240500,328800
70919308093,2019,100100,149200,249300
81028118455,2019,7100,64600,71700
70920218562,2019,300,14700,15000
70826403324,2019,96300,259700,356000
70921208166,2019,101000,369000,470000
70926101266,2019,80200,183400,263600
70820109100,2019,100,0,100
80936404146,2019,72700,201300,274000
70929416084,2019,97700,303000,400700
70931410248,2019,103400,137400,240800
70931302073,2019,122100,175600,297700
70923163649,2019,44900,412800,457700
81033403049,2019,64900,0,64900
71015208020,2019,74300,210700,285000
80925413116,2019,48500,146700,195200
70813304329,2019,83100,203700,286800
70833409042,2019,46200,199100,245300
70836304257,2019,50800,118700,169500
70826310165,2019,100200,356700,456900
70919310139,2019,100700,148400,249100
71007110019,2019,84900,274600,359500
80935108400,2019,694200,555800,1250000
70929217193,2019,91600,236200,327800
81033303041,2019,86000,414000,500000
70923173440,2019,3300,5900,9200
70922237148,2019,132000,309000,441000
70901113806,2019,15900,86100,102000
71033200983,2019,0,0,0
70828111115,2019,95200,195800,291000
71015119110,2019,43300,178400,221700
70814203132,2019,101200,234000,335200
70923168954,2019,6500,18500,25000
70918321963,2019,0,2000,2000
70926105028,2019,80300,260400,340700
71016411169,2019,61600,153600,215200
70914302123,2019,257000,1432000,1689000
70931414422,2019,62700,210700,273400
70835124622,2019,500,1500,2000
70825209244,2019,32000,84000,116000
71015212063,2019,71900,234200,306100
70923173193,2019,3300,11700,15000
70913349382,2019,34900,228900,263800
71001301119,2019,74700,169700,244400
70912407397,2019,105400,206200,311600
60811114086,2019,122200,280400,402600
71035207375,2019,43900,198100,242000
60906207035,2019,67000,168000,235000
70826304043,2019,1279200,5382600,6661800
60812118160,2019,20500,159600,180100
70923164358,2019,44900,288500,333400
71003207092,2019,53100,174000,227100
70920304113,2019,111200,306800,418000
81021307104,2019,56400,192200,248600
81034205098,2019,69600,191800,261400
70920218405,2019,400,14600,15000
71001312017,2019,0,0,0
80924402128,2019,8200,118500,126700
81026360082,2019,100,0,100
70932418168,2019,53100,110500,163600
71006446027,2019,3000,35000,38000
80936201261,2019,70700,104800,175500
60802312095,2019,98400,290900,389300
60803113096,2019,127300,381500,508800
70835315031,2019,51900,307500,359400
71007243266,2019,0,15000,15000
60903207038,2019,0,0,0
60812328587,2019,0,1000,1000
70822105411,2019,0,0,0
70923146512,2019,8000,7000,15000
70923167451,2019,6500,13500,20000
60801313044,2019,116900,168600,285500
80925103048,2019,54700,120900,175600
70920306028,2019,94300,227600,321900
81015402019,2019,0,0,0
70923319044,2019,94000,284000,378000
80924406807,2019,400,100,500
60801412101,2019,78800,233800,312600
70930409151,2019,74300,213000,287300
70919401409,2019,120800,262600,383400
70823406462,2019,54400,242200,296600
70919306047,2019,136500,243700,380200
70913346594,2019,124800,811200,936000
71006206091,2019,63800,231800,295600
70833205599,2019,29200,268300,297500
70913316109,2019,264000,424700,688700
71003407337,2019,55300,215900,271200
71006405213,2019,68000,276600,344600
81031201148,2019,48600,165100,213700
70833107042,2019,129900,386100,516000
60811412307,2019,98100,231100,329200
81022101092,2019,814500,0,814500
71010104273,2019,57600,180000,237600
70921214296,2019,122900,357100,480000
80925116760,2019,800,1200,2000
70833302022,2019,135500,403900,539400
70828418032,2019,0,0,0
70928302200,2019,91600,242200,333800
70935113070,2019,49200,122800,172000
70923159193,2019,8000,7000,15000
70824110038,2019,0,0,0
81026416132,2019,700,0,700
71006307211,2019,69200,213600,282800
81021407079,2019,65100,171200,236300
70922234095,2019,122000,338000,460000
70921213199,2019,78800,338000,416800
80924431680,2019,400,1600,2000
70931403269,2019,106800,223700,330500
81031411127,2019,45700,83800,129500
71007316112,2019,39700,268100,307800
60906106229,2019,72700,207400,280100
80925210273,2019,55800,198000,253800
71011114156,2019,65800,232200,298000
70836310973,2019,0,2000,2000
70826310074,2019,107000,368000,475000
70814303130,2019,87700,269600,357300
70821204165,2019,168000,350000,518000
70834406013,2019,519000,6684000,7203000
70923154515,2019,0,7500,7500
71012214038,2019,19400,186300,205700
80925303292,2019,56100,165500,221600
60812302200,2019,69600,192600,262200
71015403290,2019,50700,177300,228000
70913209114,2019,83600,332500,416100
70823110063,2019,89400,209300,298700
71003204171,2019,53100,192000,245100
70913331214,2019,1600,0,1600
60802316154,2019,18000,0,18000
81034413146,2019,0,0,0
70913434464,2019,0,2300,2300
70920216194,2019,10300,284700,295000
70921214022,2019,111900,260500,372400
70923310240,2019,1100300,6087300,7187600
71010209320,2019,18000,154900,172900
70923147114,2019,8000,7000,15000
70923154622,2019,0,7500,7500
60811116173,2019,18800,204000,222800
70835319067,2019,91000,349000,440000
70929216111,2019,87900,235600,323500
60802418231,2019,59800,174000,233800
70928221054,2019,108400,287500,395900
70913344019,2019,30700,283300,314000
70924201315,2019,71600,182000,253600
70822407049,2019,122000,345000,467000
71011121086,2019,47300,217500,264800
71003405084,2019,54300,198000,252300
80924424099,2019,8600,166800,175400
70929420176,2019,0,0,0
81034307026,2019,44200,133800,178000
70923411585,2019,29700,258300,288000
70922344050,2019,240400,264600,505000
70923166057,2019,38500,203500,242000
81034409244,2019,66900,163400,230300
70826304019,2019,0,0,0
81034306135,2019,71000,354000,425000
70920418229,2019,121600,177200,298800
70926109012,2019,80300,184900,265200
70922423200,2019,79400,241400,320800
71008108972,2019,1100,8900,10000
70918220248,2019,150000,181700,331700
60904107154,2019,89100,176200,265300
60812207400,2019,79900,222000,301900
60801113048,2019,70100,123000,193100
70928311061,2019,0,0,0
80924101291,2019,96200,240100,336300
60802302301,2019,92700,236500,329200
70933405015,2019,90100,137500,227600
71007302088,2019,205000,494000,699000
60801217030,2019,84700,139000,223700
70932303111,2019,75600,128900,204500
81032302185,2019,37200,148700,185900
70923149079,2019,7300,9700,17000
70923179224,2019,65500,0,65500
71001404088,2019,0,0,0
71006211107,2019,69200,171000,240200
81032404072,2019,332000,3248000,3580000
71004312155,2019,58900,150500,209400
70923201118,2019,383000,851000,1234000
70823114057,2019,93800,381800,475600
60901103163,2019,59200,143800,203000
71004315183,2019,58500,130400,188900
70828315014,2019,0,0,0
60903203036,2019,79100,174000,253100
71007219176,2019,136300,327100,463400
71005203022,2019,49800,196600,246400
70826417789,2019,21500,125500,147000
71006403027,2019,62600,169700,232300
80924429966,2019,400,1600,2000
70923164499,2019,44900,415100,460000
70823118166,2019,12800,87300,100100
70826422324,2019,0,4000,4000
80925412465,2019,56200,150300,206500
71035117087,2019,69600,197000,266600
81034408064,2019,69700,174700,244400
70922414069,2019,64300,223800,288100
60903206246,2019,79800,197100,276900
70835108048,2019,154500,328100,482600
81031205091,2019,36300,105900,142200
70918306254,2019,74800,128700,203500
71014301073,2019,61900,169000,230900
70833111225,2019,86500,279500,366000
60802421044,2019,76500,245600,322100
70826420518,2019,0,4000,4000
70813301078,2019,80200,143600,223800
80925305090,2019,68600,107700,176300
71021222171,2019,64000,222000,286000
70926410039,2019,0,0,0
70836205124,2019,71700,198800,270500
70836417084,2019,64900,192300,257200
70901113111,2019,17800,99200,117000
70923165356,2019,52800,307200,360000
71014108205,2019,10700,160200,170900
70922424167,2019,96300,205000,301300
70836103039,2019,77100,168900,246000
70923140283,2019,1500,13500,15000
71015407028,2019,49800,181400,231200
70926104103,2019,80400,190100,270500
81026360355,2019,5700,0,5700
71005326238,2019,101700,228300,330000
70913347865,2019,2500,12500,15000
71015209052,2019,47100,320400,367500
80926103279,2019,60700,154200,214900
71014203360,2019,62900,195000,257900
70926409339,2019,2800,0,2800
70919411044,2019,0,0,0
70931310167,2019,52300,142700,195000
70913350488,2019,0,15000,15000
70912407272,2019,120400,242600,363000
70921413111,2019,129200,502400,631600
60801101176,2019,57000,144500,201500
70923156107,2019,3300,11700,15000
70919401201,2019,99100,185200,284300
70813310186,2019,14900,184800,199700
80925412358,2019,64500,160500,225000
71009312100,2019,68800,200000,268800
81031402085,2019,35900,155900,191800
71003216168,2019,89000,336000,425000
70919224033,2019,101300,151000,252300
70813333013,2019,26300,233900,260200
71010112036,2019,53400,186000,239400
71015116215,2019,46200,256800,303000
70926114037,2019,80100,152800,232900
70833413019,2019,44700,473400,518100
70922316033,2019,91400,320100,411500
71010120188,2019,53600,163300,216900
60802316245,2019,18000,193200,211200
71007115184,2019,82600,231300,313900
70835207030,2019,88300,198700,287000
70923173721,2019,3300,5900,9200
80925217089,2019,57400,157900,215300
71026403049,2019,71300,280200,351500
70932411203,2019,82600,78200,160800
71005413267,2019,55100,125700,180800
60802307096,2019,19400,150500,169900
70913128992,2019,800,11200,12000
71035106080,2019,68200,253300,321500
70824403136,2019,107400,286300,393700
70920405094,2019,114400,217300,331700
71027413071,2019,69700,168400,238100
71022301031,2019,95500,247500,343000
71022102059,2019,393000,1338000,1731000
71002303247,2019,36500,209500,246000
71006130191,2019,44000,546000,590000
70919402027,2019,114800,303100,417900
60812304115,2019,73800,202000,275800
70914438184,2019,2200,22800,25000
70935305172,2019,150000,108000,258000
70935307269,2019,4900,52400,57300
70913334086,2019,30600,293000,323600
60812214075,2019,19100,192300,211400
80924412052,2019,9200,141000,150200
80936414187,2019,76800,151600,228400
71007110051,2019,84900,294200,379100
80924411971,2019,400,1600,2000
81030212998,2019,0,0,0
71014203097,2019,54300,176600,230900
81015108071,2019,62800,167500,230300
80926205025,2019,63400,207300,270700
70828442156,2019,0,0,0
70924218287,2019,42200,462400,504600
71004303063,2019,49200,166100,215300
70921108027,2019,157000,333000,490000
70923167584,2019,6500,18500,25000
71009308141,2019,66000,130000,196000
81021105029,2019,63000,181300,244300
70828401996,2019,0,0,0
70828401037,2019,0,0,0
71002107368,2019,9500,152500,162000
60802408125,2019,67000,172300,239300
71015102090,2019,66100,150000,216100
70813310483,2019,21600,196500,218100
71007303101,2019,115300,275100,390400
70923149277,2019,7300,14700,22000
71009305105,2019,69000,158200,227200
81027204049,2019,1129200,2390300,3519500
70931414381,2019,63100,183800,246900
70920305228,2019,99100,428600,527700
80926205083,2019,69000,208500,277500
70913354224,2019,0,15000,15000
60801217048,2019,85200,134700,219900
71007219209,2019,136300,360400,496700
60802105151,2019,68900,152300,221200
70914437417,2019,1100,5900,7000
81032308084,2019,36700,109600,146300
70914407064,2019,204000,748000,952000
71015201058,2019,61100,139200,200300
80936206021,2019,54900,0,54900
70929203051,2019,88700,229300,318000
70922221042,2019,176900,337600,514500
70930416023,2019,75600,303500,379100
81032307036,2019,44900,299100,344000
70829112013,2019,76100,259900,336000
71004404267,2019,53800,152200,206000
60812306070,2019,78100,254400,332500
70929108110,2019,116400,287600,404000
70921403170,2019,142900,312800,455700
71009217334,2019,10600,0,10600
70923140217,2019,1500,13500,15000
70924219269,2019,0,25000,25000
60802103262,2019,86600,174100,260700
60811302243,2019,76400,221200,297600
70934102016,2019,0,0,0
70823404416,2019,35400,177400,212800
70829109151,2019,109900,423200,533100
60802115431,2019,20500,122700,143200
80925309018,2019,62800,109000,171800
70828302053,2019,0,0,0
71005330130,2019,106500,271000,377500
70836205091,2019,71700,182500,254200
81031416036,2019,43200,205600,248800
70914438150,2019,1100,5900,7000
70918210091,2019,138500,370400,508900
81019306085,2019,57800,155100,212900
81026355439,2019,3800,0,3800
70912417015,2019,9000,91300,100300
70923147122,2019,8000,7000,15000
80925202113,2019,56100,145800,201900
70823110964,2019,0,0,0
70926414198,2019,46100,70000,116100
80935106123,2019,72400,210400,282800
71002106261,2019,9500,153300,162800
80926105324,2019,54500,130800,185300
80925125018,2019,12900,274900,287800
70823403327,2019,45600,344800,390400
71014215183,2019,7800,81800,89600
81034117011,2019,68200,288300,356500
70836405229,2019,63600,140300,203900
81032410061,2019,56900,124300,181200
70826419222,2019,0,4000,4000
70921419010,2019,80700,255900,336600
70918412035,2019,129700,164700,294400
70926413083,2019,45600,96900,142500
70923153781,2019,1300,23700,25000
71005222189,2019,50200,199300,249500
70913347097,2019,2500,12500,15000
80924445087,2019,13400,256900,270300
60803106140,2019,101400,130500,231900
70833122016,2019,73000,303300,376300
71016111206,2019,0,0,0
70935207146,2019,34900,91000,125900
80935106131,2019,66400,178700,245100
71030201273,2019,251000,198500,449500
71005303096,2019,51000,466500,517500
71006405156,2019,54100,216700,270800
70921404011,2019,0,0,0
70816407154,2019,162800,395400,558200
70821114257,2019,61300,231400,292700
71005310059,2019,51700,178200,229900
71006423166,2019,57000,186000,243000
71016205083,2019,64400,178600,243000
71005318144,2019,87500,319500,407000
70929224148,2019,86100,184600,270700
70920411190,2019,132100,160700,292800
70834426110,2019,23400,98800,122200
70826421186,2019,0,4000,4000
81032405054,2019,229000,897500,1126500
60812103137,2019,84200,184700,268900
71003310142,2019,51200,155200,206400
70919226146,2019,103700,224100,327800
71007204250,2019,0,0,0
70929113119,2019,89800,235100,324900
71006311030,2019,88000,154800,242800
70935202310,2019,66200,177800,244000
71011410083,2019,0,0,0
71007225206,2019,47000,612400,659400
70932417037,2019,53900,145800,199700
71034106081,2019,62600,178200,240800
60801113030,2019,66800,140800,207600
71006410064,2019,68000,302500,370500
70833412095,2019,46200,208800,255000
70921304154,2019,154800,432200,587000
71015119277,2019,49500,116500,166000
60801305174,2019,75200,155100,230300
70901113541,2019,11800,74700,86500
70930101012,2019,81400,210600,292000
70922411106,2019,165000,1027000,1192000
70933410022,2019,567000,2767000,3334000
71011208058,2019,21300,189600,210900
80924436945,2019,400,1600,2000
60812405426,2019,81600,186700,268300
71001331017,2019,59600,206400,266000
81028114065,2019,57100,154300,211400
70926417035,2019,35700,96300,132000
71011422054,2019,24900,176600,201500
71004302396,2019,48000,167000,215000
70834302071,2019,190900,446100,637000
71022104021,2019,0,0,0
71005301181,2019,54400,179400,233800
60802305214,2019,13800,198700,212500
70823307222,2019,76300,202200,278500
70932206109,2019,84100,213600,297700
70914437813,2019,1100,5900,7000
70929114175,2019,82400,170400,252800
70928324022,2019,150800,427500,578300
70826312228,2019,72500,229600,302100
70920403121,2019,114400,218500,332900
70921315135,2019,105200,196900,302100
70930102119,2019,88000,280000,368000
70835208210,2019,78200,189500,267700
70913412014,2019,0,0,0
70823210045,2019,77100,166100,243200
71006101118,2019,44400,120600,165000
70835305115,2019,80300,184600,264900
60801213187,2019,70100,159500,229600
70921417361,2019,151400,267300,418700
81032102098,2019,109500,274300,383800
70834208013,2019,0,0,0
60812319015,2019,82300,232600,314900
81027107053,2019,36700,112000,148700
70929124041,2019,0,10000,10000
70922224153,2019,127500,210500,338000
70913106328,2019,97600,110400,208000
70931407245,2019,73900,126700,200600
71006123120,2019,44600,172000,216600
70918307301,2019,88600,114400,203000
70921221085,2019,121400,223000,344400
80936104027,2019,13800,111200,125000
70835305230,2019,85700,222700,308400
71011309062,2019,71000,187500,258500
70836109160,2019,115900,199400,315300
71003111011,2019,20500,135500,156000
71002436014,2019,60300,235600,295900
70816402229,2019,208900,471900,680800
70923152650,2019,0,1100,1100
70918323018,2019,26400,111300,137700
71006446192,2019,3000,35000,38000
70918307038,2019,75400,129700,205100
71010207366,2019,52900,157000,209900
60802311104,2019,95400,227700,323100
70829111213,2019,73800,0,73800
70924218427,2019,51300,743300,794600
71010405077,2019,83400,113500,196900
60801410163,2019,75800,190500,266300
71007305107,2019,99200,389800,489000
70826419248,2019,0,4000,4000
80925306452,2019,67100,90500,157600
71010108168,2019,57200,158700,215900
70813320408,2019,14600,103100,117700
71007302153,2019,108300,242500,350800
60802304141,2019,98600,265100,363700
71010219030,2019,10600,101200,111800
71005230025,2019,54600,114600,169200
71019411447,2019,9000,67200,76200
81032407042,2019,35000,0,35000
70826309027,2019,107600,331000,438600
71035115023,2019,64600,265600,330200
70922418110,2019,59400,174400,233800
70824310076,2019,13500,138300,151800
60801226370,2019,16200,154800,171000
71007214209,2019,113300,54300,167600
70835203103,2019,129200,355700,484900
70922320076,2019,153200,271800,425000
70923167336,2019,6500,18500,25000
71006123063,2019,44600,193500,238100
70921213107,2019,67300,161000,228300
70922317156,2019,101100,378900,480000
70918412077,2019,127900,104300,232200
71010218123,2019,10900,106400,117300
81016301062,2019,0,0,0
71011112275,2019,57400,231700,289100
71006130109,2019,52800,102600,155400
81032102056,2019,86900,54100,141000
70826418323,2019,21200,109100,130300
60801118139,2019,66700,172800,239500
71003311306,2019,51800,120400,172200
70817404026,2019,0,0,0
70918320379,2019,20500,142500,163000
71009201080,2019,51500,165800,217300
71015106290,2019,59200,119100,178300
70921110080,2019,124200,387800,512000
81026351114,2019,46900,229700,276600
70922317065,2019,99000,695000,794000
70835309034,2019,80500,230500,311000
71015203301,2019,49600,168500,218100
70828321061,2019,12200,0,12200
70913433276,2019,13500,285000,298500
71010107285,2019,55100,220500,275600
81028106054,2019,420500,746500,1167000
70931303104,2019,110100,163300,273400
71009216071,2019,50300,171700,222000
71003305028,2019,53000,138800,191800
81032307028,2019,50100,161100,211200
70826315420,2019,47500,0,47500
60801302188,2019,73500,186500,260000
70928207012,2019,105800,236300,342100
80924102182,2019,96200,282600,378800
70835107397,2019,0,0,0
71006124011,2019,44400,147200,191600
81015102057,2019,57400,196400,253800
70820105067,2019,100,0,100
80936119068,2019,13800,94000,107800
81021307013,2019,53500,203100,256600
70913109124,2019,106200,49800,156000
70913433101,2019,11700,273600,285300
70919413024,2019,109600,204800,314400
71015215067,2019,23000,277000,300000
70936408214,2019,62200,183700,245900
70930408096,2019,75800,175800,251600
71005221090,2019,63800,239100,302900
71021224052,2019,66100,189400,255500
70919402019,2019,122100,230200,352300
71005202066,2019,38300,152700,191000
70913202142,2019,71000,275100,346100
70826416707,2019,21500,119600,141100
70919219141,2019,90800,220000,310800
71016111016,2019,45500,119000,164500
71005316180,2019,55000,177500,232500
60811108203,2019,103100,280300,383400
60812121212,2019,82800,238500,321300
70827401062,2019,0,0,0
80925407086,2019,51600,198400,250000
81031207039,2019,36300,100700,137000
80926311088,2019,69500,271300,340800
70922111079,2019,92000,259100,351100
81023304075,2019,35600,152700,188300
60804206098,2019,109200,0,109200
70922436021,2019,145900,200100,346000
71015119334,2019,46000,150400,196400
70820115214,2019,100,0,100
70823307058,2019,82300,167100,249400
71003303048,2019,56300,115600,171900
70923133212,2019,77400,167600,245000
70923143683,2019,44900,292100,337000
70922111029,2019,160000,1730000,1890000
80924407128,2019,7600,128300,135900
71020309186,2019,23800,176000,199800
71016100994,2019,2534000,21779000,24313000
81031303043,2019,107000,253000,360000
71007305165,2019,104700,365700,470400
70914410249,2019,0,0,0
71014215646,2019,7800,124400,132200
70816322039,2019,17300,102600,119900
71010413137,2019,54000,151800,205800
81021416252,2019,0,0,0
70928106206,2019,77000,249000,326000
70813325127,2019,15400,184600,200000
70936302127,2019,63800,141000,204800
70829402018,2019,15100,0,15100
70923167419,2019,6500,13500,20000
71015110069,2019,48600,137400,186000
60801310123,2019,0,0,0
71027106072,2019,0,0,0
70826412135,2019,10000,76700,86700
70824402229,2019,110000,311300,421300
71006119054,2019,79400,138800,218200
70931302172,2019,110700,175900,286600
71009209141,2019,50800,162400,213200
81019304245,2019,63200,112000,175200
70923132305,2019,129400,158900,288300
70919211098,2019,91500,183300,274800
70923142065,2019,44900,257500,302400
80924408035,2019,8000,136000,144000
70931212321,2019,74800,271800,346600
71010206194,2019,59700,180100,239800
70826416682,2019,18400,83600,102000
71009214372,2019,54100,209400,263500
60801415048,2019,83000,163200,246200
70901105077,2019,85800,137900,223700
70824310042,2019,13500,136200,149700
71005314077,2019,61400,158500,219900
71013203064,2019,50700,65300,116000
81031208186,2019,39800,142700,182500
81034409343,2019,67900,251300,319200
60811107099,2019,107700,238200,345900
70913119313,2019,98800,161200,260000
71034104291,2019,73400,210200,283600
70825209278,2019,17000,44000,61000
81030215033,2019,4500,74200,78700
60901201016,2019,61000,168300,229300
70816408368,2019,0,0,0
60801208154,2019,105000,480000,585000
70918304042,2019,87700,119400,207100
71022104097,2019,495000,2797000,3292000
81021416187,2019,0,0,0
71011119312,2019,52400,256800,309200
80925201040,2019,56900,137100,194000
70934404058,2019,127300,419800,547100
71004303120,2019,67800,136700,204500
70921216060,2019,88400,199700,288100
70930104090,2019,82000,186100,268100
70914422111,2019,327000,1430600,1757600
70923112018,2019,0,0,0
80925115811,2019,800,1200,2000
60812219041,2019,20000,107100,127100
71006304027,2019,88000,314800,402800
70828421134,2019,0,0,0
70816322451,2019,17300,217400,234700
70822106104,2019,52100,182100,234200
71002315078,2019,2300,0,2300
70922440048,2019,92000,223300,315300
70828408067,2019,0,0,0
71006108065,2019,70400,118100,188500
71003304187,2019,49900,151500,201400
71006312294,2019,75000,175000,250000
70923152220,2019,35800,660200,696000
71007206355,2019,44900,125800,170700
81030312243,2019,56000,130900,186900
71004200946,2019,549500,0,549500
70828404065,2019,0,0,0
70923149136,2019,7300,1200,8500
70923167435,2019,6500,13500,20000
70918211304,2019,93100,246600,339700
70920306010,2019,94900,185500,280400
70922433069,2019,112300,269500,381800
80935107105,2019,76900,270900,347800
71005217023,2019,60600,183400,244000
70928105323,2019,108400,211600,320000
71002303031,2019,34300,197800,232100
70836110084,2019,99400,275800,375200
70923170701,2019,2300,800,3100
71006108148,2019,98400,115800,214200
70929416307,2019,71300,226700,298000
80926106083,2019,55700,113400,169100
81034401034,2019,65900,184900,250800
70833211059,2019,114900,310100,425000
71010411181,2019,71100,190900,262000
70923317212,2019,60200,237200,297400
81032414039,2019,44900,119700,164600
71035115148,2019,63800,246200,310000
71022207023,2019,516500,1833500,2350000
60801314208,2019,61000,937000,998000
70922201094,2019,0,0,0
70912438029,2019,9000,91300,100300
71005307361,2019,0,0,0
71011305226,2019,69100,194800,263900
60802304216,2019,92400,201100,293500
70923137016,2019,93600,45500,139100
70932117108,2019,153800,421000,574800
71002107243,2019,9500,113900,123400
81031404271,2019,38100,147500,185600
70813317017,2019,0,0,0
80925113021,2019,12100,249300,261400
60802203088,2019,0,0,0
70835206230,2019,87800,278300,366100
71006108255,2019,67300,110500,177800
71014104162,2019,580000,1930000,2510000
70928314106,2019,159300,453300,612600
81021401112,2019,52500,143100,195600
70835315396,2019,51900,363000,414900
80925303383,2019,53800,175500,229300
70921121128,2019,118200,380800,499000
70923146356,2019,8000,7000,15000
70918321939,2019,0,2000,2000
70814312066,2019,26100,278900,305000
71016203110,2019,126000,272200,398200
80936414161,2019,71500,164200,235700
70834418232,2019,21300,121100,142400
71007303086,2019,106400,231100,337500
70932302056,2019,220000,146000,366000
70826412549,2019,10000,75400,85400
70836213367,2019,11600,116300,127900
80936201146,2019,62900,153300,216200
71009224016,2019,44800,350500,395300
60812330392,2019,0,5000,5000
70822117028,2019,26100,248900,275000
70920409210,2019,0,0,0
70913111145,2019,92500,264500,357000
70823413417,2019,25400,176000,201400
71016109136,2019,63900,92900,156800
70835303036,2019,78200,184900,263100
81031203194,2019,38600,161700,200300
70923148302,2019,4200,800,5000
60801202213,2019,66700,143600,210300
70930414168,2019,75600,272700,348300
81032422058,2019,31900,111400,143300
70814407023,2019,84700,200500,285200
70823303171,2019,83500,241800,325300
80924104013,2019,78300,249200,327500
80935108012,2019,465700,254300,720000
70829103054,2019,52900,254100,307000
70924219342,2019,0,25000,25000
70923125029,2019,71900,578100,650000
70835124961,2019,500,1500,2000
71002107219,2019,9500,107100,116600
70935116040,2019,450900,506300,957200
60803113244,2019,161100,465800,626900
80936203077,2019,89900,258200,348100
71014307154,2019,61200,161300,222500
81034107591,2019,62300,183000,245300
70922345058,2019,131200,616800,748000
70927302011,2019,0,0,0
80936408015,2019,77000,175700,252700
70816313012,2019,0,0,0
60801218062,2019,78800,145000,223800
70813309329,2019,95600,226400,322000
60801403027,2019,75800,152700,228500
80924440946,2019,400,1600,2000
81033100926,2019,0,0,0
70924213055,2019,0,0,0
70824403095,2019,105100,308800,413900
70929225055,2019,13300,118900,132200
70823209212,2019,137300,327200,464500
81031207097,2019,39900,170200,210100
70913405134,2019,96100,319700,415800
81015108039,2019,58600,204300,262900
71004316131,2019,48300,190000,238300
71002405308,2019,53100,220000,273100
81031201015,2019,40000,449000,489000
70922307074,2019,101200,487800,589000
71011117035,2019,70500,187400,257900
70923144243,2019,8000,7000,15000
70835308078,2019,80300,191600,271900
70914409101,2019,4518000,4654000,9172000
71007316237,2019,31700,231000,262700
70926103303,2019,76100,207000,283100
70912409145,2019,72900,282100,355000
70814312173,2019,26100,280000,306100
70913350438,2019,0,15000,15000
70834403069,2019,61000,176000,237000
70928102444,2019,107200,427600,534800
71007209036,2019,57800,169600,227400
80924404934,2019,400,1600,2000
80926113153,2019,56300,137000,193300
60906206053,2019,64900,146500,211400
71005338043,2019,101100,272300,373400
60904108186,2019,89000,178800,267800
70920113233,2019,114400,127100,241500
70918210025,2019,101200,220800,322000
70922237057,2019,196200,482800,679000
81032421133,2019,47700,116100,163800
81030203202,2019,47800,157000,204800
71010201079,2019,54000,189000,243000
80924431763,2019,400,1600,2000
70923211258,2019,58200,481900,540100
70928213100,2019,97400,218600,316000
70835202353,2019,114700,342500,457200
70922224111,2019,127500,413700,541200
70814403039,2019,92300,212200,304500
70822414515,2019,11800,99600,111400
70923142023,2019,44900,355100,400000
60906104108,2019,63100,224100,287200
71010212117,2019,55200,181400,236600
71005229226,2019,54900,161400,216300
70913349340,2019,23000,147100,170100
70928204183,2019,97800,302100,399900
60902103170,2019,20000,110900,130900
70924214219,2019,36000,938400,974400
71035114356,2019,66700,270200,336900
71004315084,2019,63400,139100,202500
70821406191,2019,88200,285800,374000
70913322015,2019,0,0,0
70920222323,2019,16400,144600,161000
70931307049,2019,99000,114100,213100
70815401016,2019,1408000,3527000,4935000
70936307101,2019,60800,145700,206500
60801102158,2019,57400,148600,206000
70828310014,2019,71500,256500,328000
70822414292,2019,11800,99600,111400
80924409778,2019,400,1600,2000
71006107132,2019,41500,137100,178600
70923170404,2019,1900,600,2500
70929222035,2019,96300,235900,332200
70833203155,2019,102400,228000,330400
70931403095,2019,103100,178800,281900
71011121218,2019,38700,226200,264900
80925116116,2019,13500,213200,226700
60811413157,2019,100100,202600,302700
71009409098,2019,60000,153300,213300
71003222040,2019,21600,102400,124000
81028114172,2019,55200,173600,228800
70834217056,2019,0,0,0
70919213010,2019,94000,163200,257200
70923412260,2019,1700,16300,18000
71010113018,2019,48200,160200,208400
70926401210,2019,0,0,0
71005331154,2019,140200,397400,537600
70814104190,2019,105500,264500,370000
70918415055,2019,9500,33800,43300
70836204093,2019,67600,202900,270500
71007303010,2019,115300,319200,434500
71006307237,2019,69200,97100,166300
70931412187,2019,88600,212700,301300
70820109192,2019,100,0,100
71005112190,2019,59100,148200,207300
71012215268,2019,17700,255100,272800
60906205047,2019,65800,161400,227200
71014106217,2019,12500,151100,163600
70924203056,2019,249000,1809000,2058000
70829102379,2019,105900,213100,319000
80924443677,2019,400,1600,2000
60811430086,2019,77800,192000,269800
71035102111,2019,72000,303900,375900
70932202066,2019,87700,322300,410000
70922207026,2019,149200,353500,502700
70926118063,2019,180900,331200,512100
80924425899,2019,400,1600,2000
71034109051,2019,56400,129000,185400
60812330186,2019,0,5000,5000
71011410059,2019,93500,197900,291400
81032420094,2019,43700,117000,160700
70835124086,2019,500,1500,2000
70932108082,2019,139900,330100,470000
60812210081,2019,130000,468000,598000
60812121311,2019,81600,213300,294900
81031225057,2019,38100,105400,143500
70922216184,2019,193900,324600,518500
70913407122,2019,153000,247000,400000
60811303126,2019,89300,222200,311500
70921306134,2019,158000,362800,520800
60802104236,2019,75800,186900,262700
70901113799,2019,17300,91900,109200
71005404068,2019,40900,119700,160600
70813332031,2019,55500,265900,321400
60812117386,2019,75900,174600,250500
71003315192,2019,58000,172100,230100
71011108399,2019,30000,252300,282300
70821215097,2019,129000,96000,225000
71009311095,2019,69400,139800,209200
70836113012,2019,72100,237900,310000
71012214096,2019,19400,187100,206500
70836308209,2019,77000,298000,375000
81034103250,2019,65900,225400,291300
71010111129,2019,56000,218100,274100
71011219013,2019,661500,1662500,2324000
71009213027,2019,51900,119500,171400
71015206339,2019,71300,223500,294800
71016106025,2019,63600,132100,195700
70918404131,2019,962700,852300,1815000
70929204166,2019,115500,189000,304500
71005346020,2019,10500,189500,200000
70918320361,2019,20500,122200,142700
70822101112,2019,583000,4360000,4943000
60802418041,2019,220000,3495000,3715000
60802103139,2019,77300,180200,257500
71010301209,2019,49800,166700,216500
70932418077,2019,54900,137000,191900
81023207625,2019,33600,141800,175400
70920219396,2019,0,0,0
70936304090,2019,65700,142000,207700
81027401124,2019,0,0,0
70914437540,2019,1100,5900,7000
70919109227,2019,89500,182300,271800
71010106021,2019,59300,205000,264300
60904111064,2019,78900,215200,294100
70835306163,2019,97100,214100,311200
81021416012,2019,58000,160300,218300
71035114314,2019,65100,275200,340300
70824404027,2019,93600,320300,413900
80924420790,2019,400,1600,2000
71021106094,2019,60100,132500,192600
70919202112,2019,67700,144500,212200
70824302057,2019,119500,284000,403500
81034312025,2019,82000,364000,446000
60811429021,2019,89600,249300,338900
70833204054,2019,113300,230700,344000
70921202043,2019,55000,2500,57500
70836216254,2019,5500,92800,98300
70922321032,2019,151400,275300,426700
70929417040,2019,87300,251700,339000
71005319069,2019,97600,201300,298900
60801226122,2019,16200,158700,174900
70816406156,2019,163600,363300,526900
60812201121,2019,0,0,0
70923178028,2019,270900,1583100,1854000
80925104046,2019,57600,132400,190000
71035102129,2019,71300,340400,411700
70923156660,2019,5000,10000,15000
60812105018,2019,78000,150400,228400
70823118215,2019,12800,91800,104600
70928215015,2019,106600,178400,285000
71016201180,2019,0,0,0
81034202119,2019,69800,185600,255400
60801113014,2019,66600,156500,223100
70931208198,2019,88400,134100,222500
80924404017,2019,8200,125300,133500
60801206075,2019,86800,162900,249700
70836213250,2019,11600,123800,135400
70926201272,2019,43600,192600,236200
70933203170,2019,154100,562200,716300
81023304041,2019,35600,123300,158900
80924104055,2019,85100,223400,308500
70921313105,2019,123600,194500,318100
70909400990,2019,0,0,0
71007304183,2019,80200,360500,440700
70813323072,2019,378400,1100,379500
70918103064,2019,628700,271500,900200
71010212357,2019,52900,226500,279400
70923167873,2019,3400,13800,17200
71012222049,2019,14800,132700,147500
70925205184,2019,0,0,0
70829106032,2019,73700,255100,328800
70929103136,2019,189600,258700,448300
60906204023,2019,90000,200000,290000
70813319013,2019,14000,116000,130000
80925117031,2019,12900,260300,273200
81023307194,2019,35600,91000,126600
70824408087,2019,103000,279200,382200
70823209204,2019,137300,274500,411800
81031223043,2019,38100,113000,151100
70920217796,2019,400,14600,15000
81027110048,2019,36700,104900,141600
60811302227,2019,76400,185100,261500
70836216337,2019,5500,109500,115000
71011108266,2019,30000,222500,252500
70922212116,2019,188900,641600,830500
70836434020,2019,29900,89800,119700
71014214276,2019,8100,132100,140200
70914438457,2019,2200,22800,25000
70920304155,2019,98800,245700,344500
70920218976,2019,400,14600,15000
70923144110,2019,8000,7000,15000
70828413024,2019,0,0,0
81034108143,2019,57000,423000,480000
70930103050,2019,73900,187800,261700
60906106237,2019,74700,156200,230900
70828123061,2019,45900,198400,244300
71021107167,2019,61000,145200,206200
60904101148,2019,87900,301900,389800
60906206227,2019,60300,150500,210800
71011112184,2019,56100,282800,338900
70922409127,2019,127800,377200,505000
70920410259,2019,115100,150200,265300
70931208065,2019,87200,147000,234200
70923142106,2019,44900,321600,366500
60801302279,2019,73200,166100,239300
70928104119,2019,111500,367400,478900
71005228088,2019,47100,138400,185500
70815308113,2019,190600,410200,600800
71003103183,2019,53100,230500,283600
80936210022,2019,63400,131800,195200
70836307011,2019,69500,153300,222800
71003311116,2019,49500,155500,205000
70923411379,2019,35200,408800,444000
70823110435,2019,89900,228200,318100
80924404794,2019,400,1600,2000
70923145580,2019,8000,7000,15000
81023304273,2019,35600,123300,158900
70919412290,2019,0,0,0
71005337128,2019,94100,247500,341600
60801124011,2019,30100,104900,135000
71003220010,2019,20400,111700,132100
71009409189,2019,53800,0,53800
70923411238,2019,27800,168200,196000
70823404466,2019,38100,201300,239400
71016414014,2019,61600,150000,211600
70914437178,2019,1100,5900,7000
70920413097,2019,127100,204500,331600
60904108061,2019,97900,171200,269100
81034206228,2019,70900,192400,263300
60812307052,2019,75200,244200,319400
71026404039,2019,72100,310900,383000
71004401205,2019,48000,141000,189000
70833302014,2019,126000,577200,703200
70923174183,2019,3300,11700,15000
81022103048,2019,0,0,0
70923142122,2019,44900,337600,382500
71006305041,2019,55800,153200,209000
71006440186,2019,18700,137300,156000
60802410112,2019,68300,191200,259500
60811412167,2019,76400,220700,297100
71019404161,2019,81600,115800,197400
80936105017,2019,14900,100300,115200
71005323226,2019,105800,202800,308600
80926204069,2019,73400,166800,240200
60811431068,2019,76400,219800,296200
70914414217,2019,925800,9366200,10292000
70913353028,2019,42800,193800,236600
60904105017,2019,84900,188900,273800
81034414144,2019,71000,223800,294800
70923167930,2019,3400,13800,17200
81032417091,2019,33200,134900,168100
71005415130,2019,58700,231300,290000
70929204174,2019,116300,180500,296800
71009400830,2019,39000,117700,156700
60812220022,2019,27300,165300,192600
70929216046,2019,87900,301500,389400
70836106091,2019,67800,204900,272700
70923167592,2019,6500,18500,25000
71007215439,2019,87200,232700,319900
70935113062,2019,49300,107000,156300
71005302022,2019,60500,93900,154400
70913343227,2019,9400,168100,177500
70823107060,2019,76700,0,76700
70826421300,2019,0,4000,4000
71005404042,2019,40900,121100,162000
71014102017,2019,42000,179100,221100
81027112044,2019,36700,122900,159600
71002101039,2019,3100,0,3100
71030212072,2019,84100,125500,209600
60802316120,2019,18000,211600,229600
60811412191,2019,111100,222600,333700
70918416334,2019,9500,33800,43300
70919223225,2019,98400,196600,295000
71006132098,2019,65100,158600,223700
70923167237,2019,3400,13800,17200
70823407080,2019,46900,234800,281700
70922438431,2019,86400,188400,274800
70813330077,2019,55500,287500,343000
70901104128,2019,47900,182800,230700
70928103088,2019,125800,330000,455800
70828312169,2019,64900,265000,329900
70912412057,2019,521600,263800,785400
70836205075,2019,72700,211900,284600
71014205019,2019,55000,178200,233200
70836406144,2019,59700,141700,201400
70918305199,2019,74800,116500,191300
70928302193,2019,91100,257900,349000
71003419077,2019,43500,191700,235200
70923160124,2019,8000,7000,15000
71008105043,2019,38000,168300,206300
70814202077,2019,105000,305400,410400
71010209122,2019,54000,175900,229900
70924214277,2019,32000,501600,533600
70814312181,2019,26100,239300,265400
70913346023,2019,90300,476500,566800
70923153327,2019,1300,23700,25000
71015304050,2019,482400,1512600,1995000
70826420104,2019,0,4000,4000
70922403145,2019,83500,551800,635300
71011409044,2019,103200,242700,345900
71002415076,2019,67500,278800,346300
70815403202,2019,55000,164000,219000
60903207111,2019,0,0,0
70816407089,2019,162200,479800,642000
70928102395,2019,117900,311800,429700
60811202120,2019,95900,180300,276200
71014307328,2019,54900,183400,238300
70926201248,2019,104400,95800,200200
70920418344,2019,129000,134400,263400
70923136935,2019,1400,13600,15000
70936406268,2019,62700,182300,245000
60801308029,2019,75500,144500,220000
70929113101,2019,89800,280500,370300
60812306020,2019,78100,247200,325300
70914420115,2019,1342000,3776000,5118000
70836122013,2019,126100,307800,433900
71007220115,2019,120300,276500,396800
80924309027,2019,72900,196300,269200
71001332031,2019,48500,211800,260300
71009317168,2019,67100,103100,170200
81026355132,2019,54800,124400,179200
70926203111,2019,80000,205600,285600
70923124154,2019,129400,379100,508500
70919204134,2019,85500,92200,177700
71010212109,2019,62300,231900,294200
70922434108,2019,79000,451000,530000
60802418059,2019,0,0,0
60801311270,2019,78000,217500,295500
70923160512,2019,8000,7000,15000
70921105205,2019,81900,278300,360200
71016405055,2019,62400,170200,232600
70929118036,2019,89900,238100,328000
71015102066,2019,66100,143300,209400
70923150505,2019,62000,442700,504700
71012205061,2019,70600,287600,358200
70816305184,2019,127100,319000,446100
71005327145,2019,90400,271100,361500
71027411033,2019,72500,169000,241500
80925403216,2019,54800,176700,231500
70836121023,2019,89500,297800,387300
70913323162,2019,0,0,0
70935114078,2019,48200,117100,165300
71020306215,2019,10200,116800,127000
70928113029,2019,113000,307000,420000
70922228030,2019,235800,614200,850000
70928221062,2019,141100,309000,450100
60802104187,2019,144100,128900,273000
70922439190,2019,84600,334100,418700
70836420095,2019,64300,166700,231000
71007117172,2019,317400,219800,537200
71015204127,2019,48600,135100,183700
81034102054,2019,65300,170400,235700
70833121167,2019,97300,261500,358800
70929223231,2019,84500,229200,313700
70835315354,2019,51900,329000,380900
60811103253,2019,97300,263200,360500
71014109021,2019,28300,175700,204000
70814403112,2019,84500,289800,374300
70836207302,2019,43400,115900,159300
70822414242,2019,17400,147600,165000
80925303242,2019,90300,247900,338200
81015104102,2019,56800,166800,223600
70914410091,2019,221000,489000,710000
60905205056,2019,88000,226000,314000
71006125027,2019,73000,251900,324900
70901101091,2019,54500,119600,174100
71014214119,2019,8100,129000,137100
71005412128,2019,41400,119600,161000
70912409054,2019,88700,455500,544200
70824102217,2019,103100,335500,438600
60812302101,2019,73000,170700,243700
81031407085,2019,44400,177700,222100
70913222033,2019,11800,360200,372000
71009320103,2019,68800,133000,201800
70914419316,2019,237000,2197000,2434000
70930105022,2019,90300,204000,294300
70921317032,2019,109200,302300,411500
70923409267,2019,47500,170600,218100
70924219011,2019,0,25000,25000
70935302201,2019,286000,1484000,1770000
70923153294,2019,1300,23700,25000
71003102101,2019,56100,239100,295200
71005401072,2019,65700,133300,199000
81032421042,2019,72000,205000,277000
71016403059,2019,63100,144100,207200
60811419113,2019,75500,163900,239400
71015106282,2019,61100,188900,250000
70923124188,2019,125800,189700,315500
70921407247,2019,93900,288700,382600
70932205242,2019,132000,535000,667000
70833301032,2019,116700,341400,458100
71001330118,2019,25200,125800,151000
70921419309,2019,124500,322000,446500
60802417241,2019,70700,215600,286300
70929306194,2019,89000,218500,307500
60802411300,2019,0,0,0
71016207196,2019,76400,127100,203500
70929116030,2019,101000,332000,433000
70933204178,2019,144300,296600,440900
70919214175,2019,88400,183000,271400
71010413286,2019,56600,184700,241300
70923304136,2019,50200,0,50200
71015201082,2019,66400,127700,194100
70814403021,2019,92900,229300,322200
80924402798,2019,400,1600,2000
71012207132,2019,58400,196800,255200
70921417345,2019,205800,494200,700000
60902104045,2019,50400,305100,355500
70836109053,2019,69700,201400,271100
70923170040,2019,3400,1000,4400
70826211735,2019,11700,51100,62800
70913210244,2019,83200,172100,255300
70926303078,2019,468000,1000,469000
81023309182,2019,35600,104200,139800
70826421730,2019,0,4000,4000
70828306013,2019,41400,225600,267000
70824220085,2019,100200,330000,430200
70923145712,2019,8000,7000,15000
70913119256,2019,81800,204200,286000
81032108111,2019,0,0,0
70929113218,2019,89800,200600,290400
70921408047,2019,142900,278300,421200
81028300896,2019,0,0,0
71003315093,2019,47000,169600,216600
60905208125,2019,0,0,0
81031411060,2019,39600,121300,160900
71010218149,2019,10900,113300,124200
81031405021,2019,36700,113300,150000
70918306212,2019,80200,119400,199600
70920214023,2019,15200,213500,228700
71014306297,2019,66600,167700,234300
60812331100,2019,0,100,100
70813327066,2019,75000,275100,350100
70935208029,2019,160000,360600,520600
70931310109,2019,99000,164000,263000
70913125089,2019,121000,218900,339900
71007208096,2019,69100,99500,168600
81033306095,2019,41500,127700,169200
70935207352,2019,44800,100200,145000
70814411016,2019,0,0,0
71012207174,2019,58400,240900,299300
70823207125,2019,18100,276000,294100
70925206124,2019,82700,138300,221000
70929222176,2019,95200,199800,295000
71011421189,2019,50700,220000,270700
71034105075,2019,0,0,0
60812211013,2019,29500,169500,199000
70922215029,2019,157900,239000,396900
70829401044,2019,12400,0,12400
70822104033,2019,129000,246600,375600
70919409130,2019,101800,188500,290300
81034411132,2019,73800,167300,241100
60812112097,2019,76000,216000,292000
70923402162,2019,243000,1146000,1389000
71015105242,2019,61100,130100,191200
70926103139,2019,82700,159600,242300
81021305067,2019,53500,174700,228200
70919312028,2019,135000,765000,900000
60811431092,2019,78300,190500,268800
71007242408,2019,22600,443700,466300
70836114391,2019,79100,129300,208400
80926309041,2019,69100,314800,383900
70816411014,2019,197400,417600,615000
70913354472,2019,0,2500,2500
71007113261,2019,78200,250100,328300
70823307115,2019,82300,188500,270800
70825201026,2019,700000,1700000,2400000
70928317126,2019,143900,366400,510300
70920214130,2019,18100,405300,423400
71002435115,2019,7900,0,7900
80925108121,2019,51300,133800,185100
70930413095,2019,75600,312400,388000
81031204085,2019,51200,159600,210800
70913354282,2019,0,15000,15000
70918311047,2019,132500,113600,246100
70923127166,2019,415900,2261000,2676900
70932407096,2019,79800,185500,265300
80924442041,2019,13300,239100,252400
70901101059,2019,71400,169100,240500
71002106063,2019,9500,105600,115100
80936205164,2019,48700,186700,235400
70931305035,2019,99000,105000,204000
70931309053,2019,99000,180000,279000
81014301056,2019,0,0,0
71015406103,2019,51000,153700,204700
80926104326,2019,54000,149700,203700
71015118162,2019,49800,213800,263600
81023307160,2019,35600,114600,150200
81030305082,2019,58000,183000,241000
80924406930,2019,400,1600,2000
81028119552,2019,10800,96900,107700
60801312426,2019,72900,236000,308900
70923412484,2019,1700,16300,18000
60812119069,2019,20700,157000,177700
70922421147,2019,108400,204400,312800
70929419062,2019,81100,177800,258900
80926207055,2019,70100,199300,269400
70929209075,2019,80900,333900,414800
71014106085,2019,12500,149500,162000
70931208164,2019,85700,197900,283600
70924218071,2019,51300,625000,676300
81031415096,2019,36700,116300,153000
71015212097,2019,74100,291400,365500
71010313486,2019,48700,143400,192100
71007112049,2019,78200,174400,252600
81030203111,2019,49000,154500,203500
80924416731,2019,400,1600,2000
81021404124,2019,51000,133000,184000
81033103087,2019,66700,0,66700
70923145639,2019,8000,7000,15000
80924443883,2019,400,1600,2000
70824103075,2019,98600,148300,246900
70934305016,2019,104500,183500,288000
60801223152,2019,16900,175400,192300
71011121028,2019,44500,246500,291000
71016112056,2019,54900,123700,178600
71021113289,2019,15100,96100,111200
81015103162,2019,89800,162700,252500
60812407034,2019,6500,0,6500
81031406087,2019,36700,154100,190800
70934310099,2019,442000,2625000,3067000
71005331071,2019,114800,337300,452100
71004407120,2019,57800,167400,225200
71035122010,2019,56400,247300,303700
80925405303,2019,59900,221500,281400
71007101191,2019,120800,415500,536300
70912403098,2019,85500,265000,350500
80925306460,2019,62400,72500,134900
80926113062,2019,58600,151000,209600
70821402214,2019,102300,282700,385000
70836407142,2019,55100,163800,218900
81032313017,2019,23100,101900,125000
71010106211,2019,51200,190600,241800
80924410163,2019,9300,139800,149100
70932202173,2019,92300,234400,326700
70918211180,2019,79800,259400,339200
81034103234,2019,65900,202300,268200
80925305040,2019,60800,118500,179300
80924444914,2019,400,1600,2000
70824404275,2019,116600,267900,384500
60812405533,2019,77200,176900,254100
70826418240,2019,21200,140300,161500
80926409172,2019,12000,151900,163900
70833109121,2019,66200,229900,296100
70920108036,2019,121600,128100,249700
70921214262,2019,121200,163400,284600
70920203068,2019,0,0,0
60812104200,2019,81100,175100,256200
81034110164,2019,61300,162900,224200
70826421904,2019,0,4000,4000
70824402237,2019,109700,216600,326300
70926207014,2019,81300,254200,335500
81028118570,2019,8700,67300,76000
71009405088,2019,63300,93500,156800
70914436352,2019,115700,815700,931400
70835107123,2019,165200,431000,596200
60802428024,2019,35000,137400,172400
60804104094,2019,79500,283300,362800
70923178060,2019,0,0,0
71022102025,2019,438000,1274000,1712000
81034200882,2019,1414500,730700,2145200
71021214194,2019,57800,150900,208700
70918319645,2019,20500,63400,83900
70825402054,2019,100,0,100
60802409305,2019,64000,152200,216200
70920305195,2019,102000,220600,322600
70928117435,2019,105300,316300,421600
70816322435,2019,17300,224300,241600
80925407044,2019,59200,161000,220200
70836405659,2019,59900,165300,225200
70935201057,2019,50000,458000,508000
71010103069,2019,59800,179600,239400
70836405162,2019,56400,160400,216800
71009317126,2019,68800,162500,231300
71002418632,2019,0,0,0
70923305093,2019,622000,7149500,7771500
70826416781,2019,21500,120800,142300
71007104054,2019,102700,258700,361400
71015207014,2019,75100,210200,285300
70920218869,2019,300,14700,15000
81031412175,2019,39600,159300,198900
70836312094,2019,19100,183400,202500
71015400832,2019,0,0,0
70836416127,2019,69500,153500,223000
70923152626,2019,23200,510400,533600
70914439059,2019,1000,8400,9400
70922434075,2019,49800,326600,376400
70917101027,2019,51500,222800,274300
81009401019,2019,366000,392000,758000
70836216080,2019,5500,94700,100200
70923141819,2019,200,600,800
70835307244,2019,78800,173900,252700
71008106033,2019,45900,152600,198500
70813320432,2019,14600,102000,116600
60804207038,2019,78600,0,78600
80936211012,2019,55600,182800,238400
71021203139,2019,64700,118100,182800
70827304034,2019,0,0,0
70928201246,2019,118300,265500,383800
70814424019,2019,0,0,0
70929223182,2019,98500,347500,446000
81034409012,2019,65100,256400,321500
70931407120,2019,71000,171900,242900
81028120054,2019,0,4000,4000
81021301099,2019,0,0,0
60812101123,2019,79900,170700,250600
71014216610,2019,7500,130700,138200
71002106039,2019,9500,110800,120300
70929104019,2019,119500,285000,404500
70920116055,2019,55900,322500,378400
70931302106,2019,100900,149800,250700
80924440144,2019,13300,224200,237500
70828413082,2019,0,0,0
81026356221,2019,59500,0,59500
70921208033,2019,136000,364000,500000
71001317091,2019,66900,213600,280500
81028304038,2019,308400,526700,835100
70922327147,2019,135300,295500,430800
71010110155,2019,56000,217600,273600
71021113247,2019,15100,96400,111500
70920406034,2019,130600,244900,375500
70921401116,2019,129200,223600,352800
70823110154,2019,89400,338400,427800
71006304126,2019,50100,215300,265400
80925218037,2019,47900,199600,247500
70835107280,2019,172000,405800,577800
70816322146,2019,17300,211100,228400
70922232114,2019,148300,391800,540100
70936403107,2019,68000,127900,195900
71003418334,2019,53000,253500,306500
71004307148,2019,59300,185600,244900
70926220082,2019,109000,267100,376100
81026369026,2019,7900,0,7900
70926412340,2019,20100,138500,158600
70922414027,2019,112100,214400,326500
60801303045,2019,73500,133100,206600
70823406355,2019,58000,214000,272000
80924445996,2019,400,1600,2000
70826315165,2019,39500,224900,264400
71006112149,2019,45700,233500,279200
70918202064,2019,689600,417700,1107300
70836408273,2019,60900,137200,198100
70836419189,2019,0,0,0
70922439017,2019,54900,172200,227100
60811414048,2019,76100,212800,288900
70828415054,2019,0,0,0
71010206045,2019,53000,362000,415000
81033404104,2019,0,0,0
70930104173,2019,76800,203200,280000
70923412450,2019,1700,16300,18000
70925204011,2019,57900,218800,276700
71010114230,2019,57800,219500,277300
70928103202,2019,106000,357500,463500
70923156793,2019,5000,10000,15000
70926114102,2019,81500,162100,243600
70919300966,2019,0,0,0
71012221067,2019,12100,154600,166700
70931202257,2019,78400,147800,226200
60802412415,2019,55200,163200,218400
70923153666,2019,1300,23700,25000
80936402124,2019,71800,161200,233000
81031412068,2019,39300,150600,189900
60801113436,2019,74700,139500,214200
71015119144,2019,40300,181800,222100
70932410049,2019,77000,102600,179600
70912403204,2019,80800,268000,348800
70920307159,2019,122700,217900,340600
71006319018,2019,0,0,0
71010209049,2019,60100,164500,224600
70922321206,2019,145600,401100,546700
70923171171,2019,2300,1400,3700
70836410244,2019,55700,138300,194000
70824406081,2019,103700,169800,273500
60802413017,2019,86000,286800,372800
70829103137,2019,96400,301400,397800
70928204141,2019,99900,260300,360200
60811408108,2019,75000,157700,232700
60812302482,2019,0,0,0
70929304015,2019,88900,231900,320800
81028301076,2019,54000,526000,580000
70929205148,2019,83800,184000,267800
70836403231,2019,67200,155700,222900
60802311154,2019,97700,319200,416900
70920219049,2019,0,0,0
71007110126,2019,168100,526900,695000
70920127086,2019,16000,161000,177000
70921114272,2019,121400,345500,466900
71006434436,2019,200000,4190000,4390000
70922424183,2019,136300,210700,347000
71014216115,2019,7500,128900,136400
70923413896,2019,0,5000,5000
70828310056,2019,76000,0,76000
60905208076,2019,0,0,0
70824311040,2019,14100,140000,154100
70923148203,2019,4200,800,5000
70921407221,2019,142900,312500,455400
81031406318,2019,38100,176700,214800
60811439038,2019,20000,188500,208500
70828108047,2019,93200,183500,276700
70923217149,2019,556000,4063000,4619000
80924424891,2019,400,1600,2000
70933201231,2019,157200,129800,287000
70912449050,2019,9000,115300,124300
70920107046,2019,129000,151000,280000
70913205120,2019,82500,147800,230300
70928224082,2019,138200,241800,380000
70919107122,2019,108800,266100,374900
80925307070,2019,70800,81900,152700
70919227037,2019,27600,257200,284800
71003418318,2019,51800,225100,276900
71015206024,2019,46700,187300,234000
81026360058,2019,4700,0,4700
80925119970,2019,800,1200,2000
71001330043,2019,25200,130000,155200
70931310018,2019,97200,95500,192700
70913315078,2019,80500,161500,242000
70814309170,2019,93400,296800,390200
60812405450,2019,76300,185800,262100
71003419168,2019,53000,194800,247800
71005344032,2019,233500,301300,534800
60902104011,2019,33000,135000,168000
81026357229,2019,0,0,0
70920106030,2019,124100,301900,426000
71006118030,2019,63900,205200,269100
81030404024,2019,0,0,0
70833203030,2019,110200,237900,348100
71006417193,2019,66100,279800,345900
71009219075,2019,45900,231000,276900
71007224050,2019,76900,284200,361100
71010410159,2019,59000,131400,190400
70919217137,2019,91500,232800,324300
71006413109,2019,48000,288000,336000
70923140994,2019,1500,13500,15000
60801115169,2019,59900,178100,238000
70921403378,2019,142900,184500,327400
81019308023,2019,57900,174300,232200
70825209559,2019,7000,19000,26000
71006101126,2019,54700,111200,165900
60801413068,2019,72900,210000,282900
81027401091,2019,1835000,20640000,22475000
71006439072,2019,12600,289800,302400
70824411171,2019,167900,246900,414800
70920402199,2019,139300,166600,305900
70929304180,2019,91400,205000,296400
60804205032,2019,95000,254900,349900
70823122042,2019,24400,100600,125000
60801113329,2019,62200,156300,218500
70824302073,2019,89700,333200,422900
70923201085,2019,320000,2694000,3014000
70923148435,2019,4200,800,5000
71009217045,2019,43900,185600,229500
70828316046,2019,100,0,100
70823210178,2019,85500,241700,327200
70823211168,2019,78300,246200,324500
81016302052,2019,0,0,0
70813310045,2019,12200,136200,148400
70836404239,2019,61600,150700,212300
81019302059,2019,59000,153200,212200
70923223063,2019,72600,677400,750000
70928208010,2019,100900,398400,499300
71015113039,2019,47000,166100,213100
60801223095,2019,16900,179000,195900
70836404031,2019,61600,188000,249600
80926114218,2019,18300,114200,132500
80925214275,2019,54500,166200,220700
70929114232,2019,82700,217700,300400
71008106091,2019,38000,184000,222000
70921224013,2019,22700,189000,211700
70913415034,2019,96100,330400,426500
80925210132,2019,57900,125200,183100
70931212173,2019,74700,211600,286300
81023209043,2019,0,1200,1200
70923174844,2019,3300,11700,15000
71015107107,2019,53000,159500,212500
70918309141,2019,0,0,0
60906110163,2019,59800,186100,245900
71035103151,2019,77900,413700,491600
60811412323,2019,98100,199400,297500
80925411045,2019,45700,157500,203200
70836307095,2019,65100,181300,246400
71005330057,2019,101700,270900,372600
70913344168,2019,23300,239100,262400
81026355489,2019,3800,0,3800
80924311064,2019,71400,266500,337900
71010307075,2019,57000,155800,212800
70922430156,2019,87000,239200,326200
71035116170,2019,67300,218400,285700
70931303138,2019,104600,139100,243700
70821204040,2019,98000,377200,475200
81019306069,2019,57900,183300,241200
71014106530,2019,12500,159200,171700
70929409047,2019,83700,213700,297400
71013201050,2019,92100,125000,217100
60812109143,2019,78800,169900,248700
80924401089,2019,20700,149000,169700
70918319091,2019,20500,63600,84100
81031402118,2019,35900,141100,177000
70936305238,2019,67300,125800,193100
70919412191,2019,109100,227700,336800
80925209127,2019,52000,131700,183700
70920302208,2019,129600,493600,623200
71035117110,2019,64600,268400,333000
70834214581,2019,40800,415200,456000
81030317110,2019,70200,219800,290000
71015201347,2019,88200,242300,330500
81027203017,2019,1320000,2860000,4180000
71016406011,2019,62300,163800,226100
70926401038,2019,83400,153800,237200
70913206102,2019,659700,263300,923000
70930413045,2019,75600,302000,377600
70816403152,2019,180400,466500,646900
70923152353,2019,51700,1248500,1300200
80924102116,2019,71400,191400,262800
70823306109,2019,82300,211000,293300
70834214755,2019,40800,448800,489600
70833304052,2019,132400,380100,512500
60801404306,2019,92700,203500,296200
70922441145,2019,13200,271800,285000
81032308191,2019,43700,153900,197600
70923133379,2019,40600,250800,291400
81034207193,2019,88000,632000,720000
71004406239,2019,46800,146300,193100
70826311048,2019,108400,423500,531900
60902204085,2019,209000,925300,1134300
71007204101,2019,70800,284200,355000
81021303128,2019,49600,176100,225700
70919407077,2019,94900,191300,286200
70919227475,2019,41900,268500,310400
70922301084,2019,147500,151700,299200
60801201190,2019,66800,167200,234000
81033207152,2019,57000,93400,150400
81026365032,2019,3000,0,3000
80925115142,2019,13500,260700,274200
80924427811,2019,400,1600,2000
71012303071,2019,44200,178600,222800
81028300937,2019,171000,443000,614000
71014107281,2019,9600,179400,189000
71006310206,2019,69200,218700,287900
70926404082,2019,80600,119400,200000
71016106017,2019,63800,79700,143500
70814205154,2019,120700,263400,384100
70928314073,2019,155400,449300,604700
70836106132,2019,69300,199100,268400
70922232015,2019,126200,486900,613100
81019303198,2019,62000,225600,287600
81028116095,2019,63700,133900,197600
70920101163,2019,88000,537000,625000
70931408102,2019,88300,176100,264400
70922426098,2019,100000,220300,320300
70913414234,2019,92900,342200,435100
71010413319,2019,57300,148900,206200
70922428078,2019,145900,151400,297300
71021222254,2019,122300,147000,269300
71004401015,2019,56700,163000,219700
70918322325,2019,0,2000,2000
60802108155,2019,69300,173900,243200
70928214124,2019,100000,176800,276800
70929216012,2019,87900,279600,367500
70835210249,2019,82700,208400,291100
80925119011,2019,12200,275600,287800
71008104061,2019,43200,142800,186000
71010206201,2019,62000,148500,210500
70814101047,2019,104900,198600,303500
60811403116,2019,77000,195400,272400
71019406026,2019,87300,223500,310800
60801316147,2019,24000,134600,158600
70921417220,2019,99500,283000,382500
81032419039,2019,41600,118200,159800
70936403214,2019,65900,123600,189500
71001411067,2019,57200,186400,243600
71011112316,2019,0,0,0
70836213672,2019,11600,115800,127400
71006414024,2019,51100,159200,210300
70814419284,2019,15200,187700,202900
70836207229,2019,73700,212100,285800
70918415691,2019,10500,107800,118300
60802312300,2019,98400,264300,362700
70813310491,2019,21600,192200,213800
60802309133,2019,90500,184100,274600
70823112184,2019,80200,313600,393800
71004306231,2019,58500,133700,192200
80925107222,2019,49400,144200,193600
81028110229,2019,51600,114100,165700
70816305142,2019,148400,265800,414200
71006312426,2019,57300,215700,273000
81034409228,2019,66100,186000,252100
70814430165,2019,19700,219300,239000
70936407208,2019,59100,161700,220800
70918416269,2019,10500,51700,62200
81028108448,2019,57100,138500,195600
70923145241,2019,8000,7000,15000
60906206144,2019,72800,136900,209700
70913307265,2019,485200,1234300,1719500
81021309027,2019,24800,87500,112300
71016411052,2019,61600,129200,190800
80925123971,2019,800,1200,2000
70920113019,2019,107100,255700,362800
70919413032,2019,111200,246200,357400
70913204164,2019,78600,208400,287000
70929402166,2019,90200,275700,365900
70913337973,2019,2200,3800,6000
71014216488,2019,7500,120800,128300
70913112242,2019,81700,216500,298200
60802411219,2019,66600,195500,262100
70826312103,2019,74500,246500,321000
70822113117,2019,29600,334400,364000
70824301124,2019,103100,270700,373800
70932304151,2019,0,0,0
71003319011,2019,55600,216900,272500
70935207104,2019,66200,265500,331700
70834428322,2019,20300,177300,197600
71010404285,2019,60100,162900,223000
71010410109,2019,74200,164300,238500
80936403023,2019,41000,514000,555000
70826200910,2019,407000,1378000,1785000
71002107847,2019,9500,144800,154300
70920407082,2019,149500,185800,335300
70813328048,2019,144300,349500,493800
71007105309,2019,79800,272000,351800
70936303183,2019,1342000,5637800,6979800
81021105136,2019,61000,174300,235300
71016208110,2019,63600,157300,220900
70823117035,2019,85400,264100,349500
70923167542,2019,6500,18500,25000
70923147073,2019,8000,7000,15000
70932109121,2019,210500,347400,557900
71014106499,2019,12500,148100,160600
70922405141,2019,127800,242900,370700
71006123229,2019,35300,114600,149900
71005406113,2019,41800,117300,159100
71002303213,2019,32700,204200,236900
70814203207,2019,122600,347500,470100
81015107015,2019,62300,182200,244500
70923143302,2019,44900,347800,392700
70936302185,2019,56700,168300,225000
71010207134,2019,60100,198400,258500
70914418194,2019,294200,330800,625000
81026347048,2019,2900,0,2900
71004312147,2019,54100,107300,161400
70920101147,2019,95100,154100,249200
70913343160,2019,11700,219300,231000
70826212064,2019,18800,191300,210100
71007302070,2019,85000,602000,687000
70836121031,2019,0,0,0
70914439215,2019,1000,8600,9600
70922330041,2019,178100,617500,795600
70926222012,2019,0,2080000,2080000
81034324137,2019,30000,104700,134700
70814413046,2019,92500,195500,288000
70826413175,2019,10200,73000,83200
70920214122,2019,18000,236200,254200
60812406177,2019,85500,172400,257900
70816306140,2019,239400,516900,756300
70901109300,2019,56100,129000,185100
70921308031,2019,114800,239200,354000
70929209281,2019,83800,182200,266000
80936208118,2019,56900,144600,201500
70822108077,2019,49000,170600,219600
60801215109,2019,70000,177000,247000
81034409202,2019,66000,156400,222400
70836303209,2019,74100,201600,275700
71005111217,2019,65100,169900,235000
70823109115,2019,20700,131700,152400
70913354422,2019,0,2500,2500
70918315073,2019,34500,188100,222600
71003301042,2019,46400,141900,188300
71003116011,2019,21400,139900,161300
70920124040,2019,15200,111000,126200
71003301191,2019,53200,244600,297800
71005225167,2019,54900,152600,207500
81034111154,2019,63600,154000,217600
81021109071,2019,50600,223400,274000
70912408113,2019,100500,209900,310400
70920418154,2019,136200,227800,364000
70926115069,2019,81000,223500,304500
71034103011,2019,82200,191400,273600
70922210095,2019,0,0,0
71015208103,2019,64500,210100,274600
70914438720,2019,2200,22800,25000
71004302221,2019,58900,129100,188000
81014303771,2019,32800,151800,184600
81028402105,2019,60100,134400,194500
71007102024,2019,172700,518500,691200
70929123366,2019,6900,166100,173000
70836409180,2019,90000,335900,425900
70932415263,2019,53000,117000,170000
60801303061,2019,72200,138400,210600
70932421161,2019,48000,87000,135000
70835205117,2019,95300,193600,288900
70816322310,2019,17300,224700,242000
81031213028,2019,38100,189900,228000
70918406070,2019,108600,245700,354300
70821203050,2019,111000,261600,372600
71006112321,2019,66000,218700,284700
71006120069,2019,60700,200100,260800
70836202097,2019,77100,202000,279100
70824404118,2019,113600,269900,383500
60801207031,2019,70000,196500,266500
70820120099,2019,100,0,100
70829408082,2019,8700,0,8700
60801403051,2019,75700,144500,220200
70934401096,2019,869000,661000,1530000
71006206299,2019,33200,127100,160300
70926216239,2019,111800,192800,304600
71020305035,2019,77800,146800,224600
70836405063,2019,54000,151900,205900
60812307143,2019,81400,224000,305400
70814101188,2019,117300,314200,431500
70923146108,2019,8000,7000,15000
71016111157,2019,47900,141000,188900
71006119195,2019,147000,1033000,1180000
70929209132,2019,88300,186300,274600
71004202017,2019,364000,0,364000
71003417097,2019,47900,162200,210100
70920411033,2019,145000,223200,368200
70823311314,2019,13100,149400,162500
71006303045,2019,69200,191400,260600
70923150844,2019,184100,1449900,1634000
70824308196,2019,16000,164100,180100
71005228129,2019,53100,202400,255500
70823303056,2019,82500,177500,260000
71006204079,2019,50100,97500,147600
81026364125,2019,3200,0,3200
70833203212,2019,116400,164200,280600
60812222078,2019,26200,175700,201900
71005232013,2019,47100,98900,146000
60811103386,2019,107600,240700,348300
70933301099,2019,81200,159500,240700
70923168029,2019,6500,18500,25000
71014215266,2019,7800,125300,133100
60801226453,2019,16200,174000,190200
70921213066,2019,67300,236400,303700
71010408112,2019,51200,171400,222600
81032310047,2019,38400,139300,177700
80925412374,2019,52700,154300,207000
60802302054,2019,0,0,0
81032304032,2019,35200,162000,197200
80924426813,2019,400,1600,2000
71005323200,2019,104100,256300,360400
81032308117,2019,44400,150700,195100
60801104089,2019,82300,198400,280700
81031413024,2019,39300,158900,198200
70918404058,2019,87700,397400,485100
70913108027,2019,79500,126000,205500
60811415335,2019,95600,204800,300400
81032422149,2019,31800,119300,151100
70935302277,2019,0,0,0
80925214051,2019,56100,155600,211700
60903201270,2019,84900,214100,299000
60801226429,2019,16200,157100,173300
71009403181,2019,77900,630600,708500
60811304132,2019,88600,288200,376800
70913323188,2019,74500,279800,354300
60812404246,2019,88600,184800,273400
70813314196,2019,9300,164700,174000
70913326091,2019,257600,288400,546000
70834418084,2019,23600,129200,152800
70826313060,2019,68200,217800,286000
70923168285,2019,6500,18500,25000
71010218173,2019,10900,120100,131000
70928209167,2019,91700,303800,395500
60812117360,2019,79900,192100,272000
70923148039,2019,4200,800,5000
70824416072,2019,14300,123700,138000
70813108036,2019,93600,163400,257000
70813314328,2019,9800,0,9800
70836316012,2019,39400,135100,174500
71003315069,2019,47100,148200,195300
71035207028,2019,43900,198100,242000
60801103205,2019,53500,131200,184700
71006209037,2019,69200,146400,215600
70901105184,2019,51000,113000,164000
71012221091,2019,12100,123900,136000
71034110024,2019,14200,120000,134200
81028102185,2019,54800,138700,193500
81016302094,2019,0,0,0
71012206332,2019,64600,245200,309800
70929426059,2019,100800,268600,369400
70932201290,2019,69200,131900,201100
60903206080,2019,81400,176600,258000
60811102114,2019,98800,242000,340800
80935103062,2019,51800,134100,185900
70923401023,2019,0,0,0
81028404127,2019,59200,136200,195400
81034301086,2019,54200,153800,208000
70813319097,2019,14000,100000,114000
70816408318,2019,166200,372700,538900
81033205312,2019,41300,107200,148500
71010108259,2019,56000,192300,248300
60812201204,2019,81900,145700,227600
70923116218,2019,77000,468800,545800
70923224061,2019,89000,1000,90000
70913202332,2019,22400,5600,28000
70935307300,2019,4900,55100,60000
60812112089,2019,76000,186200,262200
70814104215,2019,105000,322200,427200
70921302017,2019,600000,525000,1125000
70936100919,2019,0,0,0
70931104320,2019,114600,192800,307400
70913320043,2019,471000,1451000,1922000
70921301267,2019,157100,196200,353300
70932303096,2019,75600,146200,221800
71010205229,2019,53600,158600,212200
70932104155,2019,0,0,0
70913334094,2019,30600,287400,318000
70825301090,2019,737000,255500,992500
70824404150,2019,114700,389100,503800
70919303051,2019,101200,237500,338700
70921216226,2019,96700,170600,267300
71007220131,2019,133400,319200,452600
70922223098,2019,117500,241800,359300
70826407243,2019,0,0,0
70931307180,2019,101000,131600,232600
71035112029,2019,69700,268400,338100
70825101127,2019,0,0,0
70823102177,2019,80200,376100,456300
70835124789,2019,500,1500,2000
81028406066,2019,45800,128500,174300
70928218019,2019,95300,284600,379900
60812117352,2019,79900,191200,271100
70923167104,2019,3400,13800,17200
70836102099,2019,77100,197900,275000
70824311347,2019,13500,108900,122400
70816414084,2019,13100,225800,238900
71003103018,2019,57300,212700,270000
81021301247,2019,55900,177100,233000
60812209026,2019,134000,391000,525000
70919221089,2019,101300,234100,335400
71006123039,2019,44600,149700,194300
70823212124,2019,77100,189700,266800
70922346353,2019,0,15000,15000
70921221267,2019,128700,298800,427500
70836303184,2019,0,0,0
71002442144,2019,100,0,100
70929117145,2019,89900,176900,266800
60904101049,2019,87200,231100,318300
70928213019,2019,101000,256500,357500
60803113062,2019,121700,377400,499100
70913401174,2019,137900,208100,346000
81026358178,2019,100,0,100
71022205085,2019,944000,5663500,6607500
70835303226,2019,88600,300200,388800
71035206038,2019,66900,191800,258700
81031302152,2019,49200,123100,172300
71002440015,2019,52000,0,52000
71015103270,2019,67300,130700,198000
60812218019,2019,22500,141800,164300
60804103054,2019,88600,301400,390000
80936207110,2019,60600,173800,234400
70823210079,2019,76800,199800,276600
71007223317,2019,94500,270800,365300
70921114131,2019,124400,288300,412700
70823120012,2019,0,0,0
71016209093,2019,103900,127600,231500
71005315158,2019,55600,197100,252700
71006103065,2019,58300,103900,162200
70923140639,2019,1500,21500,23000
81030316188,2019,62600,126400,189000
70923136034,2019,26000,278800,304800
70921119090,2019,129100,494900,624000
70922101020,2019,0,0,0
71006126166,2019,52000,97500,149500
71005228278,2019,47100,108000,155100
70823209238,2019,125000,241400,366400
70836207386,2019,28100,139600,167700
70814207035,2019,66800,191000,257800
71010218082,2019,10900,113300,124200
60801310107,2019,74800,162400,237200
81032301161,2019,55000,158500,213500
60811108047,2019,103100,301900,405000
70823211283,2019,103000,251200,354200
71005205185,2019,59500,165600,225100
81030206090,2019,55400,122100,177500
60812202327,2019,84700,176900,261600
81034411059,2019,67000,184000,251000
71022201033,2019,62000,125500,187500
70923163904,2019,44900,375100,420000
70918321468,2019,0,2000,2000
70826309126,2019,117000,327400,444400
71003308147,2019,54900,240100,295000
70929407017,2019,87300,234100,321400
81030304092,2019,68600,167100,235700
60804105068,2019,109000,288300,397300
81028119651,2019,10100,92300,102400
70932205044,2019,75300,190200,265500
80925106183,2019,54000,127400,181400
70921410109,2019,142900,330700,473600
70828309017,2019,73800,66800,140600
71001301101,2019,74700,254400,329100
60902206106,2019,138000,0,138000
81031203144,2019,58700,151800,210500
71005416021,2019,50500,99500,150000
60801411070,2019,72600,182100,254700
70820111155,2019,100,0,100
70813328296,2019,101400,198600,300000
71035208042,2019,71200,242800,314000
71010104306,2019,57500,185000,242500
70813109125,2019,120200,305800,426000
70833302593,2019,216500,325100,541600
70836202063,2019,77100,202900,280000
70936403206,2019,65900,112600,178500
70823203157,2019,119100,307500,426600
80924417987,2019,400,1600,2000
71016110034,2019,63300,90800,154100
70933206158,2019,152000,373100,525100
70835309258,2019,97100,162500,259600
71009216104,2019,45900,161100,207000
60812306137,2019,78100,163900,242000
70813110164,2019,161900,209700,371600
70824401106,2019,130900,193500,324400
71006205275,2019,73900,174600,248500
70923225407,2019,0,0,0
70931204071,2019,74800,203000,277800
70929403255,2019,101400,225200,326600
81032430150,2019,53000,264800,317800
71034101304,2019,101100,228900,330000
81027209057,2019,12000,104000,116000
60802408183,2019,64000,166700,230700
80925304167,2019,53800,140800,194600
71006441027,2019,27100,109000,136100
70923150191,2019,41200,288800,330000
71016202162,2019,107700,118900,226600
60906206350,2019,67400,126700,194100
70833101127,2019,159200,389700,548900
71009403272,2019,98000,1267000,1365000
70923122033,2019,163400,150400,313800
80936414070,2019,79500,204400,283900
70833204195,2019,111600,263900,375500
81030403977,2019,0,910000,910000
70932106101,2019,153800,299300,453100
71015206173,2019,80000,251500,331500
71009110091,2019,75500,285500,361000
70814103118,2019,111600,354800,466400
60804106157,2019,0,0,0
70923174810,2019,3300,11700,15000
70918321517,2019,0,2000,2000
70932421244,2019,45400,107100,152500
70922326131,2019,155300,206600,361900
70913205360,2019,84200,168100,252300
60804204109,2019,85000,260000,345000
80926107106,2019,54000,114800,168800
60903201303,2019,84900,214600,299500
70827107115,2019,42000,372700,414700
71005107141,2019,48500,139700,188200
60905207028,2019,56300,123700,180000
70826406237,2019,67700,180700,248400
71009301096,2019,64200,112800,177000
60801204045,2019,63900,138100,202000
71023302012,2019,175000,862900,1037900
71030212064,2019,87500,136000,223500
70816413010,2019,50400,272600,323000
80924446043,2019,143900,0,143900
70825402062,2019,319000,744000,1063000
81033401035,2019,59000,576000,635000
71003207183,2019,53100,187000,240100
70821304080,2019,323900,1000,324900
70923146025,2019,8000,7000,15000
70923124295,2019,114100,238600,352700
70913349209,2019,36600,221300,257900
71014216058,2019,7500,119800,127300
70924216116,2019,80000,226500,306500
71004317113,2019,56400,137800,194200
60811437066,2019,83000,168700,251700
70926202311,2019,80000,248300,328300
70820105091,2019,100,0,100
71003104066,2019,56100,196600,252700
70829419104,2019,0,0,0
71007206371,2019,0,0,0
80926104102,2019,54500,144100,198600
80925112049,2019,10900,232100,243000
70820107055,2019,100,0,100
81032417075,2019,35600,146100,181700
71019408022,2019,132000,279000,411000
70836110109,2019,66400,200400,266800
70826416921,2019,21500,126400,147900
70923146687,2019,8000,7000,15000
60906205162,2019,62100,141200,203300
70923140580,2019,1500,13500,15000
81031412092,2019,40400,148000,188400
81021416137,2019,52100,158400,210500
70828119086,2019,84400,243200,327600
71003102086,2019,53100,203200,256300
71014206017,2019,56100,195400,251500
71030202106,2019,320300,680100,1000400
70929419202,2019,96500,246700,343200
71002417098,2019,67400,165300,232700
71022401138,2019,169000,0,169000
70929309057,2019,91400,153500,244900
71006119145,2019,64100,204100,268200
70917101217,2019,51500,284400,335900
70825106094,2019,4000000,0,4000000
71001304022,2019,110000,535000,645000
70813328303,2019,98300,200100,298400
70923153400,2019,1300,23700,25000
70823207175,2019,18100,218200,236300
71009214231,2019,51900,198300,250200
70912435059,2019,9000,91300,100300
71003314269,2019,48400,155200,203600
60802419099,2019,73200,184700,257900
70929401093,2019,90200,185900,276100
70913355016,2019,693700,8356300,9050000
70920304121,2019,97600,210000,307600
71019412023,2019,21200,178800,200000
71015202147,2019,49600,161400,211000
70931414282,2019,87000,213000,300000
60801219169,2019,70100,163100,233200
70919202063,2019,67700,118800,186500
70836426019,2019,28500,102100,130600
70828444136,2019,0,0,0
70921109033,2019,125600,554400,680000
70814428227,2019,15200,188700,203900
70932406189,2019,82400,122000,204400
70828119242,2019,95700,264000,359700
70913347740,2019,2500,12500,15000
81021109013,2019,67900,259600,327500
70933405114,2019,83400,161700,245100
70814422021,2019,85900,249600,335500
70928308076,2019,107400,246600,354000
71007107305,2019,168100,308900,477000
71016417076,2019,301000,184800,485800
70821408121,2019,110200,0,110200
81030210124,2019,53400,156500,209900
70913434050,2019,0,18000,18000
81031404015,2019,36500,135700,172200
70912409301,2019,93800,261200,355000
70922327204,2019,99500,274200,373700
71016410088,2019,62200,151400,213600
70913435024,2019,27100,329900,357000
70920302498,2019,138400,270200,408600
80926110331,2019,57800,207300,265100
60811110125,2019,103300,219100,322400
70919411341,2019,110000,351900,461900
71006433024,2019,110100,235500,345600
70923144152,2019,8000,7000,15000
71009404030,2019,63300,97900,161200
81034206153,2019,64700,146500,211200
70835309232,2019,91000,195400,286400
70912406068,2019,108800,239500,348300
81030205266,2019,83500,110800,194300
70920217077,2019,14600,711500,726100
70935201164,2019,0,0,0
81032419112,2019,41600,131000,172600
70932404141,2019,176000,421000,597000
70813326141,2019,137800,356600,494400
70930301183,2019,605000,350000,955000
71003101038,2019,52000,205100,257100
71009304016,2019,94500,374500,469000
70836308176,2019,77000,298000,375000
70828306063,2019,35000,130000,165000
70901105316,2019,61200,168100,229300
60801401336,2019,75600,226200,301800
71006126083,2019,64100,140000,204100
70919113137,2019,101800,463600,565400
80925217112,2019,57400,160800,218200
60802403076,2019,68600,171500,240100
81034302018,2019,48800,149300,198100
71009319015,2019,68700,126700,195400
80924421053,2019,9900,166500,176400
60802413207,2019,75000,281500,356500
60906206194,2019,66800,142300,209100
80936204059,2019,18000,128200,146200
70923133270,2019,129400,330600,460000
71016205091,2019,63700,178200,241900
60802409264,2019,65300,173000,238300
80925412118,2019,61300,162000,223300
70918411318,2019,151200,194400,345600
80924418753,2019,400,1600,2000
71007111067,2019,86700,248000,334700
70934400999,2019,0,0,0
70923164118,2019,44900,350600,395500
81021403308,2019,54100,137100,191200
70920306094,2019,105600,249500,355100
81028402121,2019,60100,127400,187500
70922439398,2019,71500,322000,393500
70920220674,2019,0,2600,2600
70921305110,2019,151700,384300,536000
71035206179,2019,67600,197600,265200
71004312189,2019,58500,146500,205000
70924219871,2019,0,25000,25000
71003206135,2019,57300,192600,249900
71005326014,2019,0,0,0
60803118038,2019,25300,198300,223600
60802421101,2019,111000,479000,590000
60903228026,2019,0,0,0
60812103301,2019,83300,182300,265600
71006441019,2019,27100,109200,136300
71004302239,2019,70800,196500,267300
70833302436,2019,207000,448800,655800
70936409064,2019,68800,174600,243400
70813334102,2019,26800,175200,202000
70836202021,2019,69900,181100,251000
71035116112,2019,65200,223800,289000
70836413058,2019,0,0,0
81034416033,2019,58100,166400,224500
71007116257,2019,84200,292400,376600
60813201972,2019,0,0,0
70913213280,2019,139800,435200,575000
81026355653,2019,3800,0,3800
70814413054,2019,92900,129400,222300
70928114126,2019,0,0,0
70929124603,2019,0,10000,10000
70913310028,2019,59800,194400,254200
70814423079,2019,102200,258800,361000
80924304051,2019,69200,219600,288800
81028116011,2019,56900,159100,216000
60811304033,2019,85800,221800,307600
70935307087,2019,4900,51800,56700
81021304233,2019,53000,192900,245900
81034108036,2019,60000,370000,430000
60802302575,2019,110000,181300,291300
60801414248,2019,102900,235600,338500
71004312048,2019,57200,137600,194800
80926105374,2019,56500,162800,219300
71006424130,2019,0,0,0
70921417163,2019,151400,282700,434100
70926214085,2019,76800,173200,250000
60801205035,2019,65000,159500,224500
71002415050,2019,67500,275200,342700
71007210059,2019,105500,225700,331200
71007219126,2019,116000,242200,358200
71009210015,2019,65100,142700,207800
70834201231,2019,90000,237500,327500
80924435989,2019,400,1600,2000
71005402286,2019,41400,112900,154300
70821403064,2019,104500,346600,451100
70929101099,2019,89900,345900,435800
60906204049,2019,0,0,0
70923142718,2019,44900,170100,215000
70936409121,2019,68800,203900,272700
70924217015,2019,166000,1360500,1526500
70926214142,2019,99600,142300,241900
60906209049,2019,60300,174100,234400
60803108013,2019,100300,212700,313000
70923164605,2019,44900,571000,615900
70824311206,2019,13500,112300,125800
60801208344,2019,75600,195400,271000
81023310163,2019,35600,114600,150200
60812405690,2019,74300,203100,277400
70923143526,2019,44900,327400,372300
70918201347,2019,146000,254000,400000
70923124261,2019,59800,369400,429200
60812106305,2019,79200,181600,260800
70936308026,2019,69700,147800,217500
60904110199,2019,94500,318300,412800
81031210256,2019,41900,153900,195800
71010103233,2019,53600,163900,217500
70935205025,2019,37700,92300,130000
70836105142,2019,77100,199300,276400
70926101117,2019,80000,255900,335900
70833201018,2019,0,0,0
60802405212,2019,65500,172000,237500
70829111073,2019,85200,388000,473200
70816313088,2019,139400,268800,408200
70823118249,2019,12800,128500,141300
71007208195,2019,60300,220900,281200
70836216072,2019,5500,91600,97100
71035205155,2019,66800,218200,285000
71006303293,2019,56000,158900,214900
70828441067,2019,0,0,0
70816407229,2019,210200,351800,562000
60906111070,2019,56500,207700,264200
60802402127,2019,78100,236700,314800
70913348384,2019,3900,214300,218200
70922341022,2019,201700,505800,707500
80926114127,2019,18300,103600,121900
70822209031,2019,103600,0,103600
70920415069,2019,137200,200100,337300
70816401370,2019,211000,544000,755000
71003415041,2019,57100,210400,267500
71014216321,2019,7500,128100,135600
70922322155,2019,132000,971000,1103000
70919403273,2019,114300,301400,415700
70822204015,2019,0,0,0
70930301117,2019,56000,76000,132000
71009107072,2019,57200,161000,218200
71009108153,2019,57200,153300,210500
70928101032,2019,77600,403500,481100
70918401195,2019,532800,570200,1103000
80924416012,2019,9900,140300,150200
70913346172,2019,88400,457600,546000
71005111332,2019,49700,174100,223800
70928114019,2019,550000,1304000,1854000
70826212113,2019,18800,184600,203400
60902203079,2019,165000,824500,989500
80936209158,2019,63900,104900,168800
70918321286,2019,0,2000,2000
71014108304,2019,10700,166200,176900
81023304439,2019,35600,131100,166700
70928112097,2019,175500,149500,325000
71001319071,2019,66900,246600,313500
70923215234,2019,0,0,0
70920217845,2019,400,14600,15000
71007242317,2019,9300,176000,185300
80924414165,2019,26000,288000,314000
71010313204,2019,59500,201900,261400
70914402064,2019,298000,694000,992000
70919411078,2019,112600,256700,369300
60905113027,2019,48300,84100,132400
70913433177,2019,13500,390500,404000
71004317171,2019,58900,144100,203000
60801113486,2019,56800,141700,198500
71011203058,2019,209000,2236000,2445000
71002418088,2019,87000,191300,278300
71002107813,2019,9500,117900,127400
71020307073,2019,13900,123600,137500
81031228142,2019,56100,205200,261300
70828103013,2019,112300,301700,414000
70918210166,2019,92400,313800,406200
70815308080,2019,178700,375600,554300
70826420550,2019,0,4000,4000
70914407080,2019,196000,1461000,1657000
70923109057,2019,0,0,0
71004305259,2019,58900,134400,193300
70820109085,2019,141700,0,141700
71021107026,2019,61000,146500,207500
60804105183,2019,112700,443700,556400
70813327040,2019,71400,276300,347700
71016106041,2019,63300,136700,200000
71005308260,2019,60300,222000,282300
70823115013,2019,97300,348300,445600
70928111099,2019,107000,207400,314400
70928203135,2019,89900,272500,362400
70913354505,2019,0,2500,2500
71014105087,2019,0,0,0
70913307083,2019,0,0,0
80936408049,2019,75400,178600,254000
71005308377,2019,59100,196800,255900
60802420062,2019,13100,123300,136400
60811104037,2019,98800,213300,312100
70923113074,2019,79200,260500,339700
71011219039,2019,792000,4658000,5450000
71010311159,2019,57400,158700,216100
71010216169,2019,23200,71800,95000
70914404094,2019,240000,884000,1124000
70833302270,2019,414200,1473300,1887500
70922342038,2019,159900,442100,602000
70836313026,2019,15700,168700,184400
80924427770,2019,400,1600,2000
71003401165,2019,58700,194500,253200
70836313084,2019,15700,174700,190400
60801209061,2019,63900,149600,213500
70829110273,2019,73800,295100,368900
60812222010,2019,26200,175700,201900
80924439080,2019,12700,220400,233100
70920301276,2019,105400,211200,316600
80925118774,2019,800,1200,2000
70921211226,2019,70600,144400,215000
70826417680,2019,21500,118500,140000
70923160413,2019,8000,7000,15000
71009320054,2019,66200,163800,230000
71007204036,2019,44200,297800,342000
60801102025,2019,72400,166400,238800
81030101026,2019,0,0,0
70921417147,2019,151400,302000,453400
71010111210,2019,53500,240300,293800
71005308046,2019,57600,168200,225800
81034322024,2019,23800,131700,155500
70919218151,2019,121200,208700,329900
70823402155,2019,33300,152600,185900
60906201300,2019,67600,136800,204400
70929103186,2019,93100,307700,400800
60801235024,2019,10000,135500,145500
81031211139,2019,41400,122400,163800
70914421121,2019,113000,479000,592000
70901102057,2019,51000,116100,167100
71004317270,2019,58500,151800,210300
80925107256,2019,49800,137800,187600
60801102059,2019,65600,160300,225900
70836405039,2019,55200,147500,202700
70930105197,2019,75400,230200,305600
81034328022,2019,29300,104700,134000
70926416061,2019,46300,109200,155500
81015401029,2019,1430000,0,1430000
70928114069,2019,104000,454000,558000
70926414073,2019,47200,137900,185100
71015114045,2019,43800,167500,211300
70922431104,2019,60200,182900,243100
70828316319,2019,100,0,100
70936311061,2019,60200,160300,220500
71003418277,2019,65900,218900,284800
70913347881,2019,2500,12500,15000
70824409126,2019,104100,310200,414300
70918225123,2019,35600,139800,175400
70913348095,2019,7000,320500,327500
81031410202,2019,37600,205500,243100
70813110247,2019,111400,273600,385000
71001321018,2019,0,0,0
70919207089,2019,95000,141100,236100
70913321083,2019,83200,214200,297400
71030208237,2019,130400,207400,337800
70835202030,2019,170700,533100,703800
71023403042,2019,224100,0,224100
70822414721,2019,15800,125200,141000
71015405080,2019,43600,212800,256400
70814305029,2019,87700,336000,423700
71021101101,2019,174000,1100500,1274500
71014201182,2019,54900,171800,226700
70836201081,2019,77100,214100,291200
70833408028,2019,44700,444300,489000
71021223088,2019,63800,155800,219600
70834307063,2019,210100,288800,498900
80926409205,2019,12000,133500,145500
71035206111,2019,68400,214800,283200
71005316015,2019,50200,163200,213400
70813330184,2019,55500,292800,348300
71006441043,2019,27100,109100,136200
60812202187,2019,80200,186000,266200
70833408094,2019,44700,423500,468200
70913338020,2019,0,0,0
70826406203,2019,0,0,0
71006134078,2019,62600,213800,276400
70918322200,2019,0,2000,2000
70912408080,2019,105400,179800,285200
70928117170,2019,105300,254800,360100
81023207659,2019,33600,148000,181600
70928119019,2019,46900,277500,324400
70833401345,2019,141200,378700,519900
70914301117,2019,296100,466900,763000
81030205422,2019,52800,109000,161800
70929418048,2019,92700,249900,342600
71002309063,2019,63000,244700,307700
70931415165,2019,71000,131000,202000
71010307124,2019,51700,168500,220200
70929416208,2019,94800,235900,330700
60802421169,2019,72100,167900,240000
71009406101,2019,66700,140100,206800
70823122050,2019,24400,84100,108500
81030312011,2019,57600,172000,229600
70821110106,2019,113700,314500,428200
71009209042,2019,65600,150000,215600
60811418165,2019,85100,188300,273400
60812113079,2019,75800,194200,270000
70920108284,2019,120800,133400,254200
70923153088,2019,1300,23700,25000
60905112029,2019,42600,109100,151700
80936201021,2019,61600,102800,164400
80936202160,2019,50500,118500,169000
70919228150,2019,24100,260800,284900
70828425061,2019,0,0,0
71006130125,2019,47100,89200,136300
71001313049,2019,72000,285800,357800
71005402294,2019,33300,134500,167800
70927107388,2019,22000,190000,212000
71002419135,2019,65200,71500,136700
70821201012,2019,0,0,0
70823203074,2019,123500,472500,596000
70813328189,2019,129200,413400,542600
70836303043,2019,65200,159400,224600
70828205017,2019,843700,1608100,2451800
70814205112,2019,106300,200700,307000
71007222161,2019,340600,349400,690000
70816412046,2019,48500,318500,367000
70828438105,2019,0,0,0
70930410140,2019,87500,201300,288800
71034110115,2019,14200,120800,135000
81034418138,2019,62100,201200,263300
71016203243,2019,63600,204400,268000
60801225158,2019,15000,133500,148500
71011407098,2019,123500,268700,392200
70822102334,2019,112500,222600,335100
70913125336,2019,137900,141100,279000
81016102014,2019,37000,0,37000
60801122065,2019,66700,157900,224600
70913401124,2019,143400,266100,409500
70815308311,2019,187400,443500,630900
70923217272,2019,1671000,10279000,11950000
70823203173,2019,137300,285500,422800
70922425107,2019,113900,331400,445300
70913434737,2019,0,1500,1500
70814403097,2019,85600,204400,290000
70835120076,2019,16100,67900,84000
70919206015,2019,99000,97000,196000
70835210231,2019,63100,221100,284200
71009227036,2019,0,0,0
60802420129,2019,13100,140700,153800
71006131123,2019,49900,144700,194600
70921309188,2019,102200,160700,262900
70824412096,2019,100600,238000,338600
70901102106,2019,51000,175800,226800
70922336205,2019,131100,239800,370900
60804205123,2019,94900,305000,399900
60812304214,2019,0,0,0
60801201249,2019,69500,154200,223700
70826412599,2019,10000,77400,87400
81023204027,2019,2600,0,2600
60802440010,2019,30600,131100,161700
80924408796,2019,400,1600,2000
81033103128,2019,347000,23000,370000
70936309165,2019,61000,149100,210100
60802404032,2019,68600,150800,219400
60811429055,2019,76100,172500,248600
70926301080,2019,0,0,0
71009308092,2019,68900,143900,212800
70836306063,2019,70100,173100,243200
70923224045,2019,97400,221700,319100
70913209031,2019,83800,241600,325400
60812305121,2019,76200,192000,268200
71006401138,2019,65100,165000,230100
71004302213,2019,59400,129600,189000
70921402130,2019,142900,359100,502000
70921112101,2019,124400,234800,359200
81031405229,2019,37600,140500,178100
70917300992,2019,0,0,0
70828440184,2019,0,0,0
71027409012,2019,59300,157900,217200
70920126137,2019,14300,157900,172200
80924406732,2019,400,1600,2000
81030403993,2019,0,1445000,1445000
71010400712,2019,0,0,0
71006110169,2019,43600,244100,287700
71007229133,2019,92400,236000,328400
80926103328,2019,54500,155400,209900
81023209506,2019,0,1200,1200
81028118265,2019,10800,100000,110800
70829413164,2019,13200,0,13200
70914404119,2019,197000,717000,914000
70835124010,2019,500,1500,2000
60802311386,2019,89500,258900,348400
80924410791,2019,400,1600,2000
60812329270,2019,13500,160400,173900
70935112147,2019,52900,68600,121500
81031219042,2019,38100,129700,167800
71005414140,2019,48000,135000,183000
71021209070,2019,60900,139200,200100
70917101358,2019,51500,274100,325600
70931104239,2019,148200,149000,297200
70931212016,2019,78900,207900,286800
80936402017,2019,40000,530000,570000
70923154383,2019,0,7500,7500
70919110167,2019,127400,162500,289900
71009319099,2019,68800,124400,193200
71027413104,2019,71700,166400,238100
60801306049,2019,72500,154800,227300
70920104026,2019,124100,145200,269300
70921219072,2019,143500,294800,438300
70828412068,2019,0,0,0
70928206121,2019,89900,151100,241000
70929419343,2019,85000,251800,336800
71003315035,2019,47200,124700,171900
70921113018,2019,113800,242100,355900
60801220273,2019,100000,0,100000
70828437082,2019,0,0,0
71011208321,2019,21200,167700,188900
70923127257,2019,129200,396200,525400
60812121270,2019,78800,219400,298200
70826419371,2019,0,4000,4000
71006434246,2019,22500,113000,135500
70928224074,2019,99100,298900,398000
80924446019,2019,0,0,0
71011115055,2019,71000,211100,282100
70919107247,2019,126800,206300,333100
71015203294,2019,49600,183000,232600
81026346074,2019,57800,206200,264000
80924409017,2019,9300,139800,149100
70828421085,2019,0,0,0
71035205048,2019,66900,176500,243400
70922402064,2019,95800,109700,205500
70923411494,2019,25700,127800,153500
70824408144,2019,100800,223100,323900
71034103144,2019,67900,221000,288900
70835319083,2019,89600,269100,358700
70935307491,2019,4900,55100,60000
71011120111,2019,57000,294500,351500
70922314045,2019,130200,389900,520100
81028121656,2019,10800,100000,110800
80925303185,2019,57700,144600,202300
70834424023,2019,0,0,0
80924439907,2019,400,1600,2000
71011104016,2019,0,0,0
71010207473,2019,54600,126400,181000
60802311047,2019,94500,255200,349700
70835315388,2019,51900,356900,408800
70922426072,2019,153600,630600,784200
71004317296,2019,54700,123400,178100
70921303148,2019,175400,502100,677500
71015206272,2019,67300,271000,338300
60801213088,2019,74200,155700,229900
60812327141,2019,6000,106900,112900
70822205039,2019,0,0,0
71005323101,2019,164900,243800,408700
81032311087,2019,36600,120900,157500
60801216016,2019,0,0,0
60801410064,2019,74300,153000,227300
70920103094,2019,119100,284000,403100
60803106067,2019,103200,191800,295000
70920306036,2019,95500,180800,276300
70919414064,2019,116600,375300,491900
70913354068,2019,0,15000,15000
80924420766,2019,400,1600,2000
70824109156,2019,129900,275300,405200
70836313274,2019,15700,170700,186400
70813306010,2019,0,0,0
70919411052,2019,110900,219000,329900
71005323119,2019,114800,390800,505600
71015107058,2019,56900,149800,206700
71007319025,2019,30500,148500,179000
70921206011,2019,154000,226000,380000
70929218167,2019,91600,186300,277900
70929109142,2019,89900,283000,372900
70923164176,2019,44900,282800,327700
70824109114,2019,103100,224200,327300
71002418236,2019,0,0,0
71010119206,2019,55300,197300,252600
70923152288,2019,34100,579500,613600
81030302020,2019,61900,155100,217000
80924413787,2019,400,1600,2000
70834308615,2019,24500,0,24500
70920420175,2019,116100,244500,360600
71021214087,2019,60300,148600,208900
71021207082,2019,58600,153900,212500
70934309167,2019,15700,102600,118300
60812108046,2019,76900,196300,273200
60903201197,2019,77900,189100,267000
70913423110,2019,104200,360800,465000
60801116125,2019,66700,129200,195900
70913402164,2019,81400,238900,320300
70920220921,2019,0,2500,2500
60801220091,2019,77000,418000,495000
70929417115,2019,87300,312700,400000
70920302290,2019,144200,255800,400000
81021302253,2019,48400,196600,245000
70918307369,2019,74800,81000,155800
70835203062,2019,144000,400100,544100
70922117184,2019,0,0,0
80935107014,2019,68100,185700,253800
81034107442,2019,65500,172200,237700
60801103023,2019,53400,158600,212000
71005308020,2019,63300,170300,233600
70824106011,2019,115900,405300,521200
60903202195,2019,88900,166100,255000
70913105289,2019,77600,161200,238800
80935108286,2019,544000,260600,804600
71006305306,2019,62500,211200,273700
80936210014,2019,62900,139000,201900
70929218183,2019,98500,223400,321900
70923144293,2019,8000,7000,15000
70919226063,2019,116000,139900,255900
70815103084,2019,1086000,0,1086000
71016102015,2019,76500,219500,296000
71005401238,2019,55100,83100,138200
80936100950,2019,0,0,0
71006127130,2019,53900,110400,164300
70928105042,2019,109100,201800,310900
71005404050,2019,41900,75200,117100
70932210887,2019,0,5000,5000
70835124698,2019,500,1500,2000
70932114063,2019,315800,297200,613000
70923211208,2019,53200,283400,336600
70922112192,2019,0,0,0
70918312178,2019,132300,219800,352100
80926113088,2019,58600,174900,233500
71003407345,2019,55300,167400,222700
70824404407,2019,107000,311000,418000
71001334061,2019,21000,158700,179700
60802309216,2019,108400,311800,420200
70920212168,2019,132000,349700,481700
70920104076,2019,116900,145800,262700
80935103096,2019,51800,166500,218300
81032414097,2019,47700,119400,167100
70826419206,2019,0,4000,4000
71015119037,2019,55400,178600,234000
70820103029,2019,100,0,100
70929302069,2019,90700,244100,334800
70931208429,2019,66400,171800,238200
70920216938,2019,16500,993500,1010000
70901113468,2019,22300,112200,134500
70930402121,2019,85400,277300,362700
71010301176,2019,49800,153200,203000
70913346239,2019,92700,494900,587600
71003107250,2019,53100,139800,192900
71001335019,2019,35500,158900,194400
70826419975,2019,0,4000,4000
70826413042,2019,10200,81000,91200
80925122973,2019,800,1200,2000
71004318195,2019,54700,172600,227300
71010315060,2019,59100,169900,229000
71006101085,2019,59400,138400,197800
81034324088,2019,30000,95500,125500
71015206248,2019,81900,276600,358500
70920407107,2019,131700,158500,290200
80925111108,2019,56500,144200,200700
80936123043,2019,365000,3715000,4080000
70826315040,2019,35800,228000,263800
81034320010,2019,25000,102100,127100
70928208135,2019,97800,259000,356800
71014202362,2019,55900,180400,236300
71004409019,2019,239500,968500,1208000
71003104165,2019,59000,270100,329100
71009409163,2019,65700,134200,199900
81033202152,2019,38300,151100,189400
71003207050,2019,53100,154900,208000
70813112178,2019,138100,299900,438000
71009403264,2019,64200,121800,186000
71010219048,2019,10600,101200,111800
71006424081,2019,31200,178700,209900
70814422039,2019,87100,205000,292100
80925104369,2019,61900,148000,209900
70922402072,2019,95800,219600,315400
71035122028,2019,54300,264400,318700
80924427019,2019,9900,170700,180600
70814411066,2019,87500,189300,276800
71002316092,2019,2700,0,2700
71021102050,2019,101500,443500,545000
70928107311,2019,108400,334400,442800
70923163730,2019,44900,254600,299500
71003106054,2019,53100,176800,229900
71004407013,2019,55200,131500,186700
70918320428,2019,20500,126500,147000
60802105028,2019,65500,163600,229100
71021103066,2019,56200,181900,238100
70836313175,2019,15700,174300,190000
71015119417,2019,53000,174000,227000
80936406043,2019,75100,128400,203500
71015101159,2019,48600,148900,197500
60801223144,2019,16900,177100,194000
70828124126,2019,12900,185200,198100
70923149243,2019,7300,14700,22000
70912407347,2019,105400,195400,300800
80926308126,2019,63700,183300,247000
70929204190,2019,115500,161800,277300
70929214024,2019,77700,240800,318500
70922335166,2019,121400,316100,437500
60801212535,2019,84400,172000,256400
70834403241,2019,95300,331100,426400
70928306153,2019,91100,135900,227000
70923408235,2019,55000,141900,196900
71007229076,2019,43000,656500,699500
71021110045,2019,63000,157300,220300
70920402082,2019,135500,201500,337000
70918201339,2019,139700,252000,391700
71005308054,2019,57600,139400,197000
70828309124,2019,64900,240500,305400
71002415109,2019,72400,314500,386900
70829409030,2019,80900,0,80900
70929307168,2019,83500,248300,331800
71008103047,2019,0,0,0
70828306039,2019,35000,176600,211600
81034106296,2019,61600,180900,242500
70930301109,2019,605000,3762000,4367000
81021102017,2019,0,0,0
80935104151,2019,56100,174400,230500
70826211503,2019,10000,60500,70500
70826406229,2019,67500,174400,241900
70913221019,2019,218200,2321800,2540000
70823207068,2019,18100,215400,233500
80924438777,2019,400,1600,2000
70918223200,2019,130000,174300,304300
81034403204,2019,56500,177400,233900
80924419090,2019,8600,150000,158600
80924413753,2019,400,1600,2000
60902103253,2019,20000,109000,129000
80926311038,2019,69500,307900,377400
70926108147,2019,78500,192400,270900
70936301260,2019,64200,159100,223300
70921222158,2019,136900,123100,260000
80936411175,2019,50200,142600,192800
81029400893,2019,0,0,0
70835308028,2019,80300,218800,299100
70919225271,2019,101300,141300,242600
70923126308,2019,153800,152000,305800
81033409021,2019,33500,90500,124000
60801120134,2019,77700,156400,234100
70923305035,2019,120000,281400,401400
71010405118,2019,79900,191100,271000
70825202181,2019,176000,0,176000
71002441047,2019,100,0,100
81026415085,2019,100,0,100
70926415055,2019,45600,115400,161000
60906201095,2019,57500,136100,193600
81027106097,2019,36700,114300,151000
60904103029,2019,80200,154600,234800
80924427697,2019,400,1600,2000
60804206105,2019,110700,0,110700
70823315134,2019,158200,172300,330500
80936208051,2019,56900,143300,200200
70923168524,2019,6500,13500,20000
80925105226,2019,52000,149100,201100
60812207161,2019,83700,172300,256000
71011208313,2019,21100,189800,210900
70836406227,2019,56400,132700,189100
60902101033,2019,198700,993300,1192000
81031410070,2019,37600,122800,160400
60801203039,2019,66100,153800,219900
70928116073,2019,126600,248000,374600
70932106268,2019,128300,324900,453200
70920104274,2019,89000,321000,410000
70919408421,2019,111500,231700,343200
70934309208,2019,15700,98600,114300
80926306021,2019,63400,223600,287000
70814312157,2019,26100,253900,280000
71002314070,2019,62300,265800,328100
71005225109,2019,48100,96900,145000
70928117526,2019,119900,166800,286700
71005204103,2019,73200,99500,172700
80926200926,2019,0,0,0
70922335174,2019,104500,333800,438300
81028118166,2019,10800,93900,104700
70919216064,2019,84700,185400,270100
60801414264,2019,83900,213300,297200
60801303128,2019,73600,136100,209700
71005332095,2019,163200,364300,527500
71016205067,2019,68500,101600,170100
70920303016,2019,105600,441500,547100
70835122931,2019,6500,71300,77800
60811115109,2019,105600,312000,417600
60802312342,2019,97900,249600,347500
71006209061,2019,69200,179200,248400
71004306174,2019,60700,147400,208100
81032404048,2019,44600,117300,161900
60803113070,2019,129000,360600,489600
70828318159,2019,100,0,100
80924428843,2019,400,1600,2000
70835303218,2019,88700,234100,322800
70923153111,2019,1300,23700,25000
70813324210,2019,136600,310700,447300
70909400982,2019,0,0,0
70919404114,2019,100600,235400,336000
70934403026,2019,305000,633000,938000
70920301044,2019,178700,252500,431200
70835108171,2019,178200,376500,554700
81035103077,2019,67900,0,67900
70931306091,2019,98600,223000,321600
70913354513,2019,0,2500,2500
71019406117,2019,82200,107300,189500
81016201171,2019,620000,3732400,4352400
70825207024,2019,1518000,5512000,7030000
70836311020,2019,0,0,0
70919309025,2019,103000,181000,284000
71005224036,2019,48200,171000,219200
70835305157,2019,80500,184500,265000
80924409116,2019,9000,139300,148300
70929105182,2019,103600,204200,307800
81032307127,2019,49100,140900,190000
80926103237,2019,54000,120400,174400
70823118348,2019,12800,93600,106400
70931404077,2019,102400,122100,224500
71009106131,2019,0,0,0
70836202104,2019,77100,183900,261000
70920220773,2019,0,3900,3900
60812307193,2019,89500,234400,323900
60802413455,2019,57700,179800,237500
70834403316,2019,61000,176100,237100
70923116367,2019,190800,82100,272900
70928205222,2019,97800,299700,397500
71015108072,2019,61300,203000,264300
70829104086,2019,41900,331700,373600
70918319570,2019,20500,71900,92400
71010208025,2019,54000,158200,212200
71034108136,2019,58000,161100,219100
80925123062,2019,12200,250400,262600
80924424966,2019,400,1600,2000
60801406162,2019,24900,158900,183800
70919216072,2019,88400,173600,262000
70814207184,2019,95800,234700,330500
70932203022,2019,75300,291200,366500
70923213014,2019,0,0,0
70926203129,2019,80000,254600,334600
71006433115,2019,110100,264200,374300
70836109136,2019,75100,203000,278100
70836404205,2019,60900,166400,227300
60801412169,2019,77900,159300,237200
70823121367,2019,20000,103200,123200
70920119083,2019,111000,10000,121000
71009217178,2019,46100,155400,201500
71011303014,2019,55800,164900,220700
70814415141,2019,0,0,0
70833209012,2019,99900,321900,421800
80936207160,2019,56900,180200,237100
71002314179,2019,4800,0,4800
60906105049,2019,64700,170700,235400
71004407146,2019,57300,157800,215100
71011118348,2019,30500,226800,257300
60903208036,2019,14900,98300,113200
71003216051,2019,89000,336000,425000
71007221139,2019,124500,262600,387100
71021109163,2019,61000,134000,195000
80936413098,2019,73400,163900,237300
70922346303,2019,0,15000,15000
80925109088,2019,53500,149200,202700
71004307114,2019,54100,148700,202800
70814425017,2019,93100,240700,333800
71016406079,2019,62400,141700,204100
71002434109,2019,13100,0,13100
70821411158,2019,97500,317700,415200
71002309039,2019,68600,254600,323200
71009217095,2019,37500,130900,168400
71011407171,2019,100900,291100,392000
80924422803,2019,400,1600,2000
71035114299,2019,82000,279700,361700
70913348285,2019,7300,301000,308300
81023209283,2019,0,1200,1200
70929105116,2019,98500,279100,377600
70827308036,2019,0,0,0
80925120985,2019,800,1200,2000
80926304124,2019,63500,203800,267300
70918403034,2019,383500,300000,683500
70929417032,2019,87300,233700,321000
70920416249,2019,121700,144200,265900
71010107178,2019,58900,236000,294900
81034104018,2019,73500,177700,251200
70828112139,2019,97000,211900,308900
81031408033,2019,40700,198100,238800
81021107231,2019,46500,226500,273000
70816408376,2019,0,0,0
60811106041,2019,103600,323900,427500
70814207259,2019,87700,230600,318300
70926217146,2019,231000,253700,484700
71005204046,2019,75000,54400,129400
70826416062,2019,21500,118500,140000
71015302062,2019,384500,670500,1055000
60905112053,2019,44500,132000,176500
70932208098,2019,14200,140800,155000
71016103146,2019,69100,93900,163000
70929124421,2019,0,10000,10000
81034308058,2019,68900,206000,274900
60802418091,2019,59200,180900,240100
81023304562,2019,35600,152700,188300
70836123029,2019,28100,102900,131000
71001323254,2019,63500,217900,281400
70821212184,2019,100,0,100
81021305091,2019,56400,156500,212900
70918401335,2019,814700,187800,1002500
70920411182,2019,127400,122500,249900
71006103081,2019,58300,91900,150200
71003414035,2019,76000,150800,226800
60904107013,2019,90100,212900,303000
70923168251,2019,6500,13500,20000
80924410155,2019,9000,132800,141800
70833101119,2019,159200,390900,550100
71003216176,2019,102000,347000,449000
70836118054,2019,140900,145300,286200
71002315127,2019,2600,0,2600
80936200940,2019,994800,371900,1366700
70921114230,2019,113800,237600,351400
70936201064,2019,2093000,2145000,4238000
71005314192,2019,68000,220000,288000
70923146017,2019,8000,7000,15000
70920406216,2019,147800,113900,261700
60811114234,2019,118400,268300,386700
70823314053,2019,153000,367400,520400
71006107215,2019,54100,168400,222500
80925210190,2019,59600,145400,205000
71005414182,2019,48000,145700,193700
70922315118,2019,130200,402400,532600
60802402060,2019,69100,181200,250300
70834308467,2019,125000,301400,426400
70823106111,2019,89000,238500,327500
71005231106,2019,47500,131800,179300
70835317194,2019,106200,183800,290000
71009305064,2019,68700,78700,147400
81030211049,2019,61600,128700,190300
70919221211,2019,100900,154300,255200
60812405541,2019,84500,206500,291000
60801225380,2019,15000,141700,156700
70920214049,2019,15200,268500,283700
71004401354,2019,52500,160700,213200
71005112132,2019,65100,167300,232400
70824414406,2019,18700,126200,144900
70813403262,2019,275000,619000,894000
70922226117,2019,217000,475400,692400
71007215140,2019,133600,278400,412000
71003305325,2019,53000,152400,205400
81032410011,2019,39900,240900,280800
81034418097,2019,67900,241100,309000
70921214080,2019,115000,245600,360600
60906208083,2019,60300,148800,209100
70921315028,2019,105600,174700,280300
70922346329,2019,0,15000,15000
70928213043,2019,98200,340100,438300
70924220117,2019,0,10000,10000
70929212151,2019,75900,220200,296100
70921416165,2019,134500,421800,556300
70931310191,2019,0,0,0
80925408141,2019,52900,132600,185500
70923164093,2019,44900,172100,217000
70922202076,2019,78000,482000,560000
60801411278,2019,73800,214400,288200
70912102020,2019,0,0,0
71005109072,2019,48200,134400,182600
71022103073,2019,0,0,0
70823308965,2019,0,0,0
81034309204,2019,64600,132600,197200
71001331158,2019,65100,225500,290600
71035103101,2019,70300,332500,402800
70931203057,2019,84100,138200,222300
70824311355,2019,14100,136100,150200
70913111278,2019,70200,150300,220500
71006114020,2019,60800,212100,272900
71005315033,2019,68000,190200,258200
71001413013,2019,56400,191500,247900
70923166271,2019,86800,534500,621300
70929421025,2019,157400,406900,564300
70833113156,2019,97200,256400,353600
70835206199,2019,87800,278400,366200
81028120070,2019,0,4000,4000
81035114058,2019,100,0,100
81021412044,2019,45300,160500,205800
80936111048,2019,14900,97700,112600
70935202279,2019,66200,217800,284000
80925408042,2019,52900,178300,231200
70813334128,2019,26800,218200,245000
71010311167,2019,53100,138700,191800
71027403014,2019,92000,633000,725000
71014307188,2019,54700,209400,264100
70913347831,2019,2500,12500,15000
60811103485,2019,106100,255400,361500
70922216085,2019,148300,361400,509700
70936101074,2019,0,0,0
80926106231,2019,54500,137300,191800
81021301073,2019,77000,358000,435000
71011213057,2019,47700,222400,270100
70835122254,2019,6500,77500,84000
71011212059,2019,50600,186600,237200
71010313270,2019,56700,172200,228900
70918415279,2019,10500,120300,130800
60811402027,2019,76200,190000,266200
70821112102,2019,115000,329500,444500
71010303106,2019,63000,126000,189000
70816311032,2019,197400,401600,599000
60812214041,2019,19100,186900,206000
70920109018,2019,82200,168400,250600
80925402036,2019,54000,122000,176000
81019305144,2019,58100,159900,218000
80925409024,2019,52900,220100,273000
80925305165,2019,64200,97200,161400
70836206015,2019,70900,165600,236500
81031223118,2019,50900,112800,163700
71010400829,2019,122400,123300,245700
60802405014,2019,0,0,0
70920409187,2019,129500,304700,434200
70923404142,2019,0,0,0
71012208122,2019,59400,186800,246200
70923145374,2019,8000,7000,15000
71009301103,2019,64500,163500,228000
60802302020,2019,0,0,0
70928217053,2019,95300,264100,359400
80925214126,2019,56100,167400,223500
71003411057,2019,50600,233700,284300
70836202047,2019,66400,151200,217600
70913114206,2019,104000,215900,319900
70929221194,2019,88300,177200,265500
60803104227,2019,103200,187200,290400
71007101050,2019,102800,350800,453600
70929217052,2019,91600,234700,326300
71006104203,2019,53800,163400,217200
80935102296,2019,63000,997000,1060000
70827403018,2019,0,0,0
81019305011,2019,61000,167400,228400
80926405071,2019,0,0,0
71006113353,2019,60800,165000,225800
70926402010,2019,110000,255000,365000
70922419035,2019,81900,315700,397600
60804106123,2019,134700,377300,512000
70919225304,2019,101300,234900,336200
71010310094,2019,50100,141800,191900
71005224010,2019,53200,179400,232600
80925304266,2019,52700,171500,224200
70928102436,2019,113300,274500,387800
70820111022,2019,100,0,100
70918226064,2019,23300,102900,126200
70930203032,2019,2190000,10449000,12639000
70926407127,2019,72000,108000,180000
70827109012,2019,0,0,0
70932103090,2019,81600,188400,270000
71010301019,2019,287000,413000,700000
70814312230,2019,26100,278900,305000
70826417763,2019,21500,122000,143500
71003312164,2019,49100,154700,203800
71015405254,2019,53600,192700,246300
70929124653,2019,0,10000,10000
80925211198,2019,54700,150300,205000
70828118187,2019,29800,249900,279700
81031300841,2019,37800,100,37900
71009213035,2019,50800,154100,204900
60812405583,2019,95600,210800,306400
70921123025,2019,0,0,0
70923107093,2019,0,0,0
71015119251,2019,49900,119400,169300
70823110443,2019,89400,169000,258400
70816406023,2019,158200,376600,534800
71006108049,2019,70400,99600,170000
81028108430,2019,55800,135900,191700
71009202070,2019,51900,112900,164800
70923136133,2019,22000,224000,246000
70923165976,2019,41400,226800,268200
60801210042,2019,68700,147200,215900
60901203228,2019,61100,139900,201000
60802403050,2019,72100,163900,236000
70928312150,2019,212000,888000,1100000
70829418172,2019,0,0,0
71016117121,2019,59000,133800,192800
70918208062,2019,68700,299400,368100
71010120089,2019,76800,99400,176200
81015106083,2019,82900,137800,220700
70920403155,2019,107100,168300,275400
71005226149,2019,38400,167400,205800
70929419111,2019,86500,263100,349600
70918201355,2019,145100,236600,381700
71009206121,2019,43200,156800,200000
71005344016,2019,0,0,0
70929211038,2019,83800,214700,298500
70828437115,2019,0,0,0
60901103105,2019,61000,172600,233600
71006443049,2019,6500,118500,125000
60801206059,2019,0,0,0
71007301056,2019,462000,99800,561800
70922418079,2019,80200,187200,267400
70813314063,2019,13400,235600,249000
70912450023,2019,12900,275400,288300
70833304234,2019,122700,392300,515000
71021203113,2019,60500,161500,222000
70923160497,2019,8000,7000,15000
80924421813,2019,400,1600,2000
81034205311,2019,70300,208800,279100
60903206189,2019,81400,176600,258000
70923156181,2019,3300,11700,15000
70918415245,2019,10500,51700,62200
70919110331,2019,128400,103500,231900
70825209400,2019,14000,38000,52000
81027107201,2019,36700,113700,150400
81028102177,2019,62300,167900,230200
70913131036,2019,264000,3016000,3280000
81031301071,2019,67000,208000,275000
70826416046,2019,18400,83600,102000
70826309093,2019,113200,324800,438000
71034105364,2019,77100,205800,282900
70824404259,2019,111700,510200,621900
60801215191,2019,70000,189900,259900
70936303216,2019,60400,124000,184400
71005301165,2019,61900,147700,209600
71011410091,2019,91100,292200,383300
60801103073,2019,75300,127900,203200
60803110034,2019,556000,5482000,6038000
70927107148,2019,39200,330500,369700
70914436443,2019,115700,832900,948600
70919211139,2019,90600,128800,219400
70829418180,2019,0,0,0
71003405034,2019,54300,190800,245100
80924432935,2019,400,1600,2000
70923164142,2019,44900,422400,467300
70833108058,2019,85100,223700,308800
71006120043,2019,49400,133500,182900
70919307045,2019,109600,372200,481800
71016116040,2019,60900,144400,205300
81032103129,2019,32500,130300,162800
70929418204,2019,91500,207000,298500
71007216221,2019,68200,329800,398000
71016113096,2019,26400,75700,102100
80925212360,2019,62800,127200,190000
81026355372,2019,22500,33800,56300
71007104020,2019,94600,237000,331600
80925402276,2019,59000,180500,239500
70922408210,2019,131900,343800,475700
70914416015,2019,107100,214800,321900
71011123016,2019,52100,234800,286900
71009408032,2019,66000,110100,176100
71016209126,2019,73900,151200,225100
70907300944,2019,1558100,1398700,2956800
70919206148,2019,89000,129700,218700
70913415175,2019,87200,313200,400400
71004405356,2019,48800,144200,193000
70826410303,2019,67600,178500,246100
60801209178,2019,81500,143500,225000
71015214035,2019,23000,292000,315000
81034107450,2019,67100,181700,248800
80925206305,2019,53400,135500,188900
60903201246,2019,84900,164100,249000
71006423059,2019,58400,222700,281100
71007215132,2019,132400,111000,243400
71011124155,2019,45700,251800,297500
71006412200,2019,65400,301000,366400
70901103013,2019,51000,135700,186700
71002304013,2019,61800,281300,343100
70824404069,2019,118200,456800,575000
70836409213,2019,75500,143500,219000
80924445847,2019,400,1600,2000
80925219035,2019,60500,142200,202700
71003417138,2019,53400,147500,200900
81034413203,2019,68900,170700,239600
71035207177,2019,43900,236100,280000
71011118364,2019,30500,222000,252500
80924406120,2019,7600,139400,147000
60803106207,2019,103200,197300,300500
71006117032,2019,60300,205800,266100
81022307020,2019,1228000,50000,1278000
70826407144,2019,0,0,0
71011207240,2019,39300,206700,246000
70813403147,2019,387600,243900,631500
70914413053,2019,287000,1786000,2073000
71005314168,2019,54100,316300,370400
70920103341,2019,114400,167000,281400
70931203015,2019,90500,186100,276600
71009312093,2019,70300,191800,262100
70828310163,2019,64900,244000,308900
80936201112,2019,60700,102700,163400
71006107257,2019,54100,127900,182000
70824305051,2019,105500,232100,337600
81026206252,2019,4300,0,4300
70834204095,2019,81800,227800,309600
71006101043,2019,45400,124400,169800
70912439035,2019,9000,91300,100300
70923156511,2019,5000,10000,15000
60802402143,2019,67500,151600,219100
60801302120,2019,73000,182400,255400
70923144368,2019,8000,7000,15000
60801122180,2019,70800,145400,216200
80936413014,2019,80100,172500,252600
81015106017,2019,66200,188700,254900
81033209182,2019,178000,0,178000
70826422275,2019,0,4000,4000
71011205187,2019,32900,201400,234300
80925107298,2019,49900,120800,170700
71001322016,2019,0,0,0
71002310078,2019,48100,275800,323900
70833117033,2019,85200,195000,280200
71016106116,2019,71400,113600,185000
70826312012,2019,69600,212900,282500
70828301211,2019,100,0,100
81022105010,2019,571000,2329000,2900000
60906107102,2019,71600,154300,225900
60801201108,2019,66700,183700,250400
81034325044,2019,30000,108300,138300
70921104265,2019,81900,302400,384300
71011205161,2019,32900,198600,231500
70931309136,2019,99000,158000,257000
70929405095,2019,88200,239100,327300
70907301059,2019,144500,350500,495000
70813329129,2019,18600,160100,178700
70936402026,2019,64800,131900,196700
70833402187,2019,135500,415700,551200
71009409139,2019,65200,167900,233100
70923412400,2019,1700,16300,18000
70929206097,2019,78300,193700,272000
70935102198,2019,45900,96600,142500
70920104323,2019,89000,341000,430000
71006423174,2019,15000,125400,140400
71009216021,2019,46800,122700,169500
71006412036,2019,60900,187500,248400
70828420186,2019,0,0,0
81031411151,2019,45700,152300,198000
71027412049,2019,0,0,0
70826421780,2019,0,4000,4000
70826416400,2019,21500,118500,140000
71011405042,2019,93100,253400,346500
70922328054,2019,168300,238700,407000
70921219197,2019,135100,346900,482000
70922320266,2019,121400,302500,423900
70821404012,2019,105800,418200,524000
71016208128,2019,64700,149800,214500
80926304116,2019,65400,237100,302500
81032428113,2019,32300,133000,165300
70931303146,2019,104600,147500,252100
70815403153,2019,0,0,0
60801419173,2019,16600,198400,215000
60812206064,2019,0,0,0
70919403322,2019,105400,246000,351400
81030303177,2019,70300,181600,251900
70928112138,2019,108400,305200,413600
70835123525,2019,6500,74200,80700
70930407022,2019,83500,177200,260700
71007243050,2019,0,15000,15000
70836207310,2019,0,0,0
60801407219,2019,83900,198400,282300
70920114033,2019,128600,178000,306600
71004314010,2019,54100,145800,199900
70923173953,2019,3300,11700,15000
60801234018,2019,15000,145500,160500
70826420203,2019,0,4000,4000
70823413277,2019,29100,178500,207600
71023401997,2019,191000,0,191000
70826312179,2019,72200,232200,304400
70912436023,2019,8300,71600,79900
70914409052,2019,259000,693000,952000
71015116041,2019,41800,168500,210300
71006101051,2019,46900,108400,155300
81028120814,2019,0,5000,5000
70921215012,2019,128700,286500,415200
70922206036,2019,110000,650000,760000
70920113259,2019,119100,161200,280300
71002441055,2019,100,0,100
70932304052,2019,0,0,0
70834214812,2019,40800,438600,479400
71021211190,2019,61000,131100,192100
70918312152,2019,147600,154500,302100
70813310128,2019,19100,199400,218500
70913320069,2019,233000,114000,347000
80925401137,2019,53400,124100,177500
81028120666,2019,0,5000,5000
70833409018,2019,46200,191300,237500
70922303113,2019,125100,275500,400600
60811415070,2019,77100,209500,286600
70920220707,2019,0,13100,13100
71003205260,2019,53100,166500,219600
70926112114,2019,80300,174700,255000
70824403110,2019,105100,356900,462000
70926209086,2019,66000,310300,376300
80925118831,2019,800,1200,2000
81031402069,2019,35900,152600,188500
80926114078,2019,18300,99200,117500
71007207098,2019,75700,205500,281200
71014209053,2019,56800,146800,203600
60812405640,2019,73700,214100,287800
81034409301,2019,67100,185100,252200
60903208135,2019,14900,107600,122500
81030311146,2019,61700,159500,221200
70901108120,2019,80100,51200,131300
70913103027,2019,109500,157600,267100
71010120063,2019,76400,164800,241200
60802410211,2019,67800,156500,224300
71020306140,2019,10300,107200,117500
60904113185,2019,90800,302700,393500
71011220028,2019,11300,163600,174900
70923165562,2019,54100,278400,332500
70826403241,2019,68800,149400,218200
71004305051,2019,58900,159000,217900
80924311030,2019,72500,264800,337300
60801311056,2019,67300,194700,262000
70814104174,2019,98200,259700,357900
60812329220,2019,13400,154500,167900
81034206129,2019,66900,166900,233800
71005316213,2019,36000,294000,330000
70931412096,2019,93600,226900,320500
81033308190,2019,6300,64800,71100
70923113389,2019,143800,347200,491000
71003415182,2019,0,0,0
71004402039,2019,46400,136400,182800
71006131090,2019,94100,106100,200200
60811410088,2019,75600,190400,266000
70922110154,2019,245000,12615000,12860000
60904102154,2019,83400,191600,275000
70814430024,2019,19700,215900,235600
70913106245,2019,91600,184200,275800
71006313052,2019,62000,219700,281700
70821403056,2019,104500,338700,443200
70823210186,2019,76900,191000,267900
70816320108,2019,187400,707000,894400
71002410068,2019,9600,0,9600
71007202121,2019,116300,409800,526100
81014300959,2019,0,0,0
71021211140,2019,63100,165300,228400
70824308071,2019,16000,147000,163000
60812202286,2019,82100,193600,275700
60811439096,2019,20000,189300,209300
71003105048,2019,55700,238800,294500
70929309073,2019,96000,297500,393500
80926302061,2019,61100,265700,326800
60802421143,2019,0,0,0
71005301131,2019,61900,168700,230600
60812313372,2019,33100,194900,228000
81035107095,2019,73200,0,73200
60802403018,2019,67500,151600,219100
70823104115,2019,87200,204200,291400
70922302123,2019,108900,332100,441000
81026424086,2019,100,0,100
71016201198,2019,62700,156600,219300
71006421243,2019,33000,429000,462000
70836405188,2019,69800,154600,224400
81023207211,2019,33600,147000,180600
80925116140,2019,13500,256500,270000
70931313012,2019,23400,99500,122900
81030211106,2019,60800,127700,188500
71006129235,2019,41300,112900,154200
71005323127,2019,114800,353700,468500
81026362012,2019,100,0,100
70923113090,2019,660800,3412900,4073700
71012201069,2019,72800,270000,342800
60802409165,2019,64000,157100,221100
80924442059,2019,12700,222600,235300
70926201363,2019,462000,569000,1031000
71015201032,2019,61100,181300,242400
71014208097,2019,54100,115900,170000
71005213146,2019,49400,140500,189900
60811204126,2019,106300,239600,345900
71006305033,2019,43800,174900,218700
70921317256,2019,114800,163300,278100
60801202031,2019,89100,184000,273100
60812222143,2019,23800,161900,185700
81034202416,2019,0,0,0
71005337095,2019,0,0,0
71015103288,2019,67300,144300,211600
81023301071,2019,0,0,0
80925115085,2019,13500,262200,275700
81033306243,2019,1004300,435600,1439900
80936202285,2019,60600,149500,210100
70918321278,2019,0,2000,2000
70824303188,2019,94300,344500,438800
70913332163,2019,0,0,0
70921320019,2019,126600,115200,241800
81031209184,2019,66300,126800,193100
71015208179,2019,76100,230300,306400
80925307187,2019,68500,104900,173400
60803103013,2019,96700,192500,289200
70913344217,2019,39600,404400,444000
70833105054,2019,116700,364000,480700
81015107106,2019,59800,196600,256400
70929208027,2019,93500,206600,300100
70923168665,2019,3400,13800,17200
70823103034,2019,79900,157800,237700
71007116140,2019,78200,326500,404700
60802402151,2019,66800,184400,251200
70836213416,2019,11600,134900,146500
70928117534,2019,119900,339100,459000
70914438564,2019,2200,22800,25000
71007205125,2019,35000,157100,192100
81030205290,2019,32200,133500,165700
71009204159,2019,50800,199900,250700
70936305113,2019,53200,137000,190200
70935202245,2019,66200,179800,246000
60801208211,2019,105000,480000,585000
70919104011,2019,109600,377300,486900
60802106042,2019,69300,179800,249100
70913406182,2019,72000,284500,356500
71003302040,2019,56300,112200,168500
70920309212,2019,104900,345900,450800
60812316110,2019,86900,257200,344100
70816401247,2019,176600,441400,618000
71005232112,2019,47100,92500,139600
70829411051,2019,13400,0,13400
60903207294,2019,72100,296400,368500
70832400992,2019,2700,0,2700
70913401257,2019,86700,159200,245900
70932303137,2019,79900,135000,214900
81026370099,2019,7500,0,7500
70834403051,2019,100300,268900,369200
81027402049,2019,15400,0,15400
70919208128,2019,90600,125200,215800
60802416102,2019,70300,280100,350400
70918212021,2019,65200,134600,199800
70828301138,2019,800,0,800
60803101207,2019,106100,185900,292000
70918319398,2019,20500,60400,80900
71005106086,2019,13000,1000,14000
71001334037,2019,21000,154000,175000
70923171212,2019,2100,1600,3700
81033308265,2019,6300,64800,71100
71006112115,2019,69200,181300,250500
71004404324,2019,47600,149900,197500
60811402126,2019,69000,197200,266200
81032406078,2019,38900,145800,184700
70913209354,2019,96500,48700,145200
60802408050,2019,68000,156000,224000
70913406299,2019,91900,369900,461800
81031226013,2019,36900,188100,225000
70824302065,2019,96900,221200,318100
80926110399,2019,60000,132600,192600
60812203052,2019,78500,145200,223700
70926116166,2019,81000,210900,291900
70836216551,2019,5500,97500,103000
60801104097,2019,73700,210400,284100
71015405270,2019,59400,222300,281700
80925102024,2019,50800,128500,179300
81034413170,2019,68700,180300,249000
70825400793,2019,1030000,46680000,47710000
70823118041,2019,12800,84900,97700
70936402050,2019,65700,133200,198900
70923229300,2019,0,0,0
70813301119,2019,83000,349000,432000
70928317093,2019,151000,522000,673000
71034102063,2019,46700,199000,245700
70922323088,2019,116000,469000,585000
70823306018,2019,78100,193800,271900
70820115032,2019,100,0,100
70826416070,2019,21500,105200,126700
70824218105,2019,169400,441300,610700
71004302122,2019,55500,155000,210500
71005407210,2019,42100,159200,201300
71009309040,2019,68600,119400,188000
81029403029,2019,427500,1379100,1806600
71010301118,2019,49800,149800,199600
70835202212,2019,103600,269700,373300
70920110081,2019,86900,188700,275600
70815306183,2019,199300,471100,670400
70926113097,2019,76500,167100,243600
70835315346,2019,51900,351600,403500
81021301172,2019,57800,129600,187400
70921311141,2019,81000,221000,302000
81033405227,2019,0,0,0
71035106022,2019,68200,230700,298900
81031216064,2019,38500,111800,150300
80935102014,2019,48700,130000,178700
71009320260,2019,58100,129500,187600
60801307104,2019,74200,146700,220900
71019411463,2019,9000,67200,76200
70826412185,2019,10000,80700,90700
81021412010,2019,49300,148800,198100
71006430161,2019,109100,279400,388500
70926216221,2019,44000,622000,666000
60905208026,2019,56500,117300,173800
70836403116,2019,61600,175400,237000
71027100967,2019,540500,2406300,2946800
60801310032,2019,78000,262700,340700
60801225091,2019,15000,140000,155000
70920413039,2019,123200,147100,270300
60902203144,2019,31300,0,31300
81035109033,2019,11700,0,11700
70824304152,2019,116100,276400,392500
70922215053,2019,247600,508000,755600
81034107046,2019,0,0,0
70932415057,2019,53000,112000,165000
70923160091,2019,8000,7000,15000
71005112017,2019,58700,100300,159000
71005401254,2019,55100,146800,201900
70913315052,2019,62800,204900,267700
71006113155,2019,39700,201300,241000
60801107017,2019,65000,151200,216200
71009221195,2019,43900,174900,218800
70914437665,2019,1100,5900,7000
71016111173,2019,19000,161000,180000
80924418844,2019,400,1600,2000
71004315076,2019,58500,157800,216300
70833204020,2019,108700,235300,344000
70826405049,2019,70000,159200,229200
70931406099,2019,135100,180000,315100
71015302046,2019,114000,476000,590000
81021107124,2019,61500,218500,280000
71004307065,2019,58900,149900,208800
81034409153,2019,67000,159100,226100
60802314091,2019,106100,304500,410600
60904105306,2019,83300,182500,265800
80924412961,2019,400,1600,2000
60906108241,2019,73700,147800,221500
70816302073,2019,34400,0,34400
70835124309,2019,500,1500,2000
70913356048,2019,29000,234000,263000
80924436101,2019,10600,189200,199800
81026356164,2019,4500,0,4500
70929109077,2019,89900,261500,351400
70834422085,2019,25500,183700,209200
70829408016,2019,11500,0,11500
71011407105,2019,115700,264600,380300
70901112121,2019,56000,107200,163200
70923142198,2019,44900,383500,428400
80936414096,2019,79200,146700,225900
70923143253,2019,44900,167600,212500
70923153921,2019,1300,23700,25000
60801203013,2019,66700,149400,216100
70824310274,2019,14100,123000,137100
70918415188,2019,10500,51700,62200
81031224190,2019,23000,137000,160000
70815301018,2019,1205000,4205000,5410000
70923414026,2019,773800,28000,801800
70922335041,2019,153200,364600,517800
70923163128,2019,44900,103100,148000
81031219092,2019,38500,104100,142600
81026360157,2019,100,0,100
70922326123,2019,105200,372800,478000
71016113062,2019,54900,117000,171900
71016416127,2019,62600,116500,179100
71006412028,2019,54000,230100,284100
70931411254,2019,69800,173500,243300
81032430308,2019,39800,93300,133100
71006423257,2019,79300,233300,312600
71003202125,2019,56500,221700,278200
70930410158,2019,131300,323600,454900
70920308264,2019,106400,202300,308700
60801414347,2019,85400,203100,288500
71021202066,2019,58000,164100,222100
70913109182,2019,98800,240200,339000
70918415302,2019,10500,116000,126500
60811112056,2019,101900,313500,415400
71010101021,2019,54800,248400,303200
60801208336,2019,57000,208800,265800
71006308102,2019,50100,63900,114000
71012205095,2019,69500,395100,464600
70833205028,2019,26900,219500,246400
81035114024,2019,100,0,100
70918414289,2019,905000,0,905000
70834216058,2019,90000,312500,402500
60812302317,2019,0,0,0
71006407186,2019,68000,297000,365000
70901108071,2019,54500,154000,208500
71006422209,2019,0,0,0
70829102171,2019,70300,338600,408900
70913108332,2019,17000,196000,213000
71006433032,2019,110100,327900,438000
70913309518,2019,65900,285300,351200
71011303296,2019,0,0,0
70926214134,2019,92300,237900,330200
71014210133,2019,57500,175100,232600
70823305010,2019,74000,135000,209000
70920218017,2019,400,14600,15000
70929112210,2019,113100,261700,374800
71006114096,2019,60400,166900,227300
70929114084,2019,89500,133000,222500
80926402043,2019,48900,115500,164400
71003207133,2019,56100,175700,231800
60802417100,2019,72100,182200,254300
81026361022,2019,100,0,100
70923159218,2019,8000,7000,15000
70833201092,2019,102400,211100,313500
70823313237,2019,16300,133200,149500
80936404188,2019,67000,253000,320000
70901118236,2019,19500,127800,147300
60812311053,2019,220000,1434000,1654000
70913107219,2019,109700,150300,260000
71009209175,2019,51500,199000,250500
70901102148,2019,51000,138200,189200
81031406061,2019,36500,139000,175500
70919224249,2019,99900,160200,260100
70836308100,2019,77000,298000,375000
80924101142,2019,88600,251200,339800
70926119029,2019,44000,35000,79000
81028119304,2019,8700,67000,75700
80924448031,2019,117700,0,117700
71022305091,2019,31600,105400,137000
71009407232,2019,61900,121200,183100
70924208014,2019,0,0,0
70913127928,2019,1000,9000,10000
60802403034,2019,67600,172500,240100
71011220268,2019,11300,228900,240200
80925109054,2019,53500,133200,186700
71002439050,2019,37500,226000,263500
70935211022,2019,133300,179800,313100
70935102156,2019,45900,261800,307700
70931102217,2019,106800,156200,263000
71015118211,2019,50500,181900,232400
70922234029,2019,158400,227400,385800
71019409210,2019,78200,131600,209800
70920220070,2019,0,4700,4700
71004404209,2019,47400,179800,227200
80924423116,2019,8600,166800,175400
81030317201,2019,56000,138600,194600
70930411099,2019,73100,245000,318100
71011111061,2019,73000,186300,259300
70833404068,2019,139400,287200,426600
71006417242,2019,57600,264800,322400
80935102072,2019,77300,131700,209000
70924219459,2019,0,25000,25000
81034107195,2019,0,0,0
70922328096,2019,117200,317800,435000
70923154250,2019,0,7500,7500
70928223034,2019,111100,193900,305000
60801409215,2019,87900,188900,276800
70824309011,2019,14100,126500,140600
71002303271,2019,36000,210000,246000
71010414028,2019,55000,182300,237300
70825307056,2019,82000,13000,95000
70833116077,2019,85100,248700,333800
60801235066,2019,10000,125400,135400
70914438572,2019,2200,22800,25000
80925415013,2019,54300,198200,252500
70923134161,2019,42100,184300,226400
70930411031,2019,73500,233400,306900
60903202012,2019,89900,203300,293200
60812328652,2019,0,1000,1000
80935108179,2019,533400,268100,801500
71009313108,2019,106000,223600,329600
70921211185,2019,70600,161800,232400
71005108107,2019,48100,195300,243400
71005328094,2019,105800,311100,416900
81019306118,2019,57900,179500,237400
81031408017,2019,51300,181900,233200
71027405028,2019,51000,201700,252700
71006410139,2019,54100,211000,265100
81034409210,2019,67200,170300,237500
70820103102,2019,100,0,100
70828104087,2019,98600,231200,329800
70826408324,2019,70600,170100,240700
71004409118,2019,113000,622200,735200
70912429028,2019,9000,92000,101000
80925106076,2019,53500,148500,202000
70833302387,2019,207000,380600,587600
80925212237,2019,55600,117400,173000
71007105036,2019,109300,229200,338500
70917101019,2019,57000,285900,342900
70924214201,2019,33400,598800,632200
70930300820,2019,429000,166000,595000
81026365040,2019,3000,0,3000
70829109185,2019,78000,0,78000
70913203059,2019,104300,237300,341600
71014210167,2019,64100,160500,224600
81030205365,2019,53400,126100,179500
70920220400,2019,0,11000,11000
70836410020,2019,54700,154100,208800
70920217150,2019,12900,617800,630700
70914437681,2019,1100,5900,7000
60802107082,2019,67900,188500,256400
70913222025,2019,11800,355400,367200
60804103103,2019,84500,0,84500
70814419151,2019,15200,155500,170700
70930414184,2019,75600,246900,322500
70923143112,2019,44900,170300,215200
71011207068,2019,31400,208100,239500
71016419014,2019,245500,327400,572900
70823121052,2019,20000,103200,123200
70920105206,2019,120800,139700,260500
71001410027,2019,52700,171100,223800
70924220109,2019,0,10000,10000
80926105275,2019,50800,133600,184400
71010311274,2019,51000,200500,251500
60812321367,2019,18000,164600,182600
71030202239,2019,306900,411100,718000
60802404024,2019,71400,152200,223600
70828422174,2019,0,0,0
71002406257,2019,41900,259100,301000
71006131016,2019,60600,159500,220100
71009315021,2019,68800,61200,130000
80924440764,2019,400,1600,2000
70920110156,2019,131600,291500,423100
60801202106,2019,76400,169100,245500
70814202233,2019,0,0,0
71015202262,2019,47300,193500,240800
71010114107,2019,57000,174900,231900
70821402222,2019,102100,319100,421200
70923154143,2019,0,7500,7500
71003320076,2019,48000,151400,199400
70921207184,2019,88000,377000,465000
80925214192,2019,59000,133600,192600
60801119187,2019,67400,170700,238100
70922328129,2019,183200,236900,420100
70929121021,2019,84100,250400,334500
71015206363,2019,74500,230000,304500
70913309188,2019,74200,160000,234200
71014108049,2019,10700,182200,192900
70920306193,2019,95500,214000,309500
71011118588,2019,30500,225300,255800
70920106098,2019,124100,127100,251200
71007305339,2019,110400,187600,298000
70835208179,2019,78200,206300,284500
71006303194,2019,69200,218900,288100
70922314102,2019,121400,389800,511200
70919305106,2019,130000,332200,462200
70920219271,2019,0,0,0
70926205109,2019,81000,220700,301700
71015201305,2019,74900,263800,338700
60803119292,2019,66600,343400,410000
70913119131,2019,94000,392000,486000
80925118914,2019,800,1200,2000
70931303089,2019,97200,163500,260700
71007220298,2019,116100,234800,350900
71003419134,2019,45300,207200,252500
71001309048,2019,59100,201200,260300
70816320025,2019,186600,554600,741200
70936303018,2019,63900,142800,206700
71010102110,2019,55100,132100,187200
70922425040,2019,157500,377400,534900
70826418274,2019,0,0,0
70923150696,2019,73700,426600,500300
81030305090,2019,58000,154100,212100
70921319088,2019,72000,420000,492000
70932113198,2019,85900,163100,249000
70918321335,2019,0,2000,2000
71003413136,2019,53000,252100,305100
60811116686,2019,18800,215700,234500
71006446275,2019,3000,35000,38000
81023201023,2019,825200,2672500,3497700
71003416023,2019,0,0,0
60906108100,2019,62300,201200,263500
71007312053,2019,44800,150200,195000
70829415037,2019,10600,0,10600
71035103359,2019,65200,217300,282500
81035111111,2019,100,0,100
70926114110,2019,44900,192700,237600
70823310142,2019,10900,130000,140900
70919228803,2019,400,2600,3000
71007226056,2019,38000,79000,117000
70834214242,2019,26000,0,26000
70935302269,2019,33000,1000,34000
70913319038,2019,126200,74000,200200
81032102121,2019,28100,100600,128700
81028114114,2019,57300,151700,209000
70923140598,2019,1500,13500,15000
70824102134,2019,110600,255900,366500
70825302121,2019,0,0,0
70823119015,2019,21200,186300,207500
70920119075,2019,253000,211000,464000
80925202254,2019,55800,127600,183400
71012221223,2019,12100,127600,139700
70913354589,2019,0,2500,2500
70828445035,2019,0,0,0
80925306428,2019,0,0,0
60801117131,2019,66700,182400,249100
70821105074,2019,120100,308500,428600
70835121040,2019,17700,90200,107900
71016401243,2019,266000,690900,956900
70833203238,2019,113300,224000,337300
70822406059,2019,116400,328000,444400
60801226396,2019,16200,161000,177200
70923116250,2019,83600,284600,368200
80924413860,2019,400,1600,2000
80924417789,2019,400,1600,2000
71019411017,2019,9000,70200,79200
80924309051,2019,65300,215600,280900
70914411057,2019,353000,957000,1310000
70826417474,2019,21500,108100,129600
80925116942,2019,800,1200,2000
60803113294,2019,124200,356800,481000
70923174042,2019,3300,11700,15000
80926309116,2019,82200,0,82200
70833402145,2019,129900,358800,488700
80936413105,2019,76000,170300,246300
71019409096,2019,149000,1161000,1310000
71034105497,2019,53100,195800,248900
70833412144,2019,46200,209800,256000
70921314062,2019,136500,121900,258400
71010308213,2019,59700,172700,232400
70823121193,2019,20000,73200,93200
70921208108,2019,81600,282900,364500
71009204175,2019,48000,171000,219000
71030202073,2019,259900,269200,529100
81032300949,2019,0,0,0
70821112061,2019,112600,327900,440500
70826412739,2019,10000,75100,85100
70836114408,2019,79100,129300,208400
70931209021,2019,69700,192800,262500
60802412308,2019,51500,183300,234800
70835302012,2019,0,0,0
70923409324,2019,64100,0,64100
71005231362,2019,56400,149300,205700
71003203024,2019,53100,137400,190500
70921219014,2019,130000,249300,379300
80926409304,2019,12000,156100,168100
70935113179,2019,48600,134800,183400
71006312252,2019,39000,406000,445000
70920113035,2019,114400,154000,268400
70933201398,2019,163200,218600,381800
81034402214,2019,68100,198100,266200
60812102064,2019,93900,189500,283400
70919404148,2019,102700,233500,336200
70836222011,2019,27300,139700,167000
70931405182,2019,113000,147600,260600
60906106138,2019,63800,158200,222000
70913119199,2019,83000,182100,265100
81026347064,2019,0,0,0
71011108290,2019,30000,225600,255600
80925217295,2019,59000,136400,195400
71034104572,2019,0,0,0
70924218089,2019,33900,430100,464000
70923116276,2019,73000,416000,489000
70926405171,2019,80600,141900,222500
81032409189,2019,38600,134900,173500
70823307157,2019,80100,194000,274100
70933205150,2019,150600,658100,808700
81032417140,2019,35600,157600,193200
70922303197,2019,226100,330600,556700
60802104278,2019,86200,183900,270100
71007225157,2019,82700,147000,229700
81032309058,2019,36700,133200,169900
70912101105,2019,68400,0,68400
71001308149,2019,59100,181700,240800
70912407264,2019,117700,101500,219200
71005301058,2019,65200,162000,227200
70824410082,2019,106700,236200,342900
70821213231,2019,100,0,100
70932202131,2019,136300,122700,259000
70835123161,2019,6500,69900,76400
70922346642,2019,0,15000,15000
70912405226,2019,117200,257500,374700
71011116079,2019,70500,210300,280800
60801215050,2019,67500,244000,311500
80925303078,2019,56100,130400,186500
81026420117,2019,100,0,100
71010304196,2019,54600,153200,207800
70825209145,2019,20000,54000,74000
71016118038,2019,60300,142100,202400
81022403018,2019,927000,1741800,2668800
71008102247,2019,54800,236700,291500
81021408126,2019,57100,159800,216900
70913434589,2019,0,1000,1000
80924442893,2019,400,1600,2000
71007222129,2019,438700,276300,715000
70913133032,2019,283500,53400,336900
71012102077,2019,80800,192000,272800
60904102245,2019,83400,216600,300000
70913406116,2019,92700,0,92700
70920407157,2019,144700,233200,377900
70921416115,2019,131100,319900,451000
71006420089,2019,36000,150000,186000
70827201024,2019,129900,72200,202100
70814103069,2019,116100,251600,367700
80925104161,2019,50900,126000,176900
71012201267,2019,68400,253500,321900
70922438019,2019,69400,285800,355200
81026207193,2019,4200,0,4200
70923165744,2019,39600,199100,238700
60802103098,2019,149600,110900,260500
70914437045,2019,1100,5900,7000
70926106133,2019,76800,258400,335200
70929303041,2019,87500,243100,330600
70918321385,2019,0,2000,2000
70928305113,2019,82400,69500,151900
71006440144,2019,18700,137300,156000
60801207023,2019,70000,190400,260400
71003202034,2019,53100,229600,282700
70924220141,2019,0,10000,10000
81034301127,2019,40600,127700,168300
70922321280,2019,145800,349600,495400
60811440051,2019,32700,202000,234700
71007229042,2019,0,0,0
70814302075,2019,137200,352500,489700
70836114276,2019,80200,148600,228800
70835208054,2019,85900,220700,306600
71010103126,2019,58000,236700,294700
70826405073,2019,67900,153700,221600
71006305421,2019,56300,162500,218800
70922223212,2019,209000,1411000,1620000
70828111040,2019,105500,224400,329900
71014306388,2019,59600,222000,281600
81028118174,2019,10100,83900,94000
70920218942,2019,0,0,0
70934403125,2019,1260000,4000000,5260000
71009411168,2019,63900,82700,146600
71027406117,2019,51000,207400,258400
70824108041,2019,115600,255000,370600
71036200998,2019,0,0,0
70823403153,2019,33300,200700,234000
81034202317,2019,70000,188700,258700
80924402988,2019,400,1600,2000
70929119068,2019,89900,112200,202100
71007107230,2019,154800,349700,504500
70836216303,2019,5500,92800,98300
71014106358,2019,12500,171100,183600
80924426714,2019,400,1600,2000
80924306172,2019,66500,229500,296000
80924406724,2019,400,100,500
81034310160,2019,102000,593000,695000
81033101114,2019,393700,3200,396900
70816309045,2019,180600,460600,641200
70919105142,2019,347000,131200,478200
81034109167,2019,64300,159900,224200
70914437334,2019,1100,5900,7000
80925102040,2019,50800,136600,187400
60812324022,2019,28700,184200,212900
81032306088,2019,42000,179200,221200
70923174109,2019,3300,11700,15000
70824213056,2019,115400,221500,336900
70929302027,2019,80800,243200,324000
70813318148,2019,69100,245100,314200
70919207063,2019,88400,126100,214500
81021106134,2019,61800,183100,244900
81031211105,2019,40600,137600,178200
60812331027,2019,0,100,100
60801201132,2019,70800,202400,273200
60801404158,2019,74900,173900,248800
70918223234,2019,0,0,0
71004304227,2019,47000,110000,157000
70814419226,2019,15200,184800,200000
70835123153,2019,6500,71300,77800
60902210016,2019,0,0,0
71010404128,2019,59700,182900,242600
81026415043,2019,2300,0,2300
60801118072,2019,66700,171400,238100
80925402169,2019,62300,129600,191900
81019300970,2019,1000,0,1000
71005329133,2019,77100,245100,322200
70921306126,2019,210800,371200,582000
70922404200,2019,113900,290100,404000
60904113234,2019,90700,312500,403200
71027403189,2019,51000,175000,226000
70918225165,2019,35600,136700,172300
70919405154,2019,111600,245300,356900
70835306139,2019,97100,167900,265000
81027202134,2019,57800,151000,208800
60802410089,2019,73000,174500,247500
70814303099,2019,103400,344600,448000
70913204057,2019,29000,217000,246000
70924218394,2019,43200,612200,655400
60812114150,2019,74600,187000,261600
70923140936,2019,1500,13500,15000
71009315154,2019,68800,125700,194500
60812402117,2019,74100,207500,281600
71015303010,2019,120000,272000,392000
70913113282,2019,77000,131700,208700
60906110262,2019,76000,144000,220000
70923109081,2019,186000,107000,293000
70935113012,2019,44000,359000,403000
81032403040,2019,43700,146300,190000
80925122064,2019,10800,263500,274300
70824212199,2019,0,0,0
60801121132,2019,74300,200800,275100
70824311363,2019,14100,135700,149800
81026365107,2019,100,0,100
70836203243,2019,75100,259600,334700
70833121183,2019,104800,310300,415100
70914438522,2019,2200,22800,25000
81034108416,2019,62800,138200,201000
70922222157,2019,98300,548100,646400
71005320090,2019,110100,290700,400800
70932101127,2019,152500,310400,462900
70820105025,2019,100,0,100
70929415010,2019,83000,229000,312000
70922339085,2019,106000,403400,509400
71010313147,2019,55700,256300,312000
60811416325,2019,77100,234400,311500
60802407036,2019,66400,157500,223900
70826401055,2019,0,0,0
70921223239,2019,157300,247100,404400
70814303065,2019,84200,340200,424400
70920307224,2019,122200,186900,309100
70923165728,2019,57200,268400,325600
71009218184,2019,45100,213300,258400
70932409125,2019,79800,221700,301500
70824206184,2019,105800,275000,380800
71014208104,2019,55100,189900,245000
81028105270,2019,65900,190300,256200
70834428405,2019,20300,172400,192700
71006110268,2019,69200,137600,206800
80924418050,2019,9900,148000,157900
70823103167,2019,89400,244300,333700
70835306254,2019,79600,204800,284400
71006305231,2019,48100,195200,243300
70928209026,2019,100900,286700,387600
70918222070,2019,87700,161300,249000
70922438241,2019,72500,189300,261800
70821213166,2019,100,0,100
71006204342,2019,58100,136800,194900
70932109163,2019,182800,394000,576800
80936404237,2019,74000,211000,285000
80924444691,2019,400,1600,2000
71015102272,2019,57900,132700,190600
80926307095,2019,70300,203400,273700
70922436120,2019,163900,364000,527900
70821403022,2019,104500,367000,471500
70824308097,2019,16000,150800,166800
71009403032,2019,61500,151500,213000
70920417015,2019,396000,1956000,2352000
70824403102,2019,105100,318700,423800
71004312121,2019,54100,133900,188000
70824406023,2019,105300,256600,361900
60812302458,2019,69600,202500,272100
70833106036,2019,135500,440700,576200
70923170272,2019,700,100,800
81033205172,2019,44600,137700,182300
70814428384,2019,15200,189100,204300
81026360214,2019,100,0,100
60811404049,2019,77300,180200,257500
71005329068,2019,101700,223800,325500
70928106305,2019,107000,284800,391800
71011124105,2019,41300,272900,314200
70828310080,2019,64900,294500,359400
70930401131,2019,83100,222000,305100
81029400851,2019,463500,2223000,2686500
71002436105,2019,58800,293300,352100
70928323058,2019,159700,599000,758700
70921113034,2019,124400,350400,474800
71002315086,2019,2300,0,2300
70919113145,2019,0,0,0
81021107067,2019,60900,189100,250000
70920106262,2019,124100,116000,240100
70918315130,2019,32300,164600,196900
70929212052,2019,78300,198200,276500
70919207146,2019,89000,134900,223900
70913402213,2019,91900,498200,590100
81023209077,2019,0,1200,1200
71006427150,2019,50500,257000,307500
80925201058,2019,56900,131300,188200
71006108239,2019,67200,119300,186500
70928309066,2019,91100,273400,364500
70913321091,2019,187300,188900,376200
70826204079,2019,88000,490000,578000
70829418148,2019,15300,0,15300
81032420169,2019,41600,152100,193700
70932105054,2019,92000,130700,222700
70836304140,2019,90000,200000,290000
71034107013,2019,63900,149400,213300
60906206219,2019,60600,138100,198700
71034109168,2019,62600,172600,235200
71006305405,2019,54500,166700,221200
71014201124,2019,54000,151500,205500
71019411439,2019,9000,67200,76200
70931407104,2019,69200,174600,243800
70824406122,2019,98000,274400,372400
71021102084,2019,54500,321500,376000
70919405211,2019,97500,184500,282000
70923217305,2019,0,0,0
60902103237,2019,20000,109000,129000
71003305044,2019,53000,169600,222600
81026419053,2019,100,0,100
70922440288,2019,142000,523000,665000
60811421126,2019,16000,194800,210800
70815308022,2019,160200,360100,520300
71004405124,2019,46800,132200,179000
60812210148,2019,0,0,0
70922302165,2019,101200,350700,451900
71005221082,2019,63800,143900,207700
70826204045,2019,176000,979000,1155000
70920107129,2019,116900,132000,248900
70913215145,2019,0,0,0
60905221052,2019,0,0,0
70935305221,2019,278200,470700,748900
80926112387,2019,56300,162300,218600
70923158062,2019,45200,181500,226700
70920113217,2019,0,0,0
71011301109,2019,57000,175500,232500
71014313010,2019,0,0,0
71006417268,2019,54100,342700,396800
70935102057,2019,0,0,0
70826418133,2019,21500,115400,136900
80925120042,2019,12200,275600,287800
70922235027,2019,0,0,0
71035114124,2019,75200,213300,288500
80925105200,2019,53100,132300,185400
70923143815,2019,44900,378400,423300
70923163376,2019,44900,271500,316400
70823206086,2019,18100,239800,257900
70933205093,2019,152700,446900,599600
70821411059,2019,104300,410700,515000
60802305412,2019,13800,201100,214900
71034104267,2019,79900,236500,316400
70918411201,2019,123100,299600,422700
70828123029,2019,77700,187300,265000
70920417065,2019,108100,214700,322800
70932411170,2019,78500,90300,168800
81035106089,2019,60500,0,60500
80924407871,2019,400,1600,2000
70824414604,2019,18700,116500,135200
70826211090,2019,11700,51100,62800
70923142619,2019,44900,355600,400500
70833117025,2019,85200,193100,278300
80925121917,2019,800,1200,2000
70836216030,2019,5500,97300,102800
71016108196,2019,62400,181400,243800
60801411111,2019,107900,205100,313000
81030305066,2019,70000,165300,235300
71016407027,2019,62400,156500,218900
81021402194,2019,60100,101100,161200
70820113010,2019,0,0,0
70922404151,2019,127800,205600,333400
70930409052,2019,75500,196300,271800
80924417036,2019,8600,132400,141000
71005110128,2019,50600,120000,170600
60801214086,2019,0,0,0
70918211354,2019,138100,369000,507100
71011221050,2019,12000,221800,233800
70823114106,2019,89400,263400,352800
81035114115,2019,100,0,100
71003415223,2019,59600,231500,291100
60903208143,2019,14900,92300,107200
71006420188,2019,65400,235800,301200
80926106265,2019,51300,173600,224900
71016416010,2019,62000,156000,218000
71003407262,2019,53000,199000,252000
70835112031,2019,92800,242200,335000
71006306148,2019,19400,225700,245100
71004408037,2019,70000,104900,174900
70921114173,2019,124400,348900,473300
71006437050,2019,51000,714000,765000
70914422179,2019,140000,580000,720000
70923165314,2019,51300,190100,241400
70921221291,2019,121000,233700,354700
70913434745,2019,0,1500,1500
71010313014,2019,52800,162700,215500
70918420020,2019,1564000,10564000,12128000
70913350082,2019,0,8000,8000
71009220113,2019,38000,206100,244100
71001332130,2019,60300,201300,261600
71005307238,2019,50000,248600,298600
70913219030,2019,18900,235100,254000
60812323040,2019,28500,174300,202800
60804106082,2019,165400,436200,601600
70918415435,2019,9500,33800,43300
70913118018,2019,637400,1143300,1780700
80925403282,2019,58900,151400,210300
70921117052,2019,110600,245400,356000
70920216847,2019,10300,374800,385100
80925108147,2019,52300,108400,160700
60811430078,2019,77800,225600,303400
60801117149,2019,66700,149200,215900
70929103128,2019,109000,197300,306300
71011204197,2019,32800,200700,233500
70932301016,2019,385000,336000,721000
70833205614,2019,26300,343600,369900
70913125097,2019,91900,273200,365100
71006306114,2019,32000,165800,197800
71004312030,2019,57200,181100,238300
70923146158,2019,8000,7000,15000
70823311190,2019,11700,127700,139400
70828301287,2019,12300,0,12300
70928307119,2019,137100,185000,322100
71030207114,2019,84500,106100,190600
70931414042,2019,85100,160300,245400
71011211019,2019,53300,209500,262800
80935105084,2019,71300,236000,307300
70836405295,2019,66000,132800,198800
70820111080,2019,100,0,100
70928103210,2019,106000,289100,395100
60811304463,2019,84400,208400,292800
60811419022,2019,77100,191600,268700
71005214251,2019,38300,105800,144100
70913434232,2019,0,18000,18000
81027206178,2019,678000,1046200,1724200
71003419209,2019,64800,175400,240200
70922346626,2019,0,15000,15000
70920306169,2019,109600,292700,402300
70829108054,2019,86000,286400,372400
70932405074,2019,82300,84800,167100
70921407031,2019,142900,336000,478900
70823313170,2019,16300,123700,140000
71009304024,2019,67800,137800,205600
70929219016,2019,87900,180300,268200
70929415151,2019,84400,220100,304500
70920105214,2019,120800,157200,278000
70821401084,2019,113300,399300,512600
80924408928,2019,400,1600,2000
70929402132,2019,80800,191700,272500
81033300998,2019,284000,922000,1206000
70920404062,2019,121600,246000,367600
70912433053,2019,9000,91300,100300
71004310224,2019,53100,147900,201000
71004202059,2019,0,0,0
71004408087,2019,89900,115800,205700
70823406206,2019,70000,326300,396300
71009201048,2019,65100,117300,182400
71022102041,2019,558500,2604500,3163000
71011421147,2019,50700,199300,250000
71004407021,2019,47700,155600,203300
70823204163,2019,119100,315500,434600
81032308167,2019,50200,192000,242200
71002310127,2019,47000,238000,285000
80925104153,2019,54000,125000,179000
71007223119,2019,95200,272200,367400
70914413011,2019,87200,249100,336300
81023207641,2019,33600,121800,155400
70836207013,2019,0,0,0
60801214060,2019,69800,165200,235000
81021304093,2019,47400,183000,230400
71022302980,2019,84400,118000,202400
70834405049,2019,61000,172700,233700
71009411267,2019,63800,97200,161000
71005307139,2019,52000,361300,413300
70814407099,2019,81100,178100,259200
70928317118,2019,143200,414500,557700
60802413629,2019,0,0,0
70923161560,2019,8000,7000,15000
70826413117,2019,10200,76900,87100
70932207066,2019,16600,113400,130000
71004316058,2019,48400,140200,188600
70824220077,2019,100200,289300,389500
60802302319,2019,92700,246100,338800
71014214672,2019,8100,123200,131300
70912431049,2019,9000,91300,100300
70922439421,2019,70500,263500,334000
70913106386,2019,98800,143100,241900
71030207065,2019,80100,124900,205000
70929401051,2019,90200,207700,297900
60802302434,2019,108700,322900,431600
70836304091,2019,75900,217600,293500
70926108080,2019,77000,83600,160600
70929124348,2019,0,10000,10000
71004313054,2019,58500,213500,272000
70814102079,2019,106300,393100,499400
70834306065,2019,133800,387900,521700
81028103042,2019,59400,145100,204500
70914437938,2019,2200,17300,19500
70922311059,2019,111300,308200,419500
70835315114,2019,51900,368600,420500
70929222168,2019,95200,170100,265300
71023300933,2019,330500,374600,705100
71003107119,2019,53100,226000,279100
80935109094,2019,78400,203000,281400
70930402030,2019,73300,185900,259200
81032431017,2019,33500,79500,113000
81021405122,2019,61400,190500,251900
60904113375,2019,100000,241900,341900
81021403407,2019,55600,140000,195600
80924444659,2019,400,3100,3500
71007242284,2019,14100,300900,315000
70932402046,2019,147200,345300,492500
70921308164,2019,111400,255000,366400
71014214721,2019,8100,136800,144900
70836216098,2019,5400,93200,98600
70825209286,2019,9000,23000,32000
70918302286,2019,75400,117900,193300
70834414058,2019,66900,238500,305400
60802408084,2019,96400,169500,265900
80924445061,2019,13600,262800,276400
70913433325,2019,12500,312400,324900
71004304152,2019,48000,141600,189600
70921210070,2019,67900,243100,311000
70835122486,2019,6500,71300,77800
70921126136,2019,106600,275400,382000
70912404377,2019,129200,360300,489500
70913433309,2019,8400,198000,206400
70929417165,2019,91200,205700,296900
70922404226,2019,99000,219800,318800
80925305157,2019,63900,129300,193200
70828108013,2019,89800,211200,301000
71011118570,2019,30500,234500,265000
71016209192,2019,73900,133900,207800
70836110224,2019,94700,216200,310900
70833111118,2019,95300,244800,340100
60905205098,2019,88000,226000,314000
81034405044,2019,66700,213300,280000
71010211268,2019,55400,155700,211100
70922435031,2019,210200,359800,570000
71003315168,2019,58000,165100,223100
70929123829,2019,0,1000,1000
81028107135,2019,224000,2106000,2330000
70826412408,2019,10000,75300,85300
70835123294,2019,6500,69900,76400
71002313064,2019,10700,0,10700
71015206371,2019,74600,191300,265900
70923146223,2019,8000,7000,15000
71003406149,2019,59800,221400,281200
80924302055,2019,71900,344200,416100
60812407307,2019,79300,245600,324900
70833107018,2019,135500,402000,537500
70918223185,2019,126900,175800,302700
70923124063,2019,0,0,0
70922421080,2019,80100,379900,460000
70928217045,2019,95600,236500,332100
70836105051,2019,73600,177400,251000
81026362096,2019,100,0,100
71011113067,2019,71100,163900,235000
70828113145,2019,88900,217200,306100
81034205395,2019,67000,150500,217500
70921213173,2019,66500,295200,361700
71009213077,2019,51500,129300,180800
71003419100,2019,50600,182100,232700
60801313036,2019,98600,232000,330600
70922347020,2019,55000,192000,247000
60811304231,2019,85100,276700,361800
60801225405,2019,15000,138700,153700
70921124099,2019,137500,251600,389100
70931208148,2019,88800,287200,376000
71006113171,2019,58700,124700,183400
71005401288,2019,55100,87800,142900
70836402051,2019,62600,160100,222700
71022400940,2019,52000,0,52000
71007242044,2019,18200,381200,399400
70913341073,2019,21300,309100,330400
70828312086,2019,77600,270100,347700
81034108028,2019,58000,422000,480000
70814422071,2019,96000,248800,344800
70923170610,2019,2500,800,3300
70920406224,2019,148300,261700,410000
71010120039,2019,74600,175100,249700
71006314042,2019,129000,2748600,2877600
70834209128,2019,65100,226800,291900
71035103292,2019,64600,271400,336000
80924434767,2019,400,1600,2000
71010405209,2019,56500,149100,205600
70816414117,2019,13100,238900,252000
71007202098,2019,108400,314400,422800
81023207229,2019,33600,128000,161600
71015118104,2019,48800,168900,217700
70836405261,2019,62700,143600,206300
71005220133,2019,65100,65800,130900
71009217186,2019,45900,139300,185200
81031300768,2019,0,0,0
81030317152,2019,59200,157000,216200
81031408041,2019,39300,129500,168800
60903201254,2019,0,0,0
71010304097,2019,54600,131600,186200
70825209088,2019,14000,38000,52000
60812302284,2019,67900,194500,262400
70823122026,2019,24400,91000,115400
70814403394,2019,111300,226700,338000
70929104069,2019,114800,329800,444600
71009224058,2019,44800,142400,187200
70930107010,2019,1250000,4805000,6055000
70833111134,2019,95300,247800,343100
71011102060,2019,83600,271000,354600
70919212062,2019,91500,89400,180900
70833101094,2019,159200,423200,582400
70913224039,2019,196800,177200,374000
70923136125,2019,17700,145900,163600
70913319096,2019,0,0,0
70816322203,2019,17300,198500,215800
70921208059,2019,90200,194100,284300
70828306196,2019,35000,234900,269900
70833302105,2019,216500,533500,750000
70929106081,2019,107800,290300,398100
70825102084,2019,615000,10000,625000
71023401062,2019,31500,0,31500
70835207163,2019,88000,211600,299600
81032423105,2019,31800,109500,141300
70926414156,2019,46100,71900,118000
60804203052,2019,70600,0,70600
71005219053,2019,74000,106700,180700
70901118012,2019,14700,105100,119800
81026357162,2019,4300,0,4300
80925115100,2019,13500,260700,274200
70913121045,2019,156000,382000,538000
70816408128,2019,212000,366600,578600
80925101985,2019,0,0,0
70920117144,2019,155000,303600,458600
70921113076,2019,124400,275800,400200
70932115136,2019,186100,421100,607200
81026370148,2019,7800,0,7800
70813309197,2019,86000,208800,294800
70918201206,2019,139700,340200,479900
70824210094,2019,114800,256700,371500
71034104473,2019,68400,197600,266000
71035103119,2019,70400,342000,412400
70929303322,2019,80600,220300,300900
80926110654,2019,35400,144700,180100
60812203060,2019,77100,181300,258400
81021300992,2019,0,0,0
70814421114,2019,15200,171500,186700
81030316063,2019,61300,143300,204600
81033403122,2019,60100,227600,287700
70920217407,2019,400,14600,15000
70913423079,2019,105800,404200,510000
70930401149,2019,82500,178000,260500
71002303065,2019,33000,215500,248500
70923204196,2019,0,0,0
60801215208,2019,70000,241500,311500
60811107065,2019,114200,234600,348800
70826420542,2019,0,4000,4000
81030203228,2019,47800,122200,170000
71001107103,2019,47600,199900,247500
70921105221,2019,117000,548000,665000
70918405105,2019,98800,0,98800
71010102053,2019,55100,198300,253400
71004314078,2019,50700,159100,209800
70829105133,2019,51100,268800,319900
71005414083,2019,48000,137000,185000
71011411023,2019,95300,297700,393000
81023307029,2019,35600,132400,168000
70828314561,2019,32500,0,32500
70835306246,2019,79200,224300,303500
70834308524,2019,24500,275400,299900
70913406190,2019,41100,341800,382900
80924426045,2019,8600,166800,175400
70920213124,2019,133700,244700,378400
70922319160,2019,145400,485400,630800
70932417029,2019,53900,150100,204000
80925212295,2019,54500,170900,225400
70923141554,2019,200,4300,4500
70935205158,2019,64000,71200,135200
71020301124,2019,151900,159200,311100
71001316035,2019,64400,180100,244500
81034325119,2019,30000,88800,118800
70931103174,2019,103300,186700,290000
60812302185,2019,73000,196500,269500
71016201320,2019,69400,166800,236200
70823210152,2019,136900,438000,574900
60802112297,2019,86800,129800,216600
81028120723,2019,0,5000,5000
71006310165,2019,47200,88000,135200
71014214177,2019,8100,114900,123000
80925303044,2019,67700,152100,219800
70828431084,2019,0,0,0
70935307011,2019,4900,52400,57300
71006102075,2019,47000,176400,223400
71034104069,2019,76800,211800,288600
70823121432,2019,20000,103200,123200
81035106055,2019,66000,0,66000
70928208250,2019,97800,310200,408000
71011210102,2019,47800,231700,279500
80925204169,2019,60100,162200,222300
71009411283,2019,63700,129400,193100
70822206037,2019,0,0,0
60812407216,2019,91100,215100,306200
60902205174,2019,171000,812000,983000
70920212019,2019,129000,324500,453500
60905208034,2019,0,0,0
70815403210,2019,143000,437000,580000
71011305341,2019,66800,181500,248300
71004302528,2019,54700,163500,218200
70913432054,2019,27200,192800,220000
80924401154,2019,20700,208300,229000
70921117044,2019,117000,262700,379700
71006308243,2019,47600,155000,202600
71007111041,2019,87900,281100,369000
70922405224,2019,99000,237200,336200
70912410233,2019,638800,536200,1175000
70919412018,2019,106600,191000,297600
70836107148,2019,69900,198300,268200
71006440128,2019,18700,143400,162100
81034107434,2019,64900,153400,218300
70918201256,2019,153000,350600,503600
70918321020,2019,0,2000,2000
71006118189,2019,63900,267100,331000
80926106166,2019,54000,113400,167400
70921316125,2019,109200,252300,361500
60801101019,2019,66000,148500,214500
71007105060,2019,95600,152700,248300
70922206119,2019,117700,359100,476800
70923124279,2019,77400,250500,327900
70813314170,2019,93000,48000,141000
70918403092,2019,365700,388200,753900
70932207157,2019,20400,136100,156500
71003401131,2019,72700,176200,248900
71006307039,2019,71100,166900,238000
71006110177,2019,43600,146200,189800
70834207065,2019,78500,251500,330000
80924413729,2019,400,1600,2000
81027105106,2019,36700,124800,161500
70922433374,2019,113500,286100,399600
70921314088,2019,109200,248300,357500
60906201277,2019,71800,155700,227500
71001309121,2019,58700,163200,221900
80927401060,2019,239900,493100,733000
60802402010,2019,68100,152600,220700
70814305136,2019,93400,352600,446000
81033305089,2019,43700,131500,175200
71003205062,2019,53100,156000,209100
70935301047,2019,28000,336000,364000
60801303037,2019,70900,173200,244100
60802313184,2019,96700,276100,372800
71006213070,2019,66000,228100,294100
70923147172,2019,8000,7000,15000
71007110118,2019,119100,345700,464800
70936200941,2019,132000,768000,900000
70816402104,2019,175100,361000,536100
70923174422,2019,3300,11700,15000
70823117085,2019,76700,231300,308000
70836208186,2019,0,0,0
60812405012,2019,78200,192900,271100
71010310028,2019,57000,134400,191400
71003104115,2019,56100,196800,252900
70823403020,2019,48300,152700,201000
81021301354,2019,67100,190400,257500
70835202238,2019,102600,258100,360700
70920415019,2019,136200,363500,499700
81031206065,2019,54300,111100,165400
70932305159,2019,58500,170400,228900
70919107205,2019,94200,126100,220300
70926101050,2019,58500,266000,324500
70922343101,2019,183200,601800,785000
80924433925,2019,400,1600,2000
60802413489,2019,59600,172800,232400
60802402226,2019,67500,190300,257800
71001332122,2019,58100,207900,266000
71006305132,2019,48200,189000,237200
81026366056,2019,5000,0,5000
70921221283,2019,121000,368400,489400
60812406185,2019,90700,167200,257900
71011218031,2019,380000,3930000,4310000
60906207093,2019,61200,158800,220000
81026423137,2019,100,0,100
71003214120,2019,53100,163900,217000
70920217738,2019,400,14600,15000
81026418071,2019,100,0,100
80924409968,2019,400,1600,2000
71015409066,2019,462300,735700,1198000
71010413145,2019,57300,152100,209400
81027206243,2019,537000,1919000,2456000
71002441170,2019,100,0,100
70913436022,2019,370100,7698900,8069000
71006101069,2019,45400,181900,227300
81034414152,2019,73500,259900,333400
70913347386,2019,2500,12500,15000
71014306130,2019,54100,182800,236900
70914424018,2019,1100000,493000,1593000
71014216280,2019,7500,124000,131500
71007206363,2019,47000,266100,313100
81016205024,2019,0,0,0
70919310048,2019,106800,180400,287200
81023207203,2019,33600,128500,162100
71006104097,2019,35300,154100,189400
80935104052,2019,56900,214700,271600
70923136901,2019,1400,13600,15000
70919406079,2019,107100,182900,290000
70834406021,2019,0,0,0
70936406424,2019,59200,157800,217000
70922438043,2019,71000,229000,300000
70919402134,2019,118800,327200,446000
70932204038,2019,83600,138200,221800
81034403072,2019,58900,163000,221900
70929307184,2019,89000,352800,441800
70914410190,2019,519000,2081000,2600000
60812407191,2019,89400,216400,305800
81031204019,2019,52300,141900,194200
70918212055,2019,76800,197100,273900
70929308132,2019,86300,221000,307300
71021113320,2019,15100,91500,106600
70918409024,2019,133000,311000,444000
71012201241,2019,65100,231200,296300
70923162427,2019,8000,7000,15000
80935108111,2019,512700,561700,1074400
70919114010,2019,0,0,0
70828435086,2019,0,0,0
71016114044,2019,54900,108700,163600
70921319153,2019,73400,212600,286000
70835208187,2019,78200,219700,297900
70930407105,2019,78400,228200,306600
60811412026,2019,77600,234400,312000
71003102135,2019,0,0,0
71001323064,2019,63500,164900,228400
60802417267,2019,70700,195200,265900
71004308047,2019,58500,166100,224600
70826419545,2019,0,4000,4000
70833301123,2019,116700,342700,459400
81026363028,2019,4400,0,4400
70920302183,2019,143100,469100,612200
70918223060,2019,122900,216900,339800
81034108268,2019,60900,183200,244100
71006124037,2019,43200,181900,225100
70921126194,2019,128000,304400,432400
70921419242,2019,95700,319400,415100
70922405240,2019,99000,218100,317100
70814421057,2019,15200,156600,171800
71027406050,2019,51000,220900,271900
71003205179,2019,57300,170800,228100
70935200976,2019,2453700,3269900,5723600
70919412258,2019,113700,253900,367600
71003101195,2019,61300,172800,234100
71021214201,2019,57800,168200,226000
60803400980,2019,0,0,0
60801414230,2019,96800,161200,258000
70929225039,2019,13700,116100,129800
81032410095,2019,56900,181000,237900
60801110101,2019,63000,140800,203800
70928219249,2019,129700,194800,324500
71010308057,2019,55200,130800,186000
60802107040,2019,67900,161500,229400
71005308244,2019,60300,124200,184500
70824411147,2019,0,0,0
70821214065,2019,100,0,100
70928323032,2019,161300,514800,676100
70919411101,2019,107200,209500,316700
70932203189,2019,62600,167800,230400
80926201015,2019,0,0,0
70921221275,2019,128900,351700,480600
70918303127,2019,76800,93300,170100
81029400950,2019,0,0,0
71016207211,2019,76200,142100,218300
60812106222,2019,73900,170900,244800
71006206166,2019,42600,139900,182500
70919207021,2019,92900,136200,229100
60812120066,2019,79600,165500,245100
70836109011,2019,77100,168300,245400
81022201058,2019,1678000,1742000,3420000
71007226220,2019,125000,867000,992000
71007206074,2019,60300,258900,319200
71022302906,2019,396500,878500,1275000
60811112379,2019,97900,168000,265900
70901105126,2019,51000,67800,118800
80926407077,2019,50600,138100,188700
70913214303,2019,92400,167600,260000
81028105353,2019,75800,171500,247300
70920306408,2019,107200,282600,389800
80926108302,2019,53100,134300,187400
80925303028,2019,49900,132000,181900
70923412088,2019,1700,16300,18000
70828107031,2019,94700,220600,315300
60802423058,2019,18900,132200,151100
80924448065,2019,117700,0,117700
71003106252,2019,57300,151700,209000
60801203170,2019,66100,157400,223500
70913419028,2019,2245000,1093500,3338500
60801210141,2019,64800,156400,221200
70913210046,2019,91700,211500,303200
70828115141,2019,93300,242000,335300
70936401010,2019,63700,141300,205000
60906209081,2019,55000,156600,211600
70921308081,2019,111100,226200,337300
70913105304,2019,95500,216300,311800
70823210277,2019,113400,198500,311900
71035103242,2019,63800,261400,325200
81028100907,2019,54600,128200,182800
70923413838,2019,0,5000,5000
70920419152,2019,106700,225300,332000
80925112867,2019,800,1200,2000
70816408269,2019,195400,424500,619900
70923170983,2019,2300,700,3000
70930303048,2019,0,0,0
70930413037,2019,75600,306700,382300
81021402144,2019,55800,155700,211500
81031207146,2019,39900,147900,187800
80924434874,2019,400,1600,2000
70912407016,2019,104800,209000,313800
60906110056,2019,68400,176500,244900
70920115015,2019,56000,269000,325000
70921306275,2019,173600,311900,485500
80924448023,2019,117700,0,117700
70932103553,2019,145400,361200,506600
60802429072,2019,14600,94200,108800
70836202071,2019,77100,188900,266000
70925203047,2019,362000,293000,655000
70820105207,2019,100,0,100
60802305470,2019,13800,198700,212500
70913357020,2019,259500,3000500,3260000
70923146447,2019,8000,7000,15000
70820112062,2019,100,0,100
70914407113,2019,119000,322000,441000
70922423094,2019,111500,242500,354000
60804103012,2019,88700,280500,369200
70821404038,2019,109000,377500,486500
70913347310,2019,2500,12500,15000
71007111091,2019,87900,398200,486100
71015405030,2019,41100,186500,227600
70932306082,2019,68600,146600,215200
71021204145,2019,52000,125600,177600
70923408318,2019,75400,164800,240200
71003416164,2019,49900,216400,266300
70823407296,2019,46200,279200,325400
81032409220,2019,39800,179700,219500
70835309183,2019,85000,185500,270500
71009316144,2019,68800,162600,231400
70813103177,2019,98100,250000,348100
70922333045,2019,183200,797200,980400
71027401042,2019,330000,1564700,1894700
70836116115,2019,69300,199500,268800
60801209269,2019,66800,166200,233000
70835205076,2019,88000,211200,299200
70826412771,2019,10000,74300,84300
70836213143,2019,11600,115100,126700
70920220575,2019,0,11300,11300
70913105255,2019,92500,317500,410000
71009107064,2019,57200,184600,241800
70928104086,2019,117900,266400,384300
70919401441,2019,114100,327800,441900
70826409033,2019,68800,161600,230400
70929401100,2019,90200,191700,281900
71010413020,2019,53700,157800,211500
70928205040,2019,97800,176200,274000
70912417057,2019,9000,91300,100300
70820105166,2019,100,0,100
70913403229,2019,88100,326700,414800
60802411128,2019,77100,226300,303400
70813309080,2019,87300,307800,395100
71006123021,2019,44600,126700,171300
81032312027,2019,54200,141000,195200
71013203048,2019,94200,180800,275000
70921214098,2019,115000,260000,375000
71009406135,2019,63300,146700,210000
71015403266,2019,53200,203300,256500
70928102048,2019,89400,358600,448000
70826414280,2019,16100,110700,126800
70913434141,2019,0,18000,18000
70920405177,2019,114400,163300,277700
70929116238,2019,100000,237400,337400
71005307288,2019,60600,226400,287000
70826416757,2019,21500,105200,126700
60811112098,2019,121500,290300,411800
71011118661,2019,30500,233700,264200
71006302211,2019,71100,214400,285500
71021221090,2019,68400,171900,240300
71002410159,2019,100,0,100
60812221012,2019,22300,206700,229000
70922237198,2019,118500,275500,394000
71009202179,2019,51500,134500,186000
81021406063,2019,60900,207600,268500
71027200931,2019,67600,101400,169000
70824409027,2019,110600,99400,210000
70920306424,2019,93600,262500,356100
70922418029,2019,62500,211200,273700
71015301113,2019,79000,110700,189700
70924218526,2019,42200,509800,552000
71009216170,2019,45900,186100,232000
70907301124,2019,151900,445600,597500
71012210143,2019,61000,184100,245100
70929411092,2019,94800,211300,306100
60812405492,2019,74400,193200,267600
70931310117,2019,99000,192900,291900
70928324056,2019,134100,353600,487700
70923211175,2019,513000,590000,1103000
70928105258,2019,105300,230200,335500
80936410086,2019,150000,1250000,1400000
71006414165,2019,19000,228300,247300
71001314047,2019,64400,245600,310000
81032314156,2019,12000,146300,158300
71005321056,2019,116700,276000,392700
70914412039,2019,78000,399000,477000
71007242119,2019,12300,262200,274500
70923145043,2019,8000,7000,15000
70814430074,2019,19700,214300,234000
71005405058,2019,88800,248000,336800
70824414208,2019,18700,115500,134200
70926229026,2019,300000,2501800,2801800
70920220541,2019,0,2000,2000
60902201172,2019,135900,442200,578100
70920220814,2019,0,0,0
70922440197,2019,107400,206100,313500
70835117099,2019,12400,114700,127100
70921413210,2019,158500,405800,564300
81027111020,2019,36700,104900,141600
70922206169,2019,120000,435000,555000
80924419892,2019,400,1600,2000
81026424036,2019,100,0,100
81032420250,2019,40400,168900,209300
70833302600,2019,216500,380200,596700
71009108137,2019,63600,143500,207100
70929104043,2019,128100,235900,364000
70814420249,2019,15200,168700,183900
70929210121,2019,81400,165600,247000
71002107045,2019,9500,140800,150300
70932420105,2019,42800,1000,43800
70922224046,2019,161900,460600,622500
70935302144,2019,347000,761000,1108000
80926310022,2019,70400,286700,357100
70834101085,2019,121700,414600,536300
70920408436,2019,129500,205500,335000
70921319096,2019,105000,229000,334000
70932112067,2019,92100,229000,321100
70833410205,2019,44700,387500,432200
71014203435,2019,58700,202900,261600
70928105422,2019,116200,395200,511400
60802418281,2019,0,0,0
70836407184,2019,58100,221900,280000
70833106094,2019,126000,417300,543300
70920217423,2019,400,14600,15000
70913324152,2019,91400,306600,398000
71010105255,2019,57500,178500,236000
81030209151,2019,53800,106300,160100
70823409101,2019,43200,245400,288600
71011115104,2019,71000,210600,281600
60802109020,2019,73800,153700,227500
70913324087,2019,1438000,10887500,12325500
70936402125,2019,71600,165300,236900
70913401067,2019,56400,145800,202200
60811114200,2019,108300,285500,393800
70921212084,2019,77600,214400,292000
60811412034,2019,81900,219900,301800
80925202080,2019,56500,142000,198500
70836301104,2019,72700,208300,281000
70923204203,2019,967000,4691000,5658000
70826417929,2019,23000,141700,164700
70913343061,2019,9900,162500,172400
70834307229,2019,192800,497200,690000
60811406110,2019,75400,220400,295800
70928301038,2019,84900,126200,211100
71003412021,2019,49500,168100,217600
81023304257,2019,35600,123300,158900
70931411353,2019,94900,100100,195000
70929215204,2019,73100,163900,237000
70922322080,2019,145400,512700,658100
80925217261,2019,57600,158700,216300
71006129300,2019,44400,158800,203200
80924304275,2019,0,0,0
60802304232,2019,91600,226900,318500
70923146463,2019,8000,7000,15000
70930411073,2019,73200,165900,239100
71003402189,2019,46800,166700,213500
60801203089,2019,66700,222500,289200
81034306052,2019,48800,129400,178200
70834307253,2019,181500,375000,556500
81026204040,2019,4300,0,4300
80936121047,2019,14900,98000,112900
70918309084,2019,0,0,0
60811416101,2019,78800,172900,251700
70823309054,2019,0,0,0
81022402044,2019,364000,680500,1044500
81032411100,2019,85000,212700,297700
71015403282,2019,52000,179200,231200
70823122125,2019,24400,98200,122600
70913209073,2019,83800,220900,304700
70921315169,2019,104600,178200,282800
60812121080,2019,77800,215800,293600
71006109071,2019,69200,164700,233900
70913348293,2019,8300,333800,342100
71006304118,2019,50100,215800,265900
70929109019,2019,89900,188800,278700
70929217086,2019,90100,157800,247900
70932424123,2019,48600,112100,160700
60811100986,2019,0,0,0
70912430017,2019,9000,118500,127500
70814421221,2019,15200,184800,200000
71012206035,2019,68000,195200,263200
80924443148,2019,13200,252200,265400
80925306030,2019,63800,128900,192700
70932208147,2019,14200,133000,147200
70919307095,2019,108700,152900,261600
71005212156,2019,49000,209900,258900
80936402033,2019,40000,530000,570000
71016208061,2019,68000,247900,315900
71007215265,2019,84000,225000,309000
70923212214,2019,832000,1100000,1932000
80925303193,2019,57000,166700,223700
70929105140,2019,100600,193700,294300
70936409204,2019,66500,164900,231400
70923127075,2019,108700,83600,192300
80925104278,2019,57400,137700,195100
71002106162,2019,9500,109600,119100
70821111021,2019,111700,356300,468000
70931403061,2019,103100,201900,305000
70918321765,2019,0,2000,2000
81028118950,2019,10800,63900,74700
70833201076,2019,108700,176900,285600
81030308127,2019,64700,156900,221600
70932418142,2019,54600,106900,161500
70918401260,2019,306700,278600,585300
60803101380,2019,59300,247700,307000
70933403100,2019,81500,218600,300100
60801223128,2019,16900,155600,172500
60801414165,2019,100600,218900,319500
70929422148,2019,144100,323700,467800
70828118062,2019,46600,200400,247000
60812109177,2019,76300,178700,255000
71001302092,2019,65300,147900,213200
70914438142,2019,2200,22800,25000
60904110074,2019,89200,250300,339500
80925110085,2019,54500,128500,183000
70814307166,2019,140900,284900,425800
70824413127,2019,330000,1203000,1533000
70823121028,2019,20000,83300,103300
71005315182,2019,60900,204500,265400
71007215067,2019,155300,96800,252100
80925114805,2019,800,1200,2000
81034310079,2019,82000,418000,500000
80925115928,2019,800,1200,2000
70923125334,2019,160600,272100,432700
70913415133,2019,88700,290200,378900
70913428045,2019,91500,139200,230700
70820111189,2019,100,0,100
71006310040,2019,71100,192800,263900
80924416153,2019,9400,139700,149100
81034203216,2019,65300,165000,230300
70932409191,2019,82600,177400,260000
81026423187,2019,0,0,0
70921413202,2019,158500,351200,509700
80925411186,2019,56100,0,56100
81034107335,2019,61400,177500,238900
80925212245,2019,55600,142300,197900
60811106108,2019,104300,262000,366300
71001325200,2019,24900,157100,182000
71004305134,2019,52800,157100,209900
81031207013,2019,51300,135700,187000
81035112127,2019,100,0,100
70930407147,2019,83500,235600,319100
70923141877,2019,200,500,700
70936404056,2019,63700,116000,179700
70836412141,2019,0,0,0
70926111075,2019,85100,204000,289100
70922228022,2019,149800,91700,241500
71034110107,2019,14200,118800,133000
81032412091,2019,47500,121600,169100
70833208064,2019,97900,267600,365500
70922304145,2019,141600,358000,499600
80925304159,2019,53800,136000,189800
71011213081,2019,44400,200100,244500
81032423171,2019,31800,117400,149200
70913202184,2019,96500,275100,371600
70833302121,2019,216500,544700,761200
70823107234,2019,89400,235200,324600
60801225124,2019,15000,143100,158100
60802111215,2019,86400,157400,243800
80924443081,2019,13200,251200,264400
71016417216,2019,0,0,0
70828440027,2019,0,0,0
70920420068,2019,121900,57800,179700
70829415029,2019,10600,0,10600
60804102030,2019,79500,0,79500
70920412156,2019,134200,159900,294100
70813326125,2019,138900,341200,480100
70922346444,2019,0,27000,27000
71005402202,2019,47900,121300,169200
81030309109,2019,64700,148600,213300
70834426243,2019,23400,104100,127500
70923164530,2019,44900,328000,372900
70921109067,2019,125700,288200,413900
70828115125,2019,88700,204100,292800
81015101033,2019,33000,0,33000
71014107158,2019,9600,227500,237100
80924441879,2019,400,1600,2000
71009219223,2019,44300,142200,186500
70930410132,2019,89400,295400,384800
71002310193,2019,51500,273200,324700
71015114037,2019,44200,145300,189500
70833205044,2019,29500,271900,301400
70928221046,2019,108200,182300,290500
70836435028,2019,33900,88300,122200
70835318209,2019,65000,0,65000
71035103086,2019,71000,410200,481200
81034410259,2019,70000,225100,295100
70929209299,2019,83800,173800,257600
70923413804,2019,0,5000,5000
60812207046,2019,82000,196500,278500
70922430073,2019,83500,268500,352000
70913347162,2019,2500,12500,15000
81034101155,2019,68100,167900,236000
70834428281,2019,20300,175600,195900
70930305028,2019,1188000,1867000,3055000
81031227102,2019,39100,109600,148700
60801207164,2019,70000,207200,277200
81028304088,2019,195000,827200,1022200
70920104232,2019,89000,321000,410000
70935115159,2019,49900,125700,175600
70822414060,2019,11800,102400,114200
70919202146,2019,48100,142400,190500
71007109228,2019,149800,451400,601200
71007243406,2019,0,15000,15000
60801312111,2019,97400,232600,330000
71007316104,2019,39700,274500,314200
70921105164,2019,46000,424000,470000
80925117990,2019,800,1200,2000
71014215224,2019,7800,131700,139500
81030316138,2019,61300,146000,207300
70934405056,2019,3872000,4443000,8315000
60906201376,2019,74300,149700,224000
70813113035,2019,115200,284300,399500
70923150852,2019,156300,1159300,1315600
70918307252,2019,78500,154900,233400
60906206160,2019,72000,140600,212600
71005225240,2019,45800,196700,242500
71011303254,2019,60100,130700,190800
70836108138,2019,69800,187800,257600
70923405075,2019,502200,283000,785200
70824415157,2019,14600,93700,108300
71011220052,2019,11300,163600,174900
71011205070,2019,32900,222400,255300
70924220183,2019,0,8000,8000
70913309576,2019,73600,311400,385000
70929419020,2019,78900,328200,407100
81034205139,2019,66300,203400,269700
70835123088,2019,6500,69900,76400
70922328111,2019,105200,325300,430500
60803107148,2019,131100,290400,421500
70814419292,2019,15200,175300,190500
71009304131,2019,67600,143700,211300
60801105087,2019,68800,161500,230300
81034325135,2019,30000,108300,138300
70921417064,2019,151400,377800,529200
60812325137,2019,18900,172700,191600
70828444061,2019,0,0,0
70923148279,2019,4200,800,5000
71010209346,2019,54300,141200,195500
71005409084,2019,68400,154200,222600
70912419011,2019,9000,91300,100300
80926109053,2019,54500,101200,155700
70923131266,2019,112100,322900,435000
70921310028,2019,78300,234000,312300
71021113106,2019,15100,109400,124500
70922323070,2019,94000,321000,415000
70928108351,2019,108400,295600,404000
80924412028,2019,8000,133800,141800
71006302302,2019,37600,150000,187600
70821403098,2019,107300,354600,461900
70836202120,2019,71700,234000,305700
71010400861,2019,123500,25900,149400
70932201117,2019,62500,179700,242200
70921313014,2019,157100,110600,267700
70933301180,2019,0,0,0
81023309041,2019,35600,91400,127000
70833108082,2019,66200,240500,306700
80935105092,2019,68900,197500,266400
70920212150,2019,138000,349000,487000
70936309280,2019,59500,153500,213000
60801404124,2019,76200,137300,213500
70932117067,2019,172000,353700,525700
81035113109,2019,100,0,100
60801211040,2019,72100,167200,239300
60801224027,2019,15900,181100,197000
70920108094,2019,150900,94100,245000
60811419072,2019,75500,205600,281100
70836102049,2019,77100,157900,235000
60811101075,2019,107700,192100,299800
70932201183,2019,76700,181000,257700
70921307091,2019,161900,309500,471400
70923414034,2019,773800,5630000,6403800
81031302079,2019,50300,116600,166900
71015403175,2019,47600,215400,263000
81015108279,2019,74100,175000,249100
81034413138,2019,69300,163400,232700
70921222132,2019,133100,254000,387100
70835101034,2019,0,0,0
60801211157,2019,72900,162500,235400
71003417229,2019,47900,176500,224400
71005346070,2019,10000,215000,225000
80924432919,2019,400,1600,2000
60803103261,2019,96700,181000,277700
80924417979,2019,400,1600,2000
70921126269,2019,121400,278900,400300
70921414044,2019,122800,326600,449400
71005402012,2019,41900,170400,212300
71021107208,2019,64200,167200,231400
70923220069,2019,231000,1000,232000
71014108247,2019,10700,173300,184000
81030308143,2019,64700,151800,216500
70913326075,2019,0,0,0
71006425047,2019,78200,201700,279900
70923145308,2019,8000,7000,15000
71006114070,2019,62000,198900,260900
70824402120,2019,102900,256000,358900
70824220027,2019,97300,247900,345200
70923209196,2019,0,0,0
80936405110,2019,80000,182400,262400
71006107265,2019,52400,192300,244700
70825101028,2019,429000,151000,580000
70814423029,2019,85000,263500,348500
70836202253,2019,72700,185900,258600
60804206014,2019,82200,0,82200
71015119227,2019,50300,131300,181600
70815301068,2019,664000,3736000,4400000
70829112055,2019,73800,243200,317000
70821108242,2019,0,0,0
70822203025,2019,0,0,0
70930416247,2019,75600,274400,350000
70936406151,2019,60200,139800,200000
70820117046,2019,100,0,100
70930402147,2019,87000,303000,390000
70814430040,2019,19700,203500,223200
70920117087,2019,207000,252900,459900
80924411757,2019,400,1600,2000
60801311155,2019,78000,241300,319300
80924308079,2019,69600,181100,250700
60801103172,2019,54700,139000,193700
60903212102,2019,14100,75000,89100
80924424750,2019,400,1600,2000
80924403853,2019,400,1600,2000
71002303304,2019,35800,201500,237300
71003102010,2019,54300,186500,240800
71011222107,2019,18500,191500,210000
70919302128,2019,98600,265000,363600
70814205047,2019,132500,302900,435400
70815306274,2019,207300,470200,677500
60802106068,2019,69100,173900,243000
70930302123,2019,1293000,1126000,2419000
80925104096,2019,62300,128200,190500
70923412393,2019,1700,16300,18000
70935301039,2019,28000,336000,364000
71006101217,2019,96700,103400,200100
70821110180,2019,113200,352400,465600
71007225222,2019,238900,67100,306000
70815308105,2019,168300,405900,574200
70928101040,2019,90000,382800,472800
81020400040,2019,0,2687400,2687400
70928215114,2019,108400,310500,418900
70931212149,2019,74700,148000,222700
70822111088,2019,74900,206900,281800
70929121013,2019,110000,235600,345600
70815307131,2019,173300,351100,524400
81032414021,2019,44900,131300,176200
71011302107,2019,62600,195600,258200
70922431013,2019,125800,310100,435900
70932411295,2019,74000,44200,118200
81028408020,2019,1470000,4650000,6120000
71003210079,2019,53100,123100,176200
80924402029,2019,7100,126000,133100
71012209013,2019,59600,208000,267600
71005308252,2019,60300,234900,295200
70823202084,2019,134500,399300,533800
70922206028,2019,164000,376000,540000
71002418559,2019,100,0,100
70922335273,2019,125400,376900,502300
70928204084,2019,100200,161500,261700
70813110015,2019,199800,823700,1023500
81030317136,2019,69200,175600,244800
70921419052,2019,117900,354100,472000
81028403046,2019,57100,146500,203600
71015215041,2019,23000,264400,287400
81031401136,2019,35900,132000,167900
81021304100,2019,48400,175800,224200
60801306057,2019,72500,139500,212000
70929419096,2019,85100,225000,310100
70912400961,2019,492000,13000,505000
71004315068,2019,58500,154700,213200
70813108119,2019,113800,228000,341800
70914421056,2019,77800,669200,747000
70928207038,2019,89900,196000,285900
81034103185,2019,70000,164900,234900
60802313126,2019,0,0,0
71015115168,2019,50500,138900,189400
71005238011,2019,26200,96700,122900
70821114455,2019,17300,270700,288000
71016402168,2019,61900,166100,228000
70833410172,2019,44700,475300,520000
70931407097,2019,69200,174600,243800
70929221235,2019,88300,188500,276800
71002420033,2019,105000,0,105000
70922424224,2019,151400,208600,360000
81034412049,2019,67700,156700,224400
71002405291,2019,58300,279600,337900
60811304166,2019,91400,332600,424000
71016401029,2019,64600,133600,198200
71007211106,2019,226000,1000,227000
70931203023,2019,76400,145300,221700
80926108229,2019,55200,153200,208400
71006306304,2019,30400,181600,212000
71015206313,2019,75100,300500,375600
80925416053,2019,52300,154600,206900
70828124035,2019,12900,247000,259900
71035207086,2019,43900,221600,265500
70928108161,2019,107000,189900,296900
60801401138,2019,78800,135300,214100
71026402017,2019,72100,324900,397000
70923168920,2019,6500,13500,20000
70926101042,2019,76000,209000,285000
70901104029,2019,53200,135500,188700
71002316183,2019,10100,0,10100
81034414011,2019,67100,243400,310500
70913209271,2019,63000,340500,403500
71007307020,2019,304300,187100,491400
60901100961,2019,0,0,0
70835307103,2019,78700,209300,288000
60901101068,2019,57300,150800,208100
71002317032,2019,100,0,100
70826416210,2019,21500,120800,142300
71003311182,2019,49200,157000,206200
70816414232,2019,13100,221900,235000
70826421590,2019,0,4000,4000
81032316102,2019,21000,152000,173000
71006110036,2019,71100,116300,187400
71007226072,2019,0,0,0
70928223117,2019,99100,195200,294300
70923171303,2019,1700,1300,3000
70932203147,2019,74200,155000,229200
70926401335,2019,80800,149900,230700
70923173531,2019,3300,5900,9200
70933203055,2019,151300,314200,465500
81031406285,2019,37600,160000,197600
70814425132,2019,91500,211200,302700
70923166445,2019,85200,382100,467300
70835105086,2019,14400,84500,98900
80926101025,2019,53400,128000,181400
70836225023,2019,26300,135700,162000
70913350686,2019,0,15000,15000
60803114010,2019,0,0,0
71006425063,2019,84100,254000,338100
70813326092,2019,143200,401000,544200
70914414134,2019,98000,1000,99000
80926401110,2019,43500,130900,174400
60812104143,2019,76000,187000,263000
71007216073,2019,102600,272800,375400
70931416014,2019,92700,97000,189700
70823112093,2019,89400,224400,313800
70823315027,2019,166600,340700,507300
60812202153,2019,84900,187700,272600
71007230081,2019,7700,130300,138000
70923166221,2019,59300,364000,423300
60801302039,2019,72800,160200,233000
81021405081,2019,55800,206800,262600
71006407087,2019,54100,240700,294800
60903209232,2019,11600,115600,127200
81019308122,2019,60700,155500,216200
60801419024,2019,16600,185100,201700
71004302065,2019,50100,149600,199700
71006127099,2019,46300,111100,157400
81015107081,2019,62200,187700,249900
80936401233,2019,66200,141400,207600
71007112198,2019,92500,240900,333400
81031403059,2019,35900,168100,204000
71002439026,2019,37500,239100,276600
70834403134,2019,86600,127800,214400
60811117022,2019,19100,212400,231500
70813319229,2019,14000,116100,130100
70926228028,2019,81000,2193000,2274000
70920218934,2019,0,0,0
70922307115,2019,194200,480800,675000
60801215167,2019,70000,184500,254500
71005345022,2019,54200,145800,200000
71015403315,2019,0,0,0
81028121375,2019,10800,98300,109100
70929115173,2019,130700,338200,468900
70913113357,2019,81600,146500,228100
71016408075,2019,63600,194400,258000
70933202065,2019,154700,620300,775000
70914419118,2019,604000,1925000,2529000
70921309138,2019,102200,281500,383700
80926309158,2019,72900,258900,331800
81034408105,2019,67300,175000,242300
80926110456,2019,61000,154600,215600
81031211171,2019,50200,143800,194000
70920220799,2019,0,2300,2300
71010314161,2019,48700,199100,247800
71007216247,2019,90600,187700,278300
71006305372,2019,48100,160300,208400
81028108456,2019,57200,164700,221900
71010101162,2019,53900,207900,261800
60802310081,2019,95000,251400,346400
70836115183,2019,73600,156200,229800
80924426847,2019,400,1600,2000
81032413081,2019,41600,116200,157800
80926307053,2019,67400,264800,332200
60904104134,2019,86000,181800,267800
70826410238,2019,71300,161500,232800
70931414365,2019,63700,221300,285000
60801104310,2019,70000,196100,266100
70816321049,2019,64200,248700,312900
70823206101,2019,18100,229000,247100
70923174951,2019,3300,11700,15000
71012221033,2019,12100,132900,145000
70814106013,2019,37100,182400,219500
80924408118,2019,9000,132000,141000
71016202245,2019,62100,300400,362500
70835308036,2019,80300,206300,286600
70918212112,2019,94300,179600,273900
60902101025,2019,143000,428000,571000
81032401044,2019,587000,626400,1213400
70918226080,2019,23300,97200,120500
71007310263,2019,359600,176000,535600
70823413269,2019,21500,167900,189400
80936110024,2019,13800,94300,108100
71002417189,2019,27800,0,27800
70931414315,2019,64500,224000,288500
70929308249,2019,143100,315600,458700
81028107028,2019,57100,152000,209100
71030300992,2019,0,0,0
70928217186,2019,100700,190200,290900
70918401327,2019,454800,208100,662900
70920417106,2019,97400,239500,336900
70823103141,2019,89400,214000,303400
71014108271,2019,10700,165400,176100
70931410206,2019,101000,199600,300600
70918208038,2019,87700,392400,480100
70913340984,2019,1800,13200,15000
70912409377,2019,76000,586000,662000
81023209423,2019,0,1200,1200
71006433058,2019,108400,238100,346500
70920218398,2019,400,14600,15000
71003410124,2019,49900,186700,236600
71014215349,2019,7800,122700,130500
70824223021,2019,71400,203600,275000
71014209037,2019,55100,188500,243600
70823409010,2019,46900,368100,415000
60904103053,2019,80200,177800,258000
60904110016,2019,94000,242900,336900
60811116694,2019,18800,216900,235700
70929123259,2019,14900,226100,241000
71035113150,2019,71300,316700,388000
81028402113,2019,60100,116800,176900
71005225018,2019,47100,249700,296800
70926216172,2019,97000,223000,320000
80925415039,2019,49800,153500,203300
71005304119,2019,49000,301000,350000
70822106170,2019,52100,156500,208600
70923301017,2019,0,0,0
71005310041,2019,65100,195400,260500
71026402166,2019,73500,309300,382800
81031408158,2019,39600,161800,201400
60812121220,2019,81600,242100,323700
70923308154,2019,60400,271900,332300
71034108201,2019,67100,193600,260700
70927106017,2019,0,0,0
71007109179,2019,147200,330000,477200
70829109060,2019,97300,294700,392000
71007219085,2019,126400,323300,449700
70918305040,2019,86200,106200,192400
70922320159,2019,190200,289800,480000
80924430963,2019,400,1600,2000
60906207085,2019,61600,136500,198100
70821408262,2019,105800,395800,501600
70913102079,2019,67300,198700,266000
60801112256,2019,60000,180800,240800
70823306133,2019,82300,199800,282100
71006205019,2019,14000,246000,260000
81026423202,2019,27700,0,27700
60811402324,2019,77300,201500,278800
81028120575,2019,0,5000,5000
71006122213,2019,57200,178500,235700
70814411115,2019,92900,185800,278700
70901108112,2019,58300,155500,213800
71009400997,2019,1053000,6567000,7620000
71010403089,2019,55700,148400,204100
70815102036,2019,1166000,0,1166000
80924101035,2019,75600,299800,375400
71009215081,2019,48800,145000,193800
60802303218,2019,98600,249600,348200
70935109079,2019,0,0,0
80924441978,2019,400,1600,2000
70913204015,2019,172000,1417000,1589000
81028101103,2019,59000,175300,234300
70923141794,2019,200,2900,3100
70814403196,2019,100600,222700,323300
70914411114,2019,0,0,0
80924403035,2019,7100,110400,117500
71010314187,2019,56100,156900,213000
70920416190,2019,141900,150900,292800
80935103301,2019,70200,231900,302100
71007204169,2019,70000,367500,437500
81032423080,2019,40700,174300,215000
70923301083,2019,0,0,0
60906202019,2019,0,0,0
70924221058,2019,31000,85600,116600
70914406024,2019,86000,614000,700000
70928107147,2019,109100,279900,389000
71006311064,2019,76300,169400,245700
70835110035,2019,95100,321800,416900
71007223193,2019,83500,311400,394900
70918304092,2019,75400,133700,209100
70826416492,2019,21500,120900,142400
60802413471,2019,57400,193600,251000
71003301050,2019,46400,145000,191400
70836110042,2019,69900,172600,242500
70931210086,2019,76500,213500,290000
70928110025,2019,99100,183900,283000
71004309110,2019,0,0,0
70920222224,2019,16400,139200,155600
70822414010,2019,485000,2165000,2650000
80936413030,2019,75800,168500,244300
70901109029,2019,46200,110800,157000
71011418128,2019,39700,115700,155400
70936311087,2019,60200,160300,220500
70823306232,2019,90200,182900,273100
70923128023,2019,143800,336200,480000
71014215571,2019,7800,132600,140400
70919228829,2019,400,2600,3000
70919305049,2019,102900,301200,404100
60801102041,2019,65600,158000,223600
70922438134,2019,69400,262200,331600
60802433031,2019,15000,106300,121300
81021401047,2019,51800,185300,237100
71012206241,2019,61600,246300,307900
70919408299,2019,105000,247700,352700
71007224331,2019,99200,245900,345100
70926215249,2019,99600,258500,358100
70929303166,2019,87600,252600,340200
70923107134,2019,62000,202000,264000
71011204189,2019,32800,203300,236100
70923173804,2019,3300,5900,9200
71002418468,2019,100,0,100
71027100800,2019,100,0,100
70834308649,2019,28700,0,28700
70922221076,2019,50000,549000,599000
71021113122,2019,15100,100100,115200
70929418105,2019,87300,242300,329600
70824415173,2019,18700,116500,135200
60812329121,2019,13400,161000,174400
70922302040,2019,96200,331800,428000
70821111063,2019,111800,296200,408000
70923143104,2019,44900,170800,215700
60803107065,2019,103200,214100,317300
60801226180,2019,16200,174800,191000
70923173466,2019,3300,5900,9200
71004301314,2019,58500,161500,220000
81034207028,2019,67500,226300,293800
60906108259,2019,67600,177300,244900
70922437029,2019,69400,350600,420000
70913346510,2019,78000,364000,442000
70929206196,2019,85100,163000,248100
71008106132,2019,43200,207400,250600
71015209044,2019,49200,184000,233200
70820106073,2019,100,0,100
70901113278,2019,17800,94200,112000
80925104062,2019,57600,122300,179900
71026401043,2019,0,0,0
70826405114,2019,69400,184600,254000
70823212158,2019,79600,170800,250400
70921104075,2019,81900,190000,271900
80924306065,2019,64400,249400,313800
71003419019,2019,54200,175800,230000
81031402077,2019,35900,142600,178500
70918203020,2019,713900,741400,1455300
70926419031,2019,0,0,0
71015211180,2019,73800,301300,375100
71015406062,2019,46500,206500,253000
71006313086,2019,0,0,0
70920418112,2019,119100,146400,265500
70929306269,2019,89000,245800,334800
71004311040,2019,54100,130900,185000
70931202398,2019,74800,164600,239400
81021403069,2019,58500,124900,183400
71021223012,2019,66300,195000,261300
70834306073,2019,132000,344700,476700
60802306246,2019,19400,183200,202600
71009305072,2019,68900,131400,200300
80924306205,2019,64400,287400,351800
71002303106,2019,33000,205700,238700
80925110225,2019,53500,119900,173400
71014203485,2019,58700,209400,268100
71007205042,2019,66800,341600,408400
70928106058,2019,108400,188200,296600
71007209052,2019,55800,178600,234400
71009406044,2019,62400,137600,200000
71009106123,2019,95000,429300,524300
81028404143,2019,59200,119400,178600
70919412092,2019,0,0,0
70836216048,2019,5500,97200,102700
60811103302,2019,105600,263400,369000
70918321418,2019,0,2000,2000
80924417086,2019,9900,129800,139700
71012201225,2019,72200,316300,388500
70828301253,2019,14400,0,14400
70936304157,2019,62500,118500,181000
70924221157,2019,32900,86900,119800
71003406280,2019,54700,180600,235300
70821101022,2019,117000,333000,450000
70828439070,2019,0,0,0
60812402042,2019,75000,195400,270400
70828310105,2019,76000,310900,386900
70920406240,2019,132400,194300,326700
71005337011,2019,91000,479000,570000
70922238013,2019,25300,181700,207000
71014209102,2019,54900,180500,235400
70824205045,2019,119700,191400,311100
70836405419,2019,67600,136300,203900
70923167518,2019,6500,13500,20000
71005326204,2019,104100,222400,326500
70824204146,2019,118100,222800,340900
70923314101,2019,158800,76200,235000
70836403091,2019,65600,148600,214200
71007305016,2019,66700,364300,431000
70834214862,2019,40800,402200,443000
60812316011,2019,84900,236100,321000
71005410247,2019,56300,126800,183100
80924422100,2019,10500,173300,183800
71035114059,2019,66900,186000,252900
80926309108,2019,0,0,0
71006128211,2019,51400,184900,236300
70913221093,2019,467700,5012300,5480000
70919204069,2019,84300,95700,180000
71006414082,2019,53300,170700,224000
71009219207,2019,50300,154400,204700
70828124184,2019,12900,190600,203500
70833204187,2019,111600,240400,352000
70923162071,2019,8000,7000,15000
81034409046,2019,65300,200900,266200
81031404362,2019,37600,156200,193800
70912403014,2019,108500,169300,277800
80924444683,2019,400,1600,2000
70920418104,2019,129000,166800,295800
70918322268,2019,0,2000,2000
71011125137,2019,65200,255400,320600
60804105240,2019,110900,305700,416600
71012215200,2019,17700,255100,272800
60904110115,2019,92900,240300,333200
70836410228,2019,55700,168300,224000
81019306142,2019,58600,167700,226300
70816320067,2019,173000,459300,632300
60801226099,2019,16200,153900,170100
70824421013,2019,40000,140600,180600
70929301037,2019,89100,192900,282000
70922213057,2019,207800,562200,770000
70816401015,2019,171100,349700,520800
70813319211,2019,15800,114200,130000
70828424146,2019,0,0,0
71027104084,2019,869000,1876000,2745000
70921303049,2019,157900,526100,684000
70835206131,2019,88700,244100,332800
70923133395,2019,0,0,0
70923174034,2019,3300,11700,15000
80925122907,2019,800,1200,2000
70931106011,2019,0,0,0
71012217206,2019,6600,0,6600
70922313120,2019,125200,534200,659400
81023206049,2019,165000,0,165000
70932308012,2019,63500,131600,195100
70913111294,2019,75400,95400,170800
81023306237,2019,35600,160900,196500
70921206277,2019,71000,96400,167400
81034301169,2019,44000,155600,199600
70913347360,2019,2500,12500,15000
71006407053,2019,68000,258000,326000
70828411044,2019,0,0,0
70824215086,2019,0,0,0
81028119396,2019,10100,88300,98400
70926216057,2019,113600,193700,307300
71016110191,2019,61700,128100,189800
70922339126,2019,201700,366300,568000
80926204019,2019,0,0,0
70931406122,2019,125800,156500,282300
70834308152,2019,46400,443500,489900
70814421198,2019,15200,189700,204900
60801411020,2019,85900,179100,265000
81022102024,2019,693500,3856500,4550000
70920112053,2019,111800,328800,440600
70912430059,2019,9000,93600,102600
70813402488,2019,266600,929500,1196100
71016209150,2019,89800,133200,223000
71005219045,2019,0,0,0
70823403088,2019,50600,191100,241700
60811304190,2019,88600,281000,369600
70823108282,2019,89400,219200,308600
70913350470,2019,0,15000,15000
81028113075,2019,61800,230300,292100
71004406172,2019,50500,178100,228600
71010211242,2019,59800,184800,244600
70933203120,2019,134300,372300,506600
71003401173,2019,74700,184700,259400
80926308051,2019,67000,263800,330800
80924431961,2019,400,1600,2000
80924419941,2019,400,1600,2000
81015102023,2019,56700,206500,263200
70932202082,2019,93900,210900,304800
71006122081,2019,61500,173700,235200
70929418147,2019,86000,233000,319000
60812111255,2019,78200,228300,306500
70919309075,2019,109300,239400,348700
70920219619,2019,0,0,0
71005205060,2019,47900,98600,146500
70919228746,2019,400,2600,3000
70919310056,2019,105700,201000,306700
70913332064,2019,155000,145300,300300
70835315510,2019,51900,370300,422200
70923173151,2019,3300,11700,15000
70920414201,2019,134200,175100,309300
70921410125,2019,119100,390900,510000
70824411121,2019,102000,207700,309700
70919207104,2019,95000,176500,271500
70924204012,2019,1499000,10580300,12079300
70919307087,2019,102400,262200,364600
70814303023,2019,90200,270200,360400
70836213622,2019,11600,116100,127700
70828445019,2019,0,0,0
71016111181,2019,0,0,0
71006119187,2019,56000,194000,250000
71015203020,2019,48000,157100,205100
70924202123,2019,0,0,0
81033403106,2019,0,0,0
60901202171,2019,60200,153000,213200
70929113226,2019,89800,185000,274800
70919404081,2019,116700,189300,306000
80925117784,2019,800,1200,2000
71006443015,2019,12000,213900,225900
71016112189,2019,54000,95100,149100
70929307051,2019,94800,261600,356400
70929105231,2019,103200,264900,368100
70919107297,2019,125900,0,125900
81032411035,2019,67200,118200,185400
71011108141,2019,30000,222500,252500
80924409827,2019,400,1600,2000
81021303318,2019,44100,189900,234000
60812110025,2019,78200,184300,262500
70813113043,2019,115200,375400,490600
70921412064,2019,98600,328800,427400
71020305019,2019,81300,130000,211300
60901103014,2019,59700,159300,219000
71004201027,2019,451000,1941000,2392000
70918213087,2019,82900,176800,259700
70923134088,2019,47500,238500,286000
81032305072,2019,83000,147000,230000
60902203037,2019,330000,1140000,1470000
70923413846,2019,0,5000,5000
70913348243,2019,4000,203000,207000
70921126235,2019,128000,238900,366900
70914438134,2019,2200,22800,25000
70923223013,2019,173000,1000,174000
70926202048,2019,173900,325100,499000
71002103051,2019,79000,0,79000
70827101068,2019,125000,255000,380000
70816322253,2019,17300,230400,247700
81033210014,2019,19400,229400,248800
70828418074,2019,0,0,0
80924423877,2019,400,1600,2000
70932209228,2019,20800,138200,159000
70821103036,2019,118600,314400,433000
70824309079,2019,13500,108300,121800
70826407201,2019,72700,177900,250600
70826417094,2019,21500,118500,140000
80924440938,2019,400,1600,2000
70923411444,2019,37700,397300,435000
71007214192,2019,113800,123600,237400
71009415079,2019,65200,117700,182900
71027404145,2019,65300,193200,258500
81028114130,2019,56200,174100,230300
60812222185,2019,23800,161900,185700
70823107036,2019,76700,150300,227000
70826417177,2019,18400,83600,102000
81031214159,2019,38100,137100,175200
71010205047,2019,59600,154600,214200
70932116118,2019,143200,379700,522900
80924443776,2019,400,1600,2000
70922205129,2019,154000,396000,550000
60803105217,2019,103200,209500,312700
60812203044,2019,79600,160500,240100
70814303164,2019,87700,306400,394100
80924439072,2019,11800,206600,218400
81034110172,2019,60800,159500,220300
70936402018,2019,64800,115700,180500
70928216071,2019,100400,203800,304200
70921106138,2019,60000,470000,530000
71009206098,2019,38400,132200,170600
70929123605,2019,0,1000,1000
71016416036,2019,62600,195400,258000
60801312418,2019,72900,234800,307700
71010407221,2019,55800,189200,245000
70931104172,2019,150300,203300,353600
71007243290,2019,0,15000,15000
60802309084,2019,93400,194100,287500
70921213256,2019,78800,219200,298000
60801312252,2019,72600,218400,291000
80926106075,2019,62300,128100,190400
80925112742,2019,800,1200,2000
71006431151,2019,116700,232200,348900
70932415271,2019,53000,119800,172800
71003310085,2019,58500,143800,202300
70814404011,2019,88200,213900,302100
70918415287,2019,9500,33800,43300
71004316115,2019,73600,149500,223100
71003413045,2019,68800,213600,282400
71009403131,2019,65300,134600,199900
70926213045,2019,93600,245600,339200
70918419065,2019,880000,3330000,4210000
70922412063,2019,71500,161800,233300
70936407034,2019,58900,156900,215800
70836416094,2019,68300,180200,248500
70836312200,2019,19100,188700,207800
71011406074,2019,88900,247700,336600
70924209038,2019,277000,933300,1210300
71006209011,2019,112700,119800,232500
71006305455,2019,47900,199700,247600
71011204254,2019,38000,222300,260300
71008102221,2019,37500,177700,215200
80936403122,2019,67000,253000,320000
71009407109,2019,61000,126300,187300
70923308120,2019,127700,352900,480600
70922329086,2019,183200,195200,378400
70836109045,2019,69700,158100,227800
70929307192,2019,90900,276600,367500
60812219025,2019,20000,106600,126600
70913106112,2019,80800,266600,347400
70931208106,2019,84700,154400,239100
70821105082,2019,0,0,0
71011118273,2019,30500,241700,272200
81031419155,2019,38100,121900,160000
60801316197,2019,24000,137400,161400
81034107608,2019,0,0,0
70920117178,2019,138800,112000,250800
71010114024,2019,53400,166900,220300
81034103276,2019,66700,205500,272200
80936105075,2019,13800,96600,110400
70932406064,2019,77000,137200,214200
71005403292,2019,47400,186200,233600
70913341015,2019,21300,352000,373300
70921126045,2019,124400,261200,385600
71021223062,2019,64500,148900,213400
70923179290,2019,65500,0,65500
70935201130,2019,66200,188600,254800
81035107061,2019,0,0,0
70921413020,2019,150700,294200,444900
70816305176,2019,132000,230100,362100
80925118104,2019,12900,261300,274200
70920402371,2019,168100,253600,421700
70913109348,2019,84200,469100,553300
70929402215,2019,90200,197800,288000
70823112069,2019,89400,195700,285100
70929208077,2019,81400,255700,337100
60812317142,2019,96700,212300,309000
70813403056,2019,392000,346300,738300
70923146398,2019,8000,7000,15000
70919110159,2019,121500,166400,287900
70921210088,2019,67900,203600,271500
81030307195,2019,61700,143000,204700
71007230031,2019,7700,128200,135900
70823400985,2019,2230000,1786000,4016000
70828111082,2019,98100,221800,319900
71027413063,2019,69000,169100,238100
70920223016,2019,3000000,11140000,14140000
71016113020,2019,54900,132800,187700
70813404179,2019,122100,324500,446600
70924202115,2019,831000,1338000,2169000
80925118980,2019,800,1200,2000
70932105020,2019,70900,210600,281500
81031405196,2019,36500,136200,172700
70836110034,2019,74800,219000,293800
71011204147,2019,34400,230100,264500
71007242127,2019,15800,305600,321400
70913301093,2019,132000,2009000,2141000
71011405125,2019,88100,301100,389200
81033309015,2019,514000,1055500,1569500
71007109054,2019,93200,299500,392700
70833413118,2019,44700,527200,571900
70928216047,2019,100400,232200,332600
70932103165,2019,80400,136600,217000
71010116046,2019,58900,169300,228200
71007104129,2019,101100,316200,417300
70920409153,2019,129500,231900,361400
70929303223,2019,92900,204700,297600
71006112090,2019,69200,296300,365500
70823103018,2019,72500,125300,197800
81030302137,2019,68300,167100,235400
71006121041,2019,70200,56000,126200
70932103511,2019,137800,153200,291000
70821111089,2019,114700,312200,426900
70826420120,2019,0,4000,4000
70912405200,2019,100400,227900,328300
81026416033,2019,3000,0,3000
81032107048,2019,46100,119700,165800
70923150050,2019,55100,333700,388800
81031415038,2019,36500,191700,228200
80925209169,2019,52300,138600,190900
70836402077,2019,62500,145900,208400
81033204348,2019,44400,120500,164900
70922216069,2019,167300,352500,519800
70922201995,2019,0,0,0
70923174620,2019,3300,11700,15000
70920306325,2019,104900,189000,293900
70920411091,2019,163000,102100,265100
70935202154,2019,43100,109700,152800
60812111312,2019,83200,217700,300900
70931104122,2019,145500,131300,276800
70826420352,2019,0,4000,4000
60903211063,2019,17400,89100,106500
70901113715,2019,17300,91500,108800
70835110077,2019,92500,215000,307500
70920302349,2019,180500,314100,494600
70928322034,2019,163900,433100,597000
80924421863,2019,400,1600,2000
70920410093,2019,117700,224000,341700
80935109127,2019,75000,228200,303200
71014301263,2019,63100,246100,309200
70833203147,2019,111600,208300,319900
70836409164,2019,220000,60000,280000
70929213042,2019,86100,180000,266100
71026401027,2019,0,0,0
81028119974,2019,8700,68200,76900
80924413951,2019,400,1600,2000
80925115126,2019,13500,198400,211900
70813323113,2019,157200,315500,472700
70826421235,2019,0,0,0
70823304301,2019,78100,247200,325300
70924219623,2019,0,25000,25000
71016414022,2019,61600,135000,196600
81033300922,2019,261800,96600,358400
71011115071,2019,71100,171500,242600
71003105121,2019,53100,165200,218300
71004316074,2019,48400,163300,211700
60904107063,2019,93800,222800,316600
81032316045,2019,21000,129000,150000
71007116249,2019,84200,299900,384100
70918219035,2019,128500,214000,342500
70926103212,2019,78500,286500,365000
71007116182,2019,81200,339200,420400
81021305257,2019,65500,216400,281900
70922220101,2019,136200,361500,497700
70922227082,2019,205200,411800,617000
71011119180,2019,55500,256900,312400
80926107057,2019,54000,141300,195300
70921210020,2019,67900,227100,295000
70826416484,2019,18400,84200,102600
71010207142,2019,59700,179900,239600
71010315193,2019,49300,194200,243500
81030305074,2019,58000,196900,254900
70926217162,2019,127000,38200,165200
71014307120,2019,58500,182900,241400
70833118221,2019,80400,283700,364100
80924308011,2019,71200,269500,340700
71005315140,2019,57800,169900,227700
71009226153,2019,62000,0,62000
70813325086,2019,19900,173500,193400
71001320127,2019,65500,223300,288800
70923150456,2019,40100,269900,310000
60812405179,2019,78000,199700,277700
71009220139,2019,38000,192500,230500
70919408249,2019,110200,325900,436100
71006413042,2019,45000,375000,420000
71012221190,2019,12100,127600,139700
70833209062,2019,109900,274600,384500
70814206144,2019,109500,324500,434000
80924402863,2019,400,1600,2000
80925411011,2019,48500,164200,212700
81028406115,2019,0,0,0
60802316287,2019,18000,0,18000
70924216033,2019,0,0,0
71014214200,2019,8100,114900,123000
70918402200,2019,100400,0,100400
70825202016,2019,0,0,0
70912450057,2019,12900,297900,310800
70835122709,2019,6500,71000,77500
81019302083,2019,60500,156700,217200
71015405147,2019,55100,216900,272000
70936306070,2019,61500,164600,226100
70932411279,2019,74000,68300,142300
71003311273,2019,48000,160100,208100
70922202026,2019,78000,277000,355000
71006102116,2019,85300,96700,182000
71002441071,2019,100,0,100
70913405027,2019,106700,154900,261600
70931402162,2019,110700,156400,267100
60802302294,2019,92700,265000,357700
71009408206,2019,65100,127200,192300
70919207138,2019,89000,101500,190500
80926309075,2019,67000,276100,343100
71022305132,2019,1023300,3118700,4142000
70923316131,2019,109100,534700,643800
70919210016,2019,98500,164900,263400
70919308100,2019,96300,188700,285000
70933201059,2019,217600,396200,613800
80924413125,2019,8600,145900,154500
70929101164,2019,89900,274400,364300
71015405212,2019,51000,202100,253100
71006302253,2019,64500,209300,273800
70913356056,2019,1792000,11371000,13163000
71035207581,2019,43900,221800,265700
71005311031,2019,57300,109800,167100
71020309334,2019,23800,177500,201300
71011105080,2019,72900,364600,437500
71022301023,2019,98000,251900,349900
70836105316,2019,73600,198600,272200
71015302020,2019,249500,315500,565000
71010311208,2019,50100,168800,218900
71004407245,2019,45800,149600,195400
71035114025,2019,66900,224600,291500
70923402154,2019,0,0,0
70923309227,2019,61100,0,61100
70836432016,2019,34000,99900,133900
71003212231,2019,53100,171700,224800
60811202055,2019,99900,259600,359500
70925206067,2019,46500,164700,211200
60812308050,2019,0,0,0
70922205161,2019,671000,2339000,3010000
60801310016,2019,83500,151500,235000
71011212132,2019,57700,194500,252200
80924303988,2019,300,0,300
70923175066,2019,3300,11700,15000
71015101068,2019,56900,123400,180300
81022301155,2019,418000,4327000,4745000
81033308132,2019,6300,64900,71200
81031203095,2019,39800,113300,153100
70918415196,2019,10500,111400,121900
81021418018,2019,28000,124000,152000
81030311089,2019,61700,131000,192700
71035109076,2019,72100,207500,279600
71007244016,2019,24900,177300,202200
60812321242,2019,19600,167900,187500
70920117102,2019,150400,286400,436800
70928214231,2019,94800,236100,330900
70919406102,2019,107400,177600,285000
71009320088,2019,68800,148700,217500
70929409039,2019,83100,292800,375900
80924425146,2019,11000,177000,188000
70821212233,2019,100,0,100
60811204291,2019,104000,267300,371300
70916402012,2019,0,0,0
60802104161,2019,78400,148600,227000
71005304060,2019,68000,221300,289300
70923137909,2019,6000,9000,15000
60802413447,2019,57700,160500,218200
70923411105,2019,35200,363800,399000
70923110046,2019,315000,483000,798000
81015105259,2019,58100,188000,246100
81032314049,2019,12000,133000,145000
81030304167,2019,70000,182500,252500
70922220052,2019,278500,601500,880000
71010200964,2019,156000,291600,447600
70935205108,2019,40900,110100,151000
70816401263,2019,172200,387800,560000
80925216073,2019,57600,166000,223600
70929307043,2019,94800,310200,405000
71014202429,2019,55900,217800,273700
60801403118,2019,77300,156400,233700
81021408168,2019,54900,185700,240600
71031400981,2019,0,0,0
70836406269,2019,61600,147200,208800
60906204031,2019,90000,200000,290000
71015201074,2019,66400,157700,224100
70918302369,2019,75400,153700,229100
71016401277,2019,695000,3353000,4048000
60811412018,2019,76400,180400,256800
71002311183,2019,61600,284600,346200
71005415049,2019,62400,135600,198000
71005331063,2019,116700,318800,435500
70932410304,2019,74000,0,74000
71011418053,2019,128800,221400,350200
71016116115,2019,59300,144600,203900
60811419105,2019,75400,234600,310000
70931202231,2019,81300,172800,254100
71002445081,2019,100,0,100
70913343219,2019,11400,147500,158900
81026420109,2019,100,0,100
70923123411,2019,77000,159400,236400
80924438090,2019,10300,188900,199200
70824414472,2019,11300,72400,83700
80925105234,2019,52000,129900,181900
70814101104,2019,101900,306100,408000
71006318010,2019,0,0,0
81028107226,2019,57100,150900,208000
70932110037,2019,135500,354000,489500
71005221040,2019,60600,197700,258300
81033202186,2019,38300,153400,191700
71008103055,2019,40400,221500,261900
70815403161,2019,99000,301000,400000
60811204259,2019,116800,455500,572300
70822209023,2019,80000,0,80000
71016116066,2019,62900,134600,197500
71002443118,2019,100,0,100
81033308140,2019,6300,64900,71200
70923170389,2019,1500,500,2000
70922345503,2019,82100,257000,339100
70928208218,2019,114200,268200,382400
81030312186,2019,68000,261700,329700
70918306030,2019,82000,108900,190900
81026356271,2019,59500,0,59500
70836105324,2019,81900,148800,230700
70927107106,2019,26400,222600,249000
70923132082,2019,191000,1395000,1586000
70926217097,2019,44000,622000,666000
70918310023,2019,120100,217400,337500
71007116041,2019,84200,213900,298100
70920220442,2019,0,5600,5600
70821403121,2019,114200,334200,448400
81030311047,2019,61300,145000,206300
70913414276,2019,92400,243900,336300
71002312131,2019,0,0,0
70932424222,2019,53200,90400,143600
71010216044,2019,23000,72000,95000
81032305121,2019,77000,373000,450000
70919107049,2019,91800,126100,217900
71001325226,2019,24900,143200,168100
60903202202,2019,88900,180300,269200
71014213327,2019,58700,155400,214100
70922326016,2019,154000,116000,270000
70923148724,2019,4200,800,5000
70913124122,2019,565000,29000,594000
71006204277,2019,44100,176500,220600
70923153476,2019,1300,23700,25000
70829109127,2019,99000,315000,414000
71021102092,2019,47500,274000,321500
71009215180,2019,0,0,0
70928104193,2019,88900,357400,446300
60811424071,2019,105400,236000,341400
70920408270,2019,129500,153400,282900
70922435164,2019,136300,207700,344000
81021106176,2019,59700,183300,243000
70923304128,2019,1801000,8000000,9801000
70836210115,2019,11400,115800,127200
71011111095,2019,72500,200500,273000
71009214116,2019,50800,143200,194000
60812222200,2019,23800,161900,185700
70913204081,2019,116000,509000,625000
70935109037,2019,45900,100400,146300
70923114220,2019,383000,1421000,1804000
60811304257,2019,88600,259900,348500
70823311041,2019,13100,136600,149700
71006405049,2019,68000,257200,325200
70828313109,2019,16700,0,16700
70922216043,2019,140500,277700,418200
60906108019,2019,63900,149100,213000
70935101207,2019,0,0,0
60801217080,2019,83700,150500,234200
70929402158,2019,90200,243200,333400
70912432039,2019,9000,91300,100300
81031412018,2019,32500,94200,126700
71005415122,2019,62000,144900,206900
60812326086,2019,26500,188200,214700
70923122223,2019,71100,255300,326400
70923145332,2019,8000,7000,15000
70929401217,2019,85000,243200,328200
71003407030,2019,53900,195000,248900
60811402100,2019,76200,173900,250100
71014108057,2019,10700,163000,173700
70836418131,2019,66000,169800,235800
70928113128,2019,106000,274000,380000
71027417049,2019,76000,202100,278100
70923153872,2019,1300,23700,25000
60801409091,2019,75200,241800,317000
81034327074,2019,11300,67800,79100
70928302135,2019,91100,215100,306200
70928212110,2019,97800,197700,295500
70821301044,2019,625000,3700000,4325000
80936207095,2019,56900,191100,248000
70919228085,2019,24100,249800,273900
70919403372,2019,98800,210100,308900
80925306155,2019,63900,122600,186500
81034401092,2019,62800,173300,236100
70813318031,2019,94900,375700,470600
60811116793,2019,18800,213300,232100
71010404376,2019,59000,170700,229700
81034401183,2019,62100,161300,223400
71010201285,2019,54000,216300,270300
81034303016,2019,48700,133200,181900
70918226048,2019,23300,103500,126800
70814303031,2019,88800,235500,324300
70919105192,2019,105600,202500,308100
70923407039,2019,124400,149200,273600
70928213150,2019,101000,284000,385000
70823201028,2019,0,0,0
71003405117,2019,58700,216100,274800
60802412275,2019,682000,3271000,3953000
71005327054,2019,221300,278700,500000
70835101141,2019,77000,348000,425000
70833124103,2019,101000,266200,367200
71034103136,2019,67700,198600,266300
71012217074,2019,67000,243500,310500
70923109122,2019,183000,83000,266000
70834218020,2019,0,0,0
70923161213,2019,8000,7000,15000
81034315037,2019,25000,97000,122000
80925214233,2019,60700,115400,176100
81028119685,2019,10800,93200,104000
70918220230,2019,142100,215300,357400
71012210052,2019,58000,189500,247500
70923152171,2019,34100,473400,507500
70836419121,2019,0,0,0
71016108120,2019,63900,142100,206000
70922236132,2019,162100,569800,731900
70824306041,2019,99800,240300,340100
71010103225,2019,53600,161500,215100
81034408204,2019,70300,149000,219300
81019302281,2019,60000,165200,225200
71005413019,2019,63300,124200,187500
71010413088,2019,56600,216800,273400
70814430131,2019,19700,225700,245400
70932415156,2019,53000,127500,180500
70836115034,2019,69700,219600,289300
70918210108,2019,112700,441100,553800
70922333102,2019,183200,366300,549500
71021107034,2019,61000,148000,209000
70926409199,2019,18000,0,18000
70912404434,2019,134900,359400,494300
70901113624,2019,21400,109100,130500
70920414102,2019,123300,206000,329300
70824414133,2019,11300,82900,94200
70823315035,2019,155100,455400,610500
70919105241,2019,99600,332000,431600
60802417142,2019,72600,149600,222200
71006421061,2019,48100,144300,192400
70929113028,2019,90700,220900,311600
70918307294,2019,96600,108800,205400
80936405144,2019,78300,273100,351400
71016112155,2019,54400,168700,223100
70813309204,2019,100200,369100,469300
71030208261,2019,87100,213200,300300
71007105226,2019,137900,378100,516000
71001302133,2019,1093000,0,1093000
80936210139,2019,63400,84700,148100
70901113369,2019,2500,10000,12500
71010312058,2019,51700,130500,182200
71014108354,2019,10700,152000,162700
80924427027,2019,11000,187500,198500
80924429065,2019,13300,204100,217400
70923156751,2019,5000,10000,15000
71007110184,2019,144300,480000,624300
81031228051,2019,0,0,0
80926108170,2019,53400,139500,192900
70921220152,2019,124900,328800,453700
70918321559,2019,0,2000,2000
81031201081,2019,58700,147000,205700
80925121933,2019,800,1200,2000
70913407081,2019,391000,443000,834000
71021221123,2019,59400,179700,239100
60812106280,2019,79200,157100,236300
70823400852,2019,0,0,0
70923203023,2019,208000,613000,821000
71009318158,2019,64300,163400,227700
80926202055,2019,57700,185100,242800
70828119250,2019,105800,176600,282400
70826421920,2019,0,4000,4000
70921112094,2019,124400,304700,429100
71021113932,2019,0,1000,1000
70919205108,2019,128600,102300,230900
60812214182,2019,19100,192300,211400
70823210368,2019,120200,322800,443000
70932106242,2019,127900,461900,589800
70912415069,2019,9000,91300,100300
70823212166,2019,71100,151800,222900
70919310064,2019,105700,168600,274300
70928101256,2019,96000,311900,407900
81028115021,2019,57100,162000,219100
60802302179,2019,93900,194100,288000
60903201171,2019,77900,157100,235000
70824415397,2019,18700,120900,139600
71035207060,2019,43900,210100,254000
80926105407,2019,54000,128900,182900
70920403204,2019,114400,239100,353500
71035300971,2019,80900,122600,203500
70930104321,2019,88200,279500,367700
60901202080,2019,60500,136900,197400
70921125089,2019,124400,446000,570400
70922309137,2019,147800,328200,476000
71007204177,2019,70800,329700,400500
70912402199,2019,83200,236300,319500
70920112095,2019,107100,288100,395200
60801121025,2019,68800,129600,198400
60802302492,2019,105900,217400,323300
70935301162,2019,28000,477000,505000
60802421052,2019,74100,253000,327100
70824110062,2019,266400,328600,595000
70918322094,2019,0,2000,2000
70920404070,2019,116100,222900,339000
70920302026,2019,159600,333900,493500
70923141679,2019,200,3600,3800
70928314057,2019,144800,509800,654600
60812321250,2019,19600,166900,186500
80924406956,2019,400,1600,2000
71003205129,2019,57300,187800,245100
70927403017,2019,0,0,0
70920303090,2019,129200,390700,519900
71007105200,2019,131100,300000,431100
71007101109,2019,114800,273400,388200
70933201439,2019,147200,351700,498900
80924442835,2019,400,3100,3500
81030312194,2019,70500,406100,476600
70921120013,2019,144200,366100,510300
70920103151,2019,133500,217300,350800
70827107066,2019,42000,332900,374900
70932401030,2019,129300,333300,462600
70922428094,2019,134100,215500,349600
70931202067,2019,69900,155400,225300
81027203215,2019,359000,791000,1150000
70814303239,2019,0,0,0
70834201207,2019,90000,261900,351900
71014213278,2019,62900,200600,263500
71011303212,2019,62400,193500,255900
70929419012,2019,97700,298200,395900
71005224193,2019,62000,109200,171200
70923174315,2019,3300,11700,15000
70823113299,2019,89400,266100,355500
70824410066,2019,106700,380300,487000
80925113691,2019,800,1200,2000
70923209146,2019,0,0,0
80924426160,2019,9900,170700,180600
70930302090,2019,297000,331000,628000
70923140473,2019,1500,13500,15000
70814421099,2019,15200,216000,231200
81034304098,2019,44000,140000,184000
70929412040,2019,88600,216400,305000
71010313155,2019,55700,172100,227800
70833102159,2019,133600,360200,493800
70920108325,2019,129000,271300,400300
71006204160,2019,50500,116700,167200
70920403072,2019,111800,236000,347800
60801312070,2019,71000,246500,317500
70815309161,2019,123800,387200,511000
70914418110,2019,219700,791900,1011600
71005309094,2019,47900,149700,197600
70918306014,2019,82800,159200,242000
70931310307,2019,132000,215000,347000
80924424669,2019,400,3100,3500
70826422259,2019,0,4000,4000
81021305132,2019,55300,216200,271500
70833108149,2019,82100,220400,302500
71005232154,2019,46300,176500,222800
81016204084,2019,0,0,0
70921132034,2019,34100,134600,168700
71005312104,2019,55800,179800,235600
80926302029,2019,67100,193500,260600
70920103078,2019,111900,259200,371100
71007221163,2019,124500,335400,459900
60903208226,2019,14900,99600,114500
71005339108,2019,104100,360600,464700
70919102031,2019,140200,194300,334500
70913434654,2019,0,1900,1900
71007115093,2019,79600,227500,307100
70930407014,2019,83500,224300,307800
70932112041,2019,84900,172100,257000
60811106091,2019,105500,304300,409800
70821204016,2019,116000,396100,512100
71015202163,2019,34700,181300,216000
70920219924,2019,0,0,0
71010314145,2019,46400,161800,208200
71006204045,2019,86700,80500,167200
70929116113,2019,118500,340900,459400
70833111209,2019,91300,290000,381300
70929223033,2019,92800,224400,317200
81026355405,2019,0,0,0
81028113190,2019,65100,233900,299000
80924437985,2019,400,1600,2000
70826315181,2019,46100,254000,300100
80925119087,2019,12200,291000,303200
70825103024,2019,440000,460000,900000
71035105040,2019,73200,286300,359500
70824415131,2019,18700,113700,132400
70926402094,2019,76900,266300,343200
70922346379,2019,0,15000,15000
71001302076,2019,65300,181500,246800
70814420257,2019,15200,163000,178200
70928117443,2019,104300,262400,366700
70920405143,2019,126900,137600,264500
70823413178,2019,20300,151400,171700
70834428075,2019,20300,155200,175500
70826412614,2019,10000,75400,85400
71002443093,2019,100,0,100
70835209052,2019,78200,197800,276000
80924432894,2019,400,1600,2000
70932205143,2019,65300,155700,221000
71027409062,2019,56500,199400,255900
71007309125,2019,91100,276200,367300
60801219044,2019,69800,176800,246600
60801303053,2019,73700,132900,206600
60801119153,2019,67400,163100,230500
70928101149,2019,101500,280400,381900
80924406906,2019,400,1600,2000
70920112144,2019,119100,235600,354700
71005328135,2019,84900,218300,303200
70923140506,2019,1500,13500,15000
71005206018,2019,51000,94400,145400
71003308030,2019,55100,173400,228500
70931415024,2019,70300,156500,226800
71011305078,2019,65500,201900,267400
70922437011,2019,48000,352000,400000
71009404014,2019,66700,131900,198600
70823113273,2019,89000,281000,370000
70821217035,2019,0,0,0
70923168813,2019,6500,18500,25000
70913350462,2019,0,15000,15000
70936401078,2019,65000,134800,199800
70931301124,2019,122200,144200,266400
70931309186,2019,99000,177900,276900
81032309107,2019,44400,130600,175000
80924404752,2019,400,1600,2000
70920216293,2019,10700,349700,360400
70918321822,2019,0,2000,2000
70931212024,2019,78900,189800,268700
70930108042,2019,0,0,0
70834201281,2019,84100,220900,305000
70929403164,2019,87300,226900,314200
70932207032,2019,14000,106400,120400
80925219093,2019,64600,115000,179600
70912431015,2019,9000,91300,100300
70923219054,2019,422000,1966000,2388000
60812329353,2019,13400,155200,168600
70824401122,2019,130300,398800,529100
60802420046,2019,13100,122000,135100
71004302099,2019,49200,150500,199700
81032418106,2019,34600,117400,152000
81026350124,2019,53000,226300,279300
70825201208,2019,583000,59000,642000
70913414309,2019,125000,624000,749000
70913112218,2019,75400,118900,194300
70833205531,2019,30900,267900,298800
71003314160,2019,48400,133000,181400
81034203018,2019,0,0,0
71007305157,2019,108300,376500,484800
80924418927,2019,400,1600,2000
60901202329,2019,60100,163400,223500
70921402057,2019,123800,290700,414500
70919216189,2019,84300,113000,197300
70921105263,2019,89300,190000,279300
80924105061,2019,80100,196700,276800
70928117401,2019,105300,296800,402100
71001404103,2019,62500,144200,206700
71007223060,2019,99200,401800,501000
81033308281,2019,6300,64800,71100
71030210133,2019,82000,180900,262900
71008105176,2019,40400,175400,215800
71003217017,2019,725000,4164000,4889000
60812405054,2019,81100,186500,267600
70928203094,2019,89900,372600,462500
80924416054,2019,9900,140300,150200
60811439195,2019,20000,185200,205200
81032108088,2019,0,0,0
71009104143,2019,54100,128600,182700
71014215638,2019,7800,119500,127300
70913406067,2019,184000,69800,253800
71009107147,2019,54100,135900,190000
81028101161,2019,59400,156400,215800
81031410129,2019,43200,141600,184800
71011204246,2019,32800,205500,238300
60801226205,2019,16200,158400,174600
70821215055,2019,163000,77000,240000
70828111090,2019,98100,221900,320000
80924439832,2019,400,1600,2000
70923153236,2019,1300,23700,25000
70835308010,2019,81300,198700,280000
80925106167,2019,53500,161500,215000
71002103069,2019,0,0,0
70921113274,2019,111100,276900,388000
70926102173,2019,80000,219800,299800
60801218187,2019,75600,141200,216800
60811302110,2019,0,0,0
71004314135,2019,56400,176900,233300
71011119338,2019,0,0,0
70920418039,2019,107200,272000,379200
70824205095,2019,125100,323700,448800
70814424241,2019,92300,284500,376800
70913428136,2019,106000,302800,408800
81023206015,2019,190000,0,190000
70826410436,2019,67900,177300,245200
70932114021,2019,169800,395200,565000
80925122965,2019,800,1200,2000
70926204036,2019,78300,218700,297000
71010211010,2019,54700,142900,197600
81033300972,2019,762000,2162200,2924200
70828318092,2019,13700,0,13700
60802309068,2019,93400,208300,301700
70929109134,2019,89900,265900,355800
70932209012,2019,20800,117800,138600
60802305123,2019,13800,192200,206000
71011208371,2019,23900,211700,235600
71007220123,2019,115300,99400,214700
81032104127,2019,23300,124200,147500
71005321212,2019,101400,0,101400
60802302509,2019,94100,219200,313300
70927102057,2019,62500,337500,400000
81028304012,2019,0,0,0
70923315050,2019,55500,220900,276400
81027205013,2019,552000,904000,1456000
70829111221,2019,71300,0,71300
70932110128,2019,136300,266400,402700
71005409092,2019,41800,101700,143500
70928312027,2019,122900,188500,311400
71006316014,2019,311000,774500,1085500
70923124162,2019,135600,293600,429200
70814308114,2019,113700,292100,405800
70933204087,2019,157700,556800,714500
70836302045,2019,63400,146600,210000
70913346297,2019,124800,780000,904800
71004317139,2019,54700,155300,210000
70926401153,2019,80600,218900,299500
71006111068,2019,38700,254300,293000
71011219047,2019,436000,2499000,2935000
81028105056,2019,58600,131700,190300
71011108331,2019,30000,225600,255600
71012209021,2019,58500,203500,262000
71035200923,2019,103200,0,103200
60801402079,2019,72600,138500,211100
70901105027,2019,67700,155600,223300
70921221192,2019,131100,347400,478500
71002418591,2019,100,0,100
71010220029,2019,25100,87600,112700
71006308128,2019,50100,162100,212200
80926110787,2019,35500,174800,210300
71003211043,2019,53100,122900,176000
70816403201,2019,181300,616100,797400
70921106089,2019,127600,204200,331800
70836105085,2019,70800,156900,227700
81032412116,2019,52800,140700,193500
70823408244,2019,53000,221600,274600
70929223322,2019,95200,304100,399300
70913414185,2019,72800,491200,564000
71006429031,2019,107200,405700,512900
81031211048,2019,43000,72500,115500
71009404139,2019,63300,115000,178300
70824207166,2019,110600,252900,363500
70823121078,2019,20000,103200,123200
71011402139,2019,106700,250900,357600
71020309219,2019,23800,160200,184000
71005331055,2019,116700,280100,396800
70914426056,2019,339000,1959000,2298000
81028119247,2019,8700,57100,65800
70920303230,2019,129600,368400,498000
81033209017,2019,0,0,0
70933201299,2019,66000,375000,441000
81028403129,2019,57100,126600,183700
60802311063,2019,95400,277500,372900
71006120077,2019,58700,166800,225500
80924408027,2019,9000,137700,146700
70816323037,2019,175200,674800,850000
70926117114,2019,80000,325600,405600
60812210073,2019,135000,505000,640000
70923309144,2019,62500,228500,291000
70923165778,2019,49900,217500,267400
70913103184,2019,100500,130900,231400
80924416830,2019,400,1600,2000
71007218029,2019,129400,343800,473200
70931304079,2019,99000,177900,276900
71035205238,2019,71400,241600,313000
71005106101,2019,0,0,0
70824301091,2019,104100,218000,322100
70930406016,2019,75200,188100,263300
71010219014,2019,10600,84700,95300
70923164051,2019,44900,382200,427100
70921315010,2019,104600,161100,265700
81015105134,2019,58600,195300,253900
71009320236,2019,66000,11700,77700
71014213210,2019,60300,214000,274300
71015202204,2019,45200,224200,269400
70829401036,2019,13900,0,13900
71001309113,2019,57900,161300,219200
71014113121,2019,22200,133100,155300
70921127093,2019,14600,182900,197500
70923413234,2019,1700,16300,18000
70924219524,2019,0,25000,25000
71030202065,2019,260500,345900,606400
71006119070,2019,81600,191900,273500
71005232138,2019,53100,144800,197900
80936110074,2019,13800,99900,113700
71011407163,2019,104100,273800,377900
81027208116,2019,84800,154300,239100
70932109220,2019,181700,349300,531000
80925414263,2019,66500,157800,224300
70926214209,2019,131300,209200,340500
70930416114,2019,108200,227200,335400
81028122191,2019,8700,59100,67800
70835123484,2019,6500,74500,81000
70913106261,2019,109600,214700,324300
60801411088,2019,69900,222200,292100
70923202059,2019,213000,692000,905000
70814207168,2019,78000,162200,240200
71004301132,2019,62200,171300,233500
71021221173,2019,75000,163600,238600
70935202063,2019,66200,177800,244000
70828441025,2019,0,0,0
70824101144,2019,110600,193200,303800
70836213119,2019,11600,117800,129400
71005228145,2019,47100,187800,234900
70922441187,2019,13200,168100,181300
71011221117,2019,12000,215900,227900
70826414305,2019,16100,113800,129900
70920217340,2019,400,14600,15000
71015203179,2019,35200,211300,246500
70918410120,2019,151200,174800,326000
70919222178,2019,101300,135100,236400
71007116108,2019,87900,312600,400500
81034206236,2019,69700,151000,220700
70926202080,2019,180100,282200,462300
70922437293,2019,69400,317600,387000
70926417118,2019,48500,99700,148200
70823408062,2019,48500,247300,295800
70931416163,2019,104500,178800,283300
70836216014,2019,5500,97100,102600
71006407128,2019,68000,342100,410100
70929221045,2019,88300,118100,206400
70922236108,2019,211600,469600,681200
71003419184,2019,46000,191900,237900
81019200998,2019,105100,0,105100
81034412198,2019,67000,185100,252100
81022201016,2019,641500,4778500,5420000
70929212143,2019,73700,251100,324800
71010119181,2019,66800,225200,292000
71021224169,2019,74200,306900,381100
70918416102,2019,10500,111800,122300
81032403016,2019,47800,153300,201100
70922228014,2019,238700,616700,855400
71034104077,2019,80900,227000,307900
71011403054,2019,82800,229700,312500
71006439064,2019,12600,317400,330000
80925202220,2019,54900,140200,195100
80924425906,2019,400,1600,2000
70920402024,2019,144400,143400,287800
71002439084,2019,38800,241500,280300
81023306196,2019,35600,136200,171800
70834420055,2019,39600,188100,227700
71010104025,2019,55600,152200,207800
70913346586,2019,69900,321500,391400
60802312243,2019,106300,229200,335500
71005323044,2019,109100,221800,330900
60811116610,2019,18800,217000,235800
70935205132,2019,52500,81500,134000
60801208071,2019,70000,199100,269100
70923175016,2019,3300,11700,15000
71005232047,2019,46300,130800,177100
70920420274,2019,143600,82400,226000
70826417119,2019,21500,105200,126700
70924220208,2019,0,10000,10000
81026357089,2019,100,0,100
70920110065,2019,86900,153000,239900
71021107191,2019,61000,140600,201600
71015208062,2019,74300,168700,243000
81028110146,2019,59400,178600,238000
71016405063,2019,62400,136600,199000
70913323378,2019,156600,147700,304300
60811406136,2019,75400,203600,279000
70816309136,2019,171600,446200,617800
80925106175,2019,53500,154000,207500
81021301221,2019,53500,219200,272700
70926206016,2019,80600,276400,357000
81035117010,2019,37400,0,37400
70921203033,2019,286000,272000,558000
71009408024,2019,65500,111300,176800
70932410221,2019,75500,119500,195000
70826416153,2019,21500,118500,140000
71009109119,2019,69000,223700,292700
80925113055,2019,10900,228200,239100
60802312102,2019,98900,267000,365900
70820110107,2019,100,0,100
70826420865,2019,0,4000,4000
71005329159,2019,0,0,0
71005308187,2019,60300,250700,311000
80924423835,2019,400,1600,2000
71011404078,2019,92600,310000,402600
70920418328,2019,145600,183800,329400
70913210137,2019,96900,267100,364000
70836304215,2019,76500,151500,228000
70923166312,2019,108600,728600,837200
70836207162,2019,73700,304900,378600
70923301116,2019,1266000,2753000,4019000
70923136919,2019,1400,13600,15000
80925124979,2019,800,1200,2000
70914437532,2019,1100,5900,7000
70921205162,2019,85700,376300,462000
70834305124,2019,139700,346800,486500
80924439022,2019,13300,239100,252400
70929305203,2019,92400,184300,276700
70923160059,2019,8000,7000,15000
60802404016,2019,70400,189600,260000
70834405156,2019,109000,441000,550000
70920306284,2019,100900,278800,379700
60901201074,2019,60200,160000,220200
80935103038,2019,48700,177300,226000
81032301286,2019,31900,169800,201700
80926111040,2019,56300,139800,196100
81026358102,2019,100,0,100
70922321230,2019,145400,443900,589300
81028120707,2019,0,5000,5000
71011116128,2019,65800,359400,425200
70924211067,2019,0,0,0
71007230049,2019,7700,128200,135900
70923160504,2019,8000,7000,15000
70821302018,2019,400,0,400
70922345082,2019,73400,220900,294300
71014105061,2019,110000,430000,540000
70922342054,2019,183200,668400,851600
71006122172,2019,57200,71500,128700
70820110149,2019,100,0,100
71014119020,2019,63000,132000,195000
70914439504,2019,1000,4700,5700
70929123118,2019,20100,353100,373200
70932114089,2019,226900,345300,572200
70823404333,2019,35400,194100,229500
70823307230,2019,76300,181700,258000
80925116744,2019,800,1200,2000
60811409057,2019,78000,167100,245100
70936301195,2019,62300,120900,183200
80925202246,2019,55800,134300,190100
70919109011,2019,89700,164200,253900
60906208158,2019,60800,138100,198900
70913202069,2019,104800,308700,413500
70932406197,2019,80100,128200,208300
70923210151,2019,0,0,0
71005305034,2019,0,0,0
70824414349,2019,14600,113300,127900
71010409045,2019,56400,152400,208800
80925412449,2019,62100,110700,172800
80924417094,2019,8600,128200,136800
80926304108,2019,65000,232700,297700
60812313348,2019,33100,191300,224400
81019310101,2019,59800,167000,226800
70922432160,2019,38100,225500,263600
81028118398,2019,10100,89700,99800
81031213268,2019,56100,108300,164400
70922121010,2019,0,0,0
70929420100,2019,163200,359600,522800
71007316089,2019,42100,245900,288000
70920307092,2019,134300,239900,374200
80924419818,2019,400,1600,2000
70922215095,2019,186600,498200,684800
71005114039,2019,130000,2520000,2650000
70920105082,2019,106000,284000,390000
71011406115,2019,103700,293700,397400
80924409801,2019,400,1600,2000
70928108210,2019,167900,275800,443700
70820114076,2019,132500,0,132500
70928313124,2019,122900,253100,376000
80925220082,2019,54500,145500,200000
81034324096,2019,30000,110000,140000
71007212047,2019,76000,262400,338400
70932208064,2019,14200,133000,147200
80925205159,2019,56500,159800,216300
70932208155,2019,14200,136100,150300
70836413149,2019,74700,160000,234700
71002305178,2019,100,0,100
80925304050,2019,64500,152600,217100
81033201154,2019,47100,137400,184500
81028118637,2019,10800,92100,102900
81023207162,2019,33600,155800,189400
70930104016,2019,73200,188700,261900
70918201157,2019,164900,375500,540400
71014304192,2019,52300,238700,291000
70924221040,2019,20100,59300,79400
80926402225,2019,40400,157300,197700
70923412294,2019,1700,16300,18000
70923166289,2019,109100,689700,798800
71003410075,2019,54100,156100,210200
80926114325,2019,18300,122700,141000
70929401184,2019,90200,258200,348400
70914437722,2019,1100,5900,7000
81034107137,2019,60200,157600,217800
70923166122,2019,57500,315600,373100
71034102138,2019,60300,170100,230400
70828435052,2019,0,0,0
60903201139,2019,77900,142500,220400
70931208099,2019,76400,149900,226300
71020306158,2019,11900,123100,135000
60802203062,2019,0,0,0
71007315073,2019,123500,311400,434900
71007306014,2019,425200,320600,745800
70923143568,2019,44900,184100,229000
60802106183,2019,69100,190800,259900
71002411082,2019,100,0,100
71006135133,2019,0,0,0
70823113207,2019,89400,222500,311900
70923138329,2019,21100,213100,234200
81028101202,2019,60500,148700,209200
70815104032,2019,0,0,0
70922435180,2019,159800,391000,550800
70836307102,2019,72700,191800,264500
71027409070,2019,56500,211000,267500
70920408527,2019,129500,153400,282900
80926310014,2019,71100,0,71100
70933408019,2019,0,0,0
70913201144,2019,778300,178600,956900
70834216173,2019,0,0,0
71027414102,2019,0,0,0
81034107278,2019,58000,147300,205300
70921417238,2019,89300,292600,381900
70926403018,2019,61500,211500,273000
70923148708,2019,4200,800,5000
70823204014,2019,113600,238300,351900
70828117064,2019,85000,188800,273800
70930206010,2019,0,0,0
71011112035,2019,70700,176200,246900
71027412023,2019,0,0,0
71010313105,2019,55700,187900,243600
70823406149,2019,48300,175600,223900
60802413398,2019,59600,191700,251300
70923127140,2019,162800,170900,333700
81022106018,2019,957200,3218200,4175400
71015103212,2019,67300,120600,187900
80925411178,2019,50600,0,50600
70922324052,2019,127800,287700,415500
80936404112,2019,72700,155700,228400
70922441096,2019,13200,134000,147200
70833205226,2019,31000,253500,284500
70932102084,2019,143200,463000,606200
70919106041,2019,105600,223600,329200
70836410202,2019,57800,148200,206000
70920123042,2019,15200,119100,134300
60802115530,2019,14100,108200,122300
70932118073,2019,21800,117700,139500
71002405340,2019,61700,246200,307900
80925114128,2019,12600,176900,189500
70921213181,2019,78800,316300,395100
71001203034,2019,100,0,100
70901113640,2019,15500,84500,100000
80925114912,2019,800,1200,2000
70914303022,2019,0,0,0
71002306134,2019,9600,0,9600
60801305158,2019,70400,153100,223500
70923145423,2019,8000,7000,15000
60905214354,2019,4200,44600,48800
70922414184,2019,80200,117200,197400
81028115047,2019,57100,157100,214200
71016209085,2019,67300,148000,215300
80924427952,2019,400,1600,2000
71006128203,2019,51400,181300,232700
70836108047,2019,73300,148300,221600
70835317095,2019,98600,195300,293900
70913319111,2019,87200,239700,326900
71006401063,2019,65100,240200,305300
70935115034,2019,44000,359000,403000
71002418608,2019,100,0,100
70823408129,2019,43200,198000,241200
80924443643,2019,400,1600,2000
71010415117,2019,80000,215100,295100
70923206126,2019,2151000,20943000,23094000
70913321067,2019,69300,374700,444000
71009318041,2019,68800,191200,260000
70929206154,2019,84800,167200,252000
71022303053,2019,34000,118000,152000
70923143203,2019,44900,296800,341700
70913429043,2019,15400,396100,411500
71009407076,2019,61900,161500,223400
70824308112,2019,16000,144800,160800
70923164655,2019,44900,627500,672400
80924102067,2019,80400,292400,372800
70813334053,2019,26800,190200,217000
81021401063,2019,55600,154900,210500
70929306201,2019,87000,221700,308700
71005335122,2019,87500,319800,407300
70833411120,2019,46200,210800,257000
70826421665,2019,0,4000,4000
81021405148,2019,56100,150000,206100
71011118455,2019,30500,234600,265100
71009215031,2019,42700,151800,194500
80925204177,2019,55600,138100,193700
60801119020,2019,66700,161400,228100
71021103090,2019,56500,166000,222500
81034301151,2019,44000,154800,198800
70934301056,2019,253000,1522000,1775000
70824221017,2019,168800,254500,423300
70919219117,2019,89400,123100,212500
81022304167,2019,57400,128700,186100
71010401158,2019,56400,202000,258400
80924408142,2019,8000,135700,143700
70929215155,2019,128400,264400,392800
80924429073,2019,11800,197100,208900
71010310250,2019,48200,171800,220000
71005402335,2019,41900,206600,248500
60803105233,2019,107000,200000,307000
70920411132,2019,139800,164900,304700
71014301297,2019,58200,246200,304400
70932401163,2019,156400,199900,356300
80925215041,2019,55700,163900,219600
70913214246,2019,95500,90600,186100
70929206071,2019,78300,163300,241600
70936309298,2019,59500,152600,212100
80926205067,2019,63400,174000,237400
81031304041,2019,34500,0,34500
70823112051,2019,89400,220700,310100
70822300996,2019,0,0,0
70833119287,2019,104400,352100,456500
81026361056,2019,100,0,100
71003101046,2019,52000,160000,212000
71031100987,2019,0,0,0
70826408100,2019,67700,162800,230500
70823309038,2019,847000,3815000,4662000
81032418057,2019,36200,117100,153300
70922205038,2019,440000,290000,730000
60811420011,2019,19000,214200,233200
70922438217,2019,71500,275600,347100
60901203129,2019,59200,153700,212900
70920419235,2019,95500,184700,280200
70834104021,2019,48100,243800,291900
70836207120,2019,33400,128600,162000
70814426156,2019,90200,298000,388200
71003219047,2019,0,0,0
71010307091,2019,55400,155300,210700
81028121151,2019,0,0,0
70925204029,2019,57800,211500,269300
80924431804,2019,400,1600,2000
70821112037,2019,112500,335500,448000
60812201048,2019,77200,182800,260000
81016207038,2019,111500,30300,141800
70822414440,2019,17400,132900,150300
71002406281,2019,41400,206700,248100
71026303075,2019,932000,1789000,2721000
71016201148,2019,71300,137600,208900
60802106026,2019,69300,171200,240500
70918410039,2019,145400,173700,319100
60904108235,2019,94100,184500,278600
70813406018,2019,379000,262000,641000
70913405051,2019,116700,406800,523500
71002311076,2019,58700,276600,335300
70923413945,2019,0,5000,5000
70827102016,2019,0,0,0
70918406062,2019,120200,145500,265700
71034104126,2019,80000,176500,256500
70918416342,2019,9500,33800,43300
71015403084,2019,49700,123000,172700
70922430164,2019,112300,275100,387400
70834209053,2019,65100,222500,287600
70828445100,2019,0,0,0
70921311076,2019,85500,274900,360400
71003418178,2019,48600,148500,197100
70916200987,2019,0,0,0
70827304026,2019,0,0,0
71007216130,2019,88600,105400,194000
71007228284,2019,124400,105900,230300
70825300935,2019,0,0,0
81031222243,2019,45600,129300,174900
70834428067,2019,20300,166500,186800
71007316055,2019,50600,288000,338600
81023207047,2019,33600,158100,191700
70814104017,2019,98200,246700,344900
70918211065,2019,275000,175000,450000
70912414011,2019,9000,91300,100300
70918314033,2019,174500,0,174500
60902102015,2019,133600,746400,880000
70920212043,2019,132200,430200,562400
71006121091,2019,97800,122500,220300
80925402234,2019,56900,164600,221500
80925308333,2019,71200,108000,179200
80924437919,2019,400,1600,2000
70929426174,2019,95400,310800,406200
70823313104,2019,16300,120300,136600
71001331174,2019,68500,235400,303900
60811116123,2019,18800,208000,226800
70814206178,2019,100200,311100,411300
80924404835,2019,400,1600,2000
70816313046,2019,125700,294800,420500
70923407120,2019,0,0,0
70814103134,2019,94200,355100,449300
60801214078,2019,73500,165300,238800
70823107028,2019,76700,156300,233000
70826421623,2019,0,4000,4000
80926402259,2019,40400,160800,201200
70935207162,2019,45900,127500,173400
70823205012,2019,18100,239200,257300
70922408236,2019,131900,302500,434400
71002303205,2019,34900,202100,237000
70822414961,2019,15800,127200,143000
70919103097,2019,96400,269600,366000
81031210206,2019,41400,137200,178600
60812306111,2019,78100,236900,315000
70826211230,2019,18300,67000,85300
70813304189,2019,79600,201900,281500
60802304125,2019,109000,221500,330500
71010109059,2019,66800,183700,250500
70918222054,2019,85100,266800,351900
70814411058,2019,88300,206000,294300
70836204142,2019,71700,221700,293400
70931204146,2019,55300,158900,214200
81028200997,2019,0,0,0
71001104076,2019,66500,235100,301600
60801310206,2019,440000,476000,916000
70836213325,2019,11600,133400,145000
80924426079,2019,8600,169900,178500
70929201253,2019,110600,447500,558100
80926101182,2019,57100,139500,196600
70922438150,2019,78200,242300,320500
70913346445,2019,90300,518100,608400
70813404012,2019,120900,197500,318400
71011207183,2019,34200,211000,245200
81034310350,2019,68200,251800,320000
81019304237,2019,62600,120600,183200
71002107110,2019,9500,150100,159600
70920114041,2019,120200,199100,319300
70836401243,2019,63200,146800,210000
60812329204,2019,13400,154400,167800
81023310080,2019,35600,100100,135700
70919223192,2019,100900,169800,270700
70918415013,2019,10500,115400,125900
71011422038,2019,24900,162100,187000
70921421015,2019,107000,301200,408200
71006405247,2019,68000,245500,313500
71006443031,2019,11000,179000,190000
80926303077,2019,67400,211900,279300
71030210018,2019,93600,231400,325000
70828113103,2019,0,0,0
70829412083,2019,14300,0,14300
70834428174,2019,20300,164700,185000
70813320193,2019,14600,109400,124000
70929106099,2019,105700,188600,294300
70926411110,2019,0,0,0
71010105221,2019,55600,170100,225700
70923168532,2019,6500,18500,25000
71010216151,2019,18200,56800,75000
60801214036,2019,69300,183400,252700
70926101224,2019,82100,169700,251800
71016201099,2019,65400,132500,197900
81031415070,2019,36700,186100,222800
60901202262,2019,60400,157500,217900
80925219316,2019,57400,133000,190400
70923154317,2019,0,7500,7500
70919303118,2019,92900,216100,309000
70826417656,2019,8100,130400,138500
71006101134,2019,54700,127100,181800
71007215281,2019,94200,195100,289300
60812302193,2019,67500,172200,239700
80924304069,2019,69200,270800,340000
70918401038,2019,243500,81500,325000
80924306023,2019,71900,239200,311100
70918308995,2019,0,0,0
70923130143,2019,200200,127700,327900
71011128090,2019,73800,287900,361700
70926113104,2019,81100,227300,308400
60901201313,2019,61100,154900,216000
70924204046,2019,1379500,6497500,7877000
80925405212,2019,75200,203300,278500
70826100798,2019,654000,1216000,1870000
70928303068,2019,82400,204400,286800
80936120081,2019,14900,97100,112000
70923159200,2019,8000,7000,15000
70928308034,2019,87500,134000,221500
71003305226,2019,48800,156100,204900
70922406090,2019,136900,323100,460000
70823305151,2019,78100,217400,295500
70918314140,2019,205400,274200,479600
60812321127,2019,19600,155400,175000
70912424028,2019,9000,97900,106900
70824102027,2019,121500,352800,474300
80925403018,2019,53800,125700,179500
81030205175,2019,52800,108200,161000
71007305256,2019,99800,222800,322600
70920220046,2019,0,8600,8600
70836306055,2019,68500,141400,209900
71007304240,2019,101500,196400,297900
70828124051,2019,12900,265000,277900
71012215317,2019,17700,247400,265100
70825101078,2019,0,0,0
71003410132,2019,49600,170400,220000
70918319661,2019,20500,100000,120500
71005218120,2019,65100,86900,152000
81034325143,2019,30000,91900,121900
70936403016,2019,64700,148500,213200
70923225358,2019,0,0,0
70923164621,2019,44900,508800,553700
70931306231,2019,99000,153800,252800
60802104020,2019,80000,235600,315600
81031413058,2019,39600,111300,150900
70922310019,2019,156600,398300,554900
60812317069,2019,86100,237700,323800
70901109152,2019,51000,165200,216200
70920408460,2019,123200,172100,295300
70822414557,2019,11800,103700,115500
60811116082,2019,18800,202700,221500
70918105094,2019,0,0,0
81021416327,2019,0,0,0
71003203074,2019,53100,156600,209700
60802304208,2019,94100,252900,347000
70816314052,2019,150100,361900,512000
70828311145,2019,89800,224800,314600
70923201043,2019,216000,203000,419000
71010414010,2019,55000,182300,237300
60811204176,2019,105200,245800,351000
71034108160,2019,67200,158400,225600
70829103111,2019,0,0,0
71003320191,2019,48000,159000,207000
81021309085,2019,25000,87300,112300
70918320030,2019,20500,109100,129600
81030205430,2019,52800,109800,162600
70914422096,2019,640000,1786000,2426000
71014203196,2019,0,0,0
70913434505,2019,0,2300,2300
71035116047,2019,66100,269400,335500
70929112062,2019,104200,203800,308000
60801302104,2019,70600,196700,267300
81031415103,2019,36700,131200,167900
71003304179,2019,51700,156900,208600
71016204019,2019,67600,178300,245900
71020309300,2019,23800,170600,194400
71006205168,2019,102300,72500,174800
71007107272,2019,187000,352700,539700
71034107104,2019,66600,145800,212400
71027413021,2019,69000,172500,241500
70828101017,2019,41100,1000,42100
80924426798,2019,400,1600,2000
71002107087,2019,9500,175500,185000
70923408475,2019,41900,250500,292400
60811414113,2019,76100,190200,266300
80927401135,2019,232100,203900,436000
70823107218,2019,89000,211800,300800
70813333245,2019,26300,262300,288600
71003218099,2019,12100,72900,85000
60901203103,2019,61500,161700,223200
81026349036,2019,41100,259400,300500
71002438101,2019,45500,288600,334100
70836203095,2019,80200,213600,293800
81033201047,2019,38200,133100,171300
71002107839,2019,9500,163700,173200
70826211660,2019,10000,50000,60000
70821108151,2019,113500,392600,506100
80924311105,2019,82000,192200,274200
70813403022,2019,480800,319200,800000
70922325092,2019,110800,278200,389000
70923163657,2019,44900,373200,418100
80926409297,2019,12000,145100,157100
71021208105,2019,59800,155300,215100
71006416103,2019,53400,487700,541100
70835209185,2019,78200,226800,305000
70824222023,2019,31300,299700,331000
71010303148,2019,63000,141600,204600
70923161479,2019,8000,7000,15000
71010105122,2019,55600,161500,217100
81034107393,2019,62900,153500,216400
80924445962,2019,400,1600,2000
70824308047,2019,16000,145400,161400
70913325019,2019,0,0,0
70920301127,2019,132600,303200,435800
71011208074,2019,21200,213800,235000
70920302406,2019,144700,342800,487500
71034108079,2019,56400,213200,269600
80925410120,2019,58600,213100,271700
71012217165,2019,79500,284800,364300
60801404166,2019,74600,216800,291400
81031410012,2019,37600,142300,179900
71007101133,2019,114800,205500,320300
80926110795,2019,36500,162600,199100
71007225024,2019,105200,184000,289200
70913215020,2019,0,0,0
71021113065,2019,15100,94900,110000
70815304020,2019,1040000,7980000,9020000
70923152494,2019,59500,1564500,1624000
80924421102,2019,10500,173300,183800
70922438332,2019,107400,225800,333200
60905214247,2019,4200,47600,51800
71020306017,2019,12500,120000,132500
71015102024,2019,66100,142700,208800
71006406104,2019,68000,236500,304500
70929403346,2019,105900,302800,408700
70920123117,2019,15200,109800,125000
70833300977,2019,3000,0,3000
70917101324,2019,51500,245400,296900
70834102033,2019,63400,165600,229000
70926412126,2019,45600,85500,131100
70834301106,2019,170000,356000,526000
71004407104,2019,58500,146700,205200
70835119011,2019,17900,132100,150000
70835203244,2019,148100,398400,546500
70922438308,2019,131300,307800,439100
81030306204,2019,68500,150300,218800
80925408266,2019,59900,136100,196000
71006440079,2019,18700,133300,152000
70926201256,2019,52200,267900,320100
71015119318,2019,46000,199500,245500
70936410087,2019,58900,152400,211300
80926104128,2019,54500,126300,180800
60903202111,2019,88900,169900,258800
81030205323,2019,53800,115200,169000
70930408252,2019,75800,206900,282700
71003108133,2019,57300,159800,217100
80925118930,2019,800,1200,2000
70929309023,2019,91400,239700,331100
71015105177,2019,61100,144700,205800
70834427019,2019,25600,160000,185600
81034412099,2019,68900,153600,222500
70828405097,2019,0,0,0
60905213231,2019,0,0,0
60802104301,2019,89400,174800,264200
71003316124,2019,57300,217200,274500
70923170743,2019,2100,600,2700
70836416036,2019,58800,134800,193600
71007216289,2019,0,0,0
70923164324,2019,44900,184500,229400
80924408738,2019,400,1600,2000
71005335065,2019,105300,271200,376500
71003206052,2019,65700,207500,273200
71011113124,2019,73400,208300,281700
71030208378,2019,81700,159000,240700
70913215054,2019,380800,330600,711400
70823212257,2019,1915000,12295000,14210000
71015117049,2019,56400,182100,238500
80925121016,2019,12200,275600,287800
70920408345,2019,114700,133400,248100
70914442052,2019,56500,1618500,1675000
71006306205,2019,32700,197300,230000
70922347062,2019,113600,266400,380000
71009219132,2019,50300,138700,189000
70922117035,2019,0,0,0
70932419124,2019,32400,1000,33400
70932113031,2019,85500,113800,199300
70826421459,2019,0,4000,4000
80936408065,2019,69900,119000,188900
71021103199,2019,127000,316100,443100
60802316188,2019,18000,0,18000
81032414071,2019,44300,115800,160100
70932115178,2019,164500,328900,493400
70923162146,2019,8000,7000,15000
71006134284,2019,686000,1060000,1746000
71009314049,2019,66800,176500,243300
70913326067,2019,155800,297200,453000
81030312029,2019,58000,125000,183000
60811412349,2019,97900,199100,297000
70912409187,2019,76900,272100,349000
81023308118,2019,35600,136900,172500
81023304025,2019,35600,133400,169000
60802307153,2019,19400,190600,210000
71005112207,2019,57800,113200,171000
70922434231,2019,161700,238800,400500
81027110014,2019,36700,109400,146100
70929416290,2019,72300,276900,349200
71015111091,2019,46200,161600,207800
71012208164,2019,58500,237000,295500
81032430233,2019,270100,190100,460200
80924431812,2019,400,1600,2000
60803113278,2019,126300,312300,438600
70917101077,2019,57000,291400,348400
70836408116,2019,56400,155800,212200
71010414044,2019,55000,182300,237300
70828312036,2019,71000,282200,353200
71003202159,2019,61800,152100,213900
70928301137,2019,88200,221600,309800
71006212171,2019,71100,168900,240000
81032305139,2019,77000,373000,450000
70922439041,2019,73900,232900,306800
70931406015,2019,102700,191700,294400
80926308118,2019,62200,163100,225300
81033306045,2019,41400,120000,161400
70813320896,2019,400,2100,2500
71014215563,2019,7800,136800,144600
71006129201,2019,43300,128700,172000
70929306037,2019,89000,307900,396900
71010110171,2019,54200,182500,236700
70821107046,2019,0,0,0
71005315116,2019,68000,105000,173000
70825301016,2019,440000,770500,1210500
71006129384,2019,171000,1609000,1780000
71010207126,2019,53700,178000,231700
60802413520,2019,59600,172300,231900
80925202171,2019,54700,128300,183000
71005335081,2019,85000,220000,305000
70929201021,2019,83900,266100,350000
71011220036,2019,11300,161500,172800
70823404218,2019,41500,160700,202200
70936403173,2019,67700,117500,185200
70923141900,2019,200,700,900
60812323199,2019,28500,170400,198900
80925410039,2019,52700,131800,184500
70918408042,2019,290600,303100,593700
70928225204,2019,83900,267800,351700
70813310160,2019,15200,173900,189100
71003202133,2019,46000,161300,207300
70929116048,2019,101000,362900,463900
70913434547,2019,0,2300,2300
70921212026,2019,143500,338500,482000
80925207163,2019,55800,118600,174400
70829109143,2019,109900,49300,159200
70823313229,2019,16300,109400,125700
81032408058,2019,43900,163100,207000
70820104085,2019,100,0,100
71021223129,2019,62600,166100,228700
71015407119,2019,50700,170600,221300
70920218356,2019,400,14600,15000
70923173549,2019,3300,5900,9200
71015405288,2019,50500,208400,258900
80926112212,2019,55200,189900,245100
71015111281,2019,49000,159100,208100
70824212157,2019,179400,220300,399700
70833410156,2019,44700,506100,550800
70920218546,2019,400,14600,15000
70813326191,2019,143100,305000,448100
71011126151,2019,0,0,0
70929428120,2019,153600,279900,433500
71002312107,2019,61800,273400,335200
70923170818,2019,0,0,0
70919225156,2019,94000,185100,279100
80924417797,2019,400,1600,2000
70825403028,2019,688000,3332000,4020000
70822200972,2019,0,0,0
70921115262,2019,124400,231400,355800
70833111184,2019,91300,267100,358400
71001308032,2019,59300,194000,253300
71010106120,2019,61600,211600,273200
60812108145,2019,78500,171500,250000
70923153682,2019,1300,23700,25000
71010104356,2019,51200,163100,214300
70923169126,2019,6500,18500,25000
70926100987,2019,0,0,0
70933201041,2019,194600,428900,623500
70824401114,2019,130300,277800,408100
80925109252,2019,50900,144500,195400
70826414165,2019,16100,99000,115100
80936203142,2019,110600,530700,641300
70912402123,2019,100500,117600,218100
81031423130,2019,17500,162500,180000
70833402012,2019,163800,482700,646500
80936404071,2019,62000,233000,295000
81033203168,2019,347500,1878000,2225500
71008104053,2019,46200,177800,224000
70913309295,2019,0,0,0
70921315193,2019,99400,165600,265000
71011121010,2019,46700,206100,252800
70836401194,2019,61100,178900,240000
70834308201,2019,43600,387400,431000
80924430880,2019,400,1600,2000
70929408122,2019,90200,209800,300000
71007113039,2019,72900,236900,309800
70919215199,2019,88400,152900,241300
70922342088,2019,258700,588700,847400
70932103397,2019,124700,402900,527600
81034101072,2019,67600,200000,267600
60812110140,2019,78200,165400,243600
70913354290,2019,0,15000,15000
70922422179,2019,80600,286900,367500
70826422217,2019,0,0,0
70926107115,2019,76000,172200,248200
70921302041,2019,168700,386400,555100
80924430054,2019,12700,202500,215200
70922232122,2019,126900,300800,427700
71006128542,2019,227000,1563000,1790000
70821201103,2019,100,0,100
70924218138,2019,33900,449800,483700
81030305131,2019,57400,170900,228300
70922410059,2019,138300,207700,346000
70936408107,2019,60800,175700,236500
70836406095,2019,55100,149000,204100
70930413110,2019,75600,293700,369300
70923123354,2019,160600,343100,503700
80924425120,2019,8600,166800,175400
80926402150,2019,38800,146600,185400
70922403012,2019,341000,559000,900000
70926309018,2019,0,0,0
70913429019,2019,15400,218100,233500
81028119156,2019,8700,66000,74700
70923160174,2019,8000,7000,15000
70826421061,2019,0,4000,4000
70920419136,2019,94900,238500,333400
70824300960,2019,440000,1534000,1974000
70923171501,2019,3600,2700,6300
60803119391,2019,82600,409400,492000
71007302038,2019,163500,338000,501500
71007101018,2019,113900,210400,324300
80926200992,2019,93100,129000,222100
70923170769,2019,2300,400,2700
70919207013,2019,92900,234000,326900
70821111120,2019,112100,274400,386500
70921214163,2019,121200,266800,388000
71016409081,2019,61400,166600,228000
81026415100,2019,100,0,100
80924410874,2019,400,1600,2000
71006405015,2019,68000,271000,339000
70921125245,2019,124400,242300,366700
70918319174,2019,20500,113200,133700
70835306296,2019,79600,184500,264100
80926113145,2019,56200,152000,208200
70929217094,2019,90100,154300,244400
70834429015,2019,35700,162300,198000
70921301027,2019,85500,142100,227600
81034106303,2019,61600,155000,216600
70920127177,2019,21900,182500,204400
70912411033,2019,0,0,0
80925411110,2019,56200,125200,181400
71014202148,2019,67500,133500,201000
81026364050,2019,3300,0,3300
70924219582,2019,0,25000,25000
70920219297,2019,0,0,0
71003401082,2019,62900,162900,225800
71023301098,2019,0,0,0
60905102195,2019,53600,65200,118800
70918320296,2019,20500,125700,146200
70920218116,2019,400,14600,15000
71010105057,2019,57500,151800,209300
70923147354,2019,8000,7000,15000
60802111182,2019,86200,184200,270400
81034109208,2019,63200,167300,230500
80935101066,2019,56100,167000,223100
71014214143,2019,8100,130000,138100
70922324119,2019,171200,483600,654800
71007305248,2019,104300,376000,480300
70920111021,2019,82200,284600,366800
70923143120,2019,44900,174000,218900
70913354571,2019,0,2500,2500
70921213313,2019,70900,197400,268300
71010405027,2019,76000,133700,209700
80924413795,2019,400,1600,2000
70923165140,2019,14500,211000,225500
70836209077,2019,495000,285500,780500
60801101134,2019,56600,142000,198600
71014107223,2019,12300,192800,205100
71009212194,2019,51500,172000,223500
70922314053,2019,130200,394100,524300
70829103129,2019,85900,239100,325000
60811116199,2019,18800,213100,231900
70926300884,2019,0,0,0
71012222023,2019,14800,127900,142700
70920302472,2019,132300,303600,435900
71034102170,2019,74200,198400,272600
71015211023,2019,58400,217100,275500
70926404230,2019,80600,128900,209500
80925118716,2019,800,1200,2000
80924436060,2019,13300,234800,248100
80924429859,2019,400,1600,2000
71007205117,2019,12000,61100,73100
71014203500,2019,57400,172500,229900
71006116266,2019,47200,164000,211200
70928219273,2019,128000,287900,415900
70923123429,2019,149100,195000,344100
71003319160,2019,56400,204500,260900
70824311222,2019,14100,110400,124500
60801315032,2019,76700,261300,338000
81030312285,2019,56000,133900,189900
71003411106,2019,54800,163100,217900
70824311389,2019,14100,145900,160000
70836208095,2019,69000,190700,259700
70913402180,2019,93600,366300,459900
70813309254,2019,108000,278900,386900
60804103038,2019,88700,287800,376500
80924418133,2019,9900,165500,175400
71003214196,2019,53100,194600,247700
70922322022,2019,159700,356200,515900
81030205216,2019,48000,98400,146400
80926303019,2019,71400,213800,285200
70835123054,2019,6500,70800,77300
71005307098,2019,50300,154800,205100
70826419157,2019,0,4000,4000
60905213281,2019,4200,43700,47900
60812302094,2019,67500,175500,243000
80924436995,2019,400,1600,2000
70836205041,2019,69900,212800,282700
70934307038,2019,435000,1743500,2178500
71011204238,2019,32800,208100,240900
70913222075,2019,11700,478800,490500
70918202056,2019,684800,515200,1200000
71011118059,2019,30500,236900,267400
71034108061,2019,52700,155100,207800
70822105453,2019,714000,5146000,5860000
70921219212,2019,135500,201600,337100
71004403136,2019,45300,130000,175300
80924440673,2019,400,1600,2000
71010209304,2019,56200,167500,223700
70928103244,2019,106000,248200,354200
70922315027,2019,159000,303300,462300
81034104076,2019,67400,197700,265100
71010114123,2019,57000,156900,213900
81030306163,2019,70400,159000,229400
70931206085,2019,73200,265000,338200
71001314104,2019,64400,238600,303000
70825306016,2019,0,0,0
81030312269,2019,56000,142700,198700
71010103100,2019,58900,175200,234100
71005203121,2019,68000,471000,539000
70926415196,2019,49600,196400,246000
70923168061,2019,6500,18500,25000
81021418026,2019,28000,114000,142000
60812406151,2019,76900,168000,244900
70822102045,2019,90800,218500,309300
70935103112,2019,44500,59500,104000
71015106258,2019,61100,132100,193200
70923168558,2019,6500,18500,25000
70919218094,2019,108700,140800,249500
81021302401,2019,49400,174900,224300
81023209134,2019,0,1200,1200
70921128075,2019,33300,192800,226100
70919409172,2019,95900,215500,311400
81035111088,2019,100,0,100
80925403183,2019,61100,128200,189300
80925412366,2019,69200,174100,243300
70836407069,2019,61000,154200,215200
71003402155,2019,46800,157800,204600
60906206011,2019,61600,163400,225000
70813320458,2019,14600,108400,123000
70913201136,2019,554400,202300,756700
70929220104,2019,87900,227100,315000
71010211119,2019,62500,163000,225500
60802303119,2019,93900,218500,312400
71004407229,2019,46500,133200,179700
71014210092,2019,65000,220300,285300
71006406055,2019,68000,245200,313200
70926208020,2019,72000,359000,431000
60801312301,2019,79300,247400,326700
70931310365,2019,0,0,0
60812202260,2019,82800,168800,251600
70834308904,2019,27900,332100,360000
81021413133,2019,53600,154300,207900
60812214083,2019,19100,204800,223900
71016104102,2019,64800,130100,194900
71003419093,2019,42700,184400,227100
71010301035,2019,55400,132200,187600
60811114292,2019,107900,294100,402000
70922212075,2019,167300,596300,763600
70934309034,2019,15700,99300,115000
60811117014,2019,19100,233700,252800
71005231073,2019,47500,164800,212300
70918102066,2019,627000,321000,948000
71011305185,2019,64600,155200,219800
71035106048,2019,67100,219500,286600
81015107073,2019,62200,178900,241100
71009319031,2019,67500,203000,270500
70836411119,2019,61600,151700,213300
70932423191,2019,51100,78600,129700
71006306213,2019,32000,225000,257000
81034309080,2019,62100,120900,183000
70913415018,2019,96400,301300,397700
70835303177,2019,85900,213300,299200
71016103063,2019,63500,144700,208200
71005223301,2019,63400,202300,265700
70835317029,2019,98600,198700,297300
70836115042,2019,85700,202100,287800
70836202112,2019,67500,154600,222100
71016206164,2019,69100,164500,233600
70814312032,2019,26100,276800,302900
80936410052,2019,70300,126800,197100
70923117224,2019,3900000,27845000,31745000
70824414042,2019,14100,91700,105800
70935307095,2019,4900,52600,57500
80924432068,2019,11800,214600,226400
71003418053,2019,45800,149400,195200
70828431109,2019,0,0,0
70918310049,2019,127300,104700,232000
70922237049,2019,196200,544000,740200
70920123919,2019,500,2500,3000
70814422089,2019,94300,250800,345100
70826406013,2019,0,0,0
81034206111,2019,67800,167100,234900
71021215150,2019,52400,131400,183800
80925124010,2019,12200,275600,287800
81027107152,2019,36700,116400,153100
60801419412,2019,16600,187500,204100
70836304083,2019,0,0,0
70920406084,2019,131300,207900,339200
71006446209,2019,3000,35000,38000
70833116027,2019,85100,264300,349400
70825204195,2019,1090000,2700000,3790000
70829107080,2019,79900,319000,398900
70921417270,2019,151400,314700,466100
71007201272,2019,90400,319500,409900
71011407204,2019,102500,307000,409500
70920217986,2019,400,14600,15000
71016201081,2019,66300,124600,190900
70923146257,2019,8000,7000,15000
81030207080,2019,64000,218000,282000
60905101022,2019,48600,113400,162000
70823102276,2019,73600,256200,329800
70929306087,2019,89000,230700,319700
70918224068,2019,18100,98200,116300
71014107215,2019,12300,181600,193900
80925401179,2019,57600,161400,219000
70836420144,2019,71200,178800,250000
80935101181,2019,51800,156300,208100
70919205041,2019,89000,163200,252200
80925401236,2019,60100,162600,222700
70816321106,2019,64200,249300,313500
70921122019,2019,120900,393900,514800
60802309026,2019,95400,224100,319500
70814402130,2019,83300,224800,308100
60811103196,2019,96000,289000,385000
81034414194,2019,66800,225800,292600
80925103155,2019,58800,162700,221500
70926215033,2019,86800,221200,308000
60812327167,2019,6000,86400,92400
80924421714,2019,400,1600,2000
70922301068,2019,141100,267900,409000
70824415107,2019,11300,74900,86200
70921403229,2019,144600,439000,583600
70919410327,2019,109300,356500,465800
81028121440,2019,10100,82900,93000
71006123089,2019,44600,159600,204200
71035107088,2019,68100,247900,316000
70923130151,2019,199800,120500,320300
70926412043,2019,46400,90400,136800
70834410030,2019,0,0,0
71004408326,2019,64500,138200,202700
71007112320,2019,84100,363100,447200
71009225238,2019,0,0,0
71016108146,2019,61500,125500,187000
60812111354,2019,93300,250000,343300
70912408121,2019,100500,265200,365700
70929308075,2019,105600,261200,366800
71021221157,2019,79100,208700,287800
71006409091,2019,68000,222700,290700
71003407329,2019,53400,239300,292700
71016419030,2019,264000,682800,946800
70836114284,2019,80900,196800,277700
70914439322,2019,1000,7900,8900
60803104201,2019,103200,229600,332800
80925413067,2019,52700,184200,236900
70913219014,2019,16100,214900,231000
70918212039,2019,110600,128200,238800
70823113166,2019,89400,225900,315300
71009313091,2019,105800,93900,199700
70816402120,2019,175100,656000,831100
70828421150,2019,0,0,0
71015402044,2019,180000,0,180000
60804102056,2019,89000,360900,449900
80925403191,2019,62100,134200,196300
81034110106,2019,66900,155100,222000
70918312186,2019,155100,263400,418500
71009309066,2019,61700,123700,185400
70835124606,2019,500,1500,2000
70931302354,2019,106900,139400,246300
70929420150,2019,153500,377800,531300
80924310016,2019,64400,275900,340300
70833407046,2019,44700,466000,510700
60802312152,2019,98100,214000,312100
70814104207,2019,105500,239200,344700
70814420017,2019,15200,158500,173700
70913322099,2019,1120000,2990000,4110000
70920415035,2019,127100,222100,349200
71007201090,2019,118200,271200,389400
70824212115,2019,317500,169600,487100
71016115092,2019,59100,105700,164800
80926107073,2019,54000,125700,179700
70932303012,2019,75000,1000,76000
81031203029,2019,48000,142000,190000
60903210065,2019,19200,94100,113300
70932417201,2019,53000,109000,162000
71010102037,2019,52400,242300,294700
80935103161,2019,69600,131200,200800
81034103119,2019,68600,161800,230400
71001107012,2019,47600,197500,245100
70820103095,2019,0,0,0
70901113319,2019,17800,99200,117000
70834214466,2019,40800,388800,429600
70923140449,2019,1500,13500,15000
60812111495,2019,84500,266900,351400
71005108149,2019,65700,133300,199000
71005410031,2019,54600,138400,193000
80926110092,2019,59400,114500,173900
70836403067,2019,67900,156600,224500
80936119042,2019,14900,97700,112600
60811411177,2019,84400,248900,333300
80924419983,2019,400,1600,2000
80925410170,2019,59900,145500,205400
71015108014,2019,57500,136000,193500
81027101013,2019,3476000,4109000,7585000
70935115109,2019,49900,122700,172600
70923163962,2019,44900,483100,528000
60802112304,2019,87900,195400,283300
71006128518,2019,48800,202900,251700
70920220137,2019,0,11300,11300
70936311053,2019,60200,186700,246900
70921415076,2019,94000,430500,524500
70923164415,2019,44900,463600,508500
71003408103,2019,50800,207100,257900
80925112859,2019,800,1200,2000
71015103171,2019,68600,167300,235900
70923410131,2019,0,0,0
70901105209,2019,54500,160300,214800
80936200974,2019,0,0,0
70931304011,2019,104200,229300,333500
70920410481,2019,127600,381900,509500
70923152395,2019,44100,809700,853800
71010104322,2019,57500,146200,203700
71009409080,2019,63900,128000,191900
70825105012,2019,352000,716000,1068000
70826421087,2019,0,4000,4000
60801312236,2019,72600,196900,269500
80926110167,2019,0,0,0
71007224266,2019,95200,246600,341800
70931308089,2019,99100,150400,249500
70920214031,2019,18100,229200,247300
70923143617,2019,44900,410200,455100
70913310094,2019,94600,182800,277400
70815309195,2019,63400,385600,449000
71002437070,2019,46700,253600,300300
60802112370,2019,93800,163900,257700
70936308076,2019,71000,0,71000
60802306121,2019,19400,183600,203000
70920301078,2019,129300,372200,501500
70822111046,2019,77600,227800,305400
71005216025,2019,54000,481000,535000
71021225183,2019,67500,237800,305300
80925306262,2019,62900,137800,200700
80924437927,2019,400,1600,2000
70932108173,2019,0,0,0
60803113103,2019,129800,293600,423400
70918415716,2019,10500,108400,118900
81031212187,2019,37600,73300,110900
80936107013,2019,14900,99900,114800
70912402066,2019,139400,120600,260000
71002418137,2019,70000,347000,417000
81031207245,2019,22800,133300,156100
70920402066,2019,136400,274200,410600
81034319013,2019,30000,175000,205000
70924201373,2019,0,0,0
71014214416,2019,8100,129000,137100
71021215019,2019,125200,574000,699200
60804207012,2019,77600,0,77600
70828411078,2019,0,0,0
81021407045,2019,51700,197700,249400
80924427035,2019,8600,158400,167000
71005214243,2019,44800,136200,181000
70928303018,2019,149900,142600,292500
70921409136,2019,142900,361200,504100
70901105324,2019,61200,172100,233300
71006113270,2019,60800,231500,292300
81021413159,2019,53000,139800,192800
60801312088,2019,73200,248700,321900
71005227098,2019,48500,157600,206100
71009211162,2019,65600,172200,237800
70922325034,2019,178100,474900,653000
70926411037,2019,52400,81600,134000
71003317130,2019,54000,118400,172400
71007225347,2019,89800,168900,258700
71015201264,2019,72900,272600,345500
70928113160,2019,0,0,0
70914424092,2019,1643000,12957000,14600000
70816402013,2019,178800,382800,561600
70813113027,2019,100700,213400,314100
70921403310,2019,142900,350900,493800
70931204089,2019,74800,151900,226700
71015206222,2019,80000,247000,327000
71014307162,2019,63600,172900,236500
70929124025,2019,0,10000,10000
60905107161,2019,51800,128800,180600
70920307258,2019,97200,213000,310200
70935205257,2019,0,0,0
81019304089,2019,59200,175000,234200
70920218364,2019,400,14600,15000
70920306309,2019,100300,325300,425600
70923131183,2019,66300,303400,369700
81034308123,2019,0,0,0
70834308566,2019,26000,270000,296000
60812304248,2019,73800,199600,273400
70826412870,2019,8200,61800,70000
60904109069,2019,96700,283300,380000
70913326116,2019,31000,366200,397200
70834214911,2019,42300,0,42300
70935210016,2019,111900,216100,328000
80924412903,2019,400,1600,2000
70923113173,2019,119000,413200,532200
70920420216,2019,114400,159000,273400
70914437269,2019,1100,5900,7000
71006207031,2019,104400,133100,237500
71011112051,2019,70500,183400,253900
70836216238,2019,5500,95200,100700
70928212235,2019,97800,209800,307600
70923142239,2019,44900,272300,317200
70816406148,2019,163600,436700,600300
70922422153,2019,98600,240700,339300
60812107022,2019,78500,173200,251700
81028111235,2019,65100,130900,196000
80925119053,2019,12200,275600,287800
70835302137,2019,113700,266300,380000
71015113055,2019,46400,144600,191000
70815306042,2019,204400,347500,551900
70821109109,2019,90200,283800,374000
70823403111,2019,33300,208500,241800
71010406059,2019,55900,144900,200800
70828314082,2019,0,0,0
70921116054,2019,122900,277800,400700
81021109162,2019,74800,270300,345100
70824415371,2019,14500,90200,104700
70823104016,2019,0,0,0
70936407266,2019,59600,169900,229500
70914437566,2019,1100,5900,7000
71009319049,2019,68800,139500,208300
71002417197,2019,15500,0,15500
81034106030,2019,65800,221700,287500
71004404043,2019,48300,174900,223200
71010415216,2019,74700,197000,271700
71010213107,2019,55700,112500,168200
70814405134,2019,85900,224100,310000
70929111303,2019,101700,189300,291000
70913314236,2019,104600,287700,392300
70926202246,2019,80000,185600,265600
60804102155,2019,417000,5201000,5618000
60811402340,2019,79300,224300,303600
70920304303,2019,92800,177900,270700
81032430168,2019,121000,326000,447000
60812120074,2019,78200,163000,241200
71005308195,2019,47900,352100,400000
71007303177,2019,104300,369300,473600
71010208017,2019,55000,182200,237200
70816414224,2019,13100,228500,241600
71005332011,2019,78200,178000,256200
71009401060,2019,63300,138700,202000
81034404046,2019,62300,194200,256500
70914437409,2019,1100,5900,7000
71016208079,2019,68000,212900,280900
71009316045,2019,68800,181700,250500
80924412135,2019,9300,139800,149100
70912405218,2019,113900,309400,423300
71035104026,2019,80200,198900,279100
80926306203,2019,64100,209800,273900
81030212120,2019,45600,133900,179500
71006416187,2019,0,0,0
81034202127,2019,68400,243300,311700
71010212349,2019,55900,205900,261800
70918223143,2019,105600,123500,229100
70921129015,2019,0,0,0
70833208030,2019,101900,272500,374400
70923123205,2019,89400,260600,350000
81028402048,2019,57100,121500,178600
81031210149,2019,47500,160000,207500
70922224187,2019,167300,515800,683100
71004313111,2019,57200,142900,200100
70923413961,2019,0,5000,5000
70828407051,2019,0,0,0
71007222145,2019,438700,237000,675700
70922427012,2019,140000,410000,550000
71007302145,2019,113100,305100,418200
70823110378,2019,89400,192000,281400
70823118174,2019,12800,98200,111000
70926214176,2019,86800,249700,336500
70836307144,2019,66000,166600,232600
60802105127,2019,64000,176400,240400
70923167526,2019,6500,18500,25000
70826419040,2019,0,4000,4000
70922440270,2019,113500,268900,382400
70926116091,2019,78300,254300,332600
70920217861,2019,400,14600,15000
71034103516,2019,80100,188500,268600
70816320116,2019,189600,694400,884000
80924443031,2019,13200,251200,264400
81031224174,2019,47400,113600,161000
71009315112,2019,68800,92200,161000
81023304306,2019,35600,152700,188300
81034406018,2019,69100,173500,242600
71003304210,2019,58700,186200,244900
70834427118,2019,21500,126600,148100
71011124121,2019,41300,307100,348400
70836313050,2019,15700,174700,190400
70936302226,2019,0,0,0
70928322141,2019,185900,443400,629300
70823402270,2019,33300,241600,274900
71035204199,2019,64900,225100,290000
81014303284,2019,11300,0,11300
70836208201,2019,0,0,0
81034103226,2019,66600,201200,267800
80935104193,2019,62800,210100,272900
60812121379,2019,84500,198900,283400
70835122072,2019,6500,72300,78800
60802405163,2019,64400,154000,218400
71010101146,2019,55100,153700,208800
81032409171,2019,39800,148800,188600
80936410010,2019,0,0,0
71016408067,2019,63600,160800,224400
71011404135,2019,103700,291100,394800
70914438598,2019,2200,22800,25000
71030211032,2019,87600,232700,320300
81026357071,2019,100,0,100
70914437954,2019,2200,17300,19500
70836206099,2019,88400,223200,311600
60906110197,2019,58900,184400,243300
80925401054,2019,57400,140400,197800
71006308201,2019,69200,130900,200100
71016417117,2019,105000,590000,695000
71027408014,2019,67300,188100,255400
71011408062,2019,136700,301900,438600
80925217021,2019,58000,162200,220200
70834422077,2019,25500,185500,211000
71007105234,2019,90400,208900,299300
71001320036,2019,64400,219700,284100
71007225107,2019,99200,210800,310000
70836206164,2019,72100,173800,245900
70836406251,2019,61000,136500,197500
60812207393,2019,79900,232100,312000
70813333196,2019,26300,245000,271300
81028118249,2019,10100,88700,98800
71005330015,2019,90400,203000,293400
70834306023,2019,133800,324500,458300
70814103077,2019,117000,318300,435300
70920117243,2019,153800,70500,224300
70923208015,2019,0,0,0
70826315363,2019,52700,0,52700
70913339010,2019,0,0,0
60803104144,2019,103200,216900,320100
70826418159,2019,21500,118700,140200
71007229159,2019,91900,361700,453600
70822118034,2019,25800,333800,359600
81032414112,2019,44600,135300,179900
70813326068,2019,131800,297500,429300
70826419032,2019,0,4000,4000
70929407116,2019,87300,237200,324500
81031103980,2019,0,2550000,2550000
70913215012,2019,0,0,0
71009411233,2019,63700,149900,213600
70922442036,2019,24200,260800,285000
81034416116,2019,55300,173900,229200
70929123598,2019,0,1000,1000
70923406114,2019,561000,1374600,1935600
60811116438,2019,18800,226200,245000
70929203093,2019,72800,197200,270000
70920216516,2019,9200,289100,298300
71009206139,2019,40700,125700,166400
71016111032,2019,49500,147100,196600
81031418032,2019,38400,154500,192900
80936401027,2019,67000,270500,337500
81023209316,2019,0,1200,1200
70923153351,2019,1300,23700,25000
60811430044,2019,92800,174500,267300
70823110451,2019,89000,214900,303900
70836308142,2019,77000,298000,375000
70828431050,2019,0,0,0
81030310073,2019,59600,154700,214300
70828314107,2019,92400,301700,394100
70913410117,2019,70200,389800,460000
71002311133,2019,62600,30000,92600
71016119135,2019,59000,142900,201900
70836115167,2019,78900,148100,227000
70823101020,2019,81400,152100,233500
70914437376,2019,1100,100,1200
70822118068,2019,25800,338200,364000
70816313210,2019,239200,958800,1198000
70901113236,2019,17800,113700,131500
70825106078,2019,0,0,0
81023304372,2019,35600,152700,188300
70929421033,2019,157400,478300,635700
60802410245,2019,67500,187800,255300
70833302212,2019,282500,653200,935700
71012218022,2019,0,0,0
80925403290,2019,54500,192100,246600
71005347010,2019,0,0,0
70921406116,2019,165000,349800,514800
70914438803,2019,2200,22800,25000
70920216136,2019,11000,172800,183800
60804102014,2019,68900,278800,347700
70913124073,2019,0,0,0
70826411012,2019,24500,163800,188300
70926111041,2019,77400,187300,264700
71002444140,2019,100,0,100
60812117055,2019,77100,168700,245800
70932201208,2019,71700,192600,264300
70921302075,2019,139300,230000,369300
81028118299,2019,8700,64800,73500
71019408030,2019,132000,279000,411000
71023300967,2019,440000,10000,450000
70913208083,2019,98200,297800,396000
70929413080,2019,79800,232600,312400
70919221021,2019,101500,237700,339200
70912429036,2019,9000,91300,100300
70823104082,2019,89400,255300,344700
70913415159,2019,85600,145800,231400
70835305165,2019,80300,166000,246300
70823310019,2019,13100,139100,152200
71006409166,2019,81000,229000,310000
71006425089,2019,94600,274000,368600
70826421764,2019,0,4000,4000
70828314165,2019,92400,337500,429900
60903207103,2019,0,0,0
70921306051,2019,178100,360600,538700
70824401130,2019,130300,203500,333800
71007113302,2019,75700,263600,339300
70921213058,2019,67300,325100,392400
70922433358,2019,92700,261900,354600
81021302526,2019,47200,153800,201000
70924214029,2019,29900,371800,401700
71002310151,2019,48700,226100,274800
70923154664,2019,0,7500,7500
81030304042,2019,68600,168400,237000
71004302031,2019,56800,143700,200500
71010410034,2019,56600,148400,205000
71010401124,2019,59700,171300,231000
70820109259,2019,100,0,100
71005409026,2019,44400,160200,204600
70919227045,2019,27600,236500,264100
70924220159,2019,0,10000,10000
80925111281,2019,53500,137500,191000
70834308011,2019,47700,457300,505000
70821213140,2019,100,0,100
70813304238,2019,80000,300700,380700
71007109129,2019,100500,238400,338900
70913332139,2019,0,0,0
80924413159,2019,8600,133700,142300
70822205089,2019,0,0,0
70814412147,2019,90200,234800,325000
81029100104,2019,0,1580100,1580100
70821406125,2019,100300,328000,428300
70923114246,2019,112100,585900,698000
70821306028,2019,697000,9053000,9750000
70913119016,2019,95500,194500,290000
70923143972,2019,44900,407000,451900
70835202246,2019,93400,254100,347500
71030210109,2019,87200,207800,295000
70918410104,2019,146000,125200,271200
70833403078,2019,175800,561500,737300
70834428132,2019,20300,167600,187900
70828305180,2019,12100,0,12100
71001320135,2019,71500,206800,278300
70836314016,2019,30700,115400,146100
70928220022,2019,134500,260400,394900
70912403048,2019,83700,232900,316600
70914408020,2019,336000,4000,340000
70921317074,2019,104600,191600,296200
60812404072,2019,70900,175100,246000
71002405316,2019,59000,256700,315700
80926106025,2019,57100,120900,178000
70816307122,2019,153700,518700,672400
70824311082,2019,14100,133700,147800
70932300985,2019,189000,560000,749000
70913213206,2019,65100,127500,192600
70919403223,2019,115300,245400,360700
60903206030,2019,66200,261300,327500
70813330035,2019,55500,259500,315000
71010312123,2019,0,0,0
80924418729,2019,400,1600,2000
80925217310,2019,59600,156000,215600
60812302557,2019,69800,154000,223800
71035113118,2019,63800,216200,280000
70920104050,2019,124100,148500,272600
70824203263,2019,114800,260100,374900
71003219055,2019,191800,546900,738700
60811415046,2019,76400,212700,289100
70835305090,2019,92500,165100,257600
70825105046,2019,281000,719000,1000000
71011119198,2019,44500,237800,282300
60906208265,2019,56700,168300,225000
60902202104,2019,154000,323000,477000
70835203145,2019,153000,572800,725800
81031214109,2019,38100,117700,155800
71011113166,2019,65700,261500,327200
70923163524,2019,44900,271500,316400
81030317079,2019,51200,123200,174400
70913309526,2019,65900,319100,385000
71009201163,2019,65100,163000,228100
70913112200,2019,96500,111500,208000
70921115014,2019,115700,213600,329300
80924418878,2019,400,1600,2000
70924214152,2019,33400,506600,540000
80925408034,2019,52900,158700,211600
80924402087,2019,8200,131300,139500
81028118281,2019,8700,64700,73400
70836115232,2019,70600,186500,257100
70920214156,2019,15300,218600,233900
60904105124,2019,78700,249400,328100
70826211199,2019,11700,51100,62800
80925215067,2019,55700,157600,213300
71016202196,2019,139300,140100,279400
71007115225,2019,101000,353000,454000
81030213029,2019,59000,251000,310000
71014306346,2019,57000,219100,276100
80926302011,2019,67100,204300,271400
70913342021,2019,87000,51000,138000
70923150167,2019,55100,333700,388800
70920218520,2019,300,14700,15000
70929119018,2019,89900,204100,294000
70834216074,2019,90000,300000,390000
70922403046,2019,715000,895000,1610000
70813328072,2019,134300,446300,580600
71003107086,2019,53100,174900,228000
71005316081,2019,67400,231600,299000
70835103030,2019,264000,476000,740000
71006205126,2019,47400,166400,213800
71003407064,2019,52400,159900,212300
70813325119,2019,18300,168500,186800
70914438267,2019,2200,22800,25000
71007208062,2019,48500,218300,266800
70919307037,2019,128100,369400,497500
70923320025,2019,16000,149000,165000
71005112140,2019,65100,160700,225800
71003317148,2019,54000,193500,247500
71009413172,2019,63300,101100,164400
71016400972,2019,218000,589000,807000
70835206058,2019,97100,294400,391500
60901103147,2019,59000,165000,224000
70919215206,2019,88400,153600,242000
70816401362,2019,202400,364400,566800
70926401187,2019,80600,159300,239900
60802302111,2019,93500,201500,295000
70824212090,2019,302000,396000,698000
70820118143,2019,100,0,100
70932103371,2019,140100,296900,437000
71006304085,2019,91000,139700,230700
70931306174,2019,105300,240800,346100
80936408099,2019,72300,141200,213500
70929428154,2019,131900,311100,443000
71010211086,2019,53600,135400,189000
70913423087,2019,103200,379800,483000
80925107131,2019,55200,140700,195900
81028112134,2019,60900,188700,249600
80925403258,2019,54500,168900,223400
70919412175,2019,135000,219500,354500
70822406017,2019,120800,313500,434300
71006446035,2019,3000,35000,38000
71009216089,2019,45900,190900,236800
70929308091,2019,85500,285400,370900
70926402078,2019,79100,186900,266000
71004317329,2019,58500,153400,211900
70836410145,2019,55100,146300,201400
70929213109,2019,82300,188600,270900
70901110034,2019,55800,109400,165200
70922429042,2019,193800,213700,407500
71004302619,2019,54700,187500,242200
81030307137,2019,61700,136700,198400
70935202170,2019,40900,145100,186000
71007242028,2019,15800,345900,361700
80924303011,2019,0,0,0
70924219144,2019,0,25000,25000
81034310417,2019,0,0,0
70913210335,2019,78000,639700,717700
71006433066,2019,108400,178800,287200
70931415149,2019,66600,131700,198300
71022305041,2019,100200,0,100200
70822206061,2019,0,0,0
71002444108,2019,100,0,100
71003413061,2019,72100,241900,314000
70833302379,2019,207000,314000,521000
70823308056,2019,0,0,0
70922433142,2019,131300,335000,466300
70921209114,2019,71500,149600,221100
70920117136,2019,167400,168600,336000
71007206157,2019,52100,187400,239500
70926112065,2019,80300,307900,388200
70813307191,2019,114800,237200,352000
71002307108,2019,9500,0,9500
71012209146,2019,62300,189800,252100
70923145077,2019,8000,7000,15000
71011125062,2019,64700,238200,302900
71003101187,2019,61300,181000,242300
70913302041,2019,750000,1404100,2154100
80924416856,2019,400,1600,2000
70825204179,2019,374000,1251000,1625000
81026201012,2019,0,0,0
70820106049,2019,100,0,100
70918313118,2019,137200,262800,400000
60812111362,2019,84000,211000,295000
71007218079,2019,104700,251200,355900
71010110262,2019,56000,198700,254700
71014216397,2019,7500,83200,90700
80936200924,2019,585400,367500,952900
71030210076,2019,92900,218500,311400
70928323123,2019,140900,334100,475000
70932306032,2019,71000,122900,193900
81034310178,2019,102000,623000,725000
70823210037,2019,79800,204200,284000
80926310072,2019,65300,254800,320100
71006305538,2019,54000,206400,260400
70912404559,2019,134900,375500,510400
71001319063,2019,68400,208800,277200
70834428249,2019,20300,164700,185000
70835315049,2019,51900,345600,397500
71009107014,2019,56900,166700,223600
71002314054,2019,63200,298200,361400
70816301091,2019,168400,533400,701800
81032419104,2019,35800,144000,179800
81034203068,2019,68400,185100,253500
60812121460,2019,82000,197600,279600
70919105126,2019,102700,280900,383600
70826313325,2019,72400,237900,310300
80924422902,2019,400,1600,2000
70823205327,2019,18100,236000,254100
70835105010,2019,14400,82400,96800
70923168706,2019,3400,13800,17200
70816305035,2019,171400,544500,715900
70921110048,2019,129000,342700,471700
70813310334,2019,17200,178500,195700
81032200991,2019,0,0,0
70923138014,2019,29300,271300,300600
71006208120,2019,344300,736400,1080700
80926206049,2019,67700,189200,256900
70821110081,2019,119400,280400,399800
81035108077,2019,56900,0,56900
80925219184,2019,54500,146600,201100
60811206081,2019,115200,236900,352100
80924433941,2019,400,1600,2000
71009108038,2019,45100,182500,227600
60812306062,2019,78100,238000,316100
81028108290,2019,61600,187900,249500
81033305097,2019,44000,112000,156000
70918414106,2019,231000,122000,353000
70821114356,2019,61300,224200,285500
70822414424,2019,17400,132900,150300
71006302055,2019,66000,98500,164500
70936100969,2019,0,0,0
81031213044,2019,38500,119900,158400
80936113044,2019,14900,99500,114400
71015206074,2019,47200,182900,230100
71004409126,2019,56500,137300,193800
81032414162,2019,44600,116100,160700
70923146041,2019,8000,7000,15000
60802408208,2019,64000,180400,244400
70926216247,2019,74300,191600,265900
70918220199,2019,134700,134000,268700
60801203104,2019,66700,197300,264000
81022301113,2019,88000,297000,385000
71019410051,2019,77300,96700,174000
70931414068,2019,90600,117600,208200
71008102180,2019,36400,169600,206000
71012206118,2019,64100,214300,278400
70828439012,2019,0,0,0
70823206052,2019,18100,260200,278300
70923148112,2019,4200,800,5000
70935302186,2019,352000,1633000,1985000
60801203120,2019,65000,191300,256300
80926306013,2019,66300,227900,294200
70928111247,2019,156900,422100,579000
80925111306,2019,53400,179600,233000
60812121478,2019,78000,211100,289100
70931102225,2019,106800,127400,234200
70828438022,2019,0,0,0
70834309019,2019,25500,0,25500
71007214176,2019,140000,109800,249800
70835122064,2019,6500,75200,81700
60801117074,2019,66700,176300,243000
70926418075,2019,250000,155500,405500
70923140522,2019,1500,13500,15000
70834413076,2019,24200,181300,205500
80924419868,2019,400,1600,2000
70921125154,2019,124400,278300,402700
80936409071,2019,73400,219600,293000
70931310282,2019,98000,192000,290000
60812407414,2019,84500,204300,288800
70823108208,2019,98500,270800,369300
60801120126,2019,74700,170800,245500
70927201065,2019,0,0,0
81034302042,2019,44200,150200,194400
60811437074,2019,82700,187300,270000
70834427887,2019,0,5000,5000
70913223073,2019,8200,391700,399900
70923130036,2019,115200,188900,304100
71011121185,2019,35900,212400,248300
71027105016,2019,0,0,0
70932116027,2019,156800,348100,504900
70929206261,2019,83000,285000,368000
70922421105,2019,109100,152400,261500
70917101259,2019,57000,308000,365000
70813325028,2019,17900,156600,174500
70835315164,2019,51900,339500,391400
70929408073,2019,87300,216600,303900
70922429018,2019,88700,84900,173600
71007311039,2019,44300,278200,322500
71023301048,2019,450500,1007500,1458000
70923152147,2019,35800,551200,587000
70921202051,2019,798600,1268600,2067200
70821213124,2019,100,0,100
71011115112,2019,71000,247600,318600
80924437018,2019,11400,205600,217000
71027412015,2019,0,0,0
71010204015,2019,56100,149900,206000
71005220084,2019,33200,295100,328300
70931409150,2019,98600,151200,249800
70824215010,2019,128600,218700,347300
60802425012,2019,18900,138100,157000
80924427168,2019,9900,170700,180600
60801316395,2019,24000,133000,157000
70935111024,2019,73200,90000,163200
70923175305,2019,3300,11700,15000
70923141588,2019,200,2300,2500
80926206057,2019,62900,207300,270200
70922334093,2019,136900,501900,638800
70923203015,2019,222000,1011000,1233000
70835112239,2019,115300,396400,511700
70821110023,2019,111200,348700,459900
70920402115,2019,127300,233700,361000
70932409133,2019,79800,161500,241300
70923153880,2019,1300,23700,25000
71022401196,2019,143500,0,143500
71015103139,2019,64600,148100,212700
71035123050,2019,54300,202300,256600
70928218093,2019,90700,392900,483600
70823305242,2019,86800,208700,295500
60801121017,2019,67600,164300,231900
81031405154,2019,36700,124300,161000
70924216091,2019,3500,10000,13500
71021222030,2019,105900,223300,329200
80924410080,2019,9200,139900,149100
81029200996,2019,0,0,0
70928223026,2019,120300,183400,303700
81028111087,2019,55800,159600,215400
60902201164,2019,132000,773800,905800
70828431068,2019,0,0,0
70913105106,2019,79900,254600,334500
80926101017,2019,53100,156600,209700
71005225258,2019,38700,173700,212400
60811113070,2019,104000,273100,377100
71007243216,2019,0,15000,15000
80925122890,2019,800,1200,2000
81033410044,2019,20000,97000,117000
70920304098,2019,114500,263700,378200
71015116273,2019,49000,175300,224300
60904109150,2019,96000,190000,286000
70932423175,2019,48600,100300,148900
81021416179,2019,60000,155000,215000
60812302292,2019,67200,185600,252800
70822207019,2019,0,0,0
70921105114,2019,86900,308700,395600
60811403158,2019,91700,192700,284400
80924443073,2019,15600,281200,296800
70816405091,2019,171700,382800,554500
70821304064,2019,900,0,900
70931102316,2019,264000,1028000,1292000
70935305156,2019,161000,0,161000
70813301086,2019,81100,203500,284600
70923140605,2019,1500,13500,15000
70901107049,2019,51000,142300,193300
70923125293,2019,366000,2756000,3122000
70920118019,2019,187000,15000,202000
70919108112,2019,0,0,0
70828301162,2019,100,0,100
70816414068,2019,13100,238900,252000
70825106044,2019,0,0,0
70918322242,2019,0,2000,2000
60802302369,2019,92700,230800,323500
70920123133,2019,15200,112700,127900
70833113099,2019,97200,233000,330200
70813310368,2019,15300,152500,167800
71030208394,2019,80400,173600,254000
71005321098,2019,154300,412300,566600
60801215076,2019,70000,203900,273900
70823207167,2019,18100,246700,264800
70928105125,2019,98500,435000,533500
70926402086,2019,79100,184500,263600
71011106020,2019,0,0,0
70826420526,2019,0,4000,4000
60811433056,2019,83500,196800,280300
80936116014,2019,14900,96400,111300
70834216115,2019,94500,299200,393700
60803107172,2019,125100,327200,452300
70929301061,2019,80800,213000,293800
60801226346,2019,16200,177200,193400
71010117060,2019,56100,225900,282000
80924408910,2019,400,1600,2000
80925408167,2019,63700,137800,201500
70920221143,2019,0,0,0
71014114020,2019,27300,155700,183000
70935203219,2019,352800,1878200,2231000
71011118132,2019,30500,235700,266200
71010211169,2019,53600,151400,205000
70918213037,2019,123200,234400,357600
70813109084,2019,141100,255900,397000
70822109041,2019,51500,170100,221600
70834201299,2019,84100,245300,329400
70824306116,2019,96300,243800,340100
70823106137,2019,89000,323500,412500
71035206129,2019,67300,197100,264400
70834214573,2019,46400,478500,524900
71009225105,2019,65500,0,65500
60802409181,2019,65300,150400,215700
70929410036,2019,87300,343300,430600
80924408093,2019,8000,147400,155400
70836403182,2019,67200,149900,217100
71011212108,2019,55700,224300,280000
71005112124,2019,65100,171300,236400
70913110056,2019,83000,78200,161200
70836420160,2019,66000,136800,202800
71014215141,2019,7800,138200,146000
60904113432,2019,100300,273700,374000
70920306052,2019,99200,214900,314100
70922320282,2019,121400,225200,346600
70823205202,2019,18100,273100,291200
71003107151,2019,53100,169200,222300
71005327153,2019,84200,204600,288800
80936406142,2019,75500,225300,300800
70836405691,2019,87400,142400,229800
71005213203,2019,71400,133600,205000
70815300979,2019,0,0,0
71001104159,2019,69600,251000,320600
70935306154,2019,33000,263000,296000
60812327084,2019,6000,89400,95400
71021222022,2019,84000,235000,319000
60904109134,2019,96000,224200,320200
80936115040,2019,14900,108800,123700
70923174125,2019,3300,11700,15000
60801406146,2019,24900,150500,175400
70926204078,2019,77500,234700,312200
70922423010,2019,120700,197300,318000
70919305065,2019,113300,366700,480000
70920220905,2019,0,2200,2200
70928101173,2019,90000,294700,384700
70922234061,2019,151400,455900,607300
70918101034,2019,611700,306500,918200
70829418156,2019,15300,0,15300
60801409166,2019,68800,194800,263600
70824212082,2019,215300,341100,556400
71009406268,2019,67200,155200,222400
70912420068,2019,9000,91300,100300
81031104029,2019,0,0,0
70923164572,2019,44900,625100,670000
71014108221,2019,10700,174100,184800
71014306396,2019,62200,235700,297900
80925209010,2019,54900,146100,201000
70933403126,2019,81600,155300,236900
81031209225,2019,65500,153400,218900
71016207302,2019,96400,121300,217700
71004314200,2019,54700,146500,201200
70836120140,2019,139400,280600,420000
60802302145,2019,94000,210500,304500
81034414095,2019,66300,163500,229800
71011204048,2019,45500,207100,252600
70835310049,2019,84700,194300,279000
81034310128,2019,88000,867000,955000
80935108153,2019,488100,251900,740000
81033208019,2019,39100,151600,190700
70820120065,2019,100,0,100
71004401239,2019,50900,166400,217300
70828439054,2019,0,0,0
70915200996,2019,0,0,0
71007220256,2019,116100,265300,381400
81034402131,2019,57800,169600,227400
71030202156,2019,212800,201200,414000
60812306038,2019,78100,228100,306200
70913110072,2019,110700,241100,351800
70913108043,2019,68600,126400,195000
81034109034,2019,60700,169600,230300
70919218086,2019,95600,198200,293800
60801403019,2019,73800,171600,245400
71006116167,2019,43600,123300,166900
70918405014,2019,0,0,0
71006108247,2019,35700,274300,310000
70833109098,2019,66200,253100,319300
70816304087,2019,168300,521600,689900
71035103325,2019,64600,280000,344600
70813333261,2019,26300,267000,293300
80936202110,2019,56900,180600,237500
81032308258,2019,36700,137300,174000
81034114091,2019,59600,157800,217400
71006431119,2019,100500,389000,489500
71011122117,2019,35800,247800,283600
70814415125,2019,88800,225300,314100
70928202103,2019,103400,200300,303700
70835315247,2019,51900,345900,397800
70914438051,2019,1100,5900,7000
70926117015,2019,177400,430900,608300
70920219114,2019,0,0,0
81026365058,2019,3800,0,3800
70923148625,2019,4200,800,5000
71011121226,2019,0,0,0
70923148097,2019,4200,800,5000
71006118064,2019,63900,185400,249300
70923170016,2019,3600,1000,4600
70816412038,2019,48500,318700,367200
81019302140,2019,60000,168200,228200
60801209037,2019,70200,157900,228100
70836405443,2019,67000,140600,207600
71006304093,2019,88000,194800,282800
70834309150,2019,26500,0,26500
70922111144,2019,77900,200900,278800
71001318106,2019,67600,274900,342500
60904105033,2019,85100,183000,268100
80936202029,2019,56900,181300,238200
71028300962,2019,0,0,0
71010405134,2019,76500,152300,228800
70932404167,2019,660000,758000,1418000
81034325036,2019,30000,89600,119600
70929204041,2019,97000,179300,276300
70836405683,2019,68500,166700,235200
71012206233,2019,61300,236100,297400
81023209027,2019,0,1200,1200
71026101015,2019,0,0,0
70929303017,2019,86300,161000,247300
70926103048,2019,77500,59800,137300
71006402087,2019,60600,238600,299200
70923132040,2019,89000,316600,405600
71006315040,2019,0,0,0
70914427137,2019,718000,3293000,4011000
71005227246,2019,38400,132100,170500
70826209037,2019,288000,921000,1209000
70932209179,2019,20800,109200,130000
71010411131,2019,71400,182300,253700
81034305012,2019,48600,162800,211400
81031212046,2019,36900,98300,135200
71009214497,2019,0,0,0
71003213289,2019,0,0,0
70823205111,2019,18100,221300,239400
70912404088,2019,102200,259400,361600
70926106042,2019,81500,178500,260000
70931306017,2019,92500,171100,263600
70918224076,2019,18100,95600,113700
71015207238,2019,75100,298500,373600
70922418152,2019,66000,249000,315000
80926109110,2019,51800,127000,178800
81034416174,2019,58900,163700,222600
60902201015,2019,77000,219200,296200
70922343094,2019,183200,593800,777000
71012208130,2019,59400,215100,274500
71015118039,2019,52000,168600,220600
80924433975,2019,400,1600,2000
71001401034,2019,0,0,0
70932205078,2019,75300,146500,221800
70824400926,2019,0,0,0
60812116031,2019,74600,217700,292300
71010302314,2019,142000,110800,252800
71027415069,2019,0,0,0
81015105142,2019,57600,183900,241500
70923161453,2019,8000,7000,15000
70913346528,2019,69900,320000,389900
70913321314,2019,114500,269900,384400
70931208528,2019,110400,204700,315100
70929403130,2019,87000,206900,293900
71015110184,2019,41100,176700,217800
71011210194,2019,9100,0,9100
70913323253,2019,156600,97400,254000
71005346012,2019,10500,189500,200000
70923167576,2019,6500,18500,25000
70920406026,2019,129500,231200,360700
71030304019,2019,0,0,0
70815306034,2019,191400,350000,541400
71002310135,2019,48000,305100,353100
71014105095,2019,0,0,0
71021105096,2019,60100,175300,235400
70922304070,2019,117600,290500,408100
70912407389,2019,105400,230600,336000
70824207174,2019,101500,261600,363100
81021303029,2019,51700,164600,216300
71021214152,2019,54600,146200,200800
70836216410,2019,5500,96100,101600
71009411019,2019,63200,139100,202300
81032420101,2019,44000,116800,160800
70923204063,2019,0,0,0
70926202329,2019,80000,300400,380400
70914421064,2019,0,0,0
70833122024,2019,69400,0,69400
71006428132,2019,114800,273300,388100
71016401235,2019,177500,181500,359000
71001324096,2019,65300,202700,268000
71006118296,2019,39600,224700,264300
70820110058,2019,100,0,100
71007208129,2019,60500,242800,303300
70814303221,2019,98200,392400,490600
80926103154,2019,51000,188800,239800
70913119107,2019,100500,108900,209400
71006107067,2019,51400,301900,353300
70932202157,2019,103400,242300,345700
70919413074,2019,117100,216000,333100
81032408131,2019,37700,176100,213800
71016417018,2019,87000,237300,324300
70935206106,2019,43100,120100,163200
70936317027,2019,20400,103500,123900
70922229111,2019,193900,426700,620600
70913346255,2019,88400,471600,560000
70922438051,2019,78900,401100,480000
60812119134,2019,20700,157500,178200
71005230041,2019,54100,70800,124900
70912412015,2019,0,0,0
70834426102,2019,29000,155900,184900
60906109182,2019,60300,142400,202700
80924444097,2019,11700,231300,243000
71011305325,2019,66900,204900,271800
70919204085,2019,84300,116500,200800
70918216065,2019,49600,0,49600
70921113216,2019,124400,222700,347100
70816306091,2019,160000,347500,507500
60904111056,2019,78900,149500,228400
70921111088,2019,122100,201300,323400
70826419214,2019,0,4000,4000
70823400919,2019,0,0,0
70914421197,2019,480000,1729000,2209000
70936301161,2019,63200,129000,192200
71006110359,2019,45400,113700,159100
70824109099,2019,119400,247500,366900
70833305034,2019,139400,265100,404500
70816306075,2019,168300,323700,492000
70813310110,2019,15300,169100,184400
80924401188,2019,20700,157300,178000
71019407090,2019,132000,380000,512000
70829109177,2019,78000,311900,389900
81031412125,2019,44600,138400,183000
71014304100,2019,56200,210300,266500
70816405132,2019,181300,436500,617800
80924419719,2019,400,1600,2000
71003418194,2019,45500,160300,205800
71014306023,2019,57600,173500,231100
70836204035,2019,69900,194300,264200
71006306297,2019,33000,216200,249200
70913105213,2019,66200,524800,591000
70921104190,2019,81900,276700,358600
71015117031,2019,66200,204000,270200
81023305198,2019,35600,171600,207200
71016112270,2019,54000,117900,171900
70923142297,2019,44900,272300,317200
60811413149,2019,96000,183900,279900
71005341153,2019,196900,393100,590000
81026350033,2019,44700,92600,137300
70929303067,2019,76400,234200,310600
70824414323,2019,13900,82800,96700
71011118215,2019,30500,247600,278100
70918319934,2019,20500,72200,92700
80925108080,2019,51800,131300,183100
81028101038,2019,57400,156900,214300
71003108026,2019,54300,204600,258900
70919306229,2019,100000,290500,390500
70929112070,2019,114900,251000,365900
70926216180,2019,111000,275000,386000
71015304092,2019,1240000,5500000,6740000
70921209023,2019,71000,117500,188500
81031423023,2019,17400,161100,178500
70835320072,2019,69700,295300,365000
70823305086,2019,78100,224400,302500
80927402068,2019,72200,398400,470600
70834214383,2019,40800,394100,434900
60802115556,2019,20500,125300,145800
70823204022,2019,113600,279000,392600
80925412100,2019,62100,136900,199000
70835125092,2019,500,1500,2000
81033305013,2019,49400,117600,167000
71010207390,2019,0,0,0
60802203046,2019,1879000,0,1879000
71007118112,2019,0,0,0
70918408050,2019,158600,123100,281700
71022202148,2019,0,0,0
71035121012,2019,64600,192500,257100
70929403271,2019,101400,407400,508800
70923301091,2019,0,0,0
70913112276,2019,104000,204900,308900
71006302104,2019,66000,147500,213500
70926101240,2019,82100,202700,284800
71010302017,2019,54500,120400,174900
71011114180,2019,65200,218900,284100
71007242268,2019,9300,177200,186500
81028119958,2019,8700,66300,75000
70912424036,2019,9000,105800,114800
80924307071,2019,66600,225600,292200
71005412045,2019,41800,151000,192800
70828124233,2019,12900,190100,203000
70914438217,2019,2200,22800,25000
70912401026,2019,826300,239800,1066100
70931310092,2019,99000,151000,250000
71034104499,2019,84700,190600,275300
70912408030,2019,103800,315900,419700
70828309025,2019,64900,122200,187100
80925115845,2019,800,1200,2000
71014306263,2019,57100,162100,219200
71002313014,2019,55400,214600,270000
70822113175,2019,26300,290700,317000
71004403061,2019,88000,143500,231500
70914404060,2019,0,0,0
70822411024,2019,33700,229300,263000
70919219191,2019,0,0,0
81034206020,2019,66100,229500,295600
80924412119,2019,8000,134000,142000
71009222135,2019,45900,167400,213300
70823412104,2019,69200,234700,303900
70923152113,2019,28000,287500,315500
81036300979,2019,154800,97200,252000
70922106129,2019,0,0,0
70924219186,2019,0,25000,25000
71009105076,2019,78800,782700,861500
81031410179,2019,38100,145200,183300
70912438045,2019,9000,92800,101800
70920212077,2019,133900,439500,573400
71009110067,2019,129100,0,129100
71003418342,2019,54300,222800,277100
70816317121,2019,192900,806500,999400
70813304098,2019,103200,373900,477100
80924440954,2019,400,1600,2000
70913350165,2019,0,8000,8000
70835124995,2019,500,1500,2000
60812105084,2019,81700,175900,257600
70828441017,2019,0,0,0
71027411067,2019,78000,158800,236800
71035125155,2019,11800,266400,278200
71005333118,2019,101700,375600,477300
70834310016,2019,0,15000,15000
71005328101,2019,105800,211600,317400
70918306238,2019,80200,137900,218100
70931209170,2019,74800,201700,276500
71011118421,2019,30500,231700,262200
80936122011,2019,14900,98000,112900
70823104975,2019,0,0,0
70815403260,2019,33000,124000,157000
70834209079,2019,65100,233900,299000
70836417042,2019,69900,154300,224200
70923152345,2019,44100,788800,832900
71020309095,2019,23800,177500,201300
70836213424,2019,11600,116300,127900
80924420823,2019,400,1600,2000
71007215215,2019,93000,210900,303900
71016402027,2019,61800,121200,183000
70920308131,2019,94400,186900,281300
70928312118,2019,152000,508000,660000
70922431245,2019,72500,367200,439700
70923142172,2019,44900,308400,353300
70928206080,2019,89900,337600,427500
70919110406,2019,136600,151900,288500
70836405328,2019,61900,151400,213300
81021412143,2019,53400,149500,202900
71009306129,2019,68700,130300,199000
80926406011,2019,46600,211700,258300
70920406258,2019,133800,318400,452200
60811404031,2019,77600,226400,304000
71005213089,2019,63600,102700,166300
71004410032,2019,419500,1482000,1901500
71016110084,2019,60200,96600,156800
70821215112,2019,0,0,0
70829111114,2019,85800,433100,518900
70922234144,2019,109500,128400,237900
70932406014,2019,79500,162100,241600
70932409026,2019,79800,353600,433400
71007304307,2019,140200,331300,471500
60803106108,2019,103200,195000,298200
60906110014,2019,72400,169700,242100
71003213049,2019,57300,161300,218600
71002436030,2019,10500,0,10500
70913214105,2019,107000,271000,378000
70826204160,2019,88000,490000,578000
70920307191,2019,114800,303400,418200
71021113221,2019,15100,94900,110000
70828426035,2019,0,0,0
60803119424,2019,66600,401700,468300
80924430830,2019,400,3100,3500
70824301281,2019,96900,259900,356800
80925206131,2019,55900,121000,176900
71007208161,2019,62000,200800,262800
60801202073,2019,76400,176300,252700
70926405155,2019,40700,206800,247500
60812106032,2019,89100,155000,244100
70921119074,2019,129100,450100,579200
70824102291,2019,125100,305100,430200
81027202168,2019,57800,188500,246300
70921303172,2019,156600,424100,580700
70919203160,2019,84300,154300,238600
80924422671,2019,400,1600,2000
70935102073,2019,45900,87500,133400
81030211081,2019,47800,140700,188500
71003312148,2019,49300,152500,201800
80936108053,2019,14900,100300,115200
70923166263,2019,110900,655600,766500
70913313139,2019,63900,222600,286500
70930415091,2019,147000,225100,372100
81031406053,2019,36700,153900,190600
70901113145,2019,17700,95200,112900
71007208070,2019,46600,205200,251800
81021107223,2019,46400,215000,261400
70922222016,2019,133000,738000,871000
71006107083,2019,51400,126800,178200
81034102012,2019,68400,209300,277700
81033304198,2019,44000,113600,157600
70835124812,2019,500,1500,2000
60802110019,2019,95700,134300,230000
70929402059,2019,99900,180100,280000
80925110332,2019,54500,106300,160800
60801109146,2019,66100,157800,223900
70835107355,2019,150700,676600,827300
70821217019,2019,0,0,0
70822102087,2019,90800,220600,311400
81030303044,2019,67900,169100,237000
70833401353,2019,0,0,0
70920419029,2019,133600,189500,323100
71002107805,2019,9500,148400,157900
60802415154,2019,82000,333000,415000
71009217441,2019,65500,164900,230400
71010413278,2019,54000,142000,196000
70913348061,2019,3600,151900,155500
71009308109,2019,0,0,0
60802103204,2019,80000,180400,260400
60804105109,2019,90100,244900,335000
80926203962,2019,143000,198100,341100
71016207071,2019,395500,793500,1189000
81031224398,2019,79200,190600,269800
70922338011,2019,205700,1094300,1300000
71002415042,2019,66800,146500,213300
60905213124,2019,4200,45600,49800
60801408225,2019,0,0,0
70920305054,2019,100300,206100,306400
70813324103,2019,156900,385400,542300
70920217267,2019,400,14600,15000
60801111026,2019,70700,173200,243900
81031201065,2019,39900,116100,156000
70922429117,2019,136300,458200,594500
71002435123,2019,8000,0,8000
70829405046,2019,45900,0,45900
70836402035,2019,78800,183200,262000
70929409013,2019,90200,249500,339700
60803105019,2019,105000,197700,302700
70920220509,2019,0,2600,2600
60801220108,2019,88000,424000,512000
81028402072,2019,57100,121700,178800
81021415014,2019,58400,185600,244000
70826412250,2019,10000,75400,85400
70913346106,2019,90300,476500,566800
70923142552,2019,44900,167000,211900
70825209351,2019,6000,16000,22000
70823118322,2019,12800,127100,139900
81034328030,2019,29300,93800,123100
70932417194,2019,53000,139000,192000
70919221112,2019,96900,214000,310900
70923163558,2019,44900,175500,220400
70931302065,2019,105900,144800,250700
71016108211,2019,61500,3500,65000
70922408294,2019,450000,7690000,8140000
81028108381,2019,57100,169700,226800
70814419250,2019,15200,180400,195600
81028114099,2019,57200,141400,198600
81028102234,2019,60300,159200,219500
60811403083,2019,79000,191400,270400
70923144053,2019,8000,7000,15000
71014214383,2019,8100,123200,131300
60904112012,2019,80900,175100,256000
60812302135,2019,68000,210100,278100
80924401211,2019,19000,170700,189700
71015201149,2019,63700,141200,204900
70828112121,2019,90100,229900,320000
81034114059,2019,62700,175100,237800
70813328080,2019,135900,380000,515900
70923174258,2019,3300,11700,15000
60906205138,2019,58300,136000,194300
70928321119,2019,172700,311800,484500
70823112150,2019,80200,247100,327300
80926308019,2019,65600,226300,291900
60811408215,2019,76100,151500,227600
70929106205,2019,83800,200200,284000
60801213286,2019,72900,157600,230500
70922437095,2019,73900,193000,266900
71007243125,2019,0,15000,15000
81021403259,2019,54900,127700,182600
81030216031,2019,0,0,0
71035114223,2019,64600,254900,319500
70928210099,2019,97800,308500,406300
70828421100,2019,0,0,0
70929220229,2019,88300,187900,276200
81034326018,2019,21500,125600,147100
81028105121,2019,60000,160000,220000
81021412218,2019,57000,178700,235700
71009221153,2019,38000,141200,179200
71006301073,2019,0,0,0
81033300865,2019,399000,1001000,1400000
70923105013,2019,94400,312200,406600
81031209126,2019,42400,146700,189100
80925109195,2019,51800,98600,150400
60803113038,2019,100700,377200,477900
70923160330,2019,8000,7000,15000
60801217105,2019,80100,185500,265600
70814312363,2019,26100,263100,289200
71014202411,2019,55900,169400,225300
60812109135,2019,84700,194400,279100
71027406133,2019,51000,170700,221700
81027208174,2019,879000,4471000,5350000
71035106030,2019,67100,218600,285700
71006440954,2019,0,4000,4000
80924407970,2019,400,1600,2000
71012216084,2019,66800,222900,289700
70920408410,2019,129500,140500,270000
71007216081,2019,0,0,0
71010107201,2019,59300,185500,244800
70919207120,2019,95000,163500,258500
70929402033,2019,90200,229800,320000
60812112013,2019,78500,171300,249800
70834210117,2019,53400,321600,375000
71010114074,2019,57000,201100,258100
70913434175,2019,0,18000,18000
80924439973,2019,400,1600,2000
70936407373,2019,58800,146000,204800
81032428080,2019,32400,125500,157900
70926416201,2019,38700,117400,156100
70931414175,2019,104600,233400,338000
60801234448,2019,15000,143700,158700
70835124979,2019,500,1500,2000
81031404156,2019,36700,162700,199400
60906106170,2019,67600,171100,238700
71002107334,2019,9500,145600,155100
70929307259,2019,109400,326400,435800
70924220026,2019,0,25000,25000
70813402280,2019,342800,423200,766000
81033306219,2019,143000,632000,775000
81033204132,2019,45600,170900,216500
71005220109,2019,65100,165600,230700
70920108169,2019,129000,210600,339600
70920219487,2019,0,0,0
60811427025,2019,66700,174300,241000
71003413029,2019,55600,199700,255300
81026420068,2019,100,0,100
70826416179,2019,21500,118500,140000
71015409082,2019,0,0,0
71005330122,2019,110100,235000,345100
60801303029,2019,70800,140100,210900
70926218318,2019,87500,236500,324000
70816318062,2019,168700,725300,894000
70923146570,2019,8000,7000,15000
60812318091,2019,83400,248000,331400
70826420013,2019,0,4000,4000
70834215092,2019,89500,306400,395900
70932111019,2019,93000,247000,340000
80925114863,2019,800,1200,2000
70920304030,2019,101900,260300,362200
70923173515,2019,3300,5900,9200
71020307031,2019,12500,117000,129500
70834309209,2019,27000,0,27000
71011209098,2019,0,0,0
71010103176,2019,51200,194700,245900
71003307149,2019,54700,164300,219000
80924427720,2019,400,1600,2000
70919409271,2019,106200,197400,303600
81027203124,2019,365000,0,365000
71007221056,2019,114900,188300,303200
70828445077,2019,0,0,0
81034109141,2019,61500,161700,223200
70913432012,2019,27200,188800,216000
60801208170,2019,105000,480000,585000
70920103135,2019,95300,267000,362300
71005223088,2019,62900,179500,242400
71002436080,2019,65600,333400,399000
60903211170,2019,17400,88600,106000
70932408094,2019,79800,105300,185100
81034402074,2019,65800,223500,289300
80926201023,2019,43200,115600,158800
71009108145,2019,57200,139000,196200
60812407282,2019,79500,279400,358900
71004200988,2019,105000,0,105000
81031409073,2019,39600,98300,137900
70918305032,2019,79500,120800,200300
71007316261,2019,27000,230900,257900
71002411032,2019,8800,0,8800
81034408139,2019,68600,179800,248400
71004200805,2019,0,0,0
70815307123,2019,166100,361500,527600
81031202170,2019,38600,107700,146300
71014215365,2019,7800,129300,137100
70918305165,2019,75400,144200,219600
60812115166,2019,82000,194000,276000
60811117163,2019,19100,182600,201700
81031224124,2019,39100,83900,123000
71005401189,2019,55100,114300,169400
70935302102,2019,60000,710000,770000
70833304078,2019,132400,410900,543300
80926304041,2019,64700,213900,278600
70918310081,2019,125500,143000,268500
70921306176,2019,155200,187900,343100
71011410025,2019,88800,311800,400600
71001405028,2019,59300,174200,233500
70933403043,2019,89300,169200,258500
70933201166,2019,188300,323300,511600
80925409074,2019,52700,152400,205100
70913204148,2019,97700,339900,437600
71021218047,2019,61700,152200,213900
60811302144,2019,76400,203900,280300
81034110015,2019,62400,161800,224200
70920408246,2019,129500,353400,482900
60811420053,2019,18600,194800,213400
71014115010,2019,24000,117000,141000
70932305092,2019,55200,131400,186600
70829410037,2019,15700,0,15700
71003206060,2019,57300,217000,274300
81034316093,2019,24300,138100,162400
71015116299,2019,49800,196100,245900
81021302469,2019,52500,167800,220300
71004404259,2019,54300,181100,235400
81019307075,2019,55600,160300,215900
70835107222,2019,99900,341400,441300
71001106030,2019,53000,166500,219500
80924418745,2019,400,1600,2000
60812318116,2019,85800,246100,331900
71009311178,2019,68800,128700,197500
70834308532,2019,27900,332100,360000
70826100970,2019,3807000,3273000,7080000
71007201082,2019,118200,333800,452000
71005413233,2019,44400,159600,204000
60812102022,2019,85300,190600,275900
71009313215,2019,69300,188000,257300
70913337981,2019,2200,3800,6000
81032410128,2019,45600,166100,211700
60812304256,2019,73800,218900,292700
71011208214,2019,35000,177500,212500
81032411051,2019,46700,130300,177000
70923142205,2019,44900,337600,382500
60812313041,2019,33100,181100,214200
71009214421,2019,50700,120900,171600
60802108048,2019,69300,151900,221200
70923167378,2019,6500,13500,20000
70929427049,2019,127500,254500,382000
70922345230,2019,112900,362300,475200
70919228100,2019,24100,352800,376900
71003214055,2019,53100,130600,183700
70912404476,2019,134900,216100,351000
71020309037,2019,23800,163000,186800
80925210041,2019,52000,138100,190100
80935103260,2019,70300,203400,273700
71016203045,2019,106800,133000,239800
81034106048,2019,65800,162900,228700
70926205092,2019,81000,151900,232900
71007105094,2019,89600,286900,376500
70824415264,2019,18700,115500,134200
70823104173,2019,97400,277100,374500
81027102136,2019,1243900,5645000,6888900
71016104194,2019,63300,103600,166900
71021208056,2019,58600,142900,201500
70923411478,2019,29700,258300,288000
70918210017,2019,93100,270100,363200
71035125311,2019,11800,279300,291100
71035125220,2019,11800,306200,318000
70921208041,2019,90200,221100,311300
80936202037,2019,56900,136000,192900
71002303198,2019,36000,203400,239400
81030315023,2019,61300,140700,202000
81034120056,2019,25000,136500,161500
70929107120,2019,0,0,0
70920218843,2019,300,14700,15000
71009217087,2019,40400,164800,205200
80935106032,2019,64900,173500,238400
81034107062,2019,58100,159200,217300
70919220015,2019,0,0,0
70922230150,2019,202400,487000,689400
70919405071,2019,115500,210500,326000
81032309248,2019,36700,140800,177500
70829105125,2019,51100,268900,320000
71034105273,2019,83600,225400,309000
70834428017,2019,20000,80000,100000
70828443146,2019,0,0,0
70814429150,2019,41400,243600,285000
71010313030,2019,48700,173900,222600
70926404199,2019,80600,173100,253700
71006412151,2019,63200,331700,394900
71011118249,2019,30500,244000,274500
71007223292,2019,150500,399800,550300
81030312102,2019,58000,134500,192500
80936118086,2019,13800,121200,135000
70926409066,2019,38200,169900,208100
81030204078,2019,48200,111200,159400
60801109261,2019,66700,195300,262000
71014302097,2019,58300,194800,253100
71002303081,2019,33000,212000,245000
71016112147,2019,54600,150500,205100
60811411078,2019,75600,213800,289400
70826316030,2019,475000,3925000,4400000
70913315169,2019,153000,335000,488000
70913434042,2019,0,18000,18000
70919206213,2019,101400,140500,241900
70834211074,2019,69800,224000,293800
71007228177,2019,0,0,0
70912405185,2019,105400,323600,429000
80926103162,2019,51000,156500,207500
70913114082,2019,105900,195100,301000
81030214051,2019,462000,587000,1049000
70921415068,2019,93900,360500,454400
71014105102,2019,0,0,0
60801402045,2019,72000,138700,210700
70922220028,2019,225900,537700,763600
70933403192,2019,85100,177200,262300
70826408126,2019,67400,154800,222200
80926110084,2019,58200,95600,153800
71034101148,2019,58800,192800,251600
70923150240,2019,66100,412300,478400
80924303061,2019,65700,204300,270000
70922320109,2019,159000,380000,539000
60801419363,2019,16600,201800,218400
71027407082,2019,54600,195700,250300
60901204078,2019,61000,179800,240800
71007304266,2019,122600,341300,463900
70933204251,2019,140900,519100,660000
80935102022,2019,56100,143500,199600
60801220116,2019,105000,480000,585000
60904111080,2019,79500,263500,343000
70814302231,2019,93400,356600,450000
70836213515,2019,11600,117000,128600
81034107319,2019,58500,176300,234800
60811111058,2019,104400,202000,306400
60812331093,2019,0,100,100
70813309105,2019,87200,248000,335200
71006310214,2019,69200,239000,308200
71009108236,2019,57200,134600,191800
70836419014,2019,67300,144000,211300
70836313042,2019,15700,166800,182500
71016117030,2019,60000,142600,202600
71001320028,2019,64700,205600,270300
70930306018,2019,1620000,9535000,11155000
70823401090,2019,33300,198100,231400
80924405049,2019,19500,205000,224500
71003412039,2019,50300,176800,227100
70921406083,2019,179200,500600,679800
70920106270,2019,124100,214500,338600
60801419149,2019,16600,185200,201800
70920106410,2019,129000,177000,306000
81034202060,2019,70100,177500,247600
80935106181,2019,77800,219700,297500
70931202380,2019,74800,200800,275600
81021306015,2019,51600,178800,230400
81026359019,2019,100,0,100
70922226050,2019,284700,519000,803700
70820104069,2019,100,0,100
71005315257,2019,68000,213900,281900
71004314234,2019,56100,230900,287000
71030208203,2019,99100,179800,278900
70923161320,2019,8000,7000,15000
71006309077,2019,67200,232000,299200
60802115499,2019,20500,123000,143500
80924101423,2019,86600,292100,378700
70928302276,2019,82400,214400,296800
60906201201,2019,65900,129200,195100
81023307011,2019,35600,113600,149200
81026366072,2019,3800,0,3800
70926215108,2019,125700,278600,404300
70923170199,2019,2500,700,3200
70824220126,2019,97300,249300,346600
81031212054,2019,62900,168500,231400
81014303094,2019,32800,153300,186100
70923225233,2019,56700,244500,301200
80925116819,2019,800,1200,2000
70919302102,2019,93600,303700,397300
80935108145,2019,512700,677700,1190400
71006432167,2019,106500,276900,383400
71014301312,2019,61600,248200,309800
81022307012,2019,1368000,7000200,8368200
70920219130,2019,0,0,0
70931301067,2019,124400,187400,311800
70835301030,2019,98100,267900,366000
71008108815,2019,1100,8900,10000
70914404101,2019,162500,188000,350500
71001203068,2019,100,0,100
70930106046,2019,880000,3495000,4375000
81027208025,2019,53800,178100,231900
71011210186,2019,54300,253300,307600
80926104045,2019,55600,134300,189900
71010405225,2019,77600,171500,249100
70931312022,2019,103800,133300,237100
70929219024,2019,88300,125500,213800
70913419094,2019,0,0,0
70922438415,2019,86400,254700,341100
71005230059,2019,54100,114900,169000
70815403179,2019,77000,225000,302000
81030317368,2019,0,0,0
81028119099,2019,10800,100000,110800
71002107342,2019,9500,155600,165100
70834210092,2019,64200,235800,300000
71006301122,2019,66000,99800,165800
70929417074,2019,87300,249500,336800
70922439059,2019,72600,246500,319100
71008102099,2019,44200,128600,172800
70823413433,2019,36600,373700,410300
81032303018,2019,36800,182800,219600
71016416060,2019,62600,162200,224800
70921416123,2019,130200,288500,418700
70823310077,2019,11700,127700,139400
70920405325,2019,143600,137800,281400
70930408012,2019,76800,187800,264600
81026357021,2019,100,0,100
71027418055,2019,0,0,0
81021108099,2019,60500,207300,267800
71020301190,2019,0,0,0
71003417162,2019,47900,155800,203700
71010112060,2019,53200,168800,222000
70930207034,2019,204000,0,204000
70825209335,2019,9000,24000,33000
71002435090,2019,46500,73000,119500
60811416200,2019,90100,228100,318200
81031410187,2019,38200,136800,175000
81030308028,2019,62000,141600,203600
70919227508,2019,36400,283600,320000
70922202125,2019,0,0,0
70913341065,2019,21300,319400,340700
70829103145,2019,91200,333800,425000
70926415104,2019,48200,107600,155800
70918415451,2019,10500,114900,125400
70919212020,2019,89000,154900,243900
70926304232,2019,81400,110200,191600
70936307044,2019,63000,118100,181100
70923413169,2019,1700,16300,18000
71003206036,2019,56100,221000,277100
70923174852,2019,3300,11700,15000
71006407178,2019,62900,242900,305800
71002107459,2019,9500,144800,154300
71006113113,2019,61800,172700,234500
70836216642,2019,5500,98300,103800
70936403074,2019,64700,115100,179800
60812313504,2019,33100,232900,266000
70814425067,2019,94400,320300,414700
70929208035,2019,0,0,0
81030215140,2019,4500,75200,79700
70834209045,2019,65100,230300,295400
71003101062,2019,52600,238700,291300
81028105105,2019,59000,162800,221800
81014303169,2019,32800,167700,200500
71021207090,2019,58600,164900,223500
81026425092,2019,100,0,100
81021405106,2019,55800,141000,196800
80926404081,2019,64000,221000,285000
80924431664,2019,400,1600,2000
80924431672,2019,400,1600,2000
70926116140,2019,81000,253900,334900
71002419052,2019,67900,0,67900
81030208070,2019,68000,407000,475000
80925306147,2019,63900,118800,182700
70922237205,2019,117900,361600,479500
70826419149,2019,0,4000,4000
70913317074,2019,64000,174500,238500
71016206239,2019,60700,211600,272300
60801109138,2019,66100,160000,226100
70932416188,2019,53600,95300,148900
70935206221,2019,43100,99900,143000
81014303119,2019,32800,143800,176600
70816324027,2019,80100,338900,419000
81030307351,2019,62000,421900,483900
70923165447,2019,39600,199100,238700
70931201118,2019,75300,154300,229600
70926414023,2019,36800,0,36800
70913323097,2019,130400,19000,149400
70822105221,2019,58700,153200,211900
70821202060,2019,122000,480300,602300
71016113210,2019,54900,120600,175500
71010304162,2019,54600,167900,222500
70829414013,2019,10800,0,10800
70918215067,2019,76700,231700,308400
70931306067,2019,99000,160500,259500
60903212011,2019,12200,68100,80300
60802409256,2019,75800,175200,251000
71035202052,2019,0,0,0
70834207049,2019,78500,212600,291100
71016112329,2019,56800,84200,141000
80925211148,2019,55600,139800,195400
70834309085,2019,30100,0,30100
70919223184,2019,101300,194800,296100
71012221041,2019,12100,125700,137800
70913211010,2019,0,0,0
70923114189,2019,77400,299400,376800
60801218046,2019,78800,183500,262300
81028118520,2019,10100,91500,101600
70834212080,2019,77800,233200,311000
71005328078,2019,90400,306900,397300
71006440946,2019,0,4000,4000
70823104123,2019,89400,283900,373300
81026360256,2019,100,0,100
70823303155,2019,83500,195100,278600
70919408447,2019,126000,240300,366300
70928317043,2019,146900,582400,729300
71009224082,2019,95000,295000,390000
70926115142,2019,49500,98300,147800
60812113186,2019,78500,167500,246000
70929417123,2019,87300,266900,354200
81014303218,2019,32800,174800,207600
60802112015,2019,95200,194800,290000
80925408117,2019,56100,161400,217500
70918307319,2019,74800,132100,206900
60802105036,2019,68900,187500,256400
60802404123,2019,74200,153400,227600
70836106116,2019,69300,193200,262500
71015103105,2019,67900,138700,206600
70913405118,2019,92900,160400,253300
70824103025,2019,114800,375000,489800
70930105098,2019,72500,252500,325000
81022401096,2019,1041000,764000,1805000
71006203047,2019,0,0,0
70913318197,2019,100000,461600,561600
81033208051,2019,47100,146200,193300
71010107136,2019,54100,200900,255000
70826414115,2019,16100,101900,118000
81032412075,2019,43700,136600,180300
71002200980,2019,6900,0,6900
71010107095,2019,57500,194700,252200
71006405255,2019,68000,281800,349800
71001334053,2019,21000,158700,179700
70815401032,2019,721000,2879000,3600000
70813304080,2019,103200,373900,477100
70921121053,2019,155600,533800,689400
81015107122,2019,60300,184600,244900
71009413130,2019,63300,151800,215100
70923153799,2019,1300,23700,25000
71001405086,2019,59300,174300,233600
70924218550,2019,43200,600600,643800
70923146249,2019,8000,7000,15000
70913106352,2019,97600,248200,345800
71010120120,2019,50400,158800,209200
70912427056,2019,9000,91300,100300
70913347021,2019,2500,12500,15000
71010205302,2019,47900,189100,237000
60802109137,2019,73100,206100,279200
71011127042,2019,73400,287700,361100
70921216044,2019,70400,109600,180000
70834308714,2019,125000,293000,418000
70833401288,2019,193900,511900,705800
60812104151,2019,76000,167800,243800
71005111340,2019,56300,160500,216800
71011118413,2019,30500,229300,259800
70829418263,2019,14300,0,14300
81019305061,2019,57900,192300,250200
70825104080,2019,325000,1061000,1386000
70836407241,2019,55100,135500,190600
80925117958,2019,800,1200,2000
80925112114,2019,12100,264600,276700
70921408055,2019,142900,323900,466800
70923167443,2019,6500,18500,25000
70834213012,2019,80500,218400,298900
71007112156,2019,79600,238200,317800
60812403032,2019,77800,188000,265800
60906201334,2019,67600,121200,188800
70921403302,2019,142900,281600,424500
70813333170,2019,26300,226600,252900
70823306224,2019,82300,153600,235900
71006125035,2019,154000,756000,910000
80925216122,2019,0,0,0
70835125240,2019,500,1500,2000
81032415029,2019,46900,143100,190000
60802412358,2019,52600,176700,229300
80925119988,2019,800,1200,2000
71027418047,2019,0,0,0
70920307232,2019,109900,204200,314100
70821410176,2019,98900,0,98900
71007243323,2019,0,15000,15000
60802410287,2019,69300,180300,249600
70919202047,2019,88400,123500,211900
70924219061,2019,0,25000,25000
81031224364,2019,46700,80400,127100
70824407229,2019,108300,231700,340000
71001313023,2019,70800,318400,389200
80924413133,2019,10200,142100,152300
71009316152,2019,67900,140400,208300
70921409087,2019,142900,331000,473900
70931403053,2019,103100,166900,270000
71015304018,2019,254000,665500,919500
71014107033,2019,12300,176600,188900
70920406282,2019,153000,190000,343000
70932104030,2019,81400,244600,326000
71011305151,2019,65200,182400,247600
70923139046,2019,62100,51300,113400
70918306246,2019,74800,143000,217800
60812328628,2019,0,1000,1000
70928317192,2019,140800,287100,427900
80924401146,2019,22900,188800,211700
70920403197,2019,107100,298000,405100
60812111247,2019,78200,250900,329100
70914436154,2019,95800,490200,586000
80925207105,2019,56100,123800,179900
71010201152,2019,52600,161800,214400
71010302158,2019,54200,139700,193900
71011118405,2019,30500,235600,266100
70932118023,2019,21800,98200,120000
81030204292,2019,48700,121400,170100
70814207093,2019,0,0,0
70919109219,2019,105700,132400,238100
71016408059,2019,63600,157300,220900
71006431169,2019,87500,265500,353000
70926419015,2019,0,0,0
70918402127,2019,96400,313600,410000
80925112685,2019,800,1200,2000
70813310475,2019,21600,208400,230000
80925220090,2019,54500,154800,209300
71010114214,2019,57800,173400,231200
70828120017,2019,106400,174600,281000
60802108254,2019,71700,193300,265000
71021211124,2019,60100,156300,216400
70923167287,2019,3400,13800,17200
70923169043,2019,6500,18500,25000
70822205112,2019,0,0,0
70918201024,2019,721900,1003100,1725000
70901113046,2019,19200,91900,111100
70833111150,2019,95000,261700,356700
81030312152,2019,57000,177900,234900
81031204241,2019,52100,151400,203500
81028119669,2019,0,0,0
71015117172,2019,50600,162600,213200
70912407199,2019,111400,305200,416600
70926101034,2019,65900,208600,274500
71006430054,2019,109100,194600,303700
80924404744,2019,400,1600,2000
71027418063,2019,0,0,0
60904107089,2019,87200,272200,359400
80925112148,2019,10400,235500,245900
80925105135,2019,50600,151100,201700
70934309159,2019,15700,104700,120400
81032419196,2019,39800,140900,180700
81034327082,2019,11300,67800,79100
70919404099,2019,117300,255700,373000
71002415026,2019,66800,94000,160800
71007226395,2019,84500,180500,265000
70922345511,2019,112900,383900,496800
70828309059,2019,64900,0,64900
81032403230,2019,41400,106300,147700
60812109169,2019,76300,188500,264800
70926111083,2019,46900,197500,244400
80924101499,2019,0,0,0
81032408115,2019,43700,144000,187700
71006128097,2019,68500,149600,218100
60801313242,2019,73800,242200,316000
71014214698,2019,8100,114900,123000
70833201117,2019,99300,212700,312000
81021301213,2019,55000,190800,245800
70923170496,2019,2100,400,2500
70913341081,2019,21300,293700,315000
71006129037,2019,40700,179700,220400
70929118094,2019,89900,207800,297700
70833401147,2019,235400,503900,739300
70912404567,2019,101400,239500,340900
70930406066,2019,88800,242100,330900
70929422130,2019,144300,330000,474300
70835202379,2019,123600,243500,367100
70912409111,2019,117900,358400,476300
70836203201,2019,85600,239300,324900
80925301072,2019,0,0,0
60812302052,2019,0,0,0
71005227105,2019,48500,151800,200300
70813406076,2019,478700,427300,906000
70923229326,2019,0,0,0
70923412153,2019,1700,16300,18000
70823106020,2019,89400,207900,297300
70901109102,2019,44800,168500,213300
70926203054,2019,185700,318100,503800
71009308183,2019,68500,121800,190300
70836308134,2019,77000,298000,375000
81026415176,2019,1700,0,1700
60811113054,2019,106200,273900,380100
71003106145,2019,53100,166000,219100
70836223019,2019,14500,100300,114800
71001336041,2019,28600,248500,277100
70922416049,2019,80200,224500,304700
70814419268,2019,15200,182600,197800
70920108052,2019,121600,294900,416500
81021401097,2019,52500,164900,217400
70922419043,2019,79600,252700,332300
81021302287,2019,0,0,0
60811415278,2019,91100,160500,251600
71003406058,2019,56000,195000,251000
70918410154,2019,114800,220100,334900
81034401117,2019,62600,160100,222700
70824414597,2019,11900,80600,92500
70835201040,2019,151900,381900,533800
81026207234,2019,4300,0,4300
70922225036,2019,214600,530600,745200
70813324153,2019,138900,315800,454700
70913348376,2019,11800,453200,465000
71002437020,2019,50300,221700,272000
70916100989,2019,0,0,0
70823213023,2019,44900,141900,186800
70932108016,2019,115700,184300,300000
70834307138,2019,212800,475200,688000
70923146091,2019,8000,7000,15000
70824412129,2019,242000,396000,638000
70922401131,2019,158500,798600,957100
80935102113,2019,57400,143400,200800
70922343052,2019,181300,579900,761200
71011200997,2019,0,0,0
80925121842,2019,800,1200,2000
71003307074,2019,54000,160300,214300
70912422048,2019,9000,91300,100300
70926213037,2019,93100,182100,275200
70821402181,2019,102300,352200,454500
70834214721,2019,39200,0,39200
81031230022,2019,30100,86800,116900
70821207036,2019,136000,350500,486500
70929416315,2019,0,0,0
60803115117,2019,100800,287400,388200
71005310083,2019,51700,169500,221200
70920204016,2019,2519000,12331000,14850000
70928316037,2019,152000,427800,579800
81019304138,2019,59200,195100,254300
70826420154,2019,0,4000,4000
70932203048,2019,84900,249700,334600
70834201140,2019,96000,260700,356700
81023305073,2019,35600,100100,135700
70920212069,2019,127600,363100,490700
60801225059,2019,15000,131800,146800
81031412109,2019,40400,108600,149000
80935200983,2019,0,0,0
60801212436,2019,65800,150600,216400
70918307343,2019,75400,211500,286900
70826421855,2019,0,4000,4000
70823118132,2019,12800,87300,100100
71002106146,2019,9500,112600,122100
81031414080,2019,37600,182600,220200
70823102119,2019,76700,233700,310400
70920408048,2019,123800,166100,289900
80924426946,2019,400,1600,2000
70835124317,2019,500,1500,2000
70914414043,2019,87200,341100,428300
70813304311,2019,87000,227600,314600
60801412317,2019,73800,209100,282900
70921112325,2019,118900,186700,305600
70922416057,2019,80200,227200,307400
70932110227,2019,129300,410700,540000
71011402105,2019,82100,290700,372800
70929304156,2019,91400,179800,271200
60811416185,2019,80200,234600,314800
71007315099,2019,129000,327600,456600
70929420035,2019,153800,451200,605000
70919104160,2019,104800,203100,307900
71003212273,2019,53100,187100,240200
81031410020,2019,37600,151300,188900
81021108057,2019,60500,214300,274800
70929112286,2019,108100,310600,418700
70923171296,2019,1100,800,1900
70926205133,2019,81000,205000,286000
70928107212,2019,108200,260800,369000
71007206107,2019,59200,172200,231400
71004302461,2019,47900,145900,193800
81031204069,2019,39900,147200,187100
71034103318,2019,73600,237100,310700
60802310221,2019,100600,228100,328700
81028119148,2019,10800,96300,107100
70824110103,2019,194300,389000,583300
71009214265,2019,50700,169400,220100
70920218827,2019,400,14600,15000
71034102279,2019,54500,221000,275500
70934312011,2019,496000,0,496000
70824203099,2019,119400,322500,441900
80925104187,2019,51900,121800,173700
70931312155,2019,76000,183400,259400
70935202352,2019,66200,171800,238000
71004301257,2019,58500,142900,201400
71007215306,2019,99200,228100,327300
70825400909,2019,649000,488000,1137000
71014106324,2019,12500,152500,165000
71005403135,2019,63100,125800,188900
70901113327,2019,26800,131500,158300
71027401084,2019,295500,697500,993000
70829104060,2019,51000,284000,335000
81031224166,2019,39100,84500,123600
70921307108,2019,158000,334700,492700
70826404025,2019,72300,163700,236000
70836417026,2019,69900,154300,224200
70922330108,2019,178100,896900,1075000
70921127019,2019,14600,199400,214000
71006312088,2019,48200,268100,316300
70921402122,2019,142900,469900,612800
70922227074,2019,211600,478400,690000
80924422704,2019,400,1600,2000
81028404135,2019,59200,134200,193400
71012201019,2019,95300,112800,208100
71012209055,2019,62200,201600,263800
71009304123,2019,67200,131300,198500
81031207188,2019,39800,144600,184400
60803105275,2019,96700,204400,301100
80925116934,2019,800,1200,2000
81034106204,2019,63800,162300,226100
71011118083,2019,30500,226400,256900
60812328595,2019,0,1000,1000
81032102048,2019,118900,41500,160400
80924413042,2019,10200,142100,152300
60801231022,2019,35000,98000,133000
60812324072,2019,28700,174700,203400
70920214106,2019,15300,218200,233500
71003418285,2019,77700,312600,390300
60906115098,2019,57500,155000,212500
60803103071,2019,103200,206800,310000
70913340075,2019,66800,297300,364100
71016409130,2019,61800,129500,191300
60801203196,2019,66100,156700,222800
70813320292,2019,14600,114400,129000
71006116133,2019,35500,203100,238600
70922401016,2019,336700,633300,970000
60811104011,2019,100500,279700,380200
71011107010,2019,0,0,0
60906205039,2019,66400,135400,201800
71010313113,2019,55700,203100,258800
70915304029,2019,0,0,0
70836304033,2019,75800,208000,283800
60801404273,2019,81400,233700,315100
71010404334,2019,60200,181300,241500
70923309201,2019,115500,232800,348300
70935307384,2019,4900,55100,60000
70920217168,2019,12700,628600,641300
70923318096,2019,65200,239300,304500
70913223180,2019,3600,246300,249900
81028105238,2019,58100,153500,211600
70834403019,2019,0,0,0
70922223056,2019,107300,287800,395100
71006404265,2019,54100,212500,266600
70920106361,2019,130800,150300,281100
70920305111,2019,104000,361100,465100
70928105084,2019,128000,252900,380900
70928104052,2019,108400,221600,330000
70920406018,2019,158700,227100,385800
71009401052,2019,63300,117500,180800
70923411098,2019,35200,378700,413900
81033410135,2019,0,0,0
71019406208,2019,81800,157700,239500
81035114123,2019,100,0,100
71005412079,2019,41800,164500,206300
70923168566,2019,6500,18500,25000
71021209096,2019,61000,190500,251500
81030309076,2019,59600,163300,222900
70823206119,2019,18100,238600,256700
70826404075,2019,80400,176000,256400
70924207016,2019,0,0,0
70923156438,2019,5000,10000,15000
70834428372,2019,20300,173700,194000
70932420080,2019,60000,1500,61500
81030315065,2019,59800,159800,219600
70929116147,2019,135300,197000,332300
70822414664,2019,23600,155600,179200
70930301141,2019,1458000,3225000,4683000
60811102122,2019,98800,214400,313200
70932406072,2019,80800,171300,252100
80925215017,2019,56100,152200,208300
71006319034,2019,0,0,0
71006440178,2019,18700,156300,175000
70931415123,2019,66600,127200,193800
71014106176,2019,12500,182400,194900
71003405109,2019,54300,178000,232300
81033300881,2019,69000,269700,338700
71010212365,2019,62400,275500,337900
81032306103,2019,134000,550800,684800
70923159341,2019,8000,7000,15000
60811414139,2019,0,0,0
70927107338,2019,37900,319200,357100
70918313027,2019,507300,273000,780300
71006414090,2019,47500,312100,359600
71015403274,2019,52000,174100,226100
70919411036,2019,108900,181100,290000
70918322250,2019,0,2000,2000
70824206019,2019,107500,354900,462400
70931308021,2019,107500,196900,304400
71006403043,2019,60300,249700,310000
71003308212,2019,54000,191700,245700
70824204047,2019,94100,285900,380000
70826417961,2019,21500,121900,143400
71006408118,2019,69300,237400,306700
80926309059,2019,67000,239800,306800
71007120018,2019,0,0,0
60801226263,2019,16200,178300,194500
70826307047,2019,106200,334500,440700
70829110249,2019,81300,288700,370000
70914437219,2019,1100,5900,7000
70935207211,2019,45900,104100,150000
80936102039,2019,13800,103300,117100
80926112189,2019,54800,164100,218900
70929302134,2019,78800,269500,348300
70826311030,2019,120000,419900,539900
71021212015,2019,63800,137100,200900
70921119123,2019,135000,378100,513100
60812319099,2019,89800,211400,301200
70826314076,2019,1716000,17113000,18829000
71012205334,2019,0,0,0
71009214348,2019,50500,182500,233000
60811103170,2019,99500,219100,318600
80924440045,2019,13300,230200,243500
70932302246,2019,770000,518000,1288000
80924304085,2019,69200,208000,277200
70931314010,2019,23600,38400,62000
70834308962,2019,125000,342000,467000
80926308100,2019,63100,211400,274500
70836311012,2019,0,0,0
70829404014,2019,0,0,0
70921307067,2019,155600,314400,470000
70921219329,2019,135500,220500,356000
60802417035,2019,70700,172800,243500
71005227189,2019,39200,77400,116600
70833205127,2019,29200,270700,299900
81031214076,2019,38100,149000,187100
81026206111,2019,5300,0,5300
71001320250,2019,64600,173400,238000
70914425040,2019,1597000,4238000,5835000
81027402015,2019,22700,0,22700
81034107103,2019,61400,171400,232800
70931102308,2019,107100,136100,243200
70922326115,2019,183200,573600,756800
70918307393,2019,74800,104600,179400
71010212290,2019,57400,209800,267200
80925111207,2019,54900,128800,183700
71006107190,2019,54100,158900,213000
70820118094,2019,100,0,100
70836105019,2019,77100,164400,241500
70836114226,2019,69900,186000,255900
70929219206,2019,82300,152000,234300
70929410010,2019,86000,245700,331700
60904108178,2019,89200,213600,302800
70931310141,2019,99000,117500,216500
71006129243,2019,83300,100900,184200
70825402038,2019,132000,388000,520000
70921306233,2019,154500,335700,490200
80925307369,2019,61100,58500,119600
70920220731,2019,0,2200,2200
80926109152,2019,54500,146000,200500
60901104111,2019,75000,210200,285200
80925113758,2019,800,1200,2000
71009318182,2019,66600,141400,208000
70926405014,2019,80600,145400,226000
71027106014,2019,0,0,0
70918411011,2019,128500,181300,309800
70926202270,2019,80000,261700,341700
71010303122,2019,63000,144600,207600
70907300019,2019,0,207700,207700
60905221086,2019,0,0,0
70933201223,2019,142300,357700,500000
60802431027,2019,35000,139700,174700
71014108164,2019,10700,174300,185000
70931415157,2019,68600,154900,223500
81032108062,2019,0,0,0
71007105250,2019,87900,423000,510900
70919208102,2019,95000,197100,292100
70930411065,2019,73300,189100,262400
60802112429,2019,93800,153300,247100
81015103138,2019,63600,176600,240200
71005228236,2019,47100,127100,174200
70929307225,2019,109400,350400,459800
70919108120,2019,105000,452000,557000
80925410071,2019,48900,163700,212600
81028122109,2019,10100,101900,112000
80925220149,2019,54500,145700,200200
60801404265,2019,86800,236800,323600
70914438291,2019,2200,22800,25000
71010207259,2019,55300,207200,262500
71010107045,2019,55600,226300,281900
70823210417,2019,134500,269600,404100
70823408020,2019,38200,237400,275600
71005313087,2019,132000,527600,659600
70920402090,2019,120800,254900,375700
70930104313,2019,81400,272500,353900
71006132171,2019,65100,161400,226500
70914437805,2019,2200,17300,19500
81031405071,2019,36500,124300,160800
70935201065,2019,66200,177800,244000
70919218127,2019,121200,166500,287700
70922404391,2019,56800,284500,341300
71004404340,2019,49300,144500,193800
70929123960,2019,0,1000,1000
71004310208,2019,53100,146300,199400
70923130101,2019,289000,679000,968000
70926202303,2019,80000,245800,325800
70919408330,2019,109100,207900,317000
70835107173,2019,106200,388100,494300
70836208285,2019,73800,308700,382500
60811401152,2019,84500,208300,292800
70929201120,2019,115200,149000,264200
71005316221,2019,48000,202000,250000
70823313112,2019,16300,119100,135400
71015201371,2019,84400,270300,354700
70928201147,2019,90600,273700,364300
70920218728,2019,400,14600,15000
70834308590,2019,28700,0,28700
71014201083,2019,54300,156700,211000
70814423087,2019,99400,261600,361000
70923142594,2019,44900,215200,260100
71021106044,2019,60100,120800,180900
81028121333,2019,10800,93400,104200
80925304018,2019,47800,132800,180600
70918315099,2019,26700,114800,141500
71001319154,2019,64400,188500,252900
71003301092,2019,62500,191500,254000
71009412059,2019,63500,50000,113500
70931401081,2019,131300,243900,375200
71006410022,2019,54100,152700,206800
81026344127,2019,4300,0,4300
80924435963,2019,400,1600,2000
71010315127,2019,57100,163200,220300
70932203246,2019,79000,218200,297200
70920408030,2019,123300,189600,312900
70826416913,2019,21500,135500,157000
70834405023,2019,123000,467000,590000
70920418378,2019,127800,122700,250500
70923162378,2019,8000,7000,15000
71010114264,2019,65500,174000,239500
70833210035,2019,111900,376700,488600
81028401115,2019,140500,1355500,1496000
60802107024,2019,67500,156000,223500
81030102024,2019,967000,1580000,2547000
81023306162,2019,35600,91400,127000
71007117221,2019,550000,3280000,3830000
70920416025,2019,127600,125200,252800
70913222182,2019,14500,426500,441000
81030304274,2019,65900,232200,298100
60802310065,2019,0,0,0
70920103177,2019,133500,288200,421700
70923130010,2019,0,0,0
70918219051,2019,128500,143000,271500
81033207087,2019,45600,125700,171300
70923154713,2019,0,2500,2500
71006404017,2019,67400,159900,227300
71005220068,2019,60600,172000,232600
80924408902,2019,400,1600,2000
70924219251,2019,0,25000,25000
71005402096,2019,32300,133300,165600
70923156165,2019,3300,11700,15000
71007317053,2019,53900,226100,280000
60812121444,2019,77700,206900,284600
70813304171,2019,84300,110700,195000
80926110034,2019,54800,154200,209000
60802411243,2019,70400,163900,234300
81034325127,2019,30000,108300,138300
70836213094,2019,11600,117100,128700
71009223068,2019,45900,116800,162700
70932109171,2019,218900,816400,1035300
71004309037,2019,57200,142300,199500
71005226165,2019,38400,93200,131600
70923116086,2019,129400,364700,494100
70913127027,2019,18800,182500,201300
71011206127,2019,36000,260200,296200
70835122733,2019,6500,71300,77800
71004403160,2019,52000,140500,192500
71021105038,2019,60100,152200,212300
60811430060,2019,77800,202700,280500
70921306035,2019,172400,393200,565600
71010119016,2019,0,0,0
70918321046,2019,0,2000,2000
70919204043,2019,67600,115500,183100
70815310085,2019,18900,201900,220800
60812405294,2019,74600,198300,272900
81034413112,2019,67300,179200,246500
70923165158,2019,33100,179000,212100
81028306018,2019,0,0,0
71003320018,2019,48400,134900,183300
70923148815,2019,4200,800,5000
80925307020,2019,61900,111300,173200
60811432024,2019,89100,172200,261300
70824109130,2019,103100,242000,345100
70928103278,2019,118500,271100,389600
70920123076,2019,15200,86400,101600
80926107263,2019,52500,136100,188600
70923232048,2019,3202700,60206300,63409000
70834415220,2019,24000,174500,198500
80925123905,2019,800,1200,2000
70920218041,2019,400,14600,15000
70913113208,2019,70100,453300,523400
70913204130,2019,80300,296900,377200
81028111037,2019,63000,292800,355800
71002436048,2019,10500,0,10500
70828431034,2019,0,0,0
70833102034,2019,146700,343700,490400
71003205286,2019,50800,169700,220500
71005404141,2019,0,0,0
70922433283,2019,92000,152700,244700
70920105032,2019,106000,284000,390000
80924424148,2019,8600,166800,175400
71015304042,2019,0,0,0
70920109159,2019,84000,207000,291000
81015401061,2019,413000,2384000,2797000
70820105083,2019,100,0,100
70912407321,2019,114500,186200,300700
60812106264,2019,79200,147100,226300
71021214128,2019,59700,174000,233700
70921308114,2019,114400,278100,392500
71007220199,2019,92800,251200,344000
60811435044,2019,85900,205500,291400
80924426780,2019,400,1600,2000
70836104045,2019,77100,161600,238700
80925406046,2019,62100,243900,306000
71009320327,2019,71700,164900,236600
71021104014,2019,61000,139700,200700
71007109088,2019,94100,340400,434500
70931412046,2019,95200,250500,345700
71006421128,2019,59000,195100,254100
70920104092,2019,111800,238200,350000
70814312412,2019,26100,233900,260000
60812212011,2019,22400,176900,199300
80925210330,2019,56900,200100,257000
70922432144,2019,69400,205600,275000
71003316116,2019,57300,182300,239600
70918211172,2019,76700,205500,282200
80925210116,2019,54500,131200,185700
70928105216,2019,103700,317400,421100
70935116066,2019,66100,225600,291700
71005108016,2019,50600,201000,251600
81027108077,2019,36700,115800,152500
80924443130,2019,15600,281200,296800
70929211012,2019,83800,209200,293000
70834427100,2019,25600,156800,182400
70921316109,2019,109200,177500,286700
70913433359,2019,12300,294400,306700
80926206106,2019,66200,168800,235000
70919401251,2019,123200,254300,377500
70920302167,2019,144300,460900,605200
81021301057,2019,75400,227100,302500
81021302013,2019,56400,127300,183700
70926204086,2019,44300,227800,272100
70935206172,2019,38600,131900,170500
71010109116,2019,59000,243400,302400
70920304056,2019,102500,317700,420200
71002303156,2019,31400,202200,233600
70922317031,2019,209000,636000,845000
70920402321,2019,154000,208300,362300
60812331085,2019,0,100,100
81022302335,2019,424000,2656000,3080000
70836216379,2019,5500,95800,101300
70918321096,2019,0,2000,2000
71011108381,2019,30000,229500,259500
71006408142,2019,62900,210800,273700
71009408165,2019,66000,143000,209000
70833409117,2019,46200,180800,227000
71010109124,2019,57400,180600,238000
81027208166,2019,89500,152500,242000
71005223228,2019,0,0,0
70833116043,2019,85100,236900,322000
81028102383,2019,58600,171200,229800
70914438407,2019,2200,22800,25000
70836307235,2019,65900,147600,213500
71002437012,2019,53800,246100,299900
70826406170,2019,66400,159200,225600
70923138535,2019,37300,366200,403500
71005201109,2019,0,0,0
70920220608,2019,0,4600,4600
70836117030,2019,70800,197700,268500
70931417070,2019,86000,304000,390000
60802306163,2019,19400,164600,184000
80926103310,2019,53500,151600,205100
70936407133,2019,59100,135500,194600
60804212029,2019,18800,0,18800
70928104094,2019,88900,194200,283100
81031205132,2019,49300,132900,182200
80936108045,2019,14900,98200,113100
70924218104,2019,31600,420700,452300
60802411178,2019,67100,160800,227900
80925118948,2019,800,1200,2000
70918415815,2019,10500,112200,122700
70913405184,2019,87400,304300,391700
70923232056,2019,812000,2040000,2852000
60811429047,2019,77800,195200,273000
71016416078,2019,62500,149800,212300
70930207050,2019,428000,0,428000
70813404070,2019,196500,220400,416900
70834426053,2019,29000,107200,136200
80936106065,2019,13800,94200,108000
70913308057,2019,179000,5000,184000
70913341099,2019,21300,314600,335900
60812303092,2019,0,0,0
71005217164,2019,65100,195600,260700
70928113079,2019,141400,183600,325000
81033404063,2019,29500,101100,130600
70932415023,2019,50800,157400,208200
70928108286,2019,107000,152100,259100
70824410256,2019,104400,273400,377800
70824213139,2019,107500,272800,380300
81023304463,2019,35600,152700,188300
70923409043,2019,49000,110100,159100
70921122051,2019,135000,283300,418300
71006105095,2019,39300,205100,244400
81027112052,2019,36700,112600,149300
71010408039,2019,52000,147100,199100
81028114073,2019,57100,143200,200300
70828304140,2019,0,0,0
70922113190,2019,32800,1000,33800
70914437772,2019,2200,17300,19500
70835125141,2019,500,1500,2000
70922403062,2019,127000,28000,155000
70914406199,2019,173900,179700,353600
70923130169,2019,225700,119600,345300
60812303232,2019,0,0,0
80925413033,2019,55200,167100,222300
70922305028,2019,141600,363900,505500
70918321351,2019,0,2000,2000
60801413092,2019,0,0,0
70930404028,2019,374000,470000,844000
71003313039,2019,49300,133700,183000
81031408091,2019,39600,92700,132300
70922303098,2019,203200,436600,639800
70918415146,2019,10500,112700,123200
81019309063,2019,68800,172900,241700
60812121147,2019,81800,274600,356400
70921403047,2019,142900,401600,544500
71002441097,2019,100,0,100
70932406022,2019,80100,86200,166300
70826313367,2019,72000,228000,300000
80924424990,2019,400,1600,2000
70828302110,2019,15100,0,15100
60802423032,2019,18900,132200,151100
70824310092,2019,14100,149900,164000
70814201219,2019,116100,220400,336500
60802405197,2019,65500,193600,259100
70836207097,2019,34300,130700,165000
70919408190,2019,109100,251500,360600
70928113144,2019,234600,286500,521100
71006417309,2019,71100,329100,400200
70929410086,2019,86700,275300,362000
70914437441,2019,1100,5900,7000
80924417929,2019,400,1600,2000
81032425169,2019,28100,137700,165800
71003314277,2019,48400,182000,230400
70814310010,2019,73000,192700,265700
70920410390,2019,127600,191500,319100
70918302210,2019,71300,130400,201700
71010218040,2019,10900,111500,122400
70932408078,2019,18000,138700,156700
60811110050,2019,103300,218100,321400
70829102048,2019,83900,266100,350000
80924103031,2019,82000,213900,295900
80936200966,2019,0,0,0
70936303050,2019,60800,133100,193900
80925107058,2019,53600,152800,206400
60804210015,2019,14400,0,14400
71016110159,2019,63900,126100,190000
60802306064,2019,19400,183200,202600
60802106133,2019,68700,191300,260000
70923301124,2019,0,0,0
70834308657,2019,29500,0,29500
70828314389,2019,1400,0,1400
70813107070,2019,311500,244400,555900
70919312010,2019,135000,295000,430000
60801224043,2019,15900,183600,199500
70932408052,2019,76300,164300,240600
70923173987,2019,3300,11700,15000
70814419169,2019,15200,160500,175700
70834413159,2019,24200,178200,202400
81026207218,2019,4200,0,4200
70935204069,2019,0,0,0
71014202057,2019,61500,131600,193100
80925410097,2019,56100,159200,215300
70919226013,2019,111700,159900,271600
60905205080,2019,88000,226000,314000
70834416062,2019,22800,198800,221600
60811102049,2019,116800,202500,319300
81032311144,2019,49200,242200,291400
71034107071,2019,52600,193400,246000
60802402185,2019,67300,173700,241000
80925408084,2019,52900,132600,185500
70920103367,2019,770000,890000,1660000
80925402028,2019,57600,128000,185600
70929207037,2019,80700,249300,330000
70924220456,2019,0,10000,10000
70913429035,2019,15400,253000,268400
70828407019,2019,0,0,0
70920101022,2019,1870000,1446000,3316000
70923166213,2019,88500,489900,578400
70922306050,2019,111300,252700,364000
70931416105,2019,95700,140300,236000
81026345050,2019,2300,0,2300
70823115047,2019,89400,172400,261800
71011125252,2019,60100,237900,298000
70826408308,2019,70300,159300,229600
70919410301,2019,108800,222500,331300
71015206032,2019,47200,195800,243000
71006308293,2019,49300,176600,225900
71011108761,2019,30000,235600,265600
60812111429,2019,82100,237100,319200
70823403096,2019,58000,155300,213300
71003212257,2019,53100,195300,248400
60902205116,2019,0,0,0
70828309116,2019,64900,46500,111400
70824213064,2019,115400,235300,350700
70923145720,2019,8000,7000,15000
70922418144,2019,166600,281000,447600
81030304117,2019,68600,135100,203700
70923225225,2019,117300,379700,497000
71009224131,2019,45900,219700,265600
70826421607,2019,0,4000,4000
70836405013,2019,55200,145300,200500
80926403075,2019,0,0,0
70913350694,2019,0,8000,8000
71010413129,2019,53200,129400,182600
70930410067,2019,97100,232300,329400
60811206099,2019,100300,243000,343300
70922424125,2019,155200,319700,474900
71003407022,2019,53000,209400,262400
70836412084,2019,69700,162100,231800
80924436911,2019,400,1600,2000
60801308128,2019,68100,179400,247500
71014216222,2019,7500,134500,142000
80935107022,2019,80400,284800,365200
71002311167,2019,62600,278100,340700
70926404157,2019,127000,281500,408500
71021225125,2019,64400,250000,314400
70931307239,2019,100500,115300,215800
80925113047,2019,12600,198300,210900
70923159151,2019,8000,7000,15000
80924410072,2019,8000,135700,143700
71010311365,2019,54600,123900,178500
60801114187,2019,56700,137700,194400
70913403112,2019,111600,483400,595000
70835202056,2019,312200,787800,1100000
70834214010,2019,40800,479400,520200
70918410237,2019,108600,223300,331900
70814203265,2019,0,0,0
70919401334,2019,131100,239400,370500
71006111307,2019,38700,221300,260000
70921114222,2019,124400,298500,422900
70823110047,2019,89000,234400,323400
70920216053,2019,10300,265300,275600
70920220757,2019,0,5600,5600
70928207070,2019,89900,359100,449000
71010409095,2019,55800,134300,190100
71002106203,2019,9500,154900,164400
60801203188,2019,66100,153400,219500
60813204025,2019,17000,2100,19100
71012201316,2019,118200,224000,342200
81021107083,2019,60900,183600,244500
70921207217,2019,77500,195500,273000
70921205063,2019,83600,75800,159400
80925114722,2019,800,1200,2000
70825201117,2019,531000,615000,1146000
70826413141,2019,10200,77000,87200
70826421615,2019,0,4000,4000
70913423095,2019,90000,373000,463000
71010306233,2019,54200,148900,203100
70820107162,2019,100,0,100
71016406102,2019,62400,177800,240200
80935200991,2019,15000,0,15000
71010204198,2019,59600,125400,185000
81033410036,2019,20000,97000,117000
70930103117,2019,80900,175300,256200
70826421532,2019,0,4000,4000
70823112019,2019,89400,199000,288400
70918311021,2019,102000,142500,244500
70920416140,2019,126100,159400,285500
80926106249,2019,53100,116800,169900
70936302143,2019,63100,131500,194600
70814430446,2019,19700,224800,244500
71006403100,2019,59700,189800,249500
71006116216,2019,59400,273600,333000
70919210066,2019,95500,240100,335600
70923123213,2019,91700,291300,383000
70836416052,2019,61900,142500,204400
70932203139,2019,86900,207100,294000
70913326059,2019,130700,436000,566700
71016114135,2019,51500,116500,168000
71007225066,2019,99200,381600,480800
71009221111,2019,38400,137900,176300
70913422229,2019,68700,299500,368200
71007305066,2019,110400,193600,304000
70824410214,2019,104400,227300,331700
81031207154,2019,49300,113100,162400
70923412369,2019,1700,16300,18000
60903208177,2019,14900,97700,112600
70920308066,2019,97600,222200,319800
80924105152,2019,104900,310800,415700
60906201318,2019,67600,146400,214000
60902202021,2019,121000,305000,426000
70923156967,2019,5000,10000,15000
70923166255,2019,100200,503400,603600
71003418029,2019,51000,146600,197600
70913119339,2019,100500,166800,267300
70828425029,2019,0,0,0
70912428020,2019,9000,91300,100300
71010101261,2019,53200,254300,307500
71034107112,2019,68100,175000,243100
70923167047,2019,6500,18500,25000
70922346121,2019,0,15000,15000
71021220068,2019,63200,161600,224800
70829102155,2019,106100,243900,350000
71016415096,2019,61700,134400,196100
60905214255,2019,4200,47600,51800
81031224421,2019,40800,91200,132000
81033205346,2019,42800,135700,178500
71001317025,2019,66200,183200,249400
70922321040,2019,151400,434700,586100
71027415043,2019,0,0,0
70918414156,2019,253000,619000,872000
70923162477,2019,8000,7000,15000
70826417705,2019,0,0,0
71023302020,2019,393500,625500,1019000
70821202151,2019,162000,418000,580000
70932309010,2019,1224000,4399000,5623000
60802405155,2019,64600,215900,280500
60801226164,2019,16200,176200,192400
70929123069,2019,14900,226100,241000
70928214017,2019,100000,218200,318200
60811414030,2019,76100,185900,262000
71002445114,2019,100,0,100
81028111186,2019,65100,227300,292400
70829102014,2019,86700,280800,367500
60801103106,2019,61800,139100,200900
70825304010,2019,330000,0,330000
70922336081,2019,145600,403200,548800
60812330045,2019,0,5000,5000
70931404069,2019,102400,157600,260000
71004401130,2019,44900,115500,160400
70826410171,2019,0,0,0
71010206251,2019,58600,206700,265300
71001103044,2019,64400,295500,359900
70913349150,2019,39200,228200,267400
81030209078,2019,57100,129800,186900
70826418117,2019,21500,132700,154200
81030312144,2019,57500,150500,208000
60811407126,2019,75400,184600,260000
70926306022,2019,0,0,0
80925103189,2019,51300,193600,244900
70931414133,2019,102800,242300,345100
70923154341,2019,0,7500,7500
71006105110,2019,39300,169000,208300
80925112164,2019,12600,258800,271400
71007302286,2019,102000,256100,358100
70918416350,2019,9500,33800,43300
70921221390,2019,142300,163400,305700
70813309189,2019,105000,281600,386600
70836105192,2019,69900,174800,244700
71007117213,2019,0,0,0
80924403960,2019,400,1600,2000
80924435038,2019,13300,224100,237400
81031205083,2019,36300,113500,149800
70824109049,2019,98600,171000,269600
71010112052,2019,54800,144600,199400
71034105299,2019,73700,208100,281800
70836221063,2019,12800,138300,151100
71005204145,2019,52300,99700,152000
70824203065,2019,114700,176500,291200
71005321163,2019,109100,217800,326900
70931402203,2019,110700,237100,347800
70836304223,2019,74900,138000,212900
71009411275,2019,63600,123300,186900
60811427059,2019,77800,216000,293800
81021304085,2019,43600,181100,224700
81031203201,2019,54600,156300,210900
60801219218,2019,87200,134200,221400
81032104010,2019,30600,145400,176000
70930104264,2019,85100,231900,317000
81032301145,2019,45200,147700,192900
80925115019,2019,13500,198400,211900
71027406141,2019,51000,198600,249600
71035112186,2019,73500,277400,350900
70821402131,2019,113300,395500,508800
80925307244,2019,186000,959000,1145000
81032410110,2019,56900,117500,174400
71014216587,2019,7500,118000,125500
70835303200,2019,88700,293200,381900
70833118065,2019,91400,254900,346300
70930303030,2019,297000,138000,435000
81031103138,2019,0,0,0
60802305230,2019,13800,196200,210000
80924410783,2019,400,1600,2000
70822114024,2019,24800,224200,249000
70824205053,2019,126100,407700,533800
70823210574,2019,106700,272900,379600
60801208188,2019,76000,324000,400000
70923165710,2019,54100,293100,347200
60812304305,2019,75300,237200,312500
70919412183,2019,109600,197400,307000
70928101074,2019,107200,395700,502900
70820101023,2019,221000,1000,222000
70834308409,2019,125000,357500,482500
81034327090,2019,11300,88700,100000
60811402316,2019,77300,198900,276200
80924305033,2019,71400,264700,336100
71001201038,2019,90600,106300,196900
81027109025,2019,36700,108900,145600
70828303027,2019,0,0,0
71005228153,2019,47100,141300,188400
70921206102,2019,55000,155000,210000
70936315013,2019,31400,87600,119000
81033308067,2019,6400,64800,71200
71006440847,2019,0,4000,4000
80924413050,2019,9600,139500,149100
71011220284,2019,11300,215700,227000
71030208039,2019,88300,243400,331700
70834303037,2019,122100,417800,539900
70919212103,2019,91500,138900,230400
60801419305,2019,16600,203200,219800
80924423752,2019,400,1600,2000
70921203067,2019,105000,438000,543000
70829102329,2019,102500,229500,332000
80925210265,2019,55800,192200,248000
70901106174,2019,51000,124100,175100
70929303116,2019,80800,212400,293200
71009314099,2019,66800,102700,169500
71010113084,2019,48600,169600,218200
71035207359,2019,43900,197900,241800
70931408061,2019,68600,150500,219100
70826417523,2019,21500,123200,144700
70929224156,2019,85900,187600,273500
80926203136,2019,65400,166000,231400
60904105158,2019,78700,149300,228000
60802113071,2019,86200,158400,244600
70835203236,2019,140300,357800,498100
70835320030,2019,55300,160900,216200
80925114897,2019,800,1200,2000
60801219242,2019,76400,175200,251600
71005111324,2019,65100,160200,225300
70932207090,2019,17200,118700,135900
81016204042,2019,0,0,0
60802418174,2019,63200,205000,268200
70923411014,2019,35200,361800,397000
70816408227,2019,207600,280400,488000
70936305121,2019,52800,135200,188000
70816401114,2019,185200,408300,593500
70920219403,2019,0,0,0
60801213294,2019,82800,151500,234300
70836408215,2019,61900,150000,211900
80925116702,2019,800,1200,2000
70912403080,2019,104100,130900,235000
71011108589,2019,30000,240900,270900
81033205106,2019,44900,143800,188700
60906201227,2019,65500,150900,216400
81031217210,2019,38500,102900,141400
70926411144,2019,0,0,0
80924437852,2019,400,1600,2000
71016401102,2019,69000,261000,330000
71009412108,2019,63500,94400,157900
70814206186,2019,100200,366200,466400
70935307342,2019,4900,55100,60000
71009201139,2019,51900,149400,201300
70833113172,2019,99300,364700,464000
70835203161,2019,127100,391800,518900
71001325078,2019,24900,135400,160300
71007226064,2019,89600,217700,307300
70923413490,2019,900,6600,7500
70929221251,2019,90100,185500,275600
70834424031,2019,0,0,0
71006423158,2019,56200,185400,241600
70834420063,2019,35500,200900,236400
70913219022,2019,16100,214900,231000
81033409013,2019,33500,99500,133000
71004304029,2019,52800,160300,213100
60812202070,2019,81000,183000,264000
71005107084,2019,39200,101900,141100
70826412903,2019,10000,75100,85100
70835208252,2019,78200,191700,269900
81031211212,2019,44900,135800,180700
71007302054,2019,87400,288400,375800
70919108089,2019,94200,100800,195000
70836207500,2019,0,0,0
70913415117,2019,101400,527100,628500
60801209144,2019,78500,153200,231700
81028102010,2019,59400,169500,228900
71001308040,2019,59300,216000,275300
71007242234,2019,12300,244200,256500
70835203335,2019,129200,360800,490000
70931401015,2019,102400,185900,288300
70929118151,2019,89900,216200,306100
80936201245,2019,67400,95200,162600
70923148443,2019,4200,800,5000
70929302043,2019,80800,227000,307800
70926118162,2019,80000,223000,303000
70824206340,2019,108800,274300,383100
70836108203,2019,73000,148200,221200
71019410069,2019,180200,0,180200
70926202147,2019,193900,264400,458300
71004313294,2019,54100,148500,202600
70922421163,2019,137400,381300,518700
71035109026,2019,72100,192900,265000
81034411075,2019,67400,179800,247200
71004317189,2019,58800,139600,198400
70913414143,2019,173000,202800,375800
70930413194,2019,67700,222500,290200
80925305066,2019,60800,148000,208800
70836312177,2019,19100,182100,201200
60811111123,2019,103300,242600,345900
80924420849,2019,400,1600,2000
70834103099,2019,180400,754100,934500
70815310035,2019,18900,208700,227600
70824302023,2019,103100,197200,300300
70823413300,2019,32800,217300,250100
70931403087,2019,103100,179200,282300
70814311076,2019,1540000,9422000,10962000
70930415249,2019,91600,353100,444700
80925405296,2019,56200,171100,227300
70921417189,2019,138100,411200,549300
71003414093,2019,55600,199900,255500
70824309110,2019,14100,146200,160300
80924312038,2019,80400,385000,465400
81031219133,2019,24300,0,24300
60801304267,2019,76300,169500,245800
60801412250,2019,80900,202800,283700
70836406011,2019,61900,147400,209300
81029100071,2019,0,286000,286000
81034103169,2019,67200,195700,262900
80924403895,2019,400,1600,2000
71003106294,2019,53100,209500,262600
71034104051,2019,76100,224200,300300
70928219314,2019,0,0,0
80924413068,2019,8600,133700,142300
71015407086,2019,48800,181500,230300
70923179159,2019,65500,0,65500
70936403298,2019,64500,127800,192300
60812305246,2019,79300,231900,311200
71009201030,2019,50800,168100,218900
60801214044,2019,69300,167200,236500
71006319026,2019,22000,128000,150000
70923131026,2019,63300,257600,320900
60803105340,2019,101400,178200,279600
71002308130,2019,53700,226700,280400
71009408074,2019,65400,113200,178600
70931416113,2019,105100,157600,262700
70919202104,2019,67700,156000,223700
80925309125,2019,66000,148200,214200
70913110014,2019,62000,222900,284900
70920222042,2019,16400,139000,155400
70913416040,2019,100000,76000,176000
71006110383,2019,67900,222500,290400
70923310109,2019,65200,224200,289400
71006115151,2019,27900,145800,173700
70922345371,2019,170000,500000,670000
71006446077,2019,3000,35000,38000
70923116242,2019,59300,259500,318800
70923150125,2019,63900,397800,461700
71015106133,2019,66400,145100,211500
80925107090,2019,57100,135300,192400
80924424065,2019,11000,177000,188000
70928101107,2019,99700,420100,519800
70935116024,2019,165000,0,165000
70827102024,2019,550000,834000,1384000
70914407014,2019,129000,304000,433000
71001313114,2019,88100,306700,394800
60801213096,2019,75700,160900,236600
81031202055,2019,51300,141900,193200
70816308112,2019,174100,600700,774800
71010207374,2019,52900,205900,258800
80924426011,2019,9900,170700,180600
70932102026,2019,119800,288600,408400
71005413077,2019,47600,110600,158200
70913209320,2019,77600,165100,242700
60811109029,2019,105100,291900,397000
70820118119,2019,100,0,100
60802413653,2019,75800,140400,216200
71009104086,2019,54100,144500,198600
71011126135,2019,69500,0,69500
71010111161,2019,63700,226200,289900
70913308106,2019,297000,55000,352000
71019411249,2019,9000,109800,118800
81034325094,2019,30000,94800,124800
71006317020,2019,79000,462000,541000
71001316100,2019,64400,247800,312200
70826420881,2019,0,4000,4000
70828118111,2019,33100,251800,284900
70923150604,2019,55100,345300,400400
70932404068,2019,94000,186000,280000
70923160067,2019,8000,7000,15000
70923132024,2019,77400,230300,307700
70926202212,2019,0,0,0
60801226271,2019,16200,159800,176000
60801415072,2019,86800,203700,290500
70835202080,2019,183500,479200,662700
60801410014,2019,0,0,0
81030312110,2019,58700,122200,180900
71004307057,2019,58500,150300,208800
70923411676,2019,29700,258300,288000
70836213309,2019,11600,116300,127900
70913403055,2019,105100,161800,266900
60905214304,2019,4200,44600,48800
71005230091,2019,54100,146500,200600
81028107177,2019,60400,167700,228100
71011301141,2019,61300,163700,225000
71009214257,2019,50800,152400,203200
70824403128,2019,105100,199200,304300
71001335085,2019,35500,155400,190900
81023209465,2019,0,1200,1200
70836408174,2019,61900,136700,198600
81032310089,2019,48900,147800,196700
70918222096,2019,0,0,0
80924410981,2019,400,1600,2000
80925118964,2019,800,1200,2000
70828426077,2019,0,0,0
70913350652,2019,0,100,100
71006417325,2019,72800,295400,368200
71001324161,2019,63500,184700,248200
71027201971,2019,54500,250500,305000
70936409098,2019,65100,182900,248000
80924416723,2019,400,1600,2000
71004317197,2019,63400,177200,240600
70836112030,2019,70800,172300,243100
80924431151,2019,10400,194500,204900
71009408107,2019,65700,140000,205700
71035125189,2019,11800,271500,283300
80936209166,2019,63900,131400,195300
70826418141,2019,18400,86500,104900
70936301038,2019,61300,154400,215700
81021404116,2019,51000,146600,197600
71021109072,2019,61000,142000,203000
60903202096,2019,0,0,0
70928204050,2019,93000,264900,357900
81034109117,2019,61400,174400,235800
70929216062,2019,87900,219000,306900
70913418012,2019,0,0,0
71006446358,2019,3000,35000,38000
71026403015,2019,71400,336800,408200
70814307041,2019,138400,326700,465100
70918310065,2019,133200,134000,267200
81031209217,2019,64400,167000,231400
70934309133,2019,15700,94800,110500
70918321591,2019,0,2000,2000
81028121523,2019,8700,68600,77300
70929123910,2019,0,1000,1000
70923413888,2019,0,5000,5000
71019411314,2019,9000,134000,143000
71012303055,2019,252000,133000,385000
71034101164,2019,56500,169900,226400
80925202105,2019,56100,165800,221900
70918307236,2019,88700,151000,239700
70826420162,2019,0,4000,4000
70922422145,2019,116300,230300,346600
70922312023,2019,79000,388700,467700
70901113294,2019,19400,100600,120000
71006310115,2019,21300,117100,138400
71011208347,2019,21300,194000,215300
70913102087,2019,69800,217200,287000
70924219350,2019,0,25000,25000
70928203127,2019,89900,226800,316700
60801417036,2019,16300,188700,205000
80926409065,2019,12000,210800,222800
71010211226,2019,59600,142700,202300
81026360040,2019,6900,0,6900
70922327254,2019,131100,219500,350600
70920113027,2019,114400,149000,263400
60811109037,2019,104300,265400,369700
71016404122,2019,61700,149200,210900
70814430157,2019,19700,214300,234000
70920216920,2019,13400,558000,571400
70834308160,2019,48200,466800,515000
70923116101,2019,190800,151600,342400
71007109161,2019,147200,363800,511000
71004404233,2019,48300,140100,188400
70813314386,2019,9800,0,9800
70921415026,2019,93900,327300,421200
70921420017,2019,101000,401800,502800
70918320072,2019,20500,79500,100000
71014216248,2019,7500,120800,128300
70813319104,2019,14000,101700,115700
70833305042,2019,124200,181400,305600
60811103550,2019,113000,204000,317000
70920403022,2019,140000,227100,367100
71006127164,2019,69900,159700,229600
70822106089,2019,49900,171700,221600
70918220115,2019,140900,225800,366700
70926216106,2019,97000,328000,425000
71003313162,2019,49100,181100,230200
70926412358,2019,45500,179500,225000
70928224131,2019,99100,201900,301000
70825100905,2019,600000,625000,1225000
70833201042,2019,108700,179300,288000
70834308441,2019,125000,240700,365700
70821204123,2019,140000,0,140000
71015119201,2019,50300,169600,219900
70920413071,2019,123200,250000,373200
81031211056,2019,40600,140900,181500
70928102551,2019,108000,270500,378500
80924412929,2019,400,1600,2000
60801224051,2019,15900,178900,194800
70814426031,2019,88200,231400,319600
71005406022,2019,41400,116100,157500
71010408229,2019,59000,141600,200600
71034109077,2019,58500,154000,212500
80936407083,2019,73900,204700,278600
80924444972,2019,400,1600,2000
81035111054,2019,100,0,100
81021402178,2019,53100,179400,232500
70826416723,2019,18400,93800,112200
81031229132,2019,50700,113800,164500
70919216048,2019,89000,127600,216600
70836413123,2019,74700,160000,234700
70828318117,2019,12800,0,12800
71004306116,2019,49200,168800,218000
71007204151,2019,70800,215700,286500
70813319021,2019,14000,101700,115700
81030205464,2019,52800,137800,190600
60905222018,2019,0,0,0
70924219954,2019,0,25000,25000
70913100982,2019,0,0,0
70836102057,2019,77100,156600,233700
71004404291,2019,47000,138100,185100
71003304129,2019,70000,760000,830000
70901107065,2019,51000,150900,201900
70921104124,2019,76700,266900,343600
70920307125,2019,103400,246600,350000
71011112085,2019,70700,201300,272000
71015118170,2019,48600,180200,228800
71002305061,2019,71000,337500,408500
60812321086,2019,19600,164800,184400
60811418074,2019,78400,234200,312600
70828440100,2019,0,0,0
71004301174,2019,54100,132900,187000
70922211077,2019,133000,636000,769000
80925405072,2019,61300,140500,201800
70835124838,2019,500,1500,2000
70823110401,2019,90200,331200,421400
70922224020,2019,160500,257400,417900
71016104128,2019,66800,149400,216200
70920411017,2019,138600,214000,352600
71030201322,2019,450000,526500,976500
71015403159,2019,47600,157200,204800
70828423031,2019,0,0,0
60812313017,2019,33100,178200,211300
70913215088,2019,296000,215800,511800
80925206107,2019,55200,153600,208800
71011403070,2019,80700,269700,350400
70922221141,2019,137000,383000,520000
60802305446,2019,13800,198700,212500
71014215448,2019,7800,122700,130500
70923153575,2019,1300,23700,25000
71007105276,2019,94600,429700,524300
71001317075,2019,66900,218000,284900
70919413090,2019,105000,349200,454200
70823113017,2019,86600,278400,365000
81034106311,2019,57500,163200,220700
70923167708,2019,3400,13800,17200
71001313130,2019,88700,327000,415700
70920216699,2019,10300,376700,387000
71014214226,2019,8100,128000,136100
60812406028,2019,74000,210400,284400
71009210073,2019,49300,190500,239800
81033103186,2019,14000,20000,34000
70921121061,2019,135200,326900,462100
60804105042,2019,109000,287900,396900
81032426133,2019,41600,130900,172500
70920108242,2019,126900,224100,351000
71006210076,2019,69200,203600,272800
70826421201,2019,0,4000,4000
70928219265,2019,126600,173400,300000
70923168912,2019,6500,18500,25000
81033403015,2019,42300,191300,233600
60902203095,2019,143000,684000,827000
71010207027,2019,53700,131800,185500
60904101388,2019,89000,265300,354300
71009213142,2019,50800,119000,169800
70813402206,2019,672300,563200,1235500
70926417085,2019,42600,90300,132900
71004313195,2019,57200,172400,229600
70923156545,2019,5000,10000,15000
70834206132,2019,82100,232900,315000
81028120351,2019,0,4000,4000
70814101071,2019,103800,254500,358300
70923142750,2019,44900,330300,375200
70923413391,2019,2300,24700,27000
71005406080,2019,41900,127500,169400
81032107014,2019,46100,123300,169400
81026423046,2019,2900,0,2900
70835118039,2019,12400,108200,120600
70834405122,2019,103700,275300,379000
70820118101,2019,100,0,100
80936403239,2019,74400,145700,220100
70929303306,2019,78300,192800,271100
70828123079,2019,52500,193400,245900
81023207237,2019,33600,141800,175400
60811116652,2019,18800,216900,235700
80924304077,2019,69200,232300,301500
70935206297,2019,40900,97300,138200
70813110106,2019,120700,242900,363600
70821110172,2019,111200,247600,358800
70933202049,2019,158400,428600,587000
70923161445,2019,8000,7000,15000
70912426066,2019,9000,103300,112300
70919101059,2019,248000,634000,882000
70814307116,2019,152000,293500,445500
70913332030,2019,112100,285700,397800
70923174513,2019,3300,11700,15000
60802417233,2019,70700,198600,269300
60811406053,2019,74900,210200,285100
70926401294,2019,81000,249500,330500
71003411081,2019,53500,177500,231000
71007223359,2019,83500,307500,391000
70919107065,2019,192600,138000,330600
71009102056,2019,149500,366500,516000
70922409086,2019,127800,304300,432100
71011219071,2019,710000,13465000,14175000
70921306209,2019,168800,384200,553000
70826416244,2019,18400,83600,102000
70823408195,2019,43200,197800,241000
70921126277,2019,121400,312100,433500
71014207049,2019,60200,161600,221800
70921413103,2019,137400,471000,608400
70826417622,2019,18400,84200,102600
71021213013,2019,62600,165700,228300
81030202139,2019,0,0,0
70920408022,2019,123100,165200,288300
70918401054,2019,357000,26300,383300
60801220059,2019,67000,300000,367000
71015106018,2019,50300,165900,216200
71010314236,2019,56700,205000,261700
70824208114,2019,169300,247700,417000
81027401025,2019,600500,1709000,2309500
60802417209,2019,70700,194800,265500
80924402144,2019,7500,114100,121600
71007302161,2019,160900,419100,580000
70928321094,2019,180500,298700,479200
71010109083,2019,63900,212800,276700
60901101084,2019,56900,175700,232600
70919302201,2019,97900,226400,324300
70920214114,2019,12600,199300,211900
70813402214,2019,249000,500500,749500
71007313118,2019,273000,529000,802000
60812104028,2019,76000,148800,224800
60905205139,2019,88000,226000,314000
71005343018,2019,0,0,0
60901204953,2019,0,0,0
81033206013,2019,45800,121800,167600
81026361064,2019,100,0,100
70829112112,2019,0,0,0
70922212124,2019,202100,611700,813800
70821406224,2019,102500,296200,398700
70836412092,2019,0,0,0
70923113066,2019,97500,113800,211300
70913103217,2019,100700,218600,319300
70929403122,2019,87300,234800,322100
70836301154,2019,68300,189600,257900
70815105022,2019,0,0,0
60812321143,2019,19600,190400,210000
60811408140,2019,80800,177200,258000
71010411157,2019,74700,147400,222100
70826421566,2019,0,4000,4000
70828313092,2019,14700,0,14700
71006412135,2019,65100,262300,327400
70913347138,2019,2500,12500,15000
71021207066,2019,58700,142600,201300
60812117419,2019,81200,228800,310000
70833108107,2019,71000,222300,293300
70913323203,2019,78800,203700,282500
70836210040,2019,11400,130500,141900
70931406031,2019,111300,173000,284300
70836104152,2019,69500,197900,267400
60811110092,2019,105100,277400,382500
70924221123,2019,31000,85600,116600
80925112841,2019,800,1200,2000
70920415126,2019,129900,170500,300400
81019303015,2019,86500,160200,246700
70913406249,2019,105200,248600,353800
60811402241,2019,66600,237200,303800
70836120166,2019,143600,348000,491600
70931407211,2019,78300,117400,195700
70826421673,2019,0,0,0
70928111081,2019,122500,222000,344500
70922325117,2019,178100,609600,787700
70933204342,2019,178500,533100,711600
60801112173,2019,59500,153200,212700
70922433308,2019,100700,283700,384400
80924444112,2019,13600,263700,277300
71022205027,2019,554000,437400,991400
71010400720,2019,76000,165200,241200
71034103095,2019,69300,208700,278000
70920219346,2019,0,0,0
70920220020,2019,0,6900,6900
71035205212,2019,71400,204300,275700
70929108160,2019,113100,531900,645000
70820117088,2019,100,0,100
60802111174,2019,86800,167400,254200
70913109356,2019,93600,121400,215000
71004313070,2019,58500,133700,192200
80936408122,2019,71900,169500,241400
70922232172,2019,166200,299200,465400
60801305215,2019,85800,163800,249600
60801211123,2019,70100,172900,243000
81031222061,2019,38100,155000,193100
81027300988,2019,658500,1416500,2075000
71005111150,2019,62000,383000,445000
70924220381,2019,0,12000,12000
71003205244,2019,53100,179500,232600
70926118104,2019,183300,263300,446600
70923225267,2019,400000,813000,1213000
70928107246,2019,107000,298000,405000
81021401146,2019,49000,111800,160800
60811116149,2019,18800,218000,236800
71035207515,2019,43900,221800,265700
81026424010,2019,100,0,100
81021412135,2019,53400,133500,186900
71016119086,2019,62800,145000,207800
70923171147,2019,1100,800,1900
80925414247,2019,62100,191200,253300
70913401166,2019,137900,130000,267900
71010413111,2019,56600,196100,252700
71015111041,2019,46200,186000,232200
70921211218,2019,70600,219400,290000
71007112338,2019,87500,340400,427900
60803107106,2019,103200,216800,320000
70923170793,2019,2100,600,2700
80925118138,2019,12900,259200,272100
70922440220,2019,86200,215400,301600
71001109018,2019,800,0,800
71006212197,2019,38100,183100,221200
70913309427,2019,65900,324100,390000
71007303218,2019,120300,147900,268200
71004304053,2019,52800,146700,199500
70930416057,2019,75600,283600,359200
81032420309,2019,41400,160200,201600
70914438697,2019,2200,22800,25000
60905214172,2019,5600,58100,63700
71020308138,2019,10200,106400,116600
70834308607,2019,29500,0,29500
70833412160,2019,46200,217800,264000
70934404066,2019,176000,752000,928000
80925118071,2019,12900,261300,274200
70932408036,2019,77000,157600,234600
70814428095,2019,15200,178700,193900
80925305199,2019,72400,150000,222400
81034202325,2019,69800,249600,319400
70822414474,2019,11800,102400,114200
71006412044,2019,54800,140600,195400
71004315133,2019,54700,163200,217900
70913347253,2019,2500,12500,15000
70928117162,2019,105300,234500,339800
70824303071,2019,103100,201200,304300
71006101168,2019,56200,123400,179600
60802113055,2019,86200,179500,265700
70921211151,2019,70600,166400,237000
80936203184,2019,18000,115300,133300
71006107223,2019,51400,131700,183100
70814420083,2019,15200,157500,172700
70826419884,2019,0,4000,4000
80925401278,2019,57100,189600,246700
70816403186,2019,168000,413000,581000
70919403174,2019,123700,238500,362200
70821105032,2019,123900,328100,452000
70935101017,2019,0,0,0
60801307112,2019,70400,141600,212000
71007215330,2019,99200,215800,315000
70931208479,2019,187000,313000,500000
70824414216,2019,18700,116100,134800
60802306139,2019,19400,183600,203000
70920222258,2019,16400,133600,150000
70923127405,2019,92000,314300,406300
70901103071,2019,51000,158100,209100
80924443916,2019,400,1600,2000
71009313158,2019,117700,147300,265000
70922112209,2019,592000,1027000,1619000
70935206099,2019,43100,101900,145000
81031208160,2019,39900,149200,189100
60802402119,2019,81200,282700,363900
70923160439,2019,8000,7000,15000
71005329050,2019,110100,360700,470800
71009405054,2019,63300,115600,178900
60812334013,2019,53000,183600,236600
60802419081,2019,73700,198100,271800
71006116240,2019,61800,163500,225300
80924443669,2019,400,1600,2000
80924419074,2019,8600,150000,158600
70829419097,2019,15100,0,15100
70920203034,2019,0,0,0
70813314162,2019,9800,164200,174000
71015214085,2019,23000,280900,303900
70834413117,2019,24200,181200,205400
81033205164,2019,45000,136800,181800
70815308361,2019,189300,450200,639500
80925412291,2019,55200,152900,208100
70829110223,2019,87400,242600,330000
70824309201,2019,14100,137100,151200
71003105105,2019,53100,165200,218300
70826417771,2019,21500,119600,141100
81023100994,2019,688000,454000,1142000
70834214846,2019,39200,0,39200
81031216098,2019,52400,117300,169700
80925210322,2019,63600,96300,159900
81031413107,2019,39300,122600,161900
70921417121,2019,151400,362800,514200
70836410335,2019,58700,125300,184000
70823111087,2019,89400,277000,366400
70822107102,2019,51400,157500,208900
70828426069,2019,0,0,0
70913202150,2019,86100,175700,261800
70914414150,2019,67500,587700,655200
71014202015,2019,55900,169700,225600
60804202020,2019,79900,200100,280000
70913202126,2019,90200,220100,310300
70920115057,2019,65000,365000,430000
70822106013,2019,51700,157200,208900
71004309087,2019,54700,149800,204500
60802107016,2019,70100,165600,235700
60905105058,2019,38500,201500,240000
70931413060,2019,104200,182700,286900
70931104354,2019,145100,369900,515000
70820117012,2019,147300,0,147300
71010111137,2019,50400,200300,250700
60801208394,2019,51100,219700,270800
70913111062,2019,100700,212500,313200
81032411184,2019,44000,122700,166700
70920106048,2019,126900,145200,272100
70836207451,2019,35700,119600,155300
70913113159,2019,77200,255700,332900
70920113051,2019,114400,184400,298800
71026403081,2019,71300,312100,383400
71005403268,2019,47900,187900,235800
70914436188,2019,141000,975300,1116300
70936305056,2019,61300,141100,202400
70835123492,2019,6500,69600,76100
81031402209,2019,35900,158700,194600
70928314198,2019,152700,539200,691900
71007104038,2019,93400,235600,329000
71004305267,2019,49200,198800,248000
80925202212,2019,54900,125000,179900
70836201073,2019,77100,180100,257200
70823210095,2019,76800,192900,269700
70929416109,2019,97700,244700,342400
70929414062,2019,95200,189800,285000
71011108076,2019,30000,225600,255600
71001402107,2019,109800,325300,435100
60904109035,2019,94300,240200,334500
70836310965,2019,0,2000,2000
81034102129,2019,67900,179200,247100
60812111114,2019,75000,178600,253600
70921122134,2019,0,0,0
71003310134,2019,51700,147300,199000
70920221086,2019,0,0,0
70931409019,2019,309000,6000,315000
70928114035,2019,77000,0,77000
70929209356,2019,83800,208100,291900
71007214233,2019,79000,314600,393600
71009412182,2019,97100,150200,247300
81034411091,2019,71200,228800,300000
70913434167,2019,0,18000,18000
80924303110,2019,67700,234400,302100
60811401053,2019,84500,211800,296300
70922411164,2019,98700,234200,332900
71005336039,2019,65500,376500,442000
81031205215,2019,39900,97500,137400
70921318163,2019,169100,218900,388000
60812202202,2019,93500,160400,253900
70912409062,2019,139900,204900,344800
71007208103,2019,59400,176800,236200
70928105266,2019,104300,252400,356700
70901113608,2019,8800,58100,66900
70826417169,2019,21500,110100,131600
71008108055,2019,26300,207200,233500
80924408994,2019,400,1600,2000
60803104160,2019,103200,224800,328000
71004314151,2019,54100,147100,201200
80936404170,2019,72800,165600,238400
70828311161,2019,96500,204500,301000
81034206046,2019,67300,184400,251700
70836303118,2019,76600,157500,234100
70923174456,2019,3300,11700,15000
70918211081,2019,149000,10000,159000
81028403153,2019,57200,152800,210000
70923212157,2019,66400,255400,321800
60812123010,2019,83300,211600,294900
60811420178,2019,16000,179100,195100
70934302103,2019,77500,277200,354700
80926406186,2019,61900,178000,239900
71016114169,2019,62900,108200,171100
70923143708,2019,44900,189600,234500
70836104095,2019,66400,204500,270900
70922433316,2019,79200,369700,448900
60801122122,2019,70800,197400,268200
81028102250,2019,59000,146200,205200
70921408229,2019,123800,281100,404900
71007210025,2019,25000,212000,237000
60801203071,2019,66700,197300,264000
81031222095,2019,67300,134500,201800
71010310226,2019,50100,152600,202700
71011120236,2019,41200,228800,270000
70835102230,2019,0,0,0
60802310099,2019,102200,254200,356400
80924443049,2019,13200,252200,265400
70931304128,2019,117600,205800,323400
70821114413,2019,17300,252700,270000
70821402206,2019,110900,254700,365600
60812111346,2019,80100,222800,302900
71015103262,2019,67300,141200,208500
70921309063,2019,105200,164900,270100
70918411300,2019,107600,239200,346800
70918307260,2019,76200,141500,217700
71007208012,2019,56200,138800,195000
71009225155,2019,69500,181700,251200
70919225081,2019,101300,261700,363000
60811418181,2019,77100,214400,291500
70914436302,2019,143900,848100,992000
70836408059,2019,61000,136900,197900
70824310191,2019,13500,127300,140800
60812325286,2019,17100,106900,124000
71007222153,2019,359700,536300,896000
71006128047,2019,54100,121000,175100
71011421238,2019,50700,185000,235700
70834427283,2019,25600,161100,186700
70919310113,2019,105100,238600,343700
70821402058,2019,116400,323600,440000
60804208151,2019,21600,0,21600
70926203046,2019,179100,371900,551000
70923148196,2019,4200,800,5000
71030207122,2019,91300,193700,285000
70828417018,2019,0,0,0
70929218159,2019,91600,296000,387600
71004311032,2019,54100,128100,182200
70926112156,2019,54000,150700,204700
70923412509,2019,1700,16300,18000
60811304116,2019,87600,252900,340500
71006124029,2019,45200,64800,110000
70918309117,2019,0,0,0
70813333063,2019,26300,220900,247200
70920123167,2019,15200,47500,62700
81033307043,2019,719500,0,719500
70828307037,2019,51500,271100,322600
60804102080,2019,88900,315100,404000
81030204094,2019,48200,131100,179300
60811410179,2019,76700,183300,260000
70932423076,2019,46600,106100,152700
70913107186,2019,73900,182500,256400
80924437026,2019,11800,200800,212600
81034410051,2019,65500,166600,232100
70928210164,2019,89900,137400,227300
71006119228,2019,136000,242200,378200
70836418107,2019,62100,199200,261300
70923175024,2019,3300,11700,15000
70932205010,2019,76700,158500,235200
70922412120,2019,84000,156200,240200
70836409015,2019,60700,143300,204000
70932107050,2019,157200,265800,423000
70923150480,2019,55100,340100,395200
81033203184,2019,787500,1955500,2743000
70920306151,2019,146200,239700,385900
71010315185,2019,48700,146600,195300
70824102316,2019,122900,319200,442100
80925104195,2019,51300,131600,182900
70822116096,2019,29600,345400,375000
71016418131,2019,99500,358400,457900
70936404072,2019,63700,138100,201800
71007303309,2019,113700,430300,544000
60812402133,2019,74100,221700,295800
60801311121,2019,88400,263300,351700
81034409179,2019,66100,162500,228600
70919226021,2019,111700,224300,336000
70922431154,2019,44000,197400,241400
80924420914,2019,400,1600,2000
70836218028,2019,25000,143000,168000
81034401133,2019,62400,169700,232100
80925403274,2019,54300,125500,179800
71007223143,2019,99200,294800,394000
71004300978,2019,143500,665500,809000
60801413183,2019,660000,3929000,4589000
71015404040,2019,84000,411000,495000
71005311065,2019,57800,165800,223600
60802311162,2019,97600,238900,336500
70923154523,2019,0,7500,7500
81033301029,2019,45800,140500,186300
70813111047,2019,431700,438000,869700
70826422150,2019,0,4000,4000
70923414050,2019,773800,930000,1703800
71011223072,2019,18500,179200,197700
70931208536,2019,133500,72400,205900
81028122092,2019,8700,58600,67300
70924214037,2019,33000,396200,429200
80925108246,2019,53600,133600,187200
70836408067,2019,60000,133000,193000
70835124060,2019,500,1500,2000
80926108360,2019,54600,158900,213500
71007243349,2019,0,15000,15000
81026419045,2019,100,0,100
60812116065,2019,82000,181200,263200
70826417507,2019,18400,84600,103000
71005201084,2019,64100,134800,198900
71006420055,2019,57200,154400,211600
60906203257,2019,85000,190000,275000
70826314034,2019,0,0,0
81027206053,2019,1294000,2571000,3865000
60812214140,2019,19100,192300,211400
60811304249,2019,84500,232900,317400
60812315097,2019,38000,164200,202200
70919222144,2019,101300,154900,256200
70920212176,2019,113000,265600,378600
70923162310,2019,8000,7000,15000
81030205505,2019,52400,157600,210000
70828314123,2019,92400,299200,391600
70927107346,2019,34800,312200,347000
60812405351,2019,83300,241200,324500
81033202194,2019,42100,176900,219000
70912407165,2019,113900,234600,348500
70922412071,2019,101100,238500,339600
71010209354,2019,56300,127300,183600
70814205071,2019,105000,295500,400500
71006304340,2019,50500,211400,261900
81031229140,2019,38100,113900,152000
71001332106,2019,43200,208100,251300
81014303789,2019,32800,155000,187800
81034103268,2019,66000,203600,269600
70922338053,2019,159900,541600,701500
70835312011,2019,0,0,0
70923131092,2019,112100,594900,707000
71003311215,2019,47600,175000,222600
71003418079,2019,51600,164600,216200
70923137917,2019,6000,9000,15000
71007225298,2019,63000,192000,255000
70931415313,2019,66600,145500,212100
71011409052,2019,101500,296900,398400
71006306354,2019,30400,198700,229100
71034101213,2019,0,0,0
70929202160,2019,103600,278700,382300
70921304104,2019,154700,214800,369500
70836116040,2019,69300,206100,275400
70918302301,2019,76200,97700,173900
70828124027,2019,12900,257000,269900
70923133387,2019,31000,183600,214600
60803112098,2019,100700,328800,429500
70930201028,2019,0,0,0
70922209022,2019,280000,9710000,9990000
60801305140,2019,73200,161100,234300
80924436961,2019,400,1600,2000
70836406201,2019,55100,182500,237600
70912403163,2019,113400,201500,314900
71002442152,2019,100,0,100
70813326183,2019,136900,315100,452000
81032309074,2019,36700,145000,181700
81014303680,2019,11300,0,11300
70918212063,2019,62000,162600,224600
60906205188,2019,59800,128200,188000
70933201140,2019,216600,631300,847900
70918412176,2019,107400,179600,287000
70814202241,2019,0,0,0
71006205209,2019,37600,81900,119500
60905104068,2019,53600,97400,151000
70834201017,2019,153000,50300,203300
70936407258,2019,60500,138300,198800
71005232196,2019,47100,171300,218400
70933201075,2019,158600,513200,671800
70923113149,2019,112100,601900,714000
80924427738,2019,400,1600,2000
70823209056,2019,155100,373400,528500
80926110133,2019,51600,115300,166900
60811402225,2019,75400,231100,306500
70921104215,2019,81900,255000,336900
70914411023,2019,569000,175000,744000
70926219093,2019,120700,224800,345500
70923127215,2019,79500,338500,418000
70922422096,2019,127900,261400,389300
71014214292,2019,8100,126400,134500
70921413129,2019,129200,277900,407100
70814311026,2019,1804000,14418000,16222000
60811439111,2019,20000,183700,203700
70928322167,2019,168100,394900,563000
70914436170,2019,35500,365500,401000
60812308092,2019,0,0,0
70935114094,2019,49800,120500,170300
60812115041,2019,74600,164300,238900
71003103109,2019,54300,257800,312100
70834418175,2019,20300,117500,137800
70914406248,2019,168900,148300,317200
70923204021,2019,0,0,0
70921406075,2019,142900,474000,616900
81023204019,2019,105700,0,105700
60801207148,2019,70000,184500,254500
81033205304,2019,43900,144200,188100
60903202161,2019,88900,162100,251000
71004401370,2019,57900,163000,220900
70823213015,2019,44800,126400,171200
70932114188,2019,171900,489200,661100
70913112169,2019,79800,373700,453500
70929123986,2019,0,1000,1000
71010406108,2019,56500,218900,275400
70918416300,2019,9500,33800,43300
71005221107,2019,63800,113700,177500
60812209175,2019,1700000,0,1700000
70836105366,2019,70800,188000,258800
70926108056,2019,77000,170000,247000
70926202238,2019,82100,201700,283800
71003308171,2019,55100,209900,265000
81027207027,2019,470500,1095500,1566000
70923170082,2019,3600,900,4500
81028102078,2019,59000,149900,208900
70929110149,2019,89900,245700,335600
81030203179,2019,47600,139300,186900
70913213214,2019,80800,278700,359500
60802412332,2019,54800,172800,227600
71007229125,2019,79700,247300,327000
71006407037,2019,68000,276000,344000
70814405077,2019,90200,233300,323500
80925216065,2019,57600,145600,203200
71014304217,2019,56200,196400,252600
71011205054,2019,32900,237300,270200
71005231403,2019,48500,72000,120500
71014210050,2019,56800,171600,228400
60811111032,2019,110600,200300,310900
81033306186,2019,28500,49600,78100
60812321028,2019,19600,165800,185400
71005345064,2019,72500,197500,270000
70920407115,2019,143300,233300,376600
70929304023,2019,88600,203300,291900
70913430058,2019,20000,174300,194300
81032429020,2019,36200,98800,135000
70923411139,2019,27800,168200,196000
70923413341,2019,1700,16300,18000
80925117726,2019,800,1200,2000
70823211275,2019,87200,268600,355800
70914435073,2019,24400,393800,418200
71010201227,2019,52900,212200,265100
81034120022,2019,25000,122000,147000
70928215106,2019,125700,186300,312000
70930302032,2019,0,0,0
70920403105,2019,114400,162600,277000
70816322279,2019,17300,216200,233500
60901202296,2019,61300,145100,206400
70919305148,2019,114700,356900,471600
71005339124,2019,106500,330400,436900
81034303107,2019,44100,147700,191800
70935110018,2019,0,0,0
70934309430,2019,15700,103700,119400
71005111019,2019,60600,157400,218000
70823208058,2019,79800,189900,269700
70919105019,2019,101100,199200,300300
71010303049,2019,63000,127100,190100
71021103040,2019,56200,150100,206300
81033207160,2019,45000,119200,164200
70928213176,2019,114300,318600,432900
71003214170,2019,53100,155200,208300
70923413375,2019,2300,24700,27000
71006408093,2019,62600,156300,218900
70823407288,2019,55700,321700,377400
71004307049,2019,58500,145700,204200
70926406054,2019,80800,102700,183500
81015106059,2019,62800,171600,234400
70922224161,2019,152000,337700,489700
71006122164,2019,57200,129700,186900
70913422063,2019,75400,367600,443000
71006203013,2019,0,0,0
70922409010,2019,127800,284500,412300
60801408150,2019,77100,143300,220400
70835315495,2019,51900,348100,400000
70926102149,2019,81300,246300,327600
70931305051,2019,99000,167400,266400
60801114088,2019,56200,157400,213600
71003314201,2019,48400,156700,205100
70923168615,2019,3400,13800,17200
71007225355,2019,89800,138800,228600
80924103057,2019,78000,244000,322000
70919225023,2019,134100,182000,316100
71010219197,2019,10600,85800,96400
71024300990,2019,632500,471400,1103900
81031201057,2019,39400,148000,187400
71010211250,2019,55900,151700,207600
70913207225,2019,84800,184700,269500
70930414118,2019,66900,296000,362900
80925117156,2019,12900,213800,226700
81031412141,2019,40400,132700,173100
80925122840,2019,800,1200,2000
70827300983,2019,230800,73700,304500
71005310116,2019,59700,217300,277000
70929211020,2019,83800,182900,266700
80935106222,2019,77800,202900,280700
71001416140,2019,65700,245400,311100
70835122460,2019,6500,74700,81200
71003311174,2019,49200,140200,189400
71021219053,2019,60800,143200,204000
80924439064,2019,13300,237000,250300
70932103305,2019,133700,325700,459400
70829102361,2019,102600,222400,325000
60906105172,2019,69400,148000,217400
81031408182,2019,40400,146300,186700
71001309189,2019,58000,177000,235000
80926406079,2019,53000,517000,570000
70814402156,2019,85600,197600,283200
70928304107,2019,82400,255200,337600
71035206062,2019,67000,174400,241400
70924219532,2019,0,25000,25000
70919401342,2019,140100,272600,412700
81021415030,2019,50700,159900,210600
80925307202,2019,64200,133800,198000
81034304014,2019,49400,111600,161000
71005108074,2019,50600,123000,173600
71006129079,2019,47500,131700,179200
70918414221,2019,0,0,0
80924306130,2019,65500,196500,262000
60801201364,2019,66700,151600,218300
81034410168,2019,69600,225400,295000
60801410155,2019,75700,210300,286000
70828403025,2019,0,0,0
80924440706,2019,400,1600,2000
71006111232,2019,69200,123700,192900
70834301031,2019,170000,380000,550000
70928103103,2019,125800,298100,423900
70931410230,2019,100900,152500,253400
71001408022,2019,52700,179000,231700
80924105053,2019,77700,257300,335000
71015103048,2019,67900,233800,301700
70921213131,2019,64200,281600,345800
70923105021,2019,139000,346000,485000
70923142726,2019,44900,167000,211900
70923320041,2019,16000,148800,164800
70923168350,2019,6500,18500,25000
70929307217,2019,105600,341100,446700
71010114222,2019,57800,166000,223800
71015408018,2019,17500,112500,130000
71007315164,2019,93800,342000,435800
81034203224,2019,64700,153500,218200
71001102129,2019,65900,263100,329000
60801408291,2019,67600,182000,249600
70921115113,2019,124400,369800,494200
80924428835,2019,400,3100,3500
70928225080,2019,151100,274200,425300
81031229067,2019,33300,0,33300
60801304192,2019,69300,147700,217000
71034109217,2019,89600,67400,157000
70821206096,2019,135000,340000,475000
80926108021,2019,50800,156200,207000
71002418624,2019,0,0,0
70822403055,2019,330000,2274000,2604000
71026303067,2019,0,0,0
70814403154,2019,84500,147100,231600
71016400956,2019,563500,443500,1007000
71010111062,2019,51600,169700,221300
70913111046,2019,90500,204900,295400
60802314182,2019,105300,264400,369700
70816307065,2019,171900,479300,651200
81035115080,2019,100,0,100
80925302020,2019,49600,179200,228800
60801111018,2019,71600,144500,216100
71005332160,2019,98100,218600,316700
71034104093,2019,73400,202000,275400
70922302066,2019,96900,275000,371900
70923179133,2019,65500,0,65500
70928205058,2019,122100,376000,498100
80926303118,2019,67300,257300,324600
70815308246,2019,160600,396600,557200
81033204439,2019,117000,223000,340000
80925113154,2019,10900,250500,261400
70828304132,2019,0,0,0
60802106167,2019,69100,182300,251400
70814305160,2019,93400,315300,408700
70928225048,2019,108200,390100,498300
70920112087,2019,114400,240600,355000
71010313337,2019,58700,189500,248200
70834201124,2019,0,0,0
70914419134,2019,112900,318500,431400
71010404318,2019,60200,167800,228000
70834214747,2019,40800,497100,537900
80925106050,2019,53500,135500,189000
71006206116,2019,45900,193800,239700
70913113026,2019,96500,123900,220400
71008106059,2019,45900,152500,198400
81021305223,2019,0,0,0
70826412234,2019,10000,76700,86700
70935115050,2019,43200,157600,200800
71019411132,2019,9000,113900,122900
80925114798,2019,800,1200,2000
70828125025,2019,680000,6859000,7539000
81023310022,2019,35600,134900,170500
70820105059,2019,100,0,100
81033404112,2019,249500,0,249500
71021105088,2019,60100,141200,201300
71006419040,2019,65000,330000,395000
71005334067,2019,110100,285900,396000
70929401027,2019,88800,169300,258100
70928111106,2019,107000,176800,283800
71005403028,2019,41900,159400,201300
80925115134,2019,13500,262200,275700
70814312115,2019,26100,238700,264800
80926110745,2019,0,0,0
70826211769,2019,10000,50000,60000
71010301184,2019,58900,155300,214200
70936407109,2019,59200,155800,215000
71003104090,2019,58200,191500,249700
70828424047,2019,0,0,0
80925125943,2019,800,1200,2000
70928324105,2019,143800,392300,536100
70814413020,2019,94300,278700,373000
71014303227,2019,57200,192400,249600
71009413156,2019,63300,140400,203700
71004309053,2019,56400,137100,193500
70820111139,2019,100,0,100
81021108073,2019,60600,178300,238900
71003107044,2019,53100,217000,270100
81031211270,2019,43800,117300,161100
81028122117,2019,8700,67800,76500
70828404057,2019,0,0,0
70923125087,2019,160600,428600,589200
81009304172,2019,482500,1479500,1962000
70926201074,2019,195300,319600,514900
70926202056,2019,189600,362700,552300
70934304050,2019,204000,0,204000
81028118512,2019,8700,67900,76600
70923411684,2019,29700,254300,284000
70824414373,2019,14600,95300,109900
81034419011,2019,22600,123300,145900
70821410126,2019,101400,0,101400
70932412102,2019,74100,88800,162900
81030402995,2019,0,783000,783000
70929116155,2019,114300,108200,222500
70918319158,2019,20500,77000,97500
71006303095,2019,69200,143500,212700
80924427689,2019,400,1600,2000
71003319045,2019,54000,182300,236300
70929303231,2019,88600,196700,285300
71010104190,2019,52100,193600,245700
70919410236,2019,106800,376500,483300
71009315146,2019,68800,149500,218300
81034402024,2019,67900,163400,231300
70923147263,2019,8000,7000,15000
70931401148,2019,119000,198700,317700
60802112057,2019,93500,183600,277100
70936307078,2019,61100,155100,216200
70921224021,2019,22700,181100,203800
71009225163,2019,69500,0,69500
81021311048,2019,19200,100800,120000
70928108054,2019,109100,253900,363000
71010104158,2019,53500,189700,243200
60804106222,2019,192900,434600,627500
70923165760,2019,51300,224000,275300
60812324121,2019,28800,181000,209800
71004305077,2019,58500,139400,197900
71001104092,2019,62300,238900,301200
60802314116,2019,108600,287900,396500
70921221150,2019,125000,460000,585000
70922331099,2019,205900,529100,735000
71014307253,2019,55400,179900,235300
70913103100,2019,105500,172800,278300
71006116026,2019,44600,186700,231300
70922229103,2019,197500,544700,742200
80924417961,2019,400,1600,2000
70922434207,2019,187200,132300,319500
70921219155,2019,141100,368000,509100
70919413040,2019,112300,233700,346000
81023304538,2019,35600,151700,187300
70917301057,2019,609000,865000,1474000
80926106132,2019,54600,155800,210400
70921311018,2019,77600,234700,312300
70932404050,2019,94000,186000,280000
60906108051,2019,67600,202000,269600
71001334045,2019,21000,154000,175000
70929216096,2019,87900,175700,263600
71014303037,2019,59000,268200,327200
71006307104,2019,42100,259100,301200
70814417098,2019,85600,215300,300900
81031226071,2019,45300,74700,120000
71004318252,2019,58100,151900,210000
71003308072,2019,57000,194600,251600
60812202236,2019,81800,175800,257600
71016300990,2019,0,0,0
60903201064,2019,82500,186400,268900
71014307203,2019,59700,216600,276300
70918312079,2019,150900,149000,299900
70923166354,2019,81000,326400,407400
70823409086,2019,59100,198800,257900
60802302153,2019,93900,197600,291500
71001335051,2019,35500,171300,206800
60904113226,2019,91700,290300,382000
70826313127,2019,76700,302400,379100
71001324103,2019,64300,215100,279400
70836302037,2019,63200,154300,217500
80924425691,2019,400,1600,2000
70929419244,2019,86000,232300,318300
60801415155,2019,88400,236400,324800
70923168938,2019,6500,18500,25000
70914420389,2019,530000,4200000,4730000
70929219066,2019,79500,159200,238700
71011303064,2019,61300,139900,201200
71007223044,2019,95200,250800,346000
70935307061,2019,4900,51800,56700
60811418032,2019,78100,193300,271400
70921211044,2019,74000,178600,252600
70920401042,2019,136700,189600,326300
80935107981,2019,55100,256500,311600
60803104037,2019,103200,208800,312000
80925401252,2019,60500,208600,269100
70922405274,2019,127800,206700,334500
81034401026,2019,65900,161200,227100
70835203294,2019,141200,351900,493100
70932205127,2019,65300,199000,264300
70823210441,2019,120200,232500,352700
71006426110,2019,81900,252800,334700
81034418120,2019,67400,186000,253400
70824410016,2019,106300,321700,428000
71004313088,2019,62700,127300,190000
80935108020,2019,447200,497800,945000
70824221075,2019,164300,467400,631700
71003305276,2019,49300,133500,182800
71003315233,2019,53800,113700,167500
70922312049,2019,65000,282400,347400
81031419238,2019,37900,99300,137200
81031414048,2019,38200,155500,193700
70919227128,2019,30500,235700,266200
70920302307,2019,146100,337600,483700
70826211058,2019,18300,66500,84800
71009224032,2019,44800,131900,176700
71002420025,2019,105000,0,105000
71003303303,2019,55400,127700,183100
80925410229,2019,55200,146800,202000
71003303189,2019,52000,130000,182000
70913320027,2019,108800,301200,410000
70814429217,2019,28700,281900,310600
70929223330,2019,95200,226500,321700
70920218687,2019,400,14600,15000
70834418076,2019,21600,112400,134000
70914302131,2019,1650000,24000000,25650000
80925219051,2019,57600,130800,188400
60812207426,2019,79900,191900,271800
70923163194,2019,44900,407100,452000
71003213198,2019,53100,127000,180100
80925118732,2019,800,1200,2000
80924430088,2019,13300,203000,216300
60811113062,2019,108700,275400,384100
81031406227,2019,37600,153500,191100
60801225356,2019,15000,137300,152300
71005310124,2019,65100,301800,366900
70833403169,2019,0,0,0
60801117016,2019,66100,159500,225600
71004307073,2019,58500,175200,233700
81028120591,2019,0,5000,5000
81034305020,2019,44200,150200,194400
70932204046,2019,83600,213400,297000
70913125063,2019,121000,203500,324500
70835101109,2019,83000,287000,370000
71010405259,2019,66600,131100,197700
81032413049,2019,41600,133000,174600
80935107113,2019,76900,275800,352700
70928217235,2019,0,0,0
70921215129,2019,133400,246600,380000
60801224085,2019,15900,179400,195300
60801120176,2019,71600,165200,236800
60802404058,2019,69700,174100,243800
70814305079,2019,93400,294100,387500
60802314174,2019,105700,290900,396600
70814405126,2019,85600,200200,285800
71010302215,2019,54600,143500,198100
71014215076,2019,7800,127200,135000
71003320208,2019,48000,174000,222000
60802412241,2019,501000,1678000,2179000
70836213060,2019,11600,119300,130900
70920111071,2019,79000,218800,297800
70836208029,2019,73700,170400,244100
80925111215,2019,55800,129900,185700
71007242424,2019,18400,337700,356100
70928224024,2019,66000,160300,226300
81030307062,2019,66900,140300,207200
80925104450,2019,57900,158800,216700
60812321060,2019,19600,155400,175000
71015108064,2019,56900,170000,226900
70921403203,2019,144600,335700,480300
71006212048,2019,69200,130100,199300
70913317214,2019,85000,124000,209000
70922431021,2019,125800,209800,335600
70923140803,2019,1500,13500,15000
71005346129,2019,10000,164000,174000
70913420017,2019,1876000,1108000,2984000
70814423219,2019,88300,196000,284300
71021215077,2019,60100,120400,180500
70836406110,2019,55100,143300,198400
81034312067,2019,102000,595000,697000
70914418144,2019,135900,413600,549500
81033208126,2019,0,0,0
81021301180,2019,59500,165100,224600
70913318139,2019,127900,32900,160800
70836114119,2019,109900,160600,270500
60812402068,2019,74100,201500,275600
70835302062,2019,113700,296700,410400
70935306120,2019,88200,474500,562700
70918104046,2019,636400,172700,809100
70814412072,2019,101700,315300,417000
70932401098,2019,131900,295900,427800
71005226066,2019,48500,66500,115000
70813304155,2019,94000,311500,405500
80926302178,2019,62900,199100,262000
70932411287,2019,74000,23200,97200
70907301017,2019,91300,133500,224800
60812321010,2019,19600,155200,174800
60802433065,2019,15000,94300,109300
60811439343,2019,20000,183700,203700
70936306054,2019,60400,145700,206100
71009210130,2019,65100,123100,188200
70932401080,2019,129300,405500,534800
81031416044,2019,38800,196800,235600
70918223218,2019,120600,303600,424200
71005227014,2019,53000,238000,291000
70923143154,2019,44900,336800,381700
81014300975,2019,95800,165900,261700
70920401026,2019,136700,167500,304200
70913406140,2019,72000,154500,226500
70835309224,2019,86500,173500,260000
81032311011,2019,0,0,0
60801113519,2019,61000,172500,233500
70931414414,2019,62600,286200,348800
60801411369,2019,82400,248500,330900
60902206065,2019,594000,6206000,6800000
71014119012,2019,34600,65400,100000
80936115066,2019,13800,94300,108100
70834410014,2019,0,0,0
71002419036,2019,69900,153900,223800
81021410014,2019,1045000,5990000,7035000
60811402192,2019,75400,217200,292600
70926114079,2019,80800,256700,337500
70834405164,2019,61000,172700,233700
81033209025,2019,255500,0,255500
71020308104,2019,12500,124000,136500
70932106177,2019,154600,509300,663900
70835307145,2019,78800,209700,288500
80925403232,2019,54500,146400,200900
71014106291,2019,12500,152500,165000
70922335223,2019,145800,571800,717600
71006305190,2019,75000,175000,250000
71007109111,2019,90600,320900,411500
70834309043,2019,29000,0,29000
60801107091,2019,76900,192400,269300
71003313047,2019,49300,137000,186300
81021406112,2019,56100,198700,254800
70923140572,2019,1500,13500,15000
71012221025,2019,12100,154600,166700
70926414081,2019,46000,84500,130500
70824209063,2019,150100,404800,554900
70835122105,2019,6500,75500,82000
60802108014,2019,69800,163500,233300
70931104106,2019,145500,224000,369500
71010315028,2019,59100,143900,203000
71003307016,2019,59300,172000,231300
70919112022,2019,102600,202600,305200
70923413953,2019,0,5000,5000
80936401077,2019,74000,246000,320000
71010407354,2019,48200,139200,187400
70823210524,2019,134500,204300,338800
70929211046,2019,83800,171000,254800
70928213209,2019,96800,191100,287900
71016401293,2019,480000,1543000,2023000
70926207030,2019,80000,278600,358600
70922111201,2019,131800,176600,308400
71005203048,2019,49000,261000,310000
70823207141,2019,18100,257700,275800
80924443065,2019,15600,280100,295700
70914437524,2019,1100,5900,7000
71016203079,2019,106800,225500,332300
71035125212,2019,11800,273200,285000
70920217895,2019,400,14600,15000
70836103071,2019,77100,154000,231100
70813107046,2019,209700,141500,351200
70834427754,2019,0,5000,5000
60812316102,2019,85400,239900,325300
80926112238,2019,56100,180900,237000
70919408083,2019,109900,174000,283900
70922334118,2019,183200,116700,299900
81034107343,2019,0,0,0
71005106078,2019,34200,1000,35200
70914402048,2019,2066000,2028000,4094000
81031412034,2019,20900,113300,134200
71009407167,2019,62100,111200,173300
71015204101,2019,48600,162600,211200
71006405239,2019,66600,205900,272500
80924438826,2019,400,1600,2000
70919306237,2019,100100,456600,556700
71019405094,2019,74400,91000,165400
70825204228,2019,460000,3356000,3816000
70923168590,2019,0,0,0
70919203029,2019,85500,169700,255200
81027109075,2019,36700,115200,151900
70919109201,2019,107400,158700,266100
71002107441,2019,9500,155600,165100
70813314021,2019,12600,216400,229000
70813318065,2019,62500,273600,336100
71027106064,2019,0,0,0
70923148823,2019,4200,800,5000
70920402214,2019,140000,273000,413000
81033404071,2019,2600000,10620000,13220000
70829111099,2019,100000,391400,491400
70926116033,2019,81800,159600,241400
71021101028,2019,85000,0,85000
60811302160,2019,82000,178100,260100
70931407047,2019,66600,135300,201900
60811407035,2019,79000,217000,296000
71001317041,2019,72700,193900,266600
60904111105,2019,79400,255100,334500
71011127026,2019,74500,334200,408700
60801122130,2019,70800,183100,253900
60812113037,2019,79600,162100,241700
70823315093,2019,154100,376100,530200
71003403070,2019,51000,165600,216600
60906201285,2019,67600,179000,246600
70826404033,2019,71000,180500,251500
60904102188,2019,83400,251200,334600
70828442057,2019,0,0,0
81034102111,2019,67600,165900,233500
70923173078,2019,3300,11700,15000
70912402032,2019,383000,1259000,1642000
71006122198,2019,57200,139600,196800
70914420107,2019,575000,990000,1565000
60811408075,2019,75200,202900,278100
70914439380,2019,1000,8400,9400
70824414266,2019,13900,90400,104300
60812105050,2019,78000,160100,238100
80924410139,2019,9200,133100,142300
71034101057,2019,59300,214700,274000
80924445988,2019,400,1600,2000
70935307433,2019,4900,55100,60000
71011208032,2019,36000,217600,253600
71010207324,2019,59700,154500,214200
81027204106,2019,688000,2389000,3077000
70829108369,2019,111300,394200,505500
70835123070,2019,6500,71300,77800
70816305069,2019,166500,393000,559500
70913314161,2019,142300,300700,443000
71006308227,2019,69200,119200,188400
70834427655,2019,0,5000,5000
80925113120,2019,12600,226500,239100
70923130060,2019,67100,291300,358400
60801315082,2019,69700,279300,349000
71027408022,2019,62600,234400,297000
70816401221,2019,171600,529600,701200
70834214226,2019,26000,0,26000
60801312492,2019,72900,239700,312600
80924432042,2019,13300,242900,256200
60901203319,2019,59700,143700,203400
71010103184,2019,53600,139100,192700
70823116053,2019,89400,267000,356400
71002445065,2019,100,0,100
60812217053,2019,33100,191300,224400
70814430272,2019,19700,226600,246300
70923150448,2019,40600,281800,322400
60812308026,2019,105200,273800,379000
70918222046,2019,78700,191800,270500
81027301069,2019,2868500,0,2868500
70923148857,2019,4200,800,5000
60812110281,2019,81900,227500,309400
70816402112,2019,175100,455600,630700
71011221026,2019,12000,182500,194500
70932423092,2019,51100,95800,146900
71009226137,2019,62000,0,62000
70813310102,2019,11900,128300,140200
70921206285,2019,73800,204500,278300
70913350280,2019,0,15000,15000
71010408188,2019,58100,196900,255000
71002439042,2019,37500,257300,294800
71030208344,2019,82300,142700,225000
70912410051,2019,463100,300300,763400
81034206103,2019,68800,174600,243400
60812321383,2019,18000,171500,189500
70816314086,2019,143300,315200,458500
80925219142,2019,54300,147700,202000
71001306169,2019,370000,0,370000
71001325127,2019,24900,133400,158300
60802307103,2019,19400,152200,171600
70933403069,2019,91500,221500,313000
71005346096,2019,11400,217600,229000
71007118039,2019,446700,279900,726600
71003401066,2019,60700,169200,229900
70814307124,2019,152000,224700,376700
71015214051,2019,23000,256900,279900
70828305031,2019,64900,245900,310800
70923150331,2019,40600,281800,322400
71016411010,2019,62300,126400,188700
71003407121,2019,49900,244600,294500
70923311024,2019,0,0,0
70922419027,2019,79600,195600,275200
70920216582,2019,10300,329000,339300
70932415354,2019,93000,197000,290000
60903208284,2019,14900,120100,135000
60801212410,2019,68700,175100,243800
70923165116,2019,64200,295300,359500
80926304158,2019,0,0,0
80936203118,2019,74800,291500,366300
60906108267,2019,63200,137600,200800
70814401067,2019,0,0,0
70823314061,2019,156900,307100,464000
70923141786,2019,200,3300,3500
70932108024,2019,130900,338500,469400
81031208219,2019,39800,113500,153300
71011403038,2019,77100,213100,290200
60801304051,2019,83500,127400,210900
70933403077,2019,98300,173600,271900
70931310076,2019,99000,124100,223100
70936309206,2019,59200,145700,204900
70920305179,2019,99100,322500,421600
70835305149,2019,80300,196700,277000
70923105162,2019,1173000,13645000,14818000
70920305260,2019,119900,387900,507800
70924219566,2019,0,25000,25000
70820120106,2019,100,0,100
71034104324,2019,74800,192600,267400
70913314137,2019,64800,118100,182900
80924436672,2019,400,1600,2000
70926114152,2019,0,0,0
60811427017,2019,81200,206300,287500
71011207117,2019,39700,237000,276700
71012217131,2019,64400,158900,223300
70834415113,2019,24000,177800,201800
70912443010,2019,9000,91300,100300
80925103139,2019,57100,131900,189000
60802422034,2019,21600,117300,138900
70826410329,2019,69600,195600,265200
71010405233,2019,71100,199400,270500
81034308131,2019,92000,353000,445000
70913434323,2019,0,18000,18000
71003312156,2019,49100,157500,206600
81034301101,2019,48600,105900,154500
70826406120,2019,70800,161400,232200
70821109133,2019,113500,301500,415000
70926213011,2019,93600,164700,258300
81032413073,2019,41600,111900,153500
70923413060,2019,1700,16300,18000
60811416218,2019,85100,242700,327800
70919302136,2019,97000,279000,376000
81035114107,2019,100,0,100
60901104054,2019,59000,186700,245700
70913309336,2019,65500,156100,221600
71011210128,2019,54300,205900,260200
81032302979,2019,41700,137700,179400
60802413182,2019,82000,333000,415000
70913313113,2019,92000,250800,342800
71021203105,2019,60700,139400,200100
70815104074,2019,550000,3325000,3875000
71011119130,2019,49500,274900,324400
70921106154,2019,117700,391600,509300
71004404150,2019,52600,183700,236300
60905207234,2019,0,0,0
70834207099,2019,83100,222600,305700
71027413146,2019,53300,144700,198000
71007304141,2019,116700,438800,555500
70920305153,2019,147700,315600,463300
70920406323,2019,137000,209300,346300
70828112064,2019,90100,216700,306800
80926302128,2019,67400,156900,224300
70922415041,2019,125000,525000,650000
70920408296,2019,129500,214500,344000
81026422105,2019,100,0,100
71016114127,2019,59600,173100,232700
70920123951,2019,500,2500,3000
70826315214,2019,37300,228700,266000
70828302045,2019,1900,0,1900
70929209017,2019,83800,184000,267800
70923127314,2019,161300,505700,667000
81034412031,2019,67600,173500,241100
70922438340,2019,86400,183600,270000
70912441064,2019,9000,97000,106000
70920307026,2019,103400,161100,264500
70835124333,2019,500,1500,2000
70933302089,2019,81100,114500,195600
81034203141,2019,69000,163700,232700
70926101208,2019,82100,229900,312000
60902202047,2019,154000,345000,499000
60802408141,2019,67000,174900,241900
70922405258,2019,127800,292900,420700
70820115123,2019,111500,0,111500
70834426095,2019,29000,137800,166800
70923307164,2019,98600,171900,270500
60801206182,2019,70000,192900,262900
60812102048,2019,88400,173100,261500
70833118031,2019,89400,238700,328100
71014214341,2019,8100,96300,104400
60812111049,2019,75000,196000,271000
70923142437,2019,44900,325400,370300
70824413101,2019,429000,1226000,1655000
70816307114,2019,169600,494100,663700
71007211114,2019,3300,0,3300
70826417375,2019,18400,89000,107400
80924432951,2019,400,1600,2000
71011208040,2019,46600,179200,225800
71006307063,2019,69200,75300,144500
70928313116,2019,122900,168400,291300
80925122030,2019,10800,263500,274300
71007219100,2019,121100,267500,388600
70932415304,2019,93000,207000,300000
81032306096,2019,85500,210500,296000
60811302251,2019,76400,211900,288300
80924404885,2019,400,1600,2000
71006311048,2019,79400,121400,200800
70920110031,2019,103300,193100,296400
70926412100,2019,50000,102000,152000
71009410029,2019,65300,103400,168700
70921115220,2019,124400,247900,372300
70922234136,2019,102900,203200,306100
70923162162,2019,8000,7000,15000
71010114032,2019,57000,192300,249300
81014303490,2019,32800,166900,199700
60801301065,2019,71900,153700,225600
81021416335,2019,0,0,0
60811440043,2019,32700,183000,215700
70930411049,2019,73400,173900,247300
81027106146,2019,36700,110500,147200
70929419179,2019,100400,230200,330600
70920127169,2019,21900,178600,200500
81031407043,2019,44000,466000,510000
71009304165,2019,68400,122700,191100
70826313250,2019,73100,234300,307400
70932103181,2019,80400,196100,276500
70931405190,2019,153000,150600,303600
60802304183,2019,93200,205600,298800
71005337110,2019,124200,272400,396600
71003311140,2019,49500,148000,197500
70928214033,2019,99700,195000,294700
70824103091,2019,125900,334600,460500
70914436237,2019,33700,319700,353400
80926110365,2019,52900,149300,202200
70921411040,2019,144600,337800,482400
70923136985,2019,1400,13600,15000
70923317030,2019,140600,262500,403100
70828305156,2019,12100,0,12100
70816408334,2019,178500,484000,662500
70913311290,2019,95500,84300,179800
70929123374,2019,13400,232700,246100
70922208040,2019,144000,261000,405000
70913112119,2019,95300,329700,425000
80925103220,2019,54300,125800,180100
80925115944,2019,800,1200,2000
70834303061,2019,124100,284200,408300
71015208038,2019,74300,171800,246100
71006129227,2019,41300,134200,175500
70913108390,2019,327000,368400,695400
70835113021,2019,122900,261700,384600
70913341023,2019,21300,298500,319800
70933204045,2019,156000,1144000,1300000
70921318064,2019,91500,343700,435200
70929217028,2019,142900,258900,401800
60904106081,2019,84400,211200,295600
71016103120,2019,63500,129200,192700
71009415053,2019,65300,138400,203700
60802305404,2019,13800,213500,227300
70923150688,2019,56400,348100,404500
70913343178,2019,9400,155700,165100
71003415108,2019,0,0,0
70924205010,2019,0,0,0
70923166338,2019,84300,322100,406400
70929122128,2019,116400,205300,321700
70914408070,2019,239000,1274000,1513000
71014114012,2019,27200,157900,185100
70932204096,2019,84900,234800,319700
70919305164,2019,110800,247200,358000
71011118207,2019,30500,245800,276300
81034405060,2019,67100,202800,269900
71026402083,2019,76100,347900,424000
80924434759,2019,400,1600,2000
70834211032,2019,68300,245800,314100
81032100969,2019,0,0,0
71014306338,2019,57000,258200,315200
81034405169,2019,68800,405100,473900
60801112214,2019,59500,175600,235100
70922337071,2019,183200,501700,684900
70929401126,2019,105900,240100,346000
70921412056,2019,114500,266600,381100
80925405254,2019,61300,152500,213800
80925218110,2019,48000,177900,225900
71004315117,2019,54700,147600,202300
70816309053,2019,176200,387300,563500
71005407020,2019,44400,128500,172900
70928225163,2019,98500,275100,373600
71012209170,2019,58500,193300,251800
70919405112,2019,133500,250500,384000
70826412896,2019,10000,75100,85100
71022305223,2019,0,0,0
71001319047,2019,67200,199300,266500
70814403013,2019,0,0,0
71035125064,2019,11800,278100,289900
81028112051,2019,60400,163500,223900
60802421010,2019,72300,156800,229100
71010209156,2019,54000,155600,209600
70823401115,2019,33300,234100,267400
70923156397,2019,5000,10000,15000
80926409213,2019,12000,156600,168600
81031212351,2019,37600,119500,157100
70932406080,2019,77300,108700,186000
81035110014,2019,100,0,100
60812329337,2019,13500,155600,169100
70919412266,2019,0,0,0
70928102204,2019,102000,297000,399000
70918303143,2019,78500,146600,225100
80925408109,2019,52900,178900,231800
81030205331,2019,53800,107800,161600
70928105141,2019,99100,393000,492100
81034404244,2019,77500,146700,224200
71011303270,2019,62400,217500,279900
70927107239,2019,23800,187800,211600
70920217316,2019,400,14600,15000
70913405126,2019,91100,238500,329600
70914419267,2019,443000,1334000,1777000
70923408384,2019,43200,228300,271500
70919410228,2019,104700,293300,398000
70834419024,2019,27500,176700,204200
70921403295,2019,144600,493400,638000
71006304233,2019,83700,186000,269700
80924427118,2019,11000,177000,188000
70922421064,2019,126700,282900,409600
70921315143,2019,114800,190100,304900
70920101064,2019,131600,180300,311900
71007304125,2019,96100,223300,319400
70834306099,2019,141800,413600,555400
71005315207,2019,68000,145900,213900
70920107153,2019,119100,220800,339900
70817402062,2019,0,0,0
70929307176,2019,81600,251100,332700
71007116314,2019,75700,334400,410100
70926112130,2019,80300,140900,221200
60902206099,2019,0,0,0
71011303113,2019,66100,140400,206500
71001415051,2019,57200,193200,250400
71019411330,2019,9000,135500,144500
70829413049,2019,14100,0,14100
71004302429,2019,68000,162300,230300
70836116123,2019,69300,226700,296000
70824108017,2019,125100,254100,379200
71007315130,2019,139100,239700,378800
71006404281,2019,54100,259900,314000
80924428877,2019,400,1600,2000
81021303350,2019,42700,181900,224600
71006112264,2019,66000,153300,219300
70833103040,2019,129900,354000,483900
70923212181,2019,82600,270400,353000
71006204087,2019,52100,117200,169300
81023304398,2019,15700,175000,190700
71010101112,2019,55600,156100,211700
70922435081,2019,175400,250100,425500
60801234068,2019,15000,140900,155900
70918223284,2019,1200000,300000,1500000
81015108138,2019,60000,184900,244900
81022301270,2019,325500,2988200,3313700
81034303082,2019,44200,110400,154600
81023304091,2019,35600,125900,161500
71009311029,2019,68800,129400,198200
71019405185,2019,235000,198400,433400
71015119011,2019,51400,191200,242600
60906209065,2019,55000,163400,218400
60801408019,2019,72000,233200,305200
80925305082,2019,68600,116700,185300
60802307046,2019,19400,152200,171600
70919408398,2019,111500,200600,312100
70918105036,2019,117100,124300,241400
70914436378,2019,61700,351800,413500
60811110159,2019,103300,207800,311100
71015207139,2019,72700,182500,255200
60801312476,2019,74300,266200,340500
60903216013,2019,17300,70100,87400
71010209338,2019,53600,154200,207800
71003311348,2019,51700,154900,206600
71003207109,2019,53100,117900,171000
70901113723,2019,15900,84900,100800
70913326108,2019,383000,1363000,1746000
70828432016,2019,0,0,0
70920222159,2019,16400,152000,168400
81033300790,2019,620000,2000000,2620000
71007316021,2019,50100,236600,286700
81027106071,2019,36700,111000,147700
70833304101,2019,132400,412200,544600
71016105085,2019,66300,89700,156000
70933204037,2019,181600,555700,737300
71006303300,2019,27100,172400,199500
81034409020,2019,64800,256600,321400
70928201030,2019,0,0,0
70930414217,2019,75600,297600,373200
70923120037,2019,0,0,0
71007206199,2019,0,0,0
71010201045,2019,54000,183500,237500
81021403241,2019,43700,142500,186200
71006305215,2019,106200,210500,316700
81027202142,2019,57800,158500,216300
71026202011,2019,400,0,400
71007224018,2019,48000,421700,469700
60801207156,2019,70000,181100,251100
70825204244,2019,235000,0,235000
70923146439,2019,8000,7000,15000
70934300876,2019,18000,0,18000
80924402780,2019,400,1600,2000
81030314174,2019,57500,129200,186700
70931415272,2019,73000,218000,291000
60802106274,2019,70100,195700,265800
70923143188,2019,44900,296800,341700
81031221013,2019,57400,176500,233900
70918209060,2019,127900,199500,327400
70912432047,2019,9000,91300,100300
80936406184,2019,97100,276400,373500
70918407101,2019,138500,316500,455000
70923406049,2019,86000,1000,87000
71003417196,2019,53900,193300,247200
71010205211,2019,53600,141500,195100
81033206055,2019,58000,122900,180900
71010302033,2019,54600,140700,195300
71014106184,2019,12500,172600,185100
70824214129,2019,144700,237500,382200
70921314054,2019,104600,151400,256000
70923162344,2019,8000,7000,15000
60811102180,2019,100500,235800,336300
71006109245,2019,70400,119400,189800
81030205406,2019,52800,120600,173400
71009317118,2019,68800,108200,177000
70930406024,2019,81500,173400,254900
71010307249,2019,53600,149500,203100
70919411185,2019,103900,213800,317700
71007242036,2019,9300,165700,175000
81028113132,2019,68000,179400,247400
70836303126,2019,70500,138100,208600
71010306093,2019,50100,187500,237600
70918403159,2019,0,0,0
71004304061,2019,52800,188100,240900
71007301080,2019,505800,270900,776700
60801411062,2019,74300,154900,229200
70924219095,2019,0,25000,25000
80924441085,2019,12700,217000,229700
80925120951,2019,800,1200,2000
70918201321,2019,141900,412000,553900
70936305410,2019,62200,159800,222000
70918411326,2019,138500,168600,307100
71005223137,2019,62900,145700,208600
60801225182,2019,15000,141400,156400
71004100972,2019,0,0,0
60801201166,2019,67400,149400,216800
70828318133,2019,12800,0,12800
70918401252,2019,136600,354800,491400
80936203093,2019,76600,261100,337700
60802309167,2019,87900,195800,283700
80925115879,2019,800,1200,2000
70928314049,2019,144300,445700,590000
60811417109,2019,78000,181200,259200
71007211031,2019,1213800,130000,1343800
71016106158,2019,61400,88100,149500
60801113460,2019,55500,157400,212900
70932205135,2019,65300,200100,265400
71010413301,2019,56600,141000,197600
71004314242,2019,54700,221900,276600
71005346989,2019,0,3000,3000
70929112038,2019,102900,220700,323600
70826421897,2019,0,4000,4000
70920117227,2019,125700,214600,340300
71009318174,2019,66300,163700,230000
80926406037,2019,62000,223000,285000
70924218039,2019,51300,615700,667000
70828307011,2019,51800,273100,324900
60905213091,2019,4200,45600,49800
71035118035,2019,64600,287100,351700
81028101020,2019,60500,172500,233000
70932202115,2019,93900,188700,282600
81028108092,2019,60900,123700,184600
60801119103,2019,66700,149700,216400
71035125262,2019,11800,276200,288000
81030308119,2019,64700,184800,249500
81028409135,2019,244000,2558000,2802000
70923161297,2019,8000,7000,15000
71009212053,2019,50700,153600,204300
81023309190,2019,35600,171600,207200
71002315193,2019,3000,0,3000
80924439056,2019,13300,237000,250300
60812104177,2019,76000,181400,257400
71035102062,2019,71300,350700,422000
71010202043,2019,54700,256500,311200
71011108117,2019,30000,225600,255600
81028105220,2019,58500,145900,204400
71003319128,2019,56400,159700,216100
70813320226,2019,14600,99900,114500
71009211097,2019,57100,142300,199400
70913346180,2019,90300,476500,566800
71010413210,2019,56100,166900,223000
70932304135,2019,77000,93000,170000
70921107079,2019,126400,195000,321400
71027417023,2019,0,0,0
70923116127,2019,190800,199900,390700
60803106257,2019,103200,247400,350600
71010302299,2019,55600,131100,186700
71022303061,2019,34000,170000,204000
70926214027,2019,111800,218200,330000
70929111163,2019,95800,302800,398600
60811116454,2019,18800,217800,236600
81023207120,2019,33600,152200,185800
70834309142,2019,29000,0,29000
80924411046,2019,8000,129400,137400
71006310321,2019,39600,189200,228800
71002444033,2019,100,0,100
71011124171,2019,44300,230400,274700
60801108198,2019,66100,148900,215000
80925206199,2019,56100,151500,207600
70813309022,2019,96500,232000,328500
70920218124,2019,400,14600,15000
81022103022,2019,470500,1099500,1570000
70824405067,2019,100700,219600,320300
70926109088,2019,81700,143300,225000
70813403197,2019,454600,271900,726500
71007302096,2019,132100,253100,385200
71005226157,2019,38400,164600,203000
70828112022,2019,88900,212600,301500
71003401016,2019,64600,136400,201000
70929223372,2019,98500,250100,348600
70918205034,2019,108600,363800,472400
70935300916,2019,0,0,0
70920301094,2019,127400,269100,396500
81032301278,2019,31900,175100,207000
70829409098,2019,9900,0,9900
70913132034,2019,628200,1100500,1728700
70814423037,2019,89500,203200,292700
80925114160,2019,12600,176900,189500
81015108170,2019,65200,196500,261700
60802111207,2019,86200,214500,300700
70826417367,2019,21500,105900,127400
80924426730,2019,400,1600,2000
71021202123,2019,62100,148400,210500
60801219101,2019,73800,160700,234500
81028120517,2019,0,5000,5000
81034102137,2019,67500,184400,251900
70935103047,2019,45300,64700,110000
70836105043,2019,67100,176100,243200
70931305118,2019,103900,174100,278000
70913314187,2019,124200,163600,287800
70918415782,2019,10500,115000,125500
70823409177,2019,52300,284500,336800
70929111329,2019,100000,204200,304200
70813335035,2019,71000,321900,392900
81031224314,2019,22500,23000,45500
81027209114,2019,12000,109500,121500
70929409154,2019,83700,253700,337400
60801201348,2019,66100,168100,234200
70922347012,2019,644000,369000,1013000
80925304323,2019,53100,150200,203300
70823211126,2019,76800,228700,305500
70928304016,2019,0,0,0
70913108340,2019,187000,598000,785000
71011125129,2019,64600,274100,338700
71011421204,2019,50700,169300,220000
81030216057,2019,0,0,0
71027406159,2019,51000,186800,237800
70921126037,2019,124400,215000,339400
70931414274,2019,87000,220400,307400
81034108276,2019,61000,155900,216900
70923171238,2019,2300,1100,3400
71012205128,2019,0,0,0
70829109036,2019,105200,0,105200
70823209014,2019,125400,343300,468700
70933201025,2019,162000,554500,716500
60812405509,2019,75200,199600,274800
70914438085,2019,1100,5900,7000
80924307047,2019,67500,211600,279100
70913341031,2019,21300,296200,317500
70913208033,2019,133200,371600,504800
80924409760,2019,400,1600,2000
71006130167,2019,71000,329000,400000
70928309173,2019,114300,178600,292900
70923140770,2019,1500,13500,15000
70813111146,2019,398400,17600,416000
70913320100,2019,96500,118600,215100
70924218518,2019,43200,576800,620000
70931301017,2019,103300,108700,212000
60811103352,2019,101800,264200,366000
70912101098,2019,448000,7687000,8135000
70913124106,2019,93000,151000,244000
70931202124,2019,82300,149400,231700
71016118054,2019,62600,126800,189400
60811414121,2019,76300,179600,255900
80924104146,2019,74800,285700,360500
60802310213,2019,95300,196300,291600
70823110245,2019,98500,302700,401200
70923167154,2019,3400,13800,17200
81028102119,2019,59000,168100,227100
71010404136,2019,66300,183600,249900
70822205104,2019,0,0,0
70833412011,2019,46200,203600,249800
71006206306,2019,32400,105400,137800
81026369084,2019,2700,0,2700
60812120016,2019,83000,149300,232300
80926114086,2019,18300,98000,116300
71021400991,2019,0,0,0
71016112072,2019,54900,146500,201400
71002440164,2019,48000,0,48000
70919227516,2019,39000,281000,320000
81028121060,2019,7400,60200,67600
70813402107,2019,262500,569600,832100
70824310125,2019,14100,139200,153300
71034101130,2019,63400,169200,232600
70920107195,2019,119100,165500,284600
70933401120,2019,85000,340000,425000
70922301042,2019,111300,250200,361500
70929201089,2019,86100,214800,300900
80924440061,2019,10600,192400,203000
70921219270,2019,141600,274800,416400
70824102176,2019,114700,354200,468900
70826407061,2019,68400,213600,282000
70835108163,2019,178100,331000,509100
70928108062,2019,107000,181900,288900
70929403213,2019,101400,370600,472000
71007215447,2019,78200,266300,344500
81033304122,2019,44300,154600,198900
70813325193,2019,13600,166900,180500
70835202064,2019,200400,412500,612900
71007224175,2019,0,0,0
71006401112,2019,59700,94100,153800
70919306055,2019,144100,256000,400100
70929417157,2019,87300,217300,304600
70923162253,2019,8000,7000,15000
70923229251,2019,1320000,1857000,3177000
70920410051,2019,123900,214600,338500
60801120035,2019,72200,193700,265900
81035110048,2019,100,0,100
71007242193,2019,13900,270400,284300
71006128394,2019,57700,106900,164600
71015119178,2019,40300,166300,206600
71005228195,2019,47100,142800,189900
71001319170,2019,64400,181300,245700
81026354085,2019,4300,0,4300
70921109091,2019,129100,278100,407200
70936305189,2019,63200,160900,224100
70914439257,2019,1000,7700,8700
70923141637,2019,200,2900,3100
70929217143,2019,90100,287100,377200
71005320032,2019,90400,296300,386700
60812404353,2019,77800,217500,295300
71006306122,2019,35000,209400,244400
80926114193,2019,18300,118700,137000
70914441020,2019,497000,3243000,3740000
70921312082,2019,81000,209400,290400
70913349134,2019,35300,218700,254000
70835122410,2019,6500,78000,84500
71012215458,2019,17700,249600,267300
70835109038,2019,146000,372100,518100
81031411169,2019,37600,155200,192800
71003413053,2019,75700,207500,283200
70922423226,2019,72500,296300,368800
70923148790,2019,4200,800,5000
71016108104,2019,61700,128600,190300
70829406010,2019,11100,0,11100
80925401210,2019,60800,164700,225500
70920308040,2019,94800,139800,234600
71004313187,2019,60300,161100,221400
71005207074,2019,50300,103800,154100
71011212067,2019,50600,196400,247000
70921421065,2019,106800,337900,444700
81031210230,2019,40700,171100,211800
70929308017,2019,129700,245300,375000
70929204075,2019,85100,178300,263400
70932409050,2019,78800,421200,500000
70921107061,2019,75000,405000,480000
70920302448,2019,127400,243400,370800
71010302306,2019,146000,373000,519000
70919203128,2019,89700,85600,175300
70923148378,2019,4200,800,5000
71015405246,2019,55400,178500,233900
60803116074,2019,110800,411400,522200
70829409064,2019,14500,0,14500
70923124120,2019,129400,178800,308200
71002421081,2019,63700,182800,246500
71003107185,2019,53100,183300,236400
71006304043,2019,91000,147300,238300
71020307023,2019,10200,106400,116600
71012205079,2019,69500,286600,356100
71006307279,2019,69200,263100,332300
71002421049,2019,99300,256600,355900
70820110123,2019,100,0,100
71027409054,2019,56500,193100,249600
71014201190,2019,54100,150100,204200
71009217029,2019,45500,133600,179100
60801109162,2019,63900,160000,223900
70932411229,2019,83800,128800,212600
70922229038,2019,230800,476400,707200
70932404117,2019,94000,191000,285000
70821408238,2019,110000,366700,476700
71015105309,2019,57500,209500,267000
81019309089,2019,65400,174700,240100
70912419053,2019,9000,91300,100300
70923133296,2019,119000,174500,293500
71009320070,2019,67400,155500,222900
70919408033,2019,111500,192600,304100
70930418045,2019,23200,138800,162000
71006209087,2019,69200,162400,231600
70922322014,2019,137000,324600,461600
70921216010,2019,85700,284600,370300
70926415138,2019,0,0,0
70926106117,2019,79900,230100,310000
71015212055,2019,67000,231900,298900
81031209209,2019,64400,128900,193300
70821301060,2019,600,0,600
60811302029,2019,88400,222100,310500
70921109108,2019,136100,408900,545000
81031219175,2019,37000,156600,193600
60803114028,2019,0,0,0
71003315176,2019,58000,153200,211200
70826315298,2019,36100,222100,258200
70824102233,2019,120400,244500,364900
81028102193,2019,57400,144900,202300
70923169176,2019,6500,18500,25000
70920407066,2019,127300,308300,435600
71034104233,2019,78600,220000,298600
70821202028,2019,108000,437500,545500
81028120195,2019,0,4000,4000
71005320082,2019,120600,313900,434500
70914414035,2019,128400,321600,450000
71014216579,2019,7500,132400,139900
81026344094,2019,3200,0,3200
70921208083,2019,90200,238300,328500
71005231297,2019,48500,108800,157300
81032301137,2019,39700,154400,194100
70929105166,2019,103600,167000,270600
71016207360,2019,63000,196700,259700
70922422228,2019,138500,341800,480300
70936407216,2019,0,0,0
70914419100,2019,205000,322000,527000
70913350595,2019,0,15000,15000
70918404016,2019,84400,248800,333200
80926310080,2019,84100,0,84100
70833201068,2019,108700,205500,314200
70913347170,2019,2500,12500,15000
80926201099,2019,0,0,0
80925212047,2019,54500,131100,185600
70932209111,2019,20800,134200,155000
71011209022,2019,61000,265700,326700
70813402321,2019,240000,384100,624100
80925414073,2019,52700,142300,195000
70933204160,2019,154100,477100,631200
70836109144,2019,83800,207200,291000
71003406032,2019,74600,164800,239400
81015105069,2019,57600,169100,226700
70926408076,2019,30200,233400,263600
70918321707,2019,0,2000,2000
70921306184,2019,155200,428000,583200
81019304253,2019,66200,110500,176700
70834427605,2019,0,5000,5000
70836213713,2019,11600,117100,128700
70923148633,2019,4200,800,5000
70814309138,2019,160000,309200,469200
70923164291,2019,44900,361900,406800
80936401142,2019,75200,133600,208800
70823404432,2019,48500,199200,247700
70913321299,2019,116000,66300,182300
70924220430,2019,0,10000,10000
70821108094,2019,121100,343900,465000
70829409080,2019,12400,0,12400
71011104082,2019,72800,343800,416600
70923137933,2019,6000,9000,15000
71010302132,2019,54600,122300,176900
70913417113,2019,3098000,15342000,18440000
81019302299,2019,60900,159100,220000
70923153864,2019,1300,23700,25000
60802105185,2019,73700,178500,252200
80924434866,2019,400,1600,2000
70919227152,2019,33600,254700,288300
70931302239,2019,103400,150000,253400
60811115084,2019,103300,300200,403500
60812316144,2019,86900,241400,328300
70923154573,2019,0,7500,7500
70823312015,2019,440000,3067000,3507000
60901102024,2019,62300,171500,233800
60801412028,2019,72900,199700,272600
70922434116,2019,110000,190000,300000
80924422126,2019,8600,166800,175400
60802410360,2019,64100,176100,240200
81034110130,2019,65100,166100,231200
70823306307,2019,80100,200800,280900
71011303238,2019,60100,175500,235600
70829108351,2019,114900,405100,520000
70913422104,2019,80000,315100,395100
70918319869,2019,20500,108200,128700
70921419218,2019,117900,352100,470000
80926104342,2019,57100,120400,177500
60801308194,2019,68100,147400,215500
81033306037,2019,40400,119900,160300
80924438660,2019,400,1600,2000
71001331140,2019,62700,201500,264200
60905102020,2019,45000,84000,129000
70813314378,2019,9300,0,9300
60802103056,2019,70700,172500,243200
71006206059,2019,56000,140600,196600
71023400999,2019,1839600,3980200,5819800
70826412226,2019,10000,76700,86700
81034411025,2019,67000,167600,234600
81023308093,2019,35600,91400,127000
60811103328,2019,103300,273600,376900
60801219284,2019,69300,178800,248100
70932303103,2019,75600,124000,199600
60812106131,2019,83700,169200,252900
70930106038,2019,940000,1060000,2000000
71005113049,2019,65400,106400,171800
80924409025,2019,9000,122700,131700
70912404385,2019,134900,265200,400100
70932114097,2019,150400,345700,496100
70823406016,2019,56500,309800,366300
70834404108,2019,666000,6485000,7151000
81033306293,2019,0,0,0
70814421081,2019,15200,162900,178100
70813318114,2019,62500,287200,349700
80935104086,2019,56100,215300,271400
60905101098,2019,53600,116200,169800
71003405092,2019,54300,160800,215100
70932118081,2019,21800,113600,135400
70836208350,2019,73700,332300,406000
81028119700,2019,10800,105700,116500
71006110052,2019,67200,134700,201900
70901110042,2019,57400,175200,232600
71005327111,2019,79800,277200,357000
71009411027,2019,65800,174200,240000
70835307236,2019,78800,202000,280800
80936201196,2019,61800,182400,244200
71011211077,2019,54300,233700,288000
70923144102,2019,8000,7000,15000
70912404260,2019,98800,229700,328500
71001318031,2019,64400,208600,273000
71005329084,2019,104100,255000,359100
81028120806,2019,0,5000,5000
71009320301,2019,66900,109300,176200
70814301093,2019,129400,292500,421900
70918403050,2019,245600,261800,507400
80925104335,2019,55900,157000,212900
71010110204,2019,54200,177800,232000
70929216286,2019,90100,220300,310400
70821202119,2019,135000,560000,695000
70936303208,2019,60900,143900,204800
71003312271,2019,49100,132700,181800
71015103014,2019,64100,123300,187400
70826315347,2019,52700,0,52700
81033204231,2019,38800,138200,177000
80924421798,2019,400,1600,2000
70817403010,2019,0,0,0
70901109285,2019,58300,117400,175700
80925113782,2019,800,1200,2000
70833102026,2019,131800,374400,506200
70929223041,2019,93000,161500,254500
70825302105,2019,231000,569000,800000
81034202028,2019,0,0,0
70836202055,2019,77100,183000,260100
71011210178,2019,54300,194300,248600
70923174779,2019,3300,11700,15000
71010314195,2019,56100,151500,207600
70920104282,2019,89000,321000,410000
70824301249,2019,96900,212800,309700
71015201248,2019,74200,203600,277800
81035111145,2019,100,0,100
71019411215,2019,9000,106400,115400
70926103220,2019,80200,250000,330200
71001316118,2019,64400,244300,308700
70923402097,2019,187800,97000,284800
71006423190,2019,58300,301700,360000
70920303214,2019,130800,310300,441100
81028112069,2019,56100,139000,195100
80924421681,2019,400,1600,2000
71012206283,2019,61600,235800,297400
71007243068,2019,0,15000,15000
81031411200,2019,35900,125700,161600
70823121101,2019,20000,107100,127100
70826419678,2019,0,4000,4000
60811412159,2019,76400,193200,269600
70931310224,2019,0,0,0
71003114023,2019,21400,143200,164600
70919309059,2019,112700,202200,314900
70928318059,2019,161300,542400,703700
70924219673,2019,0,25000,25000
71001416033,2019,61600,270800,332400
71006433123,2019,110100,230600,340700
70833301058,2019,116700,303300,420000
71010216086,2019,23000,72000,95000
70829402232,2019,12700,0,12700
70813110172,2019,155400,244600,400000
70821114322,2019,61300,208500,269800
70826422291,2019,0,4000,4000
60811412240,2019,110300,221000,331300
71034104374,2019,75600,177800,253400
70930415166,2019,164500,333400,497900
71002309071,2019,64300,326000,390300
70825209541,2019,6000,15000,21000
80925204143,2019,59700,155200,214900
71001305012,2019,0,0,0
71012201283,2019,68200,299800,368000
70918321038,2019,0,2000,2000
70923165687,2019,41500,195800,237300
70823311132,2019,10900,133400,144300
70814307140,2019,146500,271100,417600
71006305059,2019,55800,139300,195100
70929402067,2019,99900,232100,332000
71007219142,2019,132100,250800,382900
71005311073,2019,57800,103900,161700
70813310277,2019,11400,138000,149400
70923160017,2019,8000,7000,15000
81031218044,2019,38100,105700,143800
70932103298,2019,133700,376200,509900
71009302086,2019,81000,295000,376000
81023207039,2019,33600,152200,185800
70936407042,2019,58900,179000,237900
60802415039,2019,82000,333000,415000
70836312028,2019,19100,199300,218400
60812302078,2019,59000,183900,242900
70932112083,2019,92200,240800,333000
70923142370,2019,44900,275900,320800
80925408208,2019,59900,129300,189200
60903201147,2019,77900,234700,312600
70928102270,2019,83300,348800,432100
70923149053,2019,7300,9700,17000
71005324141,2019,110100,187200,297300
70922420040,2019,66200,365800,432000
80925214225,2019,55900,127500,183400
70926301098,2019,0,0,0
70928209050,2019,97800,45000,142800
81032103062,2019,26200,117400,143600
71004303071,2019,54700,134800,189500
81031303118,2019,33800,1019000,1052800
70929114159,2019,82400,151300,233700
70921411115,2019,254700,394600,649300
70829415087,2019,10200,0,10200
70834212014,2019,69800,220100,289900
70822402065,2019,946000,804000,1750000
70930107086,2019,210000,0,210000
71005414124,2019,48000,149600,197600
70931102259,2019,106800,100300,207100
80924425063,2019,8600,166800,175400
70824403045,2019,112700,297300,410000
70924220167,2019,0,10000,10000
81021307097,2019,53500,173500,227000
70923411329,2019,29300,250700,280000
71022305124,2019,31600,98700,130300
70814420166,2019,15200,156200,171400
71006302047,2019,66000,159900,225900
70813402389,2019,301900,438100,740000
70914431055,2019,192300,1007700,1200000
70820115024,2019,100,0,100
80925207064,2019,53600,136700,190300
70932113015,2019,85500,114500,200000
60811415103,2019,77700,174900,252600
70833401171,2019,226000,783400,1009400
71015206058,2019,47200,169500,216700
70920212134,2019,160900,539100,700000
60812303357,2019,0,0,0
71020306124,2019,10200,119800,130000
70823315077,2019,161300,333100,494400
71006303269,2019,69200,156500,225700
70814104158,2019,98400,263800,362200
70816401403,2019,178400,352700,531100
71004313286,2019,54100,152100,206200
81028103323,2019,57400,154100,211500
60811304306,2019,83400,311700,395100
71007224042,2019,3000,25100,28100
70821215089,2019,136000,32500,168500
71001410043,2019,56400,188000,244400
81034310368,2019,0,0,0
71016105035,2019,63300,119900,183200
71006204376,2019,13000,2000,15000
71005333077,2019,98100,279500,377600
71006313010,2019,53300,182700,236000
70924218302,2019,51300,743300,794600
81034307084,2019,0,0,0
70931301140,2019,120100,182700,302800
70923127281,2019,153900,240700,394600
70923150381,2019,55100,310500,365600
81021107158,2019,60900,196200,257100
60801209029,2019,66100,156700,222800
71014202180,2019,55700,149100,204800
81031402150,2019,35900,156200,192100
71002415092,2019,72400,338500,410900
70823211192,2019,67700,268500,336200
70930406131,2019,79700,187300,267000
81026352063,2019,41100,241200,282300
81026207135,2019,5200,0,5200
70919306039,2019,126800,241700,368500
70814309047,2019,154100,319800,473900
70932406220,2019,80100,129500,209600
70913127910,2019,1000,9000,10000
71006404033,2019,68000,192400,260400
70921219098,2019,134500,345500,480000
60802101159,2019,112000,428000,540000
70836216634,2019,5500,97100,102600
80925205191,2019,55700,120200,175900
71026201013,2019,0,0,0
70922204048,2019,140700,362300,503000
60802411160,2019,0,0,0
70822402023,2019,0,0,0
70835319041,2019,74600,181900,256500
71009312069,2019,68800,154600,223400
80926108328,2019,55800,175200,231000
70813314477,2019,14900,264100,279000
71006117272,2019,41000,183400,224400
81023207493,2019,33600,152300,185900
71010210062,2019,57600,176900,234500
70836410096,2019,55100,149000,204100
60801402087,2019,73300,145600,218900
70814424126,2019,78000,190500,268500
70920409054,2019,129500,276000,405500
70919406037,2019,104500,309600,414100
70833123048,2019,88400,280800,369200
60812109218,2019,76300,187300,263600
60812110257,2019,78800,238000,316800
70931310266,2019,98000,182000,280000
70823311083,2019,11700,127700,139400
70913430032,2019,20000,175000,195000
70814405043,2019,93100,185200,278300
70926110085,2019,78000,151000,229000
81026349044,2019,41100,207500,248600
80926109095,2019,54000,123200,177200
70822402099,2019,693000,974700,1667700
70826407186,2019,70100,170700,240800
60812407167,2019,99200,0,99200
71021209129,2019,57700,135100,192800
60812304222,2019,82700,253600,336300
70932308038,2019,64500,150900,215400
70919221253,2019,101300,239700,341000
70816322021,2019,17300,92700,110000
70912404228,2019,99400,271500,370900
60811112353,2019,96700,177400,274100
70929427057,2019,217800,243100,460900
60906201136,2019,68100,202100,270200
81022306171,2019,8000,64600,72600
70932410205,2019,74000,142000,216000
70835113055,2019,117000,332800,449800
81026424101,2019,100,0,100
71011404010,2019,81200,281100,362300
70921207259,2019,154000,1185000,1339000
70901113525,2019,20400,110300,130700
81028118075,2019,10100,88000,98100
60812207103,2019,1500,0,1500
71006306362,2019,41000,262100,303100
70928103286,2019,106000,313700,419700
71009216154,2019,46200,134300,180500
70813314451,2019,14500,253500,268000
70828309132,2019,64900,0,64900
70920410150,2019,123900,167800,291700
70927107023,2019,26500,200100,226600
70824414125,2019,13900,89400,103300
71010211135,2019,55600,194700,250300
71010405192,2019,77400,167900,245300
70826403093,2019,374000,2477000,2851000
70913403170,2019,0,0,0
71010303073,2019,63000,134100,197100
60811303100,2019,90300,266800,357100
70931406106,2019,103100,172600,275700
70913112151,2019,114500,137500,252000
70834210026,2019,70700,228800,299500
70930104298,2019,81400,186400,267800
71008108998,2019,1100,8900,10000
60812325161,2019,18900,161100,180000
70929123209,2019,10400,188900,199300
70922408286,2019,0,0,0
60802405048,2019,67100,147700,214800
81026418112,2019,100,0,100
71004311206,2019,54100,150900,205000
60802103048,2019,68900,222700,291600
70923105089,2019,1678000,18316000,19994000
60802105193,2019,83900,152300,236200
80936100976,2019,0,0,0
80925214176,2019,52300,153700,206000
70926214035,2019,91900,276600,368500
70932409232,2019,74000,0,74000
71005327088,2019,90400,243200,333600
71006113238,2019,60800,189200,250000
70919402077,2019,117300,235400,352700
81021307039,2019,53500,207300,260800
70923142388,2019,44900,286600,331500
60811417092,2019,75600,244900,320500
70933203097,2019,139900,391400,531300
70933204053,2019,161200,617100,778300
70922302173,2019,134000,315900,449900
80924406740,2019,400,1600,2000
70823315069,2019,162200,347300,509500
70932306157,2019,68100,139800,207900
70913340017,2019,32800,153200,186000
70825307022,2019,163000,124000,287000
70922326157,2019,111100,319400,430500
70923412236,2019,1700,16300,18000
71014215381,2019,7800,127400,135200
70913347352,2019,2500,12500,15000
71015118237,2019,46200,155700,201900
70833302527,2019,197600,302400,500000
60811116264,2019,18800,216700,235500
60904101312,2019,82500,223900,306400
70926414049,2019,39200,0,39200
71015406070,2019,46500,160700,207200
81021201017,2019,0,0,0
70814206011,2019,0,0,0
70814105015,2019,31700,165700,197400
70921314046,2019,109200,169300,278500
70922216118,2019,133000,211000,344000
71009215148,2019,44300,163100,207400
81027107186,2019,36700,109800,146500
70920416116,2019,141400,167600,309000
71026103102,2019,826500,10000,836500
80936406035,2019,77600,221700,299300
71011214039,2019,52700,221000,273700
70829102288,2019,113300,214300,327600
70919402093,2019,111500,250700,362200
80924423984,2019,400,1600,2000
70828105069,2019,112300,216800,329100
70813320242,2019,14600,103100,117700
81021201041,2019,0,0,0
71006405221,2019,68000,276700,344700
60903209042,2019,11600,135700,147300
70823110360,2019,89400,330200,419600
80925122072,2019,10800,263500,274300
70929401085,2019,90200,227400,317600
70913205039,2019,103000,127700,230700
70929215163,2019,93800,180300,274100
71005218112,2019,72000,92900,164900
70921316092,2019,109200,247000,356200
71001309163,2019,57900,178100,236000
80924418836,2019,400,1600,2000
71010401108,2019,59700,160300,220000
71010106104,2019,57500,181100,238600
71004315216,2019,56100,142800,198900
70921212109,2019,96100,297200,393300
70930408236,2019,76800,171500,248300
70918307046,2019,75400,85700,161100
71003419267,2019,46300,177900,224200
81031203152,2019,39900,144100,184000
70929104035,2019,119500,276400,395900
70836213341,2019,11600,126200,137800
60802309307,2019,89700,191300,281000
81034403064,2019,57600,203200,260800
70821407058,2019,99200,403000,502200
60804210049,2019,17600,0,17600
70923116010,2019,73800,408200,482000
70929124710,2019,0,10000,10000
81023306211,2019,35600,90400,126000
81023209184,2019,0,1200,1200
71035103193,2019,68900,336000,404900
70821108226,2019,118200,281400,399600
70932403060,2019,108000,162200,270200
70923145390,2019,8000,7000,15000
70835203260,2019,160800,400400,561200
70935201106,2019,66200,177800,244000
70921304097,2019,185800,477200,663000
70925303011,2019,0,0,0
60801417010,2019,16300,165300,181600
70922324036,2019,171200,590300,761500
60812107147,2019,83100,180000,263100
70929415143,2019,85000,228800,313800
70836403033,2019,70600,154400,225000
70919224116,2019,103000,172000,275000
71014215050,2019,7800,81800,89600
70922219104,2019,225800,555900,781700
70918315015,2019,23600,153200,176800
60804105258,2019,110000,312900,422900
70929309148,2019,100400,239000,339400
70920110148,2019,151600,189200,340800
81034303024,2019,44200,150200,194400
71006115086,2019,63800,177400,241200
81032419261,2019,39500,116200,155700
70836216460,2019,5500,95500,101000
70835202387,2019,123600,289300,412900
70813111021,2019,440300,440700,881000
71012220019,2019,19300,188300,207600
71003302090,2019,59100,124800,183900
80926402035,2019,85500,106200,191700
81033405152,2019,240000,806000,1046000
70923212040,2019,222000,252000,474000
70929220089,2019,87900,223000,310900
81032416126,2019,46900,127300,174200
70920415150,2019,0,0,0
81032420218,2019,41400,135100,176500
70924201159,2019,3772000,27918000,31690000
81030400973,2019,713000,3707000,4420000
70826419363,2019,0,4000,4000
70923211050,2019,2312000,9517000,11829000
60801110143,2019,60100,157900,218000
70913223106,2019,8200,420400,428600
80925410104,2019,59100,180500,239600
70923150365,2019,55100,339600,394700
70824212123,2019,0,0,0
70921304055,2019,154800,327200,482000
70923167857,2019,0,0,0
81031215115,2019,0,0,0
70913111236,2019,86200,313000,399200
60804208119,2019,22200,0,22200
70836307045,2019,66800,183700,250500
70936308042,2019,0,0,0
70929415078,2019,82000,223000,305000
70834307203,2019,176800,0,176800
70923413937,2019,0,5000,5000
70826201083,2019,497000,712000,1209000
70921120120,2019,115800,298300,414100
70923123065,2019,96400,121900,218300
71015105250,2019,61100,159400,220500
71005305018,2019,0,0,0
70823304377,2019,78100,161900,240000
70829104250,2019,0,0,0
70820111048,2019,100,0,100
81031419246,2019,38100,157400,195500
60812321333,2019,18000,166800,184800
70912403147,2019,105200,180100,285300
71006102041,2019,46900,82800,129700
70927102065,2019,59400,318600,378000
71035103284,2019,64600,240400,305000
80924404760,2019,400,1600,2000
71014106077,2019,12500,153400,165900
80936401069,2019,74000,246000,320000
71015119079,2019,49000,183200,232200
80924433884,2019,400,1600,2000
70816408053,2019,159000,453200,612200
71011214063,2019,52100,229500,281600
71006421201,2019,67900,154500,222400
70929223306,2019,90200,202400,292600
70919224190,2019,101500,104400,205900
80926205116,2019,65600,244700,310300
70823210087,2019,76800,200900,277700
71004309136,2019,0,0,0
60801408043,2019,97100,237500,334600
80924419793,2019,400,1600,2000
70836118012,2019,64600,161400,226000
71019410019,2019,81300,102100,183400
70816403136,2019,180400,391600,572000
70928301054,2019,101200,193500,294700
80925408274,2019,59500,109500,169000
71011121135,2019,38300,236400,274700
81031401227,2019,35900,164100,200000
60801212246,2019,77000,176400,253400
70827110035,2019,0,0,0
70913343201,2019,14900,239300,254200
60811402184,2019,75400,192400,267800
71003312106,2019,49300,168600,217900
70834213038,2019,0,0,0
70923143956,2019,44900,613000,657900
71016113244,2019,54900,118200,173100
71016113179,2019,54900,202100,257000
81028107185,2019,58100,168000,226100
70835203278,2019,149400,396800,546200
70923162534,2019,8000,7000,15000
60812101131,2019,87200,169900,257100
70918402028,2019,102100,231200,333300
70932420155,2019,94500,185600,280100
81030208012,2019,83500,236500,320000
70914429042,2019,35500,137500,173000
70919107213,2019,100500,234500,335000
70929221201,2019,88300,181300,269600
70816320140,2019,244500,610300,854800
70928312019,2019,128800,352100,480900
70920402173,2019,131700,161100,292800
70827103022,2019,257000,763000,1020000
80924423075,2019,10500,173300,183800
70828415046,2019,0,0,0
70931103067,2019,103100,181400,284500
70813405044,2019,120700,202200,322900
70922231067,2019,182600,356200,538800
70932108149,2019,127900,178900,306800
70931105013,2019,108200,164300,272500
81028118330,2019,7300,87200,94500
70929304057,2019,88600,197300,285900
71007204135,2019,70800,339500,410300
70816402237,2019,202400,459000,661400
70927202998,2019,0,0,0
70813320218,2019,14600,106200,120800
70833205581,2019,29500,244300,273800
70921205097,2019,71500,191400,262900
81032411150,2019,44000,104200,148200
70913216052,2019,464600,460800,925400
70814303081,2019,98200,311900,410100
70922224145,2019,127500,184500,312000
80926109029,2019,54900,130800,185700
80925416227,2019,62300,233300,295600
70826420211,2019,0,4000,4000
70913346304,2019,102000,563600,665600
60812313546,2019,33100,209900,243000
70932203064,2019,80700,263300,344000
71005232245,2019,42600,125800,168400
70828319016,2019,100,0,100
71005326105,2019,105800,323500,429300
80924423059,2019,10200,172500,182700
71012220093,2019,19300,166100,185400
60812108038,2019,76900,164600,241500
71010110197,2019,54200,185900,240100
70921315119,2019,136400,104800,241200
70836312226,2019,19100,194100,213200
70928201080,2019,83500,225700,309200
71012211092,2019,60800,201000,261800
70814428110,2019,15200,162100,177300
71011128107,2019,72600,331200,403800
71002309013,2019,60900,220000,280900
70836304249,2019,52200,107100,159300
60902205083,2019,99000,619800,718800
71014108362,2019,10700,178300,189000
70825203121,2019,770000,505000,1275000
70834308839,2019,125000,310000,435000
70923148592,2019,4200,800,5000
71016206057,2019,67100,131100,198200
71010202085,2019,53600,217300,270900
81030302070,2019,68300,200200,268500
70923146124,2019,8000,7000,15000
60801215034,2019,70000,202700,272700
81019301093,2019,61000,176000,237000
80925105193,2019,53100,119600,172700
70919202071,2019,63000,124000,187000
70813330093,2019,55500,331500,387000
70813306169,2019,179200,321900,501100
70926402143,2019,82300,145900,228200
70926220040,2019,0,0,0
70918304018,2019,74800,168200,243000
60803105069,2019,123000,206100,329100
71012210094,2019,58700,212200,270900
71004314284,2019,58500,179900,238400
70833116069,2019,85100,244900,330000
70833403119,2019,216500,363700,580200
70932210035,2019,22600,88100,110700
80925105078,2019,50800,138100,188900
70823400969,2019,0,0,0
70901108021,2019,46200,129500,175700
70921410018,2019,98600,347200,445800
80924402045,2019,7100,123000,130100
71006313028,2019,45500,199300,244800
70928102189,2019,113300,260000,373300
60801114179,2019,55700,147900,203600
81034418112,2019,67200,219300,286500
70923138436,2019,37000,369000,406000
81027105057,2019,36700,108800,145500
71035113069,2019,69700,253600,323300
80924440136,2019,13300,228900,242200
71035205197,2019,67000,239700,306700
81028108183,2019,54900,183500,238400
70822404011,2019,0,0,0
71006209110,2019,69200,119600,188800
70932106193,2019,143600,281400,425000
70932116069,2019,171600,203100,374700
70913413070,2019,444000,163000,607000
70921402015,2019,98600,180600,279200
80923300985,2019,0,0,0
81034303123,2019,48800,127200,176000
81021305116,2019,59400,195900,255300
70935114060,2019,48500,128700,177200
80925123848,2019,800,1200,2000
70921419292,2019,80700,260700,341400
70913353250,2019,41900,185100,227000
80926104079,2019,55600,120900,176500
70913204239,2019,69500,247500,317000
81028119544,2019,8300,64500,72800
70914438332,2019,2200,22800,25000
60801109196,2019,66700,142200,208900
71006312418,2019,57800,258500,316300
81014202022,2019,1353000,6472000,7825000
71009404147,2019,66700,133300,200000
60801307071,2019,72100,147100,219200
71035105016,2019,84800,249500,334300
70836411028,2019,62000,166200,228200
70929409162,2019,87300,200500,287800
70913307215,2019,0,0,0
70921112250,2019,124400,275400,399800
70924220034,2019,0,10000,10000
70917301015,2019,567300,472200,1039500
70922440030,2019,129000,231300,360300
71007206173,2019,58700,198600,257300
70834308938,2019,26000,273900,299900
70913113175,2019,78300,373300,451600
71015204060,2019,46300,185200,231500
71003107028,2019,53100,158000,211100
60811205124,2019,95800,255900,351700
70826416567,2019,21500,121300,142800
70926216099,2019,90000,350000,440000
71004409035,2019,243000,0,243000
60802416243,2019,68300,188500,256800
70827404024,2019,0,0,0
71010410224,2019,57900,149400,207300
70829408074,2019,8900,0,8900
71015214093,2019,23000,272600,295600
71014210191,2019,61200,148600,209800
80925213011,2019,55200,146300,201500
70928109242,2019,108400,282100,390500
60804103228,2019,83200,331800,415000
80936207061,2019,55600,191400,247000
70922204022,2019,0,0,0
71010204180,2019,53100,158300,211400
60812325070,2019,17000,106400,123400
80936406168,2019,82200,267900,350100
71010408162,2019,56600,137400,194000
71009219017,2019,44800,156700,201500
70935112048,2019,62300,106100,168400
81033209223,2019,284300,0,284300
81028110104,2019,54900,179100,234000
70824306140,2019,91200,334500,425700
71010308081,2019,52500,150400,202900
60812302466,2019,72500,177200,249700
70826421483,2019,0,4000,4000
70921103134,2019,81900,240800,322700
71011127018,2019,73600,321700,395300
71027406068,2019,51000,189900,240900
70923113032,2019,102000,193800,295800
60801117032,2019,66700,204400,271100
70836434012,2019,36500,90000,126500
70913401207,2019,39000,321400,360400
71011128058,2019,71900,296300,368200
70926405121,2019,76200,91100,167300
71005302080,2019,57900,204500,262400
70935112139,2019,50700,64100,114800
70914420321,2019,132000,370000,502000
70928113087,2019,133000,192000,325000
70929122144,2019,114300,191400,305700
71035120056,2019,60400,233300,293700
71009320228,2019,63200,106900,170100
70833115110,2019,98700,235000,333700
70923154185,2019,0,7500,7500
70931402211,2019,117300,220200,337500
60802316253,2019,18000,0,18000
60801116133,2019,66700,157800,224500
70826407152,2019,69100,155900,225000
71005327137,2019,86700,293000,379700
71004405116,2019,49200,148600,197800
70912403056,2019,84100,443800,527900
70920303082,2019,129600,336000,465600
81026422113,2019,100,0,100
81034407082,2019,67500,152200,219700
70816313038,2019,125700,235800,361500
70824204261,2019,103100,231300,334400
71014106275,2019,12500,149300,161800
70814302207,2019,90400,251300,341700
71021210100,2019,64900,219900,284800
70923146306,2019,8000,7000,15000
60812119027,2019,20700,174500,195200
70918319744,2019,20500,69000,89500
71016411044,2019,61600,136100,197700
70935302087,2019,28000,494500,522500
81034207036,2019,67800,226000,293800
70918411095,2019,132700,136600,269300
71001330069,2019,25200,114800,140000
71011402171,2019,86700,306400,393100
71016207138,2019,66900,147100,214000
80926206148,2019,71600,210500,282100
70925301122,2019,520000,382800,902800
71007105284,2019,74100,263100,337200
71007313085,2019,114900,402300,517200
71020309235,2019,23800,163200,187000
70814419234,2019,15200,184800,200000
70821213083,2019,100,0,100
60802316196,2019,18000,193400,211400
71014113048,2019,22000,163000,185000
70829411027,2019,17100,0,17100
60804202012,2019,70600,220000,290600
70913406273,2019,106100,341800,447900
70926113138,2019,81100,185100,266200
70835122361,2019,6500,76500,83000
71006406071,2019,68000,288800,356800
70928109044,2019,108400,220600,329000
70923163087,2019,44900,174300,219200
70821203084,2019,98000,352000,450000
71004312311,2019,58900,137500,196400
70913218032,2019,26700,157300,184000
60802105010,2019,67000,168600,235600
70922417055,2019,64600,221300,285900
60902205075,2019,176000,891000,1067000
70932111168,2019,174900,346600,521500
71011128040,2019,75100,334900,410000
71009106248,2019,145000,345000,490000
70922206086,2019,107300,354400,461700
60802311120,2019,99000,273100,372100
81031203102,2019,39900,159900,199800
71010108126,2019,58000,200900,258900
70926117099,2019,188000,309400,497400
71004301017,2019,62700,143700,206400
70835112015,2019,92500,251400,343900
70930413251,2019,0,0,0
71005204088,2019,53700,98600,152300
70914412112,2019,200000,716000,916000
70920124066,2019,15200,118300,133500
70931304136,2019,127300,176400,303700
70828422083,2019,0,0,0
80936209033,2019,66300,128600,194900
81032309090,2019,36700,145300,182000
60811108196,2019,101900,235500,337400
70824405059,2019,104500,223500,328000
81032102064,2019,95900,54200,150100
70825202074,2019,0,0,0
71005334108,2019,110100,371500,481600
80935104143,2019,56100,146900,203000
70922302082,2019,0,0,0
70929124439,2019,0,10000,10000
70826211256,2019,11700,51100,62800
81027403071,2019,1000,0,1000
70813319328,2019,14300,100000,114300
71011405109,2019,99300,317000,416300
71010114165,2019,55900,183600,239500
81028118611,2019,10800,88200,99000
70929125049,2019,0,1020000,1020000
70929421207,2019,157600,312300,469900
70918307137,2019,73700,144500,218200
70816401429,2019,211000,445200,656200
70836301039,2019,61900,152600,214500
70920419110,2019,94900,198600,293500
70814404029,2019,91400,146500,237900
71001102020,2019,65500,309500,375000
60906114066,2019,57900,160900,218800
70920217473,2019,400,14600,15000
70814419135,2019,15200,161800,177000
81029403011,2019,427800,661900,1089700
70815309038,2019,63400,390200,453600
80924436169,2019,13300,225700,239000
81031222037,2019,41400,180500,221900
70922337097,2019,183200,280800,464000
60906104041,2019,64700,138600,203300
60801209160,2019,78900,165900,244800
80926306055,2019,65900,197300,263200
80924434931,2019,400,1600,2000
60812201212,2019,84700,133000,217700
70836312193,2019,19100,185300,204400
60802107032,2019,68700,160600,229300
81033305047,2019,44000,156600,200600
70929124405,2019,0,10000,10000
70821112095,2019,120300,329700,450000
80936413171,2019,71400,159800,231200
81031302061,2019,50300,103700,154000
70826406196,2019,70700,183900,254600
70931202132,2019,78600,193400,272000
60801226114,2019,16200,154200,170400
80924427978,2019,400,1600,2000
70913411016,2019,0,0,0
71011119023,2019,45300,204800,250100
81026355611,2019,3800,0,3800
70920303248,2019,120800,414400,535200
71006405198,2019,68000,201600,269600
80924305124,2019,80500,227500,308000
60904110040,2019,91500,177700,269200
70829110158,2019,87400,282800,370200
71003212033,2019,53100,175900,229000
70822109017,2019,0,0,0
70923411569,2019,31100,283900,315000
71011406082,2019,86600,267000,353600
70833116093,2019,85100,259200,344300
70814206194,2019,99600,231100,330700
81021416038,2019,57000,119300,176300
70836401186,2019,77000,138900,215900
70814419367,2019,15200,153900,169100
71006205259,2019,37600,152800,190400
70836419080,2019,65600,142700,208300
71014216074,2019,7500,89700,97200
70918225066,2019,30600,141800,172400
70921311232,2019,82100,205700,287800
70914416148,2019,119700,333800,453500
70914301042,2019,873000,3577000,4450000
70821114273,2019,61300,215700,277000
70922436097,2019,207000,76200,283200
70923146190,2019,8000,7000,15000
60812330219,2019,0,5000,5000
81033304148,2019,43700,126700,170400
71016206031,2019,65100,139300,204400
70823212140,2019,87600,175200,262800
70923147205,2019,8000,7000,15000
70914437079,2019,1100,5900,7000
70824206267,2019,112100,341200,453300
70836307053,2019,68400,151600,220000
71005411039,2019,58300,142800,201100
60812102189,2019,87700,204200,291900
70921103142,2019,82400,251100,333500
70919402118,2019,114300,272800,387100
70814407049,2019,88200,204800,293000
81021404207,2019,0,0,0
70835315437,2019,51900,358100,410000
70922305036,2019,0,0,0
71016417034,2019,62100,157900,220000
81026424143,2019,100,0,100
71003401074,2019,49300,160700,210000
60811303035,2019,81700,228400,310100
81028111079,2019,59200,154900,214100
71007209143,2019,0,0,0
70921409144,2019,142900,419500,562400
71009304149,2019,67900,126800,194700
71009204068,2019,48000,147400,195400
60812213077,2019,22400,182100,204500
71014214614,2019,8100,129000,137100
70833118073,2019,92000,235600,327600
70921104017,2019,81900,242300,324200
70929223083,2019,76200,168200,244400
71021103149,2019,56500,178500,235000
80924403829,2019,400,1600,2000
70913406075,2019,144400,175600,320000
70918411110,2019,137000,178700,315700
60811116157,2019,18800,213200,232000
70922111277,2019,50000,333000,383000
70919214133,2019,86900,110900,197800
71016119010,2019,62300,141600,203900
70923170173,2019,2500,600,3100
80926409130,2019,12000,158500,170500
71011211209,2019,2300,0,2300
81032405046,2019,98500,148100,246600
70821213025,2019,126500,313500,440000
81032312043,2019,53000,392000,445000
70923140530,2019,1500,13500,15000
71005314051,2019,55300,195200,250500
70824206093,2019,107500,318500,426000
70913346677,2019,7600,13000,20600
70834427027,2019,25600,160400,186000
70929201138,2019,130500,265000,395500
70814424027,2019,81900,243100,325000
60801419222,2019,16600,188300,204900
81032410053,2019,56900,151200,208100
81028119106,2019,8700,65100,73800
71006119012,2019,34700,203600,238300
81033204166,2019,45000,141900,186900
70931310050,2019,99000,176900,275900
71005114013,2019,100000,350000,450000
70815307181,2019,173900,355500,529400
71006440904,2019,0,4000,4000
81033302051,2019,33000,124600,157600
60802316279,2019,18000,0,18000
81031411101,2019,19500,135500,155000
60804205074,2019,99000,323000,422000
80924435830,2019,400,3100,3500
60811402308,2019,76100,209700,285800
71003313104,2019,49300,144100,193400
81016205032,2019,0,0,0
80926109194,2019,54300,141000,195300
71002316133,2019,59500,310400,369900
81028121672,2019,10800,104200,115000
60812122012,2019,80400,205700,286100
71011407022,2019,96600,285800,382400
70922217025,2019,179200,456100,635300
70828418040,2019,0,0,0
70932205036,2019,71700,227300,299000
60801234323,2019,15000,141300,156300
70922231140,2019,152800,397000,549800
70826420667,2019,0,4000,4000
70826410460,2019,71700,172200,243900
70932113271,2019,94900,170100,265000
70930401074,2019,73400,218200,291600
70913353127,2019,41900,194100,236000
60801210084,2019,64700,151700,216400
81032310112,2019,0,0,0
71003303147,2019,62400,119000,181400
60801113163,2019,59500,155500,215000
70931414125,2019,89100,253400,342500
80924424049,2019,8600,166800,175400
71002314228,2019,5000,0,5000
80936102071,2019,13800,94300,108100
70913205089,2019,100700,294500,395200
70924219334,2019,0,25000,25000
81028120533,2019,0,5000,5000
70834427639,2019,0,5000,5000
71004409051,2019,0,0,0
70926409058,2019,80600,149400,230000
70836205132,2019,72900,216000,288900
60812407159,2019,88600,189500,278100
60906201194,2019,66000,125200,191200
60906107243,2019,67300,166700,234000
70936201056,2019,1100000,0,1100000
70919226097,2019,96600,152900,249500
70923163293,2019,44900,235100,280000
70928104185,2019,138200,334000,472200
70928101248,2019,96000,311800,407800
70923146075,2019,8000,7000,15000
70929112236,2019,100400,211700,312100
70920302068,2019,129300,341100,470400
71005414059,2019,48000,135700,183700
71007206222,2019,60300,271200,331500
71010110270,2019,55700,123200,178900
71005409141,2019,41900,132300,174200
80935104333,2019,87900,233900,321800
70921106097,2019,113300,411000,524300
80926308043,2019,64300,198600,262900
70931411329,2019,75900,119600,195500
70921419086,2019,117200,365300,482500
60801417052,2019,16300,201900,218200
81026349101,2019,41100,250700,291800
71011303155,2019,0,0,0
70928305014,2019,91100,235900,327000
81028120632,2019,0,5000,5000
70923173680,2019,3300,5900,9200
70922430114,2019,122300,231400,353700
70918415609,2019,9500,33800,43300
70813328155,2019,128700,304700,433400
70914437897,2019,1100,100,1200
70923167716,2019,3400,13800,17200
71010411032,2019,56400,169400,225800
80925110192,2019,53500,126600,180100
60801105079,2019,70000,162200,232200
70918416186,2019,10500,112700,123200
70913434092,2019,0,18000,18000
71021218097,2019,59300,124500,183800
70923146471,2019,8000,7000,15000
70826315024,2019,34300,202600,236900
71009205016,2019,0,0,0
70914422046,2019,153700,196800,350500
60801412044,2019,75600,246200,321800
70913207150,2019,83100,122800,205900
70923167477,2019,6500,13500,20000
71006425071,2019,84900,249500,334400
71003409119,2019,49500,162700,212200
70834309118,2019,25500,0,25500
71022301940,2019,31900,102900,134800
71009313174,2019,65300,131900,197200
81021403358,2019,51000,153300,204300
71010214064,2019,46800,200200,247000
71003213221,2019,53100,177000,230100
60803108055,2019,100300,203600,303900
70833407111,2019,44700,573300,618000
60801417044,2019,16300,198900,215200
71011121078,2019,47600,227100,274700
70833204103,2019,111600,287400,399000
70920219536,2019,0,0,0
70836304231,2019,69900,89400,159300
81034312041,2019,82000,421000,503000
71010206178,2019,57900,128400,186300
81028110097,2019,54900,149700,204600
70928105331,2019,146900,465600,612500
70920306135,2019,103400,208900,312300
70835124680,2019,500,1500,2000
70922232065,2019,205200,346100,551300
71005332102,2019,133900,384900,518800
71009224149,2019,45100,151100,196200
81034107012,2019,61500,172800,234300
71009209084,2019,51500,116100,167600
71003413087,2019,55600,209300,264900
60904105215,2019,81500,157500,239000
80924104021,2019,79300,215400,294700
71006111175,2019,69200,158800,228000
70813313023,2019,23900,176600,200500
71001414053,2019,61000,227800,288800
60803101075,2019,101000,167300,268300
60901201082,2019,61500,152600,214100
70823209147,2019,137300,227500,364800
70828311038,2019,64900,334100,399000
81028407030,2019,603000,1786100,2389100
60811411060,2019,75600,217100,292700
80925112776,2019,800,1200,2000
71010204205,2019,61300,147400,208700
81026366048,2019,3000,0,3000
70815102078,2019,100,0,100
60812404048,2019,77200,185800,263000
70922310100,2019,156600,449100,605700
70922339134,2019,201700,423900,625600
80936405053,2019,70300,212400,282700
70926304290,2019,80400,200400,280800
60812405103,2019,81000,217200,298200
71014214078,2019,8100,122600,130700
60801316139,2019,24000,137200,161200
60802403026,2019,67500,139100,206600
70923174729,2019,3300,11700,15000
70921214105,2019,115000,177300,292300
70835124177,2019,500,1500,2000
70836310246,2019,14900,112900,127800
70923216208,2019,0,0,0
70913402015,2019,0,0,0
70921403097,2019,142900,419300,562200
80924421128,2019,8600,167800,176400
81033101106,2019,89500,256500,346000
70834206059,2019,82100,221300,303400
70931309037,2019,99000,119900,218900
71014202338,2019,59100,152600,211700
70932204012,2019,84900,222100,307000
70923215276,2019,0,0,0
81032425185,2019,28100,120700,148800
70920303066,2019,123400,330400,453800
70914441012,2019,261000,1099700,1360700
70822205063,2019,0,0,0
80924429081,2019,12700,203600,216300
70932116051,2019,147800,312200,460000
70932423042,2019,52600,152400,205000
60903202088,2019,88900,184200,273100
70920218819,2019,400,14600,15000
70823414035,2019,583000,177000,760000
70824414084,2019,13900,113000,126900
71022404059,2019,668000,1758500,2426500
71005304086,2019,68000,274500,342500
80936404039,2019,40000,525000,565000
71007304159,2019,85000,739000,824000
70920406117,2019,145400,285200,430600
81026355588,2019,3800,0,3800
71009226252,2019,62000,0,62000
81032101016,2019,41800,98600,140400
70929304065,2019,88600,213700,302300
70835124135,2019,500,1500,2000
70834310066,2019,0,15000,15000
70823212190,2019,68100,151100,219200
70920420240,2019,119100,176300,295400
71007313019,2019,70900,304100,375000
70929217036,2019,104900,176800,281700
60803106299,2019,103200,253000,356200
70920107137,2019,116900,180100,297000
70826310149,2019,100300,333600,433900
71003419217,2019,59600,178900,238500
70919307235,2019,109900,244500,354400
60801112082,2019,59500,150600,210100
80924408019,2019,9300,139800,149100
70913202134,2019,97900,154400,252300
70923171048,2019,1100,700,1800
71021112033,2019,70600,173000,243600
60901202387,2019,60200,137400,197600
71034101172,2019,75100,169900,245000
60802114011,2019,0,0,0
70922111194,2019,110000,2130000,2240000
70833202115,2019,102400,242600,345000
70923170305,2019,17500,4900,22400
70922346585,2019,0,15000,15000
70822414903,2019,23200,158200,181400
60905107153,2019,51800,100100,151900
71009207137,2019,52500,272500,325000
70928218027,2019,92200,227500,319700
80936121039,2019,13800,94700,108500
71005413192,2019,44400,122700,167100
70826313078,2019,69200,215900,285100
70823108240,2019,89400,276800,366200
80927400997,2019,0,0,0
71005306016,2019,0,0,0
71003318013,2019,62000,191800,253800
70828302136,2019,16500,0,16500
70922346048,2019,0,15000,15000
70913405233,2019,73100,576700,649800
70834418208,2019,20000,120400,140400
71001104018,2019,68000,215800,283800
60801115101,2019,60300,182700,243000
60812212079,2019,22400,182300,204700
71003210061,2019,53100,159700,212800
70929116254,2019,100000,168200,268200
60803103229,2019,103200,223500,326700
81023308150,2019,35600,100100,135700
70923116044,2019,207600,307600,515200
81035106063,2019,67100,0,67100
81021107257,2019,63000,209000,272000
71014215555,2019,7800,127200,135000
70923301067,2019,0,0,0
71010411165,2019,73800,156000,229800
71010301150,2019,52100,149100,201200
70821214156,2019,138000,271000,409000
71021108082,2019,61000,133300,194300
71006305257,2019,0,0,0
60906106245,2019,63900,150300,214200
70822210088,2019,0,0,0
70816311016,2019,180600,485700,666300
71009412207,2019,177000,118000,295000
71011118265,2019,30500,245500,276000
70813333287,2019,26300,268700,295000
70821213017,2019,128000,330800,458800
70929215121,2019,118300,171700,290000
81015105275,2019,60300,202000,262300
70923160538,2019,8000,7000,15000
71009310013,2019,68800,134000,202800
71011217025,2019,158000,0,158000
71027411215,2019,0,0,0
80926206130,2019,64500,211400,275900
70826407095,2019,68000,144300,212300
80926306120,2019,70000,261700,331700
71004404283,2019,48100,140400,188500
70923309045,2019,128400,243000,371400
81030303094,2019,58000,159700,217700
70836417117,2019,61600,147500,209100
71005301024,2019,61800,253700,315500
70923412054,2019,1700,16300,18000
70933301073,2019,84000,231900,315900
70929419260,2019,90500,250800,341300
70920219734,2019,0,0,0
70923123114,2019,148500,343000,491500
81026428038,2019,700,0,700
70833106028,2019,135500,317700,453200
70926215116,2019,114300,277000,391300
70836213614,2019,11600,120400,132000
70922428101,2019,147800,508600,656400
81030304084,2019,68600,200700,269300
71011405084,2019,96600,262200,358800
71010306358,2019,49800,142900,192700
80925407010,2019,59200,181800,241000
60802412184,2019,76500,237300,313800
81028400951,2019,364500,585500,950000
70928209175,2019,97800,292800,390600
70920108135,2019,124100,211800,335900
81026366080,2019,0,0,0
70928307036,2019,91600,176800,268400
71016107106,2019,63300,92000,155300
60904101156,2019,90600,322100,412700
70923313038,2019,167600,212400,380000
70935305255,2019,284300,592100,876400
71002439125,2019,41700,231700,273400
70921316117,2019,118300,125500,243800
70931404027,2019,102400,220200,322600
60812330136,2019,0,5000,5000
71035112152,2019,70600,262200,332800
70826410543,2019,0,0,0
70823106012,2019,89400,308500,397900
70920217704,2019,400,14600,15000
70930415223,2019,87500,336500,424000
71003315150,2019,58000,175000,233000
71006304291,2019,46100,250600,296700
71010102029,2019,52400,189800,242200
70933204300,2019,181200,539800,721000
70815309012,2019,63400,403900,467300
71005413275,2019,42800,126000,168800
70925209011,2019,0,0,0
70814203190,2019,126000,281300,407300
71006446126,2019,3000,35000,38000
71005406238,2019,47900,179700,227600
71005227030,2019,48500,130300,178800
71016406128,2019,62400,131100,193500
80935106264,2019,66400,174100,240500
71015105044,2019,66400,183900,250300
71006206231,2019,37600,163200,200800
70824218030,2019,132000,434700,566700
81031210248,2019,42400,124400,166800
71003418152,2019,52400,154000,206400
70914302090,2019,0,0,0
70814207150,2019,75800,170200,246000
70920306226,2019,95500,207900,303400
71020306182,2019,12500,112500,125000
81034404096,2019,65700,164000,229700
81027102045,2019,1340400,4982300,6322700
70932418035,2019,53300,96700,150000
71021106028,2019,60100,152500,212600
70835110118,2019,103900,216600,320500
70836306089,2019,70000,295000,365000
70918307070,2019,88700,111900,200600
70834308855,2019,27900,323100,351000
71003304153,2019,285000,275000,560000
81028112142,2019,65900,177800,243700
70820104134,2019,100,0,100
70936305379,2019,60500,165000,225500
70930414069,2019,75600,198100,273700
81028112093,2019,59400,163000,222400
60801313127,2019,72000,263600,335600
70932403094,2019,125800,200700,326500
71034101023,2019,74300,190800,265100
71006407219,2019,68000,221600,289600
70923149227,2019,7300,14700,22000
80925104351,2019,64500,171900,236400
70923225415,2019,66000,1000,67000
60905107210,2019,48900,99000,147900
70922214120,2019,250300,753800,1004100
81030306105,2019,52500,146800,199300
81030309133,2019,64700,148700,213400
70922236116,2019,205200,846700,1051900
81021301205,2019,55000,174500,229500
70928219067,2019,99100,192100,291200
70932202206,2019,120600,224400,345000
70824414513,2019,11200,72000,83200
70913343011,2019,14900,239300,254200
60905200965,2019,0,0,0
71003419035,2019,45900,198900,244800
70922320084,2019,151400,375600,527000
60801406170,2019,24900,151600,176500
81031216030,2019,50900,123800,174700
71003418061,2019,49000,139500,188500
60903212128,2019,12200,66000,78200
71015114235,2019,48600,152900,201500
60903214075,2019,17300,69400,86700
70823115055,2019,89400,242600,332000
70828313076,2019,100,0,100
81028115055,2019,57100,189800,246900
70928108103,2019,108400,235400,343800
71005224317,2019,51600,221900,273500
70920103060,2019,111900,183600,295500
70836401201,2019,61200,140800,202000
81028302082,2019,267800,460400,728200
70919203045,2019,84300,242400,326700
71010201128,2019,61300,182400,243700
71006446283,2019,3000,35000,38000
70913103043,2019,92400,140800,233200
71015119194,2019,41600,184300,225900
71002441089,2019,100,0,100
60803116082,2019,157500,209700,367200
70825102042,2019,194000,694000,888000
70923153070,2019,1300,23700,25000
81032420325,2019,43700,160500,204200
60801304077,2019,74000,153200,227200
70823204171,2019,123500,267000,390500
81031417109,2019,39600,170200,209800
60903201220,2019,82900,187000,269900
80925304117,2019,68400,115200,183600
70928108070,2019,108400,365500,473900
71035205254,2019,67600,222100,289700
70931301166,2019,106900,145000,251900
60801403093,2019,77900,154000,231900
70816414141,2019,13100,198900,212000
70833108040,2019,72200,217700,289900
70913109265,2019,86700,259900,346600
70923153210,2019,1300,23700,25000
81028121573,2019,8700,67300,76000
80924436151,2019,13300,226200,239500
71009404080,2019,63200,99800,163000
60801234464,2019,15000,139100,154100
70924216140,2019,3500,10000,13500
70922346395,2019,0,15000,15000
71006425104,2019,109100,253500,362600
80924413969,2019,400,1600,2000
60803109045,2019,98300,164800,263100
60802307111,2019,19400,133800,153200
60812302028,2019,0,0,0
71007242169,2019,18200,356800,375000
71005403242,2019,47300,184800,232100
71010103118,2019,58900,158500,217400
70919109045,2019,89700,135900,225600
70921104033,2019,81900,172400,254300
70926201149,2019,0,0,0
70923150620,2019,45900,317100,363000
81028112184,2019,59200,150400,209600
60801104203,2019,66100,141500,207600
70913209213,2019,62100,254100,316200
70929402190,2019,90200,234800,325000
81033410010,2019,20000,97000,117000
70933204293,2019,179500,383300,562800
70921115171,2019,113800,339100,452900
81032304024,2019,37700,146000,183700
71015206082,2019,47200,188400,235600
70929409097,2019,79700,227100,306800
70920219560,2019,0,0,0
70828112048,2019,88900,211700,300600
70928205032,2019,97800,168800,266600
70923120045,2019,241000,131000,372000
81033300873,2019,233500,84500,318000
70929412032,2019,79400,193600,273000
71009316160,2019,66000,144500,210500
71002315119,2019,2900,0,2900
81033204265,2019,41300,126100,167400
71006303061,2019,69200,197400,266600
70914422012,2019,177900,37500,215400
70813309072,2019,93000,299900,392900
80924307089,2019,66600,209700,276300
60906208190,2019,56700,173600,230300
80924428041,2019,13300,204100,217400
71006401013,2019,65000,72500,137500
71010413179,2019,56100,147700,203800
70828440019,2019,0,0,0
71001309098,2019,59100,182300,241400
70826420691,2019,0,4000,4000
70923158054,2019,45200,178300,223500
70920218257,2019,400,14600,15000
70923223120,2019,311000,387000,698000
70929119092,2019,89900,225500,315400
71003315027,2019,47400,147700,195100
70914301208,2019,0,0,0
81031212062,2019,44400,110800,155200
70928311011,2019,187300,143400,330700
71009108210,2019,57200,179500,236700
71021208030,2019,58600,139200,197800
81031210016,2019,38500,87400,125900
70921214072,2019,115000,280800,395800
71006128055,2019,48700,87600,136300
70929115165,2019,125800,266700,392500
70823409052,2019,62900,292200,355100
81015403025,2019,418300,1119500,1537800
70913354175,2019,0,15000,15000
70928204175,2019,100200,201900,302100
70921311034,2019,85500,194500,280000
71007206016,2019,66800,215700,282500
70833401238,2019,216500,297400,513900
81030205240,2019,46200,100200,146400
60801413084,2019,78900,183700,262600
71007220355,2019,108600,293000,401600
80935102056,2019,66400,144300,210700
70828423106,2019,0,0,0
60812117162,2019,71500,196100,267600
60803119242,2019,66600,433400,500000
60904113367,2019,99300,225300,324600
71006428025,2019,106500,202600,309100
70816322120,2019,17300,223300,240600
60812222086,2019,26200,175700,201900
71010211052,2019,53600,175600,229200
70922229070,2019,185900,853100,1039000
60903214041,2019,17300,76300,93600
70816401354,2019,192300,469700,662000
80925118766,2019,800,1200,2000
71005105038,2019,44000,164800,208800
70918305066,2019,91300,143600,234900
70920410069,2019,123900,231000,354900
70921224055,2019,22800,181000,203800
70833203262,2019,110200,289700,399900
70836213242,2019,11600,117100,128700
81026415077,2019,100,0,100
81034413229,2019,67200,217700,284900
70922409119,2019,127800,334000,461800
70823113075,2019,89400,240100,329500
81031405162,2019,33900,195000,228900
81026360397,2019,100,0,100
70923175107,2019,3300,11700,15000
71035113093,2019,65900,240700,306600
71001324020,2019,74700,251200,325900
70823304062,2019,79900,243600,323500
80926303168,2019,65300,189000,254300
71002444083,2019,100,0,100
70934305024,2019,2767000,1100000,3867000
70835112023,2019,98000,196300,294300
71002316109,2019,2900,0,2900
70928322133,2019,180600,313100,493700
81023305172,2019,35600,100100,135700
70923165869,2019,54100,305400,359500
71004404118,2019,48800,182800,231600
70920405119,2019,107100,243600,350700
70923105279,2019,117500,349900,467400
70822401041,2019,275000,460000,735000
70823104058,2019,81400,242200,323600
81019309013,2019,63700,160300,224000
80936114042,2019,14900,98100,113000
71006308144,2019,49300,236100,285400
70923134070,2019,63200,248800,312000
70933301106,2019,80300,246100,326400
71034103409,2019,82800,248500,331300
81031401102,2019,35900,134200,170100
80925201090,2019,56900,129800,186700
70828113070,2019,90100,183600,273700
80924444716,2019,400,1600,2000
81033202061,2019,38300,141400,179700
70920307216,2019,106200,339300,445500
70833413051,2019,44700,502500,547200
70912425068,2019,9000,91300,100300
71008108873,2019,1100,8900,10000
70814405209,2019,0,0,0
71007116273,2019,84100,371000,455100
71011402204,2019,84400,304800,389200
71015114053,2019,44200,155900,200100
80925115093,2019,13500,241900,255400
71019411083,2019,9000,70100,79100
70922411073,2019,124300,167900,292200
81021416210,2019,76300,0,76300
60801412119,2019,82800,227200,310000
71015212039,2019,74400,250100,324500
71027405151,2019,51000,195000,246000
60803109053,2019,98300,213700,312000
70913321124,2019,107400,187000,294400
70918306022,2019,86500,105300,191800
60801105110,2019,66100,124300,190400
81028107094,2019,71000,174000,245000
80924438032,2019,10600,194400,205000
71010118117,2019,58000,250400,308400
70835313069,2019,0,0,0
71006427225,2019,100700,280500,381200
70935112105,2019,51800,138200,190000
60802302129,2019,109200,212500,321700
71003417013,2019,55700,226400,282100
70929121120,2019,107900,91700,199600
60906208033,2019,59800,145200,205000
70931104338,2019,100400,312800,413200
70929426033,2019,96500,240000,336500
71035115099,2019,64000,233800,297800
71005228020,2019,47100,120100,167200
60812103062,2019,85700,195200,280900
71027406084,2019,54600,177900,232500
71003307040,2019,54700,190700,245400
71010210210,2019,53700,133300,187000
70922345199,2019,154100,565900,720000
60812321276,2019,19600,165800,185400
70814420124,2019,15200,158800,174000
80925206149,2019,55800,124300,180100
81021301403,2019,76400,139800,216200
70932113320,2019,84900,156900,241800
70816313228,2019,241800,738200,980000
70828404049,2019,0,0,0
70828425095,2019,0,0,0
71016103089,2019,63500,131000,194500
70923167550,2019,6500,18500,25000
70921312107,2019,77200,331400,408600
60801212486,2019,74200,160000,234200
70929306251,2019,90900,354200,445100
70923124013,2019,88300,338200,426500
71003310118,2019,51700,160500,212200
81014303383,2019,11300,0,11300
71001104125,2019,64000,238400,302400
70921401190,2019,122800,355500,478300
71010101245,2019,55600,240400,296000
70929218216,2019,89100,204800,293900
60906107061,2019,60300,173800,234100
70928309181,2019,89600,197900,287500
81031205223,2019,38600,134700,173300
71007243167,2019,0,15000,15000
71010406067,2019,59000,209500,268500
70813314443,2019,14500,266200,280700
80924422093,2019,9900,180200,190100
71014113056,2019,22000,143200,165200
70824414307,2019,11300,88200,99500
71009104177,2019,54100,151400,205500
71007206181,2019,50500,177100,227600
70913416123,2019,478400,242500,720900
60801301114,2019,69700,156900,226600
81029403037,2019,427500,950000,1377500
71011401016,2019,78800,227700,306500
70935111016,2019,50800,121300,172100
71021207058,2019,58600,135800,194400
70923154367,2019,0,7500,7500
81034205212,2019,65200,179000,244200
81031408132,2019,40400,133900,174300
70919215016,2019,91500,110900,202400
70922440361,2019,66000,459000,525000
70913209289,2019,63000,101000,164000
70828314222,2019,0,0,0
71001323238,2019,63500,247600,311100
70823107101,2019,400000,300000,700000
70926404090,2019,80600,123100,203700
70932404076,2019,66600,159800,226400
71005211017,2019,0,0,0
81022101018,2019,0,0,0
80926309025,2019,69100,273100,342200
71006128253,2019,51400,160800,212200
71010203033,2019,54000,165000,219000
71010307108,2019,55600,128600,184200
81028120301,2019,0,4000,4000
71005316338,2019,63200,226800,290000
81031413090,2019,39300,147300,186600
71016410096,2019,61600,138400,200000
71005407187,2019,44000,175100,219100
81034414160,2019,67600,221400,289000
70813406042,2019,633700,406800,1040500
70815308163,2019,0,0,0
80925107115,2019,64000,133500,197500
60904108152,2019,90300,343500,433800
81015104136,2019,57400,207000,264400
71007201157,2019,109100,309900,419000
70920218611,2019,400,14600,15000
71002106071,2019,9500,110800,120300
70922441129,2019,13200,186800,200000
80936101015,2019,14900,120100,135000
70922402105,2019,63300,217500,280800
71011112168,2019,60700,209700,270400
70923166031,2019,56200,310800,367000
70914438465,2019,2200,22800,25000
70923144201,2019,8000,7000,15000
70930409242,2019,71000,178800,249800
70928111065,2019,122500,274200,396700
70912441048,2019,9000,91300,100300
80926406045,2019,64000,211000,275000
81028108349,2019,61400,189600,251000
71010213131,2019,160000,905000,1065000
81032309024,2019,32700,157100,189800
70828205075,2019,398000,772000,1170000
71009203028,2019,50800,184000,234800
60906106154,2019,63300,152500,215800
70834103106,2019,153900,0,153900
60901202246,2019,68800,160600,229400
70928303042,2019,82400,220700,303100
70926415120,2019,46100,108400,154500
71020305043,2019,78300,143600,221900
60812111081,2019,75000,156900,231900
70929225021,2019,13300,121700,135000
71004408152,2019,70400,122900,193300
70922408103,2019,131800,203000,334800
70835317045,2019,98600,191400,290000
80924440813,2019,400,1600,2000
81033400889,2019,136000,642100,778100
71010202077,2019,59600,206900,266500
70923160554,2019,8000,7000,15000
80924104138,2019,72700,295400,368100
70823108191,2019,89000,280200,369200
70929223265,2019,85900,220100,306000
71006440988,2019,0,4000,4000
70923402112,2019,127200,220300,347500
71006410220,2019,62900,271300,334200
70932419140,2019,45000,108000,153000
80924416773,2019,400,1600,2000
71014102124,2019,42000,165500,207500
70920217118,2019,10600,240700,251300
70932112033,2019,84900,183700,268600
80925219168,2019,54500,179700,234200
81021413092,2019,55200,150400,205600
70922326149,2019,206400,432200,638600
70836310981,2019,0,2000,2000
70923141942,2019,200,800,1000
71006211199,2019,103500,69200,172700
81033103178,2019,1320000,3926000,5246000
71003419142,2019,45300,178800,224100
71007305131,2019,120300,220400,340700
70829110059,2019,99700,0,99700
81031302095,2019,47500,247500,295000
81019305053,2019,56300,170700,227000
60903201056,2019,85200,197300,282500
70833409034,2019,46200,191300,237500
60812209117,2019,102800,261300,364100
70923122174,2019,81600,194100,275700
60902103203,2019,20000,99900,119900
81026350017,2019,50900,136900,187800
80925214085,2019,56100,163900,220000
70922337021,2019,178500,603800,782300
81027206128,2019,0,0,0
60802418124,2019,59800,169300,229100
81036200997,2019,23000,0,23000
70919306203,2019,102600,282800,385400
70919210074,2019,95000,172200,267200
71010313056,2019,48700,171800,220500
70923230068,2019,0,0,0
71004317311,2019,54100,155800,209900
71006417119,2019,65100,223900,289000
70918312219,2019,323800,323300,647100
70931310216,2019,97800,192200,290000
71009412124,2019,63500,39000,102500
81028302024,2019,54000,586000,640000
60812102080,2019,89300,188100,277400
70834305017,2019,130000,377700,507700
70823302074,2019,132000,422000,554000
70823210376,2019,120200,236600,356800
70828314157,2019,92400,311500,403900
81030302046,2019,68300,156400,224700
70914438415,2019,2200,22800,25000
70913428053,2019,166600,319400,486000
70929124132,2019,0,10000,10000
80924101548,2019,155000,233700,388700
70828302102,2019,17000,0,17000
80924101374,2019,78100,251100,329200
80925209036,2019,54700,129900,184600
60906206136,2019,59000,150400,209400
70923134046,2019,57100,226900,284000
70823116011,2019,89400,244800,334200
71005107240,2019,35000,0,35000
70928215073,2019,106100,178000,284100
80936402059,2019,41000,479000,520000
70923143584,2019,44900,181500,226400
71005112083,2019,65100,135800,200900
80924431721,2019,400,1600,2000
70920408238,2019,123200,203900,327100
80935102238,2019,53900,136500,190400
70834428215,2019,20300,179300,199600
70918216049,2019,110200,161100,271300
70922321024,2019,151300,324000,475300
71012208172,2019,58500,191500,250000
70928201220,2019,102100,224600,326700
80925416178,2019,58100,151400,209500
70921208124,2019,81600,223200,304800
70816304102,2019,185000,359900,544900
70836107221,2019,69800,176200,246000
70926415295,2019,45600,72900,118500
70813103200,2019,115500,293700,409200
81021419024,2019,30000,105000,135000
71035104050,2019,333000,0,333000
70913222140,2019,8400,267800,276200
80924416111,2019,9400,139700,149100
70816313195,2019,209500,524500,734000
71006406229,2019,54100,227200,281300
70828318109,2019,12800,0,12800
70913350751,2019,0,8000,8000
70924214318,2019,57000,358000,415000
70919401045,2019,97600,192500,290100
70929124158,2019,0,10000,10000
80926107156,2019,54000,135700,189700
71003212132,2019,0,0,0
81034108119,2019,85000,605000,690000
71007210083,2019,76000,1000,77000
60804205115,2019,94900,336900,431800
70931417111,2019,0,0,0
81034206252,2019,65800,157900,223700
81032317019,2019,26000,114000,140000
71010207340,2019,59300,168300,227600
60802107074,2019,70100,183500,253600
70920115106,2019,71900,385700,457600
81034207151,2019,73000,392000,465000
71021222163,2019,64000,147300,211300
70824406164,2019,94500,254900,349400
70928104177,2019,117900,288100,406000
60811412125,2019,75500,162300,237800
60906114024,2019,57900,159000,216900
70933201067,2019,158600,268800,427400
70929110107,2019,89900,318100,408000
71006434189,2019,0,0,0
70828310147,2019,77000,287900,364900
71007224026,2019,46000,393300,439300
81034317017,2019,30000,157200,187200
70923169051,2019,6500,18500,25000
71001409038,2019,57200,188200,245400
60802104286,2019,86600,224900,311500
71009204117,2019,50500,176300,226800
81026355273,2019,0,0,0
70913407148,2019,700000,5210000,5910000
70913321306,2019,65800,177900,243700
70922302181,2019,101800,379200,481000
70822415018,2019,42700,231300,274000
81030215067,2019,4500,49100,53600
80925217302,2019,59600,134600,194200
60905204066,2019,88000,226000,314000
70923116284,2019,381000,207000,588000
71003201028,2019,53100,149200,202300
60801112149,2019,61200,134100,195300
60906207233,2019,62000,131600,193600
70924219079,2019,0,25000,25000
70923126077,2019,174000,166000,340000
60801119096,2019,66100,168100,234200
81034310384,2019,82000,364000,446000
70919309108,2019,0,0,0
71014207023,2019,0,0,0
70815104016,2019,506000,1294000,1800000
71003419291,2019,54800,188200,243000
70923411618,2019,29700,258300,288000
70823306125,2019,82300,224500,306800
70828403041,2019,0,0,0
70820111056,2019,100,0,100
71011106161,2019,0,0,0
70923311082,2019,710000,909200,1619200
81023209366,2019,0,1200,1200
71006110226,2019,69200,195800,265000
71014301320,2019,60300,201400,261700
71021221181,2019,75000,184400,259400
71035207333,2019,43900,197900,241800
81033209140,2019,789500,1759500,2549000
81032310146,2019,36700,138200,174900
70813328204,2019,98600,227600,326200
60904101205,2019,87200,241100,328300
70923170420,2019,2100,200,2300
81034105032,2019,68300,218500,286800
70912434035,2019,9000,99300,108300
81031405310,2019,37600,115300,152900
71010111070,2019,54800,199100,253900
70923173713,2019,3300,5900,9200
70930305119,2019,329000,40000,369000
70912432013,2019,9000,101000,110000
70932106250,2019,128300,295200,423500
70823413045,2019,29100,171300,200400
70921103077,2019,209000,1356000,1565000
70836206148,2019,71700,313900,385600
70918411029,2019,110400,144500,254900
70922221018,2019,189600,273200,462800
70821216128,2019,0,0,0
70814203249,2019,107300,270400,377700
71014202479,2019,56800,180300,237100
71001102096,2019,65900,246800,312700
70924222030,2019,1026600,13518300,14544900
81032408157,2019,37700,171300,209000
70920220913,2019,0,2300,2300
71005407038,2019,43400,116800,160200
81031418082,2019,38800,159500,198300
70814402164,2019,88300,302100,390400
71010104281,2019,57800,162000,219800
81033205213,2019,45800,118700,164500
71007220082,2019,120300,290700,411000
70835123400,2019,6500,74500,81000
71004404126,2019,47100,170800,217900
81014303151,2019,32800,168400,201200
70921417353,2019,151400,269300,420700
70826100772,2019,0,0,0
70930405109,2019,102100,177900,280000
81026356031,2019,4200,0,4200
60801225273,2019,15000,131700,146700
71011415025,2019,32800,163800,196600
70920309030,2019,98800,223700,322500
70828420102,2019,0,0,0
81026327016,2019,0,0,0
71004312105,2019,58900,147900,206800
80925115952,2019,800,1200,2000
80924402061,2019,8200,121300,129500
70828443120,2019,0,0,0
70824414589,2019,12000,73400,85400
70919113088,2019,100600,288500,389100
60802312368,2019,98700,219300,318000
60812118201,2019,20500,158900,179400
70824310258,2019,13500,120200,133700
71035205014,2019,66900,172300,239200
60802305511,2019,13800,203200,217000
71001203050,2019,100,0,100
70921104273,2019,62000,498000,560000
70932420098,2019,65000,90000,155000
70923163053,2019,44900,271500,316400
81031227045,2019,60000,250000,310000
70901112030,2019,198000,1650000,1848000
70913113216,2019,65300,299800,365100
71015302195,2019,151500,885000,1036500
71010307083,2019,57000,160600,217600
71010207051,2019,0,0,0
60906206318,2019,70300,167500,237800
71002315169,2019,2700,0,2700
81034202036,2019,68000,218000,286000
70921414060,2019,122800,339500,462300
70836117105,2019,70800,186300,257100
70814421213,2019,15200,185700,200900
80924402912,2019,400,1600,2000
81021413109,2019,54100,178100,232200
70826210084,2019,0,0,0
71014303128,2019,58000,231400,289400
60811424188,2019,83300,166700,250000
60812318158,2019,73600,238300,311900
71015116281,2019,52000,196900,248900
70923167831,2019,6500,18500,25000
70933202081,2019,131500,373400,504900
70822107087,2019,52900,162400,215300
81021307146,2019,67100,199600,266700
81016201197,2019,0,0,0
70928116023,2019,118500,301300,419800
71014306156,2019,57200,169800,227000
70912432063,2019,9000,91300,100300
71005326147,2019,67600,241600,309200
71006425154,2019,136700,191700,328400
70912405127,2019,103900,288300,392200
71007201313,2019,90400,261300,351700
70923116226,2019,97600,207400,305000
71009218217,2019,45900,129300,175200
70823113215,2019,89400,270000,359400
60812328751,2019,0,1000,1000
71003416239,2019,47900,173100,221000
70814300962,2019,0,0,0
70919404057,2019,111600,216000,327600
81028113231,2019,64900,218500,283400
71022303194,2019,519700,3086600,3606300
70913327289,2019,75000,476400,551400
70933301122,2019,80800,159100,239900
71003214112,2019,53100,165500,218600
70931313020,2019,23400,99500,122900
70907300910,2019,154500,360300,514800
70923154284,2019,0,7500,7500
71009319130,2019,68800,123200,192000
70920117079,2019,163100,303800,466900
70920216558,2019,10700,368500,379200
70913357012,2019,128800,3092200,3221000
71007317061,2019,53900,282600,336500
60903202070,2019,88900,203200,292100
70921204049,2019,0,0,0
70814424168,2019,121700,303300,425000
81033304031,2019,43700,133500,177200
71011115089,2019,72100,192900,265000
70836213763,2019,11600,117100,128700
80925107082,2019,55000,153200,208200
80926206073,2019,65500,172600,238100
81028120525,2019,0,5000,5000
81034102088,2019,67100,205100,272200
70816302015,2019,203700,467100,670800
81031222227,2019,38100,140400,178500
71034105447,2019,50800,214900,265700
71003406248,2019,53400,188400,241800
70814421015,2019,15200,205500,220700
70920218299,2019,300,14700,15000
71003320175,2019,48000,168500,216500
60811419048,2019,67100,204200,271300
71007304349,2019,88700,386300,475000
80924446085,2019,143900,0,143900
71010212216,2019,54000,168700,222700
70814404045,2019,88800,170700,259500
70829409072,2019,12400,0,12400
70825203113,2019,517000,1163000,1680000
70928109193,2019,108400,393600,502000
71015304076,2019,1079000,13221000,14300000
71034107039,2019,61800,141600,203400
70913108100,2019,65000,102600,167600
71003312320,2019,52500,183200,235700
71002107516,2019,9500,142900,152400
70823310085,2019,13100,135400,148500
80924441895,2019,400,1600,2000
60801407110,2019,79600,230100,309700
81022304133,2019,1042000,2725300,3767300
80924413779,2019,400,1600,2000
71006416012,2019,65000,199300,264300
70920417122,2019,110900,155400,266300
71001415077,2019,57500,169500,227000
60811407100,2019,79500,215100,294600
70922226084,2019,225800,641300,867100
60801303160,2019,73300,141800,215100
70926219035,2019,82300,264400,346700
70913346560,2019,90300,528500,618800
71014107314,2019,9600,178800,188400
80925308309,2019,73700,90700,164400
70823205228,2019,18100,220300,238400
71014301180,2019,60100,188500,248600
70816414191,2019,13100,196200,209300
71010101211,2019,55600,173000,228600
81026416059,2019,900,0,900
80936103011,2019,14900,94500,109400
70823400844,2019,0,0,0
70919406061,2019,104400,189400,293800
70923163011,2019,10600,1271400,1282000
70912422056,2019,9000,91300,100300
60802314059,2019,96700,268400,365100
70924220266,2019,0,10000,10000
70923148485,2019,4200,800,5000
71003201101,2019,53100,150500,203600
60801111076,2019,65800,137800,203600
70931410131,2019,98800,179700,278500
71014215597,2019,7800,94200,102000
70935207120,2019,66200,177800,244000
70923144219,2019,8000,7000,15000
60802304307,2019,89300,210200,299500
71003401206,2019,57800,280200,338000
70923320059,2019,16000,148800,164800
70936406375,2019,66500,149800,216300
81021416161,2019,60300,120900,181200
70826414173,2019,16100,106800,122900
60801213038,2019,71100,165900,237000
71015102248,2019,57900,130600,188500
71006304324,2019,44500,237300,281800
70826410105,2019,76900,160700,237600
71005321113,2019,109300,422400,531700
81026415126,2019,100,0,100
70919310197,2019,111800,191900,303700
70833401014,2019,542000,1032500,1574500
70914438168,2019,1100,5900,7000
70932203155,2019,65700,217000,282700
60804103210,2019,83200,323500,406700
60903201353,2019,84900,184000,268900
70921111103,2019,127100,319600,446700
71006109154,2019,69200,144100,213300
71005414116,2019,48000,148200,196200
70921115238,2019,124400,292000,416400
81021307188,2019,64600,157200,221800
70914426072,2019,135000,953000,1088000
70814408055,2019,0,0,0
71001404070,2019,71800,258800,330600
60811436034,2019,88500,173100,261600
81031413016,2019,44200,162800,207000
70926116108,2019,37500,161800,199300
70833410065,2019,44700,384600,429300
71020306116,2019,10600,114400,125000
70815306175,2019,196900,475000,671900
60811114101,2019,119300,266100,385400
70813301052,2019,74200,226400,300600
80924430989,2019,400,1600,2000
70828439088,2019,0,0,0
70823112217,2019,80200,240300,320500
60903214124,2019,17300,76300,93600
60906201178,2019,65200,148800,214000
60801117173,2019,66100,155300,221400
60802103254,2019,86200,199700,285900
60801234430,2019,15000,139100,154100
70923165091,2019,29500,120500,150000
70919228879,2019,400,2600,3000
81029400786,2019,0,0,0
60803105134,2019,103200,169100,272300
71022207015,2019,329000,619900,948900
71022304027,2019,80400,38900,119300
80924443742,2019,400,1600,2000
71005110136,2019,37700,94300,132000
71009213019,2019,51900,148600,200500
71035207101,2019,43900,218600,262500
70923124287,2019,77400,235400,312800
70823415041,2019,59500,212800,272300
81028404200,2019,176000,149000,325000
70914417013,2019,0,0,0
60811112147,2019,119400,257500,376900
71005224292,2019,63100,149800,212900
71009213184,2019,50800,132500,183300
60802416037,2019,99000,662000,761000
60802413645,2019,80900,152500,233400
70913431064,2019,38800,236200,275000
60811422083,2019,80300,209100,289400
60812330128,2019,0,5000,5000
70931309194,2019,99000,139800,238800
70928322050,2019,156200,303200,459400
71012215078,2019,17700,254100,271800
70823305218,2019,86800,184000,270800
60811103500,2019,111600,258900,370500
70823205137,2019,18100,208800,226900
60904113250,2019,0,0,0
70931202017,2019,82000,175800,257800
80925308127,2019,73700,97300,171000
71005308062,2019,57600,209500,267100
80924412979,2019,400,1600,2000
71001331182,2019,90100,234200,324300
71005404109,2019,41900,159000,200900
70814421164,2019,15200,181500,196700
70928117089,2019,112300,176200,288500
60904113309,2019,89300,0,89300
70931208221,2019,75900,172600,248500
81019305087,2019,56300,169100,225400
60802312053,2019,103300,279600,382900
71007218053,2019,106400,383000,489400
71009101024,2019,165800,270300,436100
70824207140,2019,107500,197100,304600
81028111045,2019,65100,138100,203200
70912445066,2019,9000,100400,109400
70816308071,2019,191900,677500,869400
80926311153,2019,75800,135800,211600
71003121010,2019,27900,122000,149900
71007113154,2019,84900,290400,375300
70913350545,2019,0,15000,15000
70823211035,2019,93800,235500,329300
81032401052,2019,306000,45200,351200
70823406339,2019,77800,308700,386500
71021218039,2019,60600,131700,192300
70913433060,2019,12500,277900,290400
70923163516,2019,44900,339300,384200
60904102146,2019,83400,233300,316700
70836223043,2019,14500,100300,114800
71007226460,2019,81100,103800,184900
70826421988,2019,0,4000,4000
71006417044,2019,54100,163500,217600
81019304188,2019,67900,178000,245900
71003303064,2019,56300,107600,163900
70814302083,2019,126100,324800,450900
71007110150,2019,144300,430800,575100
70913208075,2019,95100,172900,268000
60803115034,2019,105500,334100,439600
60906110139,2019,64200,183800,248000
70929124588,2019,0,10000,10000
70913214296,2019,63100,245400,308500
70836302152,2019,65600,216300,281900
70921121102,2019,129100,281700,410800
71001324046,2019,60000,157400,217400
70923168839,2019,6500,18500,25000
70914438689,2019,2200,22800,25000
71002415133,2019,94100,254400,348500
81032415128,2019,46900,182700,229600
70913354555,2019,0,2500,2500
71005111267,2019,65100,141400,206500
60801308095,2019,74000,164500,238500
71009224074,2019,111500,495200,606700
70929105158,2019,100600,170300,270900
80924422051,2019,10200,172500,182700
71002402065,2019,70400,209400,279800
70836111032,2019,84300,210900,295200
60801315115,2019,72300,276100,348400
70928301088,2019,128600,212300,340900
70823404028,2019,47100,194200,241300
70825106010,2019,0,0,0
71015203145,2019,48600,150300,198900
70824411139,2019,101500,258900,360400
60903210049,2019,19200,100800,120000
70919209027,2019,75000,281100,356100
60811116678,2019,18800,223100,241900
80936103061,2019,13800,92300,106100
71010120154,2019,76600,171500,248100
81032302086,2019,38600,142300,180900
71003318047,2019,62500,147000,209500
81031302144,2019,50300,41800,92100
70932417079,2019,54100,134700,188800
70926405056,2019,80600,172800,253400
71011401032,2019,78300,284000,362300
81032307044,2019,43200,172900,216100
70913209370,2019,74200,163200,237400
71006115101,2019,34700,240300,275000
80925117859,2019,800,1200,2000
71001332065,2019,48500,206100,254600
70820111163,2019,100,0,100
71004303162,2019,58500,151700,210200
70912420042,2019,9000,91300,100300
70913109322,2019,89200,176800,266000
70918211164,2019,99300,192200,291500
71006113395,2019,51500,152900,204400
60801234331,2019,15000,145500,160500
71010316018,2019,63500,197800,261300
70913353200,2019,68500,301400,369900
71004310084,2019,54100,150700,204800
70923164217,2019,44900,218500,263400
70823403145,2019,36600,225100,261700
81028118348,2019,8400,90900,99300
80924438701,2019,400,1600,2000
71010108233,2019,56000,219900,275900
71016119060,2019,61700,143400,205100
70914413102,2019,0,0,0
70828414056,2019,0,0,0
81032301088,2019,24300,161000,185300
70923144277,2019,8000,7000,15000
71011223105,2019,18500,173000,191500
81030304216,2019,68500,147300,215800
70835124094,2019,500,1500,2000
70929220039,2019,88300,157100,245400
70932107084,2019,145900,271900,417800
71006406162,2019,68000,340500,408500
71009403024,2019,61500,79400,140900
70823310027,2019,10900,140400,151300
70921421073,2019,106800,377700,484500
70928217029,2019,95000,249500,344500
70834308558,2019,27900,327100,355000
71005324159,2019,109100,224400,333500
70813106121,2019,99700,174100,273800
80936105067,2019,13800,94300,108100
71010201110,2019,57800,177200,235000
70813402420,2019,280800,520900,801700
81034202044,2019,68000,220400,288400
71009410037,2019,65300,100000,165300
71002107144,2019,9500,147700,157200
81021301304,2019,57800,144400,202200
80924440029,2019,10600,196700,207300
71008108930,2019,1100,8900,10000
71014115028,2019,24000,117000,141000
70929419385,2019,142000,423000,565000
70921417072,2019,151400,320100,471500
71003203082,2019,53100,152000,205100
60906207209,2019,62000,135700,197700
70822402081,2019,612000,830200,1442200
60901201173,2019,61500,170300,231800
60804204018,2019,71000,354000,425000
70913311050,2019,133200,221600,354800
71005105111,2019,39500,103400,142900
80936101031,2019,13800,93100,106900
71002309089,2019,10300,0,10300
71005338027,2019,102800,218300,321100
71011116095,2019,66600,286600,353200
71021213188,2019,60000,126100,186100
71006417151,2019,48500,165800,214300
71009400856,2019,1283000,469000,1752000
80925416201,2019,61600,153000,214600
71009224107,2019,344500,2169500,2514000
60801119244,2019,66700,153200,219900
70932105103,2019,81400,135900,217300
71011124212,2019,55100,213600,268700
70932409117,2019,79800,235700,315500
70923145225,2019,8000,7000,15000
60802420096,2019,13100,132700,145800
80925408018,2019,52900,130100,183000
70835117031,2019,12400,108200,120600
71005215019,2019,47100,134600,181700
71005214102,2019,47100,89200,136300
81014303177,2019,32800,176700,209500
70922113091,2019,429000,3582000,4011000
70923144326,2019,8000,7000,15000
70836103097,2019,77100,155100,232200
70821406133,2019,90900,309800,400700
70923145283,2019,8000,7000,15000
80936210030,2019,63400,142100,205500
81027403013,2019,39500,0,39500
60801302071,2019,72800,156100,228900
70935113046,2019,44000,450000,494000
80925408224,2019,59900,132100,192000
70816313137,2019,141000,0,141000
60802312160,2019,98100,204800,302900
70920218596,2019,400,14600,15000
60801416088,2019,71600,185300,256900
81034110099,2019,0,0,0
60801407079,2019,82800,216900,299700
71005315223,2019,68000,197600,265600
81034403056,2019,57800,174900,232700
70833209020,2019,109900,248900,358800
70922231124,2019,151400,578600,730000
70835304125,2019,78600,256400,335000
71007205034,2019,66300,151800,218100
81034414037,2019,66700,182300,249000
60812325260,2019,18900,195400,214300
70931402097,2019,115500,227900,343400
70919225099,2019,101300,157300,258600
71030204160,2019,82200,154700,236900
70924220274,2019,0,10000,10000
70836213739,2019,11600,126200,137800
70931204120,2019,74800,140500,215300
71003105171,2019,53100,159300,212400
70912449034,2019,9000,105900,114900
70928103145,2019,91900,306700,398600
70823401066,2019,43300,177500,220800
70932210134,2019,22600,86400,109000
80924404033,2019,7100,118100,125200
70914425090,2019,0,0,0
81028119487,2019,10800,95700,106500
60904111220,2019,87000,224300,311300
70926201389,2019,105000,177500,282500
70913426049,2019,489800,160900,650700
70928105365,2019,108400,272900,381300
70931402089,2019,117200,227800,345000
80925116075,2019,13500,260700,274200
71006302229,2019,69200,194500,263700
71012220077,2019,19300,158700,178000
70826313200,2019,69200,251900,321100
60803106223,2019,103200,210800,314000
70918225181,2019,22700,125400,148100
60802405105,2019,67500,166600,234100
60812324098,2019,28800,177100,205900
71007223325,2019,85000,359900,444900
71007228268,2019,67000,215000,282000
70931411220,2019,90400,151600,242000
71035206195,2019,67700,180200,247900
80936414062,2019,72500,166600,239100
70833411138,2019,46200,217800,264000
71001320268,2019,66800,177700,244500
60811418149,2019,75600,178300,253900
70928102452,2019,100700,419200,519900
70820106130,2019,100,0,100
70932209153,2019,20800,119000,139800
70922409028,2019,149400,369800,519200
70823102143,2019,80200,324800,405000
71006128493,2019,48800,157400,206200
71008106075,2019,45900,155600,201500
70926217154,2019,160000,95500,255500
71010313246,2019,57000,176100,233100
71007243224,2019,0,15000,15000
60802314190,2019,102900,278200,381100
81021304209,2019,43600,134600,178200
60812117245,2019,73200,192800,266000
71007228333,2019,101100,186900,288000
71027407123,2019,51000,187000,238000
71034102120,2019,48700,246400,295100
60803104045,2019,103200,192500,295700
71006209053,2019,71100,114900,186000
70920404038,2019,121600,144000,265600
70923168160,2019,6500,13500,20000
70816306067,2019,148000,332500,480500
70932205101,2019,68200,165100,233300
71001203026,2019,100,0,100
70922316132,2019,96200,266400,362600
70924201175,2019,1389000,2286000,3675000
70824311321,2019,14100,125300,139400
60902202063,2019,154000,272000,426000
71015305024,2019,0,0,0
60811409015,2019,78300,198100,276400
60811416010,2019,0,0,0
71034109241,2019,115000,0,115000
81032420226,2019,41400,120300,161700
70926114136,2019,76900,180700,257600
70836216064,2019,5500,95400,100900
60803106314,2019,103200,228100,331300
81028110188,2019,85100,140900,226000
60811104102,2019,105500,329600,435100
70923179282,2019,65500,0,65500
70833411039,2019,46200,221800,268000
81030213970,2019,306000,812000,1118000
60802307939,2019,0,5000,5000
70935114052,2019,48500,104000,152500
71035207119,2019,43900,221600,265500
70921312074,2019,81000,338500,419500
71031200977,2019,525000,791000,1316000
60801125019,2019,26800,126200,153000
80924426988,2019,400,1600,2000
70912411017,2019,0,0,0
80936407132,2019,72200,160000,232200
71003418128,2019,45800,157000,202800
70932114138,2019,187300,291000,478300
70926304315,2019,78200,143100,221300
70834426144,2019,23400,93400,116800
60812201262,2019,0,0,0
60812328701,2019,0,1000,1000
71007309018,2019,106700,181800,288500
70918410146,2019,149500,171300,320800
60802310023,2019,96400,0,96400
71015103246,2019,67300,125000,192300
70923166099,2019,72000,372400,444400
60904108110,2019,91500,260100,351600
71010316034,2019,48400,194200,242600
71009413122,2019,63200,148600,211800
70921313064,2019,130200,305700,435900
71001306101,2019,66700,233800,300500
70922423169,2019,151200,218300,369500
70921104041,2019,81900,152800,234700
70929217185,2019,91600,201600,293200
70901106166,2019,54500,137600,192100
81026355140,2019,4200,0,4200
60801316014,2019,24000,145300,169300
70901112056,2019,81500,222400,303900
71011404060,2019,91900,271000,362900
70813320127,2019,14600,114700,129300
70815308171,2019,1606000,8962000,10568000
70921301168,2019,119900,199200,319100
60801224019,2019,15900,161100,177000
70835315536,2019,51900,356300,408200
70828446025,2019,0,0,0
70919225172,2019,94000,252700,346700
80925413182,2019,61300,183200,244500
70815103034,2019,800,0,800
70921313030,2019,157300,213900,371200
80925412283,2019,66100,185000,251100
70912406042,2019,103800,198900,302700
70936408230,2019,61100,157700,218800
80924426748,2019,400,1600,2000
70931402021,2019,114900,190400,305300
80925125985,2019,800,1200,2000
71001313031,2019,71400,216200,287600
70920302034,2019,152100,433900,586000
70932117033,2019,174400,409500,583900
81033401085,2019,289500,803900,1093400
70924216041,2019,18000,397000,415000
70913430016,2019,20000,179400,199400
60801114202,2019,56800,134400,191200
70922346460,2019,0,27000,27000
70918223193,2019,204600,138600,343200
71012210119,2019,58500,203500,262000
70829108202,2019,97600,232400,330000
70922316124,2019,108900,419400,528300
71001301044,2019,0,0,0
80925304232,2019,73900,158900,232800
80925216081,2019,57600,122700,180300
80936205114,2019,62200,176500,238700
71020308055,2019,13900,138600,152500
71010411016,2019,56400,135300,191700
70825103016,2019,704000,441000,1145000
71030208279,2019,80900,269300,350200
70931209154,2019,74700,166000,240700
81026353136,2019,58900,280800,339700
70823208082,2019,123500,334400,457900
70836213507,2019,11600,117100,128700
70928219025,2019,99100,85800,184900
70828414048,2019,0,0,0
70929125031,2019,992000,10740000,11732000
60801117165,2019,66700,177500,244200
81033400912,2019,205000,934500,1139500
60904111147,2019,80000,175500,255500
71010315135,2019,48700,150500,199200
81034307068,2019,44100,120700,164800
71003107177,2019,53100,181600,234700
70931211018,2019,67500,275800,343300
80925303226,2019,145600,131400,277000
81031211072,2019,41900,99200,141100
80926108097,2019,50800,146700,197500
70923144061,2019,8000,7000,15000
60802417019,2019,70700,183200,253900
71006311189,2019,75600,164400,240000
70814101229,2019,116700,223100,339800
71007113170,2019,69500,256300,325800
81032305064,2019,68700,117800,186500
81032401119,2019,50200,153300,203500
71021203030,2019,61500,150400,211900
70922239011,2019,28700,147700,176400
70922301092,2019,141600,282200,423800
60801113220,2019,59500,133700,193200
60801108049,2019,65000,196000,261000
71006105045,2019,61400,124900,186300
70834214044,2019,34500,336500,371000
70928115059,2019,268000,3554000,3822000
70922319152,2019,145600,380800,526400
71009303050,2019,80000,295000,375000
70926113055,2019,81000,192800,273800
71012205110,2019,69500,259400,328900
71014216214,2019,7500,115300,122800
70835122725,2019,6500,76500,83000
71015111067,2019,45200,169800,215000
70826419454,2019,0,4000,4000
60802413314,2019,60800,159900,220700
70920404244,2019,143600,69100,212700
71015110267,2019,53600,179900,233500
71006131024,2019,60600,199400,260000
60804208028,2019,109900,210000,319900
70922212132,2019,198300,665700,864000
70919210032,2019,91500,134200,225700
70913350157,2019,0,8000,8000
81028108232,2019,56900,142100,199000
80924401104,2019,16500,170700,187200
81033301095,2019,42100,84400,126500
70929209067,2019,88800,212900,301700
70923169069,2019,6500,18500,25000
80925108212,2019,53600,116100,169700
80926307102,2019,67400,262200,329600
70829407109,2019,10000,0,10000
70914410083,2019,905000,489000,1394000
70922404292,2019,127800,314800,442600
70935205067,2019,37700,100900,138600
71007203153,2019,70800,274000,344800
80925309050,2019,62800,99700,162500
60905112152,2019,48000,135600,183600
80925303309,2019,56100,149800,205900
81034107690,2019,64300,161100,225400
60812105109,2019,74100,196500,270600
60811204150,2019,113900,252600,366500
60811103104,2019,107300,212400,319700
70823405141,2019,58000,244300,302300
70823113190,2019,89400,215700,305100
71007113203,2019,84100,257500,341600
80924420097,2019,8600,150000,158600
71006118098,2019,27400,178300,205700
71030201215,2019,303100,344900,648000
70929116189,2019,117700,183700,301400
70921419119,2019,131700,373300,505000
70923408293,2019,28800,189600,218400
70836302061,2019,64500,157000,221500
70826420930,2019,0,4000,4000
71030205085,2019,79100,130000,209100
60812330235,2019,0,5000,5000
71006134101,2019,65400,131300,196700
71010306259,2019,50500,179600,230100
70816308021,2019,195100,543300,738400
70923165918,2019,51300,219700,271000
71007243183,2019,0,15000,15000
71002417014,2019,95000,0,95000
70932207024,2019,14200,104200,118400
60801316329,2019,24000,129600,153600
81030301080,2019,0,0,0
70920309105,2019,155100,267800,422900
70920217697,2019,400,14600,15000
70828418115,2019,0,0,0
71011405117,2019,90800,272000,362800
70926407044,2019,80600,163400,244000
70921403154,2019,142900,334100,477000
60801109154,2019,66100,144900,211000
60906202043,2019,0,0,0
60812222127,2019,26200,175700,201900
71026202102,2019,494100,2500000,2994100
70929305229,2019,89000,294500,383500
80924410973,2019,400,1600,2000
81032403107,2019,44000,153200,197200
71001302117,2019,1500,0,1500
80925409107,2019,59900,131700,191600
70929104093,2019,96200,231800,328000
70816310026,2019,185200,433800,619000
70922313097,2019,117600,403000,520600
71011206086,2019,34200,237700,271900
70918213136,2019,68700,194200,262900
81028114148,2019,55800,172500,228300
70814201045,2019,110300,288300,398600
71005216033,2019,62500,188200,250700
60801102033,2019,69700,146100,215800
70923203354,2019,293000,917000,1210000
70913119272,2019,95700,217300,313000
70919107172,2019,69100,148000,217100
81028120567,2019,0,5000,5000
60811203079,2019,92600,197900,290500
71010403112,2019,55100,187800,242900
60801211074,2019,69800,173200,243000
70929310062,2019,92900,192100,285000
71010308015,2019,54800,120900,175700
70834210018,2019,76200,248800,325000
71010217076,2019,10600,115400,126000
71035117079,2019,68300,221700,290000
71009305030,2019,68800,139200,208000
70929209207,2019,78900,176300,255200
60802429030,2019,14600,93400,108000
71016106075,2019,63300,103000,166300
71012207083,2019,58400,221100,279500
71002312024,2019,11100,0,11100
60802102058,2019,68900,229200,298100
80936213026,2019,27300,65700,93000
71006417078,2019,60500,195500,256000
71011119221,2019,53400,283500,336900
80925110043,2019,57100,127100,184200
70913350777,2019,0,8000,8000
70923310018,2019,82000,234000,316000
70923122059,2019,92000,187700,279700
70814428277,2019,15200,179900,195100
80924445938,2019,400,1600,2000
70921205154,2019,73600,321400,395000
81034324046,2019,30000,107500,137500
70930413219,2019,67900,207100,275000
70826406211,2019,70700,177500,248200
81028119122,2019,8700,69300,78000
70922343010,2019,183200,515300,698500
70920420141,2019,123400,164300,287700
60801305190,2019,98200,112700,210900
70912404400,2019,134900,234300,369200
70926203145,2019,80000,264100,344100
71012217032,2019,67000,226800,293800
70929413064,2019,90500,310800,401300
60904101247,2019,82000,254800,336800
80926402267,2019,17000,180000,197000
81030310081,2019,59600,183700,243300
70919219042,2019,92000,241600,333600
70932416097,2019,95000,205000,300000
80926105233,2019,50800,142800,193600
70820118078,2019,100,0,100
80924101514,2019,19500,0,19500
60803108039,2019,100300,199200,299500
70923165893,2019,39600,199100,238700
71007316138,2019,39700,245900,285600
80924304093,2019,69200,235900,305100
70913119165,2019,137500,174500,312000
60812304107,2019,80800,205500,286300
70928109135,2019,109100,277600,386700
81021416096,2019,60000,129000,189000
80935108319,2019,537300,350900,888200
71005328143,2019,118200,335100,453300
70922206010,2019,88000,712000,800000
80924306031,2019,76900,225200,302100
80924403994,2019,400,1600,2000
71010212084,2019,58900,212400,271300
60903203028,2019,81400,188600,270000
71003111029,2019,20500,143500,164000
71002309055,2019,63300,291900,355200
70835317053,2019,0,0,0
70932411196,2019,74000,95800,169800
70813309014,2019,113100,316600,429700
70913347766,2019,2500,12500,15000
70823101062,2019,89400,232400,321800
71006434080,2019,0,0,0
81026352013,2019,44900,271900,316800
71009220098,2019,38000,144700,182700
70816403102,2019,175600,395800,571400
71006109253,2019,70400,83100,153500
70931208297,2019,87900,188800,276700
71014210125,2019,57500,217900,275400
70913326265,2019,26700,328300,355000
70920301242,2019,131000,251600,382600
81031218060,2019,38100,134600,172700
70821214099,2019,138900,341100,480000
81029404019,2019,75500,1000,76500
70822208017,2019,0,0,0
80924431747,2019,400,1600,2000
81032409022,2019,35800,132000,167800
71006129152,2019,53600,105400,159000
70923170850,2019,2100,400,2500
70929412024,2019,83100,197900,281000
70836411052,2019,61200,182400,243600
71009228034,2019,1136000,4998600,6134600
80936203209,2019,18000,115300,133300
71034101239,2019,67900,161500,229400
70930401123,2019,82500,171000,253500
70932412152,2019,74800,83300,158100
70919222053,2019,101300,353800,455100
81027105164,2019,36700,116000,152700
70823313097,2019,16300,127800,144100
81022301080,2019,0,0,0
70914305010,2019,0,0,0
71007215059,2019,159200,60100,219300
71035107046,2019,68200,265700,333900
70928206147,2019,89900,277100,367000
70922433340,2019,117700,110100,227800
70922302024,2019,96200,309100,405300
80925307038,2019,73300,99300,172600
60811202097,2019,95900,212500,308400
70930411205,2019,98600,203000,301600
70931411288,2019,77100,153300,230400
70928219223,2019,128000,286300,414300
80924435939,2019,400,1600,2000
81035111070,2019,100,0,100
71007316196,2019,36200,341300,377500
60902200934,2019,0,0,0
71004313260,2019,58500,168600,227100
71015114061,2019,43800,142300,186100
80925113930,2019,800,1200,2000
70919408413,2019,112000,210200,322200
81026360454,2019,100,0,100
70821110065,2019,96600,346100,442700
60801313135,2019,69500,268500,338000
70814426148,2019,87700,267000,354700
70935203011,2019,0,0,0
70921411123,2019,142900,338300,481200
71005405131,2019,41800,119000,160800
71015203244,2019,49600,175300,224900
70826315016,2019,36400,218600,255000
60811402069,2019,76300,229800,306100
70923203271,2019,93500,846600,940100
60812329296,2019,13500,156600,170100
60812113087,2019,75800,203300,279100
70821207078,2019,126000,306400,432400
81034118077,2019,66800,267400,334200
81026206088,2019,100,0,100
70834308459,2019,125000,348300,473300
70813110221,2019,124600,222400,347000
70923143451,2019,44900,352900,397800
70814428318,2019,15200,219100,234300
70825202214,2019,220000,0,220000
70813320474,2019,14600,103100,117700
80935104200,2019,68100,282600,350700
80925407119,2019,51600,206400,258000
70823407254,2019,83900,343900,427800
70826420055,2019,0,4000,4000
60811116222,2019,18800,215700,234500
71015206206,2019,81700,367100,448800
70828432032,2019,0,0,0
70823104983,2019,0,0,0
71003106187,2019,53100,159400,212500
81015104285,2019,56700,163000,219700
70929422015,2019,192800,295200,488000
71034107154,2019,0,0,0
71004302510,2019,63400,103500,166900
70834206083,2019,82100,229900,312000
71001403056,2019,0,0,0
81027109059,2019,36700,113400,150100
70814419317,2019,15200,175800,191000
70823109016,2019,20700,126900,147600
60802103121,2019,77300,201900,279200
71006124110,2019,0,0,0
71009404064,2019,63300,115800,179100
60812119150,2019,20700,174500,195200
81031209267,2019,63700,112900,176600
70914418186,2019,503000,276000,779000
70929109118,2019,110000,326600,436600
70835203301,2019,141000,320300,461300
70926218285,2019,0,0,0
70932415122,2019,53000,137000,190000
70913201037,2019,598500,312200,910700
81022306048,2019,142000,709000,851000
70920218588,2019,400,14600,15000
80925207155,2019,53100,139500,192600
70826311056,2019,104000,464700,568700
71006101027,2019,46900,128100,175000
71006215026,2019,334000,1000,335000
80924445079,2019,13600,262800,276400
71010204023,2019,56100,162300,218400
60812108210,2019,78500,183700,262200
70919113153,2019,1216000,17054000,18270000
70918206066,2019,64300,282200,346500
70913129023,2019,26600,195200,221800
70918302137,2019,78500,103200,181700
60801304019,2019,72200,143200,215400
71012207091,2019,61900,194200,256100
70824204386,2019,96900,133800,230700
70921219121,2019,151600,391600,543200
70833303038,2019,145000,478200,623200
81034412221,2019,72800,188200,261000
70929123316,2019,15000,226500,241500
70927107130,2019,31300,269000,300300
70836207055,2019,33100,153900,187000
70918306197,2019,85300,131300,216600
81028119875,2019,10100,91800,101900
70931208271,2019,77000,254500,331500
60906106071,2019,67600,152000,219600
70920308123,2019,103700,168200,271900
60801201158,2019,72200,182000,254200
70921401059,2019,123800,293800,417600
70923409176,2019,103400,464600,568000
70922329119,2019,183200,309500,492700
70814415133,2019,0,0,0
70929122045,2019,110200,129400,239600
71010208132,2019,53200,165500,218700
70928112071,2019,128000,325800,453800
81028108208,2019,55600,166900,222500
81031204184,2019,39800,183600,223400
70836107198,2019,70800,154500,225300
60904111155,2019,79700,196300,276000
70926304159,2019,93600,243500,337100
71006119161,2019,55100,204400,259500
70826312161,2019,70400,260700,331100
70914409086,2019,0,0,0
71003305052,2019,0,0,0
70919228738,2019,400,2600,3000
70929113127,2019,88400,177100,265500
70834204011,2019,86000,229000,315000
70922408161,2019,44000,318000,362000
71002307067,2019,53600,233200,286800
70929105273,2019,103600,184700,288300
71005414207,2019,48000,120500,168500
81015108055,2019,58100,189900,248000
71015405171,2019,54100,156500,210600
71003419069,2019,44600,203500,248100
70923412426,2019,1700,16300,18000
70929216038,2019,87900,263400,351300
71009209125,2019,50800,164700,215500
70923125194,2019,140400,460300,600700
60811204051,2019,103400,204900,308300
70836208102,2019,73700,187600,261300
60812121246,2019,81700,224800,306500
70922435198,2019,136300,332400,468700
70922336031,2019,145800,422400,568200
70921416016,2019,67600,383300,450900
71011115120,2019,71900,246900,318800
70921223015,2019,136900,340900,477800
81031213234,2019,38500,76500,115000
71007115168,2019,76600,213000,289600
70829108278,2019,79700,255900,335600
60904101289,2019,79900,182900,262800
70923127182,2019,193200,80400,273600
70822208025,2019,0,0,0
81032312069,2019,189000,1501000,1690000
80924420980,2019,400,1600,2000
70901106116,2019,53000,186000,239000
70922424216,2019,112000,283000,395000
70923318111,2019,109000,331900,440900
71027405044,2019,51000,215300,266300
80926103063,2019,58000,81500,139500
70924218112,2019,51300,673700,725000
60801316155,2019,24000,143000,167000
71014108156,2019,10700,166500,177200
71019411116,2019,9000,68100,77100
71026201047,2019,0,0,0
80924410824,2019,400,1600,2000
81031218086,2019,38100,100700,138800
71007302020,2019,103300,301700,405000
60801301023,2019,72800,150800,223600
71015111108,2019,44000,190700,234700
70912438037,2019,9000,91300,100300
70918320410,2019,20500,133900,154400
71035105024,2019,0,0,0
60904110149,2019,95400,180300,275700
70922332055,2019,183200,551800,735000
70922403096,2019,152300,100500,252800
70822402015,2019,736000,0,736000
71009405103,2019,63300,97700,161000
71009400806,2019,0,0,0
70926401129,2019,46800,107300,154100
70922314087,2019,113300,319200,432500
70913108499,2019,57000,306000,363000
70836208277,2019,0,0,0
70923413383,2019,2300,24700,27000
70922226034,2019,263300,531900,795200
60903207286,2019,0,0,0
80936107039,2019,13800,93100,106900
70922228048,2019,517000,449000,966000
70923170587,2019,2100,400,2500
70918319728,2019,20500,101500,122000
71014215604,2019,7800,91700,99500
70913323352,2019,108800,480300,589100
71014213319,2019,60300,157600,217900
60812407183,2019,88300,193100,281400
70901103112,2019,51000,111900,162900
71007223276,2019,94500,288000,382500
70824309128,2019,14100,148000,162100
70828310022,2019,77000,36000,113000
81033304049,2019,44100,121900,166000
60812110116,2019,78200,167100,245300
60802304159,2019,96300,237100,333400
70923406106,2019,2672000,1239000,3911000
71006311212,2019,77400,218200,295600
70919311012,2019,97400,234100,331500
70823302058,2019,209000,203000,412000
71011305119,2019,69600,179700,249300
71021202058,2019,59100,133200,192300
81032419188,2019,18000,109100,127100
71004316165,2019,59600,132900,192500
70918415162,2019,10500,100900,111400
70914437277,2019,1100,5900,7000
71006305265,2019,54200,219400,273600
71034102328,2019,49100,219500,268600
70928213077,2019,98200,324300,422500
80924101150,2019,82000,234900,316900
81016206246,2019,0,0,0
81023207419,2019,33600,104000,137600
60803105390,2019,96700,223400,320100
70816317080,2019,153500,687300,840800
80936401241,2019,67700,140100,207800
80924410816,2019,400,1600,2000
70928110083,2019,109100,450400,559500
70917101150,2019,103000,522200,625200
70923153939,2019,1300,23700,25000
70836313258,2019,15700,172700,188400
71005330023,2019,98100,287800,385900
81031205140,2019,33200,101800,135000
70825108024,2019,1309000,0,1309000
70929112054,2019,102900,195700,298600
70921113232,2019,157000,414200,571200
71015403109,2019,50300,170100,220400
70921403386,2019,142900,361300,504200
70823212075,2019,87600,155800,243400
70912405234,2019,100400,294200,394600
70822104083,2019,0,0,0
71015211304,2019,0,0,0
81028110120,2019,55800,150800,206600
70932420197,2019,90400,189600,280000
70923224102,2019,86000,303100,389100
71015205068,2019,50400,164300,214700
71021101094,2019,85000,338400,423400
71006317038,2019,251800,36800,288600
70828427067,2019,0,0,0
70929108136,2019,120600,218600,339200
71006116183,2019,43600,248700,292300
71034101289,2019,56300,188700,245000
81021413117,2019,52600,137700,190300
80926306104,2019,66900,214200,281100
81015103112,2019,61900,178300,240200
81022306022,2019,138000,652000,790000
71006210084,2019,69200,164700,233900
70826405122,2019,75200,159700,234900
71006305471,2019,59000,170000,229000
71009201121,2019,50800,144500,195300
70932405107,2019,76700,109100,185800
81015101017,2019,65000,0,65000
71007202113,2019,94600,382500,477100
81023309059,2019,35600,98400,134000
71034103433,2019,70900,199100,270000
70823111029,2019,89400,176900,266300
70823306026,2019,80100,186800,266900
70824211034,2019,112100,277800,389900
80924416971,2019,400,1600,2000
70923140788,2019,1500,13500,15000
81034203076,2019,69700,153300,223000
71009204183,2019,47900,123300,171200
70835115043,2019,14200,125600,139800
71007110085,2019,84900,264900,349800
60901201256,2019,63100,153200,216300
70921311092,2019,85500,223100,308600
71003303171,2019,52000,175400,227400
70923156470,2019,5000,10000,15000
80924432844,2019,400,1600,2000
71006305504,2019,57600,218100,275700
70907301116,2019,154500,0,154500
71016408108,2019,97200,227100,324300
60801113303,2019,60000,30000,90000
80926302110,2019,67300,162100,229400
60901204036,2019,62200,160300,222500
70813329103,2019,18600,164400,183000
71011212075,2019,50600,208300,258900
70932202181,2019,110700,298900,409600
70834214268,2019,27000,267000,294000
70913403154,2019,75300,262000,337300
70913410109,2019,70200,80000,150200
70922441054,2019,13200,219100,232300
60802402177,2019,67100,172900,240000
70920218249,2019,400,14600,15000
70823121143,2019,20000,103200,123200
60812110108,2019,78200,172100,250300
80925308276,2019,78500,103500,182000
70914437235,2019,1100,5900,7000
60801415064,2019,75600,216200,291800
70922227040,2019,213000,543000,756000
81015108229,2019,57800,197100,254900
71006126067,2019,63000,248000,311000
80936406118,2019,73600,225000,298600
81027107178,2019,36700,110300,147000
81028119362,2019,10800,100000,110800
70829105224,2019,47900,290100,338000
71006431060,2019,93500,238400,331900
71006416088,2019,52300,149900,202200
70923173341,2019,3300,5900,9200
70929212185,2019,73700,195600,269300
81031219109,2019,38500,128400,166900
70834425013,2019,70100,359900,430000
80924423926,2019,400,1600,2000
71010409037,2019,59000,161300,220300
70829419120,2019,15200,0,15200
81016401987,2019,0,0,0
70928102345,2019,120200,299800,420000
70935202071,2019,43100,96400,139500
70913347641,2019,2500,12500,15000
70929123704,2019,0,1000,1000
60801201182,2019,66700,175200,241900
71007303268,2019,120300,288100,408400
71011205129,2019,33800,218300,252100
70823118281,2019,12800,95100,107900
70824104023,2019,207100,365300,572400
70922227024,2019,218900,664500,883400
70922414209,2019,94200,355400,449600
71014214094,2019,8100,113800,121900
81034111039,2019,61600,175300,236900
60802418249,2019,58800,149500,208300
70923174795,2019,3300,11700,15000
80924421938,2019,400,1600,2000
60802111067,2019,86200,198300,284500
70920217449,2019,400,14600,15000
81030315114,2019,56400,127000,183400
70919224158,2019,96800,148100,244900
70821206070,2019,110000,385000,495000
71009212110,2019,65600,117300,182900
71015301030,2019,114000,195000,309000
70928107329,2019,107000,256800,363800
71004302247,2019,73600,111400,185000
80924419107,2019,8600,148400,157000
70836208128,2019,73700,239500,313200
70929410135,2019,87300,241500,328800
70815302024,2019,517000,3023000,3540000
70923101037,2019,292000,613000,905000
70919223019,2019,123200,173000,296200
81031224223,2019,46700,139500,186200
70923202215,2019,64000,402000,466000
71005227139,2019,57600,150600,208200
70936304066,2019,65000,126600,191600
81034109159,2019,63600,171200,234800
70929111296,2019,99000,216700,315700
70822110147,2019,58600,166000,224600
80924309019,2019,71400,327500,398900
70931415305,2019,68600,144800,213400
70824409043,2019,110800,214200,325000
60901102074,2019,0,0,0
70918416376,2019,9500,33800,43300
70922221167,2019,168200,326100,494300
70922117019,2019,162100,402800,564900
70824206176,2019,105900,245500,351400
70930107036,2019,1410000,3665000,5075000
70926412233,2019,50500,135500,186000
60812117138,2019,0,0,0
71005323078,2019,105800,278700,384500
70928111130,2019,117900,307100,425000
70929205156,2019,83800,218600,302400
70932208113,2019,14200,115500,129700
60812318025,2019,85200,195300,280500
60812103088,2019,84700,221300,306000
70919110092,2019,108500,145900,254400
70929124504,2019,0,10000,10000
70813319146,2019,15800,117900,133700
80924431862,2019,400,1600,2000
71007222236,2019,0,0,0
71005318045,2019,112700,162300,275000
60801218161,2019,65800,155400,221200
71004405190,2019,47000,159700,206700
70932210085,2019,22600,90400,113000
70932114055,2019,257100,343000,600100
70836108146,2019,71700,195600,267300
70828433080,2019,0,0,0
70928109375,2019,108400,257700,366100
70936305311,2019,62700,155100,217800
71005205094,2019,61500,126100,187600
80924436929,2019,400,1600,2000
80927401052,2019,239900,412600,652500
71010314137,2019,48700,158900,207600
70926116124,2019,82000,288000,370000
71010201037,2019,54300,180400,234700
70821212118,2019,100,0,100
70923319094,2019,171800,300200,472000
70918304175,2019,60400,172600,233000
71016414098,2019,61900,149000,210900
60812106024,2019,89100,176300,265400
81033411018,2019,64000,285000,349000
71004408053,2019,71700,170300,242000
70836403108,2019,64000,153800,217800
71006109112,2019,69200,144100,213300
71006128295,2019,48000,156000,204000
70922437194,2019,84000,351600,435600
71021220076,2019,63200,164200,227400
70816405108,2019,172500,392500,565000
71015113013,2019,47000,153800,200800
71015110118,2019,0,0,0
71006307047,2019,69200,174800,244000
70932210118,2019,22600,89300,111900
71021113049,2019,15100,90200,105300
71016415054,2019,61700,146300,208000
71030203138,2019,79500,93200,172700
81026356156,2019,4900,0,4900
70932401246,2019,141100,343700,484800
70913111129,2019,91600,219400,311000
80926108162,2019,53400,135200,188600
71003308197,2019,55400,192600,248000
71011208107,2019,23600,163000,186600
60904101320,2019,82500,188700,271200
81027208059,2019,63300,192500,255800
70923146611,2019,8000,7000,15000
71015203252,2019,49600,190400,240000
71010401025,2019,53400,156700,210100
71014107299,2019,9600,194200,203800
81027106063,2019,36700,111100,147800
81034305054,2019,67500,166200,233700
70929103095,2019,101800,213400,315200
71010405085,2019,77600,154000,231600
70816307156,2019,166500,586000,752500
71027403197,2019,51000,226200,277200
60904101023,2019,91700,264300,356000
60901202155,2019,62700,154900,217600
81019308114,2019,60300,187400,247700
80926103261,2019,59700,161700,221400
60812101074,2019,77700,160500,238200
81032412017,2019,50400,106800,157200
81021303227,2019,46000,185500,231500
71009319164,2019,68700,151500,220200
70829420028,2019,15100,0,15100
70921309047,2019,109200,146700,255900
60801401162,2019,75800,177000,252800
70820116030,2019,133300,0,133300
81023308209,2019,35600,91400,127000
70814309089,2019,162200,259000,421200
81028122141,2019,8700,65400,74100
70926104062,2019,62500,422500,485000
60812115091,2019,74600,158700,233300
60811431084,2019,70000,176900,246900
70922111293,2019,82300,697700,780000
70921407081,2019,142900,415300,558200
80924406154,2019,8300,141700,150000
70836118096,2019,70600,209500,280100
70825103058,2019,155000,390000,545000
70824204378,2019,114900,310600,425500
80925408076,2019,54800,138300,193100
70823116029,2019,89000,311000,400000
70919227235,2019,35100,343900,379000
70828438064,2019,0,0,0
60904101297,2019,81500,213900,295400
70929123241,2019,15000,225600,240600
71006209095,2019,69200,132900,202100
70826413133,2019,8400,56400,64800
70928305072,2019,133400,162600,296000
71005329076,2019,105800,266400,372200
71005229143,2019,48500,95400,143900
70836114341,2019,79100,131300,210400
70835208020,2019,85900,223800,309700
70823112077,2019,89400,252400,341800
71007111174,2019,64100,215400,279500
81028103315,2019,57900,134200,192100
71014106126,2019,12500,172400,184900
71015105268,2019,61100,152700,213800
70922216259,2019,151500,290400,441900
81034402199,2019,63500,201700,265200
70930408179,2019,92200,218600,310800
70834308045,2019,48200,361700,409900
70918302054,2019,82000,137400,219400
70923168863,2019,6500,13500,20000
70926215091,2019,158000,213400,371400
71004314086,2019,51500,193500,245000
70814302140,2019,100600,288800,389400
70823314136,2019,190500,353300,543800
60812304024,2019,79500,196100,275600
70919308085,2019,102900,216400,319300
71006139028,2019,47500,638900,686400
70820108011,2019,100,0,100
70920217382,2019,400,14600,15000
70829417017,2019,0,0,0
80925303086,2019,56100,146700,202800
71003301240,2019,55900,173600,229500
70922206143,2019,139200,165900,305100
70923153046,2019,1300,23700,25000
60812207418,2019,77700,179400,257100
70834403035,2019,100300,268900,369200
70919228788,2019,400,2600,3000
70914408111,2019,144000,560000,704000
80925205042,2019,57400,122700,180100
70923165512,2019,39600,182900,222500
70918415683,2019,10500,65300,75800
70935104053,2019,48000,136900,184900
71010105099,2019,55600,176500,232100
71020305027,2019,78600,134400,213000
81027209106,2019,12000,108800,120800
70926114128,2019,76600,229400,306000
70820109283,2019,100,0,100
71004400851,2019,832200,2055600,2887800
70823302157,2019,5907000,25572000,31479000
71002418195,2019,0,0,0
81028110089,2019,54900,149100,204000
70913202241,2019,75900,116500,192400
70919224083,2019,101300,172300,273600
81028121268,2019,10800,93500,104300
70913309443,2019,73600,278700,352300
70914406074,2019,246600,282700,529300
70926118203,2019,78500,201500,280000
71010308114,2019,53600,147600,201200
71016114101,2019,46700,84000,130700
70933405023,2019,18000,0,18000
70923413367,2019,1700,16300,18000
70921211234,2019,70600,168900,239500
70929108095,2019,114500,231900,346400
71015206389,2019,74600,178400,253000
71005405090,2019,41400,105400,146800
71034104423,2019,70600,195000,265600
71014106241,2019,12500,144000,156500
70930409143,2019,88700,173100,261800
71001411041,2019,57200,186400,243600
70918402094,2019,83500,201300,284800
60811419212,2019,91200,227900,319100
70924218188,2019,33900,444000,477900
71006132189,2019,51700,176100,227800
70921410034,2019,142900,527900,670800
70835210207,2019,91700,169300,261000
71006412078,2019,40000,283600,323600
60901203088,2019,58200,174000,232200
71021111142,2019,62400,183000,245400
71014303219,2019,54800,216300,271100
70929104267,2019,74000,257600,331600
70931208114,2019,90600,238400,329000
81034101048,2019,67300,163000,230300
80924413745,2019,400,1600,2000
71009220048,2019,55700,97800,153500
70921214014,2019,105700,168900,274600
71005314225,2019,68000,114900,182900
70926209094,2019,67900,241300,309200
71015409074,2019,81000,301000,382000
70930402139,2019,81600,190600,272200
70923160158,2019,8000,7000,15000
70836407118,2019,55100,139100,194200
70834203039,2019,0,0,0
70922208131,2019,117700,360800,478500
70825303070,2019,660000,128000,788000
71014203310,2019,62900,214500,277400
71015114219,2019,45200,187900,233100
60801304150,2019,70900,174500,245400
71010310036,2019,54800,143600,198400
70914420082,2019,575000,867000,1442000
70918319249,2019,20500,108200,128700
71011303288,2019,62600,188900,251500
71005407145,2019,44400,138700,183100
70922327098,2019,121400,388500,509900
71006205085,2019,53400,247800,301200
80924416781,2019,400,1600,2000
60903203078,2019,0,0,0
70922211069,2019,133000,492600,625600
70920220806,2019,0,5600,5600
71006102083,2019,76200,135300,211500
70920304254,2019,94900,328000,422900
71010407122,2019,59700,225400,285100
70923412476,2019,1700,16300,18000
70816407170,2019,236000,201100,437100
70828316327,2019,100,0,100
70828107081,2019,88900,267400,356300
70821216037,2019,0,0,0
70932203197,2019,62600,205300,267900
71007113071,2019,78200,174400,252600
81026370106,2019,7500,0,7500
70824209013,2019,0,0,0
70929215212,2019,163400,230700,394100
71002421099,2019,66200,209600,275800
71023300793,2019,30000,93000,123000
71006304316,2019,42100,162800,204900
70829418073,2019,18400,0,18400
70932415221,2019,53300,134400,187700
81034310227,2019,0,0,0
80925202197,2019,54700,152400,207100
70935305065,2019,193000,415000,608000
70935103162,2019,44500,135500,180000
70931415115,2019,67900,122900,190800
71012215424,2019,17700,249100,266800
70923159101,2019,8000,7000,15000
70922328137,2019,183200,591900,775100
81032422024,2019,31900,120200,152100
70920410077,2019,123900,141400,265300
70922225060,2019,169500,530300,699800
60801313284,2019,72200,243200,315400
71006421300,2019,48100,131800,179900
60906207142,2019,60300,161400,221700
70922221068,2019,157200,568900,726100
60812313447,2019,22800,203000,225800
70828440043,2019,0,0,0
60812107113,2019,79900,172100,252000
81032420151,2019,45500,173000,218500
71021214011,2019,56700,177000,233700
80935105018,2019,73200,233500,306700
81028103274,2019,57400,164400,221800
70823307066,2019,82300,187300,269600
70836314024,2019,30700,117500,148200
81023304124,2019,35600,125400,161000
70814403378,2019,105200,300400,405600
60904105132,2019,78700,184000,262700
71010101170,2019,59100,207100,266200
70835103048,2019,132000,572000,704000
70922232156,2019,191400,506800,698200
70836208087,2019,73700,204700,278400
70836403215,2019,67200,180700,247900
81030312235,2019,56000,110500,166500
71005339041,2019,100500,315000,415500
81034406191,2019,62700,206900,269600
70926408125,2019,132000,444800,576800
71010201011,2019,54300,181800,236100
70816305085,2019,132300,374500,506800
71009318067,2019,68800,128200,197000
81034113035,2019,27500,122500,150000
70929119133,2019,94400,229600,324000
70922339035,2019,183200,493400,676600
60812218043,2019,22500,141800,164300
71016114052,2019,64000,148000,212000
60812314015,2019,0,0,0
80926107114,2019,54000,149100,203100
70815103092,2019,463100,0,463100
71007103098,2019,193800,428200,622000
70934201016,2019,0,0,0
71014216470,2019,7500,120800,128300
80926107148,2019,55000,142200,197200
70929111171,2019,103600,174900,278500
60801226221,2019,16200,153300,169500
70929413105,2019,85900,184200,270100
71011305218,2019,70000,186800,256800
70823210459,2019,109800,307300,417100
70936407167,2019,58200,146700,204900
80924437878,2019,400,1600,2000
71009217269,2019,854000,2911000,3765000
70923143063,2019,44900,281500,326400
70932113114,2019,91900,141100,233000
81028118439,2019,8700,66400,75100
70814411032,2019,88800,107200,196000
81035112101,2019,100,0,100
70922111326,2019,50000,655000,705000
71011404086,2019,101600,283400,385000
70932417102,2019,54100,146500,200600
70918218061,2019,46400,0,46400
70922423250,2019,79400,208900,288300
70929201170,2019,102500,374900,477400
70931212074,2019,75300,145100,220400
71012216026,2019,67300,226700,294000
70835318093,2019,95200,301600,396800
81029400992,2019,0,0,0
70828441083,2019,0,0,0
70923179216,2019,65500,0,65500
70826420378,2019,0,4000,4000
81021415163,2019,49700,153200,202900
60804104078,2019,100200,411600,511800
60811304083,2019,85800,259400,345200
70931209138,2019,67000,182100,249100
70921109059,2019,124400,231700,356100
80924404950,2019,400,1600,2000
70921306019,2019,179300,325900,505200
71006206281,2019,36200,208200,244400
81034408163,2019,69000,205000,274000
70928222060,2019,88300,235400,323700
70926214019,2019,106100,380900,487000
70836312086,2019,19100,188000,207100
80924424867,2019,400,1600,2000
70814405100,2019,83300,215600,298900
70934302012,2019,132000,318000,450000
60801115010,2019,61200,189400,250600
70928321101,2019,151400,509500,660900
70929303249,2019,94800,181900,276700
60812305155,2019,70700,174300,245000
70932424024,2019,49800,83200,133000
70920104240,2019,89000,321000,410000
70929408015,2019,90200,184300,274500
70813110122,2019,173600,302700,476300
70923127299,2019,160900,334100,495000
80925402078,2019,57600,139400,197000
71021113479,2019,15100,97900,113000
70836208061,2019,73700,198200,271900
80925217287,2019,59400,171900,231300
81028118851,2019,10100,67500,77600
71015115043,2019,39400,176700,216100
70913323211,2019,0,0,0
71009308076,2019,68800,127000,195800
71010111103,2019,53400,161700,215100
70935207188,2019,44800,104200,149000
60801304085,2019,73000,187000,260000
70836216345,2019,5500,97400,102900
71014201025,2019,54800,144900,199700
70921220053,2019,128900,331100,460000
81028405026,2019,0,0,0
70827305016,2019,0,0,0
70835307062,2019,78600,196900,275500
71001105032,2019,41200,185300,226500
60812305262,2019,79300,213300,292600
71010306209,2019,52500,203400,255900
71015214168,2019,23000,288600,311600
70816319060,2019,165600,465700,631300
70923411501,2019,25300,121700,147000
71022103057,2019,504800,0,504800
81035108126,2019,11100,0,11100
81036101012,2019,4000,0,4000
70918225074,2019,30600,135800,166400
60903220022,2019,44100,105900,150000
81027106154,2019,36700,106200,142900
70835124929,2019,500,1500,2000
70829108294,2019,94600,390700,485300
71011119081,2019,50500,213300,263800
70813320010,2019,14600,98800,113400
70918411342,2019,123200,147100,270300
71005212114,2019,49000,141400,190400
70920216839,2019,10300,377800,388100
71009313140,2019,143400,336600,480000
70929415185,2019,85000,225500,310500
71011108745,2019,30000,240900,270900
70826414024,2019,16100,100900,117000
70914417089,2019,0,0,0
71006440962,2019,0,4000,4000
80925409256,2019,58600,141700,200300
70914437053,2019,1100,5900,7000
70833302197,2019,153100,475100,628200
71014306122,2019,55700,164600,220300
71011301183,2019,61500,157200,218700
70921311240,2019,73400,249900,323300
60811407077,2019,84000,217700,301700
70914437342,2019,1100,5900,7000
81027300821,2019,295800,2038400,2334200
60811116777,2019,18800,212300,231100
71003106012,2019,53100,179900,233000
71012202231,2019,67800,211400,279200
70835210083,2019,101600,192900,294500
81032103111,2019,32300,137100,169400
70923165504,2019,54100,243700,297800
71004301207,2019,58500,159600,218100
81027111046,2019,36700,115000,151700
60906205055,2019,58700,165700,224400
71012205136,2019,69900,298700,368600
71010407239,2019,53000,146100,199100
81033204067,2019,73000,257000,330000
70920123894,2019,500,2500,3000
71011303080,2019,64400,165100,229500
70928205149,2019,97800,285200,383000
70828417042,2019,0,0,0
71004408251,2019,77800,124700,202500
80925215116,2019,56900,144800,201700
71016114010,2019,64000,46000,110000
71004314028,2019,54100,147100,201200
70836403257,2019,79900,156800,236700
70913125196,2019,81400,267300,348700
70914301092,2019,329000,116000,445000
70929307275,2019,107400,335400,442800
71006431036,2019,100500,242900,343400
71014301271,2019,63100,227400,290500
70931314036,2019,23600,38400,62000
60906107095,2019,60300,157300,217600
71022401146,2019,39300,98500,137800
70921311042,2019,85500,242600,328100
70918302070,2019,75400,131200,206600
70929115157,2019,110200,263500,373700
60906201011,2019,65400,178000,243400
71005226032,2019,48500,87500,136000
60804106024,2019,153700,344800,498500
70913349043,2019,22600,143300,165900
80935106058,2019,59500,237100,296600
60905213265,2019,4200,43700,47900
70918223052,2019,0,0,0
81031403041,2019,35900,145100,181000
80924424677,2019,400,1600,2000
71005318011,2019,84900,179100,264000
60802101034,2019,73700,159900,233600
70920420399,2019,135400,202400,337800
71012214054,2019,19400,178100,197500
81032302143,2019,37200,141500,178700
70926207064,2019,78800,191200,270000
70836420053,2019,70900,150400,221300
70913108225,2019,104100,177600,281700
71003415158,2019,61400,197800,259200
71028300946,2019,0,0,0
80925201066,2019,56900,156800,213700
80926111024,2019,59200,168700,227900
80924403069,2019,8200,123800,132000
70919216030,2019,88400,183300,271700
70822414226,2019,17500,150500,168000
70934300917,2019,200000,0,200000
80936408023,2019,77100,170400,247500
70913423037,2019,125400,387600,513000
70919228811,2019,400,2600,3000
80925210249,2019,54000,199300,253300
70913354521,2019,0,2500,2500
71035203183,2019,87700,217300,305000
70935201180,2019,40900,88600,129500
70912421016,2019,9000,91300,100300
70919215090,2019,82700,97500,180200
70835202022,2019,187300,418200,605500
70822118050,2019,25800,338200,364000
71020305093,2019,83200,121300,204500
70835101117,2019,0,0,0
70929110157,2019,89900,224200,314100
70935206263,2019,43100,102800,145900
70921104249,2019,81900,358000,439900
70836405302,2019,67200,149300,216500
60812111106,2019,75000,173500,248500
70825202199,2019,374000,0,374000
71010408047,2019,54400,221200,275600
81021300950,2019,0,0,0
70833119162,2019,98600,297700,396300
70918321723,2019,0,2000,2000
70823407098,2019,46900,211300,258200
70919214191,2019,120000,216000,336000
71035116089,2019,64700,216200,280900
71007229084,2019,134000,1013900,1147900
60906202035,2019,94000,181000,275000
81031226055,2019,47800,106700,154500
60802108189,2019,69300,173700,243000
71010211309,2019,54000,168700,222700
80924407045,2019,7600,146500,154100
71006446233,2019,3000,35000,38000
60903211154,2019,17400,96700,114100
70921302116,2019,101500,228900,330400
71007228010,2019,99200,120000,219200
70930415059,2019,94700,284300,379000
71009109078,2019,0,0,0
71030201174,2019,587600,554900,1142500
70920104183,2019,89000,321000,410000
71007216172,2019,0,0,0
70926304323,2019,71400,83600,155000
70815306216,2019,215700,427900,643600
80924102091,2019,87800,254500,342300
70828115018,2019,92400,250300,342700
71006431200,2019,85000,250900,335900
70923163045,2019,44900,309900,354800
70930305094,2019,551000,514000,1065000
70913343095,2019,11700,144500,156200
71010406140,2019,53200,171600,224800
80925402094,2019,53500,134500,188000
70923174464,2019,3300,11700,15000
71022303087,2019,50700,61400,112100
81034305096,2019,53500,0,53500
81034414029,2019,66300,224300,290600
70920202036,2019,0,0,0
70829112097,2019,77900,329100,407000
70929305055,2019,89900,172500,262400
71010301275,2019,62100,141300,203400
71008105100,2019,30000,271000,301000
81027112010,2019,36700,113900,150600
81034410118,2019,71000,274100,345100
60901202288,2019,61500,162000,223500
71004403128,2019,45300,169400,214700
80924438157,2019,13300,237000,250300
81027206194,2019,481000,1752000,2233000
81033201013,2019,38200,202500,240700
70922212033,2019,203900,768100,972000
60902101067,2019,0,0,0
70932201315,2019,74200,139900,214100
81031224083,2019,38900,138600,177500
70923160257,2019,8000,7000,15000
70814428350,2019,15200,169500,184700
81034205197,2019,63600,155200,218800
70823113257,2019,92800,264100,356900
60801302138,2019,73500,145200,218700
70827306014,2019,0,0,0
70834202099,2019,83600,228900,312500
70922324101,2019,171200,410100,581300
81023200968,2019,162000,0,162000
81028119677,2019,10100,88300,98400
70824411064,2019,100800,227600,328400
70823205351,2019,18100,218200,236300
60904111204,2019,84300,268800,353100
80936102055,2019,14900,98800,113700
60801407087,2019,88700,248800,337500
71010403203,2019,54400,180800,235200
71034108227,2019,67300,151800,219100
70814403253,2019,122400,259400,381800
71010406083,2019,56500,168400,224900
70913105271,2019,103400,232500,335900
70914422210,2019,0,0,0
70921408203,2019,142900,219300,362200
70922219021,2019,250400,732400,982800
70823406214,2019,75100,328900,404000
71010202126,2019,53600,156900,210500
70922346155,2019,0,15000,15000
70836308118,2019,77000,298000,375000
71015201157,2019,51400,198400,249800
81014303052,2019,32800,140500,173300
71016209209,2019,73900,140000,213900
81034205056,2019,68300,153900,222200
70920419095,2019,94900,227200,322100
71006421285,2019,51300,118700,170000
70834214888,2019,39200,0,39200
70828306162,2019,35000,252300,287300
71035103218,2019,76300,335200,411500
70813324062,2019,124100,344300,468400
71035205080,2019,67500,201300,268800
71003406082,2019,56000,192400,248400
70923141893,2019,200,700,900
70814425091,2019,84400,267500,351900
70823414027,2019,0,0,0
70835120109,2019,16100,52200,68300
81028108034,2019,49000,161100,210100
70926101159,2019,80000,220200,300200
70813113019,2019,103600,319300,422900
81026356122,2019,100,0,100
70836115266,2019,70900,203500,274400
71005231049,2019,46300,136600,182900
71030214044,2019,154000,866000,1020000
70829111057,2019,85200,56600,141800
70922338045,2019,183200,462800,646000
70935112155,2019,0,0,0
71014215779,2019,7800,141000,148800
71007204028,2019,54200,311000,365200
71011407139,2019,90900,294700,385600
70913354414,2019,0,2500,2500
71011108753,2019,30000,240900,270900
60904111098,2019,79400,261200,340600
71027406167,2019,61200,217800,279000
70823405258,2019,54400,202900,257300
60801315058,2019,81500,215500,297000
70929404039,2019,87000,272000,359000
70834419032,2019,27500,183500,211000
70930203058,2019,470000,10000,480000
70836405584,2019,58700,152300,211000
80924434642,2019,400,3100,3500
70929428138,2019,173000,361400,534400
70824301059,2019,102400,257400,359800
81033308033,2019,6400,64800,71200
71009220064,2019,38000,102000,140000
81030203137,2019,48000,107200,155200
70823210475,2019,113400,311600,425000
71001304030,2019,363000,2237000,2600000
71021215085,2019,60100,144200,204300
60811113153,2019,103300,297800,401100
70826408217,2019,0,0,0
70926201321,2019,124600,131500,256100
60901202353,2019,63100,174200,237300
70836114052,2019,84300,152000,236300
60906114115,2019,57900,190100,248000
70922345412,2019,113500,372500,486000
70828443055,2019,0,0,0
70814430230,2019,19700,196300,216000
70929203027,2019,78600,217400,296000
70912449018,2019,9000,91300,100300
71026103053,2019,519500,0,519500
70923167774,2019,6500,18500,25000
70836312060,2019,19100,196200,215300
70928219132,2019,104300,171900,276200
81021403217,2019,43700,144100,187800
71005401147,2019,114500,226000,340500
70918404090,2019,105500,127900,233400
70936312019,2019,29000,98500,127500
70913113183,2019,78800,304500,383300
71014214648,2019,8100,115300,123400
60801220067,2019,67000,300000,367000
81032107072,2019,0,0,0
80926402209,2019,50300,161300,211600
81021412086,2019,44600,172200,216800
71004404308,2019,47100,199200,246300
70919306188,2019,107400,304800,412200
71011119049,2019,55600,203100,258700
70814404061,2019,87500,227700,315200
71006313341,2019,424400,458000,882400
70936410102,2019,58900,181900,240800
60905214106,2019,5600,58100,63700
70912403212,2019,110700,255900,366600
71010217117,2019,10600,109400,120000
71014106209,2019,12500,148300,160800
70936408165,2019,63100,170200,233300
71016101091,2019,147000,1453000,1600000
81034107509,2019,61800,176400,238200
71015119045,2019,49000,157000,206000
70936407307,2019,58800,173800,232600
70922405349,2019,127800,181900,309700
70829407076,2019,8700,0,8700
71005403193,2019,47900,93800,141700
71012221174,2019,12100,124400,136500
70824206308,2019,107500,303800,411300
60812405244,2019,0,0,0
70913346289,2019,69900,262800,332700
60812329113,2019,13400,154500,167900
60812406078,2019,87600,169800,257400
71002104033,2019,0,0,0
71015202064,2019,49600,172000,221600
80925209151,2019,52000,134300,186300
80925202262,2019,55800,131900,187700
60906201144,2019,67800,153400,221200
60906109231,2019,65300,164800,230100
70926408092,2019,83000,2000,85000
71011203066,2019,0,0,0
70919410070,2019,103900,194200,298100
70923116391,2019,84300,301900,386200
70826412804,2019,10000,73100,83100
70920419087,2019,97900,244500,342400
70913407106,2019,153000,410000,563000
60812114019,2019,81600,199200,280800
70826206182,2019,0,0,0
70923309037,2019,63500,507100,570600
71014304077,2019,54200,189500,243700
80924440714,2019,400,1600,2000
60905214263,2019,4200,47600,51800
70921410050,2019,142900,320900,463800
71021104072,2019,61000,142200,203200
80924444881,2019,400,1600,2000
71005301173,2019,61900,186800,248700
60803119234,2019,66600,443300,509900
70834209144,2019,74200,212800,287000
71004407089,2019,52900,132100,185000
81032426076,2019,41600,111200,152800
70923125368,2019,143200,2498000,2641200
70814417064,2019,84700,243600,328300
80924421988,2019,400,1600,2000
70922316108,2019,140300,296700,437000
60801412218,2019,75800,183600,259400
70928110108,2019,109100,218700,327800
71009303092,2019,65500,119100,184600
71007314017,2019,112900,337100,450000
60801122049,2019,66100,198900,265000
70926209036,2019,83000,259300,342300
70918416285,2019,10500,53300,63800
71011301026,2019,56400,140100,196500
70829111081,2019,93800,345500,439300
71006129368,2019,933800,3031600,3965400
70836208110,2019,27400,126600,154000
70823404052,2019,33400,195400,228800
70826412276,2019,8200,65800,74000
70936301096,2019,61500,132600,194100
60811204168,2019,0,0,0
70922309129,2019,134200,216700,350900
60802423074,2019,18900,131900,150800
80936405128,2019,84700,264300,349000
70835317011,2019,98600,187300,285900
70918413017,2019,1881000,1772000,3653000
71012209138,2019,63100,181800,244900
70929220211,2019,88300,188800,277100
70820108029,2019,100,0,100
70923122257,2019,240000,1253000,1493000
70835117073,2019,12400,108200,120600
81034106410,2019,56900,159300,216200
71022104229,2019,0,0,0
81034413188,2019,67900,202300,270200
71011302090,2019,66700,155200,221900
70824205079,2019,125100,266700,391800
60801404140,2019,81400,170200,251600
81026423062,2019,100,0,100
70929307150,2019,81600,259000,340600
71015405121,2019,49700,240800,290500
60801112032,2019,70200,128200,198400
70824414274,2019,11300,72400,83700
70934302137,2019,100200,188300,288500
80924438975,2019,400,1600,2000
71006121059,2019,70400,65600,136000
71016114086,2019,54900,153700,208600
80924433933,2019,400,1600,2000
70922214146,2019,208100,542500,750600
60812110124,2019,78200,168000,246200
70835310114,2019,84900,205100,290000
70828124077,2019,12900,266500,279400
71034109085,2019,60300,146900,207200
60811113111,2019,105200,226100,331300
70923317238,2019,96300,203100,299400
70914402014,2019,2859000,9836000,12695000
81023207055,2019,33600,155800,189400
71005411013,2019,56400,160000,216400
70919103047,2019,93800,259300,353100
71011108539,2019,30000,237400,267400
70923164019,2019,44900,174300,219200
60812328678,2019,0,1000,1000
71004313012,2019,58500,184200,242700
80926403223,2019,86000,284000,370000
70923165455,2019,29500,138500,168000
81030313019,2019,53800,124100,177900
70918102016,2019,653300,972100,1625400
70936401052,2019,63700,174300,238000
70922340058,2019,201700,484900,686600
70822414036,2019,17500,133700,151200
70923145663,2019,8000,7000,15000
60804106181,2019,163000,0,163000
60804209133,2019,17600,0,17600
70823105072,2019,89000,180800,269800
81033300930,2019,15500,151000,166500
70828405104,2019,0,0,0
81031404338,2019,38100,138300,176400
70833301082,2019,116700,368100,484800
70924216158,2019,3500,10000,13500
81026357112,2019,59500,322400,381900
70919409180,2019,110900,249100,360000
70823408038,2019,53000,173200,226200
70822414771,2019,23600,157800,181400
60801232012,2019,30000,104100,134100
81028118413,2019,10800,92300,103100
71014307310,2019,55700,189000,244700
70823314235,2019,224400,374500,598900
71002443027,2019,100,0,100
80924424825,2019,400,1600,2000
70814420041,2019,15200,159200,174400
71004302130,2019,49200,173600,222800
70923307130,2019,65200,242800,308000
70914411130,2019,267200,273800,541000
70823306175,2019,78100,157200,235300
60811416151,2019,75600,203500,279100
60903209183,2019,11600,119200,130800
70920306391,2019,100600,315900,416500
81030204028,2019,48200,126900,175100
70913330050,2019,200000,751000,951000
70920306333,2019,102500,347000,449500
70923154226,2019,0,7500,7500
60812327092,2019,6000,89400,95400
70821202078,2019,140000,381000,521000
71030208229,2019,105200,189900,295100
70923169217,2019,6500,18500,25000
71010312032,2019,53200,140200,193400
70833105012,2019,126000,364800,490800
70919107148,2019,125900,114700,240600
70923156743,2019,5000,10000,15000
70834201174,2019,78600,276400,355000
71005221157,2019,75400,145600,221000
81032103202,2019,26200,77800,104000
70928305056,2019,133400,185800,319200
71007118071,2019,533500,183400,716900
71002314153,2019,10400,0,10400
70816405083,2019,171700,406300,578000
71004406081,2019,57900,185600,243500
71006446316,2019,3000,35000,38000
70932205226,2019,132000,535000,667000
70922441062,2019,13200,169500,182700
70828314199,2019,89300,260100,349400
71006202073,2019,0,0,0
71006113014,2019,33400,147800,181200
70823314277,2019,162800,308100,470900
60811436050,2019,81500,210200,291700
71011212025,2019,50600,241000,291600
70918411079,2019,137000,248500,385500
70918415998,2019,9500,33800,43300
60801404091,2019,86900,164100,251000
60812313059,2019,33100,179400,212500
81031212153,2019,37600,126800,164400
70926403125,2019,80600,129400,210000
71010310060,2019,53600,150700,204300
60811415319,2019,115600,179300,294900
70929123944,2019,0,1000,1000
81033404089,2019,0,0,0
70931411361,2019,94900,147800,242700
70824206275,2019,112100,200400,312500
71007113146,2019,90400,426000,516400
81026424044,2019,100,0,100
70835113104,2019,122900,306400,429300
60906207192,2019,62000,189500,251500
70828437066,2019,0,0,0
81027208158,2019,84800,145200,230000
80936122061,2019,13800,94300,108100
71019411174,2019,9000,109800,118800
70835206222,2019,86900,278100,365000
81023304132,2019,35600,152700,188300
71009218241,2019,45900,185800,231700
71015202171,2019,44500,144500,189000
70913209023,2019,90400,208400,298800
70913434828,2019,0,3000,3000
70821109117,2019,111800,312300,424100
70929209108,2019,83800,280200,364000
70932405058,2019,0,0,0
71007102040,2019,136300,474800,611100
70813333229,2019,26300,222900,249200
70920308058,2019,99600,217400,317000
71003312031,2019,49300,152900,202200
71002406348,2019,37900,229400,267300
70913219064,2019,21500,254500,276000
71005323094,2019,126600,252500,379100
60811402217,2019,75400,187300,262700
70835120068,2019,16100,98900,115000
71035103234,2019,65000,259000,324000
71006202049,2019,91000,371500,462500
70929418155,2019,87300,209400,296700
81035105023,2019,404000,0,404000
70929212010,2019,76800,185700,262500
60811112337,2019,91800,193200,285000
81021401055,2019,51800,159600,211400
70921419135,2019,109100,300000,409100
80925409248,2019,66500,151100,217600
80924429891,2019,400,1600,2000
70933203063,2019,155900,282000,437900
80936410044,2019,73600,187200,260800
81034206038,2019,66700,166100,232800
60801419115,2019,16600,183500,200100
71005301115,2019,61900,152900,214800
71009303018,2019,63500,200800,264300
60801401146,2019,75400,135300,210700
80924413802,2019,400,1600,2000
71014201166,2019,55900,191100,247000
70934100937,2019,0,0,0
60801315024,2019,73800,206600,280400
70922441161,2019,13200,253100,266300
70828422059,2019,0,0,0
70923203106,2019,436000,4748000,5184000
70919217111,2019,85300,216200,301500
70821109018,2019,120100,286700,406800
60801316098,2019,24000,146800,170800
70923127108,2019,108800,356200,465000
70833103058,2019,129900,393600,523500
70929216153,2019,88300,230500,318800
71009403058,2019,61200,135800,197000
81032425028,2019,27500,129700,157200
70914422195,2019,476000,2407000,2883000
81035109017,2019,68900,0,68900
70823212067,2019,90800,181700,272500
80926304075,2019,71500,227800,299300
70929203069,2019,84800,217400,302200
60801303087,2019,72200,161700,233900
70926413041,2019,45600,0,45600
70923147255,2019,8000,7000,15000
70820116056,2019,127200,0,127200
70926108139,2019,78500,222700,301200
70814101295,2019,114100,245100,359200
70930101153,2019,80900,214400,295300
71011409060,2019,97800,340200,438000
70924201266,2019,397000,1152000,1549000
81034200874,2019,516000,1884000,2400000
71016109152,2019,70000,138300,208300
70821108135,2019,147300,262400,409700
70828424013,2019,0,0,0
71034103300,2019,78100,216900,295000
60803120017,2019,0,0,0
71006118270,2019,58500,292600,351100
81028121739,2019,10100,92800,102900
70920108127,2019,119100,228900,348000
70923179042,2019,0,0,0
70932305167,2019,58500,94500,153000
70921121095,2019,129100,266400,395500
81033208027,2019,37500,152300,189800
70913206079,2019,696000,423200,1119200
71022103081,2019,439000,933000,1372000
81032416085,2019,35600,139400,175000
71004304235,2019,47900,141000,188900
60811402051,2019,77600,213400,291000
70921308073,2019,111100,301700,412800
70922434140,2019,59900,184200,244100
81034108010,2019,68500,228900,297400
60803106075,2019,103200,159200,262400
70923165554,2019,59500,271900,331400
80926402134,2019,55200,123400,178600
70926116132,2019,80000,236700,316700
71016115042,2019,59100,138400,197500
70920412015,2019,134200,269800,404000
70823110352,2019,89400,304800,394200
70824309178,2019,14100,137700,151800
60802309117,2019,90000,187100,277100
80926104201,2019,54500,153000,207500
70822113076,2019,29600,326400,356000
70914421189,2019,36000,267000,303000
70913123083,2019,0,0,0
70920222076,2019,16400,133600,150000
70920217184,2019,10300,339500,349800
80926103203,2019,54000,136200,190200
70921221449,2019,116700,283900,400600
71034103178,2019,76000,187400,263400
81026360339,2019,5200,0,5200
71009403066,2019,61500,176700,238200
70931412319,2019,81200,250400,331600
60811438098,2019,20000,180000,200000
70932113297,2019,94700,166900,261600
81031205231,2019,39800,133500,173300
71006413068,2019,61000,160800,221800
81032302193,2019,37200,143800,181000
70923134038,2019,47500,148000,195500
81032424129,2019,32400,135700,168100
71016408124,2019,1310000,3310000,4620000
70923123057,2019,104600,333400,438000
70912448036,2019,9000,91300,100300
71003315051,2019,47100,142800,189900
80935103137,2019,69600,128700,198300
70836310288,2019,14900,118500,133400
70820120057,2019,100,0,100
71026402108,2019,80100,319900,400000
81034412073,2019,67200,187800,255000
71014201223,2019,56800,127300,184100
70918416087,2019,10500,102900,113400
70926303094,2019,72600,166600,239200
71006420162,2019,54000,416000,470000
70823313203,2019,16300,118000,134300
70919302079,2019,99300,232600,331900
70836405617,2019,58700,169100,227800
70835111033,2019,91800,218600,310400
71005319093,2019,109100,242900,352000
71009214075,2019,50100,140900,191000
70823114049,2019,89400,254500,343900
70833123163,2019,99900,319300,419200
70816304037,2019,168300,492100,660400
70930102010,2019,70200,179800,250000
60906109257,2019,74300,139200,213500
81026422098,2019,100,0,100
70932205151,2019,66200,195400,261600
70923170313,2019,31000,9900,40900
70920102179,2019,93900,157200,251100
70824110054,2019,255700,434000,689700
80935109119,2019,75100,219600,294700
70921118026,2019,141000,241400,382400
81030213152,2019,0,0,0
70833412110,2019,46200,248800,295000
81021109203,2019,61400,208700,270100
71016201205,2019,62800,162200,225000
71014400958,2019,0,0,0
70931405033,2019,93600,144300,237900
71007242200,2019,9300,162500,171800
70913403063,2019,91100,200000,291100
70829108096,2019,90100,233600,323700
81021107017,2019,61100,186100,247200
60801212197,2019,80100,148000,228100
71034107120,2019,56500,206200,262700
71011211126,2019,54300,182900,237200
81026357138,2019,3900,0,3900
81031419204,2019,37600,134300,171900
81032409212,2019,39800,189700,229500
70913354547,2019,0,2500,2500
71005317089,2019,63800,241600,305400
71005402278,2019,41400,107900,149300
70935206255,2019,43100,79100,122200
70918401351,2019,461500,878500,1340000
70923156553,2019,5000,10000,15000
70836216585,2019,5400,97000,102400
70929405029,2019,100400,241800,342200
81034107541,2019,96300,255300,351600
71005320107,2019,109100,297400,406500
70920222216,2019,16400,127700,144100
71009226129,2019,62000,0,62000
70932107175,2019,178900,261500,440400
80924308037,2019,68600,211300,279900
70932109212,2019,193400,494600,688000
70907301025,2019,127000,315200,442200
71007228341,2019,83600,169500,253100
70931408186,2019,69500,134900,204400
71006408069,2019,68000,264200,332200
70922319178,2019,145600,466600,612200
81032415136,2019,42000,308000,350000
71034101122,2019,79300,147900,227200
70928313025,2019,162100,344900,507000
71016104037,2019,63300,125900,189200
70935103154,2019,44500,82200,126700
80925117742,2019,800,1200,2000
70836301013,2019,61100,143800,204900
71009410053,2019,65200,149100,214300
70935301055,2019,66200,310800,377000
70928307135,2019,116800,215800,332600
71011125228,2019,56500,259000,315500
71010314228,2019,56700,183300,240000
71035125329,2019,11800,291200,303000
70932303153,2019,75600,182800,258400
80926103055,2019,54000,156900,210900
71016205108,2019,63600,234200,297800
71002445015,2019,100,0,100
70922226068,2019,293000,780400,1073400
70932114120,2019,236500,301300,537800
71007221072,2019,115900,257100,373000
70833205606,2019,29300,259000,288300
70833302353,2019,188100,427400,615500
70824415355,2019,13900,91900,105800
80924440912,2019,400,1600,2000
60802100888,2019,0,0,0
60812313182,2019,33100,186600,219700
81023308241,2019,35600,113600,149200
71001104042,2019,68000,189100,257100
70919220031,2019,96800,206800,303600
81034415069,2019,69400,226600,296000
60812104044,2019,76000,193600,269600
70912405317,2019,98100,141200,239300
71027417073,2019,0,0,0
60812123078,2019,96800,267300,364100
70929416125,2019,124400,233100,357500
71006419016,2019,61400,195100,256500
70826420790,2019,0,4000,4000
70926416160,2019,44400,58600,103000
81026355249,2019,11200,0,11200
70913353177,2019,37100,164000,201100
70922321107,2019,151400,293800,445200
60802421078,2019,0,0,0
70928302250,2019,91100,183900,275000
81032402042,2019,314500,479600,794100
70919211056,2019,91500,156200,247700
70833202157,2019,100800,185300,286100
70816408243,2019,215100,407100,622200
70914406256,2019,198000,376000,574000
70814207275,2019,87600,248400,336000
71016103071,2019,63500,146800,210300
71007223010,2019,85600,285500,371100
71007216106,2019,87400,192600,280000
70815309096,2019,63400,379100,442500
71006305322,2019,61400,190500,251900
70923220085,2019,219000,1000,220000
80936407166,2019,71600,166000,237600
70923179183,2019,65500,0,65500
70836226021,2019,31200,163800,195000
71003402064,2019,71200,232000,303200
71006111208,2019,69200,173100,242300
70826417309,2019,21500,124300,145800
81032307010,2019,0,0,0
71005218063,2019,72000,124400,196400
60903206270,2019,79300,163100,242400
70919405295,2019,111400,211700,323100
60803101231,2019,106100,214300,320400
70816322386,2019,17300,226100,243400
70931210060,2019,78000,257300,335300
70930305010,2019,297000,108000,405000
70821405028,2019,91900,336600,428500
70823208090,2019,123500,343900,467400
71005205169,2019,60200,121000,181200
71003101210,2019,66800,182900,249700
70833413027,2019,44700,428700,473400
70929105207,2019,105700,192900,298600
70828305073,2019,71000,299000,370000
60812111297,2019,78500,228400,306900
71011108026,2019,30000,208400,238400
70933206025,2019,206700,450800,657500
71005109121,2019,57000,868000,925000
71011127034,2019,75500,372000,447500
60906204065,2019,93000,197000,290000
60906202192,2019,60100,134200,194300
80925406096,2019,56300,133600,189900
80926304091,2019,73000,240300,313300
70913337072,2019,66900,215100,282000
81027109041,2019,36700,112100,148800
60801419074,2019,16600,185100,201700
60801112280,2019,61200,228800,290000
70921114256,2019,111100,353200,464300
70922307066,2019,102300,364000,466300
70824206051,2019,107500,254800,362300
71016112303,2019,64400,129600,194000
70931104130,2019,145500,211600,357100
70921113117,2019,124400,295800,420200
71007117023,2019,54200,115800,170000
60901201305,2019,60900,162300,223200
71005402070,2019,39100,95300,134400
70822108051,2019,49000,181600,230600
71006414173,2019,125500,872500,998000
80925402151,2019,66100,173700,239800
71020305051,2019,78900,133600,212500
70836228019,2019,30700,163300,194000
71019406018,2019,87300,0,87300
70929223257,2019,85900,176700,262600
70913353036,2019,42800,192200,235000
60811114151,2019,111000,260500,371500
70934309266,2019,15700,108000,123700
71007303094,2019,115300,273800,389100
70823212091,2019,87600,171300,258900
70930305086,2019,680500,294500,975000
80936102021,2019,8900,97200,106100
70918205050,2019,123200,359700,482900
60801302253,2019,71400,201600,273000
70823209105,2019,124200,245300,369500
71035102153,2019,71800,274600,346400
70922405357,2019,127800,197600,325400
70826211280,2019,10000,50000,60000
71007110100,2019,106000,544000,650000
71007112304,2019,87900,321100,409000
70923168623,2019,3400,13800,17200
70921411206,2019,151300,454200,605500
70822407023,2019,122000,301400,423400
70920219677,2019,0,0,0
60904101304,2019,82600,180500,263100
71011204121,2019,35200,206500,241700
60812304264,2019,73800,193900,267700
70914420355,2019,92800,374600,467400
71005228070,2019,47100,104400,151500
70932308046,2019,0,0,0
70835122923,2019,6500,71000,77500
60802409131,2019,64000,175400,239400
60811112022,2019,0,0,0
70828117022,2019,82700,188400,271100
70923167807,2019,6500,18500,25000
70928307060,2019,91100,274100,365200
71009219059,2019,45100,155100,200200
70826405106,2019,0,0,0
60904111030,2019,78900,160900,239800
71012206077,2019,63100,246000,309100
71026103045,2019,240000,0,240000
71007214150,2019,160900,199900,360800
60801409140,2019,68900,202200,271100
70932409224,2019,79800,164300,244100
80925105028,2019,50800,141500,192300
70926407060,2019,57000,196000,253000
70930409218,2019,70600,195900,266500
71010208124,2019,53200,203900,257100
60803118062,2019,25300,218100,243400
71005334158,2019,109100,336900,446000
71003313229,2019,49300,144100,193400
71010404251,2019,59700,175000,234700
81028103076,2019,58600,188200,246800
81034406224,2019,63900,191700,255600
60801201330,2019,67400,165100,232500
70925205118,2019,76300,223700,300000
71006208047,2019,513100,795900,1309000
80936209174,2019,63900,107600,171500
80925109137,2019,57400,119700,177100
70826419967,2019,0,4000,4000
60802303044,2019,127500,176200,303700
70834215068,2019,86900,323100,410000
70835108246,2019,188300,481700,670000
71009309024,2019,68400,126600,195000
81032409072,2019,36300,194800,231100
80925113104,2019,12600,198300,210900
70834404083,2019,99700,141600,241300
60801105037,2019,64300,201800,266100
81026206228,2019,5700,0,5700
71006104063,2019,55400,171000,226400
60801120085,2019,93200,190400,283600
70918315122,2019,21400,165400,186800
71007225082,2019,99200,124000,223200
70836313018,2019,15700,174700,190400
70921221358,2019,183000,385500,568500
71006404108,2019,105400,0,105400
70823413251,2019,34800,189500,224300
71011403062,2019,73700,214000,287700
70912429044,2019,9000,91300,100300
70835107313,2019,194900,469900,664800
60906107186,2019,68300,200700,269000
70913320134,2019,0,0,0
70935305239,2019,28000,87000,115000
71004404217,2019,47400,170600,218000
70826422184,2019,0,4000,4000
60804106066,2019,171900,388100,560000
81031300990,2019,1695600,46400,1742000
70931307031,2019,99000,189900,288900
70835201115,2019,132900,340300,473200
81034409187,2019,66900,158400,225300
70829108153,2019,77400,249600,327000
70929106213,2019,84100,169800,253900
70932114039,2019,178900,323300,502200
71005315067,2019,68000,233000,301000
71005222147,2019,72400,204600,277000
70834214622,2019,40800,416000,456800
70824306075,2019,91900,256600,348500
81034406133,2019,59800,152300,212100
70914436401,2019,54900,390300,445200
70923413755,2019,0,5000,5000
81030216049,2019,0,0,0
71009315104,2019,68800,161600,230400
70919225031,2019,114700,130900,245600
81028102101,2019,59000,163600,222600
60801225166,2019,15000,132300,147300
70920301028,2019,132200,389100,521300
70922320290,2019,121400,383000,504400
71001317033,2019,66200,245700,311900
71019411182,2019,9000,109800,118800
60901202139,2019,60500,140500,201000
71021114013,2019,0,0,0
71003204080,2019,53100,143600,196700
70835307369,2019,78700,186100,264800
70920306317,2019,102400,194800,297200
71007316211,2019,33300,230200,263500
71015115069,2019,39100,192700,231800
71009223208,2019,35900,60000,95900
70913354331,2019,0,15000,15000
80936104019,2019,14900,106300,121200
70826206116,2019,319000,282000,601000
70923162013,2019,8000,7000,15000
81032308159,2019,49400,193900,243300
70923142700,2019,44900,167000,211900
60802415047,2019,82000,333000,415000
60802413562,2019,63600,168200,231800
70930408228,2019,77200,184100,261300
81031216139,2019,43600,223100,266700
70922203024,2019,113200,260600,373800
60801407160,2019,75600,180800,256400
60812111057,2019,75000,175500,250500
80925109187,2019,52000,132400,184400
71015101307,2019,78200,114400,192600
70929212044,2019,96400,249200,345600
60801225132,2019,15000,131900,146900
70929105190,2019,103600,249000,352600
80924419024,2019,9600,168900,178500
70835108139,2019,239600,433700,673300
71019406133,2019,82700,149600,232300
80925408240,2019,59500,133600,193100
71006424065,2019,31200,184400,215600
80924411070,2019,8000,135700,143700
70923179208,2019,65500,0,65500
71006114228,2019,38700,239800,278500
71006423281,2019,60100,122800,182900
71009204258,2019,45100,144600,189700
71010105023,2019,55600,190900,246500
70928220113,2019,88300,337000,425300
70913429142,2019,15400,241500,256900
71010301027,2019,70000,545000,615000
60801114070,2019,56200,132700,188900
70926102280,2019,82100,209800,291900
60812330194,2019,0,5000,5000
70829419146,2019,10900,0,10900
70813309262,2019,98900,204900,303800
60804209117,2019,17600,0,17600
71006105087,2019,62800,257500,320300
70936302242,2019,0,0,0
60801212220,2019,72100,177000,249100
81034207177,2019,88000,847000,935000
70913213181,2019,136200,185400,321600
71006104047,2019,55400,159900,215300
81028110170,2019,50100,143700,193800
70922320117,2019,137000,503300,640300
70923168227,2019,6500,13500,20000
70836109152,2019,194100,267500,461600
70823407189,2019,62100,414200,476300
71001319188,2019,66800,155500,222300
71005310132,2019,52000,197700,249700
71007211023,2019,185000,1000,186000
70826310230,2019,122900,347300,470200
70833210142,2019,114900,345100,460000
70823303105,2019,86300,217000,303300
60811416193,2019,86500,235400,321900
71015115184,2019,53100,154400,207500
80924437943,2019,400,1600,2000
71001205022,2019,800,0,800
71021225050,2019,109800,211900,321700
71006120035,2019,49400,178900,228300
70918416095,2019,9500,33800,43300
71016112080,2019,54900,90200,145100
70923174555,2019,3300,11700,15000
81030307096,2019,61700,161000,222700
60803105150,2019,103200,184300,287500
60801234224,2019,15000,151800,166800
80925111116,2019,56800,127600,184400
71005338126,2019,109100,248800,357900
70923163805,2019,44900,185100,230000
71035103135,2019,79900,424900,504800
70929420142,2019,141700,381300,523000
71015205042,2019,63500,183500,247000
70919410195,2019,109300,312700,422000
70936410095,2019,58900,174200,233100
70828413131,2019,0,0,0
81034110073,2019,66600,168700,235300
71029100981,2019,0,0,0
70823121341,2019,20000,103200,123200
70922430180,2019,121600,333700,455300
71003410041,2019,49300,208200,257500
70913203083,2019,102200,75200,177400
60801204029,2019,63900,154000,217900
70919411143,2019,107000,220000,327000
70923146538,2019,8000,7000,15000
71002316084,2019,2700,0,2700
70836120116,2019,126100,382700,508800
70835304026,2019,78200,183800,262000
81023310212,2019,35600,89100,124700
70828414022,2019,0,0,0
81032301111,2019,0,0,0
70929110074,2019,89900,250000,339900
71004406057,2019,46800,167100,213900
71003419043,2019,44300,174200,218500
70920107252,2019,119100,187900,307000
80925308135,2019,76800,117800,194600
81030306189,2019,69200,149200,218400
60904103045,2019,80200,185500,265700
60812306202,2019,77400,221100,298500
70835117023,2019,12400,105600,118000
81023304223,2019,35600,151700,187300
70913347576,2019,3200,19800,23000
70912435033,2019,9000,99300,108300
60903209018,2019,11600,118300,129900
80924404926,2019,400,1600,2000
70919401037,2019,97200,231200,328400
70923150836,2019,128800,1096200,1225000
80924101233,2019,87300,307300,394600
81021407186,2019,60200,206300,266500
71007220058,2019,110400,206400,316800
80924404116,2019,8200,119200,127400
70918415732,2019,10500,51700,62200
81026355116,2019,5200,0,5200
70929306160,2019,92400,287200,379600
81021304077,2019,50400,198300,248700
80925410146,2019,51600,156900,208500
71023401088,2019,40400,0,40400
71004311082,2019,54100,127600,181700
71005214201,2019,83500,123000,206500
71006118072,2019,63900,195800,259700
80925204119,2019,54700,127800,182500
60812108070,2019,76900,200400,277300
70922432029,2019,128500,330600,459100
81032423064,2019,31800,109500,141300
70931304061,2019,99000,186700,285700
71005337144,2019,94100,193000,287100
70932401056,2019,141100,233200,374300
70913401108,2019,137900,160100,298000
81035113068,2019,100,0,100
81027104025,2019,631000,4054000,4685000
81032418031,2019,39300,116700,156000
70928107163,2019,108400,336100,444500
70923143576,2019,44900,179600,224500
80924302104,2019,54200,283500,337700
60801306015,2019,73300,145900,219200
60901202395,2019,60200,146700,206900
70836115018,2019,72900,202800,275700
71015111314,2019,48700,201100,249800
71006115060,2019,63800,231200,295000
70823118356,2019,12800,93600,106400
81031204126,2019,39900,141700,181600
70914410075,2019,668000,598000,1266000
71006306023,2019,32000,236200,268200
60801226213,2019,16200,158400,174600
81035112119,2019,100,0,100
81029400827,2019,0,0,0
71027411249,2019,0,0,0
70828316260,2019,100,0,100
71006313218,2019,24000,182000,206000
80936203100,2019,76600,211000,287600
70813403254,2019,204200,485400,689600
71021113875,2019,0,1000,1000
71011111102,2019,0,0,0
80924418141,2019,8600,157800,166400
70835317087,2019,98600,189400,288000
71005409232,2019,41800,150300,192100
71021203072,2019,60500,164500,225000
70923132313,2019,129400,133500,262900
70913326174,2019,628000,967900,1595900
70825208022,2019,42000,77000,119000
71011207026,2019,37000,188400,225400
71003205103,2019,53100,159700,212800
81023308100,2019,35600,100100,135700
60811427075,2019,98800,201900,300700
60811403108,2019,80000,198700,278700
70931405059,2019,97200,202400,299600
81027401059,2019,1276900,0,1276900
70833119188,2019,98600,321600,420200
70928318041,2019,149200,513000,662200
71014207106,2019,61300,157500,218800
71012206134,2019,62400,241900,304300
81021419016,2019,30000,103900,133900
70820109241,2019,100,0,100
70826416971,2019,21500,126700,148200
60802313051,2019,103400,266400,369800
70921301176,2019,93700,152400,246100
70929223314,2019,95200,215300,310500
60812407076,2019,77100,219300,296400
81030310057,2019,59600,177400,237000
70928209240,2019,97800,145600,243400
71009104044,2019,54100,167800,221900
70913125401,2019,61000,145600,206600
71006417028,2019,106200,248300,354500
70835317144,2019,106200,178100,284300
71003418087,2019,45800,149200,195000
70828118129,2019,32000,255000,287000
71010110246,2019,54200,211600,265800
70814410050,2019,90400,186300,276700
71011118124,2019,30500,234500,265000
71014107124,2019,9600,191800,201400
70922317081,2019,99000,276000,375000
71006308160,2019,69200,185800,255000
70929303033,2019,85000,188800,273800
60903207236,2019,90300,266000,356300
80925109038,2019,54900,176200,231100
70933204334,2019,196500,546300,742800
70836122021,2019,132300,436800,569100
71001336033,2019,28600,249400,278000
60811206015,2019,100800,310600,411400
71007304042,2019,92900,216000,308900
80925220173,2019,54500,149900,204400
70912404484,2019,134900,290100,425000
70913109033,2019,85900,296600,382500
71003320224,2019,48300,153900,202200
60802303060,2019,110000,229600,339600
71015201115,2019,66400,122200,188600
70923411593,2019,25700,127800,153500
70921407148,2019,142900,535100,678000
71010207499,2019,0,0,0
71004405033,2019,44400,184000,228400
70923167253,2019,3400,13800,17200
70931403178,2019,103100,233800,336900
81034413055,2019,67800,172200,240000
70929307118,2019,107400,232800,340200
81033301128,2019,41700,139400,181100
60811404073,2019,81400,185700,267100
70834428314,2019,20300,171200,191500
60812106256,2019,80100,172900,253000
80924414040,2019,23100,239300,262400
70834212072,2019,77600,233900,311500
81030202030,2019,0,0,0
81034401175,2019,50400,187400,237800
70923146330,2019,8000,7000,15000
81033306227,2019,85500,306200,391700
71006128170,2019,44400,164300,208700
60803104235,2019,103200,220400,323600
70913103233,2019,100500,108500,209000
60812207187,2019,75000,167200,242200
70834427621,2019,0,5000,5000
71005335057,2019,84900,376600,461500
70913330208,2019,1436000,5000,1441000
70930207026,2019,428000,0,428000
81022202056,2019,970000,2200000,3170000
70920416257,2019,122500,124100,246600
81022306238,2019,8000,66700,74700
70814426049,2019,87500,272500,360000
60906208306,2019,56700,170100,226800
71035120014,2019,61600,228400,290000
71010205170,2019,58700,159300,218000
70935205017,2019,40900,134500,175400
60801226304,2019,16200,157300,173500
70920305244,2019,120100,206100,326200
71015201420,2019,46000,224500,270500
70931407196,2019,76600,109400,186000
81034205270,2019,0,0,0
81034408296,2019,67400,200200,267600
71028300996,2019,0,0,0
70822116046,2019,29600,312400,342000
70929114050,2019,89800,201300,291100
70823307024,2019,80100,168200,248300
70930102086,2019,86000,282000,368000
70923124237,2019,83000,238800,321800
70835208137,2019,87800,191200,279000
71001407058,2019,57200,163400,220600
70926104195,2019,207400,58500,265900
71010403120,2019,57000,155600,212600
70813328139,2019,134300,414000,548300
70918321202,2019,0,2000,2000
70821201088,2019,500,0,500
70928201189,2019,103100,296700,399800
70834309126,2019,29000,0,29000
60812103286,2019,0,0,0
60803106281,2019,103200,211600,314800
70932210150,2019,22600,89300,111900
71007219019,2019,126400,327700,454100
70901113012,2019,7400,56600,64000
70922404028,2019,109400,267300,376700
70814407057,2019,87100,231300,318400
71015119285,2019,45200,166400,211600
60812323157,2019,28500,169100,197600
60802105177,2019,69800,149600,219400
70920216186,2019,10300,254700,265000
71011108133,2019,30000,231700,261700
60801234133,2019,15000,143000,158000
70935114028,2019,49400,120600,170000
80926402077,2019,52000,136300,188300
60801409067,2019,74000,212300,286300
80924408762,2019,400,1600,2000
70922432095,2019,90000,340000,430000
70928201022,2019,99000,123000,222000
71012220069,2019,19300,158800,178100
81031411028,2019,13600,78800,92400
60801117058,2019,66700,163800,230500
71005402187,2019,39100,168700,207800
60812108020,2019,84700,208200,292900
70922336099,2019,146700,488300,635000
71007106042,2019,92800,254600,347400
71021103115,2019,56500,168600,225100
80924403150,2019,8200,135400,143600
80925115051,2019,13500,198400,211900
81030102040,2019,67000,143000,210000
71007206131,2019,52100,287900,340000
70826410345,2019,72700,187300,260000
80925120852,2019,800,1200,2000
70824303063,2019,103100,192300,295400
70901112098,2019,0,0,0
70929416133,2019,124400,236400,360800
80936117062,2019,13800,102900,116700
70929221061,2019,87900,176500,264400
80924401229,2019,20700,168000,188700
60812304298,2019,74900,241300,316200
71005409076,2019,41900,99600,141500
71005408036,2019,44000,172700,216700
80924411103,2019,8000,133800,141800
70825209012,2019,30000,78000,108000
71010108308,2019,54200,178600,232800
81028119726,2019,8700,66000,74700
70931102069,2019,150300,133600,283900
80935105109,2019,57400,202700,260100
70920218497,2019,400,14600,15000
60812328769,2019,0,1000,1000
81026365115,2019,100,0,100
70921420067,2019,109300,344200,453500
71020305069,2019,78300,114300,192600
70923145118,2019,8000,7000,15000
81023209473,2019,0,1200,1200
70828116058,2019,82100,156300,238400
70914438100,2019,1100,5900,7000
70928209133,2019,97800,377000,474800
70923319060,2019,187700,269800,457500
70918212047,2019,110600,129800,240400
70826406104,2019,71500,155400,226900
70920107012,2019,114400,161600,276000
70835319075,2019,90600,321800,412400
70929121063,2019,98500,211100,309600
70826413084,2019,8400,62600,71000
80925124036,2019,12200,276100,288300
70913317082,2019,0,0,0
80924445871,2019,400,1600,2000
70931308013,2019,105800,209500,315300
81023307079,2019,35600,171600,207200
70920408494,2019,129500,238500,368000
70921205071,2019,71900,229700,301600
71007216015,2019,175000,204100,379100
70923140647,2019,1500,21500,23000
70827403042,2019,0,0,0
71007202171,2019,86700,179000,265700
70928117097,2019,126600,154600,281200
70922306076,2019,102600,238900,341500
60903208169,2019,14900,103000,117900
70929302126,2019,85000,225000,310000
60804103020,2019,88700,320300,409000
60801234274,2019,15000,143000,158000
60802115457,2019,20500,117600,138100
70930408129,2019,89100,186600,275700
81028114031,2019,57100,128100,185200
70919211105,2019,91500,186800,278300
81028118702,2019,0,0,0
71021206084,2019,58600,156700,215300
71005336162,2019,101100,245500,346600
60903209175,2019,11600,121400,133000
70929417016,2019,90500,219400,309900
71001310029,2019,0,0,0
70833401163,2019,226000,546500,772500
71014215729,2019,7800,131000,138800
81021412226,2019,52600,149800,202400
70920219479,2019,0,0,0
70836412208,2019,0,0,0
81023306138,2019,35600,113600,149200
81027400994,2019,0,0,0
70901105043,2019,77400,164400,241800
70828307079,2019,54000,255900,309900
70814307025,2019,0,0,0
70821112110,2019,115000,342000,457000
81019304203,2019,64700,163600,228300
70923164449,2019,44900,305400,350300
70923159078,2019,8000,7000,15000
70826419769,2019,0,4000,4000
80924416062,2019,9400,139700,149100
71014120043,2019,66600,101400,168000
70824204336,2019,97200,144000,241200
70824207041,2019,115900,202300,318200
80926402051,2019,48900,123500,172400
71006108198,2019,67200,79700,146900
70824304136,2019,107500,179500,287000
70834419016,2019,27500,175900,203400
71005222212,2019,63800,184900,248700
81027111012,2019,36700,104900,141600
80935106876,2019,78400,278600,357000
80924436078,2019,10600,187900,198500
71004306041,2019,52800,151500,204300
71015302054,2019,114000,516300,630300
81034330035,2019,24700,104400,129100
71034105512,2019,61800,183700,245500
60804204092,2019,79300,0,79300
60801120118,2019,70900,165600,236500
70923310034,2019,120100,321900,442000
70813320341,2019,14600,98800,113400
71010403055,2019,55700,162900,218600
70921407106,2019,142900,415900,558800
81034306119,2019,48000,155400,203400
70922410017,2019,171200,172500,343700
70913436030,2019,282600,5877400,6160000
80925409058,2019,45700,162600,208300
70926202105,2019,177000,334300,511300
70914410132,2019,385000,1581000,1966000
70835318118,2019,94800,348100,442900
70835107347,2019,0,0,0
80925302096,2019,55300,113200,168500
70929106057,2019,103600,151800,255400
70913354109,2019,0,15000,15000
70913434034,2019,0,18000,18000
70836313430,2019,15700,161300,177000
70935113187,2019,49400,120600,170000
70828419048,2019,0,0,0
60801208112,2019,71000,299000,370000
70935103021,2019,45300,191800,237100
60812405286,2019,75900,185500,261400
80925415914,2019,1023000,7727000,8750000
71001318065,2019,64500,182300,246800
70923413292,2019,1700,16300,18000
70814403295,2019,106300,246700,353000
70932401139,2019,177400,241200,418600
70923202033,2019,221000,1350000,1571000
70813109018,2019,133200,559300,692500
71006401071,2019,54100,228600,282700
60802314041,2019,96500,242500,339000
60801225067,2019,15000,139100,154100
60902202146,2019,453600,987300,1440900
70919214109,2019,89000,118400,207400
70816323095,2019,205100,508300,713400
70923163152,2019,44900,175500,220400
70820114042,2019,132000,0,132000
71021203171,2019,59200,146800,206000
71007223242,2019,95200,274500,369700
70825202165,2019,286000,704000,990000
70932107191,2019,0,0,0
71005308103,2019,57200,149200,206400
70829418031,2019,12400,0,12400
71013203105,2019,59100,39700,98800
70929418220,2019,92800,281200,374000
71006430195,2019,110500,319600,430100
71006123071,2019,44600,170900,215500
70919405162,2019,101300,247100,348400
60802417192,2019,70300,195000,265300
81014201016,2019,0,0,0
71003419308,2019,51600,154700,206300
81031405047,2019,36700,121800,158500
71005302113,2019,51700,107100,158800
70922425066,2019,112200,281500,393700
80924426920,2019,400,1600,2000
70836412167,2019,69700,166600,236300
70834207130,2019,75200,244700,319900
60811103013,2019,100400,233200,333600
71021222212,2019,68800,227600,296400
70813304147,2019,93800,243800,337600
60803116123,2019,138300,276500,414800
71015215132,2019,23000,283900,306900
70827302012,2019,0,0,0
80925211164,2019,55700,155500,211200
70918307088,2019,75400,171900,247300
71005408119,2019,52400,101900,154300
70931302122,2019,124700,134700,259400
70921104025,2019,81900,205900,287800
80926111066,2019,59200,123600,182800
70833103032,2019,129900,429100,559000
70934302038,2019,132000,284000,416000
70929224130,2019,86100,218000,304100
70901113195,2019,18400,105600,124000
70829112104,2019,78800,368800,447600
71014306031,2019,57600,170900,228500
71001306151,2019,595000,5422000,6017000
81032308240,2019,41400,136700,178100
60801419040,2019,16600,183100,199700
60811439335,2019,20000,189300,209300
80926108047,2019,50800,129100,179900
70912423062,2019,9000,91300,100300
71010306043,2019,56300,159800,216100
70828432024,2019,0,0,0
71005341129,2019,183200,333300,516500
71015211198,2019,0,0,0
70913214030,2019,91500,322900,414400
70923156777,2019,5000,10000,15000
70929412107,2019,73900,194700,268600
71010205063,2019,61500,177200,238700
70824404126,2019,113600,389500,503100
70825306024,2019,0,0,0
71003201044,2019,53100,159300,212400
70923161271,2019,8000,7000,15000
71020307156,2019,10300,107200,117500
70821213033,2019,121000,0,121000
81023209241,2019,0,1200,1200
71011116087,2019,71100,210300,281400
60812109276,2019,84200,195600,279800
70922437235,2019,77200,313400,390600
70923408243,2019,55000,128700,183700
70922402056,2019,325000,30000,355000
70920404228,2019,114400,123900,238300
70926228036,2019,0,0,0
70824301223,2019,112100,253700,365800
81021106069,2019,61000,171400,232400
70923105055,2019,71500,184900,256400
80925113881,2019,800,1200,2000
80925218095,2019,48500,182300,230800
70923171072,2019,2100,1500,3600
71015405155,2019,54100,203800,257900
71007215182,2019,89500,359400,448900
80925414015,2019,48500,130200,178700
70919226055,2019,111700,169000,280700
71014216371,2019,7500,124500,132000
70913224021,2019,196800,125700,322500
60812112138,2019,74400,194000,268400
71016110216,2019,65000,114500,179500
70833107117,2019,63200,263800,327000
81034406084,2019,60000,180700,240700
81033308207,2019,6300,64800,71100
70920217788,2019,400,14600,15000
70835122014,2019,6500,78300,84800
71022302956,2019,30500,93000,123500
81026425125,2019,100,0,100
71006440136,2019,18700,153800,172500
70824407047,2019,105700,234600,340300
70922101070,2019,0,0,0
70833301115,2019,116700,399000,515700
70826407037,2019,69700,174800,244500
70913350610,2019,0,15000,15000
71010408013,2019,52600,154100,206700
70932407137,2019,77000,124600,201600
80936121089,2019,14900,98900,113800
70826418399,2019,21200,80800,102000
70824218098,2019,151300,272100,423400
60801121158,2019,0,0,0
80924443726,2019,400,1600,2000
71015102040,2019,66100,208500,274600
70933405099,2019,82900,166800,249700
80935106248,2019,77800,240900,318700
70813332049,2019,55500,251500,307000
71011120038,2019,48600,237200,285800
71003213114,2019,57300,165300,222600
71016204035,2019,67600,133800,201400
70936312035,2019,29000,103900,132900
71016207295,2019,71400,130700,202100
80925114889,2019,800,1200,2000
70825202256,2019,121000,494000,615000
70921408196,2019,142900,414400,557300
70933204011,2019,154600,412800,567400
81031229158,2019,38500,104200,142700
80924421912,2019,400,1600,2000
70920219370,2019,0,0,0
70913311357,2019,89200,109000,198200
80926103120,2019,50900,216500,267400
71035101030,2019,72000,251300,323300
80926115034,2019,21200,138700,159900
70919222160,2019,101300,144400,245700
70835124672,2019,500,1500,2000
71015119269,2019,47500,139700,187200
70932102076,2019,131700,338400,470100
70829407084,2019,8600,0,8600
70826419983,2019,0,4000,4000
70921307033,2019,164000,343800,507800
70824410199,2019,104400,192500,296900
70922327030,2019,145600,450300,595900
81023204035,2019,107600,0,107600
70923148211,2019,4200,800,5000
70922414150,2019,88300,165800,254100
70920409129,2019,129500,219700,349200
70823205062,2019,18100,249700,267800
71006115185,2019,47200,162600,209800
71010114131,2019,57400,210800,268200
81031419121,2019,35500,184700,220200
70923126069,2019,77400,236300,313700
80924437076,2019,13300,230600,243900
70920221135,2019,0,2200,2200
71006426045,2019,32000,36000,68000
70836307029,2019,77900,205100,283000
60801408259,2019,67600,170700,238300
60812328644,2019,0,1000,1000
81022403050,2019,528500,716500,1245000
70828118153,2019,29500,254500,284000
81034401141,2019,62200,168700,230900
71021113156,2019,15100,90900,106000
71021222288,2019,69600,203000,272600
71034107047,2019,56200,192400,248600
71009208052,2019,49200,113300,162500
70924219889,2019,0,25000,25000
71005326113,2019,104100,285100,389200
80924401253,2019,22800,162500,185300
71010209172,2019,54000,149700,203700
70933304019,2019,0,0,0
71015106068,2019,61100,134700,195800
70931310068,2019,99000,171300,270300
70826412432,2019,10000,75300,85300
71005221165,2019,63800,233900,297700
71006301081,2019,0,0,0
71007101183,2019,121800,396500,518300
70923411080,2019,35200,360300,395500
60801207213,2019,70000,202800,272800
70816314151,2019,125700,234300,360000
70820103053,2019,100,0,100
71001409054,2019,57200,181700,238900
70924201307,2019,75400,231200,306600
70929210064,2019,81400,170100,251500
70922217091,2019,259900,648300,908200
80926207097,2019,64100,212300,276400
60801308186,2019,71800,147500,219300
70828444102,2019,0,0,0
60811406152,2019,81700,164600,246300
70921414010,2019,158500,374800,533300
71014214028,2019,8100,122500,130600
70921214303,2019,116200,134700,250900
70922334085,2019,136900,228100,365000
60812307119,2019,75200,213000,288200
71009222127,2019,45900,190800,236700
70932202058,2019,98500,138600,237100
70928107105,2019,108400,403000,511400
71006118121,2019,28700,210000,238700
70920217019,2019,10700,358200,368900
70921125261,2019,121400,146400,267800
60812119176,2019,20700,175200,195900
71011108167,2019,30000,234900,264900
70932419067,2019,151000,318000,469000
81021103065,2019,62300,202400,264700
80925401012,2019,53000,132600,185600
81033204207,2019,42800,139700,182500
81032414063,2019,44600,116100,160700
60801312096,2019,73200,217000,290200
71003416114,2019,48400,194600,243000
70936403248,2019,64300,114800,179100
70824206027,2019,112100,349900,462000
70923309194,2019,119000,181600,300600
70824415024,2019,14600,107800,122400
71005309193,2019,65100,202900,268000
60904110024,2019,101100,266400,367500
70828424039,2019,0,0,0
70923145407,2019,8000,7000,15000
70836409198,2019,90000,200000,290000
70932103602,2019,145400,364600,510000
70920420422,2019,140700,145700,286400
71005307056,2019,65100,210700,275800
70923126366,2019,129400,213700,343100
70913114248,2019,83600,120800,204400
71010209130,2019,54000,162000,216000
70935306021,2019,39300,237200,276500
70926103072,2019,77500,106200,183700
70829103070,2019,56200,244300,300500
60801307211,2019,80100,219700,299800
70919208029,2019,80000,212100,292100
81031419220,2019,38200,88000,126200
71014215670,2019,7800,102100,109900
70923132222,2019,112100,637900,750000
70828405063,2019,0,0,0
70824303039,2019,96200,257100,353300
71005109139,2019,40700,149500,190200
81016302044,2019,0,0,0
60904101354,2019,82500,206700,289200
70834214200,2019,26000,0,26000
70813403171,2019,318000,512400,830400
80924440657,2019,400,3100,3500
71005214053,2019,48500,86000,134500
60802408159,2019,73700,142600,216300
70822414268,2019,17400,133800,151200
70822414846,2019,15800,127200,143000
70918410138,2019,132700,153900,286600
70826210034,2019,0,0,0
71035124024,2019,64800,249600,314400
80925118154,2019,12900,213800,226700
80926113179,2019,52400,167700,220100
70834418068,2019,20300,119100,139400
60904109176,2019,96000,304000,400000
71010402049,2019,73200,171100,244300
70922214055,2019,143300,200800,344100
60811438056,2019,20000,183500,203500
70920413013,2019,122500,150500,273000
60811422017,2019,80300,227700,308000
81019301043,2019,61300,148300,209600
70922323012,2019,231000,242000,473000
71011212041,2019,50600,229700,280300
81021407029,2019,51700,237200,288900
60803115159,2019,93200,345400,438600
60812405608,2019,88200,202600,290800
70835315015,2019,51900,302800,354700
70921417387,2019,151400,292200,443600
60802115291,2019,20500,120300,140800
70930413079,2019,75600,242500,318100
71015201024,2019,62300,122800,185100
60811114218,2019,119300,207200,326500
60801226247,2019,16200,176600,192800
80936104069,2019,13800,99200,113000
71007303276,2019,104300,423700,528000
70824311230,2019,14100,136300,150400
71009104094,2019,54100,137400,191500
71003203016,2019,53100,192900,246000
81028101070,2019,59000,177000,236000
60801101077,2019,69700,173200,242900
70924214061,2019,71300,885700,957000
70813314146,2019,11300,204700,216000
81034415077,2019,65500,178100,243600
81021310024,2019,20600,91500,112100
71030214010,2019,0,0,0
60905208050,2019,396000,528000,924000
71009411126,2019,65000,137700,202700
60803120025,2019,0,0,0
70833211033,2019,109900,307100,417000
70913115014,2019,0,0,0
70923164580,2019,44900,619100,664000
71007239017,2019,0,0,0
71010407180,2019,52400,170100,222500
70920403098,2019,114400,240600,355000
70836110050,2019,77100,219300,296400
81032408123,2019,39700,147200,186900
70834404033,2019,99700,164500,264200
71005213039,2019,61500,97500,159000
70923148021,2019,4200,800,5000
60905213083,2019,4200,45600,49800
81032417116,2019,33200,155900,189100
70921109075,2019,129100,215300,344400
71003401123,2019,67900,147900,215800
81029100039,2019,0,351100,351100
70931208289,2019,76400,197200,273600
70834427803,2019,0,5000,5000
70932407145,2019,74000,205500,279500
71020308089,2019,10200,113800,124000
70929222093,2019,96200,322800,419000
70920110106,2019,119200,277500,396700
71006107124,2019,42500,109500,152000
70923174472,2019,3300,11700,15000
71011110146,2019,0,0,0
70920411075,2019,135300,261000,396300
71004302651,2019,54700,161700,216400
70929101081,2019,78800,327500,406300
60906108085,2019,66800,190000,256800
70913216028,2019,899400,99800,999200
81031214224,2019,38100,108900,147000
70920420266,2019,131600,173100,304700
70923142560,2019,44900,169300,214200
70932209096,2019,20800,119200,140000
70829108236,2019,95300,253800,349100
70913348152,2019,8300,303000,311300
70835206024,2019,97100,272700,369800
60802316328,2019,18000,0,18000
60811113020,2019,107500,262900,370400
70920216061,2019,10300,291800,302100
71010415125,2019,76300,252200,328500
70923411056,2019,30500,281500,312000
70913433127,2019,8100,191900,200000
70814419101,2019,15200,167500,182700
71014310066,2019,62200,205600,267800
70913415125,2019,88600,265000,353600
70922433027,2019,102700,236400,339100
71035207507,2019,43900,203300,247200
60802413215,2019,72600,271500,344100
70929212060,2019,78200,214400,292600
70823305101,2019,78100,204000,282100
70929114109,2019,89500,233200,322700
71010307182,2019,52500,181900,234400
70922118017,2019,0,0,0
70923154276,2019,0,7500,7500
81027105122,2019,36700,110300,147000
80936119026,2019,13800,93100,106900
70913340918,2019,1800,13200,15000
70834214672,2019,40800,465100,505900
70919310121,2019,110800,232600,343400
70923141760,2019,200,2900,3100
70926217013,2019,0,0,0
70923113256,2019,89000,408100,497100
70914406115,2019,125500,367700,493200
71006115010,2019,23400,184600,208000
80926306138,2019,65100,258200,323300
71011421220,2019,50700,186200,236900
70923119072,2019,108000,141000,249000
71015214043,2019,23000,282000,305000
70826419313,2019,0,4000,4000
81032429038,2019,28200,112800,141000
70921312199,2019,78300,267700,346000
70901112022,2019,0,0,0
70926415146,2019,46800,148200,195000
81023306154,2019,35600,127500,163100
71019401125,2019,322200,617800,940000
60803101356,2019,101000,175300,276300
71009202088,2019,50800,180600,231400
70834216165,2019,0,0,0
70929223405,2019,68800,214200,283000
70930410059,2019,87000,266300,353300
81031401178,2019,35900,143600,179500
81034404137,2019,67300,166400,233700
71012221215,2019,12100,127600,139700
81032423022,2019,33100,121000,154100
71009219190,2019,45900,161800,207700
80925123997,2019,800,1200,2000
70922218031,2019,222800,478600,701400
70918201074,2019,150700,808500,959200
70918224042,2019,18100,124900,143000
81032315021,2019,26000,101500,127500
70920219908,2019,0,0,0
81028114081,2019,57200,130400,187600
70816408251,2019,216800,469600,686400
70920302381,2019,143700,358100,501800
70829108195,2019,89900,258100,348000
71016406061,2019,62400,136600,199000
70929306300,2019,87000,267300,354300
80925407094,2019,56100,167100,223200
70920220898,2019,0,0,0
70824218064,2019,143100,400100,543200
70923171163,2019,2100,1400,3500
71022403118,2019,430000,1193700,1623700
71016402069,2019,61800,165000,226800
80936405160,2019,72700,161200,233900
71006423215,2019,79300,134400,213700
70820104093,2019,100,0,100
70824414191,2019,12000,73700,85700
71005405040,2019,35400,136700,172100
81019303049,2019,65600,182700,248300
70928224016,2019,99100,218400,317500
71014106457,2019,12500,203500,216000
81032415053,2019,46900,132200,179100
80926107122,2019,55700,134900,190600
80924406964,2019,400,1600,2000
71008108120,2019,40000,310000,350000
70913311084,2019,102600,160800,263400
70833101028,2019,163700,772300,936000
70928222052,2019,88900,190300,279200
71004303055,2019,57500,177700,235200
60802306080,2019,19400,171200,190600
70920410019,2019,121000,205700,326700
81034412156,2019,67800,187000,254800
70913223081,2019,8200,398100,406300
81034205204,2019,63100,168700,231800
60802402028,2019,68300,158100,226400
70922111334,2019,50000,645000,695000
70820118028,2019,100,0,100
70829104052,2019,41900,310100,352000
70929124596,2019,0,10000,10000
80935104094,2019,56100,162100,218200
70921316050,2019,114800,190600,305400
71011225078,2019,180000,1069400,1249400
60812308034,2019,105200,310100,415300
70816406221,2019,164600,415400,580000
60801310074,2019,73000,161700,234700
71001306052,2019,62500,208100,270600
71004405306,2019,46800,177100,223900
71007309191,2019,128500,361500,490000
70921318048,2019,111900,140700,252600
70835122345,2019,6500,74500,81000
80925201115,2019,55600,135200,190800
71006421392,2019,0,0,0
70931307057,2019,99000,169500,268500
71020306041,2019,10200,112800,123000
71035110015,2019,0,0,0
71003208123,2019,53100,173600,226700
70827103048,2019,408000,1742000,2150000
70920216102,2019,9600,204500,214100
81033201089,2019,39400,151300,190700
70926220115,2019,82300,172400,254700
70932209137,2019,20800,134700,155500
70824211050,2019,99100,257300,356400
71004405067,2019,51400,188400,239800
81015107114,2019,59800,200300,260100
70929405079,2019,92800,346000,438800
60801405065,2019,75100,189200,264300
70836105267,2019,78000,179300,257300
60902103138,2019,20000,78900,98900
70813307018,2019,120900,285700,406600
70922346494,2019,0,15000,15000
60812404337,2019,74000,223600,297600
70913405217,2019,94600,695800,790400
70933411062,2019,1670000,10830000,12500000
80925208070,2019,54500,125800,180300
71003415033,2019,55900,215600,271500
80925205125,2019,55200,134900,190100
71014214044,2019,8100,114900,123000
71002305095,2019,59000,239900,298900
70913350115,2019,0,8000,8000
70826313317,2019,73100,256800,329900
70921117119,2019,121200,207200,328400
71005303054,2019,65100,261400,326500
70929303182,2019,88000,300400,388400
71015108098,2019,61300,137200,198500
71004311090,2019,54100,129600,183700
70929219082,2019,79700,196300,276000
81015107130,2019,59800,169000,228800
60804209050,2019,93000,276900,369900
70929217250,2019,84500,228300,312800
70914406214,2019,225300,181100,406400
60803119218,2019,66600,413400,480000
70922319110,2019,104500,399300,503800
70922405216,2019,127800,280900,408700
71005203080,2019,49000,261000,310000
70828204043,2019,89200,0,89200
70924219491,2019,0,25000,25000
70826406089,2019,0,0,0
70921212125,2019,96100,282700,378800
60812305022,2019,82000,206500,288500
60811409065,2019,77700,195000,272700
70922405290,2019,127800,171400,299200
70918320402,2019,20500,130800,151300
71015102222,2019,57900,121200,179100
81031202162,2019,38600,186400,225000
70928306038,2019,91100,183900,275000
70823405224,2019,60300,234200,294500
71010206152,2019,57900,160900,218800
70923303013,2019,1477000,3622000,5099000
71010106229,2019,53900,199900,253800
70814412014,2019,84500,227200,311700
70833402088,2019,160100,501000,661100
80925404107,2019,40200,148500,188700
80924403118,2019,8200,124900,133100
70913321116,2019,169700,223700,393400
70922307040,2019,97000,196600,293600
81030400030,2019,0,1350000,1350000
80924102059,2019,82200,271900,354100
70814203158,2019,106800,342700,449500
81035106146,2019,65600,0,65600
60801314175,2019,61000,937000,998000
71005342010,2019,0,0,0
70914436063,2019,159400,988100,1147500
70918415443,2019,10500,115400,125900
70901104110,2019,56100,173100,229200
81030205258,2019,53800,113600,167400
71034102295,2019,47400,199600,247000
70919113054,2019,108000,344400,452400
71016403025,2019,61700,155800,217500
70923124245,2019,115800,354200,470000
71006437034,2019,56500,125700,182200
70834429031,2019,35700,159300,195000
80925214267,2019,55700,153800,209500
70924219699,2019,0,25000,25000
71002439109,2019,40200,217100,257300
80924402839,2019,400,1600,2000
70836301021,2019,61900,148300,210200
70813310269,2019,19000,185900,204900
80925205109,2019,55200,116600,171800
60905214148,2019,3500,42100,45600
71007105185,2019,122500,246900,369400
81034414227,2019,68600,244200,312800
81021108114,2019,61300,192800,254100
60802412085,2019,61700,155300,217000
71034105249,2019,78300,196800,275100
60801316296,2019,24000,139900,163900
71002419086,2019,0,0,0
80926110076,2019,52600,109500,162100
60801102017,2019,62400,135600,198000
71027403163,2019,52200,203200,255400
60811114268,2019,116300,206400,322700
71007219233,2019,133400,301600,435000
81032430069,2019,74000,32000,106000
70828440142,2019,0,0,0
70923165083,2019,54400,216800,271200
70823210160,2019,117800,193700,311500
81015403033,2019,516000,0,516000
70919412208,2019,106300,233600,339900
80926301021,2019,0,0,0
71014202049,2019,53900,150300,204200
70929401134,2019,85000,227800,312800
71011211184,2019,54300,171100,225400
71027413047,2019,53400,151600,205000
80925402044,2019,53400,170100,223500
71014203336,2019,62900,293900,356800
60812313629,2019,33100,214500,247600
81031209192,2019,64400,122300,186700
81016202179,2019,0,0,0
81026355174,2019,14100,0,14100
70923143047,2019,44900,285700,330600
70923167112,2019,3400,13800,17200
70923163722,2019,44900,391100,436000
70922415017,2019,100400,344600,445000
71003107218,2019,53100,178100,231200
80925103147,2019,0,0,0
71006417284,2019,71100,303200,374300
70924219243,2019,0,25000,25000
70913208041,2019,185000,704000,889000
70913123025,2019,0,0,0
71009312184,2019,68800,109800,178600
70814429035,2019,28700,292800,321500
71021223046,2019,66300,196700,263000
70921205120,2019,67900,256300,324200
71021210051,2019,65500,120700,186200
70913216036,2019,402300,266900,669200
70923163574,2019,44900,372100,417000
60811407069,2019,84000,183800,267800
80924443859,2019,400,1600,2000
81032401010,2019,195500,314500,510000
70822407057,2019,122000,367500,489500
71010313197,2019,55700,176500,232200
70826418414,2019,21200,119900,141100
71011120252,2019,0,0,0
80936203168,2019,68500,241000,309500
81031410103,2019,37600,150400,188000
70820108053,2019,100,0,100
71009413213,2019,63300,120400,183700
80936123093,2019,0,0,0
70824404142,2019,113600,308200,421800
70930410116,2019,83900,215900,299800
70923148716,2019,4200,800,5000
71006440110,2019,18700,137300,156000
70923140811,2019,1500,13500,15000
70926101183,2019,82100,254700,336800
70912409327,2019,98800,255200,354000
70825104098,2019,616000,1014000,1630000
70932411188,2019,74000,61200,135200
71011117019,2019,71600,184800,256400
70913434224,2019,0,18000,18000
70834423017,2019,60900,198700,259600
70920402363,2019,142800,320300,463100
71015110275,2019,52500,202500,255000
70932203262,2019,76500,138200,214700
71002107318,2019,9500,143800,153300
81026416025,2019,4400,0,4400
70919211189,2019,91500,104200,195700
71003308064,2019,55100,196400,251500
80926207170,2019,69700,178600,248300
60901201165,2019,61000,167000,228000
81023207253,2019,33600,104000,137600
70928201098,2019,77100,250100,327200
70924218485,2019,42200,490200,532400
71004408029,2019,20500,64500,85000
70918415352,2019,10500,114300,124800
71014205043,2019,56800,221000,277800
70931207025,2019,67000,160700,227700
70929217060,2019,90700,248500,339200
70821207086,2019,125000,336800,461800
70923166411,2019,84300,285700,370000
81028119859,2019,8700,66300,75000
60801234050,2019,15000,150900,165900
81032418114,2019,44100,110400,154500
81028120492,2019,0,5000,5000
71012215060,2019,17700,247200,264900
71012220043,2019,19300,199700,219000
60811202162,2019,96400,223800,320200
70834215125,2019,86900,312800,399700
81015104178,2019,61200,212200,273400
71006421194,2019,67900,179500,247400
60801114020,2019,57900,137400,195300
71011211100,2019,48300,212900,261200
71027408064,2019,62100,199300,261400
71021113437,2019,15100,94300,109400
70828401029,2019,0,0,0
70918223036,2019,88000,292000,380000
70835302103,2019,113700,267600,381300
60811436026,2019,95600,193100,288700
70813304337,2019,83600,169300,252900
70926213029,2019,93100,153100,246200
71025200975,2019,0,0,0
70918304026,2019,75400,186600,262000
60802403068,2019,68600,146500,215100
70930408202,2019,76800,197500,274300
81033202079,2019,57700,136600,194300
70919401186,2019,98500,177100,275600
70928209183,2019,97800,182900,280700
71010207233,2019,58000,171200,229200
81034101981,2019,100,0,100
71001407074,2019,57200,168800,226000
81028119619,2019,0,0,0
70922434017,2019,69400,291500,360900
70923159367,2019,8000,7000,15000
70913106138,2019,98800,179600,278400
70828305130,2019,12100,0,12100
70920220260,2019,0,3800,3800
71006404249,2019,68000,294000,362000
60905104125,2019,50800,131800,182600
70834214391,2019,40800,433100,473900
70813324038,2019,149400,349500,498900
71006102207,2019,44400,130600,175000
71005225282,2019,44000,128300,172300
60812201171,2019,79200,186200,265400
60812114035,2019,86800,139900,226700
70914429026,2019,36300,169700,206000
70923156917,2019,5000,10000,15000
70922240018,2019,0,0,0
71002107433,2019,9500,143800,153300
80924305025,2019,71200,225300,296500
71012201150,2019,72700,247400,320100
71001411075,2019,57200,186400,243600
70919405253,2019,94400,173800,268200
70823304161,2019,78100,168100,246200
71010405267,2019,64900,128100,193000
70928305064,2019,139800,222200,362000
81019307091,2019,59700,190300,250000
70933403168,2019,86000,199300,285300
71007243307,2019,0,15000,15000
71016203095,2019,67100,226700,293800
71005322129,2019,168100,246900,415000
80935103020,2019,48700,178100,226800
70920411067,2019,135300,227500,362800
70823118398,2019,12800,85500,98300
71010107079,2019,57200,172200,229400
81026351122,2019,52100,254100,306200
60902103188,2019,20000,104000,124000
71035103309,2019,64600,303900,368500
71015110027,2019,46900,169900,216800
70924219384,2019,0,25000,25000
70923153385,2019,1300,23700,25000
70814420108,2019,15200,156400,171600
60903215031,2019,16400,64200,80600
70823121119,2019,20000,56300,76300
71005315091,2019,68000,259900,327900
71011204155,2019,34200,215800,250000
70918411061,2019,141300,175900,317200
70920303107,2019,125100,408400,533500
60802424022,2019,18900,166600,185500
71003418201,2019,53400,156600,210000
71011108274,2019,30000,237100,267100
60811439145,2019,20000,185200,205200
71027417114,2019,75000,151500,226500
80925212138,2019,54900,175600,230500
70923408102,2019,155300,10000,165300
70824203049,2019,95700,203200,298900
71010201201,2019,52600,185700,238300
70918408026,2019,248800,216400,465200
70901118062,2019,18800,118400,137200
70922426121,2019,171200,548300,719500
81033204455,2019,43200,154700,197900
71021113536,2019,15100,88900,104000
70913434117,2019,0,18000,18000
71010212240,2019,54000,140700,194700
70922428127,2019,277900,740600,1018500
70823121375,2019,20000,103200,123200
70918314025,2019,180000,22600,202600
60802305321,2019,13800,207200,221000
71016203144,2019,106800,115800,222600
70816317022,2019,152800,600900,753700
70820106099,2019,100,0,100
70926405048,2019,80600,52400,133000
70929123291,2019,19300,324800,344100
71002312082,2019,61200,288700,349900
80924433917,2019,400,1600,2000
70914416130,2019,146200,420400,566600
71002411024,2019,9100,0,9100
70913205310,2019,96500,145800,242300
70913405077,2019,92400,270800,363200
71009400814,2019,482200,508100,990300
70836104128,2019,65400,191700,257100
81021103023,2019,68400,202300,270700
70932103248,2019,99800,164900,264700
70912403262,2019,111900,193800,305700
71035107012,2019,67500,204600,272100
80936405102,2019,82800,244700,327500
71009415029,2019,65100,124000,189100
60906206110,2019,61800,152600,214400
71005324050,2019,101700,265500,367200
80924432084,2019,13300,228300,241600
70926405072,2019,80600,164100,244700
71010301374,2019,53300,197700,251000
70913323120,2019,214200,161400,375600
70924213071,2019,0,0,0
70919410252,2019,101700,340300,442000
71014304233,2019,53900,200700,254600
81026342030,2019,61900,0,61900
70814410084,2019,97100,344900,442000
70823406157,2019,54200,240000,294200
70929204033,2019,111400,169100,280500
81033201229,2019,43700,107900,151600
70814306019,2019,253000,559000,812000
71005329042,2019,105300,199200,304500
80924304176,2019,71200,200100,271300
70913350678,2019,0,15000,15000
71014215836,2019,7800,129600,137400
71003407353,2019,55300,166100,221400
81023207344,2019,33600,128500,162100
70932112215,2019,0,0,0
70914436229,2019,53000,408200,461200
70929123308,2019,20100,341400,361500
70918201016,2019,0,0,0
70920217928,2019,400,14600,15000
81021309069,2019,24800,112200,137000
71007203179,2019,70800,331600,402400
81028116128,2019,58100,236200,294300
70923138155,2019,29300,280000,309300
70923131208,2019,119000,286600,405600
60803107164,2019,111600,327000,438600
80924413141,2019,9400,131600,141000
60802433057,2019,15000,92200,107200
70913340926,2019,1800,13200,15000
70813110099,2019,124600,227400,352000
70920219198,2019,0,0,0
60802420088,2019,13100,118400,131500
70913406231,2019,125000,290600,415600
70918211263,2019,107600,220400,328000
80925219118,2019,55900,133000,188900
70824215028,2019,129900,312200,442100
81027112060,2019,36700,119300,156000
71005414158,2019,48000,116500,164500
60904113044,2019,91700,239200,330900
70928109250,2019,108400,291600,400000
70836108071,2019,82000,153900,235900
60904110131,2019,92700,225600,318300
70835315081,2019,51900,333200,385100
71021111241,2019,61600,159900,221500
71007208153,2019,63400,252000,315400
60803103055,2019,103200,151200,254400
70926101026,2019,65300,261000,326300
70922426105,2019,100000,320000,420000
81034401167,2019,61800,158300,220100
70814430264,2019,19700,206900,226600
70835122337,2019,6500,76500,83000
60905204123,2019,88000,226000,314000
71014113113,2019,22200,157700,179900
71005111027,2019,60600,106600,167200
70833205234,2019,26900,199600,226500
81034406266,2019,64700,189500,254200
60905112243,2019,54200,116700,170900
71009319073,2019,73000,139500,212500
81031413165,2019,44200,170300,214500
71035114190,2019,64600,299100,363700
70827101208,2019,153000,0,153000
71016401053,2019,80000,250000,330000
60801210117,2019,64300,160900,225200
70913107160,2019,73100,241800,314900
70923156264,2019,3300,11700,15000
60811407093,2019,78400,188300,266700
70929303132,2019,80800,330900,411700
70836420037,2019,68800,152200,221000
60812323016,2019,28500,169200,197700
60812329163,2019,13400,163200,176600
70833123014,2019,9500,0,9500
70929219181,2019,82600,196000,278600
70834308897,2019,24500,342500,367000
70825202173,2019,165000,385000,550000
71021201026,2019,61800,116100,177900
71026402033,2019,79900,364700,444600
70931207166,2019,123500,145600,269100
70922302115,2019,141600,334400,476000
60802413330,2019,57600,182300,239900
71003101054,2019,0,0,0
60906203207,2019,103000,172000,275000
71009415095,2019,65300,125000,190300
80924422697,2019,400,1600,2000
70918303226,2019,93300,92000,185300
71010101120,2019,55600,191100,246700
71003417071,2019,47900,175800,223700
70922215037,2019,167300,385600,552900
70926409115,2019,81000,264400,345400
70919208087,2019,95500,172600,268100
81031418131,2019,38100,49100,87200
70813331033,2019,55500,296500,352000
81030401103,2019,0,0,0
70814102110,2019,106300,293700,400000
70922211176,2019,110800,573200,684000
70928214249,2019,94800,253500,348300
70913321132,2019,79400,154200,233600
70823114065,2019,89400,357800,447200
60801118163,2019,66700,160200,226900
70913347625,2019,2500,12500,15000
70932403010,2019,100000,185000,285000
70921103035,2019,44000,268000,312000
71011305094,2019,68100,173400,241500
71011404177,2019,82500,323100,405600
71015105284,2019,61100,185400,246500
71004312303,2019,59400,140300,199700
60801414082,2019,83100,188000,271100
71003308098,2019,57300,222600,279900
81031222053,2019,38500,127400,165900
70923126051,2019,59800,417200,477000
70827102040,2019,437000,542000,979000
71014202370,2019,55900,154100,210000
70928310104,2019,330000,2894000,3224000
60802404165,2019,67300,182300,249600
60801415113,2019,80600,168300,248900
70823304210,2019,70100,136200,206300
70923148344,2019,4200,800,5000
70913345025,2019,69000,129500,198500
60906201029,2019,65500,160300,225800
81034404153,2019,30800,0,30800
60903208250,2019,14900,108000,122900
81031210272,2019,41400,126400,167800
70813310285,2019,12200,139100,151300
60811435036,2019,84600,181200,265800
70918221014,2019,146000,177600,323600
70932416112,2019,95000,180000,275000
71010207423,2019,55200,140300,195500
71006302089,2019,67900,143500,211400
71014106069,2019,12500,151400,163900
70913302067,2019,582000,2615500,3197500
60801201067,2019,82600,140500,223100
81032300923,2019,619000,5546000,6165000
60906108142,2019,63800,145700,209500
70922210061,2019,139900,501000,640900
70825102018,2019,196000,684000,880000
70816305241,2019,138000,285000,423000
70928307169,2019,145800,103300,249100
70814405176,2019,87100,244800,331900
70829413057,2019,18100,0,18100
80925212287,2019,54500,131200,185700
70929124455,2019,0,10000,10000
71005304028,2019,68000,241300,309300
71009215106,2019,44300,172300,216600
60906114016,2019,57800,147700,205500
70835124599,2019,500,1500,2000
70930409200,2019,70300,163000,233300
70924219293,2019,0,25000,25000
71014208021,2019,54100,149200,203300
70928314172,2019,156500,653500,810000
70826313226,2019,72000,218500,290500
70928101024,2019,96000,387000,483000
71007228250,2019,67000,302300,369300
70823311281,2019,13200,138300,151500
70919405279,2019,121200,188300,309500
60801104013,2019,68800,199500,268300
71004315018,2019,54700,155100,209800
70932402054,2019,169200,349800,519000
71005112059,2019,65100,147700,212800
80936209132,2019,63900,96500,160400
81034108383,2019,66000,149400,215400
71014306057,2019,64600,181700,246300
70913105205,2019,26000,175100,201100
81034107484,2019,62100,181500,243600
70922408111,2019,165000,400100,565100
71010117119,2019,53600,203100,256700
70922401107,2019,66200,149700,215900
71006103164,2019,35700,286300,322000
70836103047,2019,77100,192500,269600
70923174117,2019,3300,11700,15000
60802429022,2019,14600,96800,111400
70921110113,2019,135800,408700,544500
70826310214,2019,112800,357200,470000
71005341012,2019,93200,284600,377800
70913102160,2019,75400,124100,199500
70829105050,2019,39000,245000,284000
81034205337,2019,68300,241400,309700
71006417086,2019,43000,412000,455000
81032302177,2019,37200,152900,190100
81032105018,2019,0,0,0
70824208057,2019,120400,215600,336000
80924431953,2019,400,1600,2000
60812405145,2019,78800,196000,274800
70923145514,2019,8000,7000,15000
70921110155,2019,124500,287600,412100
71002316076,2019,2700,0,2700
71034100950,2019,523400,160200,683600
81026360016,2019,6200,0,6200
60801308102,2019,70900,144000,214900
70920306185,2019,103400,251700,355100
71016411135,2019,61600,126000,187600
70833123121,2019,108100,354700,462800
70913350058,2019,0,8000,8000
71010204073,2019,56300,163200,219500
70921318014,2019,80200,304800,385000
71001336059,2019,28600,244400,273000
71006112298,2019,67900,121000,188900
60801213129,2019,70100,166900,237000
70829107121,2019,90200,315300,405500
71007208145,2019,61000,177700,238700
71009215156,2019,44800,200000,244800
70923121283,2019,0,0,0
60812210031,2019,130000,410000,540000
70936316011,2019,20400,93700,114100
70932300860,2019,670000,1420000,2090000
70932421046,2019,48000,85500,133500
71005111142,2019,48200,158000,206200
70928323082,2019,147800,460500,608300
70815308262,2019,168700,431300,600000
71022403134,2019,0,0,0
70826408233,2019,67300,157600,224900
70836403380,2019,0,0,0
81021408093,2019,57300,140300,197600
70815307115,2019,162200,349000,511200
71015409040,2019,190600,335600,526200
70920307183,2019,118700,201300,320000
71021106060,2019,60100,123500,183600
70813314055,2019,12600,211400,224000
60803118054,2019,25300,192500,217800
71015200886,2019,274900,0,274900
81032417017,2019,42400,151100,193500
70826421863,2019,0,4000,4000
60802305199,2019,13800,230600,244400
70923169209,2019,6500,18500,25000
70923168722,2019,3400,13800,17200
70921220160,2019,127300,210500,337800
70924215019,2019,878000,1272000,2150000
80924436135,2019,11700,201600,213300
71015101232,2019,84000,104500,188500
60812117104,2019,73900,181500,255400
71009220163,2019,37700,197300,235000
70929115040,2019,122000,257900,379900
70923120011,2019,92500,286500,379000
70922430106,2019,43600,497200,540800
71019408080,2019,132000,279000,411000
60812202377,2019,82800,213600,296400
71016102099,2019,60000,81000,141000
70932304010,2019,63600,100600,164200
70935102172,2019,45900,122600,168500
70823301050,2019,231000,116000,347000
71001405094,2019,59300,210300,269600
70919215074,2019,82700,130700,213400
70918305214,2019,74800,119200,194000
80936413139,2019,73400,145200,218600
70922315100,2019,136000,341400,477400
80926105308,2019,50800,133100,183900
70918310099,2019,125500,193000,318500
71006130076,2019,47100,129000,176100
70928110033,2019,108200,295100,403300
71007206321,2019,47200,188300,235500
71010216177,2019,23200,72200,95400
60811406011,2019,80100,243800,323900
71009407050,2019,67600,158600,226200
71001107111,2019,35400,210700,246100
70923167310,2019,6500,18500,25000
80924425865,2019,400,1600,2000
71006410189,2019,54100,253100,307200
70922421014,2019,41300,235700,277000
70835122329,2019,6500,76700,83200
70824213030,2019,111600,210600,322200
70922317130,2019,106300,327100,433400
71014215498,2019,7800,133100,140900
70931208396,2019,63500,158500,222000
80924425881,2019,400,1600,2000
70919105150,2019,124400,332800,457200
71010400936,2019,76000,159000,235000
70824306033,2019,0,0,0
70923408152,2019,102700,161300,264000
70921215111,2019,141500,240900,382400
70922215079,2019,193900,514900,708800
71009211089,2019,54700,141400,196100
70923165231,2019,41500,194400,235900
80924305059,2019,72500,288800,361300
71019411108,2019,9000,72500,81500
70926407143,2019,81500,114300,195800
70836110175,2019,129500,264400,393900
70914436203,2019,47200,333300,380500
81032422157,2019,49200,101800,151000
60811102148,2019,98800,212300,311100
70932102258,2019,129000,393300,522300
70929425077,2019,87300,308600,395900
60802113112,2019,86200,180500,266700
70836221021,2019,12800,133900,146700
71006446118,2019,3000,35000,38000
60901201149,2019,60900,170200,231100
71021219045,2019,61100,158300,219400
70920307018,2019,0,0,0
71009314015,2019,66800,121600,188400
60801208063,2019,70000,197000,267000
70921211177,2019,70600,151300,221900
80924427902,2019,400,1600,2000
70828113088,2019,78300,208700,287000
60812405658,2019,74000,218200,292200
70814202192,2019,108500,280700,389200
71009408066,2019,65700,176600,242300
70828425011,2019,0,0,0
70814202069,2019,97700,277100,374800
70928302218,2019,79800,178900,258700
70920419293,2019,98800,206200,305000
60801212303,2019,65800,179700,245500
70920219916,2019,0,0,0
71021215134,2019,56400,128300,184700
71010216135,2019,18200,56800,75000
70920218702,2019,400,14600,15000
70931212107,2019,63600,154700,218300
70834307071,2019,210100,337400,547500
71010400837,2019,104700,147800,252500
70836208417,2019,39200,114800,154000
70923148104,2019,4200,800,5000
71005212023,2019,73000,141100,214100
71010408154,2019,58100,155600,213700
70921126219,2019,128000,299300,427300
71003400977,2019,0,0,0
80936410028,2019,71200,180200,251400
70921126061,2019,124400,263700,388100
71007216304,2019,0,0,0
71010304120,2019,56400,147200,203600
70836114185,2019,74800,151600,226400
81010300987,2019,43900,1000,44900
71015404032,2019,84000,411000,495000
71010302067,2019,54600,193800,248400
71010107277,2019,57200,197200,254400
70922301076,2019,111300,195500,306800
70928315120,2019,109000,160500,269500
60801226411,2019,16200,161400,177600
71002418111,2019,93900,230300,324200
71003206200,2019,55000,470000,525000
70913205104,2019,100700,158600,259300
70923166403,2019,81000,326400,407400
60812325252,2019,17100,108700,125800
71022303144,2019,143000,257000,400000
71005402103,2019,39100,156100,195200
81030203129,2019,46800,121500,168300
70823210110,2019,114200,236600,350800
70919225312,2019,103000,229200,332200
71007304357,2019,84100,199300,283400
70921214147,2019,115000,287200,402200
70913350024,2019,0,8000,8000
71005232039,2019,46300,192200,238500
71006401047,2019,65100,181100,246200
70922434273,2019,88100,217900,306000
71009219231,2019,40700,184300,225000
71005310158,2019,51700,163300,215000
71007225115,2019,99200,150800,250000
70923168186,2019,6500,13500,20000
70928106024,2019,100900,366100,467000
81021412177,2019,56100,136700,192800
81030313027,2019,54300,116000,170300
70813310459,2019,21600,248400,270000
70821411116,2019,97500,283600,381100
71028300988,2019,0,0,0
71006129095,2019,47500,116400,163900
60801208261,2019,57000,205200,262200
60802413158,2019,82000,333000,415000
70822111062,2019,74900,240600,315500
70913406174,2019,155200,277900,433100
71021202173,2019,62200,0,62200
70922329078,2019,114100,356600,470700
71003417170,2019,50400,163500,213900
70815403252,2019,198000,592000,790000
70820109142,2019,100,0,100
70914439182,2019,1000,7900,8900
71010313519,2019,48700,141700,190400
81033403057,2019,68500,0,68500
70931304144,2019,127200,149900,277100
70919227160,2019,29000,195800,224800
71002434050,2019,0,0,0
70827403068,2019,0,0,0
71010307140,2019,52100,185100,237200
60812115140,2019,77800,206100,283900
70814420116,2019,15200,170300,185500
70828405021,2019,0,0,0
70923127356,2019,98300,243600,341900
70929204132,2019,83800,220100,303900
70922202068,2019,78000,382000,460000
70921220087,2019,127000,423500,550500
70826315470,2019,52700,0,52700
71023300983,2019,292700,1000,293700
70922438035,2019,69400,411200,480600
70918322333,2019,0,2000,2000
60801211131,2019,72100,192600,264700
70931412038,2019,94600,214300,308900
70920216623,2019,9600,288100,297700
70826422241,2019,0,4000,4000
70926116017,2019,80000,201300,281300
71010411040,2019,56100,159900,216000
70926215207,2019,112300,271500,383800
70823107292,2019,89000,309300,398300
81033203150,2019,38300,143000,181300
71001104117,2019,60200,234800,295000
70834414066,2019,66900,235000,301900
70833302543,2019,216500,420500,637000
71005323169,2019,70600,277300,347900
81033402166,2019,51400,193300,244700
70921209148,2019,71500,189500,261000
71010406033,2019,57900,146100,204000
70913349118,2019,22400,161600,184000
60801304027,2019,70400,153700,224100
81015104227,2019,59100,186100,245200
70826412721,2019,10000,78700,88700
70922331057,2019,178100,543700,721800
70919206031,2019,117800,98500,216300
70823407113,2019,38200,241400,279600
71014202320,2019,58300,133700,192000
80926206180,2019,68600,211900,280500
81021409075,2019,55400,177600,233000
71003319152,2019,56400,163900,220300
70828309174,2019,68600,241500,310100
70929217177,2019,95200,154200,249400
81026355596,2019,3800,0,3800
70928106321,2019,107000,283000,390000
81030309084,2019,59600,140100,199700
71004200821,2019,0,0,0
71007209169,2019,2700000,25640000,28340000
60801225299,2019,15000,135900,150900
70931411204,2019,113400,175700,289100
70921411173,2019,106800,351400,458200
71007229026,2019,89000,870000,959000
71011108258,2019,30000,230100,260100
70923310133,2019,138900,188900,327800
60811423148,2019,72200,154600,226800
70814403419,2019,0,0,0
70923165281,2019,31400,146200,177600
70923148055,2019,4200,800,5000
81031228134,2019,30000,0,30000
71009318059,2019,68800,137300,206100
70913106013,2019,81300,212100,293400
70928111172,2019,108200,261800,370000
81034108169,2019,0,0,0
71007303052,2019,172000,278600,450600
60802305496,2019,13800,192200,206000
70829108319,2019,93100,367800,460900
71010206136,2019,53000,362000,415000
81030202014,2019,0,0,0
71015207147,2019,74900,208800,283700
60812115215,2019,82000,195900,277900
71034107146,2019,54000,164400,218400
81030401038,2019,0,0,0
60801210240,2019,65400,159100,224500
70920112178,2019,111800,165700,277500
71002106196,2019,9500,154000,163500
60811433080,2019,95000,222600,317600
70921418020,2019,77600,424700,502300
71016116082,2019,62900,161500,224400
71030200936,2019,132000,565300,697300
70920112128,2019,119100,144500,263600
70822102194,2019,116400,300500,416900
70923156884,2019,5000,10000,15000
60902205158,2019,77800,371900,449700
70913338012,2019,0,0,0
71007107107,2019,98100,361300,459400
60812305030,2019,84000,192200,276200
70928320046,2019,143600,448900,592500
71005304143,2019,50000,197600,247600
70923150109,2019,90600,506000,596600
70828416028,2019,0,0,0
70932410164,2019,79800,120200,200000
81023304380,2019,35600,152700,188300
71010406215,2019,59400,181600,241000
70813329187,2019,18500,166800,185300
81034418154,2019,100,0,100
81023209168,2019,0,1200,1200
81030311071,2019,61300,117100,178400
70914435015,2019,48600,395100,443700
70929123663,2019,0,1000,1000
70930411263,2019,75600,232300,307900
70824410115,2019,106700,315600,422300
70923167138,2019,3400,13800,17200
71006118155,2019,27900,194300,222200
70913327320,2019,105000,555700,660700
81023207401,2019,33600,144000,177600
70828312010,2019,71500,231700,303200
71012215408,2019,17700,262400,280100
70934400915,2019,281000,34000,315000
70913350222,2019,0,15000,15000
70921403211,2019,142900,387900,530800
70919307227,2019,118000,439000,557000
71007243399,2019,0,15000,15000
70935307524,2019,4900,55100,60000
70919205017,2019,88400,160200,248600
71014108346,2019,10700,174300,185000
70836116181,2019,64100,305400,369500
80924424015,2019,9900,170700,180600
70813304030,2019,79600,199200,278800
71006416096,2019,52300,151500,203800
71010111195,2019,66800,196100,262900
70922233120,2019,115400,217900,333300
70922334100,2019,178100,345700,523800
80925105010,2019,50900,117000,167900
71010103142,2019,51500,186600,238100
70834416020,2019,22800,197400,220200
60801312012,2019,66600,180000,246600
70813310342,2019,17400,206300,223700
60802312417,2019,0,0,0
70932109139,2019,221700,400400,622100
80924310032,2019,64400,259000,323400
71004302445,2019,48000,237800,285800
70919305057,2019,107100,362600,469700
70913131010,2019,335000,11280000,11615000
70913337866,2019,3300,11700,15000
70918105143,2019,177300,265800,443100
70814312040,2019,26100,253900,280000
70823105098,2019,89000,193000,282000
70824204170,2019,125100,219300,344400
70920416017,2019,131800,136100,267900
70932208014,2019,14200,139200,153400
70822208041,2019,0,0,0
70836208136,2019,73700,201800,275500
80924419975,2019,400,1600,2000
80925112718,2019,800,1200,2000
71005214227,2019,53100,146000,199100
70816305134,2019,142800,335600,478400
60802304084,2019,96700,303200,399900
70920402149,2019,127300,265800,393100
70912409129,2019,90800,245300,336100
81028118661,2019,10800,90200,101000
71007229224,2019,87300,249900,337200
71030208328,2019,80800,301000,381800
70921401257,2019,109900,381200,491100
70922441088,2019,13200,208600,221800
81032309032,2019,36700,162300,199000
81026364109,2019,3200,0,3200
70921113240,2019,124400,366300,490700
70919104186,2019,118900,261000,379900
70833301066,2019,116700,376400,493100
60802409074,2019,64000,193700,257700
71002403112,2019,88900,0,88900
70825400785,2019,1020000,0,1020000
70913308023,2019,0,0,0
70834301049,2019,170000,317800,487800
80925300959,2019,93700,132600,226300
71005223252,2019,51000,414000,465000
60801419214,2019,16600,189300,205900
71004407188,2019,60800,120200,181000
71010413260,2019,56600,148500,205100
70932409167,2019,78500,171400,249900
71005223236,2019,52100,195400,247500
70918412085,2019,127900,123500,251400
70919311054,2019,100800,151300,252100
70931202330,2019,67400,145700,213100
70913323401,2019,116300,198700,315000
60801108148,2019,66100,182900,249000
70913108035,2019,79500,154500,234000
60812122088,2019,78800,201200,280000
80936106073,2019,13800,105800,119600
81023308192,2019,35600,100100,135700
70828433030,2019,0,0,0
81032314180,2019,12000,141700,153700
70922221133,2019,137000,493000,630000
71005205010,2019,47000,103900,150900
70922422202,2019,74000,586000,660000
71012211026,2019,59100,195900,255000
70932110178,2019,138700,237200,375900
71010407099,2019,57300,148600,205900
70834404067,2019,99700,149900,249600
70835108189,2019,167100,448600,615700
70923167261,2019,3400,13800,17200
70923125102,2019,160600,128900,289500
70814309203,2019,96800,301300,398100
70913206045,2019,420300,322200,742500
70921114123,2019,124400,258600,383000
71005316106,2019,67400,186600,254000
70920305137,2019,98200,397200,495400
70836119028,2019,77100,184800,261900
70923402039,2019,77800,240600,318400
70919203053,2019,85300,113900,199200
71007116223,2019,84100,233500,317600
71011120319,2019,58000,254200,312200
70930411271,2019,75600,250600,326200
80925118807,2019,800,1200,2000
71014216040,2019,7500,86400,93900
70929309114,2019,93700,160000,253700
70932105096,2019,81400,137200,218600
80936120031,2019,13800,93300,107100
70929414054,2019,88700,386300,475000
70813320911,2019,400,2100,2500
70932105179,2019,84700,110900,195600
71006406295,2019,54100,236400,290500
71009408131,2019,66100,143700,209800
70816412054,2019,48500,318000,366500
70923149235,2019,7300,14700,22000
70823108034,2019,74800,137600,212400
70932113213,2019,85900,241500,327400
81031229116,2019,38100,104200,142300
81031409156,2019,39600,136900,176500
70935307566,2019,4900,55100,60000
71006412177,2019,68000,313700,381700
60811408166,2019,76100,172400,248500
80935103103,2019,72300,133900,206200
70926412324,2019,45600,75200,120800
70826410113,2019,76500,199200,275700
81036300995,2019,127100,117200,244300
81021412078,2019,45200,174900,220100
71007214051,2019,26000,141000,167000
80926305031,2019,71800,256200,328000
60906203124,2019,55200,151400,206600
70932203303,2019,72400,253200,325600
70816406205,2019,166900,342100,509000
70920220856,2019,0,2300,2300
70823202183,2019,127100,328200,455300
70932422177,2019,46100,107900,154000
70816408508,2019,0,0,0
80924431078,2019,13100,227800,240900
71006407110,2019,68000,222200,290200
81034330027,2019,24700,104500,129200
70913433052,2019,7700,177500,185200
70914427111,2019,246000,1925000,2171000
60812101032,2019,84200,161800,246000
80926206099,2019,62600,202100,264700
70923146546,2019,8000,7000,15000
70923140887,2019,1500,13500,15000
81032103210,2019,26200,0,26200
70919217129,2019,85900,170800,256700
70928319031,2019,143900,500900,644800
71005322111,2019,147200,360900,508100
80936411117,2019,49100,101800,150900
71005404183,2019,79900,110600,190500
70932410148,2019,74000,191000,265000
70824420015,2019,35600,134100,169700
70922230051,2019,224000,455400,679400
60906203059,2019,0,0,0
70833123147,2019,107200,388600,495800
81021107091,2019,60900,180300,241200
70923125152,2019,148500,295900,444400
60801121124,2019,76900,123800,200700
71009111023,2019,77000,276100,353100
71010213024,2019,55600,149400,205000
60803107213,2019,112000,336100,448100
70912402214,2019,81200,130800,212000
70932104014,2019,86700,137600,224300
70922222149,2019,198000,658000,856000
70922410215,2019,127800,281800,409600
71012209089,2019,58700,216100,274800
70923127372,2019,91800,378200,470000
71035202010,2019,0,0,0
70919225263,2019,101300,311300,412600
71014215810,2019,7800,125800,133600
71004406065,2019,48000,151500,199500
70932113156,2019,111800,163200,275000
80925213136,2019,56900,138900,195800
71005413176,2019,44400,120600,165000
71021111019,2019,65800,174200,240000
71015106266,2019,66400,146900,213300
71007307145,2019,411400,377900,789300
70816322170,2019,17300,199600,216900
70920304204,2019,91700,193100,284800
70928302086,2019,104300,167300,271600
70920418245,2019,121600,381800,503400
70821204115,2019,127000,388000,515000
70836406136,2019,56400,141800,198200
80925206165,2019,55900,133000,188900
81032308224,2019,36500,73500,110000
81034403155,2019,68600,171000,239600
60801113387,2019,58900,137100,196000
70833202131,2019,100800,174200,275000
71014301156,2019,57600,171100,228700
70926115134,2019,81000,221500,302500
70928315196,2019,96700,228600,325300
70923173169,2019,3300,11700,15000
70912418063,2019,9000,91300,100300
80925307153,2019,66700,108100,174800
70913431014,2019,38800,196200,235000
60811103245,2019,94700,247000,341700
71005214136,2019,57600,133100,190700
70923201126,2019,190000,364000,554000
71006107025,2019,64500,242400,306900
70822414367,2019,11800,107000,118800
70923311115,2019,332000,0,332000
70933201132,2019,217700,496200,713900
70833411104,2019,46200,208800,255000
71005203014,2019,49000,246600,295600
80925111067,2019,53500,120400,173900
70914404086,2019,240000,536000,776000
60801110119,2019,64200,148200,212400
70825209591,2019,11000,30000,41000
60812303266,2019,0,0,0
70923125136,2019,190800,166400,357200
70913311365,2019,792800,5670200,6463000
71010306069,2019,50100,169900,220000
70929222043,2019,115200,274400,389600
71011128032,2019,73300,308700,382000
70913426031,2019,335700,253600,589300
60904102138,2019,0,0,0
70813314394,2019,9300,0,9300
70914419217,2019,241000,414000,655000
71004312163,2019,58900,136800,195700
71011402056,2019,96500,265800,362300
81034205030,2019,69700,178500,248200
80924104104,2019,71300,210500,281800
60803102031,2019,120000,247000,367000
70929203077,2019,69900,193700,263600
81026370023,2019,4800,0,4800
70920308074,2019,92100,252600,344700
80925103064,2019,53200,123300,176500
71006115193,2019,63000,203300,266300
81034203191,2019,71500,155900,227400
71005206167,2019,60200,114500,174700
71022302857,2019,182000,0,182000
70820106031,2019,100,0,100
70923159185,2019,8000,7000,15000
70923159359,2019,8000,7000,15000
70920222290,2019,16400,129600,146000
70816306281,2019,399700,1043600,1443300
81030306022,2019,52500,154900,207400
80924421136,2019,9900,170700,180600
71003314235,2019,48400,164900,213300
70920216243,2019,9200,205300,214500
70814103093,2019,113100,357800,470900
81035108019,2019,67100,0,67100
71005204111,2019,73100,163300,236400
70833203014,2019,102400,152600,255000
80925414239,2019,62100,148900,211000
71011222024,2019,18500,163500,182000
60903202210,2019,87300,152700,240000
71016401152,2019,69000,261000,330000
71005229185,2019,44400,120400,164800
71011108703,2019,30000,236200,266200
70928315138,2019,103700,159500,263200
71010110105,2019,54200,207200,261400
70929107071,2019,76700,238800,315500
70922337089,2019,183200,511100,694300
71009405145,2019,66700,107200,173900
70836405477,2019,66500,141600,208100
70912434027,2019,9000,91300,100300
70823108117,2019,89400,270800,360200
70828306097,2019,35000,244900,279900
80924404778,2019,400,1600,2000
70921107053,2019,62800,356200,419000
70929306136,2019,79700,255100,334800
70834308095,2019,44200,440800,485000
70813330217,2019,55500,318600,374100
71010208140,2019,54000,176600,230600
81034410126,2019,84500,253300,337800
60812111198,2019,68400,209000,277400
60903216047,2019,17300,74200,91500
70914437946,2019,2200,17300,19500
70823305094,2019,78100,254700,332800
71001408014,2019,57000,184400,241400
70921315094,2019,121300,286800,408100
70836104029,2019,77100,192200,269300
71006404025,2019,68000,251600,319600
71012211183,2019,63400,271700,335100
70922404036,2019,127800,216500,344300
70923159060,2019,8000,7000,15000
70920108101,2019,153200,205200,358400
70814406025,2019,88800,173200,262000
81021301338,2019,57800,162000,219800
71004405166,2019,46800,157100,203900
60801305041,2019,73000,179300,252300
60811412183,2019,83400,201700,285100
71011124064,2019,57400,242200,299600
81028121458,2019,8700,68600,77300
70825303038,2019,127000,0,127000
81034205147,2019,66700,196700,263400
71006104071,2019,55400,139700,195100
70921408013,2019,142900,477600,620500
71003408096,2019,50500,249700,300200
70922437045,2019,69400,182000,251400
60801202057,2019,82600,218100,300700
60802303086,2019,93900,191700,285600
70922434190,2019,61000,258000,319000
71011422070,2019,24900,161000,185900
70920402264,2019,158000,293700,451700
70931302148,2019,110700,195300,306000
60901201040,2019,60100,166700,226800
81021106168,2019,60300,204900,265200
71010407049,2019,60400,184600,245000
81032104151,2019,33800,131200,165000
81014303185,2019,32800,144200,177000
70828420037,2019,72700,87500,160200
70921224039,2019,22700,187300,210000
71003212116,2019,77000,288000,365000
81026353037,2019,60400,262200,322600
70922221117,2019,175900,409300,585200
70915305019,2019,0,0,0
70813329260,2019,18500,172900,191400
71011402163,2019,84900,227100,312000
71010103134,2019,53000,200600,253600
70918211148,2019,132700,137700,270400
70919111016,2019,0,0,0
60801212262,2019,66400,161700,228100
70934311021,2019,209000,361000,570000
70923134012,2019,63200,217600,280800
71007219283,2019,106400,315500,421900
71003104032,2019,54300,197000,251300
70826403340,2019,68900,145700,214600
60801225348,2019,15000,145300,160300
70919113096,2019,98700,329400,428100
70922210079,2019,139500,645800,785300
71010107243,2019,55600,210100,265700
70835311013,2019,90100,282100,372200
80925401187,2019,57000,155900,212900
81028119867,2019,10100,89900,100000
70835210140,2019,80300,173600,253900
70926220090,2019,82300,213100,295400
70816305225,2019,131000,285000,416000
70913434282,2019,0,18000,18000
71002445049,2019,100,0,100
70932414075,2019,0,0,0
71015210017,2019,42700,224800,267500
80925304042,2019,64500,238700,303200
70913310135,2019,77500,408500,486000
81034416140,2019,55100,185600,240700
80936408114,2019,71200,157700,228900
70913405225,2019,68500,410900,479400
70823205418,2019,18100,266900,285000
80935108301,2019,467600,242400,710000
80935101040,2019,56100,153800,209900
70814421205,2019,14000,188600,202600
81033206104,2019,46200,109900,156100
81032300931,2019,0,0,0
60811429013,2019,93300,184600,277900
70836201049,2019,77100,247100,324200
70928321010,2019,158700,606600,765300
70922336239,2019,130200,180800,311000
70834214656,2019,40800,417200,458000
70928225113,2019,99100,98600,197700
81034331025,2019,23000,152000,175000
71021218021,2019,60600,119300,179900
70814305087,2019,93400,246500,339900
71009404056,2019,63300,123200,186500
70835315370,2019,51900,398400,450300
71005328010,2019,103300,251300,354600
70826414248,2019,16100,109800,125900
60801305017,2019,68600,162000,230600
70921403039,2019,142900,416100,559000
60802103238,2019,86200,187600,273800
71021222220,2019,72000,240400,312400
81026360222,2019,100,0,100
70824408045,2019,112000,255700,367700
70913315177,2019,156800,310600,467400
70922303064,2019,117600,261600,379200
70931105071,2019,264000,1416000,1680000
81023207584,2019,33600,158000,191600
81028402030,2019,57100,113000,170100
60801307138,2019,73600,136900,210500
71015405311,2019,53600,213500,267100
81028103175,2019,58400,137400,195800
70826410064,2019,73300,175900,249200
70918415120,2019,9500,33800,43300
70814104075,2019,119000,263900,382900
71027200965,2019,0,0,0
60906201251,2019,70100,149900,220000
81035112044,2019,100,0,100
71005229036,2019,39200,131000,170200
71007215398,2019,90600,254500,345100
71004101079,2019,140000,383000,523000
70919102015,2019,374000,239000,613000
71001323048,2019,63500,170000,233500
81028120228,2019,0,4000,4000
70929406051,2019,99100,225000,324100
70918402086,2019,91000,145800,236800
60801107041,2019,63900,169300,233200
60812102163,2019,85300,194400,279700
60903215023,2019,16400,69000,85400
70921104140,2019,92900,224600,317500
81032308042,2019,26300,133100,159400
81028119289,2019,10100,90300,100400
60802415146,2019,82000,333000,415000
71006313333,2019,0,0,0
60801412010,2019,72200,186700,258900
70823203107,2019,115300,338200,453500
60802408315,2019,70700,155900,226600
70922114057,2019,0,0,0
70833410221,2019,44700,449300,494000
70920103086,2019,111900,149600,261500
71001314138,2019,63800,243400,307200
70923175222,2019,3300,11700,15000
80926112121,2019,56200,172000,228200
70813110130,2019,121000,278800,399800
80925213102,2019,58000,140500,198500
71003304054,2019,49500,116800,166300
70922412162,2019,89100,324400,413500
80926111082,2019,58600,122900,181500
70923167500,2019,6500,18500,25000
60812222169,2019,23800,161900,185700
71030208211,2019,94300,180500,274800
70921103176,2019,81900,181100,263000
70828105019,2019,117000,187500,304500
71011302149,2019,61200,158500,219700
60811104128,2019,103300,294100,397400
60906206079,2019,60300,136400,196700
81031212260,2019,36900,89000,125900
71014108403,2019,10700,162200,172900
71005336138,2019,51000,404000,455000
60903208101,2019,14900,115100,130000
80926203053,2019,68200,146000,214200
70920220476,2019,0,6700,6700
70828414072,2019,0,0,0
70826412052,2019,10000,77300,87300
71014201273,2019,54800,141700,196500
71006103023,2019,77800,79300,157100
60812117279,2019,72700,186600,259300
71005414075,2019,48000,120400,168400
70822414804,2019,23600,181400,205000
70826412094,2019,8200,63400,71600
81015105077,2019,58100,187100,245200
70920404195,2019,114400,176600,291000
70928110059,2019,170500,401100,571600
70928102353,2019,118400,374600,493000
71007111166,2019,81900,495600,577500
71005309242,2019,63800,233600,297400
60812407373,2019,80000,187200,267200
80926401095,2019,45100,144800,189900
80924443180,2019,15600,281200,296800
70816402188,2019,174100,374600,548700
70922219071,2019,245500,367800,613300
70921103209,2019,84800,216200,301000
71034102055,2019,56200,215600,271800
81026365024,2019,3000,0,3000
70912403254,2019,100700,190100,290800
70923179050,2019,0,0,0
70826211149,2019,13700,54400,68100
71001102038,2019,70900,438100,509000
80925412019,2019,64500,229400,293900
71002442045,2019,100,0,100
81032429088,2019,30400,112700,143100
70932101036,2019,149300,308100,457400
71030208146,2019,101600,191600,293200
60812220014,2019,27300,165300,192600
71010207093,2019,53600,166100,219700
70833119261,2019,100000,267400,367400
70914418079,2019,151400,423400,574800
70836104102,2019,65800,185400,251200
70923105047,2019,74800,452500,527300
60812302341,2019,69600,178400,248000
71014215208,2019,7800,93500,101300
70930303022,2019,363000,327000,690000
70913317272,2019,812000,1000,813000
70922320224,2019,121800,305800,427600
70918201230,2019,141900,287400,429300
70828442073,2019,0,0,0
70923143865,2019,44900,740500,785400
70828413123,2019,0,0,0
70922312148,2019,0,0,0
70824303055,2019,105900,198800,304700
70912407123,2019,116000,311200,427200
80926113161,2019,56300,161600,217900
70918214069,2019,196600,0,196600
70931403227,2019,90800,140500,231300
70813324202,2019,132400,332900,465300
60905208092,2019,0,0,0
70919218143,2019,121200,218300,339500
71027404020,2019,0,0,0
71005224143,2019,65300,125300,190600
71030201116,2019,438000,312000,750000
71005322054,2019,110100,282400,392500
70913347708,2019,2500,12500,15000
70918319801,2019,20500,96800,117300
71006415056,2019,0,0,0
81033203100,2019,38300,138300,176600
70923161528,2019,8000,7000,15000
60811415020,2019,76400,165000,241400
70933201273,2019,122900,224900,347800
71005222246,2019,63800,98000,161800
81026349010,2019,58000,282100,340100
70824406031,2019,101500,289900,391400
70921210012,2019,67900,10000,77900
80925117966,2019,800,1200,2000
81031216155,2019,38100,155200,193300
71005414281,2019,0,0,0
70835207147,2019,88000,224000,312000
60906205203,2019,59800,144000,203800
71009407084,2019,58000,158500,216500
70814312404,2019,26100,278900,305000
70913319012,2019,191000,129000,320000
60801225108,2019,15000,135100,150100
70920219502,2019,0,0,0
80925403315,2019,54300,120600,174900
80925210231,2019,54600,228900,283500
80925411243,2019,54400,129700,184100
70935203201,2019,138100,578100,716200
70922325133,2019,178100,596400,774500
70815310051,2019,18900,201100,220000
60804107098,2019,116600,323400,440000
71012221249,2019,12100,130200,142300
80926113012,2019,67700,175200,242900
70922431211,2019,79200,181500,260700
70834214531,2019,40800,414900,455700
81034309121,2019,67000,154000,221000
70913332014,2019,0,0,0
70826416137,2019,18400,83600,102000
60811113103,2019,107600,182700,290300
70826205019,2019,3509000,4259000,7768000
71019402074,2019,287300,771100,1058400
71005338085,2019,56000,229000,285000
70929118135,2019,89900,190400,280300
70920124016,2019,15200,137600,152800
70935202097,2019,40900,95600,136500
70919411127,2019,114500,214800,329300
70901106108,2019,51000,153200,204200
70931416139,2019,104500,135400,239900
70822403047,2019,330000,2274000,2604000
71016101041,2019,52000,728000,780000
81034109216,2019,64100,163700,227800
70919418024,2019,44500,129500,174000
70826307112,2019,0,0,0
70814302033,2019,126000,261100,387100
70828404015,2019,0,0,0
81034107575,2019,114100,350300,464400
71016403132,2019,62700,209700,272400
60811420152,2019,19000,196700,215700
81027401033,2019,658000,1659900,2317900
70823400860,2019,0,0,0
70932207115,2019,14000,105800,119800
71014214309,2019,8100,114900,123000
71011418061,2019,128800,221400,350200
80924305017,2019,71400,307400,378800
71007112221,2019,94600,277100,371700
70815104058,2019,572000,1873000,2445000
70823212223,2019,76900,176700,253600
70824213220,2019,101800,314400,416200
70913112284,2019,137900,265600,403500
71011207034,2019,37200,225500,262700
70919213127,2019,97600,233000,330600
71003315259,2019,48300,191500,239800
70826418167,2019,21500,121700,143200
70833109072,2019,78100,237000,315100
60904108095,2019,89300,200700,290000
70813109042,2019,138000,209900,347900
70931409176,2019,97900,168100,266000
71035109050,2019,72100,192900,265000
70931307164,2019,101000,159500,260500
70913334060,2019,30600,336400,367000
71030201330,2019,500900,245000,745900
70836106067,2019,69800,157800,227600
70912448028,2019,9000,91300,100300
70813404046,2019,209700,282700,492400
60812109284,2019,83700,185700,269400
70918403076,2019,265100,300900,566000
81015302053,2019,0,0,0
71010103209,2019,53600,185300,238900
80935103054,2019,48700,173100,221800
71016417141,2019,271000,571600,842600
70920110023,2019,141200,178100,319300
81022202048,2019,975000,6725000,7700000
70913210286,2019,95500,176800,272300
70922304020,2019,118200,194400,312600
80925402052,2019,53600,160500,214100
60801405023,2019,0,0,0
60801112058,2019,60000,132800,192800
70923126209,2019,128200,210000,338200
71004313343,2019,54100,144200,198300
70901101124,2019,66800,171000,237800
70922213065,2019,203500,382800,586300
71010311232,2019,51000,143000,194000
71021224086,2019,83400,223300,306700
80924419842,2019,400,1600,2000
70932102092,2019,215700,441300,657000
70918214027,2019,79500,175800,255300
70820114050,2019,119600,0,119600
71009408040,2019,66000,124200,190200
71006128469,2019,47200,164300,211500
70836213474,2019,11600,119300,130900
80935106280,2019,66400,193500,259900
60802112073,2019,93500,176500,270000
60801116034,2019,66700,156100,222800
70919402176,2019,115500,223400,338900
60811116181,2019,18800,216900,235700
70913410026,2019,0,0,0
70912409161,2019,108800,347800,456600
70922210037,2019,0,0,0
70824213113,2019,111000,153700,264700
70836408257,2019,61900,135800,197700
71014216503,2019,7500,86400,93900
70932401220,2019,140900,319100,460000
80925306410,2019,55700,70900,126600
80924412820,2019,400,1600,2000
70823208115,2019,134500,280200,414700
70912409335,2019,98800,260100,358900
70835206173,2019,94700,218400,313100
70918408117,2019,287000,258400,545400
70920305210,2019,105000,239300,344300
70816407146,2019,159700,485300,645000
71008102106,2019,43200,170100,213300
60812111320,2019,78500,195100,273600
80935103012,2019,46600,183900,230500
70823108084,2019,107200,240600,347800
81030202113,2019,0,0,0
81019307041,2019,57700,165100,222800
70929401142,2019,85000,240400,325400
71009313059,2019,106400,181100,287500
70923145704,2019,8000,7000,15000
71001406018,2019,57000,167300,224300
80924434030,2019,10600,185200,195800
70820115157,2019,114500,0,114500
70929223348,2019,95200,201600,296800
81028102268,2019,59000,162500,221500
71005313235,2019,59700,212100,271800
70932405157,2019,0,0,0
60802423107,2019,18900,184600,203500
71007114087,2019,78200,338600,416800
70923160322,2019,8000,7000,15000
81031401219,2019,74700,0,74700
81021303136,2019,44300,155000,199300
60812103195,2019,85100,171800,256900
70921127150,2019,14300,213200,227500
80926203011,2019,70500,136900,207400
71010301423,2019,54600,185500,240100
60804108012,2019,900000,12089000,12989000
71004303039,2019,58500,154900,213400
81032421125,2019,49300,124200,173500
81030312277,2019,56000,143700,199700
60801109112,2019,66100,159100,225200
60906108192,2019,65500,167800,233300
70929121170,2019,122100,288300,410400
70828437090,2019,0,0,0
71010118076,2019,58900,250700,309600
70936311029,2019,60200,153600,213800
70913102178,2019,87300,135900,223200
71016116016,2019,60100,131200,191300
71004401106,2019,44900,166000,210900
70814415068,2019,85900,175900,261800
70923133204,2019,92400,212400,304800
70913114199,2019,70100,329100,399200
71034103235,2019,60100,183900,244000
70913405043,2019,92400,288600,381000
80924425039,2019,11000,177000,188000
80926306112,2019,62300,222000,284300
60802421185,2019,70100,189700,259800
80926112056,2019,54800,143800,198600
70932416138,2019,53600,154600,208200
60802302525,2019,89700,222400,312100
60801212311,2019,70100,183900,254000
70922209072,2019,101400,375600,477000
70918211057,2019,264000,743000,1007000
80924423166,2019,10200,172500,182700
71006420196,2019,62500,218100,280600
80925205092,2019,55200,138400,193600
70923124302,2019,114100,267500,381600
80925202238,2019,54500,137100,191600
70920217481,2019,400,14600,15000
80935108335,2019,522400,227600,750000
70931104247,2019,149500,265400,414900
60801409174,2019,68400,181400,249800
71012209104,2019,59500,190500,250000
70823210433,2019,120200,293200,413400
71002418484,2019,100,0,100
71002311125,2019,58700,246100,304800
70919219125,2019,90800,216100,306900
70914402113,2019,0,0,0
70920218025,2019,400,14600,15000
81014300967,2019,83500,111400,194900
81021412185,2019,55200,139200,194400
71009226195,2019,62000,0,62000
70922401115,2019,85200,255100,340300
60801234076,2019,15000,140200,155200
71002401017,2019,82000,218700,300700
70813402496,2019,247300,1017700,1265000
70835206074,2019,97100,253400,350500
71004304011,2019,54700,152600,207300
70920220591,2019,0,6700,6700
70901106067,2019,51000,189800,240800
71019406092,2019,87200,157800,245000
71011124048,2019,57300,266300,323600
70922404416,2019,101000,176200,277200
71010213040,2019,52900,191800,244700
71019411489,2019,9000,65200,74200
80926304190,2019,77300,172000,249300
70836107239,2019,69500,207900,277400
70828415020,2019,0,0,0
70923308013,2019,124300,243000,367300
80926307045,2019,67400,271900,339300
81026360363,2019,100,0,100
71009214398,2019,58500,132900,191400
70918307228,2019,95000,76100,171100
71002418228,2019,0,0,0
71003316041,2019,57300,197900,255200
71005215077,2019,61500,121900,183400
70923140316,2019,1500,13500,15000
70919215123,2019,85500,1700,87200
71010310193,2019,55400,183200,238600
70836109087,2019,85900,151600,237500
70901112064,2019,59000,77600,136600
71035125030,2019,11800,256400,268200
60801225471,2019,15000,143500,158500
80925113683,2019,800,1200,2000
71010211325,2019,52600,151000,203600
70926304167,2019,104300,177900,282200
70919408116,2019,109900,193500,303400
81030204086,2019,48200,123000,171200
70828424055,2019,0,0,0
80926101166,2019,55000,153300,208300
70835112164,2019,144900,225900,370800
70829410087,2019,17100,0,17100
71009104169,2019,54100,190900,245000
70823305060,2019,78100,189300,267400
70913112060,2019,100500,196400,296900
80926114135,2019,18300,108400,126700
70901113418,2019,20700,110300,131000
70913429118,2019,15400,336800,352200
70836312135,2019,19100,188700,207800
71011123149,2019,34100,254200,288300
71005213188,2019,55200,184500,239700
70929213133,2019,78500,163800,242300
71006104196,2019,55400,215800,271200
71006404257,2019,68000,282500,350500
70834308920,2019,28000,332000,360000
70913344043,2019,26400,286800,313200
71027402040,2019,244000,0,244000
70913347055,2019,2500,12500,15000
71005323036,2019,90400,271300,361700
60801410072,2019,72200,177200,249400
70929103144,2019,137800,223300,361100
70923104081,2019,216000,1204000,1420000
71004312246,2019,58900,188700,247600
81021301271,2019,57800,181400,239200
70926414057,2019,46800,154200,201000
81031408083,2019,39600,154200,193800
81023207170,2019,33600,155800,189400
81028108357,2019,54900,156600,211500
60801122114,2019,67500,171000,238500
71010209015,2019,52900,185400,238300
81035116020,2019,100,0,100
81015105316,2019,61500,183500,245000
60801302154,2019,86500,129400,215900
70923146299,2019,8000,7000,15000
70814403401,2019,0,0,0
70928211162,2019,97800,196500,294300
70833410122,2019,44700,460900,505600
60801110060,2019,60300,190400,250700
81031103104,2019,0,0,0
70814419036,2019,15200,175600,190800
70929419252,2019,86500,238500,325000
70824411072,2019,102900,164900,267800
70932418134,2019,53100,121500,174600
71007310015,2019,392800,151000,543800
71006211090,2019,69200,179100,248300
70913434696,2019,0,1500,1500
81021404132,2019,51000,139300,190300
81030208054,2019,64000,251000,315000
70920216524,2019,11000,317600,328600
71006414230,2019,69400,286300,355700
70914437095,2019,1100,5900,7000
70834205019,2019,82700,240100,322800
71004305168,2019,52800,151400,204200
71016402176,2019,61900,158600,220500
71005323028,2019,79800,289400,369200
70914420264,2019,1915500,1258000,3173500
60801112181,2019,59500,146500,206000
71003206177,2019,53100,150600,203700
71009315120,2019,68800,117100,185900
70814419341,2019,15200,180900,196100
81034406076,2019,61500,181500,243000
70833123072,2019,101000,251500,352500
70929305237,2019,89000,236900,325900
70826316048,2019,30900,0,30900
70922422038,2019,161700,229000,390700
70930301133,2019,0,0,0
70826417432,2019,21500,107500,129000
70821111138,2019,112100,324400,436500
70932306016,2019,81300,145400,226700
70826418224,2019,0,0,0
71027402024,2019,338000,1818100,2156100
70919302011,2019,0,0,0
71006410072,2019,68000,261900,329900
81034105024,2019,72700,154500,227200
60801104039,2019,70400,183300,253700
81023304190,2019,35600,124500,160100
70914437558,2019,1100,5900,7000
70923114262,2019,3752300,53317700,57070000
71022302716,2019,358000,1075000,1433000
70822101039,2019,0,0,0
70821400995,2019,0,0,0
70836208392,2019,33000,131000,164000
70919408265,2019,92800,265300,358100
81032316128,2019,21000,137300,158300
71031101018,2019,0,0,0
70923173119,2019,3300,11700,15000
70824413094,2019,352000,1098000,1450000
71035104018,2019,316000,4803000,5119000
71011110055,2019,70500,188700,259200
71006402095,2019,65100,207900,273000
70835103139,2019,98400,226000,324400
70931305019,2019,92500,153800,246300
70923166437,2019,84700,387500,472200
70931301033,2019,110700,177100,287800
70828423065,2019,0,0,0
81023207279,2019,33600,104000,137600
80924421904,2019,400,1600,2000
70924219029,2019,0,25000,25000
71014215480,2019,7800,88800,96600
60905204082,2019,88000,226000,314000
81031211296,2019,47500,210300,257800
80936108037,2019,13800,104500,118300
70901113335,2019,12800,77200,90000
70828204051,2019,500,0,500
71016410195,2019,61500,124000,185500
71007114160,2019,99200,289900,389100
71035115164,2019,63800,272700,336500
80924403168,2019,8200,124100,132300
71009301070,2019,64300,137400,201700
70920416299,2019,122500,177700,300200
70826202023,2019,341000,459000,800000
60802305397,2019,13800,198700,212500
71004307099,2019,62100,160800,222900
80936404245,2019,74000,211000,285000
70913201102,2019,939800,357300,1297100
71010404269,2019,57900,173700,231600
71011127076,2019,73400,296400,369800
70922117176,2019,0,0,0
70936408173,2019,64400,178700,243100
70918416194,2019,10500,113400,123900
60812302218,2019,68000,194600,262600
81034310201,2019,0,0,0
70920309080,2019,95500,242400,337900
81028119742,2019,8700,65200,73900
71011405159,2019,92200,268800,361000
70931407021,2019,67900,122500,190400
71007110093,2019,84900,244100,329000
70824411246,2019,0,0,0
70922410075,2019,130000,415000,545000
60801109188,2019,63900,151700,215600
71005406163,2019,44400,160300,204700
80936412074,2019,69700,115600,185300
80924426128,2019,9900,170700,180600
71010306027,2019,51600,151700,203300
70823303197,2019,83500,217600,301100
81033205362,2019,45600,114300,159900
70928318083,2019,173400,530500,703900
70820112103,2019,100,0,100
70826417672,2019,21500,103900,125400
70813310350,2019,17300,178500,195800
60801408027,2019,75800,246600,322400
71006128360,2019,75000,5000,80000
80925112693,2019,800,1200,2000
70913347063,2019,2500,12500,15000
70931411147,2019,99300,170800,270100
81027103118,2019,800000,0,800000
60905208042,2019,57500,112900,170400
70826203021,2019,616000,674000,1290000
71014301255,2019,62500,208900,271400
70936406416,2019,59200,177100,236300
71015114128,2019,43800,151300,195100
60812214158,2019,19100,183500,202600
70826212072,2019,18800,190900,209700
81030206016,2019,53700,126500,180200
71001302084,2019,65300,155900,221200
81033308017,2019,6400,64800,71200
71001325010,2019,24900,144600,169500
80926203201,2019,71800,210800,282600
71034106015,2019,69200,217300,286500
70918103080,2019,628700,971300,1600000
70836116058,2019,69300,180000,249300
71006106118,2019,62800,187000,249800
80926106116,2019,53200,131800,185000
71014215662,2019,7800,142200,150000
71024301013,2019,982900,0,982900
70926203088,2019,80600,318000,398600
70835122296,2019,6500,77800,84300
60905102129,2019,52300,102900,155200
71002309138,2019,100,0,100
70912431023,2019,9000,91300,100300
81031224231,2019,46600,116700,163300
70814101352,2019,97200,263100,360300
70928110067,2019,109100,347200,456300
70826414074,2019,16100,100900,117000
60904108243,2019,94100,211900,306000
70836216311,2019,5500,92800,98300
81031407069,2019,0,0,0
70824412103,2019,106800,190300,297100
70929405160,2019,86100,259900,346000
70824408095,2019,110600,198700,309300
60812405210,2019,79600,171700,251300
70828446017,2019,0,0,0
80924424734,2019,400,1600,2000
70834402045,2019,130000,485000,615000
70932208105,2019,14200,151600,165800
70913354670,2019,0,2500,2500
60803115026,2019,111200,496800,608000
70923162401,2019,8000,7000,15000
70923144441,2019,8000,7000,15000
70835319025,2019,74600,213500,288100
70922438275,2019,96900,0,96900
60802306022,2019,19400,170700,190100
70829104101,2019,51000,263000,314000
71009409121,2019,65500,122500,188000
71016112212,2019,54000,158500,212500
60903207161,2019,0,0,0
71005112108,2019,65100,143900,209000
71010409061,2019,56400,141200,197600
71015116033,2019,47200,165000,212200
80924427150,2019,12700,194200,206900
81028113356,2019,59200,224900,284100
71013201042,2019,80000,400000,480000
60904102253,2019,83400,216600,300000
60812302573,2019,0,0,0
70823112134,2019,89000,278800,367800
70913341106,2019,21300,326900,348200
81026206244,2019,4600,0,4600
81030401963,2019,0,462200,462200
80924444732,2019,400,1600,2000
71014106423,2019,12500,156000,168500
70918303309,2019,81900,124800,206700
71007206058,2019,60300,256700,317000
71003401107,2019,55000,179300,234300
71011220226,2019,11300,228800,240100
70913337105,2019,49300,206700,256000
81034307125,2019,44100,163000,207100
71006446142,2019,3000,35000,38000
70923410173,2019,0,0,0
70923170537,2019,2100,400,2500
70921114024,2019,124400,329000,453400
70914437251,2019,1100,5900,7000
70813304246,2019,79600,207200,286800
70921401108,2019,122800,329500,452300
80936118060,2019,13800,94600,108400
70933408043,2019,66000,217600,283600
70923125243,2019,160600,321600,482200
70829105117,2019,47400,234600,282000
70936408024,2019,63200,129200,192400
71006134292,2019,67900,193400,261300
80925104393,2019,57600,123700,181300
70826211537,2019,18300,67000,85300
70921408146,2019,142900,438500,581400
70836416135,2019,62000,145400,207400
70913223156,2019,6100,368800,374900
70826412193,2019,10000,75400,85400
70929413113,2019,83100,222900,306000
70926412366,2019,46100,112900,159000
71022200861,2019,385500,567500,953000
71006310298,2019,39600,148700,188300
70822105130,2019,115900,274100,390000
70931202455,2019,71900,275800,347700
70828441075,2019,0,0,0
70918306113,2019,79500,140000,219500
81032424153,2019,33700,130600,164300
70835122155,2019,6500,77500,84000
81023303027,2019,0,0,0
71014203451,2019,63400,207200,270600
80936211088,2019,55600,160500,216100
70822413020,2019,41800,267300,309100
71014301081,2019,55700,209300,265000
70835123468,2019,6500,74100,80600
70823100931,2019,0,0,0
70826421970,2019,0,4000,4000
71011209056,2019,60300,302200,362500
71005322046,2019,90400,160000,250400
70833304143,2019,116300,486700,603000
80935102147,2019,59500,129700,189200
70918319562,2019,20500,110000,130500
71014210183,2019,66300,145800,212100
81030307103,2019,61700,136800,198500
71010415026,2019,70600,222400,293000
70834308053,2019,42300,353300,395600
71016409205,2019,61700,156700,218400
70923166023,2019,58100,332600,390700
70826205027,2019,539000,561000,1100000
70814312298,2019,26100,251400,277500
70816318038,2019,181200,614400,795600
70923315117,2019,98200,503300,601500
71019406183,2019,80300,110200,190500
71005227147,2019,47100,125700,172800
70932106044,2019,137500,332500,470000
70923146067,2019,8000,7000,15000
60812406060,2019,87900,182200,270100
71026102013,2019,636000,0,636000
60901203252,2019,59200,154400,213600
70920217598,2019,400,14600,15000
71015106183,2019,66400,153200,219600
81034307034,2019,44100,117100,161200
70823306076,2019,90200,177200,267400
70918204101,2019,126100,455700,581800
71011409086,2019,118300,278000,396300
70922419051,2019,88300,203400,291700
70926412069,2019,48000,141000,189000
60801105061,2019,70000,182800,252800
81015103039,2019,60400,157600,218000
70912446030,2019,9000,91300,100300
70929201047,2019,83500,180300,263800
60812101066,2019,77700,166900,244600
70823311330,2019,10900,130700,141600
71015101026,2019,56300,180600,236900
70836116032,2019,69300,191400,260700
71006413092,2019,57500,219300,276800
71019406076,2019,87200,160700,247900
70922302016,2019,87400,279700,367100
70824210060,2019,115600,176000,291600
70835319116,2019,89600,301500,391100
60801202156,2019,93400,186500,279900
70923142221,2019,44900,266600,311500
60904110082,2019,89300,307300,396600
70931402039,2019,109200,167300,276500
70918201032,2019,644500,654900,1299400
71035118118,2019,76100,241400,317500
60901202254,2019,61300,148300,209600
80925305032,2019,61100,112700,173800
71014202271,2019,56100,153200,209300
70912407298,2019,118800,358000,476800
70826417086,2019,21500,124300,145800
70934309240,2019,15700,104300,120000
81021403366,2019,51000,156100,207100
60801208089,2019,70000,208700,278700
71015104046,2019,57500,163300,220800
70822102102,2019,89700,240000,329700
60801311072,2019,75600,192600,268200
70929218042,2019,95200,161800,257000
71007302228,2019,117800,274900,392700
71006113098,2019,61800,131400,193200
70922330116,2019,178100,721900,900000
71004301273,2019,58500,144500,203000
70920103127,2019,97200,169700,266900
70826313052,2019,69200,228900,298100
70834427952,2019,0,5000,5000
80936104077,2019,13800,93100,106900
70828305015,2019,0,0,0
71030213153,2019,90100,170100,260200
71014301172,2019,59200,165800,225000
60811204118,2019,109800,260300,370100
80924414230,2019,28700,306600,335300
70823406454,2019,54200,293200,347400
70929111246,2019,99700,281100,380800
81031300784,2019,97500,45500,143000
70920212100,2019,126200,353000,479200
70834408077,2019,330700,0,330700
70836308069,2019,77000,323000,400000
70918401228,2019,0,0,0
70813329202,2019,18500,172400,190900
71010112101,2019,0,0,0
80936105041,2019,14900,99900,114800
60801312020,2019,68800,150300,219100
71005309060,2019,62900,211100,274000
70923153640,2019,1300,23700,25000
70823117069,2019,75500,215600,291100
60803201049,2019,178100,166900,345000
80925303333,2019,73300,124100,197400
71035101014,2019,79100,271300,350400
71016204085,2019,100800,112500,213300
70923145069,2019,8000,7000,15000
70923311107,2019,710000,909200,1619200
70921114074,2019,124400,292000,416400
70922408020,2019,104700,393300,498000
70920217671,2019,400,14600,15000
81032403123,2019,44000,117400,161400
71001412073,2019,57200,205300,262500
80925104442,2019,59600,161100,220700
81021403415,2019,54100,169000,223100
71009400864,2019,176000,759000,935000
81015105192,2019,58600,202800,261400
81031301063,2019,32000,52000,84000
71001306127,2019,71100,192200,263300
60803116024,2019,128500,354700,483200
71011217067,2019,931500,0,931500
71021214136,2019,54600,163900,218500
70816319036,2019,153500,512100,665600
60801115119,2019,60300,142300,202600
70823110310,2019,89400,220100,309500
70928106107,2019,108200,337600,445800
80936404013,2019,40000,525000,565000
71001108052,2019,59100,164400,223500
70923217230,2019,0,0,0
60811113012,2019,105700,285000,390700
71021109080,2019,61000,137000,198000
71007316162,2019,34000,309200,343200
81021402251,2019,47200,166000,213200
70920305343,2019,101300,320900,422200
71006120118,2019,0,0,0
70913110098,2019,100500,140800,241300
70836408033,2019,61600,136300,197900
70920403139,2019,114400,184000,298400
71011404169,2019,85100,270900,356000
71016410038,2019,0,0,0
70921303106,2019,188100,623900,812000
70823205187,2019,18100,217300,235400
71011311017,2019,21600,110300,131900
70922428044,2019,134100,255700,389800
81033401027,2019,59000,576000,635000
60812221038,2019,22300,208600,230900
81032427040,2019,32300,130900,163200
71003312172,2019,48800,141300,190100
60811416234,2019,91600,193900,285500
70918224050,2019,18100,99900,118000
70922105022,2019,0,0,0
70929204207,2019,115500,161000,276500
60801112165,2019,59500,136500,196000
81031211288,2019,43800,100400,144200
81028200955,2019,0,0,0
70921110072,2019,124500,260500,385000
71030201314,2019,446800,221400,668200
70824301033,2019,115900,238600,354500
81026361072,2019,100,0,100
70921220029,2019,136100,251100,387200
70823404094,2019,51700,185800,237500
81032108103,2019,0,0,0
71021203254,2019,53000,185500,238500
71015202189,2019,31700,160300,192000
71010410084,2019,53200,129200,182400
80925104111,2019,65300,130900,196200
71010403097,2019,52800,205800,258600
71006119153,2019,49000,511000,560000
71016209225,2019,70800,176600,247400
70813333047,2019,26300,203600,229900
70814408039,2019,130500,360100,490600
81031103063,2019,0,0,0
81033410094,2019,20000,20000,40000
70923160223,2019,8000,7000,15000
81030212021,2019,45600,130800,176400
70929216202,2019,90100,218000,308100
70923408201,2019,44300,98400,142700
60801219143,2019,84700,190600,275300
71021113958,2019,0,1000,1000
81034414053,2019,68600,260500,329100
70922314037,2019,136000,296500,432500
71005309169,2019,51700,239300,291000
70923153286,2019,1300,23700,25000
71007113120,2019,78200,279400,357600
80924101126,2019,92200,212300,304500
80924402079,2019,8200,122700,130900
70929304099,2019,87300,261200,348500
71009223240,2019,45900,166800,212700
81028120476,2019,0,5000,5000
70918321806,2019,0,2000,2000
71009202195,2019,50500,149500,200000
71014215018,2019,7800,134600,142400
71030210034,2019,89100,333200,422300
81021417010,2019,32500,82000,114500
70826201108,2019,330000,1335000,1665000
70921306267,2019,175000,497000,672000
70921115121,2019,124400,280500,404900
70834103073,2019,150000,0,150000
70921210145,2019,71900,183400,255300
70913219098,2019,20500,319500,340000
70914420066,2019,310000,2069000,2379000
70922346361,2019,0,15000,15000
70813404020,2019,117900,0,117900
71005104030,2019,66600,135400,202000
71001404038,2019,60200,190300,250500
70918417019,2019,0,0,0
70920218059,2019,400,14600,15000
70932103115,2019,80400,210300,290700
70923156090,2019,3300,11700,15000
71021209012,2019,60000,170400,230400
70816402039,2019,164000,285900,449900
81026351081,2019,3400,0,3400
70913210020,2019,75200,346400,421600
70923411717,2019,29700,258300,288000
70829414071,2019,9400,0,9400
81021407037,2019,51700,189100,240800
71009219182,2019,45900,143600,189500
70912406117,2019,111400,315800,427200
70918307103,2019,74800,137400,212200
60802302278,2019,91300,240700,332000
60801419470,2019,16600,189400,206000
60811108063,2019,105100,219300,324400
70835107412,2019,0,0,0
70836207071,2019,0,0,0
70923164267,2019,44900,348900,393800
70921101055,2019,990000,7185000,8175000
71027417156,2019,0,0,0
70929216161,2019,88300,231300,319600
71014214135,2019,8100,131300,139400
70923124170,2019,102000,224200,326200
70817402070,2019,0,0,0
70921317066,2019,104600,217300,321900
70930102143,2019,79000,289000,368000
70917101184,2019,57000,328000,385000
70923166081,2019,38500,201500,240000
71001306119,2019,67300,215200,282500
81032104200,2019,26200,105900,132100
60812203169,2019,0,0,0
70921112078,2019,124400,339900,464300
60903215015,2019,16400,85300,101700
70918214085,2019,82900,0,82900
70929202095,2019,88300,229100,317400
70922433051,2019,71000,705000,776000
71010309047,2019,53600,133000,186600
80924431135,2019,13100,226100,239200
60802419065,2019,73700,233000,306700
60901202163,2019,60500,156600,217100
70922329010,2019,132900,225300,358200
71007242135,2019,10100,201300,211400
70916200961,2019,0,0,0
80926110159,2019,69000,244100,313100
70823115071,2019,85400,266000,351400
70826406097,2019,70100,186000,256100
71011405167,2019,92600,288900,381500
70922313063,2019,117600,460100,577700
71030210141,2019,84800,124700,209500
70920214148,2019,15200,320800,336000
71002107764,2019,9500,158300,167800
71002314202,2019,5000,0,5000
70920109175,2019,121600,157600,279200
60801201356,2019,66800,169300,236100
60802103064,2019,65300,169400,234700
71010110080,2019,54200,174400,228600
70813325169,2019,13600,165700,179300
70931212090,2019,70900,158000,228900
70836204027,2019,69900,196800,266700
60812317093,2019,74900,234300,309200
81031213060,2019,38500,96700,135200
81021301362,2019,65200,200100,265300
70929202079,2019,81900,222100,304000
70918416251,2019,9500,33800,43300
71003304161,2019,55300,139700,195000
71035119067,2019,60000,190300,250300
70929106156,2019,83900,187600,271500
70836306188,2019,77000,323000,400000
70928102238,2019,102800,317200,420000
71006111258,2019,71100,110700,181800
80936212028,2019,31200,75300,106500
70823211019,2019,81300,202600,283900
71007307137,2019,463000,412000,875000
70823405232,2019,67900,210600,278500
80936204041,2019,18000,129700,147700
60901100979,2019,0,0,0
70926111132,2019,77400,244800,322200
71006303136,2019,50100,232500,282600
70923167071,2019,6500,18500,25000
60906107128,2019,71600,157200,228800
60801406021,2019,24900,147800,172700
71021224060,2019,69800,199500,269300
71003403054,2019,51000,184000,235000
70913434620,2019,0,1600,1600
70913101013,2019,820700,1530500,2351200
80935104101,2019,56100,195400,251500
81030211057,2019,80500,143200,223700
71006308285,2019,51000,178800,229800
70835124630,2019,500,1500,2000
60906209164,2019,55000,169200,224200
71005339116,2019,105800,428500,534300
70836204118,2019,67800,186600,254400
70929105249,2019,104100,293400,397500
70921414127,2019,114900,272300,387200
70923145142,2019,8000,7000,15000
71002107532,2019,9500,143800,153300
60801212460,2019,77000,148000,225000
70921204031,2019,87000,383000,470000
70928204026,2019,109000,270000,379000
80924407897,2019,400,1600,2000
80926112080,2019,55600,131700,187300
70821212085,2019,137500,340500,478000
81028121622,2019,10100,99800,109900
71016408116,2019,201000,329000,530000
80924408150,2019,9000,134700,143700
70826309209,2019,107500,345900,453400
71010214030,2019,58400,195500,253900
70927104011,2019,0,0,0
70936401086,2019,65000,124100,189100
60903201345,2019,0,0,0
70913349390,2019,25000,149400,174400
71005339059,2019,100500,205500,306000
70823113249,2019,89400,271700,361100
70923174638,2019,3300,11700,15000
70935305148,2019,160000,0,160000
70936312027,2019,29000,97000,126000
81023209142,2019,0,1200,1200
70824406099,2019,105500,227600,333100
70914404169,2019,184800,8300,193100
71009219174,2019,50300,210300,260600
70919228902,2019,400,2600,3000
70922223197,2019,117000,343000,460000
60801412276,2019,77800,224100,301900
71005310182,2019,60300,171700,232000
70929404089,2019,97400,234300,331700
70834214127,2019,27000,319900,346900
70823305052,2019,78100,241000,319100
70921113208,2019,124400,368300,492700
81034107260,2019,57600,161800,219400
81031231020,2019,23200,112800,136000
81031228118,2019,38500,108700,147200
60802309266,2019,81500,249100,330600
81031222201,2019,38100,156500,194600
70919227186,2019,25300,249600,274900
60812313398,2019,33100,169400,202500
70920219859,2019,0,0,0
71011124080,2019,56300,260200,316500
80936402025,2019,40000,510000,550000
70836203285,2019,75100,239800,314900
70928213184,2019,110200,274800,385000
71005205151,2019,60200,129700,189900
70936408082,2019,60900,171900,232800
70935402035,2019,0,0,0
60802312392,2019,104800,258000,362800
70821110057,2019,117500,325300,442800
70833107141,2019,104900,291300,396200
70826421649,2019,0,4000,4000
70923156446,2019,5000,10000,15000
71034102302,2019,47400,203500,250900
71007205050,2019,55000,174700,229700
71034105265,2019,86300,192400,278700
60802417176,2019,70900,192200,263100
81026366030,2019,3000,0,3000
70928202062,2019,96500,193100,289600
81031405261,2019,38100,133200,171300
81031408059,2019,39600,167300,206900
60803102057,2019,120000,274000,394000
81032430019,2019,39200,156800,196000
71010211200,2019,60700,149500,210200
70833204111,2019,114900,255300,370200
71011108521,2019,30000,235700,265700
71003207018,2019,53100,190800,243900
71005205078,2019,47000,124900,171900
70920218679,2019,400,14600,15000
71011208149,2019,23300,168000,191300
71005324167,2019,105800,260000,365800
71006309100,2019,67200,212200,279400
80924418026,2019,9600,168900,178500
81034410069,2019,65900,213100,279000
80925205183,2019,55700,163100,218800
71016204168,2019,59000,92800,151800
81034327040,2019,11300,67800,79100
70922414192,2019,80200,184200,264400
70821104034,2019,111100,359900,471000
70922417021,2019,77200,218900,296100
70824221025,2019,130000,280400,410400
70918411144,2019,146000,229000,375000
70921407255,2019,129200,363200,492400
70920220385,2019,0,11300,11300
70828115092,2019,90100,166300,256400
70834308772,2019,123100,305300,428400
71035125163,2019,11800,280400,292200
80936101023,2019,13800,93100,106900
71030201348,2019,493200,239900,733100
70919409049,2019,103900,231000,334900
70923175173,2019,3300,11700,15000
71004318153,2019,57200,162900,220100
81015103013,2019,68400,169900,238300
60801208443,2019,51100,193100,244200
71003102052,2019,53100,237000,290100
60811410054,2019,75600,179400,255000
80925207220,2019,53200,118900,172100
71016103013,2019,89000,71000,160000
60811412331,2019,98100,207600,305700
70922411057,2019,164300,197500,361800
70816310084,2019,171400,448500,619900
70929205198,2019,92000,207900,299900
70914437433,2019,1100,5900,7000
81026421016,2019,100,0,100
70913323245,2019,156600,93900,250500
71014215159,2019,7800,141400,149200
71006312062,2019,60600,187800,248400
81031204192,2019,39800,105700,145500
70826407136,2019,71900,165200,237100
70821403014,2019,104400,370100,474500
71007312037,2019,44800,139800,184600
81023209035,2019,0,1200,1200
70828119010,2019,84400,315600,400000
70824203297,2019,114800,315200,430000
81030311055,2019,59800,126000,185800
71035114322,2019,71100,244200,315300
70920418196,2019,121600,125900,247500
70931103306,2019,113400,111400,224800
60803106215,2019,103200,187600,290800
70926202171,2019,83000,128900,211900
70914421171,2019,70000,348000,418000
71006204102,2019,56200,101100,157300
70828442148,2019,0,0,0
71006127172,2019,59000,251000,310000
70824213105,2019,115400,237100,352500
60802101183,2019,76000,264000,340000
71005231180,2019,48100,104400,152500
70929216210,2019,88300,157700,246000
70829104119,2019,51000,279000,330000
81030213037,2019,45600,175800,221400
70919227144,2019,31800,254300,286100
70921112292,2019,124400,402400,526800
70932306074,2019,70300,120700,191000
70835115035,2019,14200,124900,139100
71005226123,2019,45400,160900,206300
70921319038,2019,81000,327100,408100
71010408211,2019,59000,162400,221400
60906208059,2019,58200,162000,220200
80924438686,2019,400,1600,2000
70914419340,2019,0,0,0
60903208268,2019,14900,118200,133100
71025100969,2019,0,0,0
60906108027,2019,67600,170900,238500
71035115049,2019,64700,327500,392200
71015117239,2019,52700,241500,294200
70826315412,2019,53100,0,53100
60802408068,2019,66300,184000,250300
80924406849,2019,400,1600,2000
70834415204,2019,24000,180200,204200
70921214246,2019,121200,281400,402600
70932106086,2019,140900,444200,585100
70923143261,2019,44900,175100,220000
70835120167,2019,16100,72400,88500
71011120145,2019,47500,268300,315800
81027106203,2019,36700,111100,147800
80924443966,2019,400,1600,2000
71005224094,2019,65300,189900,255200
70822105239,2019,48200,176800,225000
71006410204,2019,68000,307100,375100
70934100854,2019,0,0,0
71002405233,2019,59700,306300,366000
80927401143,2019,241400,366100,607500
71006430111,2019,104100,196500,300600
70825300993,2019,2261000,9363000,11624000
71004301182,2019,50700,150800,201500
71005318227,2019,76600,201800,278400
70931403243,2019,106800,148200,255000
70828418066,2019,0,0,0
71014202289,2019,57800,128500,186300
71005331097,2019,147200,487400,634600
70922307058,2019,97000,347900,444900
81031405120,2019,36700,164700,201400
81034309254,2019,68600,250400,319000
60801113254,2019,59500,145200,204700
71009224173,2019,45900,146000,191900
71011205111,2019,34000,212100,246100
80925124846,2019,800,1200,2000
70828445069,2019,0,0,0
81019302108,2019,58700,167100,225800
60901201280,2019,67800,149300,217100
70932300943,2019,110000,158000,268000
70928216104,2019,95300,213700,309000
70923309136,2019,55600,239000,294600
70923409192,2019,45800,344400,390200
70901102099,2019,51000,159700,210700
70929302150,2019,78300,143100,221400
71001402222,2019,62300,235300,297600
71006204334,2019,56400,107900,164300
60906208281,2019,60300,154400,214700
70919408166,2019,117400,229500,346900
80925414221,2019,62100,162700,224800
70923122158,2019,878000,932000,1810000
70928105109,2019,143300,368200,511500
71011405026,2019,72600,303800,376400
81028107086,2019,56000,161800,217800
60804104127,2019,96600,348100,444700
70929402091,2019,99900,170100,270000
70922439299,2019,117700,257400,375100
60811409073,2019,78000,219600,297600
71003206078,2019,54100,210000,264100
71014202403,2019,55900,195300,251200
70923145093,2019,8000,7000,15000
70921409037,2019,165000,542200,707200
70922322030,2019,131100,295300,426400
80925112883,2019,800,1200,2000
70918319265,2019,20500,99200,119700
80925303234,2019,131600,119000,250600
71021219029,2019,60600,163600,224200
71009304173,2019,68900,148700,217600
70835206090,2019,91200,241900,333100
70929104316,2019,77600,262700,340300
81032417059,2019,35600,148400,184000
81030209010,2019,50600,108100,158700
81031103956,2019,0,0,0
70825209567,2019,6000,16000,22000
70901108154,2019,51000,143500,194500
70923411486,2019,29700,258300,288000
71010408146,2019,53400,167100,220500
71009217243,2019,60000,139600,199600
81034103028,2019,67100,188500,255600
80924420972,2019,400,1600,2000
70923137941,2019,1200,4800,6000
70926110027,2019,81500,186800,268300
70929117187,2019,89900,245800,335700
71006305273,2019,57100,173700,230800
71003202141,2019,46300,132300,178600
70815307157,2019,172200,321800,494000
71027200890,2019,223700,0,223700
81034203167,2019,64200,151500,215700
60811104087,2019,105200,300100,405300
71004303047,2019,54700,141500,196200
70828311012,2019,0,0,0
70929118052,2019,89900,239000,328900
70835118055,2019,12400,119400,131800
60802421094,2019,82000,348000,430000
71010205188,2019,58000,151800,209800
70930401058,2019,87700,179500,267200
70926405139,2019,86900,207200,294100
70826417383,2019,18400,84200,102600
70929124512,2019,0,10000,10000
80924423760,2019,400,1600,2000
71009408090,2019,65400,128600,194000
70921118042,2019,134200,381300,515500
71010208174,2019,58900,173300,232200
60801201207,2019,67400,143600,211000
81028112085,2019,60900,151100,212000
71004401073,2019,47000,140300,187300
70930416164,2019,75600,206800,282400
70932203080,2019,115000,206000,321000
70929223124,2019,81600,145900,227500
60811407118,2019,79000,222200,301200
70922223147,2019,154000,1311000,1465000
71014307287,2019,54700,173800,228500
70926107107,2019,76000,184800,260800
70834214606,2019,40800,399300,440100
70932416196,2019,53600,160600,214200
70920124115,2019,15200,105800,121000
71009412116,2019,63500,128900,192400
80936123085,2019,69200,111800,181000
70835123351,2019,6500,76500,83000
70834405065,2019,86600,140400,227000
71012220118,2019,19300,204200,223500
70919227524,2019,28800,198000,226800
70933204326,2019,184700,336400,521100
71019401034,2019,315800,484200,800000
71011108422,2019,30000,238900,268900
80924306213,2019,64400,260100,324500
71014214664,2019,8100,162000,170100
71016409180,2019,61800,142800,204600
81030306014,2019,69200,126200,195400
60812307135,2019,89500,248500,338000
70833403060,2019,189600,422400,612000
70835203210,2019,128100,376900,505000
70921209164,2019,69300,186900,256200
60901104046,2019,59000,201100,260100
70920302232,2019,116000,287300,403300
70821407074,2019,0,0,0
71016106091,2019,8700,0,8700
81032430332,2019,22000,149000,171000
60803112113,2019,110000,351000,461000
71023201024,2019,0,0,0
80924407095,2019,7600,128300,135900
70917101093,2019,51500,223900,275400
70923168235,2019,6500,18500,25000
80924429958,2019,400,1600,2000
70826416442,2019,18400,83600,102000
80925119061,2019,12200,279500,291700
60801307237,2019,81400,218400,299800
80925112982,2019,800,1200,2000
71031100979,2019,0,0,0
71010316042,2019,50000,156000,206000
70828107065,2019,97600,185200,282800
70913347196,2019,2500,12500,15000
70828321029,2019,12200,0,12200
70918321442,2019,0,2000,2000
70920408428,2019,129500,215500,345000
71010404144,2019,62500,192900,255400
70813306078,2019,0,0,0
80925306105,2019,57800,102800,160600
70920220955,2019,0,2500,2500
71009314065,2019,0,0,0
71016107015,2019,63200,166500,229700
71003401181,2019,59100,231100,290200
70931408087,2019,67900,192900,260800
70913354604,2019,0,2500,2500
60801411252,2019,72900,237000,309900
70920408519,2019,129500,234600,364100
70823210350,2019,120200,221000,341200
71014102067,2019,88300,281900,370200
70923133113,2019,178000,133100,311100
60811420160,2019,18600,196400,215000
70923409217,2019,36200,175900,212100
80924420815,2019,400,1600,2000
80925220157,2019,54500,127000,181500
70825209434,2019,33000,87000,120000
70913331107,2019,91000,142000,233000
71005335049,2019,87500,390300,477800
70923131042,2019,119400,465600,585000
70919203194,2019,89000,147400,236400
70930101187,2019,73800,168900,242700
70923165398,2019,44000,200200,244200
70920220369,2019,0,2300,2300
70926102298,2019,82100,193200,275300
80925403159,2019,78900,173100,252000
70923126259,2019,76700,465700,542400
70929405136,2019,88600,220600,309200
70931103231,2019,101900,265600,367500
70826413034,2019,8400,62300,70700
80925114136,2019,12100,269200,281300
71006114202,2019,27100,231100,258200
70931302114,2019,148600,234200,382800
71030203104,2019,81000,105000,186000
81032317027,2019,26000,114000,140000
70919107346,2019,123800,226400,350200
81021416070,2019,64100,134600,198700
60903201105,2019,79200,175700,254900
71014103015,2019,78200,311400,389600
70824311066,2019,13500,116800,130300
81031413032,2019,40400,120900,161300
70836116074,2019,69300,217100,286400
71016103104,2019,63500,116000,179500
71003203131,2019,54300,141200,195500
80924407029,2019,8300,132900,141200
70930413128,2019,75600,226800,302400
70834209037,2019,99100,224900,324000
71010302207,2019,54600,143800,198400
70926101141,2019,80000,232000,312000
60801101168,2019,56900,156800,213700
71011122191,2019,34200,224700,258900
81026355314,2019,22500,33800,56300
70822115022,2019,29600,327400,357000
70828413040,2019,0,0,0
80925212154,2019,54500,138200,192700
81015104243,2019,57000,183400,240400
70929421083,2019,133700,327800,461500
70922436039,2019,133100,401400,534500
70914438209,2019,2200,22800,25000
71001415027,2019,57200,198200,255400
70814202118,2019,103000,263000,366000
70918309026,2019,91700,195300,287000
70923113115,2019,119000,443800,562800
70815305086,2019,181900,276900,458800
70834216222,2019,0,0,0
60812202343,2019,86700,203300,290000
81028301042,2019,54000,511000,565000
81030306139,2019,57200,135400,192600
70824411030,2019,98000,272000,370000
60803105043,2019,109300,238700,348000
81034408048,2019,70100,205500,275600
71034110074,2019,14200,120800,135000
71005231114,2019,47500,144100,191600
71004305150,2019,49200,159800,209000
71003312255,2019,49300,76400,125700
70833304200,2019,122700,444400,567100
70922232099,2019,144700,331600,476300
70918401046,2019,246400,224500,470900
81033208077,2019,38800,135900,174700
71016115109,2019,59100,90100,149200
70923134153,2019,56200,274500,330700
80936407124,2019,72500,155900,228400
60812103129,2019,87500,188000,275500
70926115118,2019,81000,212700,293700
70932109155,2019,265400,239500,504900
70826315305,2019,35800,217100,252900
60801110151,2019,62300,158900,221200
81034402016,2019,68400,197600,266000
70926304141,2019,101600,236900,338500
60802312376,2019,97900,234800,332700
70823306167,2019,0,0,0
80924412771,2019,400,1600,2000
70931210010,2019,74800,264800,339600
70913344085,2019,23300,243100,266400
70824414571,2019,14600,87000,101600
80924306106,2019,67200,241100,308300
71011119289,2019,51700,251000,302700
70922433176,2019,170100,318200,488300
70834426186,2019,23400,111200,134600
80925103171,2019,53500,106100,159600
70928101214,2019,96200,326000,422200
71004303097,2019,49200,159600,208800
70823404242,2019,35900,197900,233800
80926112436,2019,56300,146800,203100
70835122139,2019,6500,77500,84000
70920415043,2019,137800,117300,255100
71030202081,2019,305200,286600,591800
70833104030,2019,160100,544100,704200
81031419189,2019,37100,184200,221300
70923315216,2019,83000,559800,642800
70836313448,2019,15700,163300,179000
70918407044,2019,117100,183900,301000
71002435058,2019,7900,0,7900
81034106379,2019,0,0,0
81032316110,2019,21000,146500,167500
70823209155,2019,143600,321400,465000
70929307019,2019,89000,323000,412000
70814417022,2019,88200,236100,324300
80936104035,2019,13800,94000,107800
70929427023,2019,160100,239900,400000
70922437144,2019,71500,195500,267000
80924443974,2019,400,1600,2000
70913340976,2019,1800,13200,15000
70932409076,2019,78800,149200,228000
71002311117,2019,58700,252200,310900
81034202333,2019,0,0,0
70828314090,2019,92400,336600,429000
70918320014,2019,20500,68200,88700
70920214205,2019,13800,261200,275000
70814406059,2019,88300,266800,355100
70914411031,2019,321600,999000,1320600
70920405060,2019,114400,98000,212400
71011114130,2019,65200,291300,356500
71030206017,2019,72200,131900,204100
70920414318,2019,134200,272600,406800
70923133080,2019,191000,988000,1179000
71005231099,2019,0,0,0
70901105283,2019,73700,133600,207300
70836429013,2019,29000,118600,147600
70929427031,2019,128700,245600,374300
70813306086,2019,0,0,0
60802415112,2019,82000,333000,415000
70929407067,2019,87300,249800,337100
71004407203,2019,49900,153600,203500
70834427259,2019,25600,162400,188000
70913350363,2019,0,15000,15000
81021415064,2019,65600,186400,252000
70836207493,2019,30700,144300,175000
70824204055,2019,103100,339900,443000
70836407233,2019,55100,140400,195500
70923413078,2019,1700,16300,18000
70828427075,2019,0,0,0
71012215242,2019,17700,251400,269100
60801220025,2019,286000,214000,500000
70821105131,2019,140700,374300,515000
70826211694,2019,18300,67700,86000
70833203288,2019,107100,214900,322000
60802102115,2019,99300,142300,241600
70923171014,2019,2300,700,3000
80924427093,2019,8600,166800,175400
70931302049,2019,125700,168900,294600
70919227136,2019,39000,247100,286100
71015119102,2019,46500,157100,203600
71015201454,2019,51400,192600,244000
81030401054,2019,0,0,0
70824406130,2019,92600,178500,271100
70815401066,2019,0,0,0
71015410013,2019,155200,1714800,1870000
70920103052,2019,111900,123600,235500
71006313325,2019,220000,6500000,6720000
70922227032,2019,214600,639000,853600
70936408058,2019,64300,154400,218700
60803110042,2019,0,0,0
70926202155,2019,193600,411600,605200
80925416219,2019,61900,170900,232800
80925301030,2019,58900,162100,221000
70931312030,2019,103800,122700,226500
71027400854,2019,0,0,0
81031223035,2019,38100,135700,173800
70813307133,2019,98300,268400,366700
70826421045,2019,0,4000,4000
70919109160,2019,98500,259500,358000
81021405023,2019,50400,185900,236300
70926102264,2019,85000,291900,376900
70822101097,2019,0,0,0
70930403012,2019,1435000,8365000,9800000
71015204226,2019,71900,188100,260000
71019411124,2019,9000,67200,76200
70923153806,2019,1300,23700,25000
71009222200,2019,40900,100400,141300
71001203042,2019,100,0,100
71011222074,2019,18500,169100,187600
70923308055,2019,58000,297000,355000
81032100886,2019,0,6285500,6285500
70835304159,2019,78200,198800,277000
70929123150,2019,13500,216400,229900
71009316136,2019,68800,148900,217700
60801120077,2019,93100,107600,200700
70931212248,2019,82000,244900,326900
60903210073,2019,19200,96800,116000
70930104074,2019,78200,182600,260800
81030204119,2019,47000,127500,174500
70922345496,2019,170000,532000,702000
70913106055,2019,85900,164100,250000
70813402397,2019,541000,368300,909300
70923154490,2019,0,7500,7500
81028121010,2019,10800,93400,104200
70923413862,2019,0,5000,5000
71014303178,2019,58300,201700,260000
60801219086,2019,71100,159400,230500
80925417027,2019,34100,61100,95200
71005417011,2019,0,0,0
80936405079,2019,75500,164700,240200
81023304611,2019,35600,157000,192600
71002421073,2019,94100,307200,401300
70920411059,2019,154300,205700,360000
70828203095,2019,0,0,0
70822105354,2019,0,0,0
70927201049,2019,0,0,0
71011108654,2019,30000,240900,270900
71002315036,2019,2300,0,2300
60802418330,2019,88300,241800,330100
71006211149,2019,69200,55000,124200
70932423159,2019,52600,27400,80000
70836207469,2019,36000,162000,198000
60801225322,2019,15000,133400,148400
70835315461,2019,51900,358100,410000
70816304136,2019,168000,524800,692800
71009320012,2019,69700,133200,202900
60802310172,2019,111000,249500,360500
70931208156,2019,84900,175000,259900
70928315229,2019,109000,316900,425900
60811102099,2019,98800,286200,385000
71021113940,2019,0,1000,1000
70920201046,2019,877000,5933000,6810000
71007303143,2019,84000,257000,341000
70932110219,2019,130900,284600,415500
71005233037,2019,71100,149500,220600
71006409249,2019,54100,230100,284200
70822414341,2019,17500,133700,151200
80925123856,2019,800,1200,2000
70922346270,2019,0,15000,15000
70828440150,2019,0,0,0
71009309082,2019,69100,129900,199000
71007224216,2019,0,0,0
71021202199,2019,0,0,0
71006118197,2019,61400,302200,363600
60812208010,2019,120000,545000,665000
70931103091,2019,104600,175200,279800
60801126025,2019,31500,101200,132700
71004408318,2019,62700,150500,213200
71011221092,2019,12000,203300,215300
70822113159,2019,26300,255500,281800
71016407142,2019,61900,137100,199000
70920410043,2019,149800,220600,370400
71010407338,2019,55700,193000,248700
70826211082,2019,13700,68300,82000
81026415027,2019,100,0,100
80936104085,2019,14900,104700,119600
71011308022,2019,21600,143300,164900
60812122038,2019,78500,201200,279700
71006140025,2019,20900,66100,87000
60905104175,2019,45000,140500,185500
71010313080,2019,48700,194800,243500
60803107015,2019,96700,175200,271900
60801209079,2019,63000,204900,267900
70913106097,2019,83000,190800,273800
70814405217,2019,0,0,0
71010311084,2019,54600,157100,211700
70822106047,2019,49900,176100,226000
70913343128,2019,11000,131100,142100
81026423161,2019,100,0,100
70928115033,2019,319000,583000,902000
71007242078,2019,13900,339800,353700
71005222072,2019,72000,161200,233200
70932410180,2019,79800,172900,252700
70922346593,2019,0,15000,15000
70822406025,2019,120200,283500,403700
70921113084,2019,124400,245600,370000
60801117090,2019,65800,189300,255100
71009320062,2019,65800,162700,228500
70913106047,2019,85300,137700,223000
71003410025,2019,51000,152400,203400
80936209017,2019,69500,114100,183600
71015119053,2019,48600,175500,224100
71001416059,2019,70900,279000,349900
70921419151,2019,123600,341400,465000
70829108020,2019,86000,233400,319400
70918322169,2019,0,2000,2000
70913214056,2019,123300,156900,280200
70921126227,2019,128000,231400,359400
70931104263,2019,200200,337500,537700
70919224132,2019,98600,111500,210100
60802312285,2019,96500,278600,375100
71011123165,2019,52700,342900,395600
71010205253,2019,53600,171900,225500
81028119023,2019,8700,63800,72500
70930106020,2019,0,0,0
81033204405,2019,205000,888500,1093500
70923143071,2019,44900,312100,357000
81033306102,2019,41600,125500,167100
60802418299,2019,0,0,0
70921221308,2019,128800,464200,593000
71027104076,2019,0,0,0
71021108123,2019,61000,158200,219200
70919228093,2019,24100,183800,207900
71011108448,2019,30000,234600,264600
81031406144,2019,35900,136300,172200
71002437062,2019,46300,245800,292100
71005327046,2019,126500,132300,258800
70836120075,2019,130300,289300,419600
70928202054,2019,79500,312700,392200
71007226189,2019,89600,157400,247000
70921315127,2019,114800,169400,284200
70920108086,2019,120800,149900,270700
70932210811,2019,0,5000,5000
71011407220,2019,106800,265100,371900
81027116020,2019,1591000,0,1591000
70833107125,2019,63200,254600,317800
71015112081,2019,39900,189500,229400
70930414085,2019,75600,309300,384900
81028118231,2019,10100,96000,106100
71002402049,2019,70100,205300,275400
81034414061,2019,67800,237500,305300
70920304163,2019,104000,260200,364200
70813314104,2019,12600,217400,230000
70920214198,2019,19700,330300,350000
81034409038,2019,64700,194400,259100
70835122832,2019,6500,75100,81600
70921411016,2019,122800,387900,510700
81031423065,2019,17400,182600,200000
70932103529,2019,150400,418300,568700
71002307033,2019,9500,0,9500
70834307055,2019,94000,30100,124100
71005404125,2019,38800,123500,162300
70930415190,2019,164500,243700,408200
70924219508,2019,0,25000,25000
60903201402,2019,81600,178900,260500
70826313028,2019,68200,226200,294400
70935113244,2019,48500,81500,130000
70930101062,2019,81400,162500,243900
81034308074,2019,70100,245300,315400
80926304033,2019,64500,207600,272100
70912420018,2019,9000,98700,107700
70928211097,2019,89900,276900,366800
70814104025,2019,97700,214600,312300
60801305083,2019,73200,151900,225100
71001335077,2019,35500,158900,194400
70826412838,2019,10000,73100,83100
70929204223,2019,88300,186700,275000
71016103188,2019,75800,116700,192500
70813320383,2019,14600,99900,114500
71006421102,2019,80000,770000,850000
70920415142,2019,129500,158300,287800
80924403803,2019,400,1600,2000
70913119149,2019,100500,168000,268500
70813324236,2019,138500,372800,511300
81021106142,2019,61500,193400,254900
70921113258,2019,124400,346700,471100
70815309260,2019,63400,327600,391000
60801301015,2019,70800,138700,209500
81033203035,2019,119000,31000,150000
70814415076,2019,89000,194700,283700
70929212101,2019,78300,186800,265100
71005331089,2019,114100,308800,422900
70920218108,2019,400,14600,15000
70835125191,2019,500,1500,2000
80935104185,2019,56100,152200,208300
60801303152,2019,70800,158900,229700
70826403308,2019,116100,254200,370300
70928305030,2019,82400,227600,310000
70828420110,2019,0,0,0
70932418176,2019,53100,113200,166300
70913221035,2019,436500,7000000,7436500
70926415287,2019,46100,106400,152500
70923412327,2019,1700,16300,18000
70928212037,2019,100900,166200,267100
70926402169,2019,76100,204900,281000
70836207518,2019,33400,114000,147400
70933403093,2019,83400,151600,235000
71010412072,2019,59000,151000,210000
70826309035,2019,104000,379700,483700
81027106120,2019,36700,111100,147800
70923166164,2019,75300,402200,477500
81021408051,2019,56100,177200,233300
71009305014,2019,66800,88200,155000
71006116084,2019,25000,210800,235800
71007302244,2019,116100,364800,480900
81021412060,2019,44800,145400,190200
80924303102,2019,67700,265300,333000
70922324010,2019,137300,375900,513200
70913313121,2019,78800,191900,270700
60903207129,2019,78400,215600,294000
70936101040,2019,1578000,3155000,4733000
60801311171,2019,73200,254700,327900
70920410233,2019,115100,120200,235300
70923127231,2019,81600,188400,270000
70914442036,2019,0,0,0
70835202204,2019,104100,261000,365100
70826419933,2019,0,4000,4000
70820400996,2019,41100,0,41100
60801236014,2019,31400,93700,125100
71006134052,2019,57800,128800,186600
70823402246,2019,33300,190500,223800
71016203235,2019,63600,176500,240100
71006301164,2019,71900,229600,301500
60802413059,2019,77500,161500,239000
70920206012,2019,1056000,8854000,9910000
70813310079,2019,11600,125800,137400
70919218036,2019,103000,197300,300300
70923152022,2019,35800,502400,538200
70833303012,2019,124200,424500,548700
80925213144,2019,56900,152600,209500
81031411226,2019,40900,201600,242500
81016206288,2019,0,0,0
60812407349,2019,79500,210100,289600
70823207208,2019,18100,290100,308200
70924219300,2019,0,25000,25000
70813319279,2019,15100,102400,117500
70822110048,2019,49900,184700,234600
80925114855,2019,800,1200,2000
60801212212,2019,71100,147600,218700
70923153690,2019,1300,23700,25000
70928301153,2019,0,0,0
60812302375,2019,68400,188700,257100
70921419200,2019,130200,427100,557300
70826417755,2019,21500,115400,136900
70901113757,2019,17200,90800,108000
60801401047,2019,79300,165600,244900
70923316040,2019,151200,161800,313000
81030306098,2019,52500,145600,198100
81021306073,2019,53500,174500,228000
80936103037,2019,13800,112600,126400
80936405061,2019,75100,203800,278900
70913340934,2019,1800,13200,15000
81030210059,2019,53800,135000,188800
70922206151,2019,65100,318200,383300
70920420282,2019,135400,115600,251000
70901109087,2019,40900,151800,192700
70922345090,2019,113500,350900,464400
80926203988,2019,79700,140000,219700
70823202125,2019,123500,251500,375000
60811413090,2019,88000,207000,295000
70825302056,2019,625000,1055000,1680000
71009319114,2019,68800,123200,192000
70928208052,2019,97800,213100,310900
71014213153,2019,58700,187500,246200
70923147346,2019,8000,7000,15000
71002440156,2019,47700,0,47700
70920414011,2019,120200,129900,250100
81031210181,2019,41100,168000,209100
71007304282,2019,91900,303700,395600
70823412089,2019,69200,139100,208300
70824206035,2019,125900,204500,330400
70923130185,2019,550000,707500,1257500
71001402199,2019,69000,222700,291700
80924420782,2019,400,1600,2000
70826310016,2019,102500,315500,418000
70923161130,2019,8000,7000,15000
70826416939,2019,21500,119000,140500
70923166180,2019,49600,248000,297600
71008108138,2019,33500,256500,290000
60802115332,2019,20500,123300,143800
81034109240,2019,62800,187800,250600
70922331081,2019,127300,602000,729300
81030100903,2019,0,0,0
70828407035,2019,0,0,0
70829407026,2019,9600,0,9600
70901112048,2019,205500,419500,625000
70816301033,2019,164700,391500,556200
80924404893,2019,400,1600,2000
70921126087,2019,124400,228500,352900
71005217049,2019,60600,64400,125000
81031406300,2019,38200,135100,173300
70936302086,2019,63800,146400,210200
70923144178,2019,8000,7000,15000
70926220058,2019,96400,233600,330000
70901113179,2019,19400,100600,120000
70922406074,2019,127800,168200,296000
71014214086,2019,8100,96300,104400
70823406446,2019,58000,193500,251500
70918319489,2019,20500,109000,129500
71016205041,2019,69200,137200,206400
70826410311,2019,71700,196400,268100
71011222032,2019,18500,167600,186100
70923142578,2019,44900,167000,211900
70835123202,2019,6500,69600,76100
70833304242,2019,122700,434100,556800
71001204016,2019,88000,0,88000
70932420189,2019,78800,208200,287000
71011411049,2019,100900,301800,402700
70921214030,2019,115000,274900,389900
71012201085,2019,72800,210200,283000
70920305335,2019,97400,203700,301100
60801109211,2019,66100,138900,205000
70913310143,2019,76900,310300,387200
71009403230,2019,64200,167700,231900
80925119904,2019,800,1200,2000
70824404291,2019,123300,379100,502400
80925307012,2019,58300,78500,136800
70820105116,2019,100,0,100
81031401144,2019,35900,152100,188000
60811421184,2019,16000,179100,195100
70920107210,2019,126600,182700,309300
70921221051,2019,121400,365100,486500
70931414084,2019,116500,196100,312600
70823121044,2019,20000,103200,123200
70826416012,2019,21500,118500,140000
71001102161,2019,23200,0,23200
70821410093,2019,101400,0,101400
71007109145,2019,334900,368300,703200
71004406073,2019,50500,132500,183000
70923168649,2019,3400,13800,17200
71015202113,2019,49600,178700,228300
81032316037,2019,21000,150000,171000
70929123332,2019,15900,240400,256300
71008103021,2019,488000,6677000,7165000
81034119083,2019,70900,185100,256000
81032314130,2019,12000,131500,143500
81033207102,2019,45600,129300,174900
81028122133,2019,10800,100000,110800
81031416010,2019,29900,101000,130900
81023309158,2019,35600,100100,135700
70932111126,2019,184300,245000,429300
70923168219,2019,6500,18500,25000
60801215159,2019,70000,192900,262900
70919215107,2019,84300,150700,235000
70932408044,2019,77000,108300,185300
81034111120,2019,64400,178200,242600
70836110191,2019,146100,182000,328100
71004310109,2019,54100,141300,195400
70825101052,2019,306000,264000,570000
71007111033,2019,84900,272700,357600
70923167089,2019,6500,18500,25000
71034105231,2019,72800,204500,277300
70920217324,2019,400,14600,15000
71021108115,2019,63300,138100,201400
60904109118,2019,96000,344000,440000
71003407246,2019,51500,211200,262700
70836104061,2019,77100,154900,232000
71015106117,2019,61100,132900,194000
70920109026,2019,82200,277800,360000
81026426066,2019,1300,0,1300
71001307018,2019,0,0,0
71009225072,2019,0,0,0
71027421032,2019,31400,168400,199800
71010404201,2019,0,0,0
70932409274,2019,81000,273000,354000
81033304073,2019,46700,131700,178400
70823121276,2019,20000,73200,93200
81033202037,2019,62900,145900,208800
71034108110,2019,56400,215500,271900
70926202139,2019,193400,291400,484800
70822113141,2019,29600,334400,364000
71027101048,2019,0,0,0
71022204011,2019,802800,4632700,5435500
70936302200,2019,56100,143900,200000
70834428299,2019,20300,166800,187100
60811112296,2019,92300,170200,262500
60802409016,2019,67000,158700,225700
60811418058,2019,77300,226200,303500
80925209101,2019,51600,141100,192700
70923168798,2019,6500,18500,25000
70826421912,2019,0,4000,4000
70930416213,2019,75600,213600,289200
70923156305,2019,5000,10000,15000
70922111243,2019,313000,3047000,3360000
60801208039,2019,62300,221300,283600
80926114010,2019,18300,96700,115000
70924220282,2019,0,10000,10000
81032424137,2019,32300,163700,196000
70835320121,2019,42700,135600,178300
71009311037,2019,68800,106000,174800
81034310277,2019,71800,257400,329200
70928101206,2019,96200,281600,377800
70920213182,2019,115300,258700,374000
60906203116,2019,56600,161400,218000
71006407045,2019,68000,138000,206000
70913321025,2019,73800,495600,569400
81026370031,2019,4700,0,4700
70820108079,2019,100,0,100
70920219635,2019,0,0,0
70922334126,2019,183200,378900,562100
70926202296,2019,55000,537000,592000
81034413196,2019,68200,198300,266500
70929201039,2019,83900,233500,317400
71016414139,2019,61600,220400,282000
60801234175,2019,15000,137900,152900
81031223093,2019,55700,161300,217000
70823314178,2019,197500,282700,480200
81031407093,2019,39600,83100,122700
70928208028,2019,100900,191200,292100
71011108042,2019,30000,225600,255600
71014115078,2019,24000,115000,139000
71010412121,2019,50700,154800,205500
70918415724,2019,10500,51700,62200
71006423231,2019,75800,175700,251500
70923150373,2019,55100,340100,395200
70918226022,2019,23300,97600,120900
60906208017,2019,69700,140000,209700
71010207241,2019,59700,169200,228900
70913403196,2019,118400,272700,391100
70926219126,2019,70600,214400,285000
71003406173,2019,56100,258700,314800
70931307148,2019,100900,127500,228400
70923201051,2019,575000,1558000,2133000
70923409077,2019,142900,197100,340000
71003314045,2019,48400,146200,194600
70922340024,2019,178100,204100,382200
71007201305,2019,90400,317000,407400
70928201056,2019,86700,204800,291500
70921306085,2019,159500,450200,609700
70823402189,2019,38200,169400,207600
60906206285,2019,58900,153100,212000
70928208169,2019,97800,237300,335100
81031207112,2019,39900,155500,195400
70921314012,2019,99600,197200,296800
70836213797,2019,11600,117100,128700
80924401013,2019,16800,156200,173000
71020309285,2019,23800,163000,186800
71005323193,2019,105800,189300,295100
70913319103,2019,103200,309700,412900
71011207208,2019,36500,199100,235600
70926205084,2019,81000,186500,267500
70922346212,2019,0,15000,15000
70913113191,2019,74000,288700,362700
70913347154,2019,2500,12500,15000
81015108162,2019,61900,187000,248900
70813404103,2019,124000,233000,357000
70918416144,2019,10500,117900,128400
71005309234,2019,65100,235200,300300
71003303197,2019,51900,146300,198200
70923161362,2019,8000,7000,15000
70836313208,2019,15700,168700,184400
70929301011,2019,89000,240300,329300
70919310072,2019,107700,158200,265900
70923122166,2019,97500,185400,282900
70834308871,2019,27900,327100,355000
60801232020,2019,30000,104100,134100
80925112966,2019,800,1200,2000
80925307327,2019,70000,132000,202000
70918302129,2019,75400,99300,174700
70828100994,2019,57000,109400,166400
81034202086,2019,69200,196300,265500
70920305145,2019,163100,355300,518400
71006216016,2019,251000,3566100,3817100
71010404037,2019,58500,183500,242000
70823402139,2019,33300,175300,208600
70929124059,2019,0,10000,10000
60906104132,2019,63300,262000,325300
71006126132,2019,36100,131700,167800
71008107015,2019,0,0,0
70933401138,2019,106000,319000,425000
80925116968,2019,800,1200,2000
81023304603,2019,35600,146900,182500
70913347633,2019,2500,12500,15000
60801223079,2019,16900,182900,199800
70823113059,2019,89400,205100,294500
71011302040,2019,67000,158300,225300
81034309147,2019,70900,168400,239300
80924417953,2019,400,1600,2000
71007205159,2019,0,0,0
70912421058,2019,9000,91300,100300
71002422021,2019,55000,167600,222600
70824419018,2019,847000,5259000,6106000
70935202021,2019,66200,177800,244000
60812121056,2019,79500,196400,275900
70922410158,2019,127800,320100,447900
70919211171,2019,91500,136400,227900
70821109026,2019,110900,274100,385000
70823211390,2019,79900,204400,284300
81032301129,2019,0,0,0
71016416119,2019,62600,140600,203200
70835209044,2019,78200,196000,274200
71020309269,2019,23800,163000,186800
70931312105,2019,75900,165000,240900
71005307080,2019,65100,167900,233000
80924421805,2019,400,1600,2000
81027105023,2019,36700,114000,150700
70920416059,2019,151900,133200,285100
70923163342,2019,44900,377100,422000
70935211048,2019,51700,0,51700
60906209023,2019,60300,150600,210900
70933203138,2019,140000,343100,483100
70920412180,2019,134200,269700,403900
70929123689,2019,0,1000,1000
71034105562,2019,72700,188400,261100
81028118140,2019,8300,69700,78000
71005227171,2019,61000,389000,450000
71010402023,2019,72000,166600,238600
70823110419,2019,87600,278800,366400
81033301011,2019,20700,0,20700
70931414092,2019,101000,188300,289300
70912406026,2019,99400,182800,282200
81023207568,2019,33600,135200,168800
70816322261,2019,17300,225100,242400
80925412473,2019,58600,168800,227400
71023300800,2019,30000,83200,113200
70926117049,2019,182200,281400,463600
70923159119,2019,8000,7000,15000
81034406068,2019,62700,186500,249200
70925203039,2019,370700,208500,579200
70913321158,2019,210100,227000,437100
71027200866,2019,47100,73700,120800
70923152527,2019,47300,1040800,1088100
71010402099,2019,54100,176400,230500
70936306046,2019,60400,150500,210900
70923156420,2019,5000,10000,15000
70816303047,2019,169400,434000,603400
80926108279,2019,56900,133600,190500
81030312350,2019,53600,240700,294300
70826307104,2019,99900,355700,455600
80936122053,2019,14900,100100,115000
70833412102,2019,46200,203800,250000
70929306045,2019,89000,267200,356200
70813328014,2019,149400,456600,606000
70834428380,2019,20300,164700,185000
71015407052,2019,52500,191700,244200
71001319021,2019,66900,170000,236900
60811433014,2019,98700,185800,284500
81031213226,2019,40600,133900,174500
70823311025,2019,13100,138700,151800
70824411212,2019,178100,227500,405600
71005228054,2019,47100,97300,144400
81032102105,2019,30600,188900,219500
70918311063,2019,131100,256900,388000
70928311029,2019,188500,122400,310900
70920112102,2019,107100,84900,192000
60801408118,2019,96700,243300,340000
70920303206,2019,144900,382200,527100
71009306046,2019,69000,129000,198000
81019303205,2019,64000,160300,224300
81034413279,2019,67700,172300,240000
80924434048,2019,10300,189500,199800
60801314109,2019,86000,228300,314300
70934404040,2019,127000,639000,766000
71006304019,2019,88000,203500,291500
70920408444,2019,129500,254700,384200
70821107012,2019,238000,2125000,2363000
71014118014,2019,30100,156900,187000
70928320137,2019,122400,365100,487500
81031229083,2019,41400,148200,189600
71005229028,2019,39200,101700,140900
81032302101,2019,51900,131100,183000
70835122197,2019,6500,69000,75500
70922213023,2019,144600,233400,378000
81021302112,2019,44100,159000,203100
71006425120,2019,90400,273000,363400
70923203221,2019,197000,912000,1109000
71007228135,2019,67000,468000,535000
60802112338,2019,86200,181200,267400
80924431911,2019,400,1600,2000
70932405082,2019,80600,122200,202800
71006302063,2019,67900,169600,237500
80936210121,2019,63400,113300,176700
70914419431,2019,0,0,0
60903208119,2019,14900,92300,107200
70931411113,2019,97900,196800,294700
60812313116,2019,33100,182600,215700
70921216028,2019,85800,235200,321000
70928324048,2019,131500,341700,473200
70923173143,2019,3300,11700,15000
71015204185,2019,64600,181300,245900
70835122303,2019,6500,69600,76100
70923170975,2019,2700,700,3400
70913326273,2019,15600,347900,363500
70823311273,2019,11200,138800,150000
70834405031,2019,0,0,0
71015116059,2019,48700,147000,195700
70926213102,2019,99600,205200,304800
70928225014,2019,104300,195900,300200
60801102174,2019,73100,140900,214000
70919112056,2019,92900,215600,308500
81028113041,2019,57100,167400,224500
70923413789,2019,0,5000,5000
70926107066,2019,76000,219000,295000
60801303251,2019,78900,189400,268300
70828104029,2019,102000,205800,307800
81016303026,2019,0,0,0
70913108431,2019,50000,19000,69000
70821204157,2019,170000,355000,525000
71015202345,2019,44900,208400,253300
71015101315,2019,105600,105900,211500
70835319017,2019,0,0,0
70813310433,2019,15200,181900,197100
71002316034,2019,2700,0,2700
81031406326,2019,38000,127700,165700
71003315118,2019,47000,156300,203300
71001319097,2019,65000,221300,286300
70834308805,2019,125000,346800,471800
71009222234,2019,0,0,0
70934309381,2019,15700,123300,139000
70921120063,2019,137500,90100,227600
81028118710,2019,8300,63400,71700
70922303072,2019,122800,424200,547000
80924403986,2019,400,1600,2000
60811404106,2019,75600,228500,304100
80925212188,2019,54500,128000,182500
71001102088,2019,65900,251100,317000
70920217374,2019,400,14600,15000
70913209148,2019,78400,195500,273900
60812106016,2019,93300,192700,286000
70922431203,2019,69400,313600,383000
71012206275,2019,61600,209600,271200
71006102132,2019,47000,85800,132800
70932118031,2019,21800,117200,139000
70928312085,2019,140500,437500,578000
70921110147,2019,135800,409000,544800
71022301065,2019,0,0,0
71006427168,2019,51000,549000,600000
71021209046,2019,60000,157000,217000
71010301241,2019,58100,134400,192500
70914306034,2019,111100,306900,418000
71035113168,2019,75600,205300,280900
70901113666,2019,21100,109900,131000
70814205021,2019,96700,204800,301500
70928205123,2019,151600,199000,350600
70813301036,2019,74200,189900,264100
70823210201,2019,76900,209000,285900
71007209086,2019,49800,155600,205400
71009302010,2019,68100,225700,293800
81031410046,2019,38100,103100,141200
70833107034,2019,135500,469100,604600
70814404102,2019,87100,207900,295000
70918311055,2019,145000,143500,288500
60904101263,2019,81900,190500,272400
70816321023,2019,64200,251800,316000
71016112204,2019,54000,124400,178400
60811420144,2019,16000,179000,195000
60905105074,2019,49700,114200,163900
70913125394,2019,64500,235500,300000
70926115126,2019,51500,133700,185200
71010409102,2019,55800,150700,206500
71006302295,2019,37600,185000,222600
70935400948,2019,177700,542000,719700
71004315240,2019,62100,125300,187400
70928316029,2019,150600,350400,501000
70823404440,2019,40600,164000,204600
71026201089,2019,700,0,700
81032411168,2019,62000,173000,235000
70923402138,2019,112300,223500,335800
70926215158,2019,118400,167600,286000
70921416040,2019,99600,190200,289800
71007110192,2019,144300,481200,625500
70926201264,2019,95600,176200,271800
71006311072,2019,79400,157000,236400
71003204030,2019,53100,167900,221000
70827100979,2019,0,0,0
81031403132,2019,35900,138700,174600
70923134129,2019,42100,188900,231000
81027102160,2019,442900,0,442900
70826201041,2019,0,0,0
70932104113,2019,71700,185100,256800
60906109017,2019,73900,187200,261100
80925122866,2019,800,1200,2000
70932107068,2019,151300,256700,408000
70923408277,2019,44300,156700,201000
81034416017,2019,60800,167300,228100
71005230083,2019,60500,100200,160700
60802413603,2019,67700,244400,312100
60802416029,2019,116000,484000,600000
71015202139,2019,47200,218200,265400
70824300928,2019,0,0,0
70929204059,2019,84800,181900,266700
70825104171,2019,330000,1320000,1650000
70814429019,2019,42800,289400,332200
71006426079,2019,96900,275700,372600
70929223223,2019,106800,245900,352700
81033204108,2019,52000,158600,210600
70921417139,2019,151400,278200,429600
60801102140,2019,55300,160300,215600
60804104226,2019,0,0,0
60811418199,2019,78000,205100,283100
60812316160,2019,78000,240300,318300
60812217011,2019,33100,183100,216200
70835202311,2019,106200,273400,379600
60812115223,2019,82000,190500,272500
71006212030,2019,69200,78500,147700
81031210222,2019,42400,143400,185800
71007113138,2019,85900,243300,329200
81033405186,2019,151000,909000,1060000
71009411093,2019,64400,132600,197000
60903208052,2019,14900,114100,129000
71009218019,2019,70000,147300,217300
81032302060,2019,39800,126300,166100
60801230016,2019,30000,150000,180000
70813334136,2019,26800,190200,217000
71003104040,2019,54300,192700,247000
71006429057,2019,104100,234600,338700
70922323111,2019,105200,373600,478800
71010208116,2019,53500,170000,223500
71005417037,2019,0,0,0
81014303036,2019,32800,169700,202500
70929216278,2019,91100,265600,356700
70918411128,2019,127900,267000,394900
70829403016,2019,0,0,0
80924419769,2019,400,1600,2000
70823202133,2019,141000,310400,451400
80924417903,2019,400,1600,2000
70935305180,2019,33000,97900,130900
70928102311,2019,0,0,0
70922345248,2019,82100,235400,317500
70926401400,2019,78400,173800,252200
60812329171,2019,13400,155700,169100
70822111096,2019,74900,244100,319000
60802409321,2019,0,0,0
70835305199,2019,87800,224500,312300
60802104252,2019,71000,153300,224300
71003205278,2019,53100,125600,178700
70926101076,2019,80000,237100,317100
81034414243,2019,66300,165800,232100
70920217142,2019,15700,699300,715000
60904106114,2019,82900,174600,257500
60812330201,2019,0,5000,5000
71016103170,2019,51900,119900,171800
60804204068,2019,77900,0,77900
71005231304,2019,48500,180300,228800
71015112031,2019,50600,152900,203500
70835122741,2019,6500,72600,79100
70913204198,2019,91000,210900,301900
71015119160,2019,40300,154100,194400
70923124352,2019,129400,370800,500200
71012211159,2019,64400,296600,361000
60812329288,2019,13500,165600,179100
81022307038,2019,0,0,0
71005404208,2019,87100,164900,252000
70913340025,2019,58200,263800,322000
60812105076,2019,78000,166000,244000
70922334069,2019,0,0,0
71019405234,2019,88400,150400,238800
81021413068,2019,54100,144000,198100
81032302078,2019,39600,132400,172000
70913343194,2019,14900,239300,254200
80936211062,2019,58700,183700,242400
71005307048,2019,65100,45200,110300
80926108104,2019,50800,121000,171800
70826309168,2019,135000,370900,505900
80936404203,2019,74000,211000,285000
70814419185,2019,15200,175600,190800
71004312337,2019,62300,114200,176500
70829402216,2019,13300,0,13300
70932206018,2019,264000,996000,1260000
71011206151,2019,0,0,0
80935101032,2019,56100,221400,277500
70825202032,2019,176000,234000,410000
80924407730,2019,400,1600,2000
70828416036,2019,0,0,0
80926110068,2019,53600,133000,186600
70932108165,2019,128000,154500,282500
81022306254,2019,8000,66700,74700
70931412062,2019,94400,219000,313400
71006416070,2019,0,0,0
70814307017,2019,0,0,0
60906205237,2019,60300,151600,211900
60812208028,2019,0,0,0
70816401049,2019,159800,445600,605400
80926109011,2019,53500,159400,212900
60801224168,2019,15900,180500,196400
71027407032,2019,51000,191000,242000
70913346065,2019,85600,382400,468000
71009227044,2019,196700,0,196700
71007305173,2019,119100,305000,424100
70928203028,2019,122100,217900,340000
71035207127,2019,43900,218600,262500
81021415080,2019,53600,134100,187700
81021413034,2019,52800,143200,196000
70835308135,2019,0,0,0
70919212096,2019,95000,128400,223400
80926407035,2019,54100,110900,165000
70921110139,2019,135800,306800,442600
70930415174,2019,131300,241900,373200
70928117469,2019,105300,249200,354500
70918401210,2019,373400,324200,697600
71005338100,2019,109100,343800,452900
70918320262,2019,20500,105400,125900
60901203286,2019,59700,169900,229600
81032305048,2019,60700,126100,186800
70923168631,2019,3400,13800,17200
70930402022,2019,79800,196200,276000
60801404223,2019,80600,160100,240700
80925208145,2019,61600,146400,208000
81032416142,2019,46900,139100,186000
70929426108,2019,96500,247900,344400
70921104059,2019,50100,339500,389600
81031203037,2019,48100,123800,171900
71021108016,2019,64000,161000,225000
70813333097,2019,26300,225600,251900
70923318129,2019,66200,199700,265900
71019403098,2019,472700,505900,978600
71006119137,2019,66000,151300,217300
70901109186,2019,63700,125200,188900
70923411436,2019,32600,294400,327000
70824219038,2019,101800,0,101800
70923408219,2019,44300,104000,148300
71009311160,2019,68800,106000,174800
80924422738,2019,400,1600,2000
81021415139,2019,52800,152400,205200
70921412022,2019,106800,336300,443100
71007205414,2019,14500,129100,143600
70816401099,2019,206100,411900,618000
71009226161,2019,62000,0,62000
70919110323,2019,128400,87000,215400
70912405169,2019,103900,277800,381700
71010113092,2019,48700,162200,210900
71021113461,2019,15100,100100,115200
70923165265,2019,47000,256300,303300
81023310014,2019,35600,113600,149200
80925117081,2019,12900,259200,272100
80925403109,2019,54800,128100,182900
71010120047,2019,76400,151800,228200
70913401041,2019,0,0,0
60802108197,2019,69100,167900,237000
70835206165,2019,87400,261900,349300
81023207477,2019,33600,135100,168700
71007113021,2019,69500,260900,330400
70828119052,2019,108400,301900,410300
60801226437,2019,16200,179000,195200
71016112121,2019,54900,170100,225000
70920220103,2019,0,2000,2000
80924444641,2019,400,3100,3500
70826211602,2019,10000,50000,60000
71014216313,2019,7500,125200,132700
80925214209,2019,62700,157300,220000
80925306494,2019,57500,74500,132000
70918415740,2019,10500,51800,62300
70923143229,2019,44900,317200,362100
60801113395,2019,76300,206800,283100
81021303110,2019,49500,168900,218400
70929407158,2019,78800,163700,242500
60802314017,2019,100100,263700,363800
70821111013,2019,118800,318700,437500
70934400973,2019,34000,5000,39000
71003417063,2019,53900,201400,255300
81026346058,2019,65400,197700,263100
60802115217,2019,20500,122700,143200
70914409028,2019,927000,2133000,3060000
81014303078,2019,32800,142600,175400
70921122077,2019,108000,917000,1025000
71010110113,2019,54200,202600,256800
80925117114,2019,12900,214900,227800
70935104037,2019,45200,53800,99000
81031213185,2019,38100,148300,186400
80924448049,2019,117700,0,117700
71021223070,2019,62900,145500,208400
70929418064,2019,86700,241300,328000
70925205168,2019,66000,1019000,1085000
70912424060,2019,9000,91300,100300
60906205063,2019,72700,166100,238800
71006421376,2019,45000,74500,119500
70913311315,2019,67100,272900,340000
70922230027,2019,206100,556600,762700
70923174092,2019,3300,11700,15000
60812321317,2019,18000,169200,187200
60905213041,2019,4200,45600,49800
81030307070,2019,53800,138200,192000
80936209067,2019,66300,114900,181200
71010219022,2019,10600,87900,98500
80925106216,2019,54600,144900,199500
70934309323,2019,15700,98600,114300
71003419241,2019,46300,204000,250300
81022103014,2019,0,0,0
71003305193,2019,49300,180400,229700
71022205035,2019,163500,866000,1029500
81030305016,2019,69300,174000,243300
80924436036,2019,10600,189300,199900
60802316138,2019,18000,0,18000
71007225074,2019,99200,137500,236700
70823304286,2019,78100,219700,297800
70913212175,2019,0,0,0
71005337160,2019,96900,341600,438500
70821206088,2019,108000,302000,410000
70918201272,2019,141200,215200,356400
70919408067,2019,103200,264300,367500
81031406251,2019,38100,146200,184300
70928208151,2019,97800,273700,371500
70824310141,2019,13500,126400,139900
71019404153,2019,81600,164500,246100
81032314073,2019,12000,153000,165000
71026201071,2019,348400,534600,883000
70914409010,2019,927000,527000,1454000
60802302236,2019,89700,202700,292400
71011221159,2019,12000,174100,186100
80925113766,2019,800,1200,2000
70930413277,2019,52400,279400,331800
71021111027,2019,63900,197600,261500
80926112105,2019,54800,180100,234900
70923203213,2019,206000,414000,620000
81028105311,2019,63000,171000,234000
80924418802,2019,400,1600,2000
71001324195,2019,60000,155300,215300
70823210566,2019,106700,255700,362400
70920413047,2019,123200,57000,180200
71010102102,2019,55100,217700,272800
70925205176,2019,66000,1275000,1341000
60804104119,2019,96600,278200,374800
71016112296,2019,54000,139100,193100
70824206168,2019,105900,250100,356000
71015102298,2019,57900,156300,214200
71004309102,2019,86700,128300,215000
70920405242,2019,126600,141800,268400
70933201257,2019,134300,259500,393800
70932406171,2019,82100,135800,217900
70826421128,2019,0,4000,4000
70901108039,2019,54500,120900,175400
81016207020,2019,111500,30300,141800
70928301012,2019,84900,155500,240400
81026421090,2019,100,0,100
71009201064,2019,51500,95800,147300
71005414223,2019,48000,170200,218200
70912409096,2019,138600,207500,346100
80924441051,2019,13300,237000,250300
70931309045,2019,99000,142700,241700
70928116049,2019,119900,379500,499400
71016101033,2019,75500,140300,215800
60802410344,2019,64600,152000,216600
70926102165,2019,80000,298800,378800
71035115114,2019,64700,269500,334200
71005226058,2019,60300,321100,381400
71011422088,2019,24900,173000,197900
71007304050,2019,91100,314900,406000
70936305329,2019,63200,166800,230000
71035114166,2019,67300,269100,336400
70918322135,2019,0,2000,2000
70922212059,2019,161700,442100,603800
80925413017,2019,52700,183300,236000
70813330118,2019,55500,250500,306000
71021220050,2019,63000,217600,280600
71005401121,2019,65700,154400,220100
70919227558,2019,36500,328800,365300
70929415101,2019,82300,200400,282700
60803106091,2019,103200,221100,324300
70931310290,2019,98000,177000,275000
60903227010,2019,43500,94000,137500
70913125295,2019,99900,208100,308000
80924310107,2019,73700,310700,384400
60801213012,2019,69300,149400,218700
70833205698,2019,26400,283500,309900
70935201015,2019,66200,177800,244000
81031211064,2019,40600,128300,168900
70919104095,2019,99500,219000,318500
60903208218,2019,14900,107200,122100
60902201148,2019,121000,450300,571300
60812117229,2019,73500,191500,265000
70823306216,2019,82300,192700,275000
70929123184,2019,13400,213200,226600
70826421491,2019,0,4000,4000
70901105085,2019,78900,124000,202900
80936407182,2019,71600,144400,216000
70926407028,2019,80600,139400,220000
70923140910,2019,1500,13500,15000
71021222197,2019,68800,207600,276400
81030205448,2019,52800,96000,148800
71020307164,2019,11900,119100,131000
70833210150,2019,114900,276400,391300
70913347782,2019,2500,12500,15000
81026357047,2019,100,0,100
70923174505,2019,3300,11700,15000
70923215226,2019,0,0,0
81034414136,2019,67900,220600,288500
60903102030,2019,21000,1000,22000
70921303130,2019,169300,466700,636000
80924402160,2019,8300,121100,129400
70922203040,2019,55000,820000,875000
70929421059,2019,140100,224300,364400
70836213440,2019,11600,118800,130400
71009411150,2019,62500,127300,189800
70931302156,2019,110700,178200,288900
60812207236,2019,78000,193300,271300
71006304168,2019,54000,496000,550000
70922237065,2019,196200,551200,747400
71035203191,2019,73700,0,73700
70815308064,2019,199000,337900,536900
71034104506,2019,70100,217700,287800
70835122965,2019,6500,81500,88000
60801225223,2019,15000,139400,154400
70814402205,2019,95800,185900,281700
71002107409,2019,9500,155300,164800
81034119059,2019,66600,176300,242900
60904105182,2019,80400,179200,259600
80926207013,2019,0,0,0
60902206031,2019,61000,167000,228000
70920409070,2019,129500,235900,365400
70824212074,2019,198300,345200,543500
70918411053,2019,141300,147400,288700
70923173325,2019,3300,5900,9200
71010302257,2019,68100,153800,221900
70931206069,2019,75900,162600,238500
70919302095,2019,95100,278500,373600
70836107023,2019,71900,149800,221700
81026355645,2019,3800,0,3800
70826407011,2019,0,0,0
70813312017,2019,528000,2538000,3066000
81026363044,2019,4800,0,4800
70836213721,2019,11600,126100,137700
70923147388,2019,8000,7000,15000
60802401046,2019,0,0,0
81034327115,2019,11300,67800,79100
71011303262,2019,60100,129000,189100
70913405275,2019,120400,425100,545500
70919207071,2019,95000,223700,318700
81034413097,2019,68100,189400,257500
70824306190,2019,99100,371400,470500
71010213165,2019,121000,829000,950000
71007209094,2019,55000,154100,209100
70919206081,2019,84300,121000,205300
70922217124,2019,205100,413000,618100
70935207279,2019,40900,102900,143800
81028121101,2019,10100,87700,97800
70923153913,2019,1300,23700,25000
70835305214,2019,80300,203200,283500
70921125196,2019,124400,276300,400700
71003417112,2019,47900,190100,238000
71006303251,2019,69200,169000,238200
60811439294,2019,20000,183700,203700
81023207097,2019,33600,159100,192700
71006403142,2019,63400,233100,296500
70826316014,2019,1524600,0,1524600
81031208029,2019,39800,160900,200700
60812307044,2019,77600,237700,315300
81023307227,2019,35600,113600,149200
70923138147,2019,21100,203100,224200
60811407168,2019,78100,169200,247300
70922304202,2019,141500,613500,755000
71011113257,2019,62200,280300,342500
70834417060,2019,25200,147000,172200
71034104366,2019,73000,209500,282500
81021304217,2019,52500,158100,210600
81026356023,2019,5200,0,5200
70823110196,2019,107200,276100,383300
60811302269,2019,82500,249200,331700
70901113616,2019,18100,97100,115200
70919110026,2019,132000,128800,260800
60811116412,2019,18800,216700,235500
81035109025,2019,64500,0,64500
70821202169,2019,163000,0,163000
70920302505,2019,154500,417700,572200
81032418015,2019,45500,147300,192800
70823404341,2019,47100,190200,237300
70824410058,2019,106700,330000,436700
80925113708,2019,800,1200,2000
81027209031,2019,12000,101900,113900
70922204080,2019,105400,318200,423600
80936203051,2019,75600,342000,417600
60802314067,2019,96700,232800,329500
81019306051,2019,58000,172500,230500
70922438184,2019,65200,343000,408200
70912408105,2019,100500,221500,322000
81028110138,2019,52100,147800,199900
81030100896,2019,0,0,0
70929403065,2019,84900,225600,310500
80924409744,2019,400,1600,2000
70913309493,2019,74300,299700,374000
70826410030,2019,65800,156400,222200
81034110122,2019,65800,168000,233800
81033205297,2019,46700,136900,183600
70919110117,2019,128200,138600,266800
71010108035,2019,54200,152600,206800
70926115192,2019,0,0,0
70919302110,2019,93600,276400,370000
70925205077,2019,60000,259100,319100
60803118046,2019,25300,208700,234000
70913434240,2019,0,18000,18000
70923104023,2019,0,0,0
70826211488,2019,13700,63300,77000
70913205237,2019,78400,308900,387300
70823306159,2019,78100,192700,270800
70918322119,2019,0,2000,2000
71005214235,2019,52800,127700,180500
70918319348,2019,20500,70600,91100
71015304034,2019,310500,0,310500
81031412076,2019,39600,118900,158500
71011210152,2019,54300,256200,310500
70913209049,2019,83800,220300,304100
71002418070,2019,77200,168800,246000
60811117098,2019,19100,186400,205500
71030210068,2019,86700,283100,369800
70833115128,2019,102100,257800,359900
71006113139,2019,61800,180900,242700
71006428140,2019,104100,287000,391100
70825301082,2019,935000,479400,1414400
70931404126,2019,102400,172200,274600
70814203059,2019,107500,288500,396000
70931302304,2019,106900,183900,290800
71003305060,2019,62900,170900,233800
80926112353,2019,56700,193300,250000
70813320234,2019,14600,104100,118700
70816304061,2019,168300,484100,652400
81030210116,2019,49000,126200,175200
71005407137,2019,65000,157100,222100
70914414176,2019,383000,1553000,1936000
71015201222,2019,83100,228800,311900
81034309098,2019,63600,148400,212000
81023209431,2019,0,1200,1200
70919228960,2019,400,2600,3000
71009406200,2019,68300,123000,191300
70913422120,2019,80000,358900,438900
70935117014,2019,177400,1072600,1250000
71014213137,2019,55100,168000,223100
70921220095,2019,127000,403900,530900
70835304117,2019,78200,251200,329400
70923152329,2019,34100,520400,554500
70914440030,2019,34400,118000,152400
70836107205,2019,69800,173800,243600
70922345024,2019,0,0,0
70921223057,2019,130200,303200,433400
70913113076,2019,95500,121200,216700
80924438933,2019,400,1600,2000
60804104185,2019,132500,473100,605600
70922435130,2019,208800,134700,343500
70929217101,2019,90100,239800,329900
81031411052,2019,41100,149300,190400
70913109059,2019,68300,173800,242100
70828418058,2019,0,0,0
71007222187,2019,442800,177300,620100
70835301965,2019,880000,15520000,16400000
70918409040,2019,122700,369200,491900
70917101308,2019,57000,317000,374000
70829401101,2019,12800,0,12800
71010107293,2019,55100,169000,224100
70929121188,2019,116200,288800,405000
60903202062,2019,88900,162200,251100
70922345115,2019,112900,351500,464400
70823121507,2019,20000,107100,127100
71035206103,2019,67600,216900,284500
71001309212,2019,58700,133300,192000
71035112110,2019,0,0,0
70814430298,2019,19700,205300,225000
70822107186,2019,47800,186400,234200
60801119161,2019,66700,176300,243000
80935105133,2019,62800,209700,272500
70923413177,2019,1700,16300,18000
70919110422,2019,0,0,0
71011413011,2019,90000,216000,306000
71009406234,2019,66400,141900,208300
70823102094,2019,76700,308300,385000
71011114106,2019,71000,199500,270500
71022301049,2019,63000,59900,122900
70913354141,2019,0,15000,15000
81032415110,2019,42000,308000,350000
70917101382,2019,51500,250800,302300
70919208061,2019,95500,178500,274000
70814403104,2019,84700,219500,304200
71014304225,2019,55200,226800,282000
71010308130,2019,52500,159700,212200
60904104019,2019,81500,150800,232300
71001302109,2019,65300,172300,237600
70913106360,2019,100500,107500,208000
70814303073,2019,98200,367500,465700
60804204050,2019,91900,278100,370000
70814310028,2019,73000,201300,274300
70923316074,2019,77100,289900,367000
70921416173,2019,137900,316900,454800
60801408168,2019,70700,241300,312000
71005228260,2019,47100,72900,120000
60812114259,2019,77200,177800,255000
70921402073,2019,142900,312800,455700
71005232170,2019,46300,152500,198800
70919414121,2019,105900,258800,364700
70923101011,2019,127000,863000,990000
60801223061,2019,16900,155600,172500
70816322162,2019,17300,194900,212200
70835122684,2019,6500,76500,83000
70921415125,2019,70400,262600,333000
80935106909,2019,67900,183500,251400
70822102219,2019,139300,324100,463400
80935108343,2019,522900,455600,978500
70919217012,2019,91500,111400,202900
71006129144,2019,47500,108300,155800
70914426014,2019,53000,292000,345000
71005203064,2019,49000,261000,310000
70821213091,2019,100,0,100
71021219061,2019,60600,184900,245500
70822105205,2019,58700,167300,226000
81034402173,2019,61300,250800,312100
71034105166,2019,81000,162400,243400
71004304201,2019,47900,162000,209900
70913113307,2019,93800,56600,150400
70814433028,2019,54000,162200,216200
71010103275,2019,0,0,0
70833104056,2019,135500,314500,450000
71008108964,2019,1100,8900,10000
60812222119,2019,26200,175700,201900
60903218019,2019,51200,72300,123500
70823413194,2019,32800,247200,280000
70836416101,2019,65800,164200,230000
71006117199,2019,65300,259300,324600
70912419045,2019,9000,91900,100900
71015106034,2019,66400,114800,181200
60802115390,2019,20500,120300,140800
71030208013,2019,84200,0,84200
60812121171,2019,83200,233000,316200
81033402132,2019,51400,180000,231400
60802441026,2019,35500,88300,123800
71010408261,2019,55700,232100,287800
81031209176,2019,67100,145900,213000
71010413187,2019,55700,184300,240000
71015208096,2019,51100,164800,215900
80926108336,2019,54700,155000,209700
70932412087,2019,0,0,0
60802412233,2019,0,0,0
70813402347,2019,280400,694600,975000
71020302148,2019,86700,130300,217000
60812329064,2019,13400,155000,168400
70834426376,2019,23400,104300,127700
71001318049,2019,64900,214900,279800
70922112168,2019,0,0,0
70828305065,2019,71000,0,71000
70813103036,2019,94300,159700,254000
81027208108,2019,84800,206900,291700
70912407339,2019,112800,188000,300800
70922225185,2019,149300,234000,383300
71034104100,2019,75000,167700,242700
60803108063,2019,100300,225900,326200
71005316172,2019,54400,206900,261300
71005401296,2019,65700,99100,164800
60801419199,2019,16600,185200,201800
70921304063,2019,154800,342900,497700
70920304197,2019,94800,175800,270600
70926206157,2019,80600,109900,190500
71005314267,2019,67000,185900,252900
71031100937,2019,0,0,0
70823408070,2019,44500,203300,247800
70823118108,2019,12800,86800,99600
70923140332,2019,1500,13500,15000
70922222024,2019,87800,479200,567000
71004307198,2019,58800,140100,198900
80925216164,2019,62800,150500,213300
70932402020,2019,168500,192700,361200
80924430971,2019,400,1600,2000
71026201138,2019,352200,1636800,1989000
70913210038,2019,72700,201200,273900
60812109242,2019,76300,201500,277800
70826211074,2019,18300,66500,84800
70824406180,2019,106800,193200,300000
70823414043,2019,230000,120000,350000
70923148659,2019,4200,800,5000
70930305060,2019,3720000,2280000,6000000
70923175149,2019,3300,11700,15000
71003308204,2019,57000,191400,248400
70833203113,2019,111600,165400,277000
70836203269,2019,75100,206700,281800
71010211094,2019,56100,148800,204900
81034302076,2019,48000,127400,175400
70923162021,2019,8000,7000,15000
70834204110,2019,81800,223200,305000
81028302066,2019,54000,441000,495000
70935202328,2019,66200,177800,244000
70927401011,2019,0,0,0
70929110024,2019,89900,333000,422900
60801208120,2019,71000,299000,370000
60903214132,2019,17300,75100,92400
81031410111,2019,38200,126800,165000
70931103356,2019,123600,157100,280700
70824103108,2019,111300,329900,441200
70826414206,2019,16100,110700,126800
70813326232,2019,158900,401400,560300
70923112191,2019,0,0,0
70923167295,2019,3400,13800,17200
60801202114,2019,83800,188200,272000
70919203152,2019,84300,144000,228300
60801313094,2019,75100,243500,318600
81032307078,2019,52700,155300,208000
70813330051,2019,55500,297500,353000
81031205124,2019,42200,172800,215000
60812207111,2019,85300,195400,280700
71006428075,2019,89100,349300,438400
70929106015,2019,109700,301700,411400
70926102222,2019,81500,201400,282900
70836412076,2019,0,0,0
71002107269,2019,9500,160300,169800
70925203120,2019,169300,253700,423000
71003108018,2019,56100,145300,201400
71034101099,2019,74300,187700,262000
71010120112,2019,50300,152200,202500
70933206075,2019,226700,447000,673700
70923311074,2019,710000,909200,1619200
70923171486,2019,3600,2700,6300
71005226074,2019,48500,137300,185800
70833111233,2019,87700,252300,340000
70823207026,2019,18100,209200,227300
70918207014,2019,124400,304000,428400
70923150076,2019,55100,333700,388800
71015106208,2019,61100,114900,176000
71002313056,2019,61900,243600,305500
70814430248,2019,19700,206300,226000
70821411083,2019,100300,425400,525700
81028119437,2019,8700,61200,69900
70823107333,2019,0,0,0
71006431193,2019,100500,336500,437000
70836207047,2019,73700,179300,253000
70835309240,2019,97100,153300,250400
71005303046,2019,65100,262700,327800
70823208339,2019,132000,387500,519500
80925124937,2019,800,1200,2000
71009311128,2019,69000,147000,216000
70924214136,2019,34500,661500,696000
70922302149,2019,101800,288200,390000
71014203419,2019,58700,209200,267900
70833125010,2019,0,0,0
70923173565,2019,3300,5900,9200
70922335249,2019,145400,348600,494000
70920106163,2019,130800,299200,430000
70929418014,2019,94800,320200,415000
71007219150,2019,132100,222200,354300
70828442130,2019,0,0,0
81033205180,2019,44900,128800,173700
71009214033,2019,51500,188600,240100
80926113187,2019,62100,154800,216900
70922404127,2019,127800,181800,309600
81034102145,2019,67100,172000,239100
71006304217,2019,86000,251900,337900
60802115035,2019,20500,123000,143500
70907300936,2019,300,0,300
80925217328,2019,57600,194700,252300
70934309125,2019,15700,98600,114300
70923123297,2019,190000,421800,611800
70923407112,2019,0,0,0
60811116313,2019,18800,212600,231400
70923130044,2019,36000,0,36000
70829108145,2019,77400,325700,403100
60906110121,2019,72700,160300,233000
71002418517,2019,100,0,100
70928315047,2019,87300,224700,312000
70919108055,2019,100100,177900,278000
70920414061,2019,123800,160200,284000
71027408072,2019,63800,206200,270000
70918211015,2019,91000,96500,187500
60812324105,2019,28700,176300,205000
70826406188,2019,69900,147800,217700
70913350256,2019,0,8000,8000
80926207162,2019,68600,228000,296600
70816317105,2019,153500,491500,645000
71010208166,2019,59100,198700,257800
80935108070,2019,445200,284600,729800
71011220119,2019,11300,186200,197500
80925105177,2019,52500,117300,169800
70912402206,2019,92400,212300,304700
70836117121,2019,66400,208900,275300
70923167724,2019,3400,13800,17200
70926203096,2019,58000,218500,276500
71019405101,2019,132000,279000,411000
70923113181,2019,153800,133800,287600
80924440798,2019,400,1600,2000
70920217605,2019,400,14600,15000
71004306017,2019,63400,141300,204700
70928211021,2019,97800,254100,351900
81035106039,2019,69000,0,69000
60802314075,2019,97400,254500,351900
60801312400,2019,75100,228500,303600
70914404143,2019,0,0,0
70912437013,2019,9000,91300,100300
70920302117,2019,142900,401900,544800
71010203025,2019,54000,182300,236300
60906202077,2019,93000,182000,275000
70928211120,2019,89900,167500,257400
71005227155,2019,47100,127900,175000
70823121416,2019,20000,56300,76300
70932417235,2019,53000,190100,243100
60812118045,2019,20500,159200,179700
71012212058,2019,64100,246200,310300
70930408161,2019,92200,212900,305100
70921303164,2019,161800,286900,448700
81034106056,2019,65600,182200,247800
70928207129,2019,89900,176900,266800
70923165843,2019,44000,230600,274600
80924311139,2019,73200,200000,273200
70929114183,2019,84300,146800,231100
70836419197,2019,65600,141600,207200
80925308036,2019,66000,118100,184100
70920123183,2019,15200,111000,126200
81030307012,2019,62400,154400,216800
71030200952,2019,200000,0,200000
70929114125,2019,87800,156600,244400
70921222025,2019,133500,282700,416200
71010207267,2019,55200,201100,256300
71007116265,2019,84100,281600,365700
70929106130,2019,103200,197700,300900
81034205072,2019,68700,181300,250000
70931306132,2019,89400,197300,286700
70922230100,2019,247100,350500,597600
81028119841,2019,10100,96000,106100
71005334124,2019,110100,324800,434900
70919206122,2019,88400,115500,203900
70931306083,2019,99000,178800,277800
70930409078,2019,75300,198800,274100
81021412234,2019,48500,186500,235000
81031207104,2019,39900,166300,206200
60803105077,2019,115100,231700,346800
80924423786,2019,400,1600,2000
71005301157,2019,61900,184000,245900
70834308631,2019,29700,0,29700
70923170074,2019,2900,600,3500
70824407039,2019,104100,221800,325900
70919106083,2019,0,0,0
71005314142,2019,68000,286500,354500
70824108116,2019,96900,184100,281000
70913105172,2019,80200,245900,326100
71004401346,2019,48100,183300,231400
80924425980,2019,400,1600,2000
70929426231,2019,0,0,0
80926104277,2019,53500,117500,171000
60905201012,2019,88000,308000,396000
71035112061,2019,70600,307300,377900
70922435114,2019,210200,311600,521800
70926111017,2019,77400,187500,264900
71030208352,2019,110300,88100,198400
70835310099,2019,84900,198000,282900
71007227038,2019,0,0,0
71009221187,2019,42700,202400,245100
70834417143,2019,13200,0,13200
70836201114,2019,35200,156800,192000
70825104163,2019,671000,119000,790000
60802408133,2019,67000,186300,253300
81021305174,2019,55300,205000,260300
70835125274,2019,500,1500,2000
70823405133,2019,62000,229800,291800
81032423072,2019,39800,135800,175600
70914408129,2019,134100,421600,555700
70918226121,2019,23300,101800,125100
60905214180,2019,5600,56200,61800
70921302067,2019,0,0,0
70834403043,2019,100300,268900,369200
60812219067,2019,20000,107400,127400
71002406306,2019,38000,227000,265000
71007208210,2019,65400,144600,210000
81026415184,2019,2000,0,2000
70920220278,2019,0,6900,6900
70923301041,2019,1148000,6748000,7896000
81026423111,2019,100,0,100
71007121016,2019,0,0,0
71005108032,2019,50600,48400,99000
70825209252,2019,17000,46000,63000
70836408124,2019,56400,144300,200700
60802413249,2019,60100,287800,347900
70813328098,2019,141700,323200,464900
70930405018,2019,66100,170300,236400
81028400860,2019,349000,1598500,1947500
70920119025,2019,132000,388000,520000
70822113133,2019,29600,320400,350000
71003313188,2019,49100,132300,181400
60801116050,2019,66700,161400,228100
70922303105,2019,143600,231200,374800
60901101076,2019,0,0,0
71003316075,2019,57300,188200,245500
60812109127,2019,92100,180400,272500
70926401228,2019,80000,134300,214300
70821214023,2019,115000,321000,436000
70826405148,2019,69300,166200,235500
71005105054,2019,44000,142800,186800
70928319023,2019,145800,390900,536700
60812116073,2019,82000,179900,261900
70922338061,2019,206400,580100,786500
70918220024,2019,92800,223400,316200
60802316302,2019,18000,0,18000
70922418061,2019,49800,121600,171400
70928101305,2019,96200,265300,361500
71004315026,2019,58500,150100,208600
71009222052,2019,45900,176400,222300
60801204061,2019,65000,149200,214200
70929427148,2019,141100,353900,495000
81022104070,2019,0,0,0
70835307020,2019,80700,185700,266400
70932206034,2019,0,0,0
60801315040,2019,79300,242000,321300
70836205140,2019,71300,215700,287000
60802411277,2019,65200,171100,236300
80924422720,2019,400,1600,2000
70820111014,2019,100,0,100
71006205217,2019,22300,150700,173000
70825400834,2019,0,0,0
71034109118,2019,67300,185800,253100
81031411094,2019,0,0,0
80924438769,2019,400,1600,2000
60906104067,2019,73700,197800,271500
71006102140,2019,47200,54700,101900
70913306019,2019,0,0,0
81033202087,2019,38300,118700,157000
81031223142,2019,52200,110300,162500
70835122311,2019,6500,74700,81200
80924422829,2019,400,1600,2000
60812313083,2019,33100,181800,214900
71003419233,2019,46300,171400,217700
71001320169,2019,64400,218300,282700
70913222249,2019,13000,422900,435900
70923173226,2019,3300,5900,9200
70928112170,2019,108400,278800,387200
60801406013,2019,24900,147800,172700
81030206123,2019,54700,133400,188100
80936203217,2019,18000,137600,155600
81026424135,2019,100,0,100
81032401060,2019,123500,329500,453000
71035118051,2019,65700,231900,297600
80924102158,2019,71200,303000,374200
70816306059,2019,132600,277500,410100
70932105111,2019,80700,150100,230800
60801312062,2019,76900,202300,279200
70813403246,2019,270900,537100,808000
60812114217,2019,74600,193600,268200
70913213256,2019,0,0,0
80924445037,2019,13600,262800,276400
81026207119,2019,5500,0,5500
70835124143,2019,500,1500,2000
71002311109,2019,60700,248900,309600
71006407061,2019,54100,145100,199200
70923144350,2019,8000,7000,15000
80924410098,2019,8000,126500,134500
70920124032,2019,15200,112100,127300
70932410198,2019,79800,138300,218100
70816308097,2019,172600,497400,670000
70921317214,2019,126600,160000,286600
71027400911,2019,210800,546500,757300
70834426235,2019,23400,97600,121000
70923158137,2019,45200,267400,312600
71016108089,2019,61000,158200,219200
60904108194,2019,89200,205600,294800
71010104249,2019,55600,164000,219600
71009204224,2019,45100,175700,220800
71007104062,2019,102800,255400,358200
60812306054,2019,78100,206400,284500
70820105140,2019,100,0,100
80924421144,2019,10500,174300,184800
80935103228,2019,75000,197100,272100
71012206209,2019,61300,256600,317900
70919305122,2019,128300,331400,459700
70920302357,2019,147200,282800,430000
60801414280,2019,74800,199400,274200
81028108109,2019,73500,137900,211400
71012217230,2019,62500,200000,262500
70822101063,2019,853000,1388000,2241000
70923405140,2019,10000,0,10000
81019304120,2019,58700,177500,236200
70836215032,2019,96100,0,96100
70920307042,2019,97500,235400,332900
71006304259,2019,83700,231900,315600
70834201132,2019,96100,212800,308900
70920403163,2019,107100,172700,279800
70923153450,2019,1300,23700,25000
71009223026,2019,41300,151900,193200
70932412128,2019,74800,79100,153900
70813403113,2019,270000,220000,490000
70913309500,2019,65900,286100,352000
60812304131,2019,76000,272400,348400
71014211074,2019,0,0,0
70834428348,2019,20300,183200,203500
60904101172,2019,85000,276000,361000
70922422236,2019,68100,318100,386200
81034118051,2019,66100,240600,306700
70824310290,2019,14100,137400,151500
60905112227,2019,45000,105600,150600
71001332023,2019,48500,202800,251300
70919224025,2019,101300,175100,276400
70814101112,2019,101900,297100,399000
71010313303,2019,62600,129700,192300
70919301071,2019,92200,279300,371500
70931413010,2019,87900,212200,300100
71009108088,2019,45100,123800,168900
71007113237,2019,75100,216200,291300
71011207084,2019,35400,205500,240900
70912410118,2019,876000,732200,1608200
81035103043,2019,65400,0,65400
70930415124,2019,106500,277400,383900
71002418020,2019,81100,163400,244500
71007111025,2019,87900,217000,304900
70929123192,2019,13500,208400,221900
70918302020,2019,638000,305500,943500
70936302119,2019,65000,137400,202400
71015214118,2019,23000,289100,312100
71005401022,2019,65200,149500,214700
71005406014,2019,72000,119300,191300
70923317121,2019,52500,197800,250300
70835125208,2019,500,1500,2000
70822206053,2019,0,0,0
70923145613,2019,8000,7000,15000
71006312137,2019,59400,286400,345800
70826416591,2019,21500,118500,140000
70929112179,2019,112100,193600,305700
70824404316,2019,116600,248900,365500
60802402200,2019,67300,187700,255000
70918402052,2019,51300,87500,138800
80926403116,2019,86000,337000,423000
80926409057,2019,12000,119600,131600
70913353284,2019,39100,184300,223400
70826420295,2019,0,4000,4000
80924427879,2019,400,1600,2000
70919410244,2019,114500,314400,428900
70836104037,2019,77100,155000,232100
70813314310,2019,9300,0,9300
70827307038,2019,0,0,0
71003311108,2019,49900,139100,189000
71012206259,2019,61300,230500,291800
70836105027,2019,77100,168400,245500
71016401045,2019,64600,167100,231700
70836201023,2019,77100,198100,275200
70914418251,2019,177900,350500,528400
70932105244,2019,76400,176000,252400
71016415020,2019,62700,196700,259400
70821204181,2019,165000,301300,466300
71003312122,2019,49300,131700,181000
70922208157,2019,215000,1730000,1945000
71010404053,2019,59700,160400,220100
60802307062,2019,19400,135000,154400
71012216068,2019,67000,262900,329900
70919203079,2019,94000,189300,283300
70816307130,2019,172500,450500,623000
70929420126,2019,140000,385700,525700
70922319201,2019,145400,349200,494600
70834216131,2019,90000,330000,420000
70835107165,2019,105500,357100,462600
70922311033,2019,124200,362400,486600
71007224167,2019,0,0,0
80924303045,2019,71400,262500,333900
71034105314,2019,85100,206600,291700
71010105304,2019,50400,187300,237700
71005222121,2019,72000,117300,189300
80936410060,2019,72900,129800,202700
70913350496,2019,0,15000,15000
71010406091,2019,59400,171700,231100
81034102038,2019,67400,184800,252200
80924443693,2019,400,1600,2000
70922440303,2019,113500,132000,245500
70829413180,2019,13300,0,13300
60802408282,2019,64000,221000,285000
71010314012,2019,57200,132900,190100
71006211074,2019,69200,185200,254400
70823304278,2019,78100,199500,277600
70923142015,2019,44900,217100,262000
70929209033,2019,69500,214400,283900
60812403024,2019,75200,163700,238900
70823210508,2019,140200,215900,356100
70931303013,2019,110700,183600,294300
80925113013,2019,12100,228100,240200
70813402404,2019,300500,657500,958000
70918309133,2019,0,0,0
70921209049,2019,71500,204500,276000
70835208202,2019,78200,183700,261900
71003416172,2019,47900,179000,226900
71007204010,2019,61300,196500,257800
71005223286,2019,63400,139600,203000
70829401151,2019,12400,0,12400
70920302480,2019,144300,454700,599000
71005220092,2019,51700,233600,285300
71007316047,2019,42100,263900,306000
70923173995,2019,3300,11700,15000
81031208095,2019,53400,133700,187100
71015205076,2019,71200,184100,255300
70836410195,2019,57200,136300,193500
70823406371,2019,62000,304900,366900
70816408011,2019,202900,309400,512300
70829413130,2019,13700,0,13700
70926409024,2019,78300,104700,183000
60902209019,2019,132000,383000,515000
71005113057,2019,62000,181800,243800
60804207054,2019,98700,0,98700
70816322196,2019,17300,216900,234200
71007115077,2019,79600,283200,362800
80926306047,2019,64500,238800,303300
60801304126,2019,72500,150000,222500
71005407369,2019,44400,135800,180200
60802413174,2019,0,0,0
70928212269,2019,100900,266900,367800
70826211024,2019,10000,50000,60000
70929403198,2019,98300,212000,310300
71003206143,2019,26400,138600,165000
70923140879,2019,1500,13500,15000
71021113297,2019,15100,97800,112900
81021106225,2019,60900,175000,235900
60801110044,2019,61000,215000,276000
70833119170,2019,94200,305800,400000
70835205092,2019,96800,230800,327600
70928211154,2019,97800,257500,355300
70825104014,2019,891000,1147000,2038000
71005406189,2019,68600,149400,218000
70922436146,2019,0,0,0
70833413085,2019,44700,416000,460700
70813109076,2019,114700,277900,392600
80925216172,2019,60700,145400,206100
70823311257,2019,10900,137400,148300
70930104214,2019,73800,187800,261600
70836108063,2019,95000,150000,245000
70929206138,2019,78300,217700,296000
71011410116,2019,46600,147500,194100
70825204070,2019,484000,186000,670000
70835309042,2019,78700,218200,296900
81030314108,2019,57600,133000,190600
60804102139,2019,90000,286300,376300
71027405143,2019,51000,196500,247500
80936119034,2019,13800,96100,109900
71003301141,2019,51600,168200,219800
70921219113,2019,140200,317800,458000
60812404098,2019,75400,191300,266700
81030204200,2019,49400,111500,160900
70921122118,2019,114600,436000,550600
70833307022,2019,116700,424100,540800
71015406096,2019,48700,204400,253100
70928315063,2019,78900,204700,283600
70826408291,2019,67100,152900,220000
70918210174,2019,118600,427300,545900
81023307136,2019,35600,100100,135700
70931403128,2019,103100,116900,220000
71014400982,2019,501000,0,501000
70914442010,2019,2809000,23513000,26322000
70822107037,2019,52600,190100,242700
70931414399,2019,63000,176300,239300
71011421064,2019,50700,239400,290100
70920222208,2019,15400,116200,131600
71008106207,2019,44300,320700,365000
70922317073,2019,99000,397000,496000
70931412111,2019,86000,231800,317800
80935102204,2019,66400,141800,208200
80924413927,2019,400,1600,2000
71011405018,2019,88800,228700,317500
81021106192,2019,61100,154700,215800
71006129194,2019,43300,113100,156400
81031404221,2019,37600,177400,215000
71019407165,2019,79500,92900,172400
70828425087,2019,0,0,0
70913353193,2019,68500,285200,353700
81028108159,2019,57100,151100,208200
70920419201,2019,130600,266300,396900
70821109175,2019,97100,373900,471000
70824410131,2019,106700,397300,504000
70923116416,2019,154200,391100,545300
71016207146,2019,67900,225400,293300
81021302443,2019,48400,162300,210700
70926203062,2019,188000,387100,575100
71012210193,2019,58000,196900,254900
60811107049,2019,108300,274300,382600
60812405129,2019,110900,178000,288900
70931417038,2019,86300,284300,370600
70928105183,2019,99100,300100,399200
71002403021,2019,11500,0,11500
70826211016,2019,11700,63100,74800
70914437293,2019,1100,100,1200
71004307156,2019,54100,148100,202200
70926103254,2019,78600,200900,279500
70928104101,2019,108200,276800,385000
81026206286,2019,78500,0,78500
70834428413,2019,20300,181200,201500
70836420136,2019,82700,175300,258000
70814426065,2019,85900,264600,350500
70826312046,2019,64800,223800,288600
60811408207,2019,76100,175300,251400
60903202179,2019,0,0,0
81021302138,2019,41300,143000,184300
71015101175,2019,52600,161400,214000
70835303234,2019,89200,240200,329400
81033301045,2019,46200,136300,182500
70918204086,2019,128400,150700,279100
60801225140,2019,15000,142900,157900
80925112908,2019,800,1200,2000
80924421764,2019,400,1600,2000
70828117014,2019,87200,192900,280100
80924419826,2019,400,1600,2000
71006425146,2019,90400,165000,255400
70913354026,2019,0,15000,15000
70823104090,2019,89400,200800,290200
70922335322,2019,145600,287400,433000
70918223135,2019,108300,171400,279700
71011108034,2019,30000,225600,255600
71005323143,2019,77700,253800,331500
71005206050,2019,100500,120500,221000
71011212158,2019,52800,211900,264700
70929418030,2019,94200,250400,344600
70919305081,2019,109200,326000,435200
81034410267,2019,71600,249800,321400
71019401042,2019,315800,558900,874700
70921116070,2019,117000,257000,374000
71005313045,2019,50000,164000,214000
70918203046,2019,701700,224900,926600
70922409200,2019,171200,238300,409500
80925108048,2019,51900,142100,194000
70919215082,2019,82700,172400,255100
71006131074,2019,46900,160600,207500
71010313064,2019,48700,141400,190100
80924302089,2019,71400,325000,396400
70928201113,2019,77100,200500,277600
81021305265,2019,56800,168500,225300
70822113167,2019,26300,255500,281800
70814304013,2019,93500,225500,319000
70813402016,2019,476400,357600,834000
70828443089,2019,0,0,0
71006431143,2019,96900,225800,322700
71015206347,2019,76100,198900,275000
70929108079,2019,99200,280800,380000
60802410047,2019,65300,174100,239400
70923140613,2019,1500,13500,15000
70912446014,2019,9000,91300,100300
70912409012,2019,91800,274300,366100
60801409257,2019,68800,204700,273500
60801113361,2019,56200,135900,192100
70923413101,2019,1700,16300,18000
71011421098,2019,50700,244300,295000
70923149144,2019,7300,1200,8500
60812302474,2019,74700,171300,246000
70932109189,2019,245700,848600,1094300
80924404025,2019,8200,150400,158600
70918416011,2019,10500,64100,74600
60803112080,2019,100700,324000,424700
80924420956,2019,400,1600,2000
81023203011,2019,2582000,6765000,9347000
80924309035,2019,65700,238300,304000
81031225114,2019,52300,112200,164500
70913354232,2019,0,15000,15000
70920127185,2019,16000,166600,182600
60802417126,2019,72600,179900,252500
70926207270,2019,80600,206600,287200
71012221017,2019,12100,125900,138000
80924417713,2019,400,1600,2000
70935201122,2019,66200,174700,240900
70921206201,2019,71500,117100,188600
70816323045,2019,175200,518200,693400
70919227342,2019,29300,221900,251200
70814417048,2019,90200,232000,322200
60802309018,2019,99300,226400,325700
71006119179,2019,59700,148400,208100
60812402050,2019,74100,196800,270900
71004407211,2019,47000,191700,238700
70834201306,2019,84100,251400,335500
70835203187,2019,106300,365700,472000
71009221012,2019,44300,156700,201000
60801411319,2019,71600,165900,237500
70933403142,2019,85900,289100,375000
70829111255,2019,14000,0,14000
70828301295,2019,0,0,0
70813403072,2019,431800,354500,786300
70823408088,2019,44500,202800,247300
70914438647,2019,2200,22800,25000
71001324187,2019,60000,161100,221100
70913110080,2019,81300,232400,313700
70826416260,2019,21500,105200,126700
71003402113,2019,45800,240600,286400
70824303138,2019,101800,286200,388000
81030307088,2019,57500,139700,197200
80925106117,2019,56500,132500,189000
81026345068,2019,3700,0,3700
70920403212,2019,107100,173900,281000
60802115134,2019,20500,121500,142000
70901101075,2019,51000,93300,144300
70835205050,2019,87800,267900,355700
70823110146,2019,89400,204700,294100
71001323204,2019,63900,233500,297400
60801315157,2019,74000,271200,345200
70919224124,2019,100500,308200,408700
70929408106,2019,91500,197400,288900
70923163417,2019,44900,251700,296600
81031223085,2019,21200,95400,116600
71011208066,2019,21400,175600,197000
70824402203,2019,108900,299500,408400
70935301120,2019,66200,271000,337200
70922229054,2019,230800,657500,888300
70922405034,2019,50000,87000,137000
80924411905,2019,400,1600,2000
60804105092,2019,122600,273600,396200
60801211016,2019,79500,167700,247200
71011108737,2019,30000,235700,265700
60812121238,2019,82100,213700,295800
80936408106,2019,73000,140600,213600
70814419333,2019,15200,173900,189100
71035102096,2019,72000,255900,327900
70919414098,2019,124200,305500,429700
60801309019,2019,0,0,0
80935107064,2019,76900,226300,303200
70929304172,2019,91400,179200,270600
60903212045,2019,12200,66000,78200
81021309051,2019,25000,83900,108900
71009215065,2019,60300,205300,265600
70921126186,2019,128000,382000,510000
70929114191,2019,82800,132700,215500
60811402077,2019,66400,227000,293400
70932306107,2019,69300,163100,232400
70833403177,2019,263700,436400,700100
70923113024,2019,59400,141600,201000
70931402013,2019,109800,163100,272900
80924421087,2019,9900,170700,180600
70923212173,2019,41600,184300,225900
70921215103,2019,133100,201900,335000
71027100975,2019,138500,77400,215900
71011221109,2019,12000,184200,196200
70829108228,2019,82400,243600,326000
60802112099,2019,93500,166000,259500
71006310313,2019,39900,180800,220700
71009221137,2019,38000,149900,187900
70833302361,2019,207000,340000,547000
71003202084,2019,53100,151900,205000
70922238071,2019,25300,213700,239000
71016115034,2019,59100,115900,175000
70918321012,2019,0,2000,2000
70922236059,2019,211600,523700,735300
70833202016,2019,100800,174200,275000
71003106179,2019,57300,194600,251900
71015106125,2019,66400,117900,184300
71005402236,2019,47900,141100,189000
70834101019,2019,0,0,0
70922308098,2019,198000,167000,365000
70921125170,2019,124400,285900,410300
70826416963,2019,21500,115500,137000
70814102011,2019,93400,351400,444800
70833104048,2019,160100,454900,615000
70814429051,2019,33900,273700,307600
70922110021,2019,30000,212000,242000
70912402074,2019,108600,200200,308800
70820106106,2019,100,0,100
71014203047,2019,54300,188700,243000
70836105382,2019,70800,175500,246300
60901202311,2019,60500,172100,232600
70814302190,2019,0,0,0
70919204100,2019,95800,211200,307000
70823111110,2019,0,0,0
70922226159,2019,225900,589500,815400
71035113035,2019,69700,275100,344800
70921407023,2019,142900,300700,443600
70918212170,2019,73200,160700,233900
71011205062,2019,32900,240900,273800
80925116827,2019,800,1200,2000
60812113029,2019,80000,156700,236700
71016111082,2019,58800,143700,202500
81031204233,2019,59200,123900,183100
70932415346,2019,93000,197000,290000
70913327346,2019,195000,436000,631000
71005415023,2019,96900,116000,212900
80935108260,2019,522900,326200,849100
70824404100,2019,113600,351400,465000
70913434761,2019,0,3400,3400
70932105210,2019,84700,136000,220700
70929407075,2019,82300,324700,407000
81026356205,2019,58100,324500,382600
71011410033,2019,87800,246900,334700
70814206102,2019,116100,356900,473000
70813328056,2019,0,0,0
70923161239,2019,8000,7000,15000
70935114101,2019,49300,116900,166200
70931308047,2019,99100,211600,310700
70919224140,2019,202000,161900,363900
60801305231,2019,75200,139200,214400
71012221207,2019,12100,131800,143900
70920308157,2019,103900,118900,222800
71030208071,2019,84000,225000,309000
71002311034,2019,62500,286900,349400
70923136050,2019,22000,225200,247200
70929401077,2019,90200,197500,287700
80936404089,2019,69200,156600,225800
70814312090,2019,26100,278900,305000
80925213110,2019,56900,117000,173900
71002310060,2019,48800,365800,414600
60802302161,2019,93900,227200,321100
70901108089,2019,54500,130100,184600
70922231108,2019,138600,400100,538700
71009208036,2019,48300,142300,190600
70921126243,2019,128000,285000,413000
70823404185,2019,35100,154000,189100
60801313226,2019,83000,224100,307100
71005221074,2019,63800,154600,218400
71012213022,2019,54000,177900,231900
70814307182,2019,97500,290700,388200
81023209217,2019,0,1200,1200
70936403066,2019,64700,134900,199600
60802402036,2019,67800,181900,249700
70913106039,2019,81600,147400,229000
70922440204,2019,117700,195100,312800
70923170834,2019,2100,400,2500
80924418951,2019,400,1600,2000
70920420323,2019,143600,137000,280600
70820110016,2019,100,0,100
81033306136,2019,41600,144800,186400
70929124794,2019,0,10000,10000
71016413066,2019,61900,176600,238500
71014306312,2019,63100,220900,284000
60802109111,2019,70100,159900,230000
70836405401,2019,0,0,0
81031203079,2019,39800,105200,145000
80924309085,2019,63000,198500,261500
70833102141,2019,133600,306000,439600
71021109056,2019,61000,178300,239300
81026355265,2019,8900,0,8900
70923412286,2019,1700,16300,18000
71002445099,2019,100,0,100
70824109015,2019,97500,219400,316900
70923175280,2019,3300,11700,15000
80925108197,2019,53600,175400,229000
70923103067,2019,271000,786000,1057000
70929121039,2019,91300,185100,276400
80925211271,2019,54000,163000,217000
80924404976,2019,400,1600,2000
80925115887,2019,800,1200,2000
70921124049,2019,121400,265400,386800
70923316157,2019,69400,246900,316300
70923134020,2019,63200,217600,280800
70932406030,2019,78200,132000,210200
70926412332,2019,45600,100100,145700
70932110160,2019,143200,138000,281200
80924403126,2019,8200,126900,135100
81028120830,2019,0,5000,5000
70813108135,2019,105600,236900,342500
80936402091,2019,69700,151300,221000
70813314211,2019,9300,180600,189900
71006410212,2019,62900,305100,368000
71002403063,2019,68200,38600,106800
71003303163,2019,52000,148200,200200
70920126012,2019,20600,280000,300600
80926203102,2019,67300,183700,251000
70912408014,2019,108100,225100,333200
71005406121,2019,40900,179600,220500
71010108069,2019,56000,195700,251700
71003202117,2019,50800,161400,212200
60802103105,2019,120400,178700,299100
60802415104,2019,82000,333000,415000
71014207031,2019,60400,144500,204900
70835306121,2019,97100,181800,278900
71007309208,2019,128500,390100,518600
70826416228,2019,21500,116200,137700
81034403080,2019,60100,170800,230900
71007215174,2019,90900,296300,387200
70929415226,2019,88200,229200,317400
71005340105,2019,98100,288600,386700
60812121410,2019,81000,199000,280000
70913402081,2019,69100,114800,183900
70813108086,2019,106900,210700,317600
71003214047,2019,53100,195000,248100
70833113198,2019,95300,221400,316700
70923138410,2019,37000,356900,393900
70816322287,2019,17300,219700,237000
70935111090,2019,50000,106200,156200
70930411312,2019,70200,241900,312100
70920217746,2019,400,14600,15000
70826309184,2019,119200,391400,510600
71011113083,2019,72700,206200,278900
70923165827,2019,41000,214600,255600
81031401160,2019,35900,132000,167900
80925406054,2019,62100,177400,239500
81021304051,2019,48100,168000,216100
80925210174,2019,59200,120000,179200
60803101059,2019,101000,193500,294500
80926205140,2019,65600,173100,238700
71011208248,2019,33400,219400,252800
81034108333,2019,60300,141800,202100
60812335029,2019,0,0,0
70923153658,2019,1300,23700,25000
80925306072,2019,63900,118100,182000
70823413102,2019,29100,179000,208100
70821204090,2019,104000,290300,394300
71010403047,2019,55700,185600,241300
70926104054,2019,37200,377800,415000
70923126283,2019,129400,79200,208600
70929106164,2019,83100,179900,263000
70828406087,2019,0,0,0
70833408101,2019,44700,435300,480000
70933301148,2019,80800,167000,247800
60812115083,2019,74600,184900,259500
71005101060,2019,0,0,0
80924311080,2019,80400,209300,289700
70932105070,2019,92100,154600,246700
81015108112,2019,108400,204400,312800
71010120162,2019,62000,202500,264500
70922317164,2019,153800,246100,399900
60901201272,2019,67300,167700,235000
80925107074,2019,53600,161700,215300
70820109209,2019,100,0,100
60804106165,2019,145000,0,145000
81027107011,2019,36700,119800,156500
70813304197,2019,78300,150700,229000
70920420191,2019,140700,160800,301500
81034109026,2019,61000,170400,231400
70922346311,2019,0,15000,15000
70932113289,2019,94900,185000,279900
60802411136,2019,0,0,0
71005309028,2019,61400,200700,262100
70901105259,2019,54500,142000,196500
60811112080,2019,116800,274700,391500
60801316163,2019,24000,148300,172300
71009411176,2019,72500,131500,204000
80926206205,2019,64000,187900,251900
70920219693,2019,0,0,0
70928115017,2019,77000,268000,345000
70924202040,2019,0,0,0
70923113222,2019,59800,480200,540000
80925102016,2019,51800,158200,210000
71010103217,2019,53600,182500,236100
70823121325,2019,20000,83300,103300
70928312043,2019,123300,208000,331300
71002107673,2019,9500,160700,170200
80924444865,2019,400,1600,2000
70928207153,2019,97800,292200,390000
60904102229,2019,85700,285100,370800
70922436112,2019,207000,401000,608000
70823204098,2019,113600,299400,413000
70814207225,2019,0,0,0
71004404176,2019,50500,159900,210400
70926206040,2019,80600,201600,282200
70931202421,2019,74800,135400,210200
71005212073,2019,75000,395000,470000
81028118504,2019,0,0,0
80935108418,2019,527700,176600,704300
71003103133,2019,0,0,0
70930303056,2019,352000,298000,650000
70931104297,2019,170000,111300,281300
71004317056,2019,54700,126700,181400
70816305027,2019,171400,678600,850000
81027202027,2019,64200,131800,196000
70922437061,2019,99600,186400,286000
70833408010,2019,44700,383700,428400
81034119075,2019,69300,209600,278900
70836114242,2019,70900,161100,232000
71005324068,2019,105800,312200,418000
80924438074,2019,10600,190000,200600
70833209088,2019,102900,302600,405500
71021213120,2019,66100,141500,207600
60802305165,2019,13800,198700,212500
71007228200,2019,105300,152000,257300
71011103018,2019,0,0,0
60801116076,2019,66700,169000,235700
71001411083,2019,57200,217800,275000
70931204154,2019,55300,148400,203700
70923314119,2019,158800,248000,406800
70829105109,2019,47400,270600,318000
80925404066,2019,56100,150400,206500
70834403126,2019,86600,178600,265200
71010305037,2019,55200,134800,190000
71006303011,2019,39800,213000,252800
70929111139,2019,97400,199700,297100
70834404091,2019,99700,147800,247500
70823107086,2019,75500,143600,219100
80924436698,2019,400,1600,2000
80924429916,2019,400,1600,2000
70922408096,2019,121000,404000,525000
70835123111,2019,6500,71300,77800
71009404105,2019,63300,131700,195000
70923412096,2019,1700,16300,18000
71003407113,2019,49900,207900,257800
70919405138,2019,129700,453500,583200
70834308102,2019,48200,458800,507000
71010207168,2019,59100,173700,232800
70825104189,2019,193000,867000,1060000
70829102139,2019,107700,331700,439400
60801201059,2019,66800,154100,220900
70825201216,2019,693000,646000,1339000
60811402085,2019,77200,242300,319500
70912433011,2019,9000,91300,100300
80924420873,2019,400,1600,2000
60902207021,2019,77000,187500,264500
71016114143,2019,50900,69300,120200
70814429027,2019,28700,221800,250500
70824303162,2019,96900,242900,339800
70935305073,2019,176000,538300,714300
70926207189,2019,44000,108000,152000
71006126265,2019,52000,129800,181800
71009410079,2019,65000,127500,192500
81033304015,2019,44000,108000,152000
71006114252,2019,61800,243600,305400
81032309199,2019,43700,151000,194700
70913347469,2019,2500,12500,15000
71006106035,2019,62800,140000,202800
70926113188,2019,0,0,0
81030303060,2019,52800,116900,169700
70919110349,2019,128400,95700,224100
70826416848,2019,21500,118500,140000
70834214276,2019,27000,284900,311900
70919305073,2019,113600,355500,469100
70829410061,2019,15900,0,15900
70814414119,2019,90200,266000,356200
70835108056,2019,170500,507700,678200
80924412995,2019,400,1600,2000
71006121083,2019,53900,172400,226300
81033209190,2019,229500,363500,593000
70926409090,2019,34900,142000,176900
71007117106,2019,67600,259100,326700
71006205233,2019,37600,108800,146400
60812222060,2019,26200,175700,201900
71006421219,2019,67900,108200,176100
81033209124,2019,1594500,5658900,7253400
71002307124,2019,9800,0,9800
70813326175,2019,161100,428900,590000
71007107199,2019,149800,418200,568000
80935101214,2019,51800,142200,194000
70824303104,2019,103100,290500,393600
70826421037,2019,0,4000,4000
60803105126,2019,105000,167400,272400
70932108040,2019,128900,269100,398000
70929416258,2019,72300,215600,287900
71004314060,2019,54100,126000,180100
70919306104,2019,104100,429400,533500
70813319162,2019,14300,103600,117900
81014303466,2019,32800,164100,196900
70921413137,2019,179200,291700,470900
71007212013,2019,93200,217300,310500
70823406321,2019,83400,383900,467300
70928225147,2019,177100,382900,560000
70918223101,2019,232300,257300,489600
70921209172,2019,100,0,100
70921302182,2019,109200,287800,397000
70836206130,2019,67600,245200,312800
70835203252,2019,154600,415400,570000
81023209530,2019,0,1200,1200
70928107080,2019,108400,254600,363000
70834310058,2019,0,15000,15000
70828419022,2019,0,0,0
80925115986,2019,800,1200,2000
71011108084,2019,30000,225600,255600
80924431119,2019,10400,186700,197100
71011119297,2019,51700,229600,281300
70924219631,2019,0,25000,25000
70932408101,2019,79800,158100,237900
70923142073,2019,44900,259100,304000
70824101011,2019,103100,205300,308400
70828305057,2019,71000,43500,114500
71002435107,2019,7900,0,7900
70922237099,2019,196200,407700,603900
81032425036,2019,29400,120500,149900
70913119230,2019,82000,159600,241600
70821112128,2019,114600,324400,439000
71015112122,2019,47100,203900,251000
71003303098,2019,0,0,0
70824208081,2019,165500,310000,475500
71023301056,2019,626000,2848700,3474700
80924431888,2019,400,1600,2000
71021401056,2019,452000,765000,1217000
60903200991,2019,0,0,0
70901113129,2019,21200,103800,125000
71002441013,2019,100,0,100
71008105168,2019,38600,271500,310100
70918221022,2019,151100,131200,282300
70919410062,2019,103900,197100,301000
71035113019,2019,70500,257000,327500
80924427126,2019,9900,186100,196000
70826422134,2019,0,4000,4000
70828316070,2019,100,0,100
71014101019,2019,0,0,0
70923116309,2019,148500,447100,595600
71009222078,2019,45900,182200,228100
60801312468,2019,72000,257800,329800
80935108129,2019,512700,222300,735000
70814426081,2019,89000,335000,424000
70920106056,2019,127800,106600,234400
71015204010,2019,39400,170600,210000
60904103087,2019,78100,254100,332200
80925209052,2019,54700,148600,203300
70822414391,2019,11800,102400,114200
60902103261,2019,20000,87500,107500
71006410155,2019,68000,268600,336600
70921414052,2019,137400,428200,565600
70913354373,2019,0,2500,2500
70930412013,2019,457000,1517000,1974000
70922427111,2019,164300,182000,346300
71010306100,2019,50100,143500,193600
70919221188,2019,101700,192700,294400
70823404200,2019,39400,156800,196200
81019302265,2019,60400,175700,236100
70828423049,2019,0,0,0
81026356114,2019,100,0,100
70919225122,2019,101500,140300,241800
70833412029,2019,46200,211300,257500
70824412038,2019,102700,292700,395400
81031408140,2019,39600,111800,151400
70913428095,2019,83500,388800,472300
70932421103,2019,48800,100100,148900
70923153129,2019,1300,23700,25000
80924403861,2019,400,1600,2000
71014302039,2019,60100,145000,205100
70919414113,2019,104100,205600,309700
80925416136,2019,62200,179900,242100
70929220021,2019,76500,160800,237300
80936409021,2019,77700,171700,249400
70935207261,2019,44800,105400,150200
70922426030,2019,97300,312800,410100
70814308130,2019,113100,222900,336000
70922421113,2019,90000,240000,330000
60802410419,2019,0,0,0
70932418118,2019,54900,130200,185100
70929108037,2019,100400,216000,316400
71011303246,2019,60100,138800,198900
71021211017,2019,66900,124500,191400
70920117053,2019,188700,307900,496600
71014303079,2019,61200,258000,319200
71014210159,2019,55400,186700,242100
70829409056,2019,95900,0,95900
70920418170,2019,126600,129700,256300
70913125360,2019,62500,286500,349000
60803119341,2019,66600,423400,490000
70913319145,2019,119000,74200,193200
70923136068,2019,22000,224000,246000
81031211246,2019,43800,96000,139800
71002402081,2019,70700,178900,249600
60905107020,2019,47200,99800,147000
70912409103,2019,107800,194800,302600
70929124231,2019,0,10000,10000
60802413033,2019,0,0,0
70816402021,2019,184400,345900,530300
71006411103,2019,150000,5473000,5623000
71011404052,2019,80500,243300,323800
71014108263,2019,10700,170300,181000
70919221013,2019,103200,129200,232400
70931410199,2019,100900,170000,270900
70919221055,2019,101300,195100,296400
70923129013,2019,0,0,0
70919222194,2019,101300,204300,305600
70923166388,2019,84700,321700,406400
71003401058,2019,48200,158300,206500
60812313489,2019,33100,228900,262000
71021206068,2019,58600,154800,213400
70921414185,2019,137200,372900,510100
60812102014,2019,0,0,0
70923313054,2019,159800,553500,713300
81026362020,2019,100,0,100
70834301015,2019,166000,54900,220900
70826312129,2019,72400,252600,325000
70827304068,2019,0,0,0
71011108315,2019,30000,242700,272700
70919210040,2019,91500,261400,352900
60803113260,2019,129900,264800,394700
70833204038,2019,113300,280100,393400
70923145291,2019,8000,7000,15000
70828124176,2019,12900,192100,205000
70933403134,2019,85400,195300,280700
70835101076,2019,0,0,0
70924219425,2019,0,25000,25000
70923150589,2019,72100,312900,385000
70929215098,2019,85900,196400,282300
70922332120,2019,140800,628900,769700
60802409199,2019,64000,154400,218400
81031418165,2019,38100,125500,163600
70921209156,2019,71500,87300,158800
70829418049,2019,13600,0,13600
70923145499,2019,8000,7000,15000
70929224065,2019,87700,137300,225000
70919204027,2019,79100,171200,250300
70833204046,2019,113300,302700,416000
71011118554,2019,30500,242800,273300
70813103052,2019,159500,144300,303800
70833302048,2019,135500,512700,648200
70826412010,2019,10200,76500,86700
70921128033,2019,35200,236800,272000
70823113182,2019,89400,183100,272500
81032416035,2019,33200,122500,155700
81028119510,2019,8700,66000,74700
70930416239,2019,75600,216000,291600
70918323042,2019,26400,121500,147900
70919113103,2019,98700,293900,392600
81030315148,2019,61300,111500,172800
80924305158,2019,69200,233000,302200
70926223028,2019,23000,184600,207600
81034403105,2019,61400,183900,245300
81026355637,2019,3800,0,3800
70923140358,2019,1500,13500,15000
60803119325,2019,82400,407600,490000
80925215166,2019,55700,145700,201400
71010116103,2019,58900,143400,202300
81032305113,2019,77000,373000,450000
70933403019,2019,90600,160100,250700
71006211165,2019,69200,155100,224300
80926405047,2019,59000,411000,470000
70923173367,2019,3300,5900,9200
71016205059,2019,68600,198000,266600
81034410085,2019,66400,163600,230000
80924416989,2019,400,1600,2000
60812328660,2019,0,1000,1000
70920302133,2019,167000,413800,580800
60811103344,2019,101200,292000,393200
60803113179,2019,139200,381000,520200
81026360264,2019,100,0,100
70923170066,2019,3600,1000,4600
70814101386,2019,109900,326100,436000
60801213111,2019,69300,147700,217000
70936407240,2019,58800,161200,220000
70931412088,2019,93800,205800,299600
70931409077,2019,88900,256100,345000
71023300850,2019,0,0,0
71021109147,2019,61000,136500,197500
71014210323,2019,59100,190200,249300
70828321079,2019,12300,0,12300
70932104056,2019,77900,211000,288900
71035114281,2019,72200,260800,333000
81033303067,2019,43700,124400,168100
70815306307,2019,209900,619100,829000
81021404190,2019,56100,130200,186300
70922409226,2019,127800,315400,443200
70928108343,2019,107000,259000,366000
70913109025,2019,84400,175000,259400
60801303277,2019,83500,159500,243000
70835110019,2019,159800,288500,448300
70823406397,2019,64100,271600,335700
71002316208,2019,10600,0,10600
60801217064,2019,84600,145300,229900
71015106050,2019,66400,143400,209800
71006111266,2019,69200,132500,201700
70835207189,2019,87800,239700,327500
81019306150,2019,58600,160600,219200
70823305292,2019,76400,184300,260700
60812101090,2019,78000,203000,281000
80926113096,2019,61700,142000,203700
71006117090,2019,27400,195100,222500
81034409054,2019,69600,259400,329000
70931204162,2019,74800,156600,231400
70920304048,2019,102500,264400,366900
70913313080,2019,126700,262500,389200
60901203327,2019,59700,142700,202400
70923173862,2019,3300,5900,9200
70815302016,2019,330000,470000,800000
70826309077,2019,110900,345800,456700
70920126111,2019,20600,270100,290700
71009405070,2019,63300,129200,192500
71006312195,2019,60600,209200,269800
70923211274,2019,102900,642400,745300
70923156496,2019,5000,10000,15000
70931310258,2019,98000,192000,290000
60906111103,2019,56500,231900,288400
80936411076,2019,69600,157700,227300
70814417121,2019,95600,199300,294900
71011114015,2019,71400,227300,298700
70836208467,2019,38300,140700,179000
71002443035,2019,100,0,100
70814103100,2019,111600,311500,423100
70923170347,2019,2100,400,2500
70913341057,2019,21300,326200,347500
71002443126,2019,100,0,100
70829101024,2019,0,0,0
70826416674,2019,21500,107500,129000
70928224066,2019,99100,196700,295800
70815103026,2019,452000,10000,462000
70924219897,2019,0,25000,25000
81032310055,2019,38800,163800,202600
70920308305,2019,99200,248800,348000
70918211205,2019,99100,216500,315600
81028108331,2019,58500,155300,213800
70922346220,2019,0,15000,15000
80935101024,2019,56100,147900,204000
81034104042,2019,70100,147800,217900
70913207209,2019,83200,304100,387300
71009106157,2019,252500,653500,906000
70836213391,2019,11600,127400,139000
70933206140,2019,189600,473700,663300
71010408203,2019,59000,186500,245500
60802105094,2019,68900,194000,262900
70922335059,2019,151400,313600,465000
71011112150,2019,62500,190600,253100
81030314231,2019,51300,127600,178900
70823406123,2019,56800,233700,290500
80936402223,2019,71000,147200,218200
80925303094,2019,58600,140400,199000
70835202197,2019,106200,252600,358800
70822414193,2019,11800,102900,114700
70932303129,2019,79200,197300,276500
60812313124,2019,33100,180600,213700
70813314485,2019,14900,271100,286000
70827107032,2019,42000,293000,335000
70933402029,2019,88800,143300,232100
70923318038,2019,128400,213700,342100
81027208041,2019,53800,214700,268500
71006205142,2019,45900,133400,179300
70814207233,2019,100200,245800,346000
70922205012,2019,589000,507000,1096000
70932417053,2019,54100,119100,173200
71003303246,2019,57800,151400,209200
71016300982,2019,0,0,0
70919202162,2019,54900,122600,177500
70920106189,2019,130800,206200,337000
70901118038,2019,16900,103600,120500
71011120103,2019,48000,207900,255900
70823413326,2019,25400,176600,202000
60801226081,2019,16200,158700,174900
80924427845,2019,400,1600,2000
70936311144,2019,60200,177000,237200
71005333126,2019,98100,398000,496100
71016102073,2019,55700,131800,187500
80924425998,2019,400,1600,2000
70919219076,2019,90800,217200,308000
70920406141,2019,145200,161400,306600
60812331069,2019,0,100,100
70921115147,2019,124400,263900,388300
60812112047,2019,76900,180100,257000
70922342096,2019,258700,577900,836600
70933405057,2019,84300,209700,294000
71013203014,2019,0,0,0
80924431755,2019,400,1600,2000
71021215043,2019,55600,176100,231700
71030208104,2019,84700,210300,295000
70931208461,2019,74300,205600,279900
70824222031,2019,34400,260600,295000
70932409159,2019,80500,115300,195800
71009212178,2019,50700,188100,238800
60801404348,2019,76200,230600,306800
81026423195,2019,25100,0,25100
70921209073,2019,71500,141600,213100
71006116092,2019,61800,191200,253000
70923122207,2019,117000,248000,365000
81026360230,2019,100,0,100
71003206119,2019,57300,231800,289100
70921410068,2019,142900,326800,469700
70931403029,2019,130900,161700,292600
81021107025,2019,60900,196800,257700
60801310082,2019,73200,199600,272800
71022303201,2019,323800,0,323800
70923152410,2019,44100,830500,874600
70829111023,2019,92500,320400,412900
60804206080,2019,100000,0,100000
70926218293,2019,78600,316400,395000
70923105253,2019,610000,443000,1053000
70913205295,2019,77000,311000,388000
70929114240,2019,82700,159400,242100
70829104185,2019,47400,268600,316000
70913222067,2019,14300,427200,441500
60801115177,2019,61000,181900,242900
71006405271,2019,68000,187900,255900
71010219080,2019,10600,86900,97500
70912418021,2019,9000,99300,108300
81028104032,2019,59000,193200,252200
60802102032,2019,65300,155400,220700
70919405245,2019,100200,147300,247500
60903207012,2019,0,0,0
70918321658,2019,0,2000,2000
71005107018,2019,50000,190000,240000
70923168467,2019,6500,18500,25000
80924411088,2019,9200,135500,144700
70816308047,2019,174300,365700,540000
60811411101,2019,84400,190500,274900
60801108221,2019,63900,135600,199500
70936301145,2019,62700,137900,200600
60802305347,2019,13800,198700,212500
81028120799,2019,0,5000,5000
71015116190,2019,45200,206200,251400
81033207277,2019,46700,126100,172800
71007301030,2019,423000,257000,680000
71020309318,2019,23800,161700,185500
70834212064,2019,66100,231200,297300
71007205208,2019,48000,472000,520000
71027410019,2019,24900,156400,181300
81034406092,2019,59600,193700,253300
70926213136,2019,79800,215900,295700
70814203083,2019,112600,228800,341400
70913205196,2019,65800,187000,252800
81021405156,2019,56100,164700,220800
70921212050,2019,95600,166500,262100
71027401034,2019,480000,2242800,2722800
70836310220,2019,14900,117200,132100
81032419146,2019,18000,109600,127600
71014307071,2019,61600,173900,235500
70824204203,2019,110600,284700,395300
71011303189,2019,62400,229600,292000
70834427746,2019,0,5000,5000
70926301014,2019,0,0,0
70914406264,2019,145000,690000,835000
70823307214,2019,74000,195600,269600
70929123746,2019,0,1000,1000
70920126195,2019,17900,276600,294500
71005224226,2019,63100,174900,238000
71021221222,2019,82000,132900,214900
71007222202,2019,324400,248800,573200
70932416203,2019,53600,151800,205400
71006128104,2019,127500,116100,243600
71006122130,2019,35300,145900,181200
70826315082,2019,36500,221800,258300
80926203029,2019,81400,160900,242300
70826419727,2019,0,4000,4000
71005206258,2019,102000,413300,515300
70836215082,2019,66200,190600,256800
60801117066,2019,66700,162400,229100
80926303027,2019,71900,213700,285600
71016102031,2019,30000,43000,73000
70923179125,2019,65500,0,65500
71004312098,2019,63600,149300,212900
80924447017,2019,35100,419900,455000
70814312470,2019,26100,261100,287200
70823404036,2019,39400,144700,184100
70833202032,2019,100800,150500,251300
71009320153,2019,69500,114100,183600
70932114170,2019,150400,373800,524200
81032409048,2019,36300,237700,274000
70835124771,2019,500,1500,2000
70913347675,2019,2500,12500,15000
70929124471,2019,0,10000,10000
70936304149,2019,62500,174600,237100
60812103020,2019,81200,190600,271800
70923168772,2019,6500,18500,25000
81031403108,2019,35900,148600,184500
70816302081,2019,34400,0,34400
81026204032,2019,4200,0,4200
70923304011,2019,99000,1200000,1299000
71022201091,2019,96000,574300,670300
71027417099,2019,79100,189000,268100
71009106058,2019,132500,322100,454600
81033204356,2019,36100,150800,186900
70933402079,2019,87300,165800,253100
71011113059,2019,72900,176700,249600
70928102220,2019,101500,299700,401200
70825305026,2019,957000,2144000,3101000
60901201264,2019,62300,155300,217600
70836407259,2019,55100,141800,196900
70820103011,2019,0,0,0
71005416039,2019,65100,157500,222600
71005308161,2019,60300,223700,284000
70918213079,2019,85100,258500,343600
71006316030,2019,519500,3485900,4005400
71006433016,2019,108400,241000,349400
70825105088,2019,303000,662000,965000
70922336271,2019,130200,284800,415000
70920404020,2019,143600,177300,320900
60801116026,2019,66700,154500,221200
81033306011,2019,40400,127700,168100
70828412109,2019,0,0,0
60802439013,2019,34400,127300,161700
70917101465,2019,57000,313000,370000
80926103089,2019,55600,163700,219300
71010403021,2019,55700,179000,234700
70920213249,2019,119700,217800,337500
70932307098,2019,0,0,0
71010106203,2019,51200,181000,232200
71002307017,2019,9500,0,9500
71019405242,2019,83500,186500,270000
81030317243,2019,56000,135500,191500
70823307264,2019,76300,237200,313500
71002315200,2019,3400,0,3400
70833205771,2019,26400,297400,323800
70828316062,2019,100,0,100
80924412078,2019,9000,145700,154700
70829109169,2019,91300,358600,449900
70822107160,2019,47800,176800,224600
80936409039,2019,70100,171500,241600
81026206210,2019,4200,0,4200
80925104054,2019,57600,119700,177300
71001411059,2019,57200,186000,243200
60801103122,2019,57500,177500,235000
70826418216,2019,0,0,0
70814426099,2019,100600,341600,442200
80924417151,2019,9400,132600,142000
81031206031,2019,51300,144300,195600
70929427015,2019,151500,283000,434500
70921115048,2019,108300,270100,378400
71006417234,2019,74100,274900,349000
60801102182,2019,62000,152000,214000
71010306077,2019,50100,133700,183800
70828114028,2019,0,0,0
71021203220,2019,92400,154100,246500
81034410241,2019,70000,217500,287500
70929123796,2019,0,1000,1000
80925124870,2019,800,1200,2000
70834415080,2019,24000,174500,198500
71006408077,2019,54200,232700,286900
71003303220,2019,56300,187500,243800
70919222037,2019,101300,107300,208600
80925413075,2019,59200,209000,268200
70921401174,2019,142900,342700,485600
81032303034,2019,31800,101400,133200
71015211221,2019,0,0,0
70829108210,2019,88400,233600,322000
70836117155,2019,68700,177200,245900
60906203174,2019,94000,181000,275000
70920216780,2019,11000,381000,392000
80924443867,2019,400,1600,2000
81030307385,2019,243800,31000,274800
70923411155,2019,30500,281500,312000
80924423679,2019,400,1600,2000
71012212024,2019,63400,217500,280900
70824310175,2019,14100,138200,152300
60811408067,2019,75200,170100,245300
71004307271,2019,62700,147800,210500
81027202093,2019,62500,142900,205400
71003305242,2019,48800,133800,182600
60801126017,2019,31700,113100,144800
70921318147,2019,120300,141300,261600
70820109168,2019,100,0,100
71011421121,2019,50700,206700,257400
71016407069,2019,62400,147500,209900
70920305369,2019,98800,178800,277600
71005345072,2019,65100,118100,183200
70836407051,2019,60700,149200,209900
80936202102,2019,56900,175000,231900
70929302035,2019,81400,221900,303300
70834307154,2019,212800,472200,685000
70912411025,2019,0,0,0
71011112043,2019,70500,201900,272400
60801225257,2019,15000,145000,160000
70921401124,2019,142900,234500,377400
70823203032,2019,120200,299000,419200
70923169027,2019,6500,18500,25000
70922229161,2019,193900,404300,598200
70901108104,2019,51000,162700,213700
70936304165,2019,63400,165800,229200
70814207027,2019,66800,192500,259300
71010304013,2019,54200,135300,189500
70929404097,2019,97400,259600,357000
71010306275,2019,50500,141400,191900
70913203158,2019,88800,255800,344600
81032102072,2019,48000,153200,201200
70836410369,2019,58800,143000,201800
80924438735,2019,400,1600,2000
70919207154,2019,89000,138400,227400
60803106306,2019,103200,214200,317400
70824411080,2019,100800,205600,306400
70923119056,2019,116000,213000,329000
71007201024,2019,101100,366800,467900
70825307014,2019,163000,350000,513000
81028120872,2019,0,5000,5000
70931401099,2019,99100,178300,277400
71010203059,2019,54000,207500,261500
70822102293,2019,111200,241000,352200
60906109223,2019,66400,163600,230000
70821213215,2019,100,0,100
70936306038,2019,68800,164300,233100
70824409093,2019,106700,310500,417200
60801407243,2019,78000,210200,288200
81033103079,2019,13500,0,13500
70823408210,2019,54400,279600,334000
70923146413,2019,8000,7000,15000
70829401119,2019,12800,0,12800
70826211701,2019,13700,63200,76900
60801308178,2019,67500,173100,240600
70922304062,2019,117600,235300,352900
71005318087,2019,94100,178500,272600
60811423122,2019,81600,186900,268500
60802101084,2019,107600,144800,252400
70828116040,2019,80100,200400,280500
81031224091,2019,39100,131600,170700
60811104079,2019,100500,319700,420200
60801216157,2019,0,0,0
71014303061,2019,57600,288200,345800
81027104033,2019,0,0,0
70913112094,2019,80300,651700,732000
71012217016,2019,6300,0,6300
60812302242,2019,61100,190600,251700
70920123935,2019,500,2500,3000
70826315561,2019,46400,266300,312700
70825102026,2019,199000,678000,877000
60812119043,2019,20700,175000,195700
60801113551,2019,59800,152100,211900
60812114168,2019,74600,185400,260000
70921317016,2019,104600,148200,252800
70929207102,2019,76800,208800,285600
70825304028,2019,127000,273000,400000
70922423234,2019,77200,253300,330500
70918321070,2019,0,2000,2000
70835305074,2019,84000,215900,299900
70918225157,2019,35600,139300,174900
60804204117,2019,79900,329100,409000
70920103250,2019,133500,184700,318200
70913321281,2019,131300,130000,261300
71011409119,2019,122200,281100,403300
70920104117,2019,111800,340400,452200
60901103056,2019,59500,166300,225800
70935203160,2019,352000,515000,867000
71011301034,2019,56400,153600,210000
70922237164,2019,134500,248800,383300
60811114078,2019,125200,304000,429200
71016414030,2019,61600,162900,224500
80924403845,2019,400,1600,2000
81031213250,2019,38100,110100,148200
71021206117,2019,58600,151700,210300
80925114037,2019,12600,250400,263000
70926412259,2019,0,0,0
70922223121,2019,67000,463000,530000
60804206030,2019,89900,350100,440000
71006120093,2019,60700,148700,209400
80926104235,2019,54500,152400,206900
70921121136,2019,117700,397600,515300
70816406106,2019,174900,449100,624000
60812102238,2019,85700,197600,283300
70923141992,2019,200,500,700
70928316136,2019,172000,661300,833300
71011306026,2019,68600,182000,250600
70836310262,2019,14900,116500,131400
80925120969,2019,800,1200,2000
81023304554,2019,35600,158600,194200
70821207094,2019,125000,287100,412100
71003205202,2019,56100,131900,188000
71008101025,2019,0,0,0
71019402123,2019,300100,650200,950300
70929116056,2019,101000,217600,318600
60811431018,2019,78800,221700,300500
70919107198,2019,85200,161500,246700
70914437508,2019,1100,5900,7000
60811419030,2019,75500,196100,271600
80936106015,2019,14900,107000,121900
70920420026,2019,111900,174800,286700
81032408066,2019,43900,168400,212300
71035208050,2019,71100,188500,259600
70821207010,2019,106000,289500,395500
81027110030,2019,36700,112000,148700
71012201134,2019,72100,215700,287800
71005227345,2019,42600,100300,142900
81028112118,2019,60900,156300,217200
81022306220,2019,8000,66700,74700
70922323137,2019,178100,283900,462000
71011220143,2019,11300,172600,183900
70914419077,2019,681000,340000,1021000
71019407066,2019,47500,186900,234400
71005324117,2019,110100,345100,455200
71009403016,2019,59000,331000,390000
81028301034,2019,54000,476000,530000
81028104131,2019,57000,119900,176900
70923211323,2019,74200,410800,485000
70813325010,2019,11100,162100,173200
71035204123,2019,64000,226000,290000
70814311042,2019,446000,2002000,2448000
71010309063,2019,67000,545500,612500
80926310098,2019,74800,0,74800
70836405576,2019,58700,143100,201800
81021111026,2019,64200,195800,260000
60802309315,2019,95000,296400,391400
70923175298,2019,3300,11700,15000
70923133361,2019,119000,318900,437900
71011407056,2019,80500,306100,386600
70922440113,2019,88800,307300,396100
70923143485,2019,44900,301900,346800
70815309244,2019,63400,409200,472600
80936118052,2019,14900,97100,112000
70922329094,2019,183200,623000,806200
70828423073,2019,0,0,0
71006111050,2019,49600,65900,115500
81026355603,2019,3800,0,3800
71007316170,2019,35300,344800,380100
70824203247,2019,119400,158400,277800
71006104013,2019,66800,161700,228500
60803119367,2019,66600,418300,484900
71004312204,2019,58500,199500,258000
71010301291,2019,60200,154800,215000
71003216077,2019,89000,336000,425000
60801113064,2019,68800,138000,206800
70918226056,2019,23300,97600,120900
70928105282,2019,105300,279700,385000
70920218992,2019,400,14600,15000
60801218054,2019,57900,167000,224900
60802316310,2019,18000,0,18000
70922332071,2019,183200,405600,588800
71004404316,2019,48800,131200,180000
71034106057,2019,61200,169800,231000
71005406098,2019,41900,162100,204000
70918305131,2019,74800,151600,226400
71006305489,2019,46900,153200,200100
71012206184,2019,61300,288500,349800
70921203025,2019,707000,4249000,4956000
81033303083,2019,40400,121900,162300
80926403132,2019,86000,284000,370000
71007229183,2019,66700,336100,402800
80926408025,2019,0,0,0
70813107054,2019,243800,139100,382900
71014306354,2019,57000,208000,265000
70822414408,2019,11800,118200,130000
60801414321,2019,102800,261200,364000
81021415113,2019,53600,163200,216800
71009215198,2019,0,0,0
71006115135,2019,56300,73700,130000
70823402064,2019,40600,178500,219100
81021408142,2019,56100,156900,213000
70814418046,2019,0,0,0
60904104100,2019,85500,195600,281100
80925409090,2019,59900,131800,191700
81023310098,2019,35600,134900,170500
71014108297,2019,10700,178200,188900
70919227029,2019,39000,265500,304500
70934308010,2019,160000,224000,384000
70829110067,2019,94700,323300,418000
70918104129,2019,0,0,0
70924218443,2019,42200,545800,588000
70914427020,2019,789000,169700,958700
70933201158,2019,191600,539400,731000
70923116028,2019,112100,894100,1006200
81034310293,2019,70600,221000,291600
70935111066,2019,50400,111500,161900
70829108286,2019,95700,298300,394000
60812324048,2019,28800,172100,200900
71005231429,2019,48500,78400,126900
80925122931,2019,800,1200,2000
70921316084,2019,114800,133100,247900
81028118827,2019,8700,65500,74200
70824311058,2019,14100,139000,153100
70824204097,2019,107500,233100,340600
71006421384,2019,15600,1000,16600
71010210187,2019,58400,169500,227900
60811116024,2019,18800,216700,235500
70824203015,2019,110900,319200,430100
60905220012,2019,0,0,0
60906110155,2019,62600,202200,264800
80935107080,2019,76900,259500,336400
60801220132,2019,0,0,0
60802426052,2019,35000,147600,182600
71014216438,2019,7500,125900,133400
70835317128,2019,106200,193300,299500
70821114348,2019,61300,237400,298700
80924417028,2019,9400,130400,139800
70923141827,2019,200,600,800
70929224073,2019,87700,138100,225800
70814424184,2019,90200,317000,407200
70825301074,2019,1100000,1310000,2410000
71004306025,2019,58900,133600,192500
70923107118,2019,7500,372500,380000
70813324070,2019,134700,515400,650100
80924421730,2019,400,1600,2000
70923147320,2019,8000,7000,15000
71011306018,2019,69200,210700,279900
60811116769,2019,18800,216900,235700
80924422960,2019,400,1600,2000
70933405081,2019,82900,182200,265100
71005226107,2019,48500,158500,207000
70833408086,2019,44700,448600,493300
70836115084,2019,78300,149100,227400
60802111041,2019,86200,212100,298300
70932110087,2019,152100,310700,462800
70814421148,2019,15200,190800,206000
81028103183,2019,58600,119600,178200
70836105233,2019,73500,160000,233500
71020305134,2019,160000,363000,523000
71034105116,2019,73800,206400,280200
81034331017,2019,23100,151900,175000
70822101071,2019,1012000,1777500,2789500
70825209343,2019,11000,30000,41000
70816317072,2019,153500,673300,826800
70920114059,2019,117300,152300,269600
70928309157,2019,91100,259300,350400
71021211075,2019,61800,150000,211800
70824412054,2019,106700,212000,318700
71035113142,2019,70900,224100,295000
71007111299,2019,76600,295400,372000
71005319051,2019,114800,162200,277000
70833304276,2019,122700,434000,556700
70826415022,2019,39100,149800,188900
70929416224,2019,81400,167600,249000
81030302989,2019,0,19000,19000
71011222016,2019,18500,191500,210000
80924436721,2019,400,1600,2000
70922401066,2019,230600,473500,704100
71004302289,2019,68000,135500,203500
71003418251,2019,51200,147600,198800
60906114123,2019,57800,141600,199400
70920113150,2019,111900,184700,296600
70823412063,2019,69200,138200,207400
80936113078,2019,13800,110900,124700
70824306249,2019,0,0,0
81030316104,2019,59000,158200,217200
70816316115,2019,187200,0,187200
71004313236,2019,54100,148900,203000
60803102065,2019,120000,274000,394000
71007115217,2019,95500,234500,330000
81032301301,2019,31800,156100,187900
80924401055,2019,14000,126000,140000
71003416213,2019,47900,200700,248600
70913414242,2019,96100,320300,416400
60802102181,2019,85600,154900,240500
70919224166,2019,101300,315700,417000
71007116083,2019,84200,361500,445700
71006113254,2019,58800,167300,226100
70913350537,2019,0,15000,15000
70826416830,2019,21500,118500,140000
70814302215,2019,93400,317700,411100
71012215044,2019,17700,260600,278300
70913209164,2019,125000,165800,290800
80925403068,2019,58600,152900,211500
81034202135,2019,70600,198600,269200
71005229086,2019,53900,81800,135700
71005220141,2019,76400,299600,376000
70923152460,2019,44100,869400,913500
60802302244,2019,89700,252500,342200
60801111191,2019,62000,128700,190700
70823303163,2019,83500,142400,225900
70923309102,2019,107000,262400,369400
60903207244,2019,74700,232300,307000
71006204152,2019,57400,103100,160500
70923174662,2019,3300,11700,15000
70931102275,2019,106800,122400,229200
70836306013,2019,68400,131000,199400
70836114094,2019,74300,191600,265900
71004101029,2019,197000,657000,854000
71006121067,2019,40200,137800,178000
70929419070,2019,76900,186500,263400
70935307516,2019,4900,55100,60000
80936409063,2019,72300,141200,213500
70813310011,2019,18900,221100,240000
70815308270,2019,171500,403100,574600
80925110233,2019,53500,123000,176500
70823205210,2019,18100,209400,227500
71009412041,2019,63500,110500,174000
80925403042,2019,53800,113400,167200
81034313031,2019,88000,782000,870000
71009108195,2019,57200,140900,198100
80924421110,2019,8600,158400,167000
70929425134,2019,87300,230500,317800
70929306152,2019,81600,312100,393700
81027402065,2019,15000,0,15000
70920308199,2019,107200,209700,316900
71009104060,2019,54100,161800,215900
70826416898,2019,21500,115500,137000
71012202140,2019,63200,179800,243000
80936105059,2019,14900,99000,113900
71021220042,2019,63000,170700,233700
70928219257,2019,126600,265900,392500
71005318053,2019,97500,443500,541000
71009219273,2019,40900,164200,205100
70931309128,2019,99000,232000,331000
70836410278,2019,58000,141900,199900
70923309061,2019,95800,242800,338600
71021113172,2019,15100,92200,107300
70813320094,2019,14600,98800,113400
70816302031,2019,192400,430000,622400
70923138171,2019,21100,232600,253700
71003311132,2019,49500,116400,165900
81031405253,2019,38000,138100,176100
70918205018,2019,133000,359400,492400
71006312179,2019,48200,214200,262400
81032415011,2019,46900,126100,173000
70923212199,2019,102300,384700,487000
70922414051,2019,74800,127200,202000
81009304073,2019,107000,284700,391700
70918306204,2019,79500,110400,189900
71006412052,2019,41500,246300,287800
70822414747,2019,23600,161200,184800
70913319137,2019,81000,287300,368300
71005113130,2019,109100,284900,394000
71006303160,2019,36500,338500,375000
70913223057,2019,8200,391700,399900
70814411090,2019,88800,219200,308000
70816406255,2019,157800,386700,544500
81028105113,2019,59400,164600,224000
71005315075,2019,68000,316700,384700
70934400923,2019,374000,402000,776000
71034102237,2019,46700,223300,270000
71003207167,2019,53100,188200,241300
71010203108,2019,51400,234800,286200
71002438036,2019,43100,246200,289300
60802111059,2019,86200,200600,286800
71003303238,2019,57600,183800,241400
70913105114,2019,98300,390700,489000
70913434563,2019,0,2300,2300
70929410143,2019,87300,298500,385800
71015202303,2019,47200,198600,245800
70913434703,2019,0,1500,1500
70926112031,2019,80300,291700,372000
70913109158,2019,87000,340000,427000
70936304058,2019,64500,117000,181500
70922412196,2019,77200,164900,242100
70923166429,2019,84300,322100,406400
71010120097,2019,76800,175900,252700
71003418326,2019,55000,226600,281600
70913348178,2019,4000,198600,202600
70835306238,2019,79700,187100,266800
70815309153,2019,63400,345600,409000
60801401302,2019,74300,164700,239000
70931415230,2019,69500,175900,245400
60811406102,2019,75500,159400,234900
70824219054,2019,119400,241400,360800
70922237114,2019,83000,317000,400000
80925306014,2019,65500,100800,166300
81031214175,2019,38500,126100,164600
71015211081,2019,68300,252500,320800
80924400966,2019,0,0,0
80924407780,2019,400,1600,2000
71015301105,2019,79000,104700,183700
80925204101,2019,55900,135500,191400
70833203139,2019,111600,210500,322100
70934100945,2019,149000,461000,610000
70918414164,2019,682000,178000,860000
70920213140,2019,116000,232400,348400
80926304140,2019,67800,233800,301600
71010205138,2019,51400,203400,254800
71022303037,2019,95000,275000,370000
71007111059,2019,87900,341100,429000
80926402093,2019,48900,116600,165500
71021211041,2019,62500,151400,213900
71009311144,2019,68800,172300,241100
70923411395,2019,31100,283900,315000
70923163144,2019,44900,220700,265600
70914406272,2019,106700,439400,546100
70834309184,2019,30100,0,30100
60903211039,2019,17400,100600,118000
71006401146,2019,65100,132700,197800
71005411162,2019,51400,158800,210200
70821109092,2019,108100,265500,373600
70913104017,2019,84200,123300,207500
71030210026,2019,87100,296100,383200
71005309226,2019,65100,220800,285900
60801210159,2019,72900,166400,239300
60903223018,2019,46100,100900,147000
70929401069,2019,90200,214500,304700
80924101217,2019,93800,374400,468200
70930105139,2019,76100,186600,262700
71006306049,2019,32000,204900,236900
70836408223,2019,61200,155800,217000
70824403144,2019,105100,332800,437900
80925216049,2019,57600,180900,238500
70814417080,2019,88800,239200,328000
70921115303,2019,124900,275700,400600
71012217058,2019,68400,260000,328400
70920416174,2019,176600,215300,391900
70835123195,2019,6500,75100,81600
60901201181,2019,60800,173200,234000
70923156579,2019,5000,10000,15000
80913300995,2019,0,0,0
70821114207,2019,61300,237200,298500
80925117833,2019,800,1200,2000
70923156040,2019,5000,10000,15000
80925113146,2019,11400,200600,212000
80935107866,2019,77800,264100,341900
70823205286,2019,18100,223500,241600
70822109083,2019,55500,162700,218200
71009209026,2019,65600,130500,196100
71005339083,2019,110100,321500,431600
70920126096,2019,17900,237700,255600
70931212199,2019,100200,130800,231000
71006308178,2019,69200,128500,197700
80924103073,2019,99200,248700,347900
71034105538,2019,275000,0,275000
71007208202,2019,53300,186700,240000
70926109111,2019,77000,145600,222600
71007226155,2019,94200,101800,196000
60802105101,2019,75800,154000,229800
70833411071,2019,46200,215800,262000
70921108118,2019,100000,178800,278800
70913114230,2019,84800,309000,393800
70836417092,2019,62300,148300,210600
71006112305,2019,67900,99400,167300
70921401067,2019,122800,282600,405400
71007222046,2019,492000,162500,654500
70923173911,2019,3300,5900,9200
70931412012,2019,85100,154600,239700
70833411097,2019,46200,203800,250000
70826419438,2019,0,4000,4000
81031202021,2019,51300,173300,224600
60905106014,2019,57200,125700,182900
70919411177,2019,104900,216300,321200
80925104012,2019,55700,140900,196600
80924410741,2019,400,1600,2000
70913215096,2019,559000,366000,925000
70833106052,2019,141200,428200,569400
70923160380,2019,8000,7000,15000
80925123012,2019,12200,253900,266100
70913353325,2019,65300,293100,358400
70823410083,2019,615000,375000,990000
60801226015,2019,16200,176600,192800
70922337039,2019,159900,536400,696300
70922335306,2019,145600,504400,650000
60801219226,2019,84600,167500,252100
71012205144,2019,68800,267100,335900
71009102072,2019,164000,239400,403400
81026357013,2019,100,0,100
60802410310,2019,67100,183000,250100
60812119142,2019,20700,175200,195900
71011119263,2019,51400,285400,336800
80925401111,2019,53400,137800,191200
81032106032,2019,0,0,0
70932202123,2019,83600,262100,345700
81028111136,2019,48200,169100,217300
70920123109,2019,15200,88400,103600
70814303148,2019,87700,298100,385800
71005346963,2019,0,2700,2700
71027417015,2019,88100,265900,354000
70931305126,2019,106900,203100,310000
71006405106,2019,54100,195500,249600
71009412215,2019,75200,141900,217100
70913434258,2019,0,18000,18000
71006409075,2019,68000,243200,311200
70820103087,2019,100,0,100
70814414101,2019,88300,256100,344400
70923168368,2019,6500,18500,25000
70920216988,2019,15400,669000,684400
70901105035,2019,74400,184000,258400
70920211128,2019,0,0,0
70935305205,2019,0,0,0
70931312147,2019,76000,185600,261600
70836307194,2019,68200,180200,248400
70825208014,2019,808000,867000,1675000
81026206202,2019,0,0,0
60812406086,2019,87700,198200,285900
80924303079,2019,0,0,0
71004318096,2019,77700,173300,251000
81031408025,2019,40700,137000,177700
70928108096,2019,109100,371900,481000
70923153137,2019,1300,23700,25000
70814202168,2019,96000,263000,359000
70926203103,2019,80000,241400,321400
70835306311,2019,102200,235200,337400
70922425123,2019,193200,611900,805100
71001334011,2019,21000,153300,174300
60801113428,2019,73500,163000,236500
71015205018,2019,42600,197000,239600
81032415102,2019,54000,506000,560000
70833109030,2019,73100,221600,294700
70930409135,2019,95700,194300,290000
71007214241,2019,0,0,0
70928115025,2019,99000,354000,453000
71010218032,2019,10900,108200,119100
60811406037,2019,74900,190900,265800
70932410263,2019,74000,0,74000
81031204209,2019,40600,177800,218400
70932206117,2019,84100,195700,279800
81031412183,2019,40700,118200,158900
71013201034,2019,80000,0,80000
81034414269,2019,66300,238300,304600
70918319223,2019,20500,114200,134700
60811107023,2019,103300,266200,369500
81029403045,2019,441700,1178500,1620200
70823105064,2019,89400,231200,320600
81030210025,2019,53800,108200,162000
70928218134,2019,0,0,0
71006118056,2019,63900,169500,233400
71010116088,2019,57800,188100,245900
70922208058,2019,123200,292400,415600
80924305083,2019,78300,293200,371500
60812117310,2019,81900,177300,259200
70928323074,2019,136600,354700,491300
81035111046,2019,100,0,100
60801110052,2019,61600,163400,225000
71003414051,2019,64200,224600,288800
60905207169,2019,0,0,0
81027106021,2019,36700,114500,151200
71001320226,2019,64400,191600,256000
70923108017,2019,4620000,15189500,19809500
70914437392,2019,1100,100,1200
70934401153,2019,0,0,0
70901103063,2019,51000,165000,216000
70923408516,2019,34400,140300,174700
81021109170,2019,72400,287000,359400
71027404129,2019,68900,213900,282800
80924430947,2019,400,1600,2000
71003313196,2019,49100,144400,193500
70920107096,2019,116900,135200,252100
70829413015,2019,13900,0,13900
70828314355,2019,1700,0,1700
71012201275,2019,76100,237600,313700
71007113196,2019,84100,244200,328300
70829412091,2019,15300,0,15300
71011215045,2019,589000,7421000,8010000
70929205130,2019,80300,231600,311900
81028119750,2019,10800,104200,115000
71003305135,2019,49300,147200,196500
70927101075,2019,109100,228100,337200
81032314172,2019,12000,132100,144100
71022104138,2019,501500,1866500,2368000
70929124645,2019,0,10000,10000
70913214139,2019,0,0,0
80925113857,2019,800,1200,2000
71009109044,2019,168500,602900,771400
60811411151,2019,84400,183400,267800
70914436047,2019,118000,520100,638100
71010202069,2019,56400,141800,198200
70922329101,2019,183200,447200,630400
71007214225,2019,185600,38300,223900
80924307097,2019,67500,221400,288900
71003105155,2019,53100,173700,226800
81026355570,2019,3800,0,3800
70913119157,2019,100500,131900,232400
70929425142,2019,87300,241800,329100
71016207253,2019,69500,180600,250100
70836410236,2019,55700,143000,198700
70835303044,2019,78200,192200,270400
70919403140,2019,117800,295400,413200
70928106339,2019,107000,300400,407400
81034415035,2019,73500,258300,331800
70928206155,2019,89900,185600,275500
71005322062,2019,105800,277800,383600
71014215430,2019,7800,134800,142600
80924437935,2019,400,1600,2000
70928306020,2019,91600,150400,242000
71009315162,2019,64100,176300,240400
60906109132,2019,63800,140400,204200
70926103288,2019,76800,181200,258000
60802302228,2019,89900,228800,318700
70923146182,2019,8000,7000,15000
70823314102,2019,193400,404100,597500
81029100980,2019,0,0,0
71006207057,2019,54500,151200,205700
70836409114,2019,64300,128100,192400
70922427020,2019,102900,422900,525800
70827101141,2019,809000,1135000,1944000
71030202099,2019,305200,225700,530900
60812315104,2019,38000,177300,215300
70913108275,2019,68000,171100,239100
70823314201,2019,260000,650400,910400
71021212057,2019,64400,115900,180300
70913350529,2019,0,15000,15000
70923152212,2019,35800,590600,626400
71005314259,2019,67000,282800,349800
70928113011,2019,104000,446000,550000
71015201321,2019,76200,257400,333600
70922307032,2019,78400,426000,504400
60802106034,2019,68700,176800,245500
71005203098,2019,53000,372000,425000
70921112242,2019,124400,246200,370600
70828307053,2019,53400,311700,365100
71002101089,2019,37800,0,37800
70822106154,2019,52100,160000,212100
81031204150,2019,39900,79900,119800
70815202026,2019,0,0,0
70935207170,2019,37700,121300,159000
71007201199,2019,90400,306500,396900
71003107200,2019,53100,197200,250300
70833211075,2019,106300,262700,369000
60811303093,2019,88500,219800,308300
80924420039,2019,8600,150000,158600
80926310056,2019,69100,209300,278400
81031227087,2019,47800,102600,150400
70829413148,2019,13600,0,13600
71015302038,2019,114000,344000,458000
80924423124,2019,8600,166800,175400
81022202064,2019,969700,0,969700
60802423066,2019,18900,132100,151000
70913346578,2019,78000,352000,430000
71020301025,2019,386400,453600,840000
70826420451,2019,0,4000,4000
70926103121,2019,80900,199100,280000
70923147403,2019,8000,7000,15000
71014400940,2019,97100,4000,101100
81019310127,2019,59800,168500,228300
70836410351,2019,57800,159200,217000
80926102015,2019,0,0,0
71006406279,2019,68000,254600,322600
60812321218,2019,19600,167300,186900
71004403095,2019,45200,133000,178200
71003317172,2019,53600,224600,278200
70919110109,2019,121200,143000,264200
81034409096,2019,73300,246500,319800
80936200990,2019,0,0,0
70926304240,2019,75600,214800,290400
60905207226,2019,45700,151500,197200
71014214268,2019,8100,129000,137100
60802413306,2019,63200,156700,219900
70828423156,2019,0,0,0
70834103122,2019,138700,417300,556000
70923145522,2019,8000,7000,15000
70922421171,2019,99600,493000,592600
80936207186,2019,55600,199900,255500
70929423089,2019,166800,368000,534800
60811434046,2019,108400,173000,281400
71009104185,2019,54100,133900,188000
70814206160,2019,108100,321700,429800
71009204240,2019,45100,151100,196200
81031207211,2019,36300,113500,149800
60904106031,2019,83200,193000,276200
70921315078,2019,104600,138000,242600
70922345321,2019,73400,224700,298100
70824303146,2019,107500,357500,465000
70933203162,2019,145900,286800,432700
71001402173,2019,69100,209400,278500
80926300932,2019,104500,128300,232800
71002410026,2019,9700,0,9700
80925207254,2019,51200,134000,185200
80936403099,2019,52000,238000,290000
71010405043,2019,79700,163500,243200
70823406256,2019,83400,287600,371000
70914422129,2019,240000,1000,241000
71013203022,2019,129200,647200,776400
70913340116,2019,68600,359400,428000
70929112096,2019,110500,169900,280400
70923146489,2019,8000,7000,15000
60801208229,2019,0,0,0
70922111037,2019,105000,1555000,1660000
71010306241,2019,50500,170100,220600
70916400983,2019,0,0,0
70835302153,2019,113700,218200,331900
71006421144,2019,69000,165000,234000
70922212091,2019,182600,526000,708600
60812111073,2019,75000,186100,261100
60801122023,2019,66100,167100,233200
80924403770,2019,400,1600,2000
60801404059,2019,77300,177700,255000
71035112136,2019,70600,281400,352000
70922429133,2019,99000,393700,492700
71010404417,2019,55700,167700,223400
60804205090,2019,84900,281400,366300
70814311068,2019,0,0,0
70922302199,2019,96200,303200,399400
60803107239,2019,93900,337100,431000
71004314101,2019,60700,139400,200100
71002440031,2019,43000,0,43000
80936211054,2019,73800,245800,319600
70922421139,2019,102700,101600,204300
71007211049,2019,0,0,0
71022104245,2019,339000,2050000,2389000
81026358110,2019,100,0,100
71009202202,2019,51500,142100,193600
70825201018,2019,968000,397000,1365000
81033206120,2019,45000,215000,260000
70923142453,2019,44900,367300,412200
70918214118,2019,109300,0,109300
70922412188,2019,77200,201400,278600
70822111020,2019,92500,244800,337300
80926207063,2019,66400,273300,339700
71003216019,2019,0,0,0
70921114181,2019,124400,229100,353500
81021407095,2019,59600,210600,270200
71016415111,2019,64100,153900,218000
70919306154,2019,120900,333700,454600
60804208060,2019,109900,228500,338400
70913326299,2019,15600,370400,386000
60801119202,2019,66800,166000,232800
70920420381,2019,143600,169400,313000
70912428062,2019,9000,91300,100300
60811107015,2019,105100,274900,380000
80926105085,2019,57600,111000,168600
70922223139,2019,107300,457700,565000
60906205112,2019,63000,129100,192100
60802102090,2019,89300,229200,318500
81027300938,2019,2090000,1700000,3790000
70822103085,2019,109800,272500,382300
71010306291,2019,50500,136300,186800
70834420047,2019,30700,187300,218000
70826410296,2019,70800,166900,237700
70913421023,2019,28400,190400,218800
70826419686,2019,0,4000,4000
70835202270,2019,106200,253000,359200
70913127960,2019,1000,9000,10000
71006103172,2019,56500,162000,218500
70833105062,2019,116700,368100,484800
71014214250,2019,8100,126800,134900
81023310048,2019,35600,171600,207200
70828312078,2019,83600,254300,337900
81028120062,2019,0,4000,4000
70913429051,2019,15400,221700,237100
71005230067,2019,60500,102700,163200
70929113036,2019,90100,162300,252400
70926204119,2019,78300,209300,287600
70822414490,2019,11800,110300,122100
70913124049,2019,83500,110200,193700
70813330069,2019,55500,311300,366800
70922439372,2019,84800,244600,329400
70834426384,2019,23400,104900,128300
71016114119,2019,60100,173000,233100
70923153971,2019,1300,23700,25000
71004315092,2019,60700,163900,224600
60801305108,2019,76900,148200,225100
81032402026,2019,45900,152400,198300
70922409078,2019,127800,423800,551600
60812115116,2019,74600,199500,274100
71011407155,2019,102200,255300,357500
70813319245,2019,15100,102900,118000
71005105046,2019,44000,142800,186800
81028119130,2019,8700,64800,73500
81028121309,2019,10100,86700,96800
70836303069,2019,65200,142900,208100
70928117112,2019,105300,298100,403400
60802310114,2019,100400,234900,335300
80925108254,2019,55600,109100,164700
71016403017,2019,62400,146100,208500
70821213108,2019,100,0,100
81028108117,2019,71700,127200,198900
80926309182,2019,72600,278200,350800
71004309095,2019,68000,132200,200200
60812313322,2019,33100,187400,220500
70923313088,2019,157900,285900,443800
70923168152,2019,6500,18500,25000
71003306092,2019,53500,131600,185100
70923173771,2019,3300,5900,9200
71020302106,2019,87500,370500,458000
70922312065,2019,64100,314900,379000
70922236174,2019,198800,540800,739600
71009102080,2019,169000,111200,280200
71015203038,2019,48000,140300,188300
71014304241,2019,54500,250600,305100
70813112128,2019,115300,335300,450600
70918211099,2019,255700,343100,598800
70920420331,2019,143600,139400,283000
81034408155,2019,69400,198800,268200
81032316029,2019,21000,151800,172800
71002435082,2019,50000,149400,199400
80924402946,2019,400,1600,2000
70823411031,2019,83200,205300,288500
70930105048,2019,72000,171600,243600
71006210042,2019,69200,136500,205700
70923310026,2019,92700,230800,323500
70923165801,2019,54100,266200,320300
70928211039,2019,89900,206700,296600
71003213172,2019,56100,211300,267400
71030201158,2019,344300,225700,570000
70928316128,2019,183400,455200,638600
70813319253,2019,0,0,0
81026366022,2019,3000,0,3000
70923413200,2019,1700,16300,18000
70918223127,2019,120700,164300,285000
70836407275,2019,60400,177100,237500
80936403049,2019,0,0,0
71010412080,2019,59000,152700,211700
71011303220,2019,60100,149400,209500
71002410042,2019,8200,0,8200
71005315273,2019,54100,184500,238600
70923158020,2019,45200,178300,223500
70912420034,2019,9000,91300,100300
70923215044,2019,0,0,0
70913309451,2019,73600,278700,352300
81034412172,2019,67200,164800,232000
70920109092,2019,79000,199100,278100
71022104211,2019,0,0,0
71010201186,2019,54300,173700,228000
71011124189,2019,45900,212100,258000
81028105402,2019,0,0,0
81030203096,2019,48000,130200,178200
70913108118,2019,64200,103200,167400
71010117052,2019,56100,192500,248600
80924425857,2019,400,1600,2000
71005301082,2019,65200,232800,298000
70928112089,2019,122500,264500,387000
80926108063,2019,50800,122300,173100
81027107029,2019,36700,109400,146100
70929101114,2019,89900,250600,340500
70913108267,2019,71000,164100,235100
60906110189,2019,62400,165000,227400
80926308142,2019,66200,191800,258000
71026302043,2019,56300,0,56300
70922426113,2019,100000,375000,475000
70922312073,2019,63800,241200,305000
70816406114,2019,165400,438600,604000
81028118223,2019,0,0,0
60802105052,2019,75800,222900,298700
70835302054,2019,106200,201700,307900
70931206027,2019,67600,158200,225800
71009217326,2019,10600,0,10600
70834414024,2019,66900,207400,274300
71022403077,2019,0,0,0
70922345462,2019,95500,320300,415800
70913434399,2019,0,18000,18000
60903210015,2019,19200,93700,112900
60804106115,2019,116700,408000,524700
60812328719,2019,0,1000,1000
70919225180,2019,103000,105100,208100
70821404088,2019,108000,0,108000
70932104098,2019,77800,187200,265000
71009417017,2019,268500,1393500,1662000
70828401061,2019,0,0,0
71007309216,2019,118400,404900,523300
71009108103,2019,56400,145700,202100
81034206260,2019,65600,164100,229700
60906104075,2019,72000,247000,319000
70922402121,2019,63300,142400,205700
70918303044,2019,75400,129000,204400
71007112354,2019,79800,318200,398000
71006107140,2019,57500,194100,251600
70918306105,2019,74800,157300,232100
70815306191,2019,192200,590100,782300
60801215042,2019,70000,195200,265200
71006134086,2019,63100,179500,242600
70913210260,2019,95500,201400,296900
70922430057,2019,61300,233300,294600
81016204068,2019,0,0,0
70825204096,2019,583000,367000,950000
70919206180,2019,91500,141800,233300
70919200942,2019,0,0,0
70826421441,2019,0,4000,4000
81014303044,2019,32800,162200,195000
70923167956,2019,3400,13800,17200
70920216285,2019,14500,493200,507700
71005316057,2019,67400,230600,298000
70913349035,2019,36100,220700,256800
80925109062,2019,53500,147300,200800
70816316074,2019,168700,590500,759200
71006102158,2019,47000,193700,240700
60804106214,2019,165000,0,165000
80924308045,2019,66700,242700,309400
71012215276,2019,17700,244100,261800
71015405197,2019,51400,139300,190700
70923165661,2019,39600,196200,235800
70823108159,2019,89400,193500,282900
70921132018,2019,34000,176300,210300
60812406044,2019,74000,217500,291500
70934309373,2019,15700,110300,126000
71019404137,2019,90400,123600,214000
71021113304,2019,15100,97800,112900
70926115150,2019,81000,229000,310000
80926105390,2019,54700,129300,184000
60901103171,2019,62500,181500,244000
70834405114,2019,118900,280500,399400
70921212042,2019,95600,216400,312000
71011130011,2019,0,0,0
70822103100,2019,109800,263900,373700
80925205068,2019,57100,146700,203800
60903201296,2019,84900,188200,273100
60802418083,2019,59200,180300,239500
80924437844,2019,400,1600,2000
70922431138,2019,49000,246000,295000
71007232037,2019,65500,284500,350000
71006120027,2019,49300,183600,232900
70919226039,2019,111700,166000,277700
70816313244,2019,223600,585400,809000
70928316087,2019,143200,296500,439700
71011114172,2019,65200,265200,330400
70935202055,2019,66200,185800,252000
71003416106,2019,49900,202600,252500
71021111051,2019,62400,142200,204600
71009415102,2019,65300,98100,163400
70918319752,2019,20500,115400,135900
70919229017,2019,0,0,0
70914438845,2019,2200,22800,25000
71010407057,2019,60400,191500,251900
70918415906,2019,9500,33800,43300
80924309126,2019,64800,224000,288800
70821214130,2019,135000,364900,499900
71006209136,2019,69200,153200,222400
60903201098,2019,76800,176700,253500
71003214188,2019,53100,189600,242700
71011303303,2019,88000,0,88000
80936202011,2019,56900,181800,238700
70913210385,2019,63000,404000,467000
70923150224,2019,40600,260500,301100
81032432015,2019,26500,77500,104000
70932116019,2019,172200,286800,459000
70823117142,2019,0,0,0
71011210095,2019,51100,234800,285900
71004401297,2019,53700,164300,218000
70931405083,2019,97200,194800,292000
70834216024,2019,92000,232900,324900
70928102105,2019,89400,238000,327400
60804108020,2019,220000,2122000,2342000
70834427051,2019,21400,130900,152300
71015203111,2019,48000,136700,184700
71003218106,2019,12100,73800,85900
71014108239,2019,10700,163000,173700
81026367088,2019,4700,0,4700
60812103153,2019,84700,181200,265900
81032309082,2019,36500,125100,161600
71007215033,2019,113500,202400,315900
70926214093,2019,92300,259200,351500
70923165679,2019,48300,239900,288200
81032417124,2019,33200,123800,157000
70823121234,2019,20000,103200,123200
70931207083,2019,63500,202800,266300
60905214370,2019,4200,44600,48800
81031212236,2019,36900,123600,160500
70823313154,2019,16300,123700,140000
81034304056,2019,44200,125400,169600
70936303034,2019,63700,125000,188700
70929209116,2019,80900,209300,290200
71007210033,2019,101300,371700,473000
71035207325,2019,43900,199900,243800
70922329052,2019,183200,503700,686900
70923202174,2019,593000,1639000,2232000
81032425101,2019,58200,160200,218400
81021404091,2019,0,0,0
70929123415,2019,21700,468800,490500
70826420568,2019,0,4000,4000
81032408181,2019,37700,194500,232200
70814425124,2019,90000,200900,290900
81030304141,2019,66000,148000,214000
70922340032,2019,201700,459800,661500
70913324095,2019,224000,382000,606000
60812307060,2019,79200,215400,294600
70929401209,2019,85000,226000,311000
81026421074,2019,1200,0,1200
81033404021,2019,119000,0,119000
70835113112,2019,131500,333400,464900
70913353234,2019,36800,173400,210200
70823306092,2019,93000,151900,244900
70828319066,2019,12800,0,12800
70929403263,2019,101400,310400,411800
71007242010,2019,10100,166700,176800
70834413240,2019,24200,187800,212000
70919403132,2019,114500,303400,417900
70826413068,2019,0,0,0
70816313202,2019,217400,571100,788500
70920410291,2019,127100,260900,388000
60802413546,2019,57200,175300,232500
81023304116,2019,35600,123300,158900
70912409319,2019,91700,268100,359800
70923168269,2019,6500,18500,25000
71010105198,2019,59300,158900,218200
80924418828,2019,400,1600,2000
71011208173,2019,43700,223900,267600
70828444087,2019,0,0,0
71023300941,2019,142000,1000,143000
71016416052,2019,62600,140400,203000
70914422187,2019,140000,314100,454100
71002441154,2019,100,0,100
81026423129,2019,100,0,100
60906207126,2019,58900,177100,236000
71002434026,2019,59400,182000,241400
70919405055,2019,131900,256100,388000
70813317041,2019,132000,614000,746000
70929305245,2019,92400,284200,376600
71015105119,2019,61100,142400,203500
80924435054,2019,12700,220400,233100
70913402239,2019,116700,258200,374900
81031214084,2019,38500,122000,160500
71004303154,2019,49200,175800,225000
70923154234,2019,0,7500,7500
70824101160,2019,110600,256000,366600
81031213127,2019,38100,126500,164600
81026416041,2019,1500,0,1500
70822414234,2019,11800,104300,116100
71005411112,2019,56400,157700,214100
70931207158,2019,114700,168000,282700
70816406065,2019,193000,431000,624000
70826413191,2019,10200,77000,87200
70932103222,2019,99800,313700,413500
70931102134,2019,118300,102700,221000
81021305025,2019,44100,174600,218700
71005317013,2019,63400,255000,318400
81014303630,2019,32800,155200,188000
60802410386,2019,70600,189400,260000
71009406010,2019,61200,87800,149000
70823105022,2019,85400,255100,340500
70936403131,2019,64200,131300,195500
60906208132,2019,58200,155400,213600
71010406158,2019,57200,178000,235200
70921318220,2019,140600,212500,353100
71010305201,2019,53600,128100,181700
80925125951,2019,800,1200,2000
60801212337,2019,73100,182000,255100
80936202219,2019,60600,159100,219700
71005402327,2019,41900,146500,188400
60801225497,2019,15000,133200,148200
70922113025,2019,158000,1207000,1365000
70929415234,2019,94200,217000,311200
70919202021,2019,89700,145300,235000
60905205113,2019,88000,226000,314000
70833121224,2019,105400,237100,342500
70826417276,2019,21500,110900,132400
71001325177,2019,24900,140600,165500
70828316137,2019,100,0,100
81021415105,2019,49300,166900,216200
70828111024,2019,95200,241600,336800
71015204284,2019,69000,284600,353600
70836221071,2019,11500,136000,147500
70922335025,2019,151400,380200,531600
70913321166,2019,56300,312400,368700
70836207279,2019,0,0,0
70913354216,2019,0,15000,15000
70923409142,2019,127800,231200,359000
70918322127,2019,0,2000,2000
70928108301,2019,108400,175500,283900
70820119109,2019,100,0,100
80926307136,2019,67400,185300,252700
70814312214,2019,26100,252900,279000
71001314071,2019,67000,219800,286800
70919401011,2019,102000,295100,397100
80924444774,2019,400,1600,2000
81032421076,2019,64000,213000,277000
60811436042,2019,83000,187900,270900
70920108044,2019,121600,153400,275000
70919308051,2019,97100,162900,260000
71009412140,2019,63500,112500,176000
71011108357,2019,30000,222900,252900
81032411069,2019,386000,349000,735000
71006417036,2019,60600,208400,269000
71014210282,2019,64400,146100,210500
60811302095,2019,79300,222700,302000
70929423039,2019,147100,326100,473200
71009219025,2019,46800,127800,174600
71011220169,2019,11300,182700,194000
70836420029,2019,68800,142700,211500
70923141950,2019,200,800,1000
70929220196,2019,88300,186400,274700
60801104071,2019,0,0,0
70931201100,2019,75900,149100,225000
71003403103,2019,52100,167500,219600
80925124961,2019,800,1200,2000
60803106231,2019,103200,222300,325500
70913347245,2019,2500,12500,15000
70814101063,2019,0,0,0
81022303242,2019,804000,7496000,8300000
80924439915,2019,400,1600,2000
70836104110,2019,65400,156300,221700
70922416023,2019,64600,208000,272600
70836114218,2019,0,0,0
71010218230,2019,10900,120900,131800
70923171246,2019,1100,800,1900
81026360438,2019,100,0,100
70920408105,2019,124900,175500,300400
80924411880,2019,400,100,500
70925202289,2019,0,0,0
81032108020,2019,0,0,0
70826412086,2019,10000,77300,87300
71001412057,2019,57200,176800,234000
70929124736,2019,0,10000,10000
71021208098,2019,59600,160600,220200
70922424133,2019,121200,228400,349600
71015113021,2019,47000,221000,268000
70901104087,2019,40600,151900,192500
71002411040,2019,8200,0,8200
70922406115,2019,171200,170200,341400
70919402142,2019,120200,243600,363800
80924417721,2019,400,1600,2000
81031208144,2019,39900,110500,150400
60812330011,2019,0,5000,5000
71006403118,2019,59700,163900,223600
71015304084,2019,288000,1443000,1731000
71022103023,2019,0,0,0
70923144235,2019,8000,7000,15000
81031224504,2019,135100,471100,606200
70918209036,2019,87700,211900,299600
70912423054,2019,9000,91300,100300
70922423242,2019,73900,143600,217500
60812113152,2019,74600,187200,261800
70920410358,2019,118400,193200,311600
70928318116,2019,161500,529600,691100
70922218081,2019,196100,585200,781300
80925111124,2019,57000,140300,197300
80926309132,2019,72900,267500,340400
71022305190,2019,763000,2527500,3290500
81026425034,2019,100,0,100
71005338051,2019,101100,372700,473800
81014303226,2019,32800,174800,207600
71007101034,2019,102800,289300,392100
60802419015,2019,73400,173200,246600
70926103345,2019,128200,96900,225100
70923109073,2019,1315000,42000,1357000
70922332112,2019,183200,434000,617200
70923138379,2019,21100,204700,225800
70836420186,2019,69000,193400,262400
71005224177,2019,73800,118100,191900
71005209012,2019,0,0,0
71014216412,2019,7500,122500,130000
70813402454,2019,100,0,100
60802109054,2019,72000,182000,254000
70920305301,2019,97400,240500,337900
70826416640,2019,21500,123900,145400
70814425025,2019,92500,254000,346500
71006402045,2019,65100,217800,282900
70933205043,2019,144500,418500,563000
70919217088,2019,90900,117700,208600
60803113187,2019,139200,347300,486500
80924411830,2019,400,1600,2000
70814402172,2019,89000,196900,285900
70835125042,2019,500,1500,2000
70814207241,2019,87700,250500,338200
81031409130,2019,39600,184200,223800
71006115078,2019,61800,185300,247100
71019405086,2019,77100,100100,177200
81032419063,2019,41500,116800,158300
71011405133,2019,87900,292400,380300
70930411180,2019,75600,265100,340700
70814424150,2019,220000,280000,500000
70922207117,2019,147800,323400,471200
70923154119,2019,0,7500,7500
60802316229,2019,18000,205000,223000
70933303011,2019,0,0,0
70923175032,2019,3300,11700,15000
81030209185,2019,53800,108900,162700
70932305109,2019,55400,130900,186300
80926101215,2019,52300,140000,192300
71035114215,2019,64600,259800,324400
80925211073,2019,56100,119800,175900
80935107139,2019,81200,254200,335400
81031222079,2019,38100,142900,181000
80936203176,2019,70200,194000,264200
70920412057,2019,134200,129100,263300
70923148162,2019,4200,800,5000
70931206150,2019,63700,292200,355900
70919105217,2019,103700,337000,440700
81034405094,2019,65700,192200,257900
70901113426,2019,12700,78400,91100
71005223145,2019,62900,187100,250000
81028120335,2019,0,4000,4000
71006103015,2019,47300,131200,178500
70825400925,2019,1826000,1564000,3390000
71008102148,2019,60300,177500,237800
70936303084,2019,63100,124900,188000
70913109067,2019,84400,160900,245300
70923411254,2019,30500,290000,320500
70922411148,2019,116700,207000,323700
70928103260,2019,114600,357400,472000
71026103079,2019,86500,0,86500
70920414235,2019,143100,83400,226500
70928319065,2019,171300,446700,618000
71007224034,2019,119500,435600,555100
70913334078,2019,30600,283800,314400
70914432053,2019,63100,297400,360500
70834201059,2019,159200,563800,723000
70923404150,2019,0,0,0
70936403123,2019,65900,152000,217900
70932103149,2019,80400,196100,276500
80926112395,2019,56300,156500,212800
70922410091,2019,127800,359200,487000
71010403071,2019,52800,171200,224000
81031210024,2019,38100,110800,148900
70814305178,2019,93400,317400,410800
80924428851,2019,400,1600,2000
71005307197,2019,33500,90600,124100
70929221318,2019,95000,273300,368300
71006406261,2019,68000,252400,320400
70923168946,2019,6500,13500,20000
81030312227,2019,56000,108000,164000
71009317027,2019,62300,87200,149500
70820117062,2019,100,0,100
60801234159,2019,15000,138700,153700
71007243117,2019,0,15000,15000
71005229010,2019,48800,144500,193300
70932110144,2019,128300,246700,375000
71035207169,2019,43900,261100,305000
70823208024,2019,84200,193800,278000
70814304021,2019,93500,269800,363300
70823108092,2019,107100,311900,419000
71001404054,2019,60700,180400,241100
71007229175,2019,92400,268200,360600
70926404165,2019,80600,140700,221300
60801110036,2019,61500,190500,252000
70913346536,2019,124800,764400,889200
70814205120,2019,106300,232900,339200
81028119297,2019,10800,87500,98300
60904113193,2019,90300,319700,410000
80926309017,2019,71800,289300,361100
81032403149,2019,250000,1180000,1430000
70923412129,2019,1700,16300,18000
70922225193,2019,144300,289800,434100
70932104064,2019,89000,168200,257200
71011108191,2019,30000,225600,255600
81021401089,2019,52500,169500,222000
71007209101,2019,51700,177000,228700
70929209231,2019,83800,262000,345800
71003102127,2019,0,0,0
70820112161,2019,100,0,100
71005338093,2019,91800,304800,396600
70835210124,2019,80300,177900,258200
60801307039,2019,85700,161700,247400
60812104036,2019,76000,168300,244300
71010404079,2019,59400,201900,261300
70813309155,2019,85200,352900,438100
60802303010,2019,1584000,10008000,11592000
70923150810,2019,131700,1112300,1244000
70823310126,2019,11700,124200,135900
70836405386,2019,65200,139500,204700
60811204267,2019,106300,254100,360400
70815403335,2019,481000,7420000,7901000
70934302088,2019,132000,318000,450000
70918302161,2019,71700,114900,186600
70922346262,2019,0,15000,15000
70921123017,2019,99000,59000,158000
60802421119,2019,0,0,0
80924403762,2019,400,1600,2000
60902203128,2019,106100,781200,887300
70933201306,2019,134400,215500,349900
80936412032,2019,75400,133300,208700
60802115514,2019,20500,120300,140800
70828311070,2019,64900,313000,377900
70922438390,2019,86400,227300,313700
71003319144,2019,56400,233000,289400
71014208112,2019,55100,167900,223000
70901113252,2019,19400,108600,128000
81034324054,2019,30000,107500,137500
70823401016,2019,53000,295700,348700
70921413179,2019,158500,472500,631000
60801304168,2019,71800,159100,230900
81028112233,2019,56900,154300,211200
60904111329,2019,87300,222900,310200
60906108077,2019,66800,153400,220200
70929402108,2019,99900,195000,294900
81028102242,2019,59000,145900,204900
71005223111,2019,62900,271000,333900
70926208137,2019,1892000,7694000,9586000
71015206264,2019,72200,219200,291400
81034414178,2019,70000,215300,285300
70931407162,2019,66600,149800,216400
70929310070,2019,100100,205500,305600
70920124107,2019,15200,105800,121000
60801316048,2019,24000,131700,155700
70823313063,2019,16300,119100,135400
70919201065,2019,59600,168100,227700
70825209062,2019,12000,31000,43000
71007205175,2019,47000,215000,262000
60802409123,2019,64000,176500,240500
70914424042,2019,3834000,10723000,14557000
70912406125,2019,111400,292500,403900
71015211148,2019,83100,264900,348000
70919105035,2019,100900,229400,330300
60811410187,2019,79300,184000,263300
80936120073,2019,13800,96100,109900
80925108189,2019,53600,141000,194600
70828302128,2019,16200,0,16200
60812404220,2019,88600,194300,282900
81034107210,2019,57900,169300,227200
71016208037,2019,76600,165300,241900
70935103063,2019,44500,108700,153200
70923165380,2019,41500,197700,239200
80925113873,2019,800,1200,2000
70920123141,2019,15200,88300,103500
70932404018,2019,0,0,0
70833124020,2019,95500,0,95500
70936301153,2019,62300,156100,218400
70931406065,2019,119000,192700,311700
71007314041,2019,112900,373200,486100
60801312228,2019,72600,198800,271400
60811302219,2019,76400,245900,322300
80924437993,2019,400,1600,2000
71003413011,2019,69700,224700,294400
70836207021,2019,35700,174300,210000
70835315528,2019,51900,325300,377200
71014306180,2019,64000,140900,204900
70923138212,2019,55400,455400,510800
81034107567,2019,104000,240200,344200
71016108055,2019,61700,123300,185000
71005413134,2019,51000,148000,199000
70918315049,2019,21400,150100,171500
81021405172,2019,56100,186600,242700
60903209216,2019,11600,128400,140000
60812213027,2019,22400,181700,204100
81032429070,2019,30400,131400,161800
60812330368,2019,0,5000,5000
71007218011,2019,123200,482200,605400
70836115258,2019,67800,153800,221600
70923409027,2019,48500,145900,194400
70913215103,2019,0,0,0
60904101031,2019,95000,233100,328100
60811203053,2019,91900,211800,303700
81028406090,2019,415500,2137500,2553000
60812118186,2019,20500,165500,186000
70921419028,2019,88900,306700,395600
70834308128,2019,43600,439400,483000
71012216018,2019,67300,308700,376000
70936311011,2019,61500,137200,198700
70834417052,2019,25200,147700,172900
70923138444,2019,34200,318600,352800
70913318121,2019,271000,1225000,1496000
70926202337,2019,80000,274000,354000
71016110042,2019,61700,163300,225000
80925414099,2019,59100,137800,196900
70920301193,2019,126700,0,126700
71007215017,2019,109400,119500,228900
70913335026,2019,26400,208900,235300
60801105144,2019,66700,145400,212100
70824220051,2019,106200,367800,474000
70813405060,2019,124000,197500,321500
70929309049,2019,91400,231300,322700
71003304012,2019,49500,133200,182700
81028304054,2019,0,0,0
60812121262,2019,77200,218000,295200
70836312078,2019,19100,187000,206100
71005105012,2019,68500,183200,251700
80924101522,2019,164900,0,164900
70928209034,2019,109100,385900,495000
71006424122,2019,41900,186500,228400
60812105026,2019,78000,194700,272700
60801108065,2019,66100,174400,240500
70934309282,2019,15700,111300,127000
80926101140,2019,52000,144500,196500
81031210305,2019,42400,88600,131000
70923156983,2019,5000,10000,15000
70922324127,2019,171200,248800,420000
71027407058,2019,51000,188000,239000
71006305091,2019,45600,178500,224100
70835125159,2019,500,1500,2000
70823406032,2019,51700,252000,303700
81026353144,2019,56700,232200,288900
70828301203,2019,174900,444000,618900
70923124146,2019,129400,255800,385200
70932102216,2019,168200,316100,484300
70930302107,2019,0,0,0
70823204030,2019,111000,263500,374500
81023207443,2019,33600,128000,161600
70813304139,2019,93800,360900,454700
71005204038,2019,47300,127900,175200
60801312294,2019,73300,262000,335300
70929303091,2019,81400,220000,301400
70924223012,2019,0,0,0
71022401211,2019,0,0,0
70919403231,2019,120100,268800,388900
70836310204,2019,14900,116500,131400
71006407285,2019,54100,310900,365000
70926409016,2019,78700,123100,201800
70922340040,2019,201700,554900,756600
71011408088,2019,107300,226800,334100
70931104015,2019,152500,294400,446900
70931202207,2019,76400,143300,219700
70922225078,2019,186600,589300,775900
81034410275,2019,75900,300300,376200
70913350420,2019,0,15000,15000
81034205080,2019,67600,202700,270300
71001336025,2019,28600,234400,263000
70926403133,2019,80600,198600,279200
70922223163,2019,108900,287700,396600
60812219083,2019,20000,108800,128800
70920123901,2019,500,2500,3000
71011114065,2019,73400,249600,323000
70835125026,2019,500,1500,2000
81031406102,2019,36500,172500,209000
81034117037,2019,68400,199200,267600
71007207022,2019,51600,243200,294800
71014215133,2019,7800,132100,139900
70914437649,2019,1100,5900,7000
70814430438,2019,19700,226600,246300
70835122056,2019,6500,71700,78200
80924402095,2019,8200,138600,146800
70935201099,2019,66200,177800,244000
81032415144,2019,49900,136800,186700
60801303011,2019,70400,174900,245300
71004310167,2019,53100,129300,182400
81034304064,2019,48600,152800,201400
60802311146,2019,97700,287600,385300
60802302096,2019,99000,181000,280000
80925412233,2019,48900,136500,185400
70834403184,2019,86600,164500,251100
70920220583,2019,0,11500,11500
80924408134,2019,9200,135500,144700
70813111104,2019,508500,651500,1160000
71025200991,2019,0,0,0
70926219077,2019,70600,213900,284500
60802305313,2019,13800,192200,206000
70918213029,2019,132700,269400,402100
70921301085,2019,166800,320100,486900
81031419171,2019,37600,116400,154000
81015103170,2019,103400,143400,246800
70816303097,2019,181100,328900,510000
71006437068,2019,38000,452000,490000
70928102501,2019,108000,406100,514100
70814420033,2019,15200,159200,174400
70813306135,2019,159600,460400,620000
81028404218,2019,59400,161600,221000
70935112080,2019,51900,124300,176200
70814416090,2019,87700,252300,340000
70923159284,2019,8000,7000,15000
71014215745,2019,7800,129500,137300
70922308022,2019,108900,272200,381100
81020400058,2019,0,693400,693400
70813325218,2019,13600,156000,169600
81023201031,2019,906800,4118900,5025700
70813108010,2019,101800,176400,278200
70923126324,2019,153800,91100,244900
60801118105,2019,66100,195000,261100
71006119020,2019,79400,173300,252700
70912101080,2019,37500,238000,275500
60801229019,2019,26600,136600,163200
71021208121,2019,60200,135200,195400
60803106158,2019,101400,187700,289100
70932103214,2019,99800,254800,354600
70823410041,2019,440000,470000,910000
80925101018,2019,54500,171600,226100
71001320151,2019,64400,199500,263900
70923166130,2019,47000,234500,281500
71014302112,2019,56100,169700,225800
70920104068,2019,116900,164300,281200
71034102394,2019,56400,179500,235900
71005402038,2019,44400,203000,247400
81034313023,2019,88000,782000,870000
70923132214,2019,129400,167500,296900
71009210106,2019,65600,120500,186100
81023209374,2019,0,1200,1200
70829402117,2019,12700,0,12700
60906201102,2019,67600,146000,213600
70828306120,2019,35000,239900,274900
70918303276,2019,75400,138900,214300
71007113047,2019,76600,213900,290500
71003210029,2019,53100,130800,183900
60802104111,2019,68900,152200,221100
70919110042,2019,127400,92900,220300
70826421326,2019,0,4000,4000
70921308198,2019,98600,170500,269100
60801401310,2019,73700,224800,298500
60812105183,2019,78500,184200,262700
60904105059,2019,80300,197800,278100
60812111122,2019,75000,237400,312400
71006112066,2019,69200,149500,218700
70824204211,2019,107500,283500,391000
70929214074,2019,100100,222300,322400
81026370073,2019,11600,0,11600
70919403306,2019,116000,240500,356500
80924427142,2019,8600,166800,175400
60901104137,2019,60400,190000,250400
70920418211,2019,121600,18400,140000
70919109178,2019,82400,138600,221000
70836105077,2019,70800,169900,240700
70935206065,2019,43100,130200,173300
70933201124,2019,203400,867600,1071000
70836114367,2019,0,0,0
70826204194,2019,132000,734000,866000
70918319637,2019,20500,61700,82200
81034418089,2019,67000,214100,281100
81031304025,2019,133000,520000,653000
71010415018,2019,63200,223000,286200
60812316053,2019,86000,231700,317700
60801201322,2019,67400,164300,231700
71003301208,2019,49500,237800,287300
70826211363,2019,10000,50000,60000
71006127114,2019,50500,117100,167600
60801201033,2019,66800,186200,253000
71002418103,2019,88300,203100,291400
70913111096,2019,67700,279300,347000
81034108177,2019,67000,468000,535000
70822116111,2019,29600,345400,375000
70929224099,2019,87700,157300,245000
70913348136,2019,8100,304400,312500
81035112028,2019,100,0,100
70924221066,2019,31000,85600,116600
80926407027,2019,50600,138800,189400
70826315355,2019,51400,0,51400
70921120112,2019,131700,375200,506900
81035115022,2019,100,0,100
70930415083,2019,126000,258800,384800
70823118299,2019,12800,129400,142200
70813335069,2019,71000,338500,409500
70924219136,2019,0,25000,25000
70913114123,2019,88200,199800,288000
70913222116,2019,12300,368300,380600
70827107016,2019,42000,328000,370000
70829419039,2019,16300,0,16300
71005403101,2019,41900,184800,226700
70825102076,2019,57000,107000,164000
70921403071,2019,142900,480700,623600
70923411741,2019,31100,283900,315000
70822414763,2019,23600,167400,191000
70913314129,2019,0,0,0
60802302343,2019,92700,225800,318500
70922437285,2019,69400,239900,309300
70919216147,2019,89700,120400,210100
70928102254,2019,96200,316800,413000
70931308097,2019,99100,188900,288000
70913318163,2019,72000,437000,509000
70823413508,2019,29100,196300,225400
70923173739,2019,3300,5900,9200
71003205252,2019,53100,148500,201600
71027205014,2019,349900,0,349900
60812328743,2019,0,1000,1000
60904101122,2019,87000,273000,360000
70930413178,2019,76900,220100,297000
71016404148,2019,62300,128200,190500
81028119982,2019,10100,91900,102000
70922405208,2019,127100,251500,378600
70923109015,2019,0,0,0
70926102157,2019,81300,213700,295000
70814402057,2019,88200,189600,277800
70919303069,2019,101200,206600,307800
71003218081,2019,12100,71300,83400
70828205041,2019,539000,861000,1400000
70828405047,2019,0,0,0
70825205010,2019,1755000,1845000,3600000
70912400979,2019,685000,2791000,3476000
71007105119,2019,86700,169400,256100
70920217514,2019,400,14600,15000
60802416219,2019,62900,329100,392000
70931202322,2019,67400,209200,276600
70829102353,2019,102600,211400,314000
70923173101,2019,3300,11700,15000
60906108043,2019,67800,242200,310000
70918209028,2019,123200,161800,285000
81026346107,2019,5100,0,5100
70932101078,2019,152500,428700,581200
71010314062,2019,56700,202700,259400
60811427108,2019,77800,195600,273400
71001325185,2019,24900,136000,160900
70824405116,2019,102900,256200,359100
70928209159,2019,104600,244400,349000
70834215050,2019,90000,336000,426000
81034409111,2019,68700,175900,244600
70921411090,2019,142900,375900,518800
81034207086,2019,65200,196800,262000
70823102078,2019,76700,312300,389000
70822104059,2019,129000,278600,407600
70826421996,2019,0,4000,4000
70823202018,2019,0,0,0
70820120023,2019,100,0,100
70833402153,2019,129900,390800,520700
71016111040,2019,62000,131500,193500
81031405112,2019,36700,134600,171300
81034303032,2019,44100,150400,194500
70919407217,2019,166700,445100,611800
70929425043,2019,87300,244100,331400
70836203045,2019,75300,214700,290000
60811406095,2019,82000,205700,287700
81015106025,2019,62200,161700,223900
70926102123,2019,81300,156300,237600
70929118169,2019,89900,192900,282800
60804104101,2019,96600,308400,405000
70820110115,2019,100,0,100
60811115026,2019,104400,225100,329500
70928206056,2019,89900,273000,362900
71021113403,2019,15100,91500,106600
70836213010,2019,11600,124800,136400
70821110015,2019,118800,282200,401000
80936210064,2019,62800,87100,149900
60802402086,2019,72100,153000,225100
70814421156,2019,15200,170200,185400
71016105134,2019,63300,120900,184200
71011210053,2019,54300,221800,276100
70823118124,2019,12800,87300,100100
70926304175,2019,121400,170100,291500
60802415170,2019,0,0,0
70920103193,2019,130800,97800,228600
60811412232,2019,113400,251700,365100
70926101133,2019,80000,202900,282900
70816322154,2019,17300,200000,217300
71005222048,2019,75900,182000,257900
81015103120,2019,62300,168800,231100
70821213132,2019,100,0,100
81022301296,2019,369000,559300,928300
70930410017,2019,89400,249800,339200
70927107403,2019,21700,186600,208300
70813405010,2019,115000,244400,359400
71005226040,2019,55900,220200,276100
70821216110,2019,0,0,0
70929103194,2019,93100,316900,410000
81031212202,2019,50800,144600,195400
70919206239,2019,101400,137500,238900
70924202024,2019,593000,460000,1053000
70923175040,2019,3300,11700,15000
71016113294,2019,55600,169200,224800
70933202023,2019,1100000,110000,1210000
71014106522,2019,12500,149800,162300
81026353160,2019,56700,213300,270000
71005321189,2019,90400,215200,305600
60801210050,2019,72100,174500,246600
70927107198,2019,23200,111000,134200
70931105089,2019,396000,1568000,1964000
80927402076,2019,72200,57100,129300
71006315131,2019,0,0,0
70814403279,2019,106300,221300,327600
71009408115,2019,67300,109600,176900
80935103070,2019,51800,139200,191000
71007104111,2019,101100,354700,455800
71002440099,2019,43000,0,43000
71006306346,2019,30400,185800,216200
80924305132,2019,80100,253600,333700
70921305079,2019,170500,287000,457500
70834217048,2019,0,0,0
70929220055,2019,88300,188700,277000
81033103160,2019,307500,1024500,1332000
70821212077,2019,110000,339900,449900
80925207056,2019,54000,124000,178000
71016105184,2019,63300,95500,158800
71014209045,2019,55100,167900,223000
70836106059,2019,69900,189500,259400
81035110072,2019,100,0,100
71015201355,2019,77800,282300,360100
60812318075,2019,86000,201100,287100
70813333089,2019,26300,217200,243500
70935109053,2019,0,0,0
70921312248,2019,68900,267100,336000
60812319106,2019,92200,254700,346900
60801313086,2019,74000,250000,324000
70918223044,2019,0,0,0
71003102094,2019,53100,201500,254600
71020309251,2019,23800,166200,190000
70816311082,2019,34400,0,34400
60812210180,2019,484000,7423000,7907000
70814101170,2019,99900,254800,354700
81033204364,2019,36100,138500,174600
70920302430,2019,137000,285100,422100
70924220092,2019,0,10000,10000
71015208145,2019,79500,262300,341800
70912410069,2019,426400,73400,499800
70920220301,2019,0,2600,2600
71014213301,2019,60300,211200,271500
80924401138,2019,21000,184000,205000
71002418567,2019,100,0,100
71010216119,2019,23200,71800,95000
70826211412,2019,11700,51300,63000
70926102082,2019,81300,198300,279600
70828413107,2019,0,0,0
71011301068,2019,56400,197200,253600
70933401055,2019,176000,753000,929000
70921105239,2019,83900,292500,376400
70828410020,2019,0,0,0
70923158129,2019,45200,321000,366200
71011108240,2019,30000,241100,271100
70816403095,2019,173000,350600,523600
81031205059,2019,37300,170700,208000
71007304208,2019,105300,280300,385600
80924434113,2019,13300,230600,243900
70919404180,2019,104300,164400,268700
80926114169,2019,18300,108900,127200
71012215010,2019,17700,237500,255200
70923173200,2019,3300,11700,15000
71009314073,2019,66800,141200,208000
70822210012,2019,0,0,0
70834415072,2019,24000,189800,213800
71006133046,2019,0,0,0
71006306073,2019,32000,252100,284100
81034107020,2019,62300,160200,222500
71016417224,2019,0,0,0
81033201112,2019,39800,125300,165100
70931305168,2019,99000,114100,213100
81015104194,2019,56700,178200,234900
70824203023,2019,110900,232100,343000
60904113440,2019,98900,298900,397800
71011116110,2019,65400,274500,339900
70923217222,2019,705000,2813000,3518000
80924408126,2019,9300,139800,149100
71016110133,2019,60800,138700,199500
70929406043,2019,99100,253300,352400
70821408171,2019,107000,328200,435200
80924422142,2019,10500,190100,200600
60801219151,2019,69800,179300,249100
70833204012,2019,102400,277600,380000
70822105320,2019,0,0,0
71011116102,2019,65400,344600,410000
80936112038,2019,13800,94300,108100
80925416029,2019,57700,175900,233600
80936207053,2019,55600,200100,255700
71001323311,2019,68400,241100,309500
71014106142,2019,12500,151400,163900
71001320052,2019,64400,222600,287000
70926118211,2019,76900,117200,194100
70926412019,2019,45600,0,45600
70912450049,2019,12900,284400,297300
71002106245,2019,9500,109900,119400
70922222058,2019,116400,324600,441000
81032413065,2019,41500,114400,155900
70823209098,2019,132000,276800,408800
70919228845,2019,400,2600,3000
70823405092,2019,58000,261800,319800
70834306057,2019,143700,382000,525700
81033303132,2019,510000,1550500,2060500
70823106145,2019,89400,322300,411700
71014105178,2019,53400,76600,130000
81028116136,2019,57200,150500,207700
71011404036,2019,88800,237900,326700
70921317248,2019,115400,190800,306200
81034305046,2019,50700,195600,246300
80924411054,2019,9300,139800,149100
70929421041,2019,143200,226800,370000
71016408025,2019,63600,158000,221600
70930102036,2019,84600,176300,260900
70923123388,2019,160600,343400,504000
70926417100,2019,45900,0,45900
71003406107,2019,56000,224700,280700
60811418131,2019,77100,148400,225500
70922434265,2019,81200,212800,294000
71002434092,2019,10100,0,10100
70834413092,2019,24200,180800,205000
71006403051,2019,62600,224400,287000
70912439019,2019,9000,91300,100300
70931102241,2019,106800,184200,291000
71028300954,2019,0,0,0
71012201043,2019,66000,234000,300000
81028403020,2019,60900,102000,162900
70928317019,2019,147200,476600,623800
70934310081,2019,251000,199000,450000
60801226198,2019,16200,152900,169100
60801210224,2019,0,0,0
71004405132,2019,46800,169200,216000
71007216239,2019,63000,302000,365000
60811109160,2019,116000,258200,374200
70814205146,2019,124000,263900,387900
60905101105,2019,53600,112200,165800
70913423102,2019,106800,363200,470000
70928108179,2019,108200,375800,484000
70922107185,2019,0,0,0
70922421048,2019,125000,124300,249300
70923171436,2019,3600,2700,6300
80924422788,2019,400,1600,2000
70821114075,2019,55700,249600,305300
70913204304,2019,78000,407000,485000
70923310208,2019,26000,239900,265900
71010313361,2019,55700,164100,219800
81034310235,2019,0,0,0
70923154060,2019,0,7500,7500
70929422172,2019,157200,133800,291000
71035118069,2019,69700,230300,300000
70826422168,2019,0,4000,4000
80936110016,2019,14900,117600,132500
60811416119,2019,77600,182200,259800
80924311048,2019,70600,261100,331700
60801418018,2019,27200,198500,225700
70826412797,2019,10000,75100,85100
70929422023,2019,185100,605400,790500
70836207378,2019,29500,128500,158000
70913110212,2019,99200,168300,267500
71014115044,2019,24000,115400,139400
71021224143,2019,66000,274500,340500
80925307210,2019,61100,105300,166400
70821114299,2019,61300,199100,260400
70914404078,2019,279800,227000,506800
70929224057,2019,87700,192800,280500
70936405012,2019,68800,110500,179300
70823309046,2019,1012000,4952000,5964000
71009209159,2019,52000,0,52000
70828314058,2019,88000,302600,390600
60906209073,2019,55000,183700,238700
71021211067,2019,67000,122400,189400
71022403027,2019,122500,250400,372900
71014215711,2019,7800,142200,150000
80925220107,2019,54600,165400,220000
70926407119,2019,28000,72000,100000
70823409143,2019,52300,283700,336000
70922321256,2019,145600,530400,676000
81031412232,2019,40400,141400,181800
71005315215,2019,68000,248600,316600
71009310120,2019,68900,121200,190100
60803102106,2019,120000,256000,376000
70933203021,2019,168100,312500,480600
70835208062,2019,85900,242700,328600
70924219920,2019,0,25000,25000
70823118231,2019,12800,94000,106800
70922310035,2019,102900,368500,471400
71010214022,2019,57600,214700,272300
71035103028,2019,69700,335300,405000
70923147049,2019,8000,7000,15000
60801103164,2019,67100,146400,213500
70826416525,2019,21500,119000,140500
80924306180,2019,64400,236300,300700
71021208022,2019,58600,149400,208000
71014106259,2019,12500,141600,154100
70920217689,2019,400,14600,15000
80926401061,2019,51600,106400,158000
70920216871,2019,13000,600200,613200
81030306147,2019,67400,186500,253900
70923409093,2019,139600,314400,454000
71011118439,2019,30500,223900,254400
70923166247,2019,102200,732000,834200
70919417018,2019,25100,127300,152400
70913109273,2019,107700,265700,373400
70929423047,2019,147800,310000,457800
70936406234,2019,66500,184500,251000
60812406101,2019,75300,150600,225900
70913205328,2019,94600,109000,203600
70936407092,2019,57900,146900,204800
70913337965,2019,2200,3800,6000
70824411022,2019,100800,262600,363400
70836108021,2019,69300,152700,222000
71002421023,2019,80000,170700,250700
71020301174,2019,0,0,0
70836313381,2019,15700,161300,177000
70826408225,2019,70300,179900,250200
81023207328,2019,33600,121400,155000
80927402183,2019,0,0,0
70901113385,2019,14400,83700,98100
81031410096,2019,37600,131500,169100
81028111061,2019,55400,169700,225100
70936311102,2019,65600,159300,224900
70824404176,2019,106200,490100,596300
71008106041,2019,45100,169900,215000
81021407128,2019,63800,175500,239300
70918319299,2019,20500,97800,118300
60803101190,2019,106100,202600,308700
70835307286,2019,78500,177900,256400
81032306070,2019,66000,296100,362100
70922323153,2019,178100,206700,384800
70836419030,2019,65600,143800,209400
71004313252,2019,54100,189800,243900
60811205067,2019,99900,272400,372300
71008104087,2019,40900,189100,230000
70821403155,2019,102100,349800,451900
70929124752,2019,0,10000,10000
81023209449,2019,0,1200,1200
80925307179,2019,67700,77200,144900
71010410042,2019,56600,155200,211800
70926214043,2019,82100,190200,272300
60906209148,2019,55000,171000,226000
70928302151,2019,91100,199500,290600
70822208033,2019,0,0,0
80925303325,2019,51600,180200,231800
71019409187,2019,78200,123500,201700
71009104218,2019,54100,139000,193100
71011118380,2019,30500,224500,255000
70922335314,2019,145600,381400,527000
71006417226,2019,71100,327700,398800
70913110262,2019,93400,176200,269600
70813314287,2019,9800,0,9800
70824203221,2019,116400,250600,367000
71007225230,2019,119600,91100,210700
70923170321,2019,1100,200,1300
70816319101,2019,182300,857700,1040000
71009105026,2019,221000,782400,1003400
60802309141,2019,88300,229900,318200
81031211030,2019,56200,203100,259300
70921215096,2019,133100,193900,327000
70932410297,2019,80100,119600,199700
70823202208,2019,122500,372700,495200
71011112093,2019,59300,298300,357600
60903206204,2019,81400,159600,241000
81034202408,2019,0,0,0
70920213083,2019,144200,369700,513900
70913107079,2019,0,0,0
70928220072,2019,108400,188100,296500
70922303048,2019,118200,416500,534700
70928201204,2019,93000,222000,315000
70922320050,2019,151400,350300,501700
60811422041,2019,80300,210400,290700
70829111205,2019,73800,0,73800
70913332121,2019,160100,132800,292900
70923168821,2019,6500,18500,25000
70824102225,2019,89700,178500,268200
81034316118,2019,24300,124100,148400
71005413184,2019,44400,153100,197500
70824206209,2019,105900,247500,353400
81034108474,2019,61500,138700,200200
70913201178,2019,534900,470500,1005400
81022104062,2019,503500,3994500,4498000
60903209034,2019,11600,143400,155000
60811202188,2019,95900,236800,332700
71014214408,2019,8100,135100,143200
80924406857,2019,400,1600,2000
81028120210,2019,0,4000,4000
71006446431,2019,3000,35000,38000
71003101129,2019,55100,224700,279800
70921118076,2019,129100,297400,426500
81016303068,2019,1219600,3588500,4808100
80925114780,2019,800,1200,2000
80925304191,2019,78100,168300,246400
71001331083,2019,50100,306700,356800
70932305141,2019,58500,138800,197300
70918321187,2019,0,2000,2000
70920108151,2019,140700,161600,302300
70935207344,2019,18000,74600,92600
70923174571,2019,3300,11700,15000
70821410043,2019,103700,321900,425600
70923110020,2019,657000,4000,661000
70923138189,2019,34200,326600,360800
81028104214,2019,59300,181100,240400
81034413047,2019,67200,178100,245300
80924307188,2019,74800,205600,280400
81034404062,2019,70000,185200,255200
70929209249,2019,83800,191200,275000
70815306323,2019,174900,468400,643300
71006306263,2019,35400,239600,275000
71010410068,2019,54900,175400,230300
70923150232,2019,40100,282300,322400
60811205017,2019,104700,260900,365600
70825401014,2019,0,0,0
71010401075,2019,59900,173500,233400
70814423061,2019,0,0,0
70935300883,2019,0,0,0
71002315101,2019,2700,0,2700
70822105057,2019,112000,306700,418700
70823104149,2019,89000,251000,340000
60904108011,2019,93900,284300,378200
60802113063,2019,86600,165100,251700
70824306215,2019,78500,354600,433100
81031224273,2019,49600,39000,88600
71035206137,2019,67400,194000,261400
70920404145,2019,126600,126200,252800
70913309237,2019,197000,177200,374200
81026370057,2019,6100,0,6100
81028122224,2019,10100,75800,85900
71009212186,2019,51500,170000,221500
70824402138,2019,103000,331200,434200
80925108022,2019,50600,164300,214900
60803115109,2019,100800,304800,405600
60811204332,2019,115300,214600,329900
70920216673,2019,14500,701000,715500
70922345420,2019,75400,242100,317500
70826410270,2019,64000,175100,239100
70821203133,2019,110000,269700,379700
70822113042,2019,29600,320400,350000
70836216626,2019,5500,105000,110500
71009318091,2019,67500,142000,209500
70923142586,2019,44900,166100,211000
60801312319,2019,81400,245700,327100
60904101180,2019,85100,198200,283300
60801401039,2019,76400,253600,330000
81034110148,2019,63500,181800,245300
71006123104,2019,44600,155400,200000
80926105259,2019,50800,126000,176800
70815307016,2019,167000,354600,521600
81026206062,2019,100,0,100
70836208368,2019,0,0,0
70923174993,2019,3300,11700,15000
60801120150,2019,94200,123300,217500
70929403312,2019,100800,327400,428200
80925214019,2019,57900,145400,203300
81031401011,2019,26200,0,26200
70835315453,2019,51900,359700,411600
70833407054,2019,44700,510400,555100
71007207056,2019,71200,159600,230800
71011120187,2019,42800,225700,268500
70923142114,2019,44900,373300,418200
81023209019,2019,0,1200,1200
70928101131,2019,107600,458800,566400
60906208223,2019,56700,166600,223300
60804105034,2019,109000,311600,420600
70918319372,2019,20500,68200,88700
70926112015,2019,80300,89900,170200
81032103103,2019,31400,75700,107100
71008108162,2019,41000,349000,390000
71009207054,2019,50800,183000,233800
70835315106,2019,51900,321900,373800
70914437061,2019,1100,5900,7000
81033410078,2019,20000,5000,25000
70826417416,2019,21500,116000,137500
71001203076,2019,100,0,100
70920406183,2019,133400,134500,267900
71006204318,2019,38700,154900,193600
70921115246,2019,124400,267000,391400
70933404025,2019,79800,136200,216000
81019310135,2019,58000,164200,222200
70922214097,2019,242300,347500,589800
60813204033,2019,100,0,100
70913107102,2019,28000,157200,185200
70922229062,2019,225100,510800,735900
70923168714,2019,3400,13800,17200
70929203134,2019,70700,212800,283500
80924420740,2019,400,1600,2000
71005330148,2019,110100,370000,480100
70913349069,2019,24100,142500,166600
60811410129,2019,75600,175600,251200
70825102034,2019,190000,727000,917000
81031222128,2019,48300,143500,191800
60803101116,2019,106100,208800,314900
70923212131,2019,77300,239800,317100
60801223102,2019,16900,179000,195900
71006407277,2019,68000,217700,285700
71015212162,2019,0,0,0
70935307285,2019,4900,56300,61200
71007223250,2019,91900,434000,525900
70912404244,2019,96800,313300,410100
81027108051,2019,36700,106700,143400
70823211027,2019,90200,211100,301300
70822205055,2019,0,0,0
70921105065,2019,115900,352600,468500
81023209514,2019,0,1200,1200
60811116800,2019,18800,203100,221900
71003409028,2019,53500,188300,241800
70914404177,2019,480000,513300,993300
70922426139,2019,100000,330500,430500
80925202189,2019,54700,167700,222400
60801215068,2019,70000,216000,286000
70935207253,2019,40500,120200,160700
60906104059,2019,62100,144400,206500
70814419193,2019,15200,162800,178000
71034105190,2019,68300,197000,265300
71002411074,2019,9400,0,9400
71035111055,2019,71100,221700,292800
81021402227,2019,46300,148200,194500
70923173622,2019,3300,5900,9200
60902103146,2019,0,0,0
70835301973,2019,0,0,0
70816401445,2019,164200,451000,615200
71003415190,2019,0,0,0
81031225122,2019,46500,100000,146500
71002316167,2019,9900,0,9900
71006312202,2019,0,0,0
70923138296,2019,37000,341400,378400
70913218040,2019,26700,166300,193000
71015102115,2019,66100,137400,203500
71006128039,2019,57200,139200,196400
70922220078,2019,244800,484200,729000
81021302435,2019,47500,151900,199400
71001309197,2019,57900,166200,224100
70935211014,2019,250400,560600,811000
70836419204,2019,65600,140400,206000
70929119042,2019,89900,187700,277600
71011213122,2019,47700,201000,248700
70815309252,2019,127300,457700,585000
70816414026,2019,13100,225000,238100
60803119317,2019,82400,407500,489900
70922417112,2019,94200,276000,370200
70835122692,2019,6500,76500,83000
70922111235,2019,78000,810000,888000
70824411014,2019,100100,253300,353400
71001316142,2019,67000,271400,338400
81034110049,2019,63900,159500,223400
70833403010,2019,216500,399700,616200
70829109094,2019,97300,317700,415000
70922336255,2019,130200,242600,372800
71034105322,2019,0,0,0
70813313015,2019,23900,155100,179000
70821408155,2019,110000,360200,470200
71007305305,2019,179700,279500,459200
60905213132,2019,4200,45600,49800
71019407074,2019,47500,217500,265000
71015203012,2019,48600,201400,250000
80924307170,2019,75600,259400,335000
70826403192,2019,0,0,0
70932409266,2019,81000,229000,310000
70932102018,2019,139900,381600,521500
70918418017,2019,0,0,0
81028408062,2019,832000,818000,1650000
70826416377,2019,18400,84400,102800
81028121531,2019,10100,83400,93500
81025300998,2019,94100,79800,173900
71005341054,2019,105800,214800,320600
70920405052,2019,114400,151100,265500
81031213143,2019,38100,111600,149700
70912424052,2019,9000,91300,100300
81031416119,2019,27100,165800,192900
71006434220,2019,35400,205600,241000
70923116424,2019,330000,825000,1155000
71016413074,2019,61600,156900,218500
70827304018,2019,0,0,0
71005345121,2019,65100,145100,210200
80925217104,2019,57900,147900,205800
81028101179,2019,60400,156800,217200
70923132181,2019,198000,1000,199000
80924421061,2019,8600,166800,175400
70932111150,2019,152100,549800,701900
80924426962,2019,400,1600,2000
70824204188,2019,125100,217600,342700
70932409084,2019,82600,242400,325000
70829413213,2019,17000,0,17000
70813103151,2019,110000,541000,651000
71007307111,2019,399000,476000,875000
70920416223,2019,169300,265800,435100
81034310243,2019,88000,867000,955000
70931305077,2019,99000,165100,264100
60804105026,2019,114500,285200,399700
70923163889,2019,44900,282800,327700
70823210300,2019,113400,242100,355500
70828314214,2019,95100,321900,417000
71016416028,2019,62400,165500,227900
70929112319,2019,112100,334200,446300
71005300993,2019,0,0,0
81027105065,2019,36700,115200,151900
71016410020,2019,62200,143200,205400
71006306057,2019,32000,239000,271000
70824306132,2019,99900,299000,398900
71011220044,2019,11300,160100,171400
70824306231,2019,78000,362000,440000
71010104231,2019,55600,229100,284700
71034102229,2019,46700,213300,260000
70920107202,2019,126600,313400,440000
70921223221,2019,114000,292600,406600
60801302287,2019,76900,146400,223300
81023209267,2019,0,1200,1200
80925408175,2019,60000,151400,211400
70835210273,2019,115000,216800,331800
80924409918,2019,400,1600,2000
70913414086,2019,244000,254300,498300
71007304274,2019,115400,265100,380500
81031212096,2019,50700,84300,135000
80936101057,2019,14900,97000,111900
60906115048,2019,57900,188600,246500
81031219216,2019,51100,80900,132000
70824301075,2019,93100,234200,327300
70923133121,2019,167600,302400,470000
70823104074,2019,89400,184800,274200
70825303054,2019,418000,382000,800000
80924436797,2019,400,1600,2000
71015111215,2019,45200,160400,205600
70936301137,2019,61800,128800,190600
81031205207,2019,39800,133100,172900
70913347188,2019,2500,12500,15000
70826417812,2019,0,0,0
71005400941,2019,0,0,0
70914411106,2019,1272000,6143000,7415000
71006428017,2019,129400,237200,366600
70924214300,2019,92400,1409800,1502200
60903222028,2019,41900,97200,139100
70816406198,2019,164600,439400,604000
81021303011,2019,51600,175400,227000
70913311349,2019,89200,191600,280800
70919310022,2019,105200,125500,230700
60801410121,2019,73700,178700,252400
71006421350,2019,53800,150600,204400
70923140233,2019,1500,13500,15000
81033410052,2019,20000,97000,117000
70922427137,2019,281200,431000,712200
70814403146,2019,82700,199600,282300
71009302036,2019,68100,139000,207100
80925409199,2019,56100,192000,248100
70935307243,2019,4900,55100,60000
81031406152,2019,35900,125200,161100
71010406025,2019,57900,117500,175400
80924419876,2019,400,1600,2000
70918320270,2019,20500,108700,129200
60811418066,2019,78000,248800,326800
60811301055,2019,86200,200400,286600
70834420039,2019,36000,191300,227300
81020400066,2019,0,3153700,3153700
71005228286,2019,47100,131500,178600
70920306242,2019,109900,254400,364300
70922434124,2019,79200,145200,224400
71015112099,2019,47000,173100,220100
80924426029,2019,11000,200000,211000
71014205069,2019,54800,242300,297100
71004402138,2019,48000,162000,210000
60802405056,2019,67100,195000,262100
71002308122,2019,56000,228300,284300
70913330125,2019,899000,1000,900000
71014112032,2019,21700,138300,160000
71007226171,2019,89600,125400,215000
70923102077,2019,0,0,0
70926402044,2019,91400,176900,268300
70928301046,2019,84900,199100,284000
60812325202,2019,18900,180900,199800
70922409060,2019,127800,157800,285600
80925124862,2019,800,1200,2000
70918302327,2019,75400,143900,219300
71006421029,2019,59100,170500,229600
70829409022,2019,14000,0,14000
71005224119,2019,65300,171000,236300
71001404062,2019,72200,258400,330600
70912405292,2019,100400,176900,277300
60812327068,2019,6000,71900,77900
70835203070,2019,126700,364100,490800
80924408069,2019,9000,141200,150200
70919408207,2019,97200,268100,365300
60802111108,2019,88300,196600,284900
70922405117,2019,127800,233600,361400
70823208214,2019,137300,256300,393600
70928117253,2019,105300,255900,361200
70826420683,2019,0,4000,4000
70920106171,2019,130800,170100,300900
71012213014,2019,0,0,0
71005323242,2019,84100,307900,392000
70921104083,2019,81900,197300,279200
70930415025,2019,124100,266900,391000
70919112048,2019,94000,211500,305500
71015301080,2019,79000,0,79000
70923160025,2019,8000,7000,15000
70823204197,2019,122500,398700,521200
71006101241,2019,44400,95300,139700
70920309056,2019,92800,282200,375000
71006310173,2019,37000,98200,135200
71001104109,2019,71600,262300,333900
70932203163,2019,68700,157100,225800
70828422166,2019,0,0,0
70918220040,2019,92800,185000,277800
70928313083,2019,128000,476300,604300
71003320092,2019,48000,158400,206400
71007301048,2019,376800,288800,665600
60801111159,2019,60000,203000,263000
70835202361,2019,123600,322600,446200
70816309160,2019,167900,502900,670800
70825209369,2019,8000,22000,30000
60906114090,2019,57900,202100,260000
71007112023,2019,87900,224900,312800
70929305310,2019,92400,321100,413500
71010114090,2019,57000,182900,239900
70922346501,2019,0,15000,15000
70930108026,2019,940000,0,940000
70923409118,2019,137000,298000,435000
71016101116,2019,123000,249000,372000
70932115128,2019,191200,363800,555000
70920220244,2019,0,4900,4900
81031219076,2019,38500,116200,154700
70828124150,2019,12900,183600,196500
70913214238,2019,65300,208100,273400
70836103112,2019,65400,166500,231900
70920408220,2019,129500,203500,333000
71012211133,2019,64800,209700,274500
71007213029,2019,0,0,0
70826403259,2019,0,0,0
80925212253,2019,54300,142300,196600
70834304069,2019,124100,396600,520700
71007309266,2019,118400,392700,511100
71001330126,2019,25200,131300,156500
71010219204,2019,10600,86200,96800
71002410191,2019,100,0,100
70932416039,2019,0,0,0
81032403066,2019,44000,142500,186500
70923411147,2019,27800,168200,196000
70822102110,2019,100100,219700,319800
70826417234,2019,21500,112600,134100
60801417185,2019,16300,162000,178300
81031406037,2019,36500,132800,169300
70921220136,2019,139400,311500,450900
81034416108,2019,59300,172100,231400
81026206179,2019,100,0,100
70821215021,2019,135000,292900,427900
71010405150,2019,75900,175500,251400
80924444021,2019,13600,262600,276200
71035206020,2019,66800,178800,245600
60802411087,2019,66200,151400,217600
70936406432,2019,59700,140000,199700
70918322028,2019,0,2000,2000
60904113143,2019,90800,307800,398600
70925203104,2019,226100,174700,400800
70923154599,2019,0,7500,7500
71011118447,2019,30500,221800,252300
81034105016,2019,74000,148600,222600
71011118190,2019,30500,241100,271600
70923164473,2019,44900,174100,219000
70823410116,2019,1921000,0,1921000
71030201166,2019,362400,440300,802700
71005231065,2019,47500,130700,178200
70835303101,2019,78200,205300,283500
60812321101,2019,19600,167900,187500
71006120192,2019,51500,174600,226100
60801415056,2019,81300,202400,283700
71010313220,2019,59100,147800,206900
70922402139,2019,108000,235000,343000
70918314942,2019,178900,81600,260500
70921305011,2019,159400,473600,633000
71006307021,2019,69200,248000,317200
71007208179,2019,63800,151800,215600
71009107080,2019,57200,161800,219000
71003307032,2019,54000,218300,272300
70826420899,2019,0,4000,4000
71005112091,2019,65100,101400,166500
70920110114,2019,151400,227400,378800
70826416773,2019,21500,124500,146000
70825402088,2019,165000,535000,700000
71034107055,2019,56200,173400,229600
70836409205,2019,72000,131500,203500
70823313021,2019,16300,118000,134300
71004317204,2019,59300,160000,219300
70922332013,2019,183200,539900,723100
70923159391,2019,8000,7000,15000
70928107197,2019,319000,471000,790000
81034116021,2019,66400,215800,282200
71001104034,2019,68000,235100,303100
60811102130,2019,98800,241000,339800
60811408223,2019,79000,149200,228200
71014106506,2019,12500,175300,187800
81021413175,2019,54100,154100,208200
70935207245,2019,36700,110300,147000
70926401369,2019,83900,236700,320600
71009415045,2019,65300,107200,172500
70816407203,2019,179200,419900,599100
60811408132,2019,0,0,0
71027406076,2019,51000,193300,244300
70914421238,2019,243000,168400,411400
60802115324,2019,20500,122700,143200
80925304026,2019,64900,89300,154200
71011112267,2019,57400,287800,345200
71009313190,2019,107000,111000,218000
70823205161,2019,18100,240100,258200
60801313276,2019,71800,242200,314000
60801118121,2019,66700,170300,237000
70932411055,2019,74000,89100,163100
71009204191,2019,48000,157400,205400
60801104279,2019,61800,166300,228100
70932206133,2019,83900,123500,207400
70826313375,2019,71300,225900,297200
70919225205,2019,100900,141600,242500
60803106190,2019,103200,194800,298000
71007216114,2019,80400,155500,235900
60801209095,2019,86200,180700,266900
70930305151,2019,404000,854000,1258000
70931302023,2019,114000,229400,343400
70930104248,2019,81400,176000,257400
60901204052,2019,60900,155700,216600
81032405062,2019,355500,727300,1082800
70913344126,2019,26400,287600,314000
71022404017,2019,1500,0,1500
80936402108,2019,71200,153400,224600
70913210278,2019,63000,424000,487000
70836108097,2019,75300,192600,267900
70813402123,2019,637300,295700,933000
81032305155,2019,42200,0,42200
71011209048,2019,61000,246800,307800
60812313273,2019,33100,186200,219300
70920123985,2019,500,2500,3000
81028107010,2019,57100,122400,179500
70923143196,2019,44900,301100,346000
70932421070,2019,48000,77500,125500
70814414086,2019,90400,187100,277500
70933201463,2019,0,0,0
70815305010,2019,165300,335700,501000
70826209079,2019,1200000,8240000,9440000
80936401192,2019,66900,137100,204000
70923143394,2019,44900,215200,260100
70930413186,2019,73400,244100,317500
71007220264,2019,126400,219800,346200
70935103097,2019,49600,135300,184900
70822106203,2019,0,0,0
70836315056,2019,17300,198100,215400
71030207099,2019,78800,85200,164000
70922206101,2019,117700,370600,488300
70823118223,2019,12800,87300,100100
81033410101,2019,20000,20000,40000
81034108044,2019,56000,374000,430000
70935300924,2019,66000,431000,497000
70913124057,2019,100000,227700,327700
70835120125,2019,16100,56300,72400
81033403099,2019,59000,446000,505000
71002401926,2019,100000,760000,860000
71007107066,2019,131400,203000,334400
70923161073,2019,8000,7000,15000
70814411123,2019,94300,256800,351100
70923163748,2019,44900,250200,295100
60803107081,2019,103200,221800,325000
70929121055,2019,99100,180000,279100
70814101336,2019,108500,227100,335600
70919226162,2019,102000,213000,315000
70922230093,2019,243400,479100,722500
71010305053,2019,53600,173200,226800
71014107257,2019,9600,160400,170000
71002401059,2019,71000,228700,299700
70823210029,2019,84200,208900,293100
70918321666,2019,0,2000,2000
70826419876,2019,0,4000,4000
60812304272,2019,0,0,0
70929415177,2019,86000,389000,475000
80926305015,2019,71100,336300,407400
71006122247,2019,50500,199900,250400
71004401362,2019,49700,153300,203000
71001414011,2019,64000,189100,253100
81031415062,2019,36500,164900,201400
60801212379,2019,79800,188600,268400
71016408083,2019,63600,183200,246800
70816406057,2019,196500,459600,656100
70816409019,2019,583000,8174000,8757000
71011208298,2019,36600,226900,263500
81032421141,2019,57600,139700,197300
71005225042,2019,54600,114400,169000
71021225141,2019,107300,185700,293000
71006109120,2019,69200,63500,132700
60811203045,2019,95400,202600,298000
60802419031,2019,73200,225100,298300
70923174802,2019,3300,11700,15000
70912402115,2019,98800,152500,251300
71003418227,2019,48600,198800,247400
70923411311,2019,30500,281500,312000
70922344042,2019,240400,549500,789900
81034207010,2019,67100,224400,291500
70923131133,2019,119000,450700,569700
71010114157,2019,56000,213700,269700
71004302552,2019,56400,159400,215800
81026358152,2019,1200,0,1200
70814305144,2019,93400,345600,439000
70829111247,2019,14000,0,14000
80924404083,2019,8300,135200,143500
71026105017,2019,2900,0,2900
70936406036,2019,59100,169200,228300
60812201155,2019,92700,177700,270400
71003412188,2019,53500,194600,248100
70919418016,2019,44500,152000,196500
81034108309,2019,61300,155300,216600
70836310105,2019,14900,112300,127200
60804104200,2019,116600,323300,439900
60812321268,2019,19600,167900,187500
71004302114,2019,55500,161200,216700
71002314236,2019,4900,0,4900
70932305175,2019,64000,163600,227600
70920419128,2019,94900,203500,298400
71014215282,2019,7800,132000,139800
70923159086,2019,8000,7000,15000
70921212117,2019,96100,287800,383900
81026425018,2019,100,0,100
70929115181,2019,108200,319400,427600
60903214067,2019,17300,75000,92300
80936414195,2019,0,0,0
60801104104,2019,70000,190400,260400
70923162203,2019,8000,7000,15000
70913348392,2019,6400,292800,299200
70926118146,2019,80000,302400,382400
70918101084,2019,191900,318000,509900
71012221059,2019,12100,125900,138000
81027401075,2019,472000,0,472000
70920217960,2019,400,14600,15000
70834218038,2019,0,0,0
70919116016,2019,40600,71900,112500
80925114821,2019,800,1200,2000
70918314116,2019,170400,195200,365600
71001325086,2019,24900,145100,170000
70913310036,2019,216000,707000,923000
70815308197,2019,214300,207200,421500
70834418133,2019,16400,110600,127000
71034105281,2019,79200,210800,290000
60902100936,2019,67800,115000,182800
70922433192,2019,69400,233800,303200
71002107011,2019,9500,140200,149700
71010206087,2019,53000,362000,415000
70936309230,2019,59500,155800,215300
70826412888,2019,8200,61800,70000
70815308121,2019,188400,357300,545700
70824415123,2019,14100,113900,128000
70923408491,2019,86200,238200,324400
70821112152,2019,115000,302000,417000
70913107269,2019,116000,150400,266400
81021407251,2019,61600,165400,227000
70821100991,2019,0,0,0
70824416022,2019,14300,132300,146600
70823110089,2019,89400,171600,261000
71003407155,2019,50600,235600,286200
71021202214,2019,67300,143100,210400
70922427038,2019,144800,519200,664000
81032419071,2019,41600,228400,270000
70920213223,2019,117300,360200,477500
60812103244,2019,78800,191500,270300
70828313117,2019,0,0,0
70834420104,2019,30700,185800,216500
71003312297,2019,49300,155800,205100
70826416111,2019,21500,124300,145800
70923159309,2019,8000,7000,15000
71022203146,2019,178500,342100,520600
70927107247,2019,30100,250800,280900
60801419256,2019,16600,193300,209900
70912429052,2019,9000,91300,100300
71021202074,2019,66200,135100,201300
60811403091,2019,78000,210400,288400
71021221214,2019,94700,187800,282500
80926408017,2019,0,0,0
70919305031,2019,105200,266700,371900
71015208088,2019,74300,161600,235900
71001330134,2019,25200,114800,140000
70815403111,2019,0,0,0
60801210092,2019,68700,146500,215200
70918323034,2019,26400,99000,125400
81030202163,2019,0,0,0
70922238047,2019,25300,215700,241000
60801203154,2019,66100,150400,216500
70816304194,2019,168700,362400,531100
70836206122,2019,70600,199600,270200
70928317176,2019,150500,335500,486000
81031411086,2019,37600,78900,116500
70922340074,2019,217100,542000,759100
70936406359,2019,60100,177300,237400
70936403040,2019,64300,141600,205900
70928106090,2019,108200,286800,395000
71005404092,2019,72900,163800,236700
71016205075,2019,64300,133200,197500
70815309278,2019,63400,328600,392000
80925201032,2019,55600,142300,197900
81031210032,2019,56100,111900,168000
71003105014,2019,55100,108800,163900
70913309013,2019,65500,244100,309600
71005206042,2019,52200,109100,161300
71005206117,2019,60200,137500,197700
71009311152,2019,68800,120900,189700
70913413062,2019,402000,4769100,5171100
70921216052,2019,67900,120900,188800
70816402245,2019,176700,552400,729100
70913221027,2019,623500,4364700,4988200
70923143790,2019,44900,406900,451800
70921106039,2019,66000,214000,280000
81034107533,2019,125700,314100,439800
70928307028,2019,82400,153600,236000
60812308141,2019,0,0,0
80925202139,2019,56100,137700,193800
71005225232,2019,46800,163000,209800
71001320094,2019,64400,247000,311400
81033410143,2019,0,0,0
71022205051,2019,340500,393600,734100
70814429118,2019,41400,335600,377000
70931414026,2019,85100,217200,302300
70922333128,2019,195200,560500,755700
80926304215,2019,65100,254900,320000
70929216244,2019,91100,256100,347200
81033204463,2019,398000,693600,1091600
81023207104,2019,33600,155800,189400
70918319603,2019,20500,73900,94400
80924434668,2019,400,1600,2000
60802434021,2019,35000,150000,185000
71027413097,2019,69600,168500,238100
81026357120,2019,59500,313900,373400
71007220016,2019,179700,279900,459600
70921402031,2019,106800,221200,328000
71016208102,2019,65800,169600,235400
70926118154,2019,80000,157400,237400
60812201288,2019,314000,2500000,2814000
70924220240,2019,0,10000,10000
80926113103,2019,64500,156800,221300
70923308112,2019,139500,362500,502000
70918203038,2019,696000,209100,905100
80924420922,2019,400,1600,2000
70835307195,2019,79700,212400,292100
71005227204,2019,36700,144100,180800
70929413139,2019,89000,187100,276100
70834405015,2019,0,0,0
71007310057,2019,394900,182400,577300
60802413405,2019,59100,175800,234900
71007102058,2019,0,0,0
60801313200,2019,71400,282100,353500
70914408096,2019,136700,320300,457000
81032418073,2019,36200,153600,189800
70824208122,2019,138600,239700,378300
70824108025,2019,125100,145500,270600
60801412078,2019,78500,260600,339100
71010305029,2019,54800,142700,197500
70918415774,2019,10500,107800,118300
80925116843,2019,800,1200,2000
81028102375,2019,58600,122200,180800
81034412015,2019,70600,157000,227600
70921105172,2019,77600,221100,298700
70829112021,2019,73800,291200,365000
70813314013,2019,13400,225600,239000
70919224223,2019,101300,144700,246000
81034109092,2019,61100,171700,232800
70928102519,2019,89300,313100,402400
70920101139,2019,71900,235900,307800
70931402063,2019,117200,229100,346300
70833203246,2019,116400,247600,364000
70814303198,2019,87700,357500,445200
81033306128,2019,41600,118700,160300
80924436010,2019,13300,224700,238000
71011404101,2019,82200,318700,400900
70922229179,2019,193900,399700,593600
80924437084,2019,13300,234800,248100
70914302107,2019,480000,1426000,1906000
60803103203,2019,103200,242500,345700
81023209093,2019,0,1200,1200
70922320175,2019,228200,342700,570900
70923140655,2019,1500,21500,23000
70820105158,2019,100,0,100
81034405119,2019,66300,241700,308000
60903201072,2019,81600,176000,257600
70834302021,2019,190900,381100,572000
70929208019,2019,93500,162300,255800
81028408012,2019,389000,606000,995000
70913104059,2019,77000,218500,295500
70836419147,2019,65300,137600,202900
60905214099,2019,5600,58200,63800
71007206256,2019,50000,319700,369700
70828105085,2019,0,0,0
70929415036,2019,80600,207200,287800
80924417854,2019,400,1600,2000
71004313062,2019,58500,157800,216300
71003117019,2019,23100,151800,174900
70920404103,2019,116100,152300,268400
70836407093,2019,59700,150900,210600
70920413055,2019,123200,216000,339200
70816322089,2019,17300,227200,244500
81021402152,2019,57100,140500,197600
71005224242,2019,51600,234000,285600
81031413040,2019,39300,118100,157400
71005410073,2019,54600,106500,161100
70913107251,2019,119700,210500,330200
71007307161,2019,347500,255900,603400
80925104286,2019,57100,149800,206900
60801301049,2019,71900,139400,211300
80925113138,2019,11900,214500,226400
71021208014,2019,58600,143700,202300
81032311053,2019,46200,136400,182600
60812123052,2019,87500,234100,321600
71035121062,2019,58400,221100,279500
71027414087,2019,0,0,0
60906206128,2019,59800,163300,223100
81030213110,2019,48200,145300,193500
70826407194,2019,0,0,0
70928211112,2019,89900,275100,365000
70920410316,2019,127100,187900,315000
71010101138,2019,55600,195200,250800
70918402169,2019,98300,338600,436900
70929123845,2019,0,1000,1000
70816302065,2019,36600,0,36600
71006111042,2019,69200,119000,188200
70926203070,2019,188000,358000,546000
71005410172,2019,56300,89500,145800
71005328060,2019,90400,325700,416100
70922205195,2019,113200,300500,413700
60811412365,2019,109100,230900,340000
70826209011,2019,760000,8250000,9010000
60906206087,2019,61800,133800,195600
81028404169,2019,59200,145600,204800
70836410153,2019,55100,135900,191000
70923215250,2019,0,0,0
70913110238,2019,106800,181800,288600
70913413129,2019,20000,10500,30500
70926108189,2019,80300,196300,276600
70821110122,2019,115600,356000,471600
81028119495,2019,8700,65500,74200
81031412050,2019,39600,196500,236100
70920217217,2019,12100,571900,584000
71015111075,2019,45200,174900,220100
70926414106,2019,46000,70000,116000
71005403052,2019,41800,129900,171700
81023209481,2019,0,1200,1200
81035106112,2019,85900,0,85900
60801312484,2019,72900,251500,324400
70828110018,2019,0,0,0
70836307178,2019,70000,152000,222000
81031418090,2019,71000,234000,305000
70921220144,2019,131700,233900,365600
71001320078,2019,64400,264700,329100
70835119037,2019,17900,123200,141100
70913337957,2019,3500,11500,15000
70814425083,2019,91500,269000,360500
71010313501,2019,48700,129500,178200
71005208014,2019,3306000,11510000,14816000
71005416047,2019,65100,227100,292200
70834426201,2019,23400,98900,122300
70835306147,2019,97100,166700,263800
81019303130,2019,59700,152500,212200
71005109105,2019,57000,323000,380000
70835110051,2019,73100,341400,414500
70826414347,2019,16100,98400,114500
71003419118,2019,45000,188700,233700
71005328151,2019,87900,314600,402500
71014302104,2019,60900,161800,222700
70823404424,2019,38400,241400,279800
71016203128,2019,85700,102600,188300
80924304168,2019,71200,249100,320300
70823403179,2019,45600,184800,230400
70822116103,2019,29600,350400,380000
71009222044,2019,45900,178600,224500
70935307334,2019,4900,60000,64900
71003305218,2019,49300,179900,229200
60812405046,2019,78200,194300,272500
71006410098,2019,68000,287700,355700
71021222105,2019,62000,146500,208500
70912402024,2019,88900,331600,420500
70826204128,2019,14400,80700,95100
70825107018,2019,0,0,0
71006210034,2019,69200,142700,211900
81031419022,2019,20900,139500,160400
81031421027,2019,1498000,4552000,6050000
71006302245,2019,69200,164100,233300
70922222131,2019,98300,560100,658400
71021103157,2019,56500,163900,220400
71010403104,2019,50700,205300,256000
70918410245,2019,107600,186300,293900
70926408050,2019,60300,216500,276800
70816318012,2019,206800,1571800,1778600
71016209176,2019,73900,125100,199000
70822208067,2019,0,0,0
71016106059,2019,63300,134700,198000
70924220323,2019,0,12000,12000
70813330150,2019,55500,295900,351400
70919224059,2019,101300,184100,285400
81021108023,2019,59800,197800,257600
70836207245,2019,73700,216300,290000
60802417043,2019,70700,174300,245000
80936208027,2019,58700,175400,234100
70922344076,2019,209800,706500,916300
70834301156,2019,170000,337800,507800
71021106010,2019,56500,133700,190200
70926214192,2019,130800,237100,367900
70931201085,2019,76400,137100,213500
60802305074,2019,13800,199900,213700
81031404148,2019,36700,151000,187700
80925308250,2019,79000,115400,194400
71006107059,2019,51400,161500,212900
80926407051,2019,50600,138200,188800
70922423036,2019,116300,259400,375700
71021213170,2019,60000,156100,216100
70932110061,2019,174000,186000,360000
60901201157,2019,60800,173400,234200
81031224405,2019,42400,137000,179400
70928112120,2019,109100,380900,490000
70923179266,2019,65500,0,65500
70932401204,2019,157200,328300,485500
70826310272,2019,112800,426800,539600
71014107249,2019,12300,190500,202800
60804204034,2019,75000,270000,345000
71015403240,2019,55400,166000,221400
71009226054,2019,62000,0,62000
70922338079,2019,183200,355500,538700
81028404250,2019,593500,1219000,1812500
70930416172,2019,75600,224600,300200
70923174349,2019,3300,11700,15000
80924446069,2019,132000,443000,575000
70826204235,2019,704000,3244000,3948000
71006303277,2019,69200,190200,259400
60811116644,2019,18800,217800,236600
71003419176,2019,57100,176600,233700
81016303018,2019,186000,1400000,1586000
60801409025,2019,74300,182900,257200
70934310015,2019,1595000,21445000,23040000
70836311070,2019,0,0,0
70913347013,2019,2500,12500,15000
70920305103,2019,104000,194400,298400
71014301213,2019,57200,183100,240300
70922431055,2019,69400,169100,238500
70934309216,2019,15700,98600,114300
81031418040,2019,38400,123700,162100
71003313055,2019,49300,160000,209300
70935113153,2019,48500,91500,140000
70829102197,2019,106900,245900,352800
81021302344,2019,49400,177300,226700
70918416318,2019,10500,103600,114100
60801202049,2019,86200,174900,261100
81030204268,2019,48700,114300,163000
70824402047,2019,100800,394700,495500
70923402013,2019,190500,677500,868000
60812323149,2019,28500,173500,202000
70823314087,2019,156900,317900,474800
60811204283,2019,0,0,0
70833116035,2019,85100,254900,340000
71005336013,2019,283000,752000,1035000
70921106120,2019,113300,290500,403800
70922111110,2019,95800,244900,340700
71010200930,2019,74300,218400,292700
70921403336,2019,142900,289400,432300
70922224012,2019,175900,514600,690500
70814201110,2019,123300,341900,465200
71001402115,2019,111000,207700,318700
70923140407,2019,1500,13500,15000
70921213214,2019,78800,238500,317300
71006111240,2019,69200,97100,166300
70932415370,2019,93000,182000,275000
71007209135,2019,28000,620000,648000
70923142263,2019,44900,347700,392600
81034103052,2019,66300,160300,226600
70919401029,2019,101800,209100,310900
70829410053,2019,15800,0,15800
70929303330,2019,73800,203900,277700
70913313056,2019,59000,267000,326000
80924429932,2019,400,1600,2000
60812207434,2019,79900,186400,266300
71002302059,2019,95000,0,95000
80935102064,2019,64600,133100,197700
81027114024,2019,1341500,3828200,5169700
70835203202,2019,91500,363500,455000
80925408315,2019,52900,163900,216800
70923159250,2019,8000,7000,15000
70922327022,2019,221500,276900,498400
70930414019,2019,75600,196800,272400
70922440262,2019,113500,192000,305500
60803119028,2019,62800,277200,340000
81030302038,2019,68300,176000,244300
71006118105,2019,27900,167100,195000
71003319136,2019,56400,180300,236700
60801209201,2019,74300,181200,255500
70920301052,2019,165400,330700,496100
70919227011,2019,31800,229100,260900
71005410164,2019,57600,133400,191000
70814306077,2019,605000,1228000,1833000
81032416043,2019,33200,149200,182400
81034202234,2019,67000,191500,258500
70836216246,2019,5500,95400,100900
71016206205,2019,75500,134100,209600
70836216387,2019,5500,96900,102400
70913101055,2019,0,477400,477400
70934100846,2019,0,0,0
81033306087,2019,41400,124600,166000
70820109051,2019,121400,0,121400
81034106098,2019,65900,162700,228600
70923175272,2019,3300,11700,15000
70913110254,2019,121700,245800,367500
70923159135,2019,8000,7000,15000
70821201145,2019,100,0,100
70918226105,2019,23300,109300,132600
71003418045,2019,46100,163900,210000
70913349184,2019,36100,225800,261900
81030205109,2019,47000,115000,162000
70922322121,2019,462000,1323000,1785000
71011112077,2019,71300,207800,279100
70913311092,2019,105900,380300,486200
70814312024,2019,26100,251400,277500
70918319207,2019,20500,115500,136000
70835210067,2019,79200,197100,276300
70836313464,2019,15700,174300,190000
70931415058,2019,66600,152500,219100
60901202345,2019,67700,162600,230300
70834214424,2019,40800,388800,429600
70835303052,2019,78200,218700,296900
70816313179,2019,247900,570000,817900
70920402313,2019,153700,261300,415000
80925212021,2019,54600,155400,210000
71016406053,2019,62400,131600,194000
81030205315,2019,54200,118500,172700
70824203304,2019,124700,228100,352800
70923123099,2019,0,0,0
71015208236,2019,74500,242800,317300
60801201273,2019,69500,157400,226900
71005306040,2019,0,0,0
60811431050,2019,82200,212800,295000
71015102058,2019,66100,126500,192600
70913208091,2019,98800,289100,387900
70828441132,2019,0,0,0
71015202246,2019,50200,208200,258400
70816316123,2019,192400,838700,1031100
71007302252,2019,99800,330700,430500
70820120073,2019,100,0,100
70920416166,2019,138500,138700,277200
71005402062,2019,39300,149100,188400
71015112106,2019,44000,159200,203200
80936210155,2019,62900,92700,155600
70826419719,2019,0,4000,4000
70922433085,2019,132200,271200,403400
70922422054,2019,94200,287300,381500
70930300953,2019,858000,82000,940000
70922405133,2019,127800,240000,367800
70934302020,2019,132000,284000,416000
71004302388,2019,58500,163000,221500
70923308021,2019,143700,153100,296800
60812213069,2019,22400,183700,206100
70920302224,2019,137200,400100,537300
70929304198,2019,84900,186800,271700
70828416052,2019,0,0,0
71010311076,2019,54600,202700,257300
70919401079,2019,100200,232900,333100
80925104327,2019,56500,165900,222400
71005328044,2019,105800,198300,304100
80925208111,2019,54700,120900,175600
81031404065,2019,36700,124400,161100
70923138163,2019,29300,294000,323300
60905112201,2019,45000,124100,169100
71005224276,2019,63100,248900,312000
70836405493,2019,67000,140500,207500
70912412031,2019,438700,584300,1023000
70929223091,2019,76500,162100,238600
70918410211,2019,123100,132500,255600
70923131191,2019,71900,167000,238900
70834201273,2019,84100,200400,284500
71001331059,2019,60500,219200,279700
60801206041,2019,70000,183000,253000
71001325028,2019,24900,125000,149900
70919226047,2019,111700,257500,369200
71002403138,2019,104200,250800,355000
81034316126,2019,24300,110700,135000
70924216166,2019,3500,10000,13500
70823310118,2019,13100,140100,153200
70823117027,2019,85400,229100,314500
81028107143,2019,58100,143600,201700
70931305134,2019,99000,142700,241700
81028104157,2019,59000,119300,178300
70828314024,2019,88800,118000,206800
70912404278,2019,99200,300900,400100
70929307209,2019,90900,337400,428300
70926405022,2019,80600,202500,283100
70922320232,2019,121400,337300,458700
71007220157,2019,96600,303600,400200
81032302945,2019,37700,161200,198900
80935105141,2019,75400,212500,287900
60802408117,2019,67000,187500,254500
70913413096,2019,120000,282100,402100
71006206075,2019,35000,280000,315000
71003207208,2019,53100,174100,227200
71006307071,2019,69200,180500,249700
80924417101,2019,8600,125700,134300
71002310036,2019,50400,259500,309900
71002106253,2019,9500,110800,120300
70835112271,2019,115300,398900,514200
70932109238,2019,155900,122200,278100
60811304356,2019,91800,216000,307800
70935101075,2019,50200,43800,94000
70913415026,2019,88900,411100,500000
71005317039,2019,65900,255300,321200
71015101191,2019,50300,131200,181500
60906109108,2019,61800,143200,205000
81030306064,2019,52800,139400,192200
70824414521,2019,13900,90800,104700
70926304042,2019,101800,327900,429700
70913348029,2019,4300,169500,173800
70928316102,2019,164200,616700,780900
70828309075,2019,64900,0,64900
71010310317,2019,58700,133500,192200
70835309290,2019,97100,178200,275300
70835122791,2019,6500,74700,81200
71005412053,2019,41800,92900,134700
70823110170,2019,98500,252900,351400
81023207386,2019,33600,128000,161600
70836313034,2019,15700,168700,184400
70834403308,2019,61000,166400,227400
60801103148,2019,71600,182800,254400
81032423155,2019,31800,199300,231100
70815308220,2019,160600,375000,535600
70829409014,2019,8400,0,8400
60803102049,2019,120000,273000,393000
70823113174,2019,89400,187000,276400
70912403155,2019,103500,184800,288300
71009222151,2019,45900,176400,222300
60812305064,2019,0,0,0
81028121630,2019,10800,99600,110400
81030307236,2019,59800,149800,209600
71007243076,2019,0,15000,15000
80925117867,2019,800,1200,2000
70816319078,2019,175200,640200,815400
70824311173,2019,14100,131900,146000
70814401033,2019,82700,185500,268200
70934404032,2019,160000,362000,522000
80925124911,2019,800,1200,2000
71009320202,2019,63300,105800,169100
60802313035,2019,96900,249500,346400
71005334091,2019,105300,308000,413300
70921206186,2019,60400,238200,298600
71006312335,2019,52100,151800,203900
81032420052,2019,43700,128900,172600
60802104377,2019,86200,152200,238400
70825209179,2019,8000,21000,29000
71016119119,2019,66200,145800,212000
70926416144,2019,47900,85000,132900
60802412407,2019,0,0,0
71035122052,2019,56300,215200,271500
81027106196,2019,36700,104100,140800
81031207237,2019,39900,163500,203400
81030314140,2019,57600,142100,199700
70922420066,2019,0,0,0
80926302053,2019,61100,216000,277100
71011422020,2019,49700,165300,215000
71010218206,2019,10900,121000,131900
70815310100,2019,18900,214600,233500
70924216132,2019,3500,10000,13500
70923131084,2019,129400,253100,382500
70921223213,2019,152600,301900,454500
60812306096,2019,80900,263500,344400
70931409142,2019,99200,142300,241500
70913204247,2019,83900,468600,552500
70930401082,2019,75800,175600,251400
71009403206,2019,64200,162700,226900
60906203091,2019,87000,248000,335000
80935103286,2019,70300,210200,280500
70932106028,2019,128300,337900,466200
70931410165,2019,100900,187300,288200
81027105015,2019,36700,124500,161200
71010305219,2019,53600,127000,180600
70923408342,2019,86200,262800,349000
70935307376,2019,4900,55100,60000
60802411227,2019,68100,210900,279000
70919108104,2019,84700,113400,198100
71009313223,2019,66500,242000,308500
70912406183,2019,0,0,0
71001316077,2019,67500,209900,277400
70921410026,2019,144600,505400,650000
60901201214,2019,64300,164600,228900
81031211121,2019,39200,131600,170800
70921127225,2019,14600,187200,201800
70928217079,2019,95000,206100,301100
70835112263,2019,115300,260900,376200
70835123046,2019,6500,72400,78900
70836213036,2019,11600,115700,127300
71011303171,2019,66400,187500,253900
71010415076,2019,72600,182800,255400
71035125254,2019,11800,274400,286200
70920218900,2019,0,0,0
80924420774,2019,400,1600,2000
70820118010,2019,100,0,100
60801411012,2019,78800,213900,292700
71005231213,2019,51700,170700,222400
70914438639,2019,2200,22800,25000
71011110039,2019,70300,205100,275400
60801218070,2019,0,0,0
81028305028,2019,325500,1063500,1389000
71005309135,2019,62900,210000,272900
71006437042,2019,64600,207200,271800
81021412200,2019,60300,138200,198500
71010104124,2019,50300,167900,218200
70835112148,2019,123400,314200,437600
71016113252,2019,54900,122200,177100
71026102021,2019,582300,0,582300
70836216486,2019,5500,96100,101600
71010202134,2019,54300,229100,283400
70918212146,2019,110600,267200,377800
71003408145,2019,51600,187800,239400
71010311258,2019,51000,148200,199200
70922302058,2019,97000,358900,455900
70828316286,2019,100,0,100
60801407152,2019,74300,232300,306600
80925304133,2019,45500,106300,151800
70924218279,2019,43200,548400,591600
71005206240,2019,160000,320000,480000
81030206066,2019,55400,127700,183100
60803113301,2019,135000,417300,552300
70901113658,2019,17400,95800,113200
71021108199,2019,61000,156000,217000
70918307335,2019,75400,130800,206200
70826208021,2019,776000,1584000,2360000
70929419351,2019,85000,296900,381900
71006127023,2019,52600,0,52600
60801212080,2019,76400,167800,244200
60802106266,2019,69300,167700,237000
70833210043,2019,111900,278000,389900
70930408137,2019,90800,179800,270600
81021301023,2019,0,0,0
70825204145,2019,836000,4431000,5267000
71006407227,2019,68000,196400,264400
71034109100,2019,0,0,0
71004408186,2019,59400,126900,186300
70936410037,2019,58900,173800,232700
81031219125,2019,38100,107000,145100
70823314045,2019,148900,290500,439400
70814403237,2019,0,0,0
70923147148,2019,8000,7000,15000
71006211024,2019,69200,134600,203800
71010313048,2019,48700,150500,199200
71021219079,2019,60600,139500,200100
80925308292,2019,74000,108200,182200
70920308024,2019,94800,220700,315500
70814403344,2019,106300,287500,393800
70821411124,2019,97000,325300,422300
70835317186,2019,106200,228500,334700
70824414282,2019,13900,113000,126900
70823413186,2019,32800,175400,208200
71019404103,2019,94800,155200,250000
71006108081,2019,59500,88600,148100
60811106158,2019,103300,286700,390000
80926405013,2019,0,0,0
70929403239,2019,101400,256800,358200
80925116091,2019,13500,242100,255600
70923163095,2019,44900,198100,243000
70928117196,2019,105300,399500,504800
70928308117,2019,82400,256100,338500
81034304080,2019,44200,148400,192600
70816406180,2019,164600,305200,469800
70931312080,2019,97400,172100,269500
70823212231,2019,68100,197900,266000
81031423099,2019,17400,162600,180000
70923178078,2019,0,0,0
70919216197,2019,84300,129500,213800
81033205130,2019,45600,148700,194300
70826410519,2019,67900,185900,253800
70921301126,2019,111100,329100,440200
60801312244,2019,72600,226700,299300
71006410163,2019,68000,261000,329000
60811103047,2019,99700,202800,302500
70918321062,2019,0,2000,2000
70928324064,2019,148500,367600,516100
81032408206,2019,24300,179100,203400
70923114155,2019,0,0,0
70931310034,2019,101700,121900,223600
71003106161,2019,53100,174400,227500
60802302103,2019,93400,197200,290600
70821405078,2019,89500,299600,389100
71012215482,2019,17700,250400,268100
70814424217,2019,90200,280800,371000
60812106230,2019,75800,154000,229800
71006305083,2019,44900,225400,270300
80926303035,2019,65400,198900,264300
80936122029,2019,13800,106600,120400
70931202158,2019,96100,145600,241700
70813328220,2019,119600,293300,412900
70931406073,2019,109800,191200,301000
70921221093,2019,121400,284200,405600
81015108063,2019,57400,199800,257200
60802112205,2019,86200,149300,235500
70822102079,2019,90800,220900,311700
71006210068,2019,69200,94700,163900
71005206084,2019,45000,275000,320000
70919222061,2019,101300,206800,308100
70929426083,2019,99100,245300,344400
80925116926,2019,800,1200,2000
71026403057,2019,80800,358400,439200
80924424974,2019,400,1600,2000
70835201074,2019,155300,476000,631300
60902103120,2019,20000,79000,99000
70913348368,2019,8300,340700,349000
71005308335,2019,60300,239000,299300
80925405238,2019,62900,175900,238800
70823307074,2019,86800,109900,196700
71007307153,2019,407900,404200,812100
80935106256,2019,77800,196200,274000
70824210044,2019,126100,252100,378200
71006211016,2019,84900,129300,214200
70922432128,2019,90000,450000,540000
70923143542,2019,44900,220300,265200
81026356297,2019,0,0,0
70921407099,2019,142900,325900,468800
70923141976,2019,200,500,700
80936402207,2019,73400,150700,224100
70816316058,2019,208700,704400,913100
70922112069,2019,0,0,0
71004301067,2019,62200,154200,216400
60801419488,2019,16600,192300,208900
81021412127,2019,52600,161400,214000
70823210532,2019,120200,226600,346800
70929124695,2019,0,10000,10000
81032314065,2019,12000,133000,145000
70833402062,2019,160100,337400,497500
71006418133,2019,0,0,0
70929123738,2019,0,1000,1000
71005206232,2019,171000,443000,614000
70932103636,2019,140900,347100,488000
70923224136,2019,2200000,6178000,8378000
70813318081,2019,62500,283400,345900
60906114074,2019,57900,139800,197700
70822105031,2019,98300,291800,390100
70926111124,2019,78100,158600,236700
70928225189,2019,91900,226300,318200
70913317032,2019,82200,0,82200
60812306161,2019,79700,249600,329300
70929105108,2019,98500,186100,284600
70928226012,2019,0,0,0
71009211112,2019,65100,138100,203200
71015204177,2019,59200,231500,290700
60812111015,2019,76900,182300,259200
60801209186,2019,78500,169000,247500
70929402231,2019,90200,234800,325000
71010315052,2019,59100,132200,191300
71002410183,2019,100,0,100
70930304012,2019,88000,212000,300000
70912423020,2019,9000,92800,101800
71005112215,2019,11000,106600,117600
70828309033,2019,64900,0,64900
80927401010,2019,318000,434000,752000
81027203033,2019,364500,1139900,1504400
70914442044,2019,143100,4356900,4500000
71006116258,2019,61800,179100,240900
71002316068,2019,2700,0,2700
70918212162,2019,73200,138100,211300
70826421219,2019,0,4000,4000
71007224125,2019,0,0,0
71005210051,2019,0,0,0
71005223038,2019,60600,207800,268400
81021108049,2019,60300,192600,252900
70921114149,2019,124400,223800,348200
70930305242,2019,616000,1759000,2375000
70919408273,2019,90200,282300,372500
70929115107,2019,114300,272900,387200
70913319070,2019,113900,180500,294400
71003310043,2019,56200,217400,273600
70913210054,2019,72700,143200,215900
70928312100,2019,131200,289600,420800
70836419139,2019,0,0,0
70920106197,2019,130800,249200,380000
60811104053,2019,104800,240500,345300
70913416066,2019,264200,228400,492600
70935301063,2019,66200,191800,258000
80926107023,2019,53600,120600,174200
70919106091,2019,128600,176000,304600
70922337104,2019,183200,506800,690000
71016204051,2019,66500,167200,233700
71027414079,2019,0,0,0
80924445011,2019,13400,222500,235900
70912431057,2019,9000,91300,100300
71006308061,2019,66000,119900,185900
70928117500,2019,127700,119100,246800
71015118071,2019,51400,159800,211200
80925122957,2019,800,1200,2000
70932421210,2019,48000,106000,154000
71006122015,2019,35300,134200,169500
70913214270,2019,75300,176200,251500
71030210050,2019,85800,241000,326800
70917101176,2019,51500,227500,279000
71007116174,2019,81900,218600,300500
60906202150,2019,66200,142600,208800
71010411024,2019,56400,136300,192700
71035125048,2019,11800,232200,244000
60811412050,2019,75500,189100,264600
71005336071,2019,116500,443200,559700
60801405031,2019,75800,176200,252000
81032420028,2019,44000,142900,186900
71010205245,2019,53600,155100,208700
71005338019,2019,100500,324800,425300
71002102045,2019,14000,8200,22200
60801303194,2019,72200,177400,249600
70928223125,2019,99100,217400,316500
80936401134,2019,75200,141800,217000
70926102272,2019,82100,272200,354300
80925208088,2019,55600,129700,185300
70932110186,2019,136300,323700,460000
60802102040,2019,72100,143200,215300
71027407024,2019,51000,198600,249600
70826407053,2019,65700,178800,244500
60902102023,2019,10300,56700,67000
70929411026,2019,94200,190400,284600
70920408337,2019,114700,156800,271500
70921110064,2019,111700,266700,378400
80924412763,2019,400,1600,2000
70929123324,2019,16900,316000,332900
80925403026,2019,55200,136700,191900
70929420027,2019,138700,360200,498900
70828442099,2019,0,0,0
71001324153,2019,63500,220300,283800
60812405682,2019,73700,216400,290100
70923409035,2019,48500,135300,183800
70835122618,2019,6500,76500,83000
60802413661,2019,74700,139500,214200
71004201035,2019,866200,0,866200
60904113135,2019,91700,334300,426000
70919110084,2019,118200,167700,285900
70814407031,2019,86100,203700,289800
80925415980,2019,211000,591200,802200
71005225191,2019,41300,223000,264300
60811103112,2019,118100,246600,364700
70826407110,2019,71000,166400,237400
71010303023,2019,52700,150700,203400
71005113031,2019,68400,126200,194600
70826408134,2019,76900,148200,225100
70919214042,2019,102600,114300,216900
60811434012,2019,85800,191500,277300
70925208071,2019,125000,5000,130000
70824414018,2019,18700,109000,127700
71009317142,2019,68800,144200,213000
70836123011,2019,30600,100400,131000
70816309011,2019,191600,545400,737000
70823107276,2019,89400,360600,450000
70916100971,2019,0,0,0
60811107057,2019,115100,277700,392800
70919110076,2019,124400,108900,233300
70822105247,2019,60800,156700,217500
60812214025,2019,19100,204400,223500
70920109109,2019,77400,224900,302300
71003201135,2019,57300,160700,218000
70901106140,2019,54500,163000,217500
70924218477,2019,43200,569800,613000
70935101116,2019,50700,102100,152800
71003402080,2019,51500,168000,219500
80926307079,2019,67400,224900,292300
71014304184,2019,52800,215300,268100
70932116043,2019,145400,497200,642600
80925205117,2019,55200,175200,230400
70922304210,2019,125100,380900,506000
70826315206,2019,39900,225700,265600
71003201060,2019,56100,166700,222800
71004407261,2019,45800,143400,189200
70920218314,2019,400,14600,15000
70923156876,2019,5000,10000,15000
80926106330,2019,54500,122500,177000
60812203119,2019,84000,199900,283900
71003201036,2019,54300,169700,224000
71010213032,2019,52900,172000,224900
70816414018,2019,13100,238600,251700
70813328121,2019,131600,370200,501800
70922117069,2019,759000,424000,1183000
70836203277,2019,75100,233700,308800
60801204110,2019,63600,157600,221200
60804106173,2019,143000,280000,423000
80924438066,2019,13300,232700,246000
71027200923,2019,92500,230400,322900
71015210033,2019,63500,223500,287000
60811411169,2019,84400,252500,336900
81033204372,2019,219500,415500,635000
81028120674,2019,0,5000,5000
70922309012,2019,125100,278500,403600
70926304117,2019,107000,195200,302200
80936121021,2019,13800,94300,108100
71007229141,2019,92400,176200,268600
71010207283,2019,54000,154800,208800
71004313103,2019,57200,160700,217900
71004318038,2019,56100,159200,215300
70930104305,2019,84800,180500,265300
70927107362,2019,28000,233700,261700
70822113018,2019,29600,326400,356000
71020305118,2019,83900,100100,184000
71014108099,2019,10700,151200,161900
70919221039,2019,101300,167300,268600
60812203086,2019,85700,275000,360700
71010203041,2019,54000,218200,272200
70823122109,2019,24400,89100,113500
70918322044,2019,0,2000,2000
70921301077,2019,118300,236700,355000
70826422051,2019,0,4000,4000
70821112079,2019,112600,347400,460000
81028119263,2019,10100,92800,102900
71011421030,2019,50700,243000,293700
71010408055,2019,52000,141600,193600
81031303077,2019,113500,806000,919500
71002401041,2019,72900,223500,296400
70929124075,2019,0,10000,10000
71011118603,2019,30500,225400,255900
70931414208,2019,94900,227200,322100
70921221168,2019,131700,324300,456000
70920410415,2019,121100,169400,290500
71006101176,2019,56200,151800,208000
70918304159,2019,100700,144300,245000
70835202171,2019,116600,312100,428700
81031222219,2019,38100,168300,206400
60803107247,2019,105900,318800,424700
60802420020,2019,13100,119700,132800
70823410132,2019,2435000,8390000,10825000
70836303142,2019,63300,159500,222800
70836418082,2019,62700,143300,206000
71025100977,2019,0,0,0
70921112333,2019,118900,149400,268300
70929218125,2019,92400,172500,264900
81026358061,2019,100,0,100
70836223027,2019,14500,100400,114900
60811111090,2019,103300,200700,304000
70921206194,2019,60400,155800,216200
70936407141,2019,0,0,0
81032409113,2019,49800,160000,209800
70923207025,2019,0,0,0
70923114238,2019,119000,399700,518700
70913350553,2019,0,15000,15000
71007107256,2019,183200,240200,423400
70923123370,2019,160600,372800,533400
71010307059,2019,56400,127800,184200
71009104151,2019,58900,89800,148700
71010407263,2019,55800,192300,248100
70826412474,2019,10000,78000,88000
71026202053,2019,400,0,400
60904102237,2019,81300,169900,251200
70813326018,2019,0,0,0
71007308010,2019,0,0,0
70821410233,2019,101400,329400,430800
71035207078,2019,43900,221600,265500
70915303013,2019,0,0,0
80925409016,2019,52900,169900,222800
71006417292,2019,71100,290700,361800
70923131109,2019,119000,206500,325500
71010206235,2019,62300,139900,202200
70828312101,2019,75000,327900,402900
71003419192,2019,45300,153600,198900
70921124180,2019,148700,452600,601300
71007303333,2019,91500,164300,255800
70901107164,2019,51000,125600,176600
70920417114,2019,95500,223000,318500
70921215137,2019,122200,263000,385200
60801226388,2019,16200,158400,174600
70913402205,2019,122600,406100,528700
60802109129,2019,71700,196500,268200
80924440970,2019,400,1600,2000
81023204043,2019,227700,0,227700
70816406271,2019,173100,435300,608400
70813314295,2019,9300,0,9300
70823404078,2019,47100,206000,253100
70814430149,2019,19700,217100,236800
70921214121,2019,115000,233000,348000
70820111113,2019,100,0,100
81032411093,2019,89500,278800,368300
70921221241,2019,132100,281100,413200
60811106140,2019,103600,219000,322600
71007305082,2019,108700,247700,356400
70923203346,2019,208000,1183000,1391000
70823118257,2019,12800,111700,124500
70923123304,2019,1044000,7719000,8763000
70823102250,2019,77200,327200,404400
70824409118,2019,105500,193500,299000
81027114016,2019,1088500,999500,2088000
71014202065,2019,56100,149500,205600
70932103230,2019,101100,304500,405600
71004311181,2019,54100,122700,176800
70928117120,2019,104300,301100,405400
70931402170,2019,110700,232700,343400
70931404035,2019,102400,147600,250000
70927107180,2019,31300,280900,312200
70923141710,2019,200,1400,1600
70823314300,2019,0,0,0
70834206158,2019,81600,214400,296000
71002436121,2019,58800,227100,285900
70921317272,2019,0,0,0
70836417191,2019,61900,148500,210400
70920211011,2019,2210000,7812000,10022000
60812406052,2019,87900,193700,281600
70913209015,2019,72700,286300,359000
81031214183,2019,38500,68500,107000
80924433850,2019,400,1600,2000
60904109100,2019,97000,251100,348100
70913125039,2019,129400,133700,263100
70913427013,2019,380200,329100,709300
81021303285,2019,44100,159800,203900
60903206121,2019,85700,232900,318600
71021211166,2019,61000,139000,200000
70823210293,2019,122200,336000,458200
81030307179,2019,61700,146600,208300
81035106021,2019,69900,367600,437500
70931201043,2019,72100,189600,261700
71010413054,2019,58100,164700,222800
71015105101,2019,61100,121100,182200
71003312289,2019,49100,157900,207000
81034306127,2019,71000,354000,425000
60802312201,2019,103300,210700,314000
70920411166,2019,128600,181600,310200
70918402044,2019,51300,141200,192500
70920113043,2019,114400,168800,283200
70920420167,2019,124100,104100,228200
70931211050,2019,85500,318500,404000
60812302086,2019,59000,184000,243000
81028102169,2019,62300,149000,211300
81031410195,2019,38100,156600,194700
71011223048,2019,18500,197700,216200
81031423015,2019,17400,161100,178500
71010207316,2019,60600,155900,216500
71014106043,2019,12500,169500,182000
70931402138,2019,106900,281400,388300
71006414058,2019,58700,204000,262700
70922216093,2019,148300,218500,366800
71004407336,2019,45300,148100,193400
70932305084,2019,55000,130200,185200
70825200804,2019,726000,189000,915000
70813402355,2019,254000,0,254000
70913102011,2019,101400,195900,297300
80924438959,2019,400,1600,2000
70928116164,2019,0,0,0
81026370015,2019,5500,0,5500
71002311018,2019,60100,240800,300900
60812102212,2019,89000,183900,272900
71019406125,2019,80400,150600,231000
80925308078,2019,74400,112100,186500
71006101077,2019,44400,151400,195800
71002403089,2019,86200,262300,348500
60802421127,2019,82000,323000,405000
80924402772,2019,400,1600,2000
70828203029,2019,600,0,600
70923124419,2019,88300,279900,368200
70823104032,2019,75500,153100,228600
70836311054,2019,402000,287300,689300
60812110132,2019,78200,201600,279800
70931101962,2019,451000,949000,1400000
81034101030,2019,67300,139500,206800
70836408207,2019,61900,150000,211900
71005335031,2019,87000,503000,590000
81032305147,2019,77000,373000,450000
60812406169,2019,82900,201600,284500
81030407010,2019,0,0,0
71008106083,2019,46800,160700,207500
70929123928,2019,0,1000,1000
70823117118,2019,80200,277200,357400
70816307081,2019,182300,734900,917200
80926406144,2019,52000,438000,490000
81032302961,2019,37700,152300,190000
70929220138,2019,69900,198300,268200
70921313022,2019,157300,193700,351000
70825209632,2019,3000,9000,12000
70923173820,2019,3300,5900,9200
71004302560,2019,56400,174100,230500
70836110076,2019,89800,207000,296800
60812327159,2019,6000,101000,107000
81031403067,2019,35900,172300,208200
70813112110,2019,116100,177100,293200
71035103010,2019,68900,331100,400000
70926216023,2019,78700,200900,279600
60812325153,2019,18900,181000,199900
71014201398,2019,56800,182700,239500
71010409178,2019,51200,159600,210800
81015103203,2019,61100,160200,221300
81028121565,2019,10800,100000,110800
70815306208,2019,214600,467500,682100
70930411023,2019,73800,168100,241900
70826419537,2019,0,4000,4000
70918201248,2019,147400,236900,384300
60812405020,2019,79200,196700,275900
70934309357,2019,15700,97300,113000
80924101019,2019,82600,265400,348000
80924435955,2019,400,1600,2000
70822102061,2019,90800,243600,334400
70929206162,2019,85100,181400,266500
71010210020,2019,51900,142000,193900
70923174208,2019,3300,11700,15000
60812302325,2019,70200,189500,259700
70932418192,2019,0,0,0
70813402305,2019,269800,444700,714500
70826420360,2019,0,4000,4000
70921214113,2019,115000,301400,416400
70922440121,2019,88800,335300,424100
70826313193,2019,71300,222600,293900
70929414046,2019,122600,235900,358500
70929305104,2019,88600,310800,399400
60906202184,2019,61200,145800,207000
70927103013,2019,0,0,0
70918309068,2019,177800,93100,270900
70913210179,2019,100500,153100,253600
70922433390,2019,87000,340600,427600
60906208174,2019,59500,154300,213800
70816317030,2019,152800,595900,748700
70931204021,2019,75100,138300,213400
70928205248,2019,97800,249600,347400
81033300899,2019,58500,0,58500
71007106034,2019,93200,234900,328100
81034108185,2019,0,0,0
71005413142,2019,44400,130200,174600
70921409079,2019,150000,302800,452800
71027407066,2019,51000,196000,247000
71006421053,2019,50200,167500,217700
81031407118,2019,44200,136300,180500
70920219081,2019,0,0,0
60803112030,2019,100400,283700,384100
70814201095,2019,117900,270100,388000
81032424062,2019,31800,153200,185000
70929426075,2019,99900,258800,358700
71005322103,2019,126600,315500,442100
60811116751,2019,18800,219700,238500
70813320119,2019,14600,103100,117700
70829108070,2019,88700,242300,331000
70901108055,2019,54500,151900,206400
70922205210,2019,121000,194000,315000
71016201057,2019,67500,145000,212500
71002302033,2019,102000,90000,192000
80927402084,2019,72200,92200,164400
71009109060,2019,100000,305000,405000
81033305170,2019,45500,118400,163900
60802109179,2019,67900,168100,236000
70823304046,2019,74000,152900,226900
60802310198,2019,96200,223100,319300
71027416025,2019,0,0,0
81034101014,2019,68100,164400,232500
71006117123,2019,27900,198900,226800
70913350735,2019,0,8000,8000
60811410020,2019,75600,166400,242000
71015202155,2019,49600,198700,248300
70928315039,2019,90200,188200,278400
80926403231,2019,86000,284000,370000
71003314053,2019,48400,140600,189000
80925112099,2019,11300,232700,244000
70934308052,2019,77600,160200,237800
81034404038,2019,62500,161100,223600
70824414240,2019,14100,108300,122400
70913309154,2019,96900,219900,316800
60801316105,2019,24000,137400,161400
71021224028,2019,64800,158900,223700
70923160140,2019,8000,7000,15000
70836115224,2019,73200,180100,253300
60812106321,2019,81900,151400,233300
70813403220,2019,283300,359700,643000
70816401271,2019,167500,498100,665600
70820121039,2019,100,0,100
71021109113,2019,60900,147100,208000
60802311097,2019,95400,252000,347400
70936400971,2019,2992000,6159000,9151000
71007101175,2019,121800,326700,448500
60801304134,2019,71100,147700,218800
81028113182,2019,60900,213900,274800
70833304268,2019,122700,331300,454000
70929124017,2019,0,10000,10000
60802305280,2019,13800,198700,212500
71005348026,2019,16800,363500,380300
71021203262,2019,88100,273200,361300
70823403286,2019,45600,254900,300500
70922346519,2019,0,15000,15000
70931207108,2019,78400,182100,260500
70834214078,2019,27000,319900,346900
70828433072,2019,0,0,0
70913419010,2019,239000,1000,240000
81028409193,2019,99500,503500,603000
70934307012,2019,1364000,2266000,3630000
70917101233,2019,51500,240200,291700
71010404186,2019,58700,171300,230000
81026355661,2019,0,0,0
70920123092,2019,15200,77300,92500
60801402095,2019,87000,162300,249300
81032310188,2019,36700,124000,160700
70918406103,2019,145400,316400,461800
80924402102,2019,8200,128800,137000
60812118079,2019,20500,157400,177900
60802307012,2019,19400,135000,154400
71009410061,2019,65800,100400,166200
60905104224,2019,48000,143900,191900
70929124182,2019,0,10000,10000
71005407286,2019,41800,145000,186800
70926101109,2019,80000,246500,326500
71007115043,2019,81900,266100,348000
71006114145,2019,32000,184300,216300
70814420067,2019,15200,166700,181900
70913422170,2019,73300,281700,355000
80924422936,2019,400,1600,2000
71006414256,2019,56000,339000,395000
70826309176,2019,136700,348500,485200
71009403040,2019,61500,82000,143500
70919211048,2019,90900,137400,228300
80925307137,2019,65600,91600,157200
71009301111,2019,65500,149700,215200
71006127198,2019,59000,251000,310000
70923164100,2019,44900,188900,233800
70835305082,2019,102600,197500,300100
71009212102,2019,51500,205500,257000
81030403042,2019,0,0,0
70835123327,2019,6500,74500,81000
70824304110,2019,107500,182500,290000
71006406154,2019,68000,301600,369600
70920127078,2019,21900,182500,204400
81031202047,2019,52100,160500,212600
70833204062,2019,113300,239700,353000
80925209078,2019,54300,144500,198800
70923153228,2019,2700,37300,40000
81032314148,2019,12000,137800,149800
70826201190,2019,396000,1010000,1406000
81035108150,2019,11100,0,11100
70834308475,2019,24500,274900,299400
80924101390,2019,78100,401200,479300
70921215062,2019,133100,214200,347300
81031203160,2019,39900,112100,152000
71034105223,2019,84900,203400,288300
70914436071,2019,121100,838900,960000
70919101067,2019,264000,576000,840000
80926109136,2019,54000,133400,187400
70822106120,2019,49900,210100,260000
80926407126,2019,54000,436000,490000
70928109028,2019,91900,377800,469700
70826421342,2019,0,4000,4000
70921211078,2019,74100,280100,354200
81027203273,2019,0,0,0
70834426227,2019,29000,156500,185500
70919218028,2019,96800,176500,273300
60812405327,2019,75900,164200,240100
60801408308,2019,67600,171600,239200
70823107200,2019,89400,184400,273800
71006101192,2019,54700,127400,182100
81033202102,2019,1800,0,1800
70920416306,2019,122500,157900,280400
70813334152,2019,26800,156200,183000
71006128021,2019,57200,166300,223500
70916200995,2019,0,0,0
80925303359,2019,79300,132100,211400
80924403978,2019,400,1600,2000
70929405152,2019,79600,174500,254100
60801234208,2019,15000,135800,150800
60812117302,2019,77800,188500,266300
71011120137,2019,43800,273600,317400
71006404182,2019,54100,193200,247300
60801408093,2019,78800,166500,245300
70921223130,2019,130000,277000,407000
70821109125,2019,111800,297700,409500
70919204019,2019,83300,95300,178600
70932401171,2019,156400,236300,392700
70824207108,2019,107500,337500,445000
71005108115,2019,48100,117200,165300
81026349135,2019,55700,324400,380100
60801203047,2019,66700,167800,234500
81029400778,2019,762300,2543900,3306200
70907300861,2019,0,0,0
70823207117,2019,18100,237100,255200
81031418149,2019,37600,142100,179700
81030213102,2019,48200,119100,167300
81032421109,2019,48200,128600,176800
60811112064,2019,101900,249600,351500
81021303219,2019,45800,173100,218900
71012217066,2019,67000,213900,280900
81031204134,2019,40600,138200,178800
70912443052,2019,9000,91300,100300
70922433225,2019,49800,244200,294000
70929122061,2019,101000,202300,303300
60812213035,2019,22400,183300,205700
71011102052,2019,550000,2950000,3500000
70913208025,2019,0,0,0
70829418023,2019,12400,0,12400
71004408235,2019,68000,160800,228800
71007223218,2019,79700,178700,258400
71022104013,2019,0,0,0
60801222021,2019,22300,125700,148000
70922230142,2019,264200,625500,889700
70928302143,2019,91600,193400,285000
70835112304,2019,100200,305600,405800
70930413029,2019,68100,212700,280800
70920127119,2019,22000,278600,300600
70924219649,2019,0,25000,25000
70932103256,2019,99800,203700,303500
70929214149,2019,95200,253700,348900
70824216050,2019,112100,223700,335800
71011208024,2019,34200,240700,274900
70823207092,2019,18100,228400,246500
71016402225,2019,61900,169000,230900
71010101196,2019,55600,204400,260000
80924422077,2019,10500,173300,183800
70918319893,2019,20500,74500,95000
81034202010,2019,68600,226000,294600
71021220018,2019,62600,223500,286100
70922345446,2019,73400,235500,308900
81021302360,2019,49400,161300,210700
70936403149,2019,68400,101600,170000
71004306215,2019,56900,155200,212100
60802407010,2019,69700,183800,253500
71005308038,2019,63300,66700,130000
60812405236,2019,78000,209700,287700
70824414109,2019,11300,66200,77500
60812114267,2019,83800,170000,253800
71008105093,2019,38000,159900,197900
71011124220,2019,54500,282600,337100
70929119175,2019,89900,214500,304400
70923133048,2019,43100,166900,210000
70836208219,2019,0,0,0
71015111322,2019,44200,141800,186000
70921417246,2019,121400,443600,565000
71015203228,2019,49600,181500,231100
70820104035,2019,100,0,100
71003409143,2019,57200,178900,236100
71030210092,2019,85200,207800,293000
70826419181,2019,0,4000,4000
70914407105,2019,101700,392800,494500
81030205498,2019,52800,144200,197000
60802421060,2019,72700,272800,345500
70919306162,2019,104100,373000,477100
70834209029,2019,74600,249400,324000
70926103311,2019,50900,166500,217400
71009411134,2019,61400,111600,173000
70824102118,2019,0,0,0
71007102016,2019,0,0,0
70936407076,2019,0,0,0
60902203160,2019,55000,497000,552000
81023209118,2019,0,1200,1200
70834426285,2019,29000,130000,159000
71006431052,2019,108400,207500,315900
70814102128,2019,106300,323800,430100
71035205220,2019,71400,198200,269600
81030402060,2019,0,0,0
70918303060,2019,87700,169500,257200
71006415030,2019,28000,117400,145400
71014214622,2019,8100,144000,152100
81030215108,2019,4500,80700,85200
70834210034,2019,70700,209300,280000
80924408986,2019,400,1600,2000
70828306229,2019,45600,227000,272600
71007219217,2019,136300,360700,497000
70923148427,2019,4200,800,5000
71020309201,2019,23800,176000,199800
70928104151,2019,108200,306000,414200
60801107025,2019,65000,174300,239300
71030207031,2019,83900,131100,215000
70919401392,2019,122600,256000,378600
71007116215,2019,84100,283200,367300
71006111034,2019,69200,164900,234100
71003208149,2019,53100,171100,224200
70923412103,2019,1700,16300,18000
70822118018,2019,25800,334200,360000
71016410161,2019,61500,159300,220800
71001324062,2019,65800,212300,278100
60812103103,2019,81900,172100,254000
71010211218,2019,55900,143900,199800
70815104090,2019,374000,1026000,1400000
70828311129,2019,82500,265600,348100
81027403047,2019,6500,0,6500
60812330079,2019,0,5000,5000
70921214048,2019,115000,266000,381000
80925101977,2019,0,0,0
71010212183,2019,54300,194700,249000
80936402231,2019,74000,246000,320000
70936410110,2019,58900,185600,244500
71016206198,2019,68000,120600,188600
70836111107,2019,76900,189900,266800
70931308112,2019,0,0,0
70926111108,2019,78100,220700,298800
60802413538,2019,57100,159300,216400
70924219318,2019,0,25000,25000
70913349176,2019,42400,267600,310000
70923113214,2019,77400,319500,396900
80924412094,2019,9300,139800,149100
70922219120,2019,283700,877700,1161400
70921306150,2019,160600,298800,459400
70922433275,2019,92000,211600,303600
70824218014,2019,134100,409700,543800
71010111153,2019,53400,261100,314500
71001203092,2019,100,0,100
70922234186,2019,125900,243300,369200
70913119305,2019,116000,750000,866000
70814305045,2019,87700,223300,311000
70836313167,2019,15700,168700,184400
80925416087,2019,49900,142800,192700
71014214010,2019,8100,127800,135900
70931408219,2019,72700,130500,203200
70929109176,2019,89900,285000,374900
70920103143,2019,139300,196300,335600
70923315125,2019,69400,233200,302600
71014201033,2019,55600,202800,258400
70929216236,2019,88600,167400,256000
71001323030,2019,63500,182800,246300
71002442136,2019,100,0,100
60903102014,2019,99000,1142000,1241000
71009318033,2019,68800,145900,214700
70922329127,2019,183200,659800,843000
70932103206,2019,99800,164600,264400
70929214173,2019,100100,239100,339200
70826417721,2019,21500,126700,148200
70930301167,2019,1029000,5527000,6556000
70821213174,2019,100,0,100
80926402126,2019,54600,109500,164100
71004408227,2019,75400,127700,203100
80926206023,2019,67700,203100,270800
71010400845,2019,102600,186500,289100
71016202154,2019,107700,135000,242700
70825104022,2019,1111000,12615000,13726000
70928202038,2019,81000,210900,291900
60902103295,2019,20000,96400,116400
70929207128,2019,76400,226000,302400
70816406073,2019,197600,446700,644300
70928201014,2019,110000,123000,233000
70934309076,2019,15700,103700,119400
70918410253,2019,107600,186600,294200
70813404137,2019,350200,89500,439700
60803103089,2019,103200,182800,286000
60801316072,2019,24000,137200,161200
80925411095,2019,45100,122900,168000
60802408076,2019,91100,220700,311800
70929219123,2019,88900,178700,267600
71007305214,2019,120300,163800,284100
71022202081,2019,126000,194000,320000
70923113272,2019,119000,341000,460000
60802112031,2019,93800,176800,270600
70919201057,2019,65700,106700,172400
80924103065,2019,83600,258000,341600
71012215309,2019,17700,256200,273900
70920406266,2019,134200,260000,394200
71003308113,2019,54000,213600,267600
71011126143,2019,72200,224100,296300
70814420231,2019,15200,181700,196900
70928112055,2019,0,0,0
70913111137,2019,90500,186300,276800
71035117061,2019,65200,237100,302300
71005110178,2019,13900,0,13900
71006432084,2019,109100,270900,380000
70928213192,2019,106000,174900,280900
70814103027,2019,126000,262200,388200
70921309203,2019,82100,156000,238100
71010313460,2019,48700,143100,191800
71012201217,2019,70500,261000,331500
80925101050,2019,0,0,0
60802429056,2019,14600,97000,111600
71014216561,2019,7500,115200,122700
81023304182,2019,35600,123300,158900
71015112023,2019,50600,173500,224100
70824404358,2019,121100,340500,461600
71006129186,2019,43300,76900,120200
70936313041,2019,30700,89300,120000
70823304187,2019,76100,132200,208300
70835110126,2019,103800,191700,295500
60904111113,2019,79700,289300,369000
60903206155,2019,0,0,0
60812102030,2019,85300,211400,296700
80926106033,2019,54900,126800,181700
70834307279,2019,638000,16687000,17325000
60811204275,2019,104700,261000,365700
70826413026,2019,0,0,0
81022306113,2019,58500,468500,527000
70820109118,2019,100,0,100
71011403103,2019,79000,265300,344300
70836403075,2019,68200,157800,226000
70922306026,2019,141600,401900,543500
70813330027,2019,55500,297500,353000
60802309232,2019,93700,244300,338000
70930409226,2019,71000,203400,274400
80936201203,2019,62900,166000,228900
70931401156,2019,119700,215500,335200
70919110472,2019,0,0,0
71011208256,2019,32900,215000,247900
80924434709,2019,400,1600,2000
70901113674,2019,17000,98000,115000
70814201152,2019,111600,308800,420400
80925411136,2019,56200,179100,235300
80925206321,2019,55900,134700,190600
71004315258,2019,58900,143700,202600
71015114269,2019,45200,155700,200900
80924414074,2019,23100,207400,230500
70835303119,2019,78200,206000,284200
60811101041,2019,119300,200800,320100
71004307023,2019,58500,143800,202300
71011210079,2019,54300,220700,275000
80925112817,2019,800,1200,2000
70826421011,2019,0,4000,4000
70922225010,2019,235800,505500,741300
70922328103,2019,110500,474800,585300
70920219510,2019,0,0,0
70815306357,2019,188800,411200,600000
60811205033,2019,102200,324300,426500
71002403170,2019,94500,305400,399900
60802111124,2019,86600,132700,219300
60802423016,2019,18900,133100,152000
71010309097,2019,0,0,0
70932208022,2019,14200,146000,160200
71007220074,2019,120300,273300,393600
71015303078,2019,671000,3786000,4457000
80926409122,2019,12000,119800,131800
71015200860,2019,0,0,0
70929223067,2019,77900,166200,244100
70835101084,2019,0,0,0
70920303032,2019,128200,393700,521900
71014202297,2019,55900,114800,170700
70923149110,2019,7300,1200,8500
71014216347,2019,7500,127500,135000
70918203054,2019,893100,1406900,2300000
71016412076,2019,61600,154200,215800
71010210088,2019,54300,180500,234800
80924407110,2019,8300,139400,147700
81019305152,2019,56300,153200,209500
71007309141,2019,92400,231000,323400
70813327024,2019,78000,261400,339400
80924401063,2019,17100,148100,165200
70914407155,2019,140000,161000,301000
71010201087,2019,59100,190500,249600
70823111053,2019,91100,281200,372300
70933205019,2019,153200,671800,825000
70914404200,2019,143800,618000,761800
71030201223,2019,577000,467500,1044500
70814202051,2019,101900,266100,368000
81031216147,2019,52400,108000,160400
81034106080,2019,65700,178400,244100
70923159424,2019,8000,7000,15000
70918305173,2019,74800,145100,219900
81022306246,2019,8000,66700,74700
70922301018,2019,79000,199700,278700
70928102402,2019,117900,483900,601800
70928317150,2019,147100,755400,902500
70935102099,2019,45900,94800,140700
60801226031,2019,16200,175400,191600
71005336154,2019,100700,256500,357200
70931209120,2019,64100,154000,218100
81028305044,2019,330000,370000,700000
70920408197,2019,128000,247600,375600
71005336120,2019,99100,271600,370700
70836213193,2019,11600,117100,128700
70920106436,2019,129000,135500,264500
70824222049,2019,34400,304100,338500
70919228754,2019,400,2600,3000
81026422072,2019,100,0,100
70913202259,2019,77000,307400,384400
70929203019,2019,94200,269100,363300
80925217253,2019,57900,155000,212900
60903209191,2019,11600,115000,126600
71015402060,2019,162000,829000,991000
70834201041,2019,159200,453000,612200
70932410099,2019,82600,192100,274700
70918209010,2019,108600,255900,364500
70928322125,2019,247800,626300,874100
70826412127,2019,10000,76700,86700
70933201372,2019,294700,564000,858700
70919109053,2019,89700,163000,252700
70930416221,2019,75600,227700,303300
81032414089,2019,44900,159900,204800
70912417023,2019,9000,87900,96900
70920411025,2019,138900,229100,368000
81035112135,2019,100,0,100
70921219246,2019,158000,322100,480100
70929201112,2019,115200,289600,404800
70835307351,2019,78500,179700,258200
71005339025,2019,102800,331300,434100
60801217022,2019,98000,134600,232600
71005111093,2019,48200,228800,277000
80926409073,2019,12000,147800,159800
81028303014,2019,0,0,0
70919402043,2019,116600,217300,333900
71002310169,2019,49400,240000,289400
70820109225,2019,100,0,100
70814411024,2019,96900,236000,332900
60801217056,2019,82000,174600,256600
70923310232,2019,73000,458000,531000
71019405052,2019,78300,107300,185600
70936311095,2019,63200,137900,201100
70828433022,2019,0,0,0
71006412086,2019,75000,150000,225000
70931409043,2019,88900,183600,272500
81026355124,2019,5200,0,5200
71015405204,2019,51000,164000,215000
70935102015,2019,45100,111800,156900
70824303097,2019,103100,376600,479700
60812114241,2019,74600,169200,243800
71007111207,2019,87900,398100,486000
70926409181,2019,22000,65000,87000
71005228111,2019,53900,202500,256400
71020301182,2019,0,0,0
81021412101,2019,57000,148800,205800
70923162196,2019,8000,7000,15000
70919225148,2019,101700,171800,273500
60904105075,2019,80300,194600,274900
70913117036,2019,112000,1362800,1474800
70929416240,2019,72300,253900,326200
60804105274,2019,143100,416900,560000
81028301026,2019,54000,476000,530000
70914428060,2019,141000,637000,778000
60812111263,2019,78200,208700,286900
70824308039,2019,16000,146400,162400
70929124520,2019,0,10000,10000
71011208206,2019,35100,205900,241000
70834301099,2019,170000,347500,517500
70834407029,2019,178000,1117000,1295000
70826310107,2019,99900,316900,416800
70922336156,2019,146700,482500,629200
70935106166,2019,0,0,0
70833304127,2019,132400,475200,607600
70836310296,2019,14900,117200,132100
81033402158,2019,51400,183300,234700
70815201028,2019,314000,0,314000
60812331126,2019,0,100,100
80924442934,2019,400,1600,2000
70927107156,2019,31200,261800,293000
81034106478,2019,0,0,0
71007316071,2019,50600,253000,303600
71007313126,2019,0,0,0
70916400975,2019,0,0,0
71005110095,2019,47100,182800,229900
80924304241,2019,42000,0,42000
70833102068,2019,146700,344800,491500
80925403092,2019,59200,154500,213700
70923144409,2019,8000,7000,15000
71004401031,2019,44100,166400,210500
70829111049,2019,85200,333900,419100
70913124065,2019,100000,217600,317600
70931415074,2019,66600,121200,187800
71010314179,2019,56000,152500,208500
70834429023,2019,35700,149300,185000
71012201184,2019,68900,243900,312800
70918217047,2019,75500,172000,247500
80936101081,2019,14900,112400,127300
80925304282,2019,47800,150200,198000
71006118262,2019,42200,181900,224100
71006112199,2019,29200,217000,246200
71007116356,2019,76600,303900,380500
70922212041,2019,233500,817300,1050800
80926304059,2019,64000,233300,297300
70929124299,2019,0,10000,10000
60812201113,2019,87800,137000,224800
70921216135,2019,72500,210500,283000
60801302211,2019,70400,163500,233900
80925205084,2019,55200,109600,164800
71011122183,2019,34200,230800,265000
70828105043,2019,111000,273700,384700
71007208046,2019,47000,189700,236700
60903208010,2019,16400,107800,124200
71003311124,2019,49500,169800,219300
81023309223,2019,35600,113600,149200
60906106203,2019,67800,202200,270000
70925204079,2019,80000,178400,258400
80924441902,2019,400,1600,2000
70928225197,2019,128000,307000,435000
71007107206,2019,154800,426600,581400
71009212160,2019,51500,177200,228700
60803119284,2019,66600,385400,452000
70828443063,2019,0,0,0
70823112035,2019,89400,225500,314900
81021405198,2019,55800,199000,254800
70921417113,2019,151400,312200,463600
70918215025,2019,108600,253100,361700
70921206227,2019,71500,186000,257500
71014202263,2019,54900,152400,207300
70920126054,2019,15200,162100,177300
70929210030,2019,81400,184300,265700
71003201177,2019,0,0,0
81021408150,2019,56900,184600,241500
70928203078,2019,89900,346700,436600
71005322070,2019,140200,450700,590900
70813327016,2019,76200,222200,298400
80925119938,2019,800,1200,2000
81030205018,2019,47500,132500,180000
70912418047,2019,9000,94700,103700
71015112073,2019,37400,180400,217800
81034109042,2019,59600,162400,222000
70919225164,2019,102300,296700,399000
71007105169,2019,101100,418400,519500
81032301054,2019,24300,166400,190700
60812329395,2019,13400,154500,167900
80924443172,2019,13200,252200,265400
80926114143,2019,18300,116700,135000
70829102212,2019,103700,336300,440000
70920127135,2019,15200,157000,172200
70913323039,2019,108500,306300,414800
70921105255,2019,74300,190600,264900
70829107056,2019,79900,243100,323000
71010210252,2019,54600,130100,184700
81026362103,2019,100,0,100
70834214135,2019,40800,426000,466800
60812407399,2019,80000,203700,283700
70921101013,2019,990000,11290000,12280000
70836418074,2019,64300,164600,228900
70836117098,2019,70800,185700,256500
70932102117,2019,148700,418300,567000
71026104019,2019,0,0,0
70813329278,2019,18500,186500,205000
81031410161,2019,43200,184100,227300
70923150258,2019,55100,339000,394100
71015209028,2019,31600,169400,201000
60802115093,2019,14100,108200,122300
60812202294,2019,81200,192200,273400
70824205061,2019,125100,353000,478100
70823108315,2019,0,0,0
70922320026,2019,151400,348300,499700
70926401103,2019,80800,156200,237000
70923174985,2019,3300,11700,15000
71004316032,2019,48300,181500,229800
70835305032,2019,86900,280100,367000
60811421233,2019,16000,188600,204600
70913106071,2019,81800,195200,277000
60802411037,2019,65700,152800,218500
70919225106,2019,101300,193700,295000
70921222108,2019,133400,454600,588000
80924428918,2019,400,1600,2000
70814312131,2019,26100,262500,288600
81033205073,2019,44600,125100,169700
70932105228,2019,84700,114300,199000
60811116561,2019,18800,217000,235800
70824416080,2019,14300,137100,151400
81031401128,2019,35900,157500,193400
70925208013,2019,0,0,0
70823211332,2019,76800,201400,278200
71021215168,2019,56400,154000,210400
71010114173,2019,58200,181300,239500
70935103138,2019,46000,90000,136000
81026420092,2019,100,0,100
70835209086,2019,78200,199700,277900
70932420204,2019,170000,243000,413000
71014306255,2019,57100,159900,217000
71005340064,2019,105500,262200,367700
60802108064,2019,68700,151900,220600
70918309076,2019,122200,208500,330700
71007304331,2019,87400,359700,447100
70922418037,2019,67900,193900,261800
60811412084,2019,85800,218000,303800
80925101951,2019,352000,2668000,3020000
71001318081,2019,63500,190900,254400
71016407150,2019,61900,150300,212200
70923153393,2019,1300,23700,25000
70823401032,2019,33300,189500,222800
70923150092,2019,69000,385500,454500
80925407036,2019,52800,179300,232100
70919224075,2019,101300,179100,280400
70833202149,2019,100800,177000,277800
70824203114,2019,114800,236600,351400
81030208096,2019,180000,0,180000
70919110456,2019,136400,141100,277500
70829105183,2019,47400,272400,319800
70923143550,2019,44900,185100,230000
71011108670,2019,30000,240900,270900
70834301130,2019,170000,465000,635000
70920201038,2019,4079000,7199500,11278500
70815309111,2019,127300,438600,565900
71015119326,2019,46000,181800,227800
70919221138,2019,94000,214600,308600
70914436344,2019,52000,368200,420200
60811117204,2019,19100,183200,202300
70816320091,2019,187400,528700,716100
80936404063,2019,62000,233000,295000
80924413117,2019,8600,138100,146700
70836105217,2019,74800,162000,236800
70930301175,2019,1887000,6447000,8334000
70821109050,2019,109700,295400,405100
71005218021,2019,65100,112400,177500
71005320058,2019,90400,259000,349400
70821108127,2019,132900,265100,398000
60812111156,2019,75000,202200,277200
70923170131,2019,2700,800,3500
70926307012,2019,0,0,0
71027104092,2019,682000,1876000,2558000
71034104184,2019,73300,211400,284700
71030207023,2019,83900,151500,235400
60812203193,2019,84700,177000,261700
71006304134,2019,35400,188900,224300
70913128900,2019,800,11200,12000
71026202029,2019,400,0,400
70824209055,2019,129000,183000,312000
70921413012,2019,106800,221800,328600
70923408037,2019,153800,52800,206600
80924408770,2019,400,1600,2000
71006401104,2019,59700,174600,234300
71005319043,2019,98100,197000,295100
71026403031,2019,71300,315600,386900
71014107041,2019,12300,179800,192100
70816313153,2019,100,0,100
70823118059,2019,12800,90400,103200
70921113050,2019,124400,275400,399800
71002406273,2019,40900,214100,255000
71006309035,2019,48800,157000,205800
70901109160,2019,53200,161700,214900
60812113178,2019,75200,198600,273800
70920301284,2019,93600,209000,302600
70923151024,2019,0,0,0
70913349192,2019,23000,148200,171200
70920402107,2019,127300,149200,276500
70929410101,2019,86700,227000,313700
71023403050,2019,186200,0,186200
70918302351,2019,75400,128600,204000
60811432032,2019,92000,205800,297800
80925220181,2019,54600,146800,201400
70929216187,2019,89800,186700,276500
70921223106,2019,122900,374400,497300
71032100986,2019,0,0,0
71011404143,2019,84700,228000,312700
70816318054,2019,181500,598500,780000
80925113071,2019,10900,210600,221500
71006211181,2019,69200,146500,215700
71007113097,2019,84100,356700,440800
71034101320,2019,106000,299000,405000
70823105113,2019,89400,209500,298900
70922412146,2019,84000,192600,276600
71003204048,2019,53100,160900,214000
81028118067,2019,8700,67300,76000
70828426093,2019,0,0,0
60905214388,2019,4200,44600,48800
81028119180,2019,8700,65200,73900
71010207085,2019,53600,196000,249600
70920218885,2019,0,0,0
71022203021,2019,628900,1392100,2021000
80925119847,2019,800,1200,2000
70913310169,2019,65800,220900,286700
70823110055,2019,89400,293700,383100
71006310305,2019,39900,115200,155100
70928108153,2019,108400,453400,561800
70920418089,2019,135000,225100,360100
70920112029,2019,119100,69700,188800
81034206210,2019,67400,160000,227400
81026354019,2019,59700,260900,320600
70920304171,2019,109600,225000,334600
81027300946,2019,2280000,720000,3000000
80936105025,2019,13800,102800,116600
70922414100,2019,84600,356600,441200
70919112064,2019,131500,142300,273800
70836107255,2019,68700,151400,220100
71005321105,2019,106300,175900,282200
81026357203,2019,3600,0,3600
70924220414,2019,0,5000,5000
70929305302,2019,104700,268300,373000
60906205089,2019,74500,172500,247000
70834414032,2019,66900,228500,295400
70913109108,2019,140000,511000,651000
70920405185,2019,119100,184000,303100
60903206014,2019,83100,174500,257600
81031209150,2019,67400,131300,198700
70813307076,2019,122000,387100,509100
81030205480,2019,52800,118000,170800
71009218283,2019,42700,169300,212000
71001302018,2019,71400,149300,220700
70932411097,2019,74000,115700,189700
71035114132,2019,66900,308700,375600
71005228252,2019,47100,99100,146200
71006432076,2019,106500,186000,292500
70828437107,2019,0,0,0
80926116123,2019,23700,173900,197600
71004304128,2019,52800,150400,203200
71005222254,2019,63800,198300,262100
81027106055,2019,36700,110500,147200
70817402046,2019,0,0,0
81033303059,2019,39200,123600,162800
70926404264,2019,77500,112700,190200
70824314028,2019,23700,124500,148200
71014203245,2019,60300,219600,279900
70913202019,2019,145100,467500,612600
71015105028,2019,61100,152400,213500
80925124896,2019,800,1200,2000
70931410222,2019,100900,179900,280800
81031207170,2019,39800,140300,180100
70929409089,2019,79700,243400,323100
70932101177,2019,137500,333700,471200
70826309100,2019,115200,379400,494600
70834419040,2019,27500,175900,203400
80924435905,2019,400,1600,2000
81019303156,2019,60100,166700,226800
60811410012,2019,79500,182700,262200
80924439965,2019,400,1600,2000
71002405366,2019,58100,288500,346600
70929114076,2019,91400,228600,320000
70922232148,2019,141800,283500,425300
71014306073,2019,66800,143800,210600
70826211644,2019,13700,63200,76900
70815308387,2019,169000,432800,601800
70936306012,2019,64200,116800,181000
80925125894,2019,800,1200,2000
81019304047,2019,59200,179600,238800
71005339033,2019,96900,224100,321000
70923163607,2019,44900,180000,224900
60811424154,2019,101500,182400,283900
60904113060,2019,90400,244600,335000
70929215056,2019,83100,268700,351800
71006410030,2019,68000,247000,315000
70814415109,2019,90200,339800,430000
71035117037,2019,64600,202500,267100
81031300908,2019,40000,178000,218000
70816408326,2019,170800,456500,627300
71015110176,2019,38200,161300,199500
60812318132,2019,83400,225400,308800
81034327131,2019,11300,76900,88200
70930406082,2019,100000,237000,337000
70920113093,2019,124100,239300,363400
71005323060,2019,105800,149600,255400
81035103027,2019,65400,99000,164400
70922421030,2019,127200,181400,308600
71021109064,2019,61000,154900,215900
71007106068,2019,78200,92400,170600
81032104226,2019,32500,101900,134400
71001415035,2019,57200,182300,239500
81030314041,2019,58000,118800,176800
70913434456,2019,0,18000,18000
71009301129,2019,35500,132500,168000
70827104020,2019,1210000,11826000,13036000
70836104053,2019,0,0,0
71005223278,2019,63200,112700,175900
81023209382,2019,0,1200,1200
70823103109,2019,89400,231000,320400
70824205011,2019,184500,235100,419600
71006207065,2019,57400,103100,160500
70829109078,2019,96600,267400,364000
70923109114,2019,176000,74000,250000
60803106083,2019,103200,199400,302600
70920219726,2019,0,0,0
70826416822,2019,21500,105200,126700
70921401017,2019,88000,834000,922000
70821404046,2019,104700,423300,528000
60812405666,2019,73800,189900,263700
81014301014,2019,1175600,0,1175600
70922233047,2019,108500,300000,408500
70828107106,2019,95300,173400,268700
81026427022,2019,1000,0,1000
71005340014,2019,99200,375000,474200
70829102064,2019,74600,271400,346000
70914421048,2019,0,0,0
71002305186,2019,100,0,100
70919104087,2019,99500,275600,375100
70922304161,2019,237100,363200,600300
71020307172,2019,10200,124800,135000
70923173573,2019,3300,5900,9200
71010202051,2019,55200,212800,268000
81030308086,2019,62000,135000,197000
60811426043,2019,97700,206700,304400
70931209196,2019,70800,203000,273800
70813304105,2019,103200,364700,467900
80924434121,2019,13300,236500,249800
70823306042,2019,82300,212100,294400
80925406153,2019,60000,144200,204200
70822115048,2019,29600,387400,417000
81032313025,2019,23100,101900,125000
60811416094,2019,0,0,0
70823211308,2019,103000,249600,352600
80935105167,2019,62800,199300,262100
60802415071,2019,82000,348000,430000
80925207147,2019,38100,42900,81000
70923109031,2019,521000,984400,1505400
81031405063,2019,36500,122900,159400
70928117477,2019,104300,335800,440100
70923122249,2019,135100,1879200,2014300
71021112067,2019,69900,126400,196300
71014106415,2019,12500,167500,180000
70834415056,2019,24000,179300,203300
80926309166,2019,72900,208000,280900
70822414284,2019,11800,99600,111400
80924407136,2019,8300,130700,139000
70814402015,2019,92300,186600,278900
71005224169,2019,63400,118100,181500
80925410211,2019,69200,111100,180300
70914438423,2019,2200,22800,25000
70926419057,2019,0,0,0
71002312149,2019,0,0,0
60905214239,2019,4200,55800,60000
71009213168,2019,51500,171500,223000
71006114335,2019,49000,276000,325000
71035102012,2019,75600,275800,351400
60812216063,2019,37500,148600,186100
70913111187,2019,80800,233800,314600
71011219089,2019,0,0,0
70814312272,2019,26100,267500,293600
81026416091,2019,4400,0,4400
70913409011,2019,537000,1553500,2090500
70835122634,2019,6500,74700,81200
71001309080,2019,59100,181700,240800
71007217021,2019,84500,138100,222600
70923160356,2019,8000,7000,15000
60905102096,2019,47400,126400,173800
81030302153,2019,125000,3150000,3275000
60812118219,2019,20500,157400,177900
80924442017,2019,11400,199600,211000
81031300883,2019,0,0,0
71005214144,2019,47100,83100,130200
70928103294,2019,114600,235600,350200
70823307256,2019,76300,160300,236600
70913311307,2019,63000,274200,337200
70825201258,2019,460000,0,460000
71003313245,2019,49300,171200,220500
70913432038,2019,27100,182800,209900
81022301121,2019,88000,297000,385000
70821402157,2019,106300,340400,446700
81035114149,2019,100,0,100
60812329303,2019,13500,165600,179100
71006119244,2019,60700,213800,274500
70922345313,2019,154100,564000,718100
70923147156,2019,8000,7000,15000
70921305053,2019,162000,385200,547200
81026360107,2019,100,0,100
71025400997,2019,0,0,0
81026422064,2019,100,0,100
70826310131,2019,100300,393500,493800
70813110198,2019,121300,246100,367400
70922326024,2019,127000,643000,770000
60802415097,2019,82000,333000,415000
60906110113,2019,56300,215400,271700
70935301104,2019,66200,271000,337200
70834413191,2019,24200,187800,212000
60801225413,2019,15000,141100,156100
70816401031,2019,159700,436400,596100
80925413158,2019,52700,134600,187300
70923148675,2019,4200,800,5000
70901108047,2019,54500,149500,204000
70836206081,2019,78900,194700,273600
81026357196,2019,3600,0,3600
70926116059,2019,82400,291600,374000
71004200889,2019,0,0,0
81033402174,2019,51400,180000,231400
70931403277,2019,106800,199200,306000
70932113346,2019,121300,165100,286400
81028108084,2019,57100,153400,210500
71003202109,2019,53100,170000,223100
70834308029,2019,42000,377300,419300
71005221066,2019,63800,273500,337300
70913406033,2019,159700,50300,210000
60811203011,2019,97000,210600,307600
81028305052,2019,270500,679500,950000
81030304109,2019,68600,156000,224600
70914438655,2019,2200,22800,25000
70935206015,2019,0,0,0
60812212029,2019,22400,181700,204100
70929308207,2019,106900,285500,392400
81033209207,2019,150000,24000,174000
71019409129,2019,68900,102300,171200
71010302059,2019,54600,171900,226500
81034301028,2019,54400,109600,164000
70828314397,2019,1400,0,1400
70824402104,2019,100800,239200,340000
70814303172,2019,87700,247000,334700
70923168392,2019,6500,18500,25000
71006118220,2019,63900,82300,146200
60811116256,2019,18800,204000,222800
71003402098,2019,47900,151300,199200
80925305107,2019,61100,104200,165300
60905207185,2019,0,0,0
70823401123,2019,48300,260600,308900
70920219586,2019,0,0,0
71014215612,2019,7800,102200,110000
71011305177,2019,64600,161800,226400
70815309210,2019,127300,602900,730200
71015117130,2019,47100,167900,215000
71002418278,2019,90100,265200,355300
80924426681,2019,400,1600,2000
70813402199,2019,629900,157200,787100
71006424073,2019,31200,122900,154100
70932210168,2019,22600,90400,113000
60801212395,2019,73500,180900,254400
70835124797,2019,500,1500,2000
70923154614,2019,0,7500,7500
80924423728,2019,400,1600,2000
60906110238,2019,63900,185600,249500
60906105073,2019,66100,220100,286200
70925205035,2019,77500,165400,242900
71004314333,2019,50500,175100,225600
80936107063,2019,13800,109200,123000
71007221022,2019,90800,683700,774500
71010104348,2019,57500,147900,205400
80925204028,2019,47300,146900,194200
71005226082,2019,48500,135500,184000
60801401203,2019,88400,134600,223000
70922309038,2019,126000,276500,402500
70919215024,2019,88400,131100,219500
70827103030,2019,919000,1556000,2475000
81030304240,2019,67900,171700,239600
70920412198,2019,141100,190200,331300
70921108093,2019,78400,204200,282600
70930402189,2019,81300,217100,298400
70814309196,2019,96800,281600,378400
81021106267,2019,62000,143000,205000
81034207169,2019,100000,410000,510000
70922238039,2019,25300,224700,250000
71006119252,2019,58700,183300,242000
70918415930,2019,9600,115300,124900
81034203092,2019,64600,159900,224500
70833304010,2019,132400,434200,566600
71011108696,2019,30000,240900,270900
71014301247,2019,57600,245100,302700
71006303178,2019,36500,199000,235500
71023301080,2019,0,0,0
70914439132,2019,1000,7700,8700
70823302016,2019,319000,1099000,1418000
70919411218,2019,102500,339500,442000
71011211118,2019,51900,204000,255900
80925105127,2019,50900,132700,183600
71011309020,2019,151000,192800,343800
70901113749,2019,22200,108800,131000
71001314055,2019,64400,212400,276800
70834418125,2019,16400,102500,118900
70833115136,2019,99100,193100,292200
70912410176,2019,805100,230000,1035100
71009218225,2019,45100,166100,211200
70931403110,2019,103100,171900,275000
71009310138,2019,68800,188800,257600
71015103056,2019,67900,109600,177500
70923402211,2019,0,0,0
60811203037,2019,99600,237500,337100
80936211038,2019,55600,166400,222000
81027105130,2019,36700,112000,148700
71002314195,2019,4900,0,4900
70826421889,2019,0,4000,4000
70922219055,2019,249700,609700,859400
81028119883,2019,10100,100500,110600
70934313035,2019,310000,0,310000
70824309160,2019,14100,138600,152700
81034406240,2019,69800,237300,307100
70928321086,2019,177000,363800,540800
81032422123,2019,31500,137600,169100
81034413071,2019,67000,176900,243900
71007118021,2019,498000,179400,677400
71005308202,2019,47900,158700,206600
71014214606,2019,8100,129000,137100
70929211129,2019,80900,168000,248900
70918213102,2019,91100,192500,283600
80926200976,2019,93300,178800,272100
80925306311,2019,75400,70400,145800
80936203150,2019,86700,248300,335000
71006112058,2019,69200,141800,211000
70835122189,2019,6500,75500,82000
71030208196,2019,109700,258000,367700
71034101031,2019,81100,179200,260300
70836208293,2019,73700,330300,404000
71011118033,2019,30500,242300,272800
80935106991,2019,45000,0,45000
71006404231,2019,54100,195600,249700
70834305075,2019,132000,335400,467400
60811401061,2019,84500,247100,331600
71015201107,2019,61100,129000,190100
81034403212,2019,56500,166500,223000
70928109127,2019,108400,386900,495300
70913124172,2019,0,0,0
70833203098,2019,113300,197000,310300
70822115014,2019,29600,292600,322200
70935202047,2019,66200,209800,276000
70836105291,2019,73300,172000,245300
70922440329,2019,104000,341000,445000
71009225171,2019,69500,0,69500
81023308126,2019,35600,113600,149200
70833123056,2019,101000,316800,417800
70835112213,2019,131700,383500,515200
60801405049,2019,75700,161300,237000
71024200992,2019,119300,219400,338700
70821102020,2019,116900,334100,451000
70934302062,2019,77500,216500,294000
81028304070,2019,116000,5000,121000
70923162336,2019,8000,7000,15000
81032433047,2019,17300,99700,117000
70824213163,2019,107500,337000,444500
60906107136,2019,63800,173600,237400
70920414136,2019,139000,229000,368000
71035104034,2019,73600,260900,334500
60904102196,2019,83500,193200,276700
70920305252,2019,113700,386700,500400
70914428010,2019,407000,2126000,2533000
70836405097,2019,58800,143000,201800
70822414979,2019,23600,155600,179200
71030300893,2019,0,0,0
71012210169,2019,58000,190300,248300
70833201026,2019,99300,211000,310300
60801212113,2019,82900,197400,280300
71005213170,2019,55200,169100,224300
71011120343,2019,36400,241600,278000
71021104048,2019,61000,139200,200200
70816322352,2019,17300,244700,262000
71003312099,2019,49100,140800,189900
80926403017,2019,59400,154900,214300
70828305023,2019,68700,285400,354100
71005222238,2019,63800,195100,258900
80924102041,2019,87400,304700,392100
70813335093,2019,71000,291900,362900
70825307048,2019,82000,13000,95000
70926103113,2019,81500,232900,314400
71002439092,2019,39100,227800,266900
70816305043,2019,169600,524900,694500
71010309021,2019,54600,169100,223700
81030215017,2019,4500,49100,53600
60801103221,2019,53800,126000,179800
70836114101,2019,81300,163100,244400
71015118013,2019,51000,184300,235300
70921409095,2019,137400,431700,569100
70918401385,2019,391900,373900,765800
80935101115,2019,56100,171200,227300
71004405174,2019,46800,188200,235000
70828316252,2019,100,0,100
70918313035,2019,509300,337500,846800
60811117197,2019,19100,175100,194200
80924441887,2019,400,1600,2000
81030310031,2019,61600,143000,204600
71003105072,2019,55700,235500,291200
81030317011,2019,54100,192000,246100
70922408260,2019,131900,350600,482500
71006204433,2019,1718100,2451900,4170000
70931209162,2019,76400,253800,330200
71001309064,2019,61100,177600,238700
70931412236,2019,89700,224800,314500
71005302155,2019,0,0,0
80924424932,2019,400,1600,2000
71005316304,2019,63200,246300,309500
81015104128,2019,56800,179000,235800
70929220245,2019,90100,135700,225800
70923152402,2019,51700,1274300,1326000
81026426058,2019,1000,0,1000
70920406349,2019,135000,206700,341700
81026207060,2019,7200,0,7200
60903209141,2019,11600,109800,121400
70926107082,2019,76000,197000,273000
71021108157,2019,61000,156400,217400
71006426061,2019,101100,255100,356200
60802418017,2019,86800,192800,279600
71002445031,2019,100,0,100
70921126152,2019,116700,277000,393700
71021202222,2019,67300,147200,214500
70826403332,2019,96200,222400,318600
80925214100,2019,56100,115500,171600
70923140960,2019,1500,13500,15000
60802412366,2019,51300,168200,219500
70920418253,2019,148600,179100,327700
71005313053,2019,50000,208900,258900
70829402240,2019,12700,0,12700
71005212106,2019,56000,127200,183200
71010314244,2019,56700,129300,186000
60801110127,2019,60100,144700,204800
71002435066,2019,8100,0,8100
71004317014,2019,54700,153400,208100
70828115133,2019,88700,200700,289400
71008103071,2019,40400,127300,167700
70824408079,2019,99600,181200,280800
81016304040,2019,3345200,8897900,12243100
70923136969,2019,1400,13600,15000
71005406105,2019,41900,143100,185000
60811414056,2019,76100,225600,301700
70923165489,2019,39600,193400,233000
70923403095,2019,0,0,0
70824402154,2019,108900,307300,416200
70921412098,2019,93900,291100,385000
70930104199,2019,73800,194600,268400
71009206072,2019,38000,177000,215000
71021213055,2019,60100,136600,196700
80926106059,2019,56900,145100,202000
70928208101,2019,97800,264200,362000
70921207209,2019,88000,377000,465000
70833116100,2019,85100,258300,343400
70913127069,2019,18800,185100,203900
71010106013,2019,59300,171900,231200
81030306048,2019,52800,172200,225000
80925121884,2019,800,1200,2000
70931414076,2019,106900,206400,313300
80935102171,2019,51800,99900,151700
80925304331,2019,94100,158500,252600
71006129293,2019,44400,150100,194500
80925217998,2019,0,0,0
71011208181,2019,38400,234700,273100
80925304141,2019,55200,152900,208100
71005213211,2019,66100,143300,209400
71006101019,2019,46900,86000,132900
70928101058,2019,73500,371500,445000
71004404358,2019,45300,175200,220500
70919103162,2019,99500,333500,433000
71019411322,2019,9000,134000,143000
71006210125,2019,48700,185400,234100
71011401040,2019,83900,255800,339700
70923316181,2019,65200,207500,272700
70923318153,2019,74800,177400,252200
81023304546,2019,35600,152700,188300
71011304054,2019,60400,182900,243300
60802421036,2019,75100,270400,345500
80936200932,2019,611900,294600,906500
81034301010,2019,55300,171400,226700
70913429085,2019,15400,234600,250000
71012303021,2019,143900,0,143900
81030307335,2019,59800,150000,209800
70824217024,2019,129000,211700,340700
80927401193,2019,78300,4600,82900
70923140548,2019,1500,13500,15000
71027404137,2019,65500,209900,275400
71015304026,2019,400600,1512000,1912600
70926106084,2019,77300,153400,230700
80925118922,2019,800,1200,2000
70928208127,2019,97800,304200,402000
70834308219,2019,46400,390400,436800
71016113236,2019,54900,135200,190100
71004312220,2019,58500,156900,215400
71014301031,2019,56400,216400,272800
70914422103,2019,151000,253000,404000
71011225052,2019,112100,0,112100
71001331207,2019,78100,227800,305900
71005226173,2019,44400,178200,222600
70923316032,2019,152800,199200,352000
80925402284,2019,57600,168100,225700
70918415211,2019,9500,33800,43300
80924447025,2019,35100,414900,450000
71002444017,2019,100,0,100
81034108200,2019,62400,134700,197100
70828305122,2019,71000,357400,428400
70913422188,2019,71300,265000,336300
70936305452,2019,59500,181500,241000
70929306293,2019,89000,223300,312300
70931412202,2019,86000,237600,323600
71006206223,2019,37600,146800,184400
80925211031,2019,48400,138800,187200
81035108134,2019,11100,0,11100
71021113205,2019,15100,92200,107300
80925119912,2019,800,1200,2000
71012205269,2019,0,0,0
60811109152,2019,120400,249700,370100
70923138361,2019,34200,310900,345100
71012400992,2019,195500,155000,350500
70824311165,2019,14100,133000,147100
71014214656,2019,8100,141100,149200
71021110079,2019,0,0,0
70929124207,2019,0,10000,10000
81028300979,2019,0,0,0
70920108276,2019,111900,157800,269700
70823406074,2019,62900,278400,341300
70824408011,2019,106700,254900,361600
70826421433,2019,0,4000,4000
70913327122,2019,0,0,0
60803107049,2019,103200,181700,284900
60906110080,2019,71400,161900,233300
60812307250,2019,90600,217700,308300
70918307179,2019,83600,84000,167600
71016407168,2019,61900,160000,221900
70828444011,2019,0,0,0
60811414080,2019,76100,189100,265200
71003417055,2019,50800,219600,270400
70923215200,2019,0,0,0
71006102033,2019,46900,77600,124500
70826315587,2019,35800,243800,279600
70936307086,2019,61000,151600,212600
71010313072,2019,48700,149300,198000
70826417937,2019,21500,127200,148700
70923146455,2019,8000,7000,15000
70836109269,2019,80400,0,80400
81028104107,2019,57000,126500,183500
81032411192,2019,44000,120700,164700
70919224231,2019,101300,229700,331000
70835108080,2019,248300,451300,699600
70928202046,2019,81000,200000,281000
60801107083,2019,66700,150100,216800
70833108074,2019,66200,229300,295500
70828113161,2019,88900,211100,300000
71010415034,2019,73800,183700,257500
70928202012,2019,152100,329500,481600
80936401100,2019,71300,144100,215400
60801410147,2019,77800,160300,238100
70921314103,2019,125200,173600,298800
70926415253,2019,46100,87900,134000
60811419056,2019,75500,160700,236200
71007235015,2019,21000,129000,150000
80924431060,2019,10400,176000,186400
70829402208,2019,12700,0,12700
71005220125,2019,65100,157400,222500
71006445037,2019,59600,1624700,1684300
71007229068,2019,67000,1000,68000
70914414209,2019,230900,288400,519300
81034203175,2019,64200,165000,229200
70833121258,2019,98500,281100,379600
70823307173,2019,79500,198400,277900
71002421057,2019,85800,197500,283300
81032108971,2019,0,345000,345000
80925307096,2019,74500,84400,158900
80924423744,2019,400,1600,2000
70913109330,2019,74500,396000,470500
70836213218,2019,11600,128300,139900
70923153187,2019,1300,23700,25000
70901118137,2019,42900,177100,220000
70919108063,2019,100100,155600,255700
70936403305,2019,63000,119300,182300
70836303051,2019,65200,144700,209900
70813112186,2019,161300,0,161300
70926401161,2019,80600,139400,220000
71002443134,2019,100,0,100
70825201240,2019,979000,1157000,2136000
70928313132,2019,122900,285800,408700
71015101240,2019,84000,101100,185100
70828112105,2019,90100,229900,320000
81030204193,2019,49400,129700,179100
70929221087,2019,95200,209600,304800
70923171270,2019,1900,1700,3600
70835202098,2019,173300,365500,538800
71014214523,2019,8100,138500,146600
71016407093,2019,61900,157300,219200
70813310037,2019,11600,122400,134000
70931201126,2019,76400,140600,217000
70926414099,2019,46100,95600,141700
70814402081,2019,85000,197500,282500
71006126215,2019,52000,74100,126100
60812317100,2019,96700,232900,329600
70826417854,2019,18400,87000,105400
70824406049,2019,100000,198600,298600
70814305102,2019,93400,285900,379300
81030205092,2019,48200,116100,164300
70913314145,2019,119500,84900,204400
70921219254,2019,121100,509500,630600
81022406012,2019,1232000,6219700,7451700
70928322076,2019,159300,481300,640600
80924417044,2019,8600,125000,133600
81009304031,2019,166800,0,166800
71011303098,2019,64000,156700,220700
80925405098,2019,64500,196000,260500
80924438967,2019,400,1600,2000
81030317053,2019,63600,122600,186200
81031404239,2019,38100,139100,177200
70924218328,2019,42200,474000,516200
71019409062,2019,182000,81500,263500
70922437160,2019,71500,214200,285700
71016415145,2019,61900,172100,234000
70913224047,2019,196800,71500,268300
81030203210,2019,47800,120300,168100
70913354456,2019,0,2500,2500
71020302031,2019,88600,147200,235800
70924219201,2019,0,25000,25000
70913327263,2019,174000,992000,1166000
71021211207,2019,64800,174300,239100
70912404129,2019,100400,314600,415000
70921209106,2019,71500,182800,254300
71005326189,2019,106500,258500,365000
70918401070,2019,472200,421000,893200
70833403028,2019,216500,409600,626100
70834418240,2019,27400,121000,148400
70931101988,2019,875000,2301000,3176000
70814312248,2019,26100,250900,277000
60802410104,2019,72500,233600,306100
60906208314,2019,56700,153700,210400
71009211071,2019,54700,127300,182000
70919216056,2019,88000,107000,195000
70814419218,2019,15200,156200,171400
70826416145,2019,21500,107500,129000
71003207216,2019,53100,185000,238100
70923130119,2019,183500,283300,466800
71005202024,2019,51200,0,51200
71007225058,2019,99200,138700,237900
70829102105,2019,73700,334400,408100
70826211107,2019,10000,50000,60000
71010313353,2019,55700,174300,230000
70813403014,2019,276300,492600,768900
71007210091,2019,73000,1000,74000
70826420758,2019,0,4000,4000
71006405114,2019,66300,316300,382600
70914437970,2019,1100,5900,7000
70836410161,2019,55100,138900,194000
70834101027,2019,124100,308500,432600
80936117088,2019,14900,94500,109400
70933302013,2019,80400,119700,200100
70916400941,2019,0,0,0
60803105100,2019,109300,214000,323300
70918302046,2019,86500,154200,240700
70931202025,2019,82500,133300,215800
71005110079,2019,47500,126400,173900
80935105076,2019,71300,214600,285900
80924417127,2019,9900,149500,159400
70918401187,2019,488000,13500,501500
70824302049,2019,105800,223600,329400
70923411246,2019,27800,168200,196000
70913344069,2019,21500,233000,254500
70921315060,2019,114800,189200,304000
71015204044,2019,48600,147000,195600
60812321119,2019,19600,166200,185800
70922212108,2019,243700,742300,986000
70836310014,2019,14900,111800,126700
81026361014,2019,100,0,100
71006426029,2019,50500,218000,268500
71002107061,2019,9500,109300,118800
81034324020,2019,30000,99300,129300
70921108069,2019,110000,455000,565000
70923174018,2019,3300,11700,15000
71006409116,2019,68000,212600,280600
60905209032,2019,0,0,0
70823307280,2019,78100,174700,252800
70913332098,2019,162000,1198000,1360000
70920213017,2019,126600,240200,366800
81028108141,2019,58100,143600,201700
71010405100,2019,80000,153400,233400
70933301057,2019,101100,157400,258500
81030307393,2019,69000,217300,286300
70921214238,2019,121200,358800,480000
70921403360,2019,142900,458300,601200
70932412045,2019,74000,59300,133300
70920218281,2019,400,14600,15000
60801314125,2019,165000,2014000,2179000
71011105064,2019,73700,364400,438100
81028120046,2019,0,4000,4000
80924403142,2019,7100,120900,128000
80936403213,2019,74400,194500,268900
60812330178,2019,0,5000,5000
60902201198,2019,88000,4406000,4494000
80924412101,2019,9000,140100,149100
71034108186,2019,63000,158600,221600
71014203295,2019,62900,194800,257700
80924412804,2019,400,1600,2000
70833412087,2019,46200,205800,252000
71019406034,2019,91800,177000,268800
70926102181,2019,83300,216500,299800
70919401227,2019,118600,201900,320500
70835304084,2019,76600,205200,281800
71021218013,2019,59600,142800,202400
80924427663,2019,400,3100,3500
70913429134,2019,15400,239500,254900
81034103143,2019,67800,182200,250000
70921309039,2019,109200,210500,319700
70922206177,2019,108900,209500,318400
70813328163,2019,128700,266200,394900
70922430130,2019,116500,156300,272800
71021206026,2019,58600,133100,191700
70923143534,2019,44900,284600,329500
70816322245,2019,17300,202200,219500
70813103028,2019,135300,92000,227300
80925403034,2019,53800,120200,174000
81030400890,2019,0,0,0
70913110204,2019,86700,239400,326100
70922236033,2019,175900,464600,640500
70936201072,2019,202000,0,202000
80936404021,2019,41000,524000,565000
81015104201,2019,57500,174600,232100
80924406104,2019,8300,132800,141100
60812330467,2019,0,5000,5000
80925304175,2019,53800,151900,205700
60801201041,2019,66700,167500,234200
70928105307,2019,114600,336300,450900
81022401012,2019,1245000,1130000,2375000
70913208116,2019,101700,290500,392200
70826313284,2019,72000,243500,315500
70936406440,2019,60100,169900,230000
60801401352,2019,75700,213400,289100
70826421574,2019,0,4000,4000
70919401417,2019,134900,278000,412900
71010104257,2019,55600,163300,218900
71009215015,2019,0,0,0
60812325236,2019,18900,183000,201900
60811415377,2019,0,0,0
70920114075,2019,124000,229500,353500
71006310131,2019,19700,158300,178000
70813323048,2019,135900,357800,493700
81021402095,2019,55800,144200,200000
60811412117,2019,75600,169600,245200
70833102183,2019,133600,361400,495000
71005407179,2019,47300,185500,232800
70929220162,2019,88300,181100,269400
71021102109,2019,47500,252100,299600
70919409205,2019,97900,258300,356200
70929107112,2019,0,0,0
70913408013,2019,0,0,0
71006428083,2019,108900,378100,487000
70919413123,2019,109700,219600,329300
70918214051,2019,267100,257000,524100
81034410176,2019,69600,211000,280600
71015115150,2019,49700,138400,188100
70918410261,2019,136900,199300,336200
70920219742,2019,0,0,0
70821203026,2019,98000,324800,422800
70920306143,2019,105400,215300,320700
70826412177,2019,10000,76700,86700
70921318022,2019,115400,175900,291300
71011118257,2019,30500,252000,282500
60801217014,2019,84700,166700,251400
71002316026,2019,2800,0,2800
70923116408,2019,125800,228700,354500
71006446267,2019,3000,35000,38000
70922345264,2019,82100,235400,317500
70922438118,2019,78200,264000,342200
81022105052,2019,0,0,0
70928214083,2019,99700,221900,321600
70823413334,2019,29100,176700,205800
80924304043,2019,69200,216400,285600
70835317136,2019,106200,233700,339900
60812302234,2019,68000,175400,243400
81030307038,2019,62700,149600,212300
71020309110,2019,23800,163000,186800
71003213320,2019,89000,386000,475000
70929108128,2019,138500,235900,374400
81015108245,2019,62900,193200,256100
70924214235,2019,32000,583000,615000
70820115107,2019,116200,0,116200
70824411197,2019,166500,137500,304000
60811415129,2019,72000,187300,259300
70923144269,2019,8000,7000,15000
70936308167,2019,0,0,0
81030210166,2019,52800,136400,189200
60812306103,2019,78100,236200,314300
70913206037,2019,517900,509400,1027300
70923314036,2019,77000,489200,566200
81034108284,2019,60800,157600,218400
70931202091,2019,74300,171000,245300
70829419055,2019,16300,0,16300
70918212229,2019,114800,185700,300500
70913205188,2019,81600,168100,249700
70826419066,2019,0,4000,4000
70922303080,2019,147800,350200,498000
80925401096,2019,59400,162200,221600
70928102494,2019,108000,353800,461800
70824414092,2019,13900,84400,98300
70932105202,2019,84700,118300,203000
81021303061,2019,49000,173100,222100
81035111096,2019,100,0,100
70926206032,2019,80600,276000,356600
71003301216,2019,54200,209500,263700
70828425053,2019,0,0,0
80924426699,2019,400,1600,2000
70918322226,2019,0,2000,2000
60811439153,2019,20000,185200,205200
81028120377,2019,0,4000,4000
70826100954,2019,1880000,1994000,3874000
70828431092,2019,0,0,0
71006424031,2019,30000,272400,302400
81034410184,2019,70400,219000,289400
70821402123,2019,106300,319800,426100
80924424875,2019,400,1600,2000
70929421108,2019,128800,304100,432900
81028119792,2019,10100,89600,99700
70913403211,2019,96500,337500,434000
70923150323,2019,62000,410500,472500
71009223076,2019,41100,190300,231400
70823404169,2019,39400,219500,258900
71022302823,2019,449000,851000,1300000
70833409026,2019,46200,191300,237500
70824301207,2019,98400,300600,399000
70913107194,2019,120000,765000,885000
70835305222,2019,93200,318000,411200
70919310155,2019,111800,266800,378600
81021302336,2019,49400,173100,222500
71011121127,2019,40600,229900,270500
81034209024,2019,27200,162800,190000
71003404028,2019,55300,191400,246700
71020308013,2019,12500,117000,129500
70913128067,2019,14800,222800,237600
70923161487,2019,8000,7000,15000
81026207143,2019,4100,0,4100
81031208136,2019,43700,116400,160100
60802409173,2019,64000,169500,233500
70913313189,2019,107600,151200,258800
70914418243,2019,320000,490000,810000
81032421068,2019,64000,213000,277000
70913112135,2019,98400,90900,189300
60801312517,2019,76400,271000,347400
70922311067,2019,108900,254500,363400
71006113121,2019,61800,177900,239700
70923317189,2019,122100,180200,302300
70835119029,2019,17900,123200,141100
80925211114,2019,54900,153800,208700
70920111013,2019,84000,169600,253600
70923225176,2019,0,0,0
71006418026,2019,65100,231900,297000
80925306064,2019,63900,152100,216000
71014106093,2019,12500,152600,165100
81031412026,2019,20900,168100,189000
71005410114,2019,54600,124300,178900
70932421195,2019,48000,68700,116700
80925305230,2019,63900,126900,190800
71014303045,2019,59100,295700,354800
60801308201,2019,72200,155200,227400
71022305116,2019,31600,127300,158900
70913434878,2019,0,3000,3000
60812108153,2019,78500,194900,273400
60903203094,2019,0,0,0
70829405070,2019,56200,0,56200
70826315032,2019,36600,208200,244800
70936302250,2019,0,0,0
71004401198,2019,49500,125400,174900
71009222218,2019,40700,174900,215600
60811411094,2019,79500,154400,233900
70913218016,2019,26700,233300,260000
70922107151,2019,1155000,3325000,4480000
70922306018,2019,141600,300800,442400
71006311155,2019,100000,329000,429000
80924413084,2019,10200,142100,152300
81032402068,2019,45900,151100,197000
81034102187,2019,67000,180600,247600
70833303020,2019,145000,403600,548600
70926409298,2019,8500,0,8500
71005203113,2019,70000,469000,539000
80924422887,2019,400,1600,2000
60905102088,2019,48900,78100,127000
70922433118,2019,86100,272100,358200
70835124028,2019,500,1500,2000
71010313444,2019,45500,190600,236100
70931309110,2019,99000,125000,224000
70835123137,2019,6500,69900,76400
70928107064,2019,108400,380700,489100
81016305072,2019,23600,63900,87500
71015301072,2019,84000,15000,99000
70915302015,2019,0,0,0
70922418095,2019,94200,290700,384900
70923141570,2019,200,2200,2400
81015108237,2019,59400,182900,242300
70835301139,2019,130500,257000,387500
81028108422,2019,54600,156000,210600
71022302774,2019,189000,485000,674000
71009219041,2019,45900,158000,203900
70922417013,2019,89100,275600,364700
70834418117,2019,13600,135900,149500
60801121140,2019,0,0,0
80936203126,2019,70200,369800,440000
71016206114,2019,65700,127800,193500
70928209208,2019,97800,232500,330300
70824208015,2019,94100,237300,331400
70935402019,2019,0,0,0
71010310078,2019,53600,146300,199900
81026353079,2019,66600,164800,231400
70912429010,2019,9000,99300,108300
81028120616,2019,0,5000,5000
70920110122,2019,162300,261200,423500
70932201274,2019,69200,196300,265500
70835120092,2019,16100,98900,115000
70918411178,2019,129700,163800,293500
60905214289,2019,4200,44600,48800
71016409023,2019,61600,143600,205200
80926106306,2019,51300,108800,160100
71006416062,2019,61000,107600,168600
71003107060,2019,53100,167600,220700
70823406470,2019,54400,268500,322900
60801404257,2019,76200,198900,275100
70914439512,2019,4000,15700,19700
70814424176,2019,0,0,0
71006414264,2019,68000,269300,337300
70926114095,2019,44900,113500,158400
71015111116,2019,50500,175300,225800
70912442046,2019,9000,91300,100300
71005217057,2019,60600,113300,173900
71007220107,2019,120300,218400,338700
70822414622,2019,11800,101500,113300
60811418123,2019,75600,189400,265000
71006446465,2019,3000,35000,38000
71005105096,2019,38700,123300,162000
81015108089,2019,59600,187300,246900
70913354365,2019,0,15000,15000
70836216105,2019,5400,96100,101500
70814405019,2019,0,0,0
80924444162,2019,13400,259400,272800
70920220666,2019,0,2600,2600
70922301133,2019,125100,263600,388700
80924306122,2019,67700,233600,301300
71006439056,2019,12600,304900,317500
70926304026,2019,96300,277800,374100
70823407056,2019,54400,180600,235000
81034303066,2019,40600,145000,185600
71006312377,2019,63200,211900,275100
80936113036,2019,13800,101000,114800
80926106281,2019,51300,153700,205000
70931308104,2019,92500,110100,202600
70813112061,2019,102600,152100,254700
71019403105,2019,315800,151500,467300
71007303292,2019,113700,417900,531600
70920308321,2019,96400,307600,404000
70912408048,2019,98200,202500,300700
70929409112,2019,83700,211000,294700
81034406167,2019,61300,181600,242900
71020307213,2019,10200,106400,116600
81031212301,2019,35800,172900,208700
70923156818,2019,5000,10000,15000
70920419160,2019,100900,257100,358000
70822414101,2019,17400,133000,150400
80925121040,2019,12200,292000,304200
71004401338,2019,52900,128600,181500
70824311214,2019,13500,128100,141600
81031217137,2019,38100,93400,131500
70926217112,2019,145000,180000,325000
70824204295,2019,115600,351300,466900
70813308074,2019,0,0,0
60802302559,2019,0,0,0
71014105160,2019,56700,1000,57700
81034202341,2019,75900,240600,316500
70926103238,2019,79500,184300,263800
71021201042,2019,60700,149300,210000
70923412252,2019,1700,16300,18000
71005217172,2019,65100,193700,258800
80924418711,2019,400,1600,2000
70901118210,2019,42900,162100,205000
70823311067,2019,10900,136700,147600
70928212219,2019,97800,317600,415400
60811304489,2019,84400,209700,294100
71002309104,2019,100,0,100
70923220027,2019,740000,3760000,4500000
71007226105,2019,0,0,0
70913350149,2019,0,8000,8000
70824214012,2019,119700,365000,484700
80925305256,2019,59800,132900,192700
70921112119,2019,124400,339000,463400
71009215172,2019,51000,128900,179900
60905215013,2019,255000,1572000,1827000
70907300994,2019,0,0,0
71007117130,2019,69500,59700,129200
71016203029,2019,106800,229800,336600
71009404072,2019,63200,58800,122000
80925305123,2019,60800,115000,175800
80925414023,2019,51900,137600,189500
81030304050,2019,68600,165900,234500
80926105267,2019,50800,154900,205700
81030215059,2019,4500,49100,53600
81032406060,2019,45000,156400,201400
60803119010,2019,62800,362200,425000
70923411204,2019,35200,361800,397000
80936414103,2019,75100,142500,217600
71008108039,2019,23000,147000,170000
81034109191,2019,63800,178700,242500
80924434816,2019,400,1600,2000
80925108171,2019,55700,126200,181900
71007218186,2019,161200,298100,459300
71006214028,2019,682000,1642000,2324000
70930414077,2019,75600,252200,327800
70824212131,2019,208500,293400,501900
71004303089,2019,59400,149600,209000
80924443768,2019,400,1600,2000
70918415089,2019,10500,51700,62200
70926201230,2019,157700,502600,660300
71020309227,2019,23800,163000,186800
71006116224,2019,61800,201700,263500
70923145564,2019,8000,7000,15000
81021403332,2019,52900,132700,185600
70928321127,2019,168500,286900,455400
70913128976,2019,800,11200,12000
71015116158,2019,47100,170500,217600
70918415328,2019,10500,107200,117700
70826418422,2019,21200,125400,146600
70833118148,2019,85700,271800,357500
71005224309,2019,63100,229400,292500
70824306322,2019,2090000,660000,2750000
70816406099,2019,176400,453100,629500
70928220056,2019,108400,402300,510700
70926304307,2019,79800,123100,202900
81023304249,2019,35600,152700,188300
80925104509,2019,57000,158300,215300
81026370065,2019,13400,0,13400
70919204176,2019,77100,108900,186000
71004315050,2019,58500,168500,227000
80924420899,2019,400,1600,2000
70815301050,2019,4134400,18206600,22341000
60801219200,2019,73100,172400,245500
70929304122,2019,84900,185000,269900
71007111140,2019,81900,333100,415000
60811415343,2019,86400,223000,309400
80924406112,2019,8300,124500,132800
70920117194,2019,126100,216200,342300
71006311139,2019,61600,159900,221500
70924223020,2019,0,0,0
70923146322,2019,8000,7000,15000
60812329402,2019,13500,160000,173500
81027202118,2019,57800,127600,185400
70931303063,2019,104600,188400,293000
71011118322,2019,30500,232400,262900
81031217096,2019,38500,132300,170800
80925202147,2019,56100,167400,223500
81034107252,2019,58400,158200,216600
70826420039,2019,0,4000,4000
70922346171,2019,0,15000,15000
70922433324,2019,125800,459200,585000
70923173903,2019,3300,11700,15000
71010107053,2019,57200,167700,224900
71003104082,2019,59800,212500,272300
70912416025,2019,9000,91300,100300
70922216241,2019,193900,381000,574900
70920217647,2019,400,14600,15000
70922208090,2019,101400,164500,265900
81027110064,2019,36700,117800,154500
71014201364,2019,58500,156600,215100
80925307260,2019,74000,391900,465900
81032106024,2019,0,0,0
71021104056,2019,60900,146600,207500
71006306320,2019,30400,167500,197900
70928113178,2019,0,0,0
71006107182,2019,54100,146000,200100
71004312139,2019,54100,128000,182100
70829108103,2019,90000,230000,320000
81023206031,2019,82500,0,82500
70824214070,2019,101800,299900,401700
81028408054,2019,514000,1000,515000
81021107140,2019,61300,180600,241900
71010208059,2019,55900,145600,201500
70836120067,2019,130700,398800,529500
70913123017,2019,0,0,0
80926303051,2019,66400,244100,310500
70813103193,2019,121300,248100,369400
70922427062,2019,171200,816800,988000
80926113046,2019,58600,178600,237200
70833306058,2019,169500,338300,507800
70833108123,2019,71000,241000,312000
81021107041,2019,61100,180100,241200
70928219075,2019,99100,209700,308800
60811201982,2019,0,0,0
81021406146,2019,58100,176800,234900
81026419079,2019,100,0,100
70923311058,2019,0,0,0
71035104042,2019,82400,228100,310500
80924423067,2019,8600,167800,176400
70931104346,2019,137000,0,137000
70914437798,2019,2200,17300,19500
70919302243,2019,92300,186900,279200
71005220076,2019,48200,215200,263400
60802111132,2019,88700,240100,328800
80924404801,2019,400,1600,2000
70928321177,2019,149300,295700,445000
70923178010,2019,175500,1451500,1627000
71016418016,2019,491500,513500,1005000
81031416086,2019,38200,136000,174200
81029100063,2019,0,459000,459000
70835101208,2019,90000,445000,535000
70822116088,2019,29600,337400,367000
70926107032,2019,76000,152000,228000
80926203152,2019,64700,237600,302300
80924409926,2019,400,1600,2000
70923412210,2019,1700,16300,18000
80925217055,2019,57600,143300,200900
80936403205,2019,77000,193800,270800
70836202138,2019,71700,226300,298000
70823306240,2019,0,0,0
70920405268,2019,126600,191700,318300
81030302187,2019,85000,295000,380000
70813331083,2019,55500,252500,308000
81023307061,2019,35600,108900,144500
70922434223,2019,72500,340700,413200
70813110049,2019,140700,453300,594000
71005341088,2019,125000,240700,365700
70923152155,2019,34100,476400,510500
70931403293,2019,104200,180700,284900
70918321492,2019,0,2000,2000
70920107054,2019,116900,124600,241500
70920409020,2019,129500,208400,337900
70907300853,2019,0,0,0
71002418616,2019,100,0,100
80925104377,2019,59700,200400,260100
71027403155,2019,52000,219900,271900
70929407166,2019,78800,178100,256900
60811411044,2019,75600,243700,319300
80925212013,2019,55800,134700,190500
70922112118,2019,1925000,8285000,10210000
71007118013,2019,417900,544800,962700
70813404096,2019,123700,185200,308900
81020100038,2019,0,3802000,3802000
71005414257,2019,48300,148700,197000
60801235058,2019,10000,127800,137800
71006417169,2019,50000,183600,233600
70816408392,2019,0,0,0
70826203013,2019,407000,635000,1042000
60804105076,2019,109000,260200,369200
70935201148,2019,66200,177800,244000
70912445058,2019,9000,92600,101600
70923149251,2019,7300,14700,22000
70814430214,2019,19700,214600,234300
70913210319,2019,63000,163000,226000
70820111072,2019,100,0,100
71007303234,2019,96200,364000,460200
60905213257,2019,4200,43700,47900
71011103125,2019,60100,284900,345000
81032425135,2019,28100,107400,135500
71027103036,2019,94900,1091000,1185900
70919409255,2019,106200,221000,327200
70828318175,2019,100,0,100
71003312073,2019,49100,152000,201100
70918213011,2019,264000,44000,308000
71006114244,2019,61800,170700,232500
70836102073,2019,77100,193400,270500
81021305273,2019,68800,209300,278100
60812215015,2019,528000,3326000,3854000
81026358087,2019,100,0,100
71014208063,2019,64100,179100,243200
71005402020,2019,44400,113800,158200
70922321149,2019,121400,403600,525000
71014214549,2019,8100,151900,160000
70914419390,2019,223000,131000,354000
70836418149,2019,66200,168200,234400
70914421113,2019,112000,485000,597000
70828319032,2019,12800,0,12800
71011129014,2019,0,0,0
80936407025,2019,73600,206900,280500
70826420485,2019,0,0,0
71009108129,2019,70100,137400,207500
71014215753,2019,7800,104700,112500
71027407131,2019,51000,188700,239700
70834207015,2019,83900,191100,275000
81019309021,2019,61000,152800,213800
70925205051,2019,80000,206700,286700
71010400704,2019,0,0,0
70816307106,2019,183800,492200,676000
60906115056,2019,57900,143400,201300
81027204099,2019,659000,1233000,1892000
71003406024,2019,64200,193900,258100
60901203202,2019,61100,148500,209600
70932304169,2019,253000,504000,757000
71021111217,2019,60500,157100,217600
71007229109,2019,95600,337900,433500
71004404134,2019,52700,155100,207800
70921311191,2019,81000,300900,381900
71003401090,2019,51200,196400,247600
71035115015,2019,64100,221600,285700
81034409335,2019,67900,161100,229000
70929306095,2019,90900,210100,301000
70921314020,2019,104600,253000,357600
70923123403,2019,169700,245200,414900
70934402044,2019,363000,337000,700000
70929311010,2019,0,0,0
71005227022,2019,62200,214500,276700
81032308068,2019,36700,119100,155800
71011402098,2019,90000,291300,381300
70835122668,2019,6500,76100,82600
70823207042,2019,18100,241000,259100
71014214466,2019,8100,115200,123300
70820107120,2019,100,0,100
70835208103,2019,85900,233100,319000
70919412216,2019,106300,326200,432500
81030311138,2019,62000,138300,200300
60906109075,2019,63300,163500,226800
71021210085,2019,63000,132700,195700
70835322028,2019,66800,317200,384000
70823110485,2019,0,0,0
70835307327,2019,78200,197300,275500
70901118096,2019,25000,145800,170800
70929209314,2019,83800,158100,241900
70919103104,2019,99500,268200,367700
71026402091,2019,78300,290700,369000
70823212025,2019,90800,263900,354700
70823408228,2019,50000,182600,232600
71006306289,2019,38700,229800,268500
70901106025,2019,51000,148000,199000
70928214041,2019,99700,251200,350900
70821407040,2019,92900,337500,430400
80924305116,2019,81500,248800,330300
70823117134,2019,85400,217800,303200
70829110075,2019,99700,0,99700
70918321179,2019,0,2000,2000
71021222262,2019,68100,185600,253700
70923114212,2019,767000,1919000,2686000
70833302246,2019,282500,661900,944400
60801115052,2019,61800,161800,223600
70913330109,2019,212000,362000,574000
70928118029,2019,66000,543000,609000
60801206025,2019,0,0,0
81015104029,2019,56200,178500,234700
60812115059,2019,74600,174700,249300
71011220185,2019,11300,178700,190000
80924441077,2019,11800,208500,220300
70923179191,2019,65500,0,65500
80925411227,2019,73000,149500,222500
70928101123,2019,108200,369900,478100
70921210187,2019,71900,156800,228700
70829109086,2019,101700,333300,435000
60801220033,2019,76000,299000,375000
60812306187,2019,84500,249400,333900
60802306105,2019,19400,166800,186200
60811430028,2019,76000,195000,271000
81032305105,2019,36700,142300,179000
70834202081,2019,0,0,0
70924214178,2019,57900,962900,1020800
71014113105,2019,22200,137300,159500
60812402125,2019,74100,201100,275200
70816405124,2019,186400,491900,678300
70919304017,2019,98000,312500,410500
81030216065,2019,0,0,0
70913107152,2019,91700,198600,290300
70913350199,2019,0,8000,8000
70826414298,2019,16100,102700,118800
71007103072,2019,144300,295300,439600
71014106283,2019,12500,182400,194900
80925408258,2019,59900,106600,166500
71004301075,2019,62200,181500,243700
70813324046,2019,132700,306900,439600
70835310156,2019,85200,185200,270400
71021202024,2019,58100,142700,200800
70913315094,2019,71600,183700,255300
60903214166,2019,17300,82600,99900
70918409058,2019,92300,496300,588600
81032428098,2019,32400,134600,167000
70920108226,2019,124100,72100,196200
70922345363,2019,82100,246200,328300
81031206106,2019,36300,174100,210400
70923149178,2019,7300,1200,8500
71021109022,2019,61000,131000,192000
70815307040,2019,157400,333500,490900
70829402109,2019,13300,0,13300
70931415298,2019,66600,171200,237800
70923127330,2019,0,0,0
70922408202,2019,127800,402500,530300
81028111194,2019,65100,217400,282500
71006112214,2019,52900,0,52900
70913127077,2019,22100,302000,324100
70923143675,2019,44900,327400,372300
71007222096,2019,389300,468700,858000
70923162245,2019,8000,7000,15000
70932303038,2019,73900,121100,195000
71005313194,2019,51700,265800,317500
81030306056,2019,52800,164900,217700
80936209059,2019,66300,180700,247000
60801118048,2019,66700,170300,237000
70920114017,2019,101800,250800,352600
70823406248,2019,83400,323500,406900
70834209136,2019,65200,205800,271000
70821212126,2019,100,0,100
70921303114,2019,172500,423300,595800
60812328529,2019,0,1000,1000
81034410233,2019,70000,210200,280200
70826402011,2019,1111000,920000,2031000
70835122642,2019,6500,78100,84600
70923127364,2019,97800,261300,359100
81027103069,2019,413600,754000,1167600
70920205014,2019,1254000,7021000,8275000
70834427902,2019,0,5000,5000
60811410153,2019,75600,184200,259800
60802112411,2019,86200,171800,258000
70930108034,2019,0,0,0
81034410035,2019,66800,174700,241500
71015204317,2019,80700,194700,275400
81034106105,2019,65900,155200,221100
71007204094,2019,70800,308700,379500
70922208074,2019,143000,292000,435000
70826412862,2019,10000,77100,87100
71016418040,2019,634500,3259000,3893500
81031404057,2019,36700,185600,222300
70826421417,2019,0,0,0
70929101073,2019,91700,211500,303200
81030307377,2019,62500,304500,367000
71015102131,2019,66100,203400,269500
70926115043,2019,81000,291700,372700
70824414422,2019,14600,89600,104200
70814412121,2019,85600,303400,389000
71007228367,2019,124400,113700,238100
70836310931,2019,0,2000,2000
70922424068,2019,140600,0,140600
80935109044,2019,66400,200400,266800
70935208011,2019,160000,44100,204100
60811421077,2019,16000,196000,212000
70920106246,2019,124100,141200,265300
70929416117,2019,104400,343900,448300
71012211117,2019,71400,185300,256700
60803105358,2019,101400,184600,286000
60811202170,2019,85800,232200,318000
70914421246,2019,129700,552900,682600
70913403120,2019,0,0,0
81028104074,2019,59000,179700,238700
70921119115,2019,136100,297800,433900
70914436485,2019,428800,2024200,2453000
71006128419,2019,45700,165100,210800
70919403033,2019,103400,276600,380000
70827107090,2019,42000,332900,374900
71005413332,2019,49500,126000,175500
70826100988,2019,12500000,76400000,88900000
70926220066,2019,91500,241000,332500
71027201806,2019,0,0,0
71008106017,2019,52000,176400,228400
60811416143,2019,75600,243500,319100
71005214037,2019,48500,157100,205600
71010203017,2019,54000,187900,241900
71002435016,2019,47900,250500,298400
70824212040,2019,135300,233200,368500
81031300916,2019,116500,886000,1002500
70834427762,2019,0,5000,5000
71001330019,2019,25200,114800,140000
70919225289,2019,104800,186700,291500
81021307162,2019,62400,192800,255200
70828408017,2019,0,0,0
81032418148,2019,39900,164000,203900
70816302049,2019,175200,399100,574300
70920419178,2019,111300,278800,390100
70935113202,2019,49500,126400,175900
71007242292,2019,9300,180700,190000
70929222192,2019,98500,244000,342500
70834308756,2019,152000,0,152000
70935301154,2019,66200,197800,264000
70922432061,2019,137000,493000,630000
70836207104,2019,33700,116300,150000
60902203102,2019,187000,741300,928300
71003402197,2019,51500,173100,224600
70835122212,2019,6500,71400,77900
60801108073,2019,66100,150800,216900
71014203279,2019,62900,202100,265000
81019300920,2019,99000,255800,354800
60801122213,2019,69500,150000,219500
70931411197,2019,113400,201000,314400
70934309414,2019,15700,98600,114300
71006119202,2019,55000,90000,145000
80924410832,2019,400,1600,2000
60811423172,2019,84800,230200,315000
70826417838,2019,21500,119600,141100
71009218332,2019,70000,245500,315500
71009210065,2019,65100,121000,186100
70922408278,2019,127800,261000,388800
70924201224,2019,2548000,7743000,10291000
70914437087,2019,1100,5900,7000
60903201022,2019,0,0,0
70823304252,2019,87400,126500,213900
70931202372,2019,74800,141000,215800
70816310133,2019,244800,704700,949500
71011309012,2019,43000,64000,107000
70928303092,2019,82400,242000,324400
70922437110,2019,110900,216000,326900
70823104040,2019,78500,173500,252000
71021111118,2019,62400,144200,206600
60801411153,2019,77800,141800,219600
70821411132,2019,79200,395200,474400
80926303126,2019,67300,192900,260200
70835310065,2019,84900,222900,307800
80925121066,2019,12200,271600,283800
70934309349,2019,15700,106300,122000
70936407191,2019,58200,142500,200700
70914427062,2019,169000,973000,1142000
70922410124,2019,156400,464500,620900
81033204281,2019,41300,120400,161700
70923141968,2019,200,500,700
71007215231,2019,82700,219700,302400
81034402181,2019,62600,246300,308900
71015212021,2019,64200,222100,286300
70816401122,2019,180600,365400,546000
60812331168,2019,0,100,100
81031203128,2019,39900,164700,204600
70923165637,2019,39600,199100,238700
70923150597,2019,55100,345300,400400
70835125232,2019,500,1500,2000
70913347047,2019,2500,12500,15000
70926418083,2019,0,0,0
70923174597,2019,3300,11700,15000
81029100998,2019,0,0,0
71008103063,2019,40400,161900,202300
81028120202,2019,0,4000,4000
70833106078,2019,135500,487700,623200
80924444857,2019,400,1600,2000
71001323139,2019,67800,172000,239800
60802104054,2019,73700,199700,273400
71015215124,2019,23000,0,23000
70932112132,2019,84700,179800,264500
70921211268,2019,70600,155400,226000
70932421054,2019,48000,102000,150000
70816313111,2019,142000,0,142000
70823305028,2019,78100,219700,297800
70928306012,2019,58900,198400,257300
70918307286,2019,78500,174200,252700
71003417211,2019,47900,159900,207800
70813325078,2019,18300,161100,179400
80925113724,2019,800,1200,2000
81030205381,2019,54200,106500,160700
60801118014,2019,66100,161900,228000
81034107153,2019,60000,164000,224000
70920416314,2019,122500,121200,243700
70914302024,2019,0,0,0
70914404028,2019,101000,525000,626000
81030209036,2019,57100,116300,173400
70836311046,2019,187000,166000,353000
70926413132,2019,0,0,0
71004405025,2019,50500,142400,192900
60812330376,2019,0,5000,5000
60804106131,2019,165100,390900,556000
71005315306,2019,63200,253900,317100
70829110083,2019,95600,300400,396000
70923143724,2019,44900,189600,234500
60904109126,2019,96000,215100,311100
71011210201,2019,2300,0,2300
70923170529,2019,1900,600,2500
70923131290,2019,129400,321400,450800
81026418013,2019,1500,0,1500
71007226337,2019,81100,167900,249000
70814423243,2019,89000,193000,282000
71034105356,2019,76300,213600,289900
81031212294,2019,36900,77400,114300
70932401048,2019,128800,239900,368700
70813335019,2019,71000,317400,388400
60803106265,2019,103200,234200,337400
70918312011,2019,117800,198300,316100
71004306249,2019,58500,160400,218900
80925105060,2019,50800,157400,208200
81035107110,2019,72800,0,72800
60812325103,2019,18900,180500,199400
70921306118,2019,179800,392100,571900
81030302096,2019,68300,160700,229000
71007206206,2019,60300,178600,238900
70913317107,2019,124200,305800,430000
70919107156,2019,91800,127700,219500
70826416476,2019,21500,105200,126700
71009218192,2019,45900,192400,238300
70931208213,2019,63600,154200,217800
70835123377,2019,6500,74500,81000
70833205630,2019,26300,365700,392000
81031411193,2019,25000,102300,127300
60905107012,2019,47200,118900,166100
70923411296,2019,35200,361800,397000
71006432109,2019,109100,234100,343200
70921219171,2019,149900,310200,460100
70928222094,2019,91900,272200,364100
81027113084,2019,477400,10467600,10945000
80925211247,2019,55200,122100,177300
70926416045,2019,45800,130900,176700
60905221010,2019,48700,107400,156100
60812302127,2019,70800,203600,274400
81028121367,2019,8700,59900,68600
71026401035,2019,331300,270500,601800
70824206126,2019,107500,340000,447500
60801208055,2019,70000,205300,275300
80925119946,2019,800,1200,2000
70922320216,2019,121800,394500,516300
71004405182,2019,46800,159300,206100
70922430205,2019,100700,282500,383200
81033305112,2019,44000,130600,174600
70929306186,2019,89000,272500,361500
80925114996,2019,800,1200,2000
81028409226,2019,328000,380000,708000
70918401179,2019,474200,937100,1411300
70836408265,2019,61900,143400,205300
60802316360,2019,18000,0,18000
70922405331,2019,127800,187600,315400
70814419276,2019,15200,162400,177600
60812108202,2019,78500,180800,259300
70928316061,2019,150800,426700,577500
70923206134,2019,0,0,0
70816304079,2019,168300,502300,670600
71015111207,2019,46000,154000,200000
71004314309,2019,58500,150900,209400
81035108085,2019,54600,0,54600
60804103153,2019,83200,395400,478600
71019410100,2019,81400,84200,165600
81015107031,2019,58100,191800,249900
70923156735,2019,5000,10000,15000
70929116163,2019,110500,140000,250500
70815306331,2019,185200,459600,644800
70828406029,2019,0,0,0
70836210016,2019,11400,132200,143600
60801413018,2019,0,0,0
70923149095,2019,7300,9700,17000
70918412126,2019,110400,183600,294000
71004200954,2019,338000,1000,339000
70824110111,2019,186600,234700,421300
70923153567,2019,1300,23700,25000
81032408040,2019,43700,154400,198100
80936404104,2019,72800,202600,275400
71015110019,2019,46500,188400,234900
70926113112,2019,80800,156800,237600
70919107114,2019,110300,205500,315800
71010407304,2019,55700,205600,261300
71016108071,2019,62000,162000,224000
71016111107,2019,59300,135700,195000
70901113781,2019,22200,110300,132500
81034109018,2019,63100,180400,243500
70823113265,2019,89400,236800,326200
71016110076,2019,64500,145500,210000
81028119718,2019,8700,72700,81400
70836420152,2019,65700,151500,217200
70836417232,2019,59600,145700,205300
71014108081,2019,10700,167800,178500
71021225133,2019,109200,210800,320000
71003408046,2019,49900,192700,242600
71008104095,2019,52300,206700,259000
71001108060,2019,59200,183600,242800
60811110034,2019,103300,284400,387700
80924431028,2019,10400,202600,213000
70829419154,2019,8200,0,8200
71005407103,2019,44400,149600,194000
70929206021,2019,92000,573000,665000
60801412151,2019,79600,228100,307700
70935206156,2019,37700,160300,198000
81028108406,2019,56900,141700,198600
70929306285,2019,89000,259900,348900
70923145605,2019,8000,7000,15000
70833401139,2019,235400,746000,981400
60801118098,2019,66100,178100,244200
70918304084,2019,68300,160200,228500
71010206318,2019,54000,146900,200900
71011123131,2019,34100,244300,278400
70829107072,2019,79900,286900,366800
71006411020,2019,63400,194400,257800
80925306270,2019,78200,74100,152300
71022101035,2019,220000,650000,870000
70823209139,2019,132000,278700,410700
60801102166,2019,65200,143500,208700
70929121097,2019,106000,217800,323800
70836105241,2019,77900,146600,224500
71006210109,2019,43600,153700,197300
71003415017,2019,59800,203600,263400
70826412630,2019,10000,76700,86700
71011105072,2019,72900,348000,420900
60906208116,2019,58200,138300,196500
60811203087,2019,91900,199600,291500
80924426897,2019,400,1600,2000
70923140514,2019,1500,13500,15000
70921301283,2019,168700,279900,448600
81034108440,2019,62000,156300,218300
70936403199,2019,65900,116100,182000
70901113301,2019,17700,95300,113000
70936304206,2019,64700,125800,190500
70823109074,2019,20700,145500,166200
70820119076,2019,100,0,100
70926114061,2019,81700,189500,271200
70824407146,2019,107000,271300,378300
80926200900,2019,136300,367400,503700
71011304070,2019,61300,204400,265700
70820107063,2019,100,0,100
80926107213,2019,54000,115100,169100
71002107467,2019,9500,148400,157900
70919215032,2019,88400,134200,222600
60906206029,2019,62400,147900,210300
70918215108,2019,75500,148700,224200
70813320359,2019,14600,103100,117700
70919408306,2019,102000,264000,366000
60812110158,2019,81900,172800,254700
81016102030,2019,3200,0,3200
81032310162,2019,43100,131300,174400
70914414184,2019,232000,383000,615000
71005215069,2019,55200,124700,179900
70828440077,2019,0,0,0
71009209092,2019,50800,181900,232700
60803115133,2019,100800,364300,465100
70922223072,2019,107100,197300,304400
70826403366,2019,0,0,0
80925303151,2019,44300,110900,155200
70816309178,2019,171600,404100,575700
71002443142,2019,100,0,100
70922413087,2019,0,0,0
71005307014,2019,83000,5900,88900
70931401073,2019,99100,136800,235900
70921307025,2019,162900,248200,411100
71009307086,2019,68800,140600,209400
60903206238,2019,80800,177700,258500
71009222036,2019,45900,153700,199600
70822107128,2019,47800,182800,230600
70835107107,2019,101900,359700,461600
60802413611,2019,67700,261700,329400
70929122095,2019,101100,255100,356200
81031212252,2019,36900,146100,183000
70836107049,2019,72700,186700,259400
70913313014,2019,90700,187500,278200
70929111189,2019,100500,222000,322500
70930405084,2019,129700,261000,390700
60802305545,2019,13800,192200,206000
71007232011,2019,78700,202500,281200
70824308120,2019,16000,169500,185500
70919205116,2019,75500,180300,255800
70921208158,2019,84700,205100,289800
60802106125,2019,69300,182100,251400
70925204045,2019,80900,197700,278600
70928219306,2019,128000,160500,288500
70815403054,2019,1276000,324000,1600000
80935108038,2019,423300,697200,1120500
60905214081,2019,3500,40100,43600
70826420394,2019,0,4000,4000
70913306043,2019,11000,31000,42000
71006427192,2019,95600,222000,317600
70923142304,2019,44900,286600,331500
71010211151,2019,53100,146700,199800
71015108030,2019,61300,145000,206300
70921221225,2019,135800,297200,433000
70920214073,2019,15200,218200,233400
81034415051,2019,70800,250100,320900
81027107110,2019,36700,122900,159600
70912403022,2019,136500,224700,361200
71001409062,2019,57200,215800,273000
70816313161,2019,300900,207700,508600
71006104146,2019,57200,139800,197000
81023304356,2019,35600,127500,163100
70826416765,2019,18400,87600,106000
70913314088,2019,94700,235000,329700
71006103106,2019,36200,144400,180600
70923140829,2019,1500,13500,15000
70923138072,2019,29300,271400,300700
70814430412,2019,19700,219400,239100
71003303254,2019,57800,209700,267500
81015108104,2019,70400,186400,256800
60802316013,2019,18000,192400,210400
70824409077,2019,105200,334700,439900
70815310134,2019,18900,223100,242000
70923302015,2019,2423000,7907000,10330000
70918319695,2019,20500,87400,107900
71005231354,2019,56400,109500,165900
80936203267,2019,18000,127600,145600
70921316076,2019,109200,208200,317400
60801206091,2019,74900,195600,270500
60801226362,2019,16200,173800,190000
70826422093,2019,0,4000,4000
71006414149,2019,50500,202400,252900
70926207204,2019,88000,137000,225000
71002107615,2019,9500,142900,152400
60802302385,2019,92400,253800,346200
71010306019,2019,52100,158200,210300
80924443875,2019,400,1600,2000
81031406201,2019,35200,94300,129500
71015207246,2019,75300,214700,290000
70913313147,2019,65800,234100,299900
60903209084,2019,11600,128900,140500
71003114015,2019,21400,145100,166500
70828444152,2019,0,0,0
70929114042,2019,89800,156000,245800
70930410075,2019,84500,216300,300800
70816322188,2019,17300,200000,217300
81027107144,2019,36700,108800,145500
60812319049,2019,86000,214900,300900
70920407131,2019,152900,129600,282500
70923160166,2019,8000,7000,15000
60801315123,2019,75600,246000,321600
81033308059,2019,6400,64800,71200
60812117394,2019,80100,162400,242500
81034102228,2019,66400,194100,260500
70930414100,2019,57800,240200,298000
70814309039,2019,95800,269700,365500
70836312127,2019,19100,189400,208500
81027208132,2019,84800,218500,303300
70833302501,2019,188100,408400,596500
70919212054,2019,91500,243200,334700
70923150175,2019,62000,432000,494000
71002303023,2019,31400,206400,237800
71031200927,2019,0,0,0
60812327125,2019,6000,86400,92400
70920111047,2019,77400,261400,338800
71030300926,2019,0,0,0
71006128310,2019,95300,162700,258000
70921127142,2019,13200,172800,186000
80925123880,2019,800,1200,2000
70922327113,2019,121400,302200,423600
70913353333,2019,68500,295200,363700
70828307110,2019,51700,288200,339900
71006104104,2019,35300,163600,198900
70820109150,2019,100,0,100
70923217298,2019,1041000,5950000,6991000
80924428984,2019,400,1600,2000
70919113161,2019,693000,6573000,7266000
80924429982,2019,400,1600,2000
60812111130,2019,75000,194200,269200
70825400983,2019,1000000,10300000,11300000
70934304034,2019,495000,1855000,2350000
70816402302,2019,172700,384200,556900
70933201182,2019,170800,310700,481500
81021401071,2019,52500,124300,176800
71007305355,2019,57500,467500,525000
70923174191,2019,3300,11700,15000
70836405394,2019,63300,152100,215400
80925302103,2019,41400,146600,188000
71016105176,2019,63300,106700,170000
70920405317,2019,119100,266400,385500
70828314412,2019,100,0,100
70836115068,2019,88100,150900,239000
71034108235,2019,58700,171300,230000
80936123019,2019,50900,161000,211900
71007309175,2019,150000,423200,573200
71005231445,2019,48500,96500,145000
70923316058,2019,112300,232700,345000
80924441069,2019,13300,237000,250300
70828316103,2019,100,0,100
81030310114,2019,59600,170500,230100
60812207179,2019,75000,175500,250500
71007243331,2019,0,15000,15000
70835321012,2019,73800,307200,381000
71015403208,2019,56400,165500,221900
70921301332,2019,95400,177700,273100
71001331215,2019,79600,280800,360400
70929223166,2019,108900,158000,266900
70913349423,2019,35900,234800,270700
71009301179,2019,41000,514000,555000
81033204314,2019,40100,184000,224100
71003206151,2019,53100,201600,254700
70919202170,2019,71000,104000,175000
70922208149,2019,117700,272500,390200
70920106452,2019,124100,172500,296600
70817402103,2019,0,0,0
70929108029,2019,113500,242100,355600
81032106040,2019,0,0,0
81032426034,2019,36500,0,36500
70835202121,2019,132900,482100,615000
71006410113,2019,54100,256200,310300
71006304209,2019,110300,202500,312800
70912427048,2019,9000,91300,100300
81028116037,2019,57300,177100,234400
70815403070,2019,644000,1278000,1922000
81021405015,2019,0,0,0
70813325250,2019,18300,170000,188300
71006407011,2019,68000,242000,310000
81032433021,2019,17300,97600,114900
70912412023,2019,743800,275100,1018900
70924219235,2019,0,25000,25000
70931414159,2019,111200,259100,370300
71001402214,2019,63000,245700,308700
70929225013,2019,13300,115000,128300
80924417937,2019,400,1600,2000
70813310087,2019,12200,136500,148700
70828440118,2019,0,0,0
70931304102,2019,107100,270500,377600
60811203095,2019,93200,214900,308100
81028110203,2019,47700,223300,271000
60811437016,2019,83600,217400,301000
70931311066,2019,286000,374000,660000
70923169118,2019,6500,18500,25000
70921119040,2019,126200,418800,545000
70926207238,2019,81200,170100,251300
70814423178,2019,96700,247000,343700
71011108547,2019,30000,241400,271400
71009225139,2019,65500,0,65500
70813320169,2019,14600,103100,117700
60811303085,2019,82300,268400,350700
70913331082,2019,195800,168300,364100
70920411140,2019,140300,128900,269200
71010105263,2019,55100,155800,210900
70914406058,2019,179700,402300,582000
60801216123,2019,70000,194000,264000
71008108112,2019,29600,244400,274000
70918321757,2019,0,2000,2000
70835315057,2019,51900,302000,353900
81034106147,2019,65900,154100,220000
71014203229,2019,55800,172700,228500
70913315010,2019,96000,540000,636000
71010405069,2019,84500,145200,229700
80926104095,2019,54500,142000,196500
70829402076,2019,12700,0,12700
60802115605,2019,20500,129400,149900
71014213202,2019,60300,189000,249300
70922420074,2019,77100,310900,388000
81022403068,2019,2048000,3291000,5339000
80924431036,2019,13100,227000,240100
70835123278,2019,6500,71300,77800
70926117172,2019,80000,231500,311500
70922430213,2019,78700,304800,383500
70913128934,2019,800,11200,12000
60801234240,2019,15000,166500,181500
71035102054,2019,72000,267100,339100
70826416426,2019,21500,120800,142300
71010211078,2019,58700,174000,232700
70928309199,2019,89600,196700,286300
60802421028,2019,76800,250300,327100
70823313196,2019,16300,128700,145000
70913309302,2019,100500,132500,233000
60906104140,2019,61500,214600,276100
80925403307,2019,54500,170200,224700
70814104140,2019,99900,235300,335200
60801114145,2019,55500,157400,212900
70913119040,2019,100600,196900,297500
71003401256,2019,57800,168800,226600
70828424089,2019,0,0,0
71006206033,2019,51700,206700,258400
70835304018,2019,76600,198900,275500
70824409035,2019,111700,261200,372900
81028403103,2019,57200,108500,165700
70836419072,2019,65600,145500,211100
71006422192,2019,51200,135600,186800
70814428194,2019,15200,171600,186800
70932423084,2019,51100,90400,141500
71015301163,2019,185200,193600,378800
81031219224,2019,42000,235500,277500
71009408082,2019,65300,159700,225000
70924209046,2019,0,0,0
71007106092,2019,99100,334400,433500
70929117038,2019,89900,259100,349000
80924403093,2019,7500,115800,123300
70922344018,2019,214600,805600,1020200
70921302158,2019,146300,111300,257600
70824401065,2019,119400,412300,531700
71015114160,2019,46900,191400,238300
70913349449,2019,33400,218100,251500
80924422895,2019,400,1600,2000
71010310284,2019,53600,193600,247200
70814421106,2019,15200,207400,222600
70913209205,2019,71800,340500,412300
70923134062,2019,63200,248800,312000
70826414082,2019,16100,105800,121900
70926202254,2019,80000,166000,246000
70913213149,2019,55000,433000,488000
70923413010,2019,1700,16300,18000
70826313094,2019,73200,214400,287600
71005230108,2019,65900,124800,190700
71035124066,2019,0,0,0
70923173937,2019,3300,11700,15000
70928324030,2019,131700,352700,484400
70926404032,2019,80600,129400,210000
70922344092,2019,301400,470300,771700
70814402049,2019,0,0,0
70923163392,2019,44900,186800,231700
71014310058,2019,63600,196200,259800
71016409122,2019,61500,128000,189500
70836405047,2019,54000,146400,200400
70816307049,2019,174800,553700,728500
70923163821,2019,44900,485100,530000
70933414016,2019,212200,777800,990000
70923167675,2019,3400,13800,17200
81026370049,2019,7400,0,7400
81028120129,2019,0,4000,4000
70913348079,2019,4800,184900,189700
70835306030,2019,97100,222600,319700
80925306080,2019,63900,133700,197600
70929106065,2019,103200,219900,323100
81021106118,2019,60300,179400,239700
70922122026,2019,381000,1141000,1522000
81028101111,2019,59000,184300,243300
70922346535,2019,0,15000,15000
60802410237,2019,68400,149300,217700
70824206142,2019,107500,198200,305700
70923146348,2019,8000,7000,15000
71004318046,2019,54700,169800,224500
60812207351,2019,1500,0,1500
60812120040,2019,75000,171200,246200
71004310050,2019,54100,173200,227300
70919414048,2019,116600,378700,495300
70920404153,2019,114400,151500,265900
71005348018,2019,319700,0,319700
60812407208,2019,90200,230800,321000
60801213153,2019,73100,161200,234300
71016416044,2019,62600,143500,206100
70931211068,2019,92300,306400,398700
71012215185,2019,17700,242700,260400
80924410121,2019,9300,139800,149100
80925412069,2019,69700,153300,223000
80924427861,2019,400,1600,2000
71009226103,2019,62000,0,62000
71006102025,2019,46900,113900,160800
71016118012,2019,59500,143600,203100
70815101012,2019,0,0,0
70914414142,2019,79100,392400,471500
70923139020,2019,62100,51300,113400
60903202054,2019,0,0,0
71005313201,2019,65100,243600,308700
70824108033,2019,115900,417000,532900
70820119034,2019,100,0,100
81026422121,2019,100,0,100
81030211148,2019,52400,123700,176100
80924410965,2019,400,1600,2000
70919411276,2019,97600,328400,426000
81028403062,2019,52100,133600,185700
70923141603,2019,200,1500,1700
70920105123,2019,0,0,0
81032420268,2019,42400,137200,179600
71004406205,2019,46800,192100,238900
70926111091,2019,80700,194300,275000
71010210046,2019,53700,164100,217800
81032302135,2019,37700,88100,125800
81031225015,2019,52400,119000,171400
70920216201,2019,12900,479500,492400
70922231041,2019,176900,515100,692000
70829402159,2019,14200,0,14200
70928315089,2019,94200,318000,412200
70928323115,2019,130900,250700,381600
60802304266,2019,91200,209900,301100
80924444758,2019,400,1600,2000
60802421151,2019,0,0,0
81032402076,2019,45900,153000,198900
70936407125,2019,58200,151400,209600
70828314016,2019,88800,313600,402400
70922218057,2019,189400,572900,762300
81033209132,2019,388000,1051800,1439800
81028114164,2019,71800,176500,248300
70823207076,2019,18100,270100,288200
70926404115,2019,81900,163300,245200
70921105271,2019,66200,210300,276500
60812323206,2019,28500,171700,200200
70918211338,2019,139400,22100,161500
60802306212,2019,19400,167000,186400
71021203121,2019,60500,174500,235000
70824414399,2019,11900,73800,85700
71005204070,2019,47000,75500,122500
70919221261,2019,101300,112200,213500
71009406028,2019,61500,147500,209000
60803115167,2019,104100,297400,401500
70923175214,2019,3300,11700,15000
71010210070,2019,52700,178500,231200
81028120757,2019,0,5000,5000
70922233112,2019,105600,338200,443800
70922222090,2019,107500,223800,331300
60905102187,2019,45000,143100,188100
70936408074,2019,64300,169900,234200
81034310425,2019,16800,0,16800
80924427712,2019,400,1600,2000
71006105102,2019,39300,179100,218400
71005318037,2019,84100,240400,324500
70918407010,2019,137000,428000,565000
70923173705,2019,3300,5900,9200
70929101049,2019,76900,237600,314500
71005228228,2019,47100,141400,188500
80925309092,2019,66000,107300,173300
80926110109,2019,71000,105300,176300
80924422043,2019,9900,179100,189000
70931204063,2019,74800,144100,218900
80935108252,2019,539900,335200,875100
81030308151,2019,64700,159900,224600
70833123155,2019,99900,475000,574900
71011208090,2019,23000,196900,219900
70824414563,2019,16100,109400,125500
71006306015,2019,46200,275300,321500
71004404332,2019,48400,129400,177800
71001319138,2019,64400,211200,275600
70822111012,2019,94500,193100,287600
70919107271,2019,124400,134000,258400
70826419793,2019,0,4000,4000
80924424784,2019,400,1600,2000
80924304184,2019,71200,277000,348200
70922330017,2019,261700,474000,735700
70923410149,2019,1795000,6259000,8054000
70919107106,2019,91800,154800,246600
70824301158,2019,83500,360000,443500
70826414256,2019,16100,109700,125800
70823304096,2019,85000,243100,328100
70822115064,2019,29600,358400,388000
80925215108,2019,55700,156400,212100
70922404101,2019,127800,269500,397300
70826100946,2019,0,0,0
70922425082,2019,150900,466400,617300
70826416666,2019,21500,118500,140000
70824204063,2019,125900,263800,389700
70928322068,2019,154600,549400,704000
71012214046,2019,19400,174200,193600
70918416235,2019,9500,33800,43300
71006212204,2019,53200,182500,235700
70836304265,2019,50400,118600,169000
70833118247,2019,76000,315000,391000
70928317085,2019,161700,659300,821000
71006405172,2019,68000,152100,220100
70835306098,2019,97100,169100,266200
70828311020,2019,64900,321800,386700
80924438678,2019,400,1600,2000
60901201230,2019,61000,174300,235300
71014106407,2019,12500,152500,165000
71014215456,2019,7800,86200,94000
70835124119,2019,500,1500,2000
81026366064,2019,3000,0,3000
60801411038,2019,79800,174300,254100
70929116270,2019,100000,213000,313000
60903102048,2019,176000,612300,788300
60803101273,2019,106100,183300,289400
70933401112,2019,106000,433000,539000
81015303027,2019,0,0,0
71014202461,2019,55900,186900,242800
70913210236,2019,73900,176700,250600
70820115074,2019,110700,0,110700
70929208051,2019,81400,159900,241300
70930413243,2019,78000,262000,340000
70918321319,2019,0,2000,2000
60802305149,2019,13800,208700,222500
70913330068,2019,697000,1966300,2663300
70814412064,2019,101700,289000,390700
71001316085,2019,67400,234200,301600
70836310072,2019,14900,114400,129300
71011125244,2019,56500,283500,340000
71006416161,2019,54200,203300,257500
70913334119,2019,0,0,0
71027106080,2019,0,0,0
71010106055,2019,57500,167200,224700
70827102058,2019,440000,810000,1250000
70923165439,2019,31600,164300,195900
70935105134,2019,0,0,0
70814104257,2019,0,0,0
70914416122,2019,194900,633200,828100
60801312195,2019,68600,158000,226600
71005402228,2019,47900,165600,213500
71006308186,2019,71100,162500,233600
71010215012,2019,0,0,0
71003303270,2019,58400,178100,236500
81028105303,2019,78400,179400,257800
70919227110,2019,28800,201200,230000
70913207233,2019,82100,341500,423600
70828405089,2019,0,0,0
81028119536,2019,10800,96200,107000
71007224365,2019,89800,215600,305400
70931209013,2019,76500,172700,249200
71003313089,2019,49100,144600,193700
71001416108,2019,62100,244800,306900
60904106106,2019,82500,223200,305700
70835202262,2019,106200,307500,413700
70935116016,2019,198000,535500,733500
60811112238,2019,107600,260100,367700
71005224028,2019,81000,506000,587000
70921312115,2019,82900,213900,296800
70922404185,2019,113900,291200,405100
60802408216,2019,64000,166500,230500
70924219194,2019,0,25000,25000
70814105023,2019,31600,172100,203700
81034410077,2019,66100,171200,237300
70920220715,2019,0,2000,2000
70821107020,2019,1410000,7121000,8531000
70928105191,2019,99100,436300,535400
70833203080,2019,113300,226700,340000
70823410124,2019,330000,200000,530000
60801315199,2019,83100,248500,331600
60801301106,2019,71100,132800,203900
60811115076,2019,100500,233000,333500
80924408051,2019,9300,139800,149100
71006311113,2019,39000,140100,179100
71004310076,2019,54100,135300,189400
70913127936,2019,1000,9000,10000
70824209039,2019,129000,324300,453300
81035108100,2019,9700,0,9700
70922223204,2019,121300,348300,469600
60901201032,2019,61100,141600,202700
71015114095,2019,47700,179300,227000
70825300919,2019,567000,653000,1220000
71010305243,2019,53600,141900,195500
70814307158,2019,146500,222100,368600
70826416575,2019,18400,86500,104900
70914437491,2019,1100,5900,7000
71006109287,2019,55000,368100,423100
70929115082,2019,104100,206600,310700
70922345347,2019,95500,286400,381900
60811410145,2019,75600,146800,222400
70929210022,2019,81400,195800,277200
70836216535,2019,5500,113200,118700
70914437128,2019,1100,5900,7000
70918212253,2019,66700,162300,229000
70932106060,2019,142000,314200,456200
70816401172,2019,159600,337500,497100
70921120071,2019,134700,426700,561400
71005341070,2019,102800,368000,470800
70833119310,2019,0,0,0
81026421058,2019,3400,0,3400
70825203080,2019,495000,195000,690000
80926407118,2019,10400,35300,45700
70913429184,2019,15400,372600,388000
80925303143,2019,43500,153700,197200
60902103089,2019,20000,103500,123500
71002405275,2019,61400,416300,477700
70814307067,2019,140900,307000,447900
70834413125,2019,24200,188000,212200
70922339077,2019,136900,361100,498000
70824220093,2019,100200,253200,353400
70923203263,2019,121000,235000,356000
71009309074,2019,71400,115900,187300
71014105045,2019,0,0,0
81032430275,2019,47700,167300,215000
70835122551,2019,6500,80500,87000
70936408066,2019,63000,168400,231400
60802410146,2019,68400,180000,248400
71015112057,2019,40600,179500,220100
70932103040,2019,126300,341200,467500
70901113351,2019,16200,92900,109100
60801304184,2019,68600,177200,245800
80926108237,2019,54300,160000,214300
70920217887,2019,400,14600,15000
70824206332,2019,110600,362100,472700
70826313440,2019,0,0,0
70835209143,2019,78200,225000,303200
70922440337,2019,113800,333100,446900
81027203041,2019,0,0,0
70828107057,2019,94700,202500,297200
70919203102,2019,95000,164900,259900
70824404382,2019,119100,303800,422900
71004311058,2019,54100,133200,187300
81034327149,2019,11300,90600,101900
70814103085,2019,113100,306700,419800
71009403214,2019,64200,121800,186000
70933405031,2019,84300,238500,322800
71006439030,2019,10500,209500,220000
81034306044,2019,44100,138600,182700
71022200936,2019,0,0,0
81032430374,2019,0,0,0
70835123343,2019,6500,76500,83000
70813309030,2019,93700,275300,369000
81033403023,2019,31200,0,31200
70826417490,2019,21500,127700,149200
70921309021,2019,109200,236600,345800
71011212083,2019,58300,257400,315700
71006204029,2019,67100,94700,161800
71035112178,2019,70600,226400,297000
70821204173,2019,160000,378000,538000
81031210214,2019,42400,141500,183900
60801112298,2019,62100,156900,219000
70918311097,2019,125500,140900,266400
70929123085,2019,12500,202300,214800
80925307046,2019,71600,83100,154700
71005310017,2019,59400,192300,251700
71011204105,2019,31400,217500,248900
70920126161,2019,20600,193000,213600
70823113223,2019,89400,240600,330000
70920212027,2019,148500,293900,442400
81026351049,2019,3400,0,3400
60901101042,2019,60900,154400,215300
70923122017,2019,188000,708000,896000
70936302234,2019,52800,139400,192200
80926103039,2019,52000,155000,207000
81021416129,2019,54100,154000,208100
70936305212,2019,69000,182500,251500
70921125047,2019,124400,318800,443200
70835202014,2019,207900,529400,737300
70836305106,2019,320000,1460000,1780000
60811421150,2019,16000,189600,205600
70929224015,2019,90100,209400,299500
71006310058,2019,69200,131600,200800
70820112129,2019,100,0,100
80925416095,2019,50900,185800,236700
70932103579,2019,145400,216600,362000
81031217228,2019,38500,80800,119300
71007105052,2019,109300,220700,330000
81026206020,2019,1100,0,1100
71015208012,2019,75900,201300,277200
70926217055,2019,132000,293000,425000
80936407158,2019,72200,165700,237900
70913422146,2019,84000,362000,446000
81014303763,2019,32800,177100,209900
70921312040,2019,81000,235100,316100
70834412044,2019,407000,1103000,1510000
70922404177,2019,127800,235500,363300
71006205225,2019,37600,108200,145800
70918202022,2019,163700,9400,173100
70932408151,2019,74000,106600,180600
71016416143,2019,61400,140700,202100
80925123963,2019,800,1200,2000
81033204330,2019,45800,129200,175000
80924442025,2019,11800,195300,207100
70923406073,2019,0,0,0
70920414227,2019,133800,101700,235500
70828430010,2019,0,0,0
80927401044,2019,306600,244200,550800
70921406033,2019,142900,399800,542700
70921312066,2019,81000,209400,290400
60906105023,2019,64700,170700,235400
80924410064,2019,9000,140100,149100
70935307540,2019,4900,55100,60000
70934311063,2019,310000,368100,678100
70932203254,2019,76500,150400,226900
71011220193,2019,11300,164800,176100
80924311121,2019,82200,227000,309200
71016402077,2019,61800,124200,186000
70929111014,2019,0,0,0
71034105489,2019,53100,212300,265400
81015107023,2019,60300,182300,242600
71009406036,2019,61500,125200,186700
70835123319,2019,6500,76500,83000
70823410025,2019,3047000,4953000,8000000
81030211114,2019,55600,100300,155900
71005405123,2019,41800,108800,150600
70836117254,2019,66000,187300,253300
70924214045,2019,61300,621900,683200
70923158046,2019,45200,233700,278900
70920126145,2019,14300,161400,175700
70836106075,2019,69300,182000,251300
71019406084,2019,87200,107800,195000
70822110072,2019,51000,173100,224100
70836213052,2019,11600,126200,137800
81032420135,2019,44000,127000,171000
81031203136,2019,39900,128500,168400
81034416059,2019,56200,174700,230900
71006114054,2019,62000,201700,263700
70833210051,2019,111900,330800,442700
71003218114,2019,12100,107900,120000
70920113209,2019,114400,128500,242900
70813302018,2019,0,0,0
70923163954,2019,44900,179400,224300
70913310060,2019,75900,256000,331900
70920103375,2019,1073000,812000,1885000
70912435067,2019,9000,91300,100300
71002419060,2019,130400,126600,257000
80924436937,2019,400,1600,2000
70836301112,2019,66600,176600,243200
81021404174,2019,55400,131100,186500
80924410014,2019,9300,139800,149100
70813402058,2019,431400,536600,968000
70919228720,2019,400,2600,3000
70901118187,2019,17400,102400,119800
70936303133,2019,56800,193200,250000
70912417049,2019,9000,91300,100300
80926311054,2019,69500,276800,346300
70834413034,2019,24200,179500,203700
70921312181,2019,78300,222400,300700
70931103033,2019,113700,149300,263000
60811114317,2019,108700,247400,356100
80925112792,2019,800,1200,2000
71003211069,2019,53100,119400,172500
70823403046,2019,33300,183100,216400
71003107010,2019,53100,186300,239400
80925401070,2019,59600,175300,234900
80924421045,2019,9900,170700,180600
71016108112,2019,62400,128000,190400
70833102125,2019,133600,384800,518400
81030205349,2019,53700,110500,164200
81028104016,2019,0,0,0
80925412481,2019,55300,238200,293500
70920306383,2019,136100,293900,430000
70833205268,2019,29300,266800,296100
60902202120,2019,121000,364500,485500
60801234290,2019,15000,143400,158400
70921409011,2019,142900,278400,421300
80924307063,2019,67700,247900,315600
71010405241,2019,67000,188000,255000
71009209018,2019,83100,172200,255300
71016201122,2019,81200,134900,216100
70917101407,2019,103000,443500,546500
60812109226,2019,76300,178000,254300
71004404069,2019,51900,136300,188200
70929407132,2019,87300,222800,310100
80925123038,2019,12200,250400,262600
71006205093,2019,44100,105700,149800
80925117809,2019,800,1200,2000
60801103198,2019,54200,130100,184300
71021105062,2019,60000,190000,250000
81021311030,2019,19200,100800,120000
70828311046,2019,64900,320000,384900
70822201037,2019,528000,57000,585000
70826312111,2019,76400,238400,314800
71006304069,2019,88000,158200,246200
81021107075,2019,61100,177900,239000
71010409152,2019,56600,141700,198300
70929111254,2019,100400,276300,376700
71035112160,2019,70600,232800,303400
71006103130,2019,56500,139000,195500
70919228978,2019,400,2600,3000
71012205219,2019,77100,255100,332200
71003312065,2019,49300,173900,223200
81022103064,2019,480500,241500,722000
71003310241,2019,57600,216900,274500
70913309469,2019,73600,278700,352300
70835124648,2019,500,1500,2000
70923160455,2019,8000,7000,15000
60801312351,2019,72900,268100,341000
81030307129,2019,61700,165000,226700
81033305063,2019,49900,130100,180000
70921403120,2019,180400,345500,525900
70921419127,2019,109100,288400,397500
71026404013,2019,72800,262900,335700
70829106074,2019,84100,367600,451700
70920222167,2019,16400,143500,159900
70814207085,2019,0,0,0
71009312176,2019,68800,98000,166800
71001202028,2019,64600,104100,168700
60801307047,2019,79300,169700,249000
71008105035,2019,38400,161600,200000
70920410382,2019,127600,216500,344100
60804106090,2019,155300,579300,734600
70913402099,2019,133000,196200,329200
70913206087,2019,580900,348700,929600
70913219105,2019,15500,181000,196500
70918319512,2019,20500,102000,122500
70814411082,2019,86500,240300,326800
71004313228,2019,54100,171700,225800
60811115050,2019,105700,261200,366900
70913127994,2019,1000,9000,10000
70919109095,2019,108700,163200,271900
80925110035,2019,55000,126400,181400
80935107056,2019,76900,241700,318600
81033304156,2019,44000,115800,159800
71005113023,2019,40000,295000,335000
71005329034,2019,105300,231500,336800
80936111064,2019,13800,93100,106900
81026355463,2019,3800,0,3800
80926114185,2019,18300,111700,130000
71002314244,2019,4500,0,4500
81028404193,2019,59200,141500,200700
70932202165,2019,0,0,0
80925308268,2019,78900,101500,180400
70921103019,2019,99000,662000,761000
70826404059,2019,90400,164800,255200
70822111054,2019,74900,220500,295400
60903202129,2019,88900,191200,280100
70920107244,2019,119100,115500,234600
70919215165,2019,88400,209500,297900
80925409313,2019,62100,151300,213400
80925118815,2019,800,1200,2000
60812313075,2019,33100,179100,212200
80926110414,2019,46700,144100,190800
70814308106,2019,124300,319800,444100
70835315023,2019,51900,369200,421100
71030211058,2019,89200,126000,215200
70933205027,2019,315900,613600,929500
71016415062,2019,66900,151300,218200
71002308023,2019,9500,0,9500
70932104048,2019,80700,154700,235400
70814424291,2019,100200,402600,502800
71004405364,2019,49200,170100,219300
71003319102,2019,54900,158700,213600
70828412018,2019,0,0,0
70822414705,2019,15800,127200,143000
71006427118,2019,50500,225200,275700
70814309154,2019,95800,256900,352700
81030314083,2019,58700,128300,187000
70828115109,2019,92400,181500,273900
70913208108,2019,100500,425800,526300
70929117070,2019,89900,386100,476000
70920106254,2019,119100,189600,308700
71006117157,2019,39000,183600,222600
71009226145,2019,62000,0,62000
81030304282,2019,67900,141800,209700
71021113916,2019,0,1000,1000
60803113319,2019,138700,277500,416200
71007301022,2019,374000,411000,785000
70833407145,2019,44700,458700,503400
71007208054,2019,29100,320700,349800
70930305185,2019,1840000,5244000,7084000
80924445029,2019,13600,264400,278000
70929203142,2019,70700,211800,282500
70919113062,2019,107700,377100,484800
70920103325,2019,120800,174800,295600
71019405250,2019,82900,99500,182400
71035207416,2019,43900,194900,238800
71002440057,2019,34100,0,34100
71010219064,2019,10600,89400,100000
71006412169,2019,80800,326200,407000
70836313068,2019,15700,168700,184400
70935115042,2019,44000,359000,403000
71016201255,2019,0,0,0
70913347823,2019,2500,12500,15000
81027202035,2019,59000,156900,215900
81030301048,2019,68300,163200,231500
70921128059,2019,18500,171400,189900
81031227037,2019,60000,250000,310000
70813106105,2019,122800,149700,272500
70929111238,2019,125400,324500,449900
70929418254,2019,78900,235900,314800
70924219045,2019,0,25000,25000
70822406091,2019,0,0,0
70919115018,2019,0,0,0
71004302023,2019,59700,139800,199500
70926207072,2019,80600,208600,289200
70835107264,2019,107600,403700,511300
70926109020,2019,80300,210900,291200
70922423135,2019,55600,268000,323600
71009206105,2019,38000,131500,169500
81022402036,2019,103000,130000,233000
80926104243,2019,54500,166800,221300
71006110234,2019,69200,148400,217600
71003104173,2019,0,0,0
80924424792,2019,400,1600,2000
70920216946,2019,13000,585900,598900
70824310183,2019,13500,134500,148000
71009401036,2019,63300,107800,171100
70920219388,2019,0,0,0
70835306056,2019,97100,189200,286300
60801207081,2019,70000,183400,253400
71004313179,2019,58500,138100,196600
70919307128,2019,112800,287400,400200
81034101105,2019,75000,290000,365000
80935104250,2019,65300,186600,251900
80936211103,2019,58700,249000,307700
70919303043,2019,98300,282500,380800
80924414115,2019,23100,241800,264900
70925207015,2019,0,0,0
70826410585,2019,0,0,0
70929302100,2019,77800,229500,307300
81034111097,2019,65400,158000,223400
70929205122,2019,78600,213900,292500
70918211130,2019,143000,210000,353000
81034401042,2019,64500,163300,227800
71010114066,2019,57000,168000,225000
70929213084,2019,72100,200900,273000
70913327312,2019,85000,456000,541000
80924304192,2019,65100,271300,336400
81031224372,2019,51000,239000,290000
60802410162,2019,67800,163700,231500
70913416115,2019,444800,175700,620500
70931411379,2019,94900,128200,223100
70921223205,2019,152600,251000,403600
70835312029,2019,0,0,0
60906107227,2019,74000,176000,250000
71023300892,2019,48000,0,48000
81027300871,2019,600500,510500,1111000
70826412705,2019,8200,64000,72200
70922304038,2019,179400,187200,366600
60906111137,2019,71700,142400,214100
70827307012,2019,0,0,0
70922321058,2019,153200,343500,496700
70926401137,2019,80600,223600,304200
81033305071,2019,44100,122700,166800
80925123046,2019,12200,278800,291000
71021106052,2019,60000,152700,212700
81021304225,2019,51100,169200,220300
71015108105,2019,57500,154700,212200
81022306155,2019,0,0,0
70813324187,2019,137400,324900,462300
70913127952,2019,1000,9000,10000
70919404065,2019,111100,264900,376000
70823406280,2019,76100,325200,401300
70921301275,2019,157100,236400,393500
70821210071,2019,128000,327800,455800
70823306068,2019,82300,193000,275300
60812106206,2019,72500,182800,255300
71001308082,2019,59300,191800,251100
80924408788,2019,400,1600,2000
80925112015,2019,12600,259800,272400
71006128261,2019,51400,158200,209600
60802412390,2019,57800,167900,225700
71012215143,2019,17700,256200,273900
70823401074,2019,52000,301500,353500
70932106284,2019,129300,520700,650000
60802112388,2019,86200,192700,278900
60905207135,2019,0,0,0
71009320286,2019,67800,157200,225000
81032309181,2019,44400,152700,197100
70836105275,2019,69500,176700,246200
80925201181,2019,54500,134100,188600
70835315130,2019,51900,356100,408000
71002411131,2019,100,0,100
70922307024,2019,80100,347800,427900
71009214017,2019,62300,172100,234400
70923156024,2019,5000,10000,15000
70816408178,2019,210800,695600,906400
70926118021,2019,171800,312200,484000
70920220418,2019,0,11800,11800
71005321080,2019,167300,409700,577000
70825104147,2019,231000,574000,805000
71021209111,2019,61000,139000,200000
71005221115,2019,63800,133300,197100
70814312305,2019,26100,256500,282600
81022105036,2019,668500,3374500,4043000
70826416947,2019,23000,138700,161700
70929427081,2019,131900,366400,498300
71010405217,2019,77600,160900,238500
70823112192,2019,80200,238000,318200
70923175090,2019,3300,11700,15000
70931407039,2019,66600,126100,192700
70922431188,2019,79200,184400,263600
70913434381,2019,0,18000,18000
71008102065,2019,43200,155000,198200
81022306212,2019,4000,35200,39200
71006428108,2019,114800,315400,430200
70821108119,2019,132900,310600,443500
80924413886,2019,400,1600,2000
71019411190,2019,9000,106400,115400
70835206032,2019,97100,310100,407200
60812117089,2019,0,0,0
70835208260,2019,88600,189100,277700
71006417143,2019,96300,263300,359600
70920415118,2019,131200,238800,370000
71009107048,2019,57200,148000,205200
70932102191,2019,140000,356200,496200
71015101084,2019,56900,129700,186600
81034103193,2019,66400,183600,250000
71002102011,2019,1581000,392000,1973000
70824101128,2019,110600,182500,293100
71009214273,2019,50100,200600,250700
80936203035,2019,52400,98400,150800
80913300937,2019,0,0,0
71010118042,2019,56000,204100,260100
70923141653,2019,200,3000,3200
70923168045,2019,6500,18500,25000
70918208020,2019,87700,0,87700
70926101175,2019,86100,309800,395900
70825101119,2019,253000,177000,430000
70821111071,2019,111800,267200,379000
71009216055,2019,55700,135000,190700
60901202121,2019,61300,148700,210000
71010217109,2019,10600,109400,120000
70929124447,2019,0,10000,10000
70919108071,2019,100100,158600,258700
70921120104,2019,131700,320300,452000
71009303034,2019,87000,303000,390000
71010108019,2019,48400,222600,271000
81034304072,2019,48000,136600,184600
60905104042,2019,51500,144500,196000
70932205094,2019,75300,251900,327200
70932114013,2019,210800,519200,730000
70924220472,2019,0,5000,5000
70829105208,2019,47400,240300,287700
70929111072,2019,102300,280900,383200
70920415077,2019,133800,146600,280400
80924412036,2019,9000,140100,149100
70823404044,2019,36500,157800,194300
70929111311,2019,100000,392100,492100
70929419137,2019,86500,288000,374500
71002421065,2019,74600,245400,320000
71004310175,2019,53100,152400,205500
71016116074,2019,62900,149700,212600
70828422091,2019,0,0,0
70833118164,2019,88900,311000,399900
70823102010,2019,86000,163200,249200
70923308196,2019,119000,320300,439300
71010201136,2019,59300,170600,229900
80925405220,2019,59200,182700,241900
60801234373,2019,15000,135800,150800
70923157014,2019,5000,10000,15000
70918306296,2019,74800,147100,221900
80926110018,2019,53800,146100,199900
70923315159,2019,69400,138700,208100
70921119032,2019,129000,400000,529000
60803113161,2019,134000,375500,509500
70921107102,2019,80000,520000,600000
71007205092,2019,59400,247000,306400
70912407082,2019,118800,291500,410300
70918405030,2019,129700,73300,203000
70920114140,2019,117300,144800,262100
70928224123,2019,99100,187100,286200
70922408129,2019,160000,138000,298000
70932205060,2019,75300,167900,243200
70836117246,2019,68700,209300,278000
80936200908,2019,474600,131600,606200
70922442044,2019,24000,106000,130000
80925117164,2019,12900,219000,231900
70923138030,2019,34200,326700,360900
71009214207,2019,50700,118900,169600
60801403035,2019,77900,176200,254100
60801307196,2019,80100,270300,350400
71007307038,2019,308900,187000,495900
70923168540,2019,6500,18500,25000
70929123027,2019,91000,1001000,1092000
71014306106,2019,55800,193500,249300
80924311072,2019,65300,206900,272200
81028111102,2019,60900,166900,227800
70918306139,2019,79500,115500,195000
70836226013,2019,31200,166800,198000
81034410225,2019,70000,212000,282000
80924420162,2019,9900,171800,181700
71009220155,2019,38000,153200,191200
70829108418,2019,108800,0,108800
70932423026,2019,52600,111300,163900
70920406232,2019,134000,233400,367400
70936301252,2019,62300,159500,221800
70829418205,2019,14300,0,14300
60901202379,2019,60200,177600,237800
60812327175,2019,6000,110800,116800
71010404194,2019,56100,144800,200900
70929204124,2019,93600,255600,349200
60801312335,2019,73200,256600,329800
70913201095,2019,613800,277200,891000
71011208397,2019,23900,184800,208700
71007221030,2019,121100,277700,398800
71012102019,2019,222000,723000,945000
71014213252,2019,62900,202600,265500
70813331059,2019,55500,353000,408500
70836307293,2019,72700,206100,278800
71015101216,2019,48500,155500,204000
70921301069,2019,127200,360400,487600
70923143237,2019,44900,278300,323200
60801315165,2019,86100,251100,337200
80925302111,2019,56700,129700,186400
70929214131,2019,95200,229100,324300
70919408439,2019,118300,342000,460300
71015202353,2019,47300,221500,268800
70815403228,2019,66000,211000,277000
70913349027,2019,40900,263900,304800
70833204179,2019,114900,261000,375900
70833107026,2019,135500,364100,499600
71011122133,2019,33400,246600,280000
70823410033,2019,780000,1120000,1900000
70929306029,2019,89000,222400,311400
71004314143,2019,54700,145600,200300
81026348012,2019,540000,7750000,8290000
70933202073,2019,152000,627800,779800
71016107049,2019,63300,181100,244400
70835112114,2019,117900,273000,390900
71027415027,2019,0,0,0
71006305067,2019,45600,169900,215500
80935107923,2019,59500,187100,246600
71006110060,2019,71100,201400,272500
70929212028,2019,99200,251100,350300
80924420104,2019,8600,142400,151000
70829103038,2019,53700,257300,311000
70920303222,2019,122200,298100,420300
71007303135,2019,86700,263800,350500
70929102013,2019,0,0,0
80924310066,2019,66500,221500,288000
70814104265,2019,0,0,0
70914428036,2019,69000,464000,533000
70826417333,2019,18400,87600,106000
70923225366,2019,0,0,0
70929218018,2019,107000,294200,401200
71010415141,2019,105500,305700,411200
70914406173,2019,268200,175800,444000
70833204070,2019,113300,281500,394800
70821114140,2019,61300,230800,292100
70934309472,2019,15700,103700,119400
70923153963,2019,1300,23700,25000
60812313512,2019,33100,228900,262000
70823107242,2019,90800,210000,300800
70930300961,2019,880000,636000,1516000
70922308105,2019,99000,118000,217000
60811416226,2019,85400,251900,337300
70920106147,2019,119100,142900,262000
71035116154,2019,67500,190000,257500
70913314228,2019,89200,373800,463000
71006305330,2019,49900,179500,229400
71003411015,2019,48400,203900,252300
70921104108,2019,81900,240900,322800
70913350769,2019,0,8000,8000
71011117051,2019,71900,214700,286600
70923147198,2019,8000,7000,15000
70920221151,2019,0,0,0
70821202086,2019,118000,448300,566300
71005204236,2019,52600,109100,161700
81034327024,2019,11300,73300,84600
70934404082,2019,616000,350000,966000
70923175230,2019,3300,11700,15000
70926110077,2019,78000,172900,250900
81034114067,2019,62600,186200,248800
81026360412,2019,100,0,100
70921408120,2019,142900,388000,530900
81034405193,2019,79800,192900,272700
71009211013,2019,54700,165300,220000
60812207096,2019,94100,185900,280000
60811103146,2019,0,0,0
70914301191,2019,0,0,0
71010302190,2019,54600,119500,174100
70921208140,2019,77700,184100,261800
71022200887,2019,238500,364800,603300
71004314268,2019,62200,138400,200600
60812302333,2019,68000,181200,249200
80925118972,2019,800,1200,2000
60803112147,2019,108800,341700,450500
71007301098,2019,409000,201000,610000
81034118043,2019,66100,258800,324900
80925115853,2019,800,1200,2000
71021225084,2019,146500,303500,450000
81031217046,2019,56100,149700,205800
70826420279,2019,0,4000,4000
81028119627,2019,10100,89000,99100
60812111271,2019,77800,212200,290000
71010106047,2019,57500,148000,205500
70923125110,2019,148500,293200,441700
60812303290,2019,0,0,0
70914410116,2019,23500,10100,33600
60904111072,2019,78900,152900,231800
70828104011,2019,102000,233700,335700
70824308063,2019,16000,179700,195700
80924406899,2019,400,1600,2000
71009413205,2019,63300,119100,182400
60801316361,2019,24000,144500,168500
71003212265,2019,0,0,0
70834217014,2019,0,0,0
70922223064,2019,107300,362300,469600
60811414072,2019,79500,182400,261900
71002102053,2019,64200,0,64200
70920305286,2019,95100,332900,428000
70923173234,2019,3300,5900,9200
70923409291,2019,55800,148400,204200
60812330037,2019,0,5000,5000
70932401105,2019,131900,414100,546000
70918211271,2019,133000,247200,380200
70920117152,2019,168400,262700,431100
70931302247,2019,106900,184700,291600
70921223247,2019,112900,250900,363800
71010302223,2019,54600,173500,228100
70929418072,2019,86700,252100,338800
71014201067,2019,54700,155800,210500
70826100805,2019,398000,1247000,1645000
70834214416,2019,40800,404700,445500
71005229218,2019,48500,119100,167600
80936411026,2019,69600,140600,210200
81026427056,2019,2300,0,2300
71006205283,2019,39500,83800,123300
71026103087,2019,151500,270000,421500
71003105163,2019,53100,151300,204400
80924416939,2019,400,1600,2000
70920402412,2019,0,0,0
70931408079,2019,68600,153200,221800
71016115018,2019,59000,105000,164000
60802307088,2019,19400,134800,154200
70932410081,2019,77000,114700,191700
70918306189,2019,94300,109400,203700
70918319140,2019,20500,68800,89300
81032428105,2019,32300,120700,153000
70931402261,2019,122200,172800,295000
60801113098,2019,60000,169500,229500
70826417614,2019,18400,88700,107100
71030202148,2019,286400,387300,673700
70931206043,2019,60900,180600,241500
70923159325,2019,8000,7000,15000
70821203141,2019,112000,387600,499600
71005407228,2019,42100,178200,220300
70829418221,2019,14300,0,14300
60811114185,2019,101200,211500,312700
70928205230,2019,97800,168300,266100
71009222028,2019,45900,135100,181000
71003404044,2019,55300,224400,279700
71021203204,2019,60900,179100,240000
71003405068,2019,54300,196700,251000
80924427994,2019,400,1600,2000
71021211033,2019,62500,153600,216100
70833203072,2019,0,0,0
71011210087,2019,54300,200400,254700
70901113070,2019,18700,92400,111100
70930415182,2019,227400,294200,521600
70826419701,2019,0,4000,4000
71011108125,2019,30000,225600,255600
70814312123,2019,26100,251600,277700
81031225106,2019,47800,97600,145400
70814104091,2019,114100,207000,321100
70824219062,2019,99300,550400,649700
70912442012,2019,9000,116000,125000
60812207153,2019,75900,200700,276600
81034404070,2019,69200,184300,253500
71006132155,2019,57200,101800,159000
70918305149,2019,75400,120800,196200
70835108105,2019,212100,461800,673900
71006315107,2019,12500,500,13000
71010108291,2019,56000,220200,276200
71011112134,2019,57400,337600,395000
70921105180,2019,83900,306900,390800
81032314114,2019,12000,133000,145000
70921320035,2019,72500,169800,242300
71010114115,2019,57000,214000,271000
60811408124,2019,80700,168500,249200
71005212065,2019,69000,231000,300000
71011208165,2019,38900,203200,242100
81033301136,2019,43100,130900,174000
70823314269,2019,0,0,0
70816307015,2019,176500,377200,553700
80936407190,2019,71400,212600,284000
60801234406,2019,15000,144600,159600
71005409224,2019,41800,164800,206600
70913103241,2019,100500,190500,291000
70936406309,2019,62500,154200,216700
60802115184,2019,20500,119200,139700
60812329329,2019,13400,155700,169100
80924425807,2019,400,1600,2000
70833412152,2019,46200,219300,265500
71004306108,2019,52800,138300,191100
70919402100,2019,111200,272800,384000
60811440100,2019,32700,202000,234700
71014215414,2019,7800,120200,128000
71004305100,2019,52800,157500,210300
70926205076,2019,77500,263300,340800
70926218269,2019,110000,119900,229900
71006117206,2019,60300,251300,311600
80924304126,2019,77700,236700,314400
71012202158,2019,63600,182600,246200
81023304281,2019,35600,125500,161100
70823106153,2019,89400,299600,389000
71009216063,2019,52000,127200,179200
70921301259,2019,157300,236300,393600
70921215088,2019,133100,287300,420400
71006122049,2019,35300,144100,179400
70901105366,2019,47300,239800,287100
70835206066,2019,97100,217000,314100
71010315078,2019,48700,206400,255100
71014202354,2019,55900,206800,262700
60803101265,2019,1100,0,1100
80926302144,2019,67400,210100,277500
70923165273,2019,64200,295300,359500
70922428086,2019,123000,345600,468600
70828119226,2019,95700,248300,344000
80925115027,2019,13500,213400,226900
71002304047,2019,55400,243500,298900
70919403083,2019,106800,214900,321700
70924216182,2019,3500,10000,13500
70834302055,2019,190900,457900,648800
70929425051,2019,87300,263100,350400
70923112117,2019,0,0,0
70835313077,2019,0,0,0
71003315142,2019,46500,137900,184400
70836205017,2019,69300,160000,229300
70823400935,2019,0,0,0
81028100915,2019,61600,173400,235000
70836405609,2019,58700,133100,191800
70828312094,2019,77200,212800,290000
71016420011,2019,260000,972000,1232000
71015201280,2019,71200,232500,303700
71007110069,2019,84900,265800,350700
71016405039,2019,62400,139700,202100
60903208028,2019,14900,113600,128500
71007304076,2019,92400,189800,282200
70935207203,2019,45900,102600,148500
71004402055,2019,47000,142400,189400
71012215193,2019,17700,250900,268600
60801311080,2019,72000,219600,291600
81034418063,2019,89000,229600,318600
70932117116,2019,149300,305200,454500
70912435041,2019,9000,91300,100300
80925115712,2019,800,1200,2000
71010211044,2019,54000,153100,207100
71009202103,2019,51500,147300,198800
70822203017,2019,0,0,0
70913413137,2019,201000,4680000,4881000
70928309090,2019,116800,243900,360700
70835103056,2019,85800,212800,298600
70823204121,2019,123500,345700,469200
70920410374,2019,127600,166500,294100
70828407027,2019,0,0,0
70920221127,2019,0,2200,2200
71016203136,2019,106800,167500,274300
70836313076,2019,15700,168700,184400
70929426190,2019,100800,322800,423600
71002107730,2019,9500,104900,114400
81026423088,2019,100,0,100
71006430038,2019,109100,237400,346500
71002445122,2019,100,0,100
80925103254,2019,53000,133100,186100
71021211116,2019,60000,153300,213300
71006119088,2019,73200,231300,304500
80925113675,2019,800,1700,2500
70923153442,2019,1300,23700,25000
70914437475,2019,1100,5900,7000
71003303262,2019,58400,187700,246100
71010106071,2019,57500,216000,273500
70921102102,2019,581000,10804000,11385000
70914302082,2019,105000,336000,441000
80926306039,2019,64300,219300,283600
70920416033,2019,110800,116200,227000
71010311125,2019,57400,151000,208400
71021222155,2019,64000,172500,236500
70920302365,2019,138000,324900,462900
81034301044,2019,54200,131600,185800
80924103122,2019,85600,192000,277600
70920127044,2019,15200,166600,181800
70836420011,2019,68800,160100,228900
81016302060,2019,339900,0,339900
70926215190,2019,111900,162100,274000
71006108205,2019,70400,130300,200700
70920216764,2019,9200,240700,249900
81026362046,2019,100,0,100
70823202141,2019,144000,313400,457400
70828421035,2019,0,0,0
70836114359,2019,79100,138700,217800
70918211031,2019,101700,157700,259400
71005202016,2019,0,0,0
70928212251,2019,97800,278400,376200
70932201266,2019,87700,162400,250100
60801406063,2019,24900,147800,172700
71010109132,2019,0,0,0
70815102010,2019,1375000,9425000,10800000
70824410090,2019,106700,363300,470000
70920420349,2019,139800,123700,263500
71011418087,2019,118900,97500,216400
70913106063,2019,84200,121800,206000
60801409083,2019,80300,179600,259900
70912403220,2019,82500,259100,341600
70920220327,2019,0,4700,4700
70913125352,2019,60000,52800,112800
70931411139,2019,123800,159100,282900
70914413087,2019,692000,1609000,2301000
70922346022,2019,0,15000,15000
71007223185,2019,79100,261800,340900
71009317069,2019,68800,115300,184100
71006312301,2019,63200,190200,253400
60804103111,2019,88700,285000,373700
71014102108,2019,81000,430700,511700
70836403041,2019,69900,155800,225700
70923308203,2019,112400,332100,444500
70928217178,2019,105300,235700,341000
70816414092,2019,13100,193900,207000
81032102155,2019,30600,197600,228200
80926105142,2019,62100,151500,213600
71002418038,2019,74000,194700,268700
70920216459,2019,10300,318700,329000
81026356263,2019,59500,219400,278900
70826100962,2019,3600000,2100000,5700000
70926301072,2019,330000,4362000,4692000
70932112174,2019,84700,117900,202600
70922423143,2019,55600,213000,268600
71012222065,2019,14800,132400,147200
60801410048,2019,76400,217800,294200
71005330049,2019,99200,139300,238500
70921414177,2019,137400,285900,423300
71003318055,2019,55900,227400,283300
70922437300,2019,69400,290100,359500
70918209052,2019,168700,278600,447300
70814306035,2019,380000,31000,411000
70932411089,2019,74000,146600,220600
60802104145,2019,73700,196400,270100
81034308115,2019,92000,338000,430000
60811202063,2019,96200,213300,309500
60811417018,2019,82000,223000,305000
71005303103,2019,59700,293500,353200
70928117550,2019,258300,526700,785000
70823108050,2019,89400,160100,249500
81019400994,2019,0,0,0
70833107159,2019,126400,313600,440000
70930414051,2019,75600,215500,291100
70913101089,2019,9900,0,9900
70814412113,2019,85000,75000,160000
70823113124,2019,89000,239800,328800
70929424011,2019,0,0,0
71007214142,2019,232800,52700,285500
81028107151,2019,61400,129100,190500
70823311207,2019,13100,142700,155800
60811420110,2019,16000,178900,194900
81034116039,2019,67700,203100,270800
70922421121,2019,76000,224000,300000
71002306077,2019,63800,234600,298400
70925203021,2019,361100,221900,583000
70822107110,2019,0,0,0
70922232057,2019,143500,210400,353900
70929416216,2019,91200,253000,344200
70918401062,2019,401200,218900,620100
81021306081,2019,53400,176300,229700
71003406016,2019,54300,168900,223200
60811405013,2019,0,0,0
81031218185,2019,40600,116700,157300
80924439030,2019,11800,200200,212000
71007211065,2019,6300,0,6300
80936408031,2019,75200,161300,236500
81021303300,2019,44100,169400,213500
70923205011,2019,0,0,0
80925103072,2019,54600,133900,188500
70834427811,2019,0,5000,5000
60812313330,2019,33100,189200,222300
60802405080,2019,65200,176100,241300
81021106077,2019,60300,176300,236600
70913314327,2019,128000,492000,620000
70921401132,2019,142900,425900,568800
70836405055,2019,54000,144600,198600
70826315404,2019,36300,239900,276200
71015108056,2019,56900,152500,209400
60904102047,2019,81300,179800,261100
81014303309,2019,11300,0,11300
80925111223,2019,56800,144900,201700
70920216615,2019,13000,418100,431100
70835209010,2019,79600,199300,278900
70834403100,2019,86600,154700,241300
70922232081,2019,140500,318400,458900
70821404096,2019,0,0,0
81031213151,2019,34900,110900,145800
71005313227,2019,55300,270700,326000
70919209035,2019,82800,374800,457600
70836202170,2019,81800,187900,269700
80936114026,2019,13800,88400,102200
71012209154,2019,58500,211500,270000
60811108138,2019,106300,282700,389000
60904111163,2019,83400,272700,356100
70826412325,2019,10000,76700,86700
70923145209,2019,8000,7000,15000
70929109126,2019,110000,396300,506300
71014214482,2019,8100,102500,110600
70836311088,2019,0,0,0
71006426053,2019,68000,482000,550000
70936407315,2019,58800,172200,231000
70929222134,2019,90100,219300,309400
60802305438,2019,13800,192200,206000
70913403138,2019,128100,311700,439800
80935104276,2019,66400,192700,259100
70913317173,2019,73700,0,73700
70920216441,2019,10300,323600,333900
70927200992,2019,0,0,0
70836114250,2019,66000,173300,239300
70929412058,2019,86700,268400,355100
70913401075,2019,57000,250700,307700
71005407327,2019,41400,129900,171300
60804208135,2019,21000,0,21000
81021402128,2019,51000,170200,221200
81034106345,2019,62100,157300,219400
70815401107,2019,869000,4256000,5125000
71011402113,2019,84000,249200,333200
70836114200,2019,74800,185800,260600
70913109281,2019,109700,206400,316100
70929424029,2019,99100,254900,354000
81031208152,2019,39800,93200,133000
70922238104,2019,25300,208700,234000
70825206109,2019,2998000,5999000,8997000
60906106196,2019,67600,154500,222100
70923128049,2019,106000,419000,525000
60904113177,2019,90300,214700,305000
60811407134,2019,76100,175900,252000
71012215490,2019,17700,247400,265100
70932202149,2019,103400,251800,355200
60812213051,2019,22400,183900,206300
60812202161,2019,80400,176300,256700
71007233019,2019,0,0,0
71009218134,2019,45900,138200,184100
60802312326,2019,0,0,0
71011223056,2019,18500,172000,190500
70932103644,2019,0,0,0
70834420013,2019,30700,186000,216700
70921207176,2019,115000,380000,495000
70932206092,2019,84100,165300,249400
70817402088,2019,0,0,0
70823111045,2019,91100,276100,367200
81032422165,2019,44700,187600,232300
80925116992,2019,800,1200,2000
71030203071,2019,87700,155800,243500
71006414066,2019,58700,214000,272700
70932113081,2019,96000,184000,280000
71002308031,2019,9500,0,9500
70920418146,2019,119100,220000,339100
70814419143,2019,15200,156400,171600
70929114092,2019,89500,163800,253300
70828109037,2019,88900,204400,293300
70825300977,2019,164000,113100,277100
71003100973,2019,0,0,0
71003204072,2019,53100,171300,224400
70931304110,2019,103400,180000,283400
71007225339,2019,224800,466800,691600
70929205106,2019,78300,189100,267400
70932113312,2019,84900,175100,260000
70922328062,2019,122900,154600,277500
71006421186,2019,67900,186300,254200
71021203212,2019,56900,142100,199000
80925104145,2019,53600,129700,183300
70816401164,2019,157200,367800,525000
70930414134,2019,65200,275000,340200
80925210182,2019,62700,142300,205000
70924219615,2019,0,25000,25000
70821110031,2019,112900,366600,479500
70922327270,2019,130200,245100,375300
70834427738,2019,0,5000,5000
71012215523,2019,17700,240800,258500
71004311214,2019,54100,151100,205200
70814101378,2019,116800,318000,434800
80935107973,2019,78400,232000,310400
81023209085,2019,0,1200,1200
70822108085,2019,50300,165700,216000
81031229059,2019,33300,0,33300
70836106017,2019,71900,165900,237800
70913202324,2019,94600,219900,314500
71006113163,2019,39200,197300,236500
81032301012,2019,47400,155600,203000
80925107157,2019,54300,114500,168800
60903207195,2019,78300,210600,288900
60801314050,2019,79600,203600,283200
60802104153,2019,75800,192800,268600
71010201243,2019,52600,169000,221600
60811401102,2019,84500,203300,287800
71001402157,2019,111300,345000,456300
71009318190,2019,62400,119900,182300
70931306158,2019,95200,120700,215900
80925109228,2019,50800,152400,203200
70923163467,2019,44900,175500,220400
70926208161,2019,2069000,0,2069000
70919310171,2019,111800,197300,309100
81031213119,2019,38500,91000,129500
70918320056,2019,20500,67100,87600
70931211026,2019,71300,274800,346100
81028112241,2019,56900,142100,199000
71014201091,2019,56800,184400,241200
71002314137,2019,11300,0,11300
70921208116,2019,81600,234800,316400
71026202087,2019,600,0,600
70919307079,2019,105200,186400,291600
70920418360,2019,136200,146800,283000
71005410023,2019,54600,117700,172300
70923220019,2019,374000,2996000,3370000
70828442114,2019,0,0,0
80924309077,2019,71000,238300,309300
71010112078,2019,51000,145300,196300
81033206112,2019,45000,167500,212500
60811117147,2019,19100,184300,203400
60812204026,2019,0,0,0
70826410478,2019,0,0,0
70823203040,2019,109700,253900,363600
60801409108,2019,76900,186400,263300
80936406100,2019,73800,274400,348200
71002308106,2019,56000,243400,299400
70919107338,2019,97700,187000,284700
70929218034,2019,95200,254200,349400
70901113682,2019,15300,84700,100000
71012215599,2019,17700,272300,290000
70928104200,2019,75800,358700,434500
71014307039,2019,56900,217400,274300
70931301108,2019,122500,175200,297700
70920216540,2019,14500,504800,519300
70931307205,2019,101000,136200,237200
70922234045,2019,136100,289300,425400
71015116075,2019,50700,176300,227000
70919213060,2019,91500,88700,180200
60906201433,2019,71900,134500,206400
70824218022,2019,133500,348200,481700
70928113053,2019,133000,192000,325000
70913354620,2019,0,2500,2500
70923409100,2019,138500,195800,334300
60802411061,2019,65700,150200,215900
71005206159,2019,75900,106600,182500
60812318017,2019,76900,230300,307200
71005311057,2019,57300,101700,159000
71006308037,2019,66000,132600,198600
81023207021,2019,33600,151400,185000
70919408158,2019,102400,235300,337700
70926113162,2019,78500,183600,262100
81034101022,2019,70200,182200,252400
70912402082,2019,81300,194600,275900
71003417104,2019,48500,200200,248700
70923148352,2019,4200,800,5000
70828320013,2019,18900,0,18900
70922404135,2019,127800,229200,357000
81034409129,2019,67400,236800,304200
60802412019,2019,77900,237100,315000
80924439981,2019,400,1600,2000
70826212048,2019,18800,181500,200300
81032430126,2019,18000,87900,105900
71012202017,2019,0,0,0
71014108148,2019,10700,149400,160100
70922220036,2019,267000,452000,719000
70835124614,2019,500,1500,2000
70913112127,2019,96900,209800,306700
80924430864,2019,400,1600,2000
70814410042,2019,85600,199000,284600
70913354117,2019,0,15000,15000
71006427176,2019,96900,222600,319500
81015103021,2019,61900,195000,256900
81033207095,2019,46700,132500,179200
70934309232,2019,15700,103700,119400
70834308194,2019,47700,397200,444900
70823407014,2019,58000,321700,379700
80926104219,2019,54500,132000,186500
71003207026,2019,53100,197200,250300
71022303186,2019,217500,531300,748800
80935108046,2019,459300,536800,996100
71009306088,2019,66600,152100,218700
70914409060,2019,326000,1927000,2253000
80925209044,2019,54700,154500,209200
70825209393,2019,7000,19000,26000
70932420171,2019,89000,191000,280000
70935307152,2019,4900,55100,60000
70835123179,2019,6500,69600,76100
71004403079,2019,0,0,0
70836312151,2019,19100,188000,207100
70920217209,2019,15500,526600,542100
71002436147,2019,59600,259200,318800
70834304051,2019,130000,411000,541000
60812106363,2019,80000,224000,304000
71015106240,2019,58300,141600,199900
81031204051,2019,39900,143000,182900
71006109055,2019,69200,115400,184600
80925402143,2019,66800,161300,228100
70920217564,2019,400,14600,15000
70913214022,2019,88900,644100,733000
70824104015,2019,157000,511100,668100
70918303078,2019,79500,147100,226600
70922221159,2019,159700,289100,448800
70833115144,2019,99100,306500,405600
70918303234,2019,71700,161100,232800
60904113036,2019,91700,337100,428800
80924413977,2019,400,1600,2000
71006307154,2019,29600,195000,224600
70923154268,2019,0,7500,7500
70918307202,2019,86700,106100,192800
70923138543,2019,34500,320800,355300
71030213038,2019,81100,265400,346500
70913346429,2019,102000,584400,686400
60811302194,2019,76400,225300,301700
70918415112,2019,10500,104600,115100
60801314240,2019,61000,937000,998000
70833101052,2019,163700,545400,709100
70913433341,2019,8500,198600,207100
71016401087,2019,84000,246000,330000
71007222070,2019,596500,235200,831700
70919205091,2019,72800,184400,257200
81035107128,2019,72900,0,72900
71007303242,2019,109800,184200,294000
70814407114,2019,93000,261000,354000
60811103154,2019,106800,278200,385000
60902204027,2019,110000,361800,471800
71007205076,2019,48500,226500,275000
70835124226,2019,500,1500,2000
70834418191,2019,25900,134100,160000
71006305281,2019,49900,336700,386600
70918312095,2019,0,0,0
70829112047,2019,73800,291200,365000
70918312102,2019,249600,355700,605300
81009304205,2019,1320000,5005000,6325000
71015119152,2019,40300,174300,214600
71021221107,2019,61200,151700,212900
71005406072,2019,41800,135000,176800
81034103127,2019,67500,180800,248300
81023207261,2019,33600,132100,165700
81034107377,2019,66100,187400,253500
70816401180,2019,159800,425700,585500
81019309120,2019,61600,170500,232100
70836401227,2019,73100,143700,216800
71005303062,2019,54800,176400,231200
80935107048,2019,78400,204600,283000
70918321640,2019,0,2000,2000
71011108456,2019,30000,238500,268500
70932210960,2019,0,5000,5000
71006302097,2019,66000,123900,189900
71003202018,2019,53100,204900,258000
81034110081,2019,67900,183300,251200
70826417242,2019,21500,119600,141100
60905214049,2019,5600,52400,58000
70928114077,2019,100000,295000,395000
70920414251,2019,137600,154100,291700
70914439364,2019,1000,8600,9600
70919218169,2019,121200,258200,379400
70836206049,2019,67800,194200,262000
70913348235,2019,7000,379000,386000
71007230122,2019,7700,128200,135900
70814201136,2019,111600,266600,378200
60902101075,2019,154000,631000,785000
70931305043,2019,99000,231700,330700
70931407063,2019,70300,204900,275200
70931411303,2019,150500,180200,330700
71014306049,2019,57000,160500,217500
70923230050,2019,0,0,0
70829108393,2019,107400,382100,489500
70822414466,2019,17500,133700,151200
81034106460,2019,57700,153100,210800
71005402319,2019,44400,164100,208500
60905101113,2019,45000,0,45000
71007109012,2019,94600,99400,194000
81021408077,2019,56100,176400,232500
70931411311,2019,60100,190900,251000
71022202164,2019,327000,1002100,1329100
81031222144,2019,38100,132600,170700
71006122239,2019,53700,155300,209000
70829401078,2019,12800,0,12800
70822102326,2019,109000,302200,411200
70913318048,2019,261000,291000,552000
71012209112,2019,58700,214400,273100
70814423201,2019,88300,202000,290300
71003310217,2019,56200,219400,275600
70835118089,2019,12400,105600,118000
70921302132,2019,109000,441000,550000
60901101018,2019,58000,156100,214100
71010308239,2019,54800,107300,162100
81027105081,2019,36700,121400,158100
81031209035,2019,34900,123600,158500
70826204011,2019,88000,500000,588000
70835309216,2019,88600,205700,294300
60812307010,2019,85300,268300,353600
81032308133,2019,50200,183100,233300
60902101083,2019,0,0,0
81030400874,2019,0,0,0
71021113974,2019,0,1000,1000
70912416059,2019,9000,99200,108200
60812110207,2019,78800,225800,304600
60802305355,2019,13800,198700,212500
80936118028,2019,13800,102100,115900
80926105225,2019,50600,141000,191600
60802412051,2019,0,0,0
70923144318,2019,8000,7000,15000
81034307042,2019,44200,141400,185600
71006311147,2019,68500,287500,356000
81030311039,2019,61300,182700,244000
71006123138,2019,103000,1942000,2045000
71022302708,2019,595000,622000,1217000
70928314239,2019,144800,362700,507500
70834308491,2019,29500,329300,358800
70932210796,2019,0,5000,5000
80926108287,2019,54000,143500,197500
60812212095,2019,22400,183000,205400
60905203084,2019,325000,520000,845000
70813315029,2019,289600,62400,352000
60905204107,2019,88000,226000,314000
71034102071,2019,46700,216300,263000
70821204074,2019,99000,348100,447100
70922312099,2019,101200,273800,375000
70835108262,2019,0,0,0
71009108096,2019,48300,175300,223600
81034324145,2019,30000,89800,119800
81028110211,2019,66100,202500,268600
70935308027,2019,204500,599900,804400
70829419063,2019,0,0,0
70826419553,2019,0,4000,4000
60801104229,2019,62100,161400,223500
70913321231,2019,97500,230100,327600
70813310152,2019,17500,168700,186200
81023209499,2019,0,1200,1200
71016114292,2019,55700,143600,199300
70922428028,2019,134100,475200,609300
60812313025,2019,33100,175600,208700
70932117025,2019,143300,348700,492000
80936202243,2019,60600,126100,186700
70901110018,2019,42700,148700,191400
60812403066,2019,75000,199200,274200
70928105208,2019,99100,350900,450000
70929421124,2019,131900,273600,405500
70926404040,2019,80600,119000,199600
71003303311,2019,53200,0,53200
70920218075,2019,400,14600,15000
71006309118,2019,69200,128100,197300
81032430100,2019,198400,389800,588200
71003301224,2019,66200,177900,244100
60902101017,2019,145300,187800,333100
81027209023,2019,12000,99000,111000
71006204269,2019,47100,143100,190200
60811116074,2019,18800,213100,231900
70823114015,2019,89400,215400,304800
71001107046,2019,100,0,100
70914407048,2019,222000,953000,1175000
70929104283,2019,80900,183900,264800
71010410232,2019,53200,197100,250300
71021112017,2019,72400,115200,187600
81032427131,2019,39900,147700,187600
70836420110,2019,85700,133200,218900
70936403280,2019,64800,118600,183400
81028120385,2019,0,4000,4000
71005304193,2019,65100,208600,273700
71007242242,2019,10100,187800,197900
60802304068,2019,100400,161100,261500
60812325046,2019,18800,181100,199900
70913112028,2019,102900,159600,262500
60812330326,2019,0,5000,5000
70815103042,2019,1100,0,1100
70913126037,2019,15500,128400,143900
71004408079,2019,76400,149600,226000
60812110091,2019,78200,181100,259300
71021204038,2019,56400,152900,209300
70813328262,2019,106100,280900,387000
70928309040,2019,91600,306200,397800
70835306113,2019,97100,264300,361400
81030311063,2019,61300,145500,206800
60812121098,2019,80100,208100,288200
71006421045,2019,49700,173200,222900
71003411099,2019,50600,167100,217700
70814203215,2019,122600,235300,357900
71003304088,2019,47000,145900,192900
70931406023,2019,110000,175500,285500
70926415154,2019,48600,172000,220600
70826420097,2019,0,4000,4000
70921207126,2019,89000,521000,610000
70919204077,2019,84300,148700,233000
70913106089,2019,83000,141700,224700
70813324145,2019,130900,278600,409500
70920414269,2019,132100,273400,405500
71002305201,2019,100,0,100
70923173135,2019,3300,11700,15000
71015114186,2019,49000,180700,229700
70813106022,2019,202600,325100,527700
70920108268,2019,114400,228800,343200
71005318243,2019,84100,101300,185400
70928105050,2019,109100,191200,300300
70829402125,2019,12700,0,12700
80936403057,2019,51800,225700,277500
81035111129,2019,100,0,100
70923110062,2019,0,0,0
70907301108,2019,146300,365700,512000
70928116122,2019,122400,89600,212000
70920219544,2019,0,0,0
71009202161,2019,51900,130600,182500
70823311124,2019,13100,138300,151400
70922431229,2019,77200,230000,307200
71007304191,2019,105300,360900,466200
60905204131,2019,88000,322000,410000
71003415091,2019,57200,194500,251700
70922339100,2019,116600,336400,453000
70929106023,2019,103200,185600,288800
60906201037,2019,65500,127400,192900
71016204027,2019,67600,157500,225100
71003419051,2019,45000,223200,268200
70923167732,2019,3400,13800,17200
81034205410,2019,68300,195200,263500
70913414094,2019,165600,150900,316500
70930405125,2019,72000,216000,288000
70826414032,2019,16100,103000,119100
81030311170,2019,62700,170600,233300
71011302115,2019,61200,149400,210600
60801419537,2019,16600,190900,207500
60801111175,2019,60000,131200,191200
71016101124,2019,0,0,0
70835201082,2019,170700,298900,469600
71011407147,2019,90600,284000,374600
60802427034,2019,15500,115900,131400
70929307233,2019,105600,369300,474900
70928101264,2019,96000,288200,384200
81028120731,2019,0,5000,5000
81031230014,2019,30100,86800,116900
80925409040,2019,52900,125000,177900
71012102043,2019,0,0,0
70919406136,2019,0,0,0
70918311104,2019,125500,191800,317300
70919209043,2019,0,0,0
80924439824,2019,400,3100,3500
70931405108,2019,99000,150400,249400
60801201257,2019,69500,156100,225600
70929209322,2019,83800,208000,291800
71035114265,2019,64600,237700,302300
70826421631,2019,0,4000,4000
70913102227,2019,0,0,0
70913311042,2019,88900,397100,486000
70932422094,2019,46100,86600,132700
70932107034,2019,174900,285100,460000
70836227011,2019,31400,125600,157000
70923170917,2019,1900,600,2500
70815306365,2019,208100,430900,639000
81021301239,2019,50900,158300,209200
70913345108,2019,73000,88000,161000
80925307335,2019,61600,89000,150600
70829111271,2019,13500,0,13500
70813310178,2019,17300,172400,189700
80924443784,2019,400,1600,2000
70933403176,2019,84500,182700,267200
60802305264,2019,13800,206700,220500
81031226021,2019,47800,94900,142700
70929213026,2019,120400,189000,309400
70824219012,2019,101800,325600,427400
70813323155,2019,191000,515900,706900
80925208153,2019,60100,123800,183900
81031219117,2019,38100,105300,143400
71007305222,2019,120300,282600,402900
80925116025,2019,13500,217600,231100
70919214050,2019,168500,48800,217300
60812102147,2019,85300,186800,272100
70824404233,2019,112700,245700,358400
71009316102,2019,68800,89200,158000
70936409105,2019,64400,156500,220900
71003415174,2019,63700,238200,301900
71006302279,2019,36900,173500,210400
80924400990,2019,0,0,0
71014215331,2019,7800,123900,131700
70813320945,2019,400,2100,2500
70821408147,2019,105800,0,105800
71014208039,2019,54800,183300,238100
70929104241,2019,75600,202700,278300
70923175123,2019,3300,11700,15000
70826310024,2019,100200,333500,433700
81022301189,2019,140000,1000000,1140000
70912403105,2019,142800,149300,292100
81028113281,2019,69700,172900,242600
70823207018,2019,18100,232200,250300
60812321325,2019,18000,166600,184600
70925203013,2019,260500,166900,427400
70928209076,2019,97800,273600,371400
81031405203,2019,36500,177500,214000
70932109147,2019,215600,36600,252200
70916200945,2019,0,0,0
81023308176,2019,35600,91400,127000
70921214197,2019,121200,325800,447000
71011209030,2019,60300,271100,331400
70825403036,2019,578000,0,578000
71014307097,2019,57600,139400,197000
71021103082,2019,56500,143500,200000
70824409085,2019,105200,259800,365000
81030203038,2019,0,0,0
70913401158,2019,137900,164500,302400
70824102241,2019,107500,338600,446100
60802412043,2019,54400,174400,228800
70931102118,2019,118300,187300,305600
60803101306,2019,104500,245500,350000
70922330059,2019,178100,216800,394900
70922214039,2019,149300,566300,715600
71010404433,2019,53400,146400,199800
71015405262,2019,50700,199900,250600
71001325101,2019,24900,150800,175700
71022303079,2019,58300,86200,144500
81031206172,2019,48400,157500,205900
80924429841,2019,400,1600,2000
71002440106,2019,34100,0,34100
70835108064,2019,140700,539100,679800
70923407021,2019,138200,39800,178000
60904111121,2019,79700,148300,228000
70922442010,2019,24200,240800,265000
81031218119,2019,38100,142700,180800
60801122081,2019,66700,173300,240000
71007221014,2019,78000,696500,774500
71012211141,2019,60900,215100,276000
70929108045,2019,100400,224600,325000
60812317051,2019,84200,200800,285000
80924424833,2019,400,1600,2000
70928226038,2019,0,0,0
70922323038,2019,99000,275000,374000
70824310357,2019,14100,159800,173900
70920308173,2019,0,0,0
71007227103,2019,200500,479600,680100
70813324096,2019,151100,356500,507600
70815403195,2019,33000,111000,144000
71006137014,2019,31200,119900,151100
70926201016,2019,181400,304200,485600
70931302198,2019,110700,190500,301200
80925405014,2019,55200,133500,188700
71010203132,2019,54000,206000,260000
70928106264,2019,108400,192200,300600
71030208188,2019,90500,135800,226300
81019305102,2019,56300,154800,211100
70826412680,2019,10000,76700,86700
70826416864,2019,21500,107500,129000
70932406212,2019,81100,121900,203000
81034316225,2019,24300,122500,146800
80936411084,2019,69600,146200,215800
70828426085,2019,0,0,0
70923320017,2019,16000,148800,164800
70931103207,2019,104200,180300,284500
71019409179,2019,18000,86100,104100
70923160190,2019,8000,7000,15000
70835208161,2019,78200,170000,248200
70821204066,2019,98000,330000,428000
70932415015,2019,51700,160300,212000
70914411198,2019,262000,46000,308000
60812114134,2019,77800,194300,272100
70921222124,2019,133100,236100,369200
71006302261,2019,64100,192900,257000
60906102988,2019,60300,170100,230400
81022400973,2019,0,0,0
71011204014,2019,40300,177100,217400
81032409163,2019,39600,149000,188600
70913354381,2019,0,2500,2500
71003212174,2019,77000,268000,345000
70833409125,2019,46200,205800,252000
80925411102,2019,45100,134400,179500
60811420102,2019,19000,225300,244300
70928314156,2019,145800,244700,390500
71007310049,2019,450300,274900,725200
70929411117,2019,87300,228400,315700
81028118835,2019,10100,63400,73500
70912434069,2019,9000,91300,100300
71035117053,2019,65200,270900,336100
70929420093,2019,149300,328300,477600
80924425162,2019,10200,172500,182700
71003408062,2019,49900,194500,244400
71004306083,2019,52800,135100,187900
71004309128,2019,0,0,0
71004312288,2019,50100,167800,217900
71015206305,2019,76200,191500,267700
60905213025,2019,4200,47100,51300
70913417072,2019,480000,1093200,1573200
70836412117,2019,70600,152500,223100
80924411038,2019,8000,130300,138300
60801307013,2019,73000,148300,221300
81034401208,2019,62100,161600,223700
70918226113,2019,23300,97200,120500
60802418075,2019,220000,3495000,3715000
70834212048,2019,70100,205100,275200
70926109046,2019,82300,250300,332600
71006429106,2019,109100,349900,459000
71003216035,2019,0,0,0
70932408119,2019,79800,118000,197800
71021223054,2019,63900,227000,290900
70931402196,2019,110700,249300,360000
71010207415,2019,0,0,0
70920405234,2019,126600,86700,213300
71027406092,2019,54600,195400,250000
70936403313,2019,61000,135000,196000
71035106014,2019,67500,206000,273500
81030209044,2019,57100,119800,176900
70833203056,2019,105700,240600,346300
81032108096,2019,0,0,0
70921416024,2019,48900,367300,416200
71015405056,2019,36300,158400,194700
70828435036,2019,0,0,0
71007312011,2019,44800,143800,188600
70918321327,2019,0,2000,2000
70826315496,2019,52700,0,52700
70835108022,2019,113500,326500,440000
70836119010,2019,76500,159300,235800
81021304043,2019,41400,169500,210900
80925301064,2019,43300,149800,193100
71001316093,2019,64400,224900,289300
71014216107,2019,7500,116900,124400
81034315045,2019,25000,106000,131000
71014307237,2019,54800,247500,302300
81033306235,2019,95000,257300,352300
70926401319,2019,82200,154400,236600
81034310194,2019,104000,851000,955000
70833210077,2019,107900,275900,383800
80924415014,2019,37500,426800,464300
71002303130,2019,32500,201800,234300
70923125285,2019,240000,1556000,1796000
60802115316,2019,20500,128900,149400
71003102028,2019,53100,228900,282000
70825205052,2019,930000,1805000,2735000
71016404057,2019,61700,175100,236800
70822406075,2019,0,0,0
70921207241,2019,60700,185600,246300
71005410198,2019,56100,84400,140500
70922417039,2019,75700,217800,293500
71011112027,2019,70500,184500,255000
80924442926,2019,400,1600,2000
70932417061,2019,54100,116300,170400
71003411049,2019,50600,187200,237800
71002415125,2019,97100,210100,307200
70929216179,2019,89800,195700,285500
70833301173,2019,116700,351400,468100
81032416168,2019,39200,137100,176300
70826419256,2019,0,4000,4000
71009408214,2019,61300,145700,207000
81030303127,2019,58000,162200,220200
70919301089,2019,94300,273100,367400
60905208018,2019,59600,114900,174500
70929124364,2019,0,10000,10000
71016403083,2019,61900,137600,199500
80925116041,2019,13500,242100,255600
70913350123,2019,0,8000,8000
71016115026,2019,61200,137600,198800
70928302226,2019,78800,236700,315500
70923173242,2019,3300,5900,9200
70836215024,2019,0,0,0
81031401194,2019,36000,141100,177100
70929306053,2019,89000,348400,437400
71007223094,2019,172000,215800,387800
71010105130,2019,57600,253000,310600
71022201108,2019,92000,1000,93000
81034106113,2019,65900,154200,220100
71001324088,2019,65800,203200,269000
70826312096,2019,71200,227500,298700
70931202447,2019,78900,211200,290100
71012201259,2019,65800,220900,286700
70912450073,2019,27400,315800,343200
71003412146,2019,50600,202800,253400
70931209039,2019,73500,151000,224500
81028103133,2019,58600,162300,220900
60801234141,2019,15000,139100,154100
70929301087,2019,81400,264200,345600
70823208066,2019,84700,285100,369800
70913337098,2019,48300,200700,249000
71019404145,2019,89300,111000,200300
70835124870,2019,500,1500,2000
70823118207,2019,12800,87300,100100
71006118113,2019,27900,169600,197500
60905105040,2019,45000,89600,134600
80925401202,2019,61900,166700,228600
71015114251,2019,43200,211800,255000
81030311120,2019,63100,215100,278200
70836412183,2019,69700,166100,235800
70913107318,2019,1281300,10567500,11848800
70824309045,2019,13500,127100,140600
71001314089,2019,66500,202300,268800
80935108187,2019,544000,506000,1050000
80926107049,2019,53500,160000,213500
70929218076,2019,96200,231800,328000
80926114177,2019,18300,114200,132500
70916200979,2019,0,0,0
80926408033,2019,0,0,0
80924416046,2019,8600,140900,149500
70918104096,2019,841600,770000,1611600
71022203097,2019,404500,1986300,2390800
70936302101,2019,65900,144100,210000
81021309077,2019,25000,83900,108900
60904105091,2019,79800,182900,262700
70923173581,2019,3300,5900,9200
70922434067,2019,55900,249700,305600
81016301997,2019,0,0,0
71027100925,2019,41700,117300,159000
70932104139,2019,71400,184400,255800
60801409017,2019,74800,136500,211300
60801212204,2019,82900,129600,212500
60902202089,2019,151000,526800,677800
60801310040,2019,59400,286500,345900
60905107038,2019,50900,135400,186300
71005220034,2019,60600,96100,156700
70920309197,2019,108700,223600,332300
71010415224,2019,75600,182200,257800
80924101415,2019,88300,320000,408300
81028121474,2019,8700,60400,69100
70914436360,2019,154000,875000,1029000
70926217021,2019,127000,426000,553000
70913108423,2019,55000,1000,56000
71027409111,2019,60300,209700,270000
60903211097,2019,17400,90600,108000
70932410114,2019,79800,240500,320300
60801112115,2019,59500,154000,213500
81031408067,2019,38600,154200,192800
60812116099,2019,82000,180100,262100
70913210377,2019,169000,1296000,1465000
70833401262,2019,231700,392200,623900
60801417143,2019,16300,200100,216400
70922112184,2019,0,0,0
71014106514,2019,12500,187400,199900
70921111046,2019,120900,260700,381600
70929116121,2019,116200,235000,351200
71001331223,2019,66500,185500,252000
70932203014,2019,83000,270100,353100
70835118021,2019,12400,105600,118000
70932423167,2019,47800,120800,168600
70920419061,2019,101700,218600,320300
70918304117,2019,91300,208500,299800
81034411215,2019,67500,143300,210800
70923162328,2019,8000,7000,15000
71003318039,2019,57800,205900,263700
60802412027,2019,73900,247100,321000
71006201017,2019,33500,173200,206700
80925305222,2019,63900,148900,212800
81034419029,2019,22600,123300,145900
70913434513,2019,0,2300,2300
60811423114,2019,81600,183200,264800
71003216027,2019,89000,291000,380000
71010103019,2019,58200,171600,229800
70935201221,2019,40900,96100,137000
70926220016,2019,83500,231900,315400
70929401150,2019,84400,192500,276900
81034401076,2019,62800,169000,231800
80925207022,2019,54000,139300,193300
80925402127,2019,64600,176400,241000
80924304259,2019,88100,296800,384900
81032420193,2019,40400,158600,199000
81032106016,2019,0,0,0
60801316080,2019,24000,145400,169400
81026355455,2019,3800,0,3800
70826412383,2019,10000,76700,86700
70921127035,2019,14200,200800,215000
70913210070,2019,73900,172700,246600
80924410931,2019,400,1600,2000
60802412192,2019,75400,253500,328900
70928117279,2019,105300,229700,335000
70826312202,2019,74800,254500,329300
60812111023,2019,75000,172500,247500
71006445053,2019,0,265000,265000
70813320309,2019,14600,107300,121900
81019307116,2019,57700,173600,231300
60812331043,2019,0,100,100
60812407125,2019,75700,200200,275900
71006134143,2019,31000,139000,170000
70821210013,2019,125000,0,125000
80935106016,2019,64900,243200,308100
71019405276,2019,18000,143300,161300
80925204127,2019,60300,145900,206200
80925409173,2019,62400,151400,213800
71011305234,2019,66900,159800,226700
70912415027,2019,9000,91300,100300
70834303011,2019,116200,430500,546700
70826416161,2019,21500,118500,140000
80935103236,2019,75000,231500,306500
71005316255,2019,75900,274100,350000
80936117046,2019,14900,94700,109600
70829415045,2019,9500,0,9500
71010407172,2019,62400,191700,254100
70920112136,2019,119100,267200,386300
71016207310,2019,75000,137200,212200
80936116030,2019,13800,95200,109000
80924430921,2019,400,1600,2000
71001331067,2019,59100,214300,273400
71009414013,2019,63100,134000,197100
70922331114,2019,195700,559300,755000
71006107033,2019,51400,162800,214200
81028120327,2019,0,4000,4000
71035117095,2019,69200,235400,304600
70932114071,2019,270700,564600,835300
71014113064,2019,22000,133300,155300
71012217024,2019,67000,222600,289600
70926216065,2019,101600,151400,253000
70814104249,2019,76500,354200,430700
71016204192,2019,96100,176300,272400
71005110144,2019,39200,169800,209000
70835124937,2019,500,1500,2000
71009211138,2019,65100,189900,255000
70833204145,2019,121000,261000,382000
70833408036,2019,44700,445700,490400
70912423038,2019,9000,91300,100300
71009414055,2019,34000,99400,133400
71010412098,2019,59000,165700,224700
71006134250,2019,61400,138800,200200
70913205229,2019,84200,147900,232100
81022102016,2019,0,0,0
70814405035,2019,91400,209000,300400
70921105156,2019,75900,267500,343400
70828118020,2019,77700,214400,292100
81028121424,2019,8700,68600,77300
70813326117,2019,148600,392000,540600
71005413241,2019,44400,149100,193500
70931307114,2019,99000,126100,225100
70814428219,2019,15200,184800,200000
70823405084,2019,60300,289700,350000
70912403197,2019,80800,257500,338300
81033402124,2019,51400,180000,231400
70919301047,2019,88300,346500,434800
70930408187,2019,75800,172600,248400
81028111160,2019,63800,216100,279900
71007113279,2019,79800,166300,246100
71007114011,2019,79600,247000,326600
70919214026,2019,119800,145900,265700
60803113236,2019,160700,444100,604800
71003107135,2019,53100,167600,220700
71035121054,2019,58400,223100,281500
70928111057,2019,122500,269000,391500
60802413190,2019,0,0,0
81034413039,2019,66700,190600,257300
70920302266,2019,131800,439000,570800
70833208022,2019,101900,272400,374300
71010207019,2019,0,0,0
70923154648,2019,0,7500,7500
80925306402,2019,52400,110700,163100
60801314258,2019,61000,937000,998000
60802408274,2019,64000,167300,231300
70923147081,2019,8000,7000,15000
81031401037,2019,26200,0,26200
81031405360,2019,38100,128600,166700
70929307085,2019,90900,282000,372900
70918415237,2019,10500,95200,105700
70923154672,2019,0,7500,7500
81023305081,2019,35600,78300,113900
70923145655,2019,8000,7000,15000
70813328113,2019,138500,294400,432900
60811304091,2019,92400,216900,309300
71005205101,2019,77000,120000,197000
81021301346,2019,64600,180400,245000
70930411156,2019,67700,180800,248500
71003305036,2019,53000,169900,222900
60801201299,2019,67400,198700,266100
60801226239,2019,16200,178300,194500
71007230099,2019,7700,128200,135900
80924431854,2019,400,1600,2000
70836119127,2019,81300,139000,220300
70918306288,2019,74800,122100,196900
71006128154,2019,103400,154400,257800
70913309386,2019,98800,165700,264500
81019309112,2019,61300,168200,229500
71015116182,2019,55400,177800,233200
70836303100,2019,72000,164100,236100
71006110028,2019,69200,87600,156800
70919212046,2019,91500,142800,234300
70923219020,2019,83800,333500,417300
70929101031,2019,76900,208600,285500
70815106020,2019,492000,0,492000
80924421722,2019,400,1600,2000
71005301040,2019,65200,281700,346900
71005111192,2019,65100,172900,238000
81031403033,2019,35900,125100,161000
71006417185,2019,62900,284600,347500
70919306112,2019,102700,356000,458700
71006108271,2019,67200,121600,188800
70923132074,2019,96500,279100,375600
70817403044,2019,0,0,0
70835124896,2019,500,1500,2000
60904111238,2019,87100,297200,384300
80936117070,2019,13800,105000,118800
70824411262,2019,0,0,0
81034105090,2019,69200,144000,213200
80936407108,2019,72300,151400,223700
71009301153,2019,36500,122400,158900
70933402045,2019,86400,132500,218900
70931411238,2019,96700,251900,348600
80924410048,2019,8000,123400,131400
60802302400,2019,89700,237000,326700
70922216051,2019,167300,406800,574100
70920108185,2019,140000,120200,260200
80926306154,2019,65800,199400,265200
81026369068,2019,9900,7000,16900
80926311070,2019,69500,180000,249500
80935109028,2019,89100,417200,506300
60803107073,2019,103200,237100,340300
70935307475,2019,4900,55100,60000
70923143758,2019,44900,363100,408000
71016401186,2019,69000,292000,361000
71002405358,2019,58100,264600,322700
70826420435,2019,0,4000,4000
70913422196,2019,71300,300500,371800
81033207235,2019,44600,126800,171400
70923165926,2019,49900,218300,268200
70835307096,2019,78600,204100,282700
70821410150,2019,98800,0,98800
71006127122,2019,54100,167000,221100
70836410046,2019,54800,137600,192400
70828309041,2019,64900,0,64900
71007115150,2019,76600,298600,375200
70929401118,2019,86500,167100,253600
70923165306,2019,29500,135900,165400
81027106162,2019,36700,99700,136400
70826412698,2019,10000,75400,85400
70913210012,2019,68700,281700,350400
81034207078,2019,66100,163900,230000
70923128015,2019,294200,667800,962000
70920105157,2019,120800,219200,340000
70836311038,2019,231000,164000,395000
71015117106,2019,53000,225700,278700
71003412120,2019,49600,132900,182500
70914439463,2019,1000,5400,6400
60812321200,2019,19600,154300,173900
81031219191,2019,38500,105200,143700
70918415849,2019,10500,119100,129600
70835302145,2019,113700,270100,383800
60801231014,2019,35000,100800,135800
70813320028,2019,14600,98600,113200
70834101069,2019,121700,245800,367500
81034309072,2019,70500,227100,297600
70825104113,2019,341000,2369000,2710000
60812105133,2019,74100,189900,264000
81030101018,2019,0,0,0
70931416022,2019,119800,203400,323200
71010306316,2019,50100,190300,240400
60905208109,2019,0,0,0
71012206267,2019,61600,224300,285900
70931302362,2019,124700,129400,254100
70921112193,2019,113800,110600,224400
71030208047,2019,85900,231000,316900
70929117062,2019,89900,260900,350800
71010408237,2019,56400,139600,196000
81021402219,2019,43300,128300,171600
70920222068,2019,16400,139200,155600
70919409164,2019,97600,259300,356900
70921124073,2019,121400,422400,543800
71014117040,2019,28400,144600,173000
60812121337,2019,77600,238200,315800
60802109103,2019,71100,180300,251400
60812313679,2019,33100,230900,264000
81028402056,2019,58500,127700,186200
70914438473,2019,2200,22800,25000
70927107312,2019,37400,375900,413300
70922336221,2019,130200,255600,385800
70923154177,2019,0,7500,7500
80924444724,2019,400,1600,2000
60811411028,2019,75600,228200,303800
60802101125,2019,72100,174100,246200
71008102073,2019,43200,143300,186500
81033204215,2019,47300,158400,205700
70824420023,2019,35700,139500,175200
80924304100,2019,69200,315700,384900
71003102151,2019,54300,260300,314600
71004407302,2019,45300,169400,214700
81034111188,2019,60200,173500,233700
70919412042,2019,110300,282200,392500
70835125125,2019,500,1500,2000
70929111030,2019,100500,248600,349100
71005112223,2019,29000,350000,379000
70929215270,2019,96000,312100,408100
70833203270,2019,111600,225700,337300
70919409122,2019,102500,260500,363000
70935308019,2019,177000,262000,439000
81019302091,2019,59200,154400,213600
60812101058,2019,77800,176600,254400
70920408353,2019,114700,185600,300300
70923161312,2019,8000,7000,15000
70913214064,2019,123300,165100,288400
60812313687,2019,33100,230900,264000
70836201031,2019,77100,207900,285000
60905104050,2019,53600,161800,215400
71010218107,2019,10900,110500,121400
70926220107,2019,83500,158500,242000
71004200863,2019,168500,265200,433700
70835108204,2019,104200,430400,534600
70813110213,2019,130900,175500,306400
60812210130,2019,0,0,0
71010112127,2019,78500,344800,423300
81014303672,2019,11300,0,11300
80925217047,2019,58500,164200,222700
70923308188,2019,86600,318900,405500
71035121070,2019,59900,219300,279200
70923170884,2019,2100,400,2500
71006130068,2019,47100,73900,121000
80925118089,2019,12900,259200,272100
71016104029,2019,63300,87400,150700
71002406207,2019,46200,216800,263000
81032416051,2019,33200,163200,196400
81028106046,2019,451000,3815000,4266000
81030309117,2019,64700,173700,238400
60812318067,2019,84500,216500,301000
70928218069,2019,92200,290800,383000
70923402089,2019,198200,99900,298100
71008108881,2019,1100,8900,10000
71021112075,2019,68400,182800,251200
80936205015,2019,63300,112800,176100
60801205051,2019,66100,170900,237000
70836216204,2019,5500,100300,105800
71003103125,2019,54300,262500,316800
60811104061,2019,99200,255100,354300
71009220189,2019,0,0,0
71004307205,2019,54100,132400,186500
70929421067,2019,138900,306800,445700
70918310073,2019,130500,99300,229800
60802106018,2019,70100,175900,246000
81032422066,2019,39700,159300,199000
70922335330,2019,145600,399500,545100
70922231059,2019,182600,365200,547800
70833411162,2019,46200,208800,255000
70814101245,2019,117300,280400,397700
70834215084,2019,89500,352500,442000
70922321123,2019,130200,293000,423200
70928315211,2019,98300,201100,299400
70834210125,2019,83600,268900,352500
70920117251,2019,148100,208400,356500
80924406972,2019,400,1600,2000
71021207040,2019,58600,132600,191200
70932109098,2019,213700,549500,763200
70922317023,2019,0,0,0
81032101090,2019,31600,108000,139600
70923116078,2019,96700,367000,463700
70826416294,2019,18400,83600,102000
70913350743,2019,0,8000,8000
70923206168,2019,0,0,0
70923225217,2019,127000,331900,458900
81023200984,2019,4300,0,4300
71012215440,2019,17700,241900,259600
60801208287,2019,51100,190800,241900
60801105136,2019,66700,162000,228700
71005341145,2019,195200,396200,591400
70901113103,2019,17700,95800,113500
70929120015,2019,0,0,0
81032301236,2019,0,0,0
81030208020,2019,64000,251000,315000
71006423249,2019,75800,168600,244400
70920417073,2019,102400,298300,400700
80924401021,2019,23100,177000,200100
71009320179,2019,58500,91000,149500
70922426163,2019,171200,535200,706400
71027400979,2019,109000,76400,185400
71004407287,2019,45300,190700,236000
71010311216,2019,51000,156900,207900
70918321244,2019,0,2000,2000
81034106353,2019,61600,180900,242500
70931204039,2019,78500,133800,212300
70822110121,2019,47800,185300,233100
71035205072,2019,66900,189100,256000
70921417022,2019,113300,257600,370900
71001314013,2019,67000,222900,289900
70929201237,2019,90900,336100,427000
60802312384,2019,101500,236100,337600
81021308079,2019,10000,101100,111100
81030212039,2019,45600,86400,132000
70824102019,2019,112100,240400,352500
70923122140,2019,575000,9080000,9655000
70826416690,2019,21500,124000,145500
80924421011,2019,8600,166800,175400
70923167013,2019,6500,18500,25000
71011210144,2019,54300,249700,304000
81030215132,2019,4500,75500,80000
70921223148,2019,139700,240900,380600
70828109053,2019,94700,200900,295600
60906206178,2019,60800,170300,231100
71015203327,2019,49800,172500,222300
70921311026,2019,85500,188500,274000
70834405148,2019,103700,300300,404000
81032414055,2019,44500,121100,165600
60812315021,2019,38000,175900,213900
60811206031,2019,99900,228100,328000
70922226175,2019,247900,0,247900
70913127986,2019,1000,9000,10000
81032419328,2019,39200,126600,165800
70816322443,2019,17300,226100,243400
70834417135,2019,13200,0,13200
70923156694,2019,5000,10000,15000
70932416237,2019,53600,120300,173900
80925101068,2019,39200,223300,262500
71004312262,2019,56400,155600,212000
60801408085,2019,74800,228900,303700
71007201115,2019,118200,304500,422700
70835207098,2019,84900,229100,314000
71007224315,2019,95200,385000,480200
71005319019,2019,98100,217400,315500
81021408069,2019,56100,187300,243400
70918319877,2019,20500,76200,96700
71005314217,2019,68000,264900,332900
70822102300,2019,101900,249900,351800
70913346081,2019,101400,564200,665600
71006113329,2019,33400,160600,194000
60906108150,2019,61800,153500,215300
81033301160,2019,0,0,0
71004307312,2019,58500,141500,200000
71004313096,2019,59300,168800,228100
70821114017,2019,55700,245500,301200
70921307017,2019,174600,424400,599000
81028103167,2019,57400,131200,188600
71015201040,2019,61100,154100,215200
70922345123,2019,82100,139300,221400
71013203155,2019,11500,0,11500
70913414325,2019,87200,372000,459200
71021203098,2019,60500,164400,224900
81034405086,2019,66000,220500,286500
70901109243,2019,40000,60800,100800
70929222069,2019,96200,304100,400300
80936405037,2019,79300,329700,409000
81032411019,2019,51300,125400,176700
80925211023,2019,48200,131500,179700
71012207190,2019,61100,174300,235400
70813108101,2019,106500,268500,375000
71015117198,2019,50700,163800,214500
70931206077,2019,75300,172100,247400
70921305045,2019,162000,333000,495000
80924420948,2019,400,1600,2000
71009312150,2019,68800,177800,246600
71034102211,2019,47000,247100,294100
71016112030,2019,54900,154200,209100
70834308425,2019,125000,355400,480400
70829413065,2019,16500,0,16500
70922440296,2019,94900,192000,286900
71010313387,2019,55700,158700,214400
71010104207,2019,54300,188400,242700
70923175248,2019,3300,11700,15000
81033402025,2019,53700,150500,204200
71003417039,2019,48300,209800,258100
70935205091,2019,37700,102800,140500
80925206024,2019,55600,120500,176100
70931306140,2019,93500,241900,335400
70828420053,2019,0,0,0
60801404083,2019,80900,207600,288500
81034316077,2019,24300,122500,146800
70923131175,2019,77400,166700,244100
80924411096,2019,8000,147400,155400
80926400906,2019,945000,4305000,5250000
71010105156,2019,58700,186100,244800
70929427130,2019,110000,440000,550000
70828311096,2019,64900,303300,368200
70922212083,2019,179200,378100,557300
70823415017,2019,58000,235300,293300
70823405117,2019,60300,285900,346200
81033204140,2019,47100,146400,193500
60802312011,2019,0,0,0
70826417317,2019,21500,116500,138000
70828403033,2019,0,0,0
80936407091,2019,74400,178800,253200
81026355033,2019,74700,204300,279000
60811111066,2019,103300,242600,345900
81034207060,2019,70000,194400,264400
70834214101,2019,27000,271000,298000
70928108252,2019,108400,315200,423600
60811418024,2019,82000,194100,276100
81026361080,2019,100,0,100
80925308094,2019,89900,153200,243100
70929118044,2019,89900,249000,338900
81032401078,2019,213500,390500,604000
60811114052,2019,109100,204600,313700
81031302037,2019,50300,84400,134700
70923165752,2019,29500,149000,178500
60811408025,2019,74800,159000,233800
71005105020,2019,44000,184800,228800
71009214025,2019,61000,215900,276900
81031209168,2019,67400,90800,158200
60801219292,2019,71100,190900,262000
70834417119,2019,13200,0,13200
70932411039,2019,74900,112700,187600
71006437026,2019,39000,281000,320000
60802435011,2019,35000,146500,181500
81034103135,2019,67300,161700,229000
70901112014,2019,1000,0,1000
81031209241,2019,86500,136500,223000
81021303152,2019,47400,181800,229200
70921209057,2019,71500,164000,235500
71021113180,2019,15100,100100,115200
70826420906,2019,0,4000,4000
70913131028,2019,1110000,18571000,19681000
71003312023,2019,49200,138700,187900
70823104066,2019,89400,190200,279600
70813310318,2019,15400,166800,182200
60811117189,2019,19100,171400,190500
70824213155,2019,107500,207400,314900
70919403314,2019,100300,247300,347600
70813328147,2019,125000,294200,419200
70920419277,2019,97300,325200,422500
81031221039,2019,38500,121300,159800
70918411136,2019,137000,306000,443000
70826417630,2019,21500,107500,129000
71009218316,2019,49100,128700,177800
70922339142,2019,201700,481400,683100
71016202237,2019,59000,198100,257100
70826420071,2019,0,4000,4000
71004301108,2019,69100,117600,186700
81019305160,2019,56300,189700,246000
70926113120,2019,81800,183300,265100
60801419438,2019,16600,207800,224400
81031212244,2019,36900,113100,150000
70923133246,2019,102100,102900,205000
70921305178,2019,180000,459000,639000
81026206161,2019,100,0,100
70918219027,2019,128500,214300,342800
71030208120,2019,82500,216500,299000
70920104266,2019,0,0,0
60804210065,2019,17600,0,17600
70814312397,2019,26100,249900,276000
80925107173,2019,54300,116000,170300
71005401113,2019,65700,134300,200000
71009310063,2019,68800,135800,204600
70823413110,2019,26800,188300,215100
70826211686,2019,10000,50000,60000
70926118071,2019,181400,385000,566400
81034202151,2019,68600,243500,312100
81028108307,2019,57300,143900,201200
81021303144,2019,47200,171600,218800
71006204110,2019,56600,133400,190000
71009226046,2019,62000,0,62000
71006431044,2019,110100,245200,355300
70823404060,2019,40500,153000,193500
70932108157,2019,128000,246300,374300
71010213123,2019,54700,116300,171000
71005204202,2019,82400,69300,151700
81031208045,2019,36200,138700,174900
71008102172,2019,36400,206000,242400
70913127051,2019,22100,299100,321200
70923150133,2019,66100,412300,478400
60904101370,2019,84200,290800,375000
81027202051,2019,59000,162900,221900
60812109250,2019,76300,167600,243900
81028300903,2019,285500,0,285500
60801209235,2019,67400,161900,229300
60812404022,2019,79500,172000,251500
70921216177,2019,99500,186800,286300
70835122907,2019,6500,74500,81000
70924219102,2019,0,25000,25000
70824415058,2019,11300,87900,99200
81026357104,2019,59500,348500,408000
70836318018,2019,31500,125100,156600
60812324030,2019,28700,177400,206100
81021106209,2019,60300,185600,245900
81034401018,2019,63800,150000,213800
71003410059,2019,50500,226600,277100
70933401021,2019,0,0,0
70922215102,2019,181700,630300,812000
70924218451,2019,51300,743300,794600
71019402107,2019,406800,1088200,1495000
70835113188,2019,100300,297300,397600
60801401154,2019,74800,136200,211000
71005334140,2019,110100,293600,403700
70932305208,2019,55200,165300,220500
71009411043,2019,62900,112000,174900
60906106188,2019,60300,170000,230300
70835122478,2019,6500,70700,77200
71007113328,2019,76600,362300,438900
81034404088,2019,67200,182800,250000
60802302567,2019,92800,243100,335900
70815301076,2019,699300,0,699300
71003315267,2019,48300,168700,217000
60812405096,2019,85300,193000,278300
81035114040,2019,100,0,100
70923203057,2019,625000,3184000,3809000
70935113088,2019,49200,137600,186800
71007242151,2019,9300,173100,182400
70836417068,2019,59700,144400,204100
70823404276,2019,35700,172700,208400
70931302346,2019,106900,231200,338100
70914301224,2019,659000,518000,1177000
81033205255,2019,41400,134200,175600
70913112226,2019,95500,157200,252700
70923409051,2019,160300,99200,259500
60802410401,2019,70600,235700,306300
71003416255,2019,53400,268300,321700
70930103018,2019,79200,230600,309800
70913108209,2019,83200,113400,196600
70929416274,2019,72300,233200,305500
71016114268,2019,54500,127500,182000
71011207216,2019,35100,202100,237200
70834214440,2019,40800,399600,440400
60812322026,2019,39500,194200,233700
70929214115,2019,95200,192600,287800
70815402014,2019,968000,3117000,4085000
60812329410,2019,13500,156600,170100
70918407060,2019,235200,203000,438200
71001103036,2019,63500,276400,339900
80924402996,2019,400,1600,2000
70923113157,2019,112100,565600,677700
70923146231,2019,8000,7000,15000
70814207134,2019,87800,193200,281000
70929304148,2019,90700,278000,368700
70932110045,2019,137800,287200,425000
70834214284,2019,27000,284900,311900
80925213053,2019,58000,163300,221300
60811302277,2019,79800,278600,358400
81034324153,2019,30000,99000,129000
70836108196,2019,71700,150700,222400
71009411069,2019,63700,98800,162500
70813326050,2019,134700,269200,403900
70824213197,2019,106200,326200,432400
71005321072,2019,133900,373300,507200
70824203255,2019,114800,306500,421300
70835209094,2019,78200,198200,276400
81026364133,2019,4400,0,4400
70929427065,2019,127500,289500,417000
81027102178,2019,401200,0,401200
70836413115,2019,66200,131500,197700
81014301030,2019,0,0,0
80924418779,2019,400,1600,2000
81019310094,2019,58000,165600,223600
71014304027,2019,56300,179200,235500
60901204044,2019,60900,171700,232600
80925113732,2019,800,1200,2000
71015106042,2019,66400,166600,233000
70929119034,2019,89900,261900,351800
70833205200,2019,29500,275100,304600
81032305056,2019,84500,116400,200900
71010108142,2019,57100,170000,227100
70919404106,2019,102000,181000,283000
81033204421,2019,154500,400400,554900
70931301025,2019,104200,203600,307800
70919223168,2019,101300,103300,204600
70932305191,2019,58500,148600,207100
71016407043,2019,62400,154900,217300
71011108505,2019,30000,235100,265100
81031415088,2019,36700,164300,201000
60812405484,2019,74600,199600,274200
71034104217,2019,73000,187000,260000
70926103147,2019,80900,234300,315200
60802305032,2019,13800,198700,212500
71021107018,2019,64500,166900,231400
70923168657,2019,3400,13800,17200
70923173846,2019,3300,5900,9200
70923152519,2019,44100,908300,952400
60906207118,2019,59900,134200,194100
71009223282,2019,45100,181500,226600
81016302086,2019,0,0,0
70820105190,2019,100,0,100
60902204077,2019,99200,245200,344400
70821202094,2019,118000,405000,523000
71014216537,2019,7500,127700,135200
70820111098,2019,100,0,100
70836117171,2019,68700,174000,242700
71015103204,2019,67300,141700,209000
70923171428,2019,3600,2700,6300
70923232072,2019,0,0,0
70826412507,2019,10000,76000,86000
80936209041,2019,66300,173500,239800
80924438884,2019,400,1600,2000
70828115026,2019,88900,192600,281500
70826421136,2019,0,4000,4000
70928111164,2019,109100,264800,373900
70923313096,2019,167400,203000,370400
80924438818,2019,400,1600,2000
71011303121,2019,65000,161500,226500
81030317326,2019,56000,126600,182600
60811304265,2019,88600,226600,315200
70823212215,2019,68100,204200,272300
70932410213,2019,74000,76000,150000
70932102034,2019,119800,304400,424200
81021402235,2019,46300,136200,182500
70901106124,2019,54500,160700,215200
81034205155,2019,66400,201600,268000
70923163665,2019,44900,343700,388600
70828318125,2019,12800,0,12800
80926105134,2019,54000,146300,200300
70912444026,2019,9000,91300,100300
70822102277,2019,109800,274100,383900
71009206030,2019,38400,232100,270500
71002406322,2019,37900,231300,269200
70919203037,2019,84700,103700,188400
60803113046,2019,0,0,0
71010207035,2019,0,0,0
71006307302,2019,23700,232900,256600
80926106091,2019,53400,124600,178000
70928314164,2019,156500,343500,500000
70936409270,2019,67700,166300,234000
70923124138,2019,129400,192400,321800
70814201029,2019,103400,288600,392000
71026200990,2019,0,0,0
70836213680,2019,11600,103500,115100
70826419602,2019,0,4000,4000
80924417078,2019,8600,134500,143100
70814430347,2019,19700,211000,230700
70915301017,2019,0,0,0
70813329153,2019,18600,166800,185400
70913426099,2019,487300,260400,747700
70833209054,2019,109900,287900,397800
71002310200,2019,57700,260400,318100
71011305044,2019,63800,166200,230000
70930305284,2019,1330000,4540000,5870000
70918311089,2019,0,0,0
70918415956,2019,9500,33800,43300
70923319036,2019,141000,928000,1069000
71006122180,2019,57200,100400,157600
70923170826,2019,2100,400,2500
60903209109,2019,11600,123400,135000
80925114954,2019,800,1200,2000
70825209616,2019,7000,18000,25000
70932423183,2019,46700,125300,172000
70901105308,2019,67100,128100,195200
60801406138,2019,24900,156000,180900
71015105010,2019,60700,168900,229600
60802104012,2019,84300,187600,271900
71034103219,2019,60800,189600,250400
71011301050,2019,56400,146500,202900
71005407161,2019,47400,158600,206000
80926303069,2019,67400,237600,305000
81032420284,2019,40400,163000,203400
70935307045,2019,4900,51800,56700
70823404010,2019,37000,156700,193700
70918210083,2019,164600,408400,573000
81026356073,2019,100,0,100
70924219798,2019,0,25000,25000
70918307096,2019,74800,89100,163900
70914432011,2019,45100,188300,233400
81015105019,2019,61500,180600,242100
70816322419,2019,17300,226500,243800
70930101088,2019,81400,163900,245300
70823406347,2019,60300,207300,267600
70918416227,2019,10500,115200,125700
80925105086,2019,50800,152800,203600
70826211165,2019,13700,65800,79500
70926219043,2019,82300,145100,227400
81031411250,2019,29900,183600,213500
71004317080,2019,63200,177100,240300
71035114158,2019,66900,196300,263200
70826414090,2019,16100,107000,123100
71009315013,2019,64100,119000,183100
70820114018,2019,139400,0,139400
70835107404,2019,0,0,0
71011305200,2019,62700,150400,213100
70921303239,2019,164000,429300,593300
71003313253,2019,49300,161800,211100
70834427837,2019,0,5000,5000
70913124114,2019,114000,92400,206400
60811402291,2019,75500,201900,277400
70913405085,2019,116700,261300,378000
60812325062,2019,17000,108000,125000
81026355512,2019,3800,0,3800
70826313185,2019,72000,248400,320400
70913354406,2019,0,2500,2500
70923159416,2019,8000,7000,15000
71007109153,2019,147200,337900,485100
70929119026,2019,89900,165100,255000
71006201025,2019,29500,135500,165000
70824224029,2019,85300,214700,300000
71010210179,2019,59100,174100,233200
81034406034,2019,66300,181900,248200
80924440855,2019,400,1600,2000
70816317113,2019,163500,0,163500
70922434257,2019,69400,210500,279900
70918211362,2019,157500,280100,437600
70929120023,2019,106600,237200,343800
71011407072,2019,103000,251900,354900
70836413107,2019,72500,134000,206500
70933202015,2019,170700,250300,421000
80926101207,2019,52800,160600,213400
70921316068,2019,109200,160900,270100
81026351031,2019,44700,65400,110100
70914437350,2019,1100,5900,7000
70923203081,2019,208000,898000,1106000
71012202182,2019,63200,176800,240000
81021413018,2019,53400,198300,251700
70828421027,2019,0,0,0
70833109080,2019,78100,232800,310900
60812101040,2019,78800,154400,233200
70932110235,2019,128000,301000,429000
70833401270,2019,384000,0,384000
60804104193,2019,132500,358400,490900
60905213249,2019,0,0,0
71012207166,2019,58400,216700,275100
81023304083,2019,35600,152700,188300
70929306011,2019,92400,245600,338000
60812202111,2019,81200,175500,256700
70913119222,2019,81600,122400,204000
60903209076,2019,11600,134700,146300
70929425085,2019,90500,257500,348000
71006432133,2019,110500,330900,441400
70922410132,2019,134300,393400,527700
81032308183,2019,43700,153600,197300
71020302049,2019,90700,198800,289500
71016201106,2019,65600,153600,219200
81031210058,2019,52300,137100,189400
81034329020,2019,29300,104700,134000
70922404268,2019,127800,223500,351300
60801212147,2019,70100,181100,251200
81014303565,2019,32800,150100,182900
70826420469,2019,0,4000,4000
70929113193,2019,89800,235100,324900
60801215141,2019,55700,213300,269000
70935302178,2019,31500,127500,159000
70826211181,2019,10000,50000,60000
70833205143,2019,30400,233000,263400
81028118926,2019,8700,66900,75600
70913403203,2019,91600,181400,273000
81019309055,2019,70300,155200,225500
70936305303,2019,62500,139900,202400
71006413076,2019,0,0,0
71007224290,2019,94200,226700,320900
71034108029,2019,70200,164200,234400
70901112139,2019,68100,223400,291500
70914428078,2019,153000,422000,575000
81034406042,2019,66300,219100,285400
81034402149,2019,58400,204400,262800
71005401246,2019,55100,128400,183500
70816321031,2019,64200,250500,314700
80925215132,2019,55700,134800,190500
80926402100,2019,51600,111100,162700
70923314094,2019,158800,205000,363800
81027102095,2019,1040000,8581700,9621700
70929420043,2019,153800,644400,798200
70918319463,2019,20500,97900,118400
70816401205,2019,170400,599600,770000
71007242391,2019,9300,195700,205000
80925111075,2019,53500,132200,185700
70923173648,2019,3300,5900,9200
70816319094,2019,183600,615000,798600
71005213104,2019,49400,144800,194200
71011207159,2019,45400,202000,247400
60811410046,2019,75600,163900,239500
81021303079,2019,58800,160300,219100
70912424010,2019,9000,91300,100300
70929121047,2019,109900,277400,387300
70919414014,2019,115500,350600,466100
71003104058,2019,53100,210400,263500
81034316192,2019,24300,122500,146800
60812111487,2019,80900,232800,313700
70813312041,2019,0,0,0
70919405302,2019,99600,200800,300400
70931104023,2019,153400,215500,368900
60801118171,2019,66700,166300,233000
71022303095,2019,351500,166100,517600
71010402114,2019,41300,166600,207900
70828423114,2019,0,0,0
80925120894,2019,800,1200,2000
70931210052,2019,73200,184300,257500
70928205090,2019,97800,178000,275800
70919307178,2019,223400,251700,475100
70918312144,2019,163500,192100,355600
81034325028,2019,30000,104100,134100
71005304185,2019,51700,176800,228500
81031216113,2019,40500,0,40500
71034102146,2019,57700,184700,242400
60802418158,2019,58800,175100,233900
70834412028,2019,0,0,0
81034117079,2019,67000,223200,290200
71003410017,2019,64900,190100,255000
71002102029,2019,44900,178900,223800
71014214375,2019,8100,114900,123000
71003401024,2019,54800,156200,211000
71002444132,2019,100,0,100
70813304056,2019,83600,208400,292000
71006307089,2019,69200,127200,196400
71004403045,2019,105500,484900,590400
60812324113,2019,28700,182500,211200
70926101258,2019,80200,210800,291000
71010111046,2019,48600,163900,212500
70924214285,2019,29300,544900,574200
81026418055,2019,100,0,100
70936309082,2019,59700,162500,222200
80926114234,2019,18300,116900,135200
80925109244,2019,50600,156500,207100
80925410112,2019,59100,154400,213500
71004302437,2019,47900,180900,228800
60801104253,2019,63000,144600,207600
70929305154,2019,81600,228500,310100
81028118207,2019,8700,63800,72500
60812306145,2019,78100,199200,277300
70914439455,2019,1000,9600,10600
70922402030,2019,154000,211000,365000
70913405168,2019,0,0,0
71005231346,2019,48500,103900,152400
70814206029,2019,89500,315400,404900
70820108061,2019,100,0,100
71012209188,2019,60700,225100,285800
70919204093,2019,95800,123600,219400
80924416848,2019,400,1600,2000
70834103015,2019,129300,264500,393800
70836114234,2019,69500,217300,286800
70923413226,2019,1700,16300,18000
70814423160,2019,0,0,0
70914438704,2019,2200,22800,25000
71019410027,2019,81300,84700,166000
70826420493,2019,0,4000,4000
70918319497,2019,20500,113500,134000
70824211092,2019,114700,339400,454100
81027401017,2019,624000,1546000,2170000
70919406110,2019,107400,191300,298700
71007225123,2019,99200,165800,265000
70926411079,2019,132000,222900,354900
60812321193,2019,19600,170900,190500
70924219326,2019,0,25000,25000
70932407129,2019,79800,200700,280500
70922410231,2019,106300,297300,403600
71009301062,2019,68600,139400,208000
70914437756,2019,2200,17300,19500
70823407303,2019,49100,302700,351800
81028101054,2019,57400,160600,218000
70823405240,2019,53000,275000,328000
80926103229,2019,54000,131300,185300
70924213021,2019,498000,317900,815900
81026427048,2019,700,0,700
71004301223,2019,54700,175800,230500
71002310143,2019,48000,252000,300000
71034105033,2019,80300,222500,302800
60811204027,2019,120200,245400,365600
71010307132,2019,50100,143900,194000
71035118100,2019,0,0,0
70928307151,2019,159000,226000,385000
71010111179,2019,73700,222800,296500
71007206115,2019,49700,118500,168200
60802416152,2019,0,0,0
71006308079,2019,65200,141700,206900
71005401155,2019,57400,106400,163800
71035118085,2019,64300,229600,293900
70932410057,2019,77900,113800,191700
70822210020,2019,0,0,0
71006308194,2019,69200,118700,187900
70921113133,2019,124400,371400,495800
71014307386,2019,55100,186700,241800
60812214166,2019,19100,183500,202600
60804106040,2019,171900,526200,698100
70826418365,2019,21200,116700,137900
80935108137,2019,352900,210100,563000
70922440155,2019,81200,182900,264100
70923161114,2019,8000,7000,15000
70813320044,2019,14600,103100,117700
60801415080,2019,85900,239100,325000
71010407031,2019,60400,183400,243800
70913318056,2019,98900,262700,361600
70821110164,2019,118700,305200,423900
70930301050,2019,671000,4619000,5290000
70813326167,2019,126300,307200,433500
81031213177,2019,38100,148500,186600
70931405207,2019,97400,256900,354300
71011406016,2019,80500,262300,342800
70913119090,2019,100500,73300,173800
70820112179,2019,100,0,100
81022406038,2019,0,0,0
70919107221,2019,100100,175800,275900
70836417034,2019,69900,154300,224200
70833103074,2019,129900,434800,564700
70920107103,2019,116900,119200,236100
70826211587,2019,10000,50000,60000
70820117038,2019,100,0,100
70829111148,2019,0,0,0
70929215014,2019,98200,208900,307100
70836208342,2019,73700,194100,267800
70836407291,2019,61000,137100,198100
70823403319,2019,45600,301600,347200
60801311238,2019,77600,292300,369900
60905213299,2019,4200,43700,47900
70835303169,2019,79200,207500,286700
71027100941,2019,39800,110000,149800
70935104011,2019,0,0,0
70923408441,2019,87300,146900,234200
80936403015,2019,41000,514000,555000
70935202237,2019,66200,177800,244000
81028104206,2019,59000,154800,213800
70929106255,2019,82800,175500,258300
70814415117,2019,88800,216200,305000
70823121086,2019,20000,103200,123200
60801408035,2019,80300,281900,362200
60801210076,2019,64300,160900,225200
70822105114,2019,116300,274200,390500
70826420592,2019,0,4000,4000
80924413109,2019,9400,154100,163500
70919305099,2019,108900,301000,409900
71009211047,2019,54700,143200,197900
70923413218,2019,1700,16300,18000
70833410023,2019,44700,440700,485400
81032314164,2019,12000,153000,165000
71002442102,2019,100,0,100
70913348194,2019,7900,321100,329000
71010212323,2019,61400,178600,240000
70914431063,2019,160900,823600,984500
81021105087,2019,61000,177000,238000
71005317104,2019,63800,278200,342000
70901109201,2019,71800,104000,175800
71009217342,2019,10600,0,10600
70828307029,2019,51400,236000,287400
70913114256,2019,83600,304900,388500
81034404054,2019,69800,184100,253900
60812201246,2019,105700,271300,377000
81030206107,2019,55200,102500,157700
71007220321,2019,126400,277000,403400
60812305105,2019,70000,188000,258000
70923164340,2019,44900,382200,427100
70826312210,2019,69600,269300,338900
70926409280,2019,4000,0,4000
71014202388,2019,55900,170100,226000
70935102065,2019,45900,85600,131500
70814308065,2019,117000,281600,398600
70822101021,2019,0,0,0
70928209018,2019,100900,305000,405900
70923152238,2019,34100,579500,613600
70828306154,2019,35000,239900,274900
70813324020,2019,151100,371200,522300
70933411020,2019,30000,280000,310000
71007309258,2019,110700,302700,413400
70918319835,2019,20500,62500,83000
71011301175,2019,60100,142900,203000
70932102240,2019,145100,317900,463000
70930302115,2019,270000,29000,299000
71035125022,2019,11800,232200,244000
71001330100,2019,25200,120000,145200
71009413057,2019,63300,124700,188000
81031201049,2019,64000,142000,206000
71006134036,2019,59100,164700,223800
70913318220,2019,0,0,0
80926308134,2019,63500,179200,242700
71014214234,2019,8100,155700,163800
70913433151,2019,12300,279800,292100
70922219047,2019,245600,0,245600
70922202042,2019,120000,240000,360000
60902103162,2019,20000,115900,135900
70823403129,2019,45600,204500,250100
60801316254,2019,24000,145000,169000
71003312180,2019,48800,140900,189700
71005314027,2019,60900,241400,302300
71003404052,2019,53600,219000,272600
70919403330,2019,109300,290500,399800
70934308036,2019,215000,0,215000
81022101084,2019,556700,2153000,2709700
60812407109,2019,78000,197000,275000
60801219193,2019,73500,151000,224500
70813326224,2019,135700,286700,422400
70820105124,2019,100,0,100
60811435028,2019,86600,181500,268100
60802103072,2019,73700,198900,272600
70919409073,2019,113600,256400,370000
60905207052,2019,60500,129500,190000
81034408270,2019,68900,186100,255000
70826310090,2019,102500,316500,419000
70919403124,2019,113200,314200,427400
60811109087,2019,104300,259300,363600
70933204110,2019,156200,616300,772500
70936406341,2019,63000,162900,225900
81021305215,2019,67100,171000,238100
71007107157,2019,99200,288900,388100
71007206165,2019,56300,152500,208800
60902207013,2019,132000,415300,547300
70823409094,2019,49100,232400,281500
70914406149,2019,110200,419700,529900
60812122103,2019,77800,217500,295300
71006409257,2019,54100,327500,381600
70920306101,2019,95900,205500,301400
60802109161,2019,72100,174500,246600
70929305021,2019,91300,328600,419900
70921312032,2019,81000,153900,234900
71007212063,2019,270000,674400,944400
71016115050,2019,59100,123900,183000
80926404057,2019,0,0,0
71007225032,2019,99200,88800,188000
71010105065,2019,55600,191500,247100
81031229025,2019,66000,284000,350000
70928106066,2019,109100,268800,377900
70835122387,2019,6500,69600,76100
70922335299,2019,145800,468400,614200
71014216305,2019,7500,121300,128800
70923177012,2019,0,0,0
70913114165,2019,85900,208300,294200
70816405041,2019,198200,452500,650700
70918401153,2019,564100,285900,850000
81032422082,2019,33800,130500,164300
70913415109,2019,90600,272900,363500
60801234034,2019,15000,140900,155900
70920116013,2019,0,0,0
80925407127,2019,55300,110200,165500
70913323055,2019,134100,441600,575700
70922440353,2019,65200,202700,267900
70829109101,2019,99000,350000,449000
71015119186,2019,40300,170600,210900
71014106332,2019,12500,167300,179800
71007226080,2019,0,0,0
70923412434,2019,1700,16300,18000
70921414078,2019,129200,349800,479000
70926416011,2019,48800,47200,96000
70934308028,2019,220000,780000,1000000
60802108030,2019,67900,145600,213500
70820109233,2019,100,0,100
70822102152,2019,109800,327600,437400
81028121226,2019,0,0,0
71009214249,2019,0,0,0
70932421145,2019,47600,126000,173600
71005218097,2019,68100,119500,187600
81030308010,2019,63100,165700,228800
71003418269,2019,56100,234700,290800
70923150703,2019,102600,745000,847600
70922317180,2019,87900,331100,419000
71005309151,2019,65100,221500,286600
71006211157,2019,69200,151600,220800
71007226353,2019,97900,185900,283800
71003305094,2019,48800,136100,184900
81031225130,2019,46600,130000,176600
70932406288,2019,43000,39100,82100
80924410105,2019,8000,133800,141800
71005302014,2019,57300,125300,182600
60812325038,2019,17000,108900,125900
71012205087,2019,69500,223700,293200
80926309033,2019,69100,206100,275200
80924407037,2019,8300,146300,154600
60802402101,2019,73200,160700,233900
71003412203,2019,53600,192500,246100
70913346271,2019,78000,322400,400400
71005224284,2019,63100,128500,191600
71009214108,2019,50800,123900,174700
70931207124,2019,55000,275000,330000
80924412747,2019,400,1600,2000
71005413217,2019,44400,179300,223700
71006411054,2019,70500,206000,276500
71034109069,2019,54700,136600,191300
60801234109,2019,15000,138700,153700
70923164639,2019,44900,401500,446400
60801411137,2019,79400,231100,310500
60812321375,2019,18000,170300,188300
71016407035,2019,62400,131200,193600
70813307208,2019,106500,203500,310000
60801111084,2019,65800,158600,224400
71019411059,2019,9000,70500,79500
70923164308,2019,44900,196900,241800
70914416081,2019,373900,7066000,7439900
70820107013,2019,100,0,100
70913318204,2019,120000,82700,202700
70922435172,2019,1700,0,1700
71027409096,2019,56500,211700,268200
70923159440,2019,8000,3500,11500
71016117022,2019,59500,145500,205000
71016411101,2019,61900,134400,196300
80936207087,2019,57500,373700,431200
81032416150,2019,0,0,0
70914419069,2019,867000,139000,1006000
70930408046,2019,79700,224800,304500
81034313073,2019,88000,912000,1000000
70920418021,2019,110900,326900,437800
70933405049,2019,84300,157200,241500
81032101082,2019,30600,133300,163900
71009406078,2019,66900,143000,209900
70814312339,2019,26100,249200,275300
70923159276,2019,8000,7000,15000
70813306101,2019,167100,596100,763200
71010104033,2019,54300,163800,218100
71035112095,2019,72600,293500,366100
70813106197,2019,473000,1407000,1880000
80926101108,2019,57000,124700,181700
70836419163,2019,65600,141000,206600
81027109017,2019,36700,112100,148800
70931412278,2019,83200,174300,257500
70930204072,2019,0,0,0
71034102386,2019,56400,175000,231400
70928213134,2019,100000,210800,310800
70928321052,2019,177800,599600,777400
80925116728,2019,800,1200,2000
60804208127,2019,21000,0,21000
71007105044,2019,59000,471000,530000
70925205069,2019,77500,275200,352700
70833101010,2019,98000,31900,129900
81034205379,2019,66900,187700,254600
70923154466,2019,0,7500,7500
71009202012,2019,65100,155000,220100
70813317067,2019,132000,614000,746000
80925405311,2019,59200,173400,232600
70826204227,2019,836000,3831000,4667000
70824308203,2019,16000,154400,170400
70923171098,2019,1100,800,1900
70825200838,2019,1441000,803000,2244000
71005205242,2019,52600,102500,155100
70901113038,2019,7300,82700,90000
70836402019,2019,71300,93700,165000
60812202137,2019,86300,187900,274200
71006128112,2019,78100,201200,279300
71015204135,2019,48600,159500,208100
70920305400,2019,102400,213400,315800
70914437574,2019,1100,5900,7000
81015105051,2019,60300,187900,248200
81031216080,2019,52300,127500,179800
80924438719,2019,400,1600,2000
70923158111,2019,45200,209800,255000
71010305144,2019,52100,152500,204600
70823111095,2019,0,0,0
70926217188,2019,88000,356000,444000
70923122281,2019,516000,4216000,4732000
71016402233,2019,62500,191800,254300
70821205022,2019,98000,282000,380000
71005335106,2019,107200,309200,416400
70924221115,2019,30000,94100,124100
71020301116,2019,308000,90000,398000
70923170488,2019,2100,400,2500
60811401178,2019,88500,249500,338000
70814426057,2019,88200,234700,322900
60811108188,2019,104000,208000,312000
70929123994,2019,0,1000,1000
70923113199,2019,119000,416300,535300
70823408096,2019,48900,232400,281300
60904105041,2019,82000,268400,350400
70834428207,2019,20300,181600,201900
71022305158,2019,594500,2792800,3387300
70834428463,2019,20300,176700,197000
70913122027,2019,0,0,0
70836408281,2019,61900,180200,242100
70922205088,2019,363000,4617000,4980000
70929207110,2019,76400,216800,293200
81028119966,2019,10800,104200,115000
81028304020,2019,370000,2960000,3330000
80925113097,2019,12600,199400,212000
70823407246,2019,60000,241000,301000
70931401057,2019,99000,161000,260000
81032309115,2019,44400,165400,209800
71015401020,2019,464500,457500,922000
80925304307,2019,47800,140900,188700
70919214183,2019,89000,88400,177400
71010410018,2019,56600,160200,216800
70929109093,2019,89900,150700,240600
60802407044,2019,69100,157000,226100
70913114032,2019,64000,394000,458000
70931306215,2019,99000,135100,234100
71002107095,2019,9500,140200,149700
81021402102,2019,52100,146200,198300
71006440938,2019,0,4000,4000
70815403088,2019,451000,949000,1400000
70929421132,2019,135500,340100,475600
71035118176,2019,67900,232900,300800
71030213054,2019,81600,271900,353500
71003305177,2019,49300,185900,235200
70924216108,2019,3500,10000,13500
70824412137,2019,1007000,992000,1999000
71001323220,2019,62900,225600,288500
70813324088,2019,137400,380800,518200
70919107130,2019,93000,179700,272700
70828442015,2019,0,0,0
71009310146,2019,68800,130600,199400
60801416038,2019,73800,218100,291900
71012205160,2019,72800,249300,322100
80924442984,2019,400,1600,2000
81032425119,2019,31800,121200,153000
70918321228,2019,0,2000,2000
80924403952,2019,400,1600,2000
80925206264,2019,56100,129500,185600
71006418034,2019,0,0,0
70919227318,2019,29600,238100,267700
80925411128,2019,129600,128600,258200
70833302080,2019,216500,463500,680000
70912402107,2019,100700,225900,326600
81031207138,2019,39300,110500,149800
70913119389,2019,92400,106400,198800
70929119050,2019,89900,205300,295200
70823405068,2019,58000,207000,265000
70919202013,2019,90600,123600,214200
70825209450,2019,8000,21000,29000
70836408091,2019,57800,145700,203500
71010310234,2019,50100,174600,224700
71010302124,2019,54600,143000,197600
60811108112,2019,105100,252700,357800
70928208119,2019,97800,205100,302900
70920405309,2019,119100,249900,369000
80924436987,2019,400,1600,2000
71001320101,2019,64500,214300,278800
70833109022,2019,83800,268700,352500
81034108101,2019,100000,920000,1020000
70922343127,2019,183200,621100,804300
71019410093,2019,71200,87800,159000
70930415116,2019,101200,307000,408200
70921219064,2019,143500,309300,452800
70931104073,2019,110000,336000,446000
70913125112,2019,121000,156100,277100
71002106089,2019,9500,153300,162800
71010120138,2019,76400,221200,297600
70828420061,2019,0,0,0
70822106146,2019,54200,178300,232500
70828111074,2019,111000,229100,340100
71007118104,2019,0,0,0
80926311062,2019,69500,190100,259600
71006212246,2019,46200,174600,220800
60801217098,2019,83700,150500,234200
80925104202,2019,52000,147900,199900
81033208118,2019,365000,427000,792000
70923163384,2019,44900,174300,219200
81032302036,2019,32800,112100,144900
70935202302,2019,0,0,0
70921105297,2019,450000,3610000,4060000
70919411200,2019,107800,265200,373000
71005303038,2019,65100,196700,261800
70824403029,2019,112700,304100,416800
70921103168,2019,82400,224300,306700
70921414250,2019,94000,341100,435100
70918409066,2019,177300,767500,944800
70836416151,2019,59900,148200,208100
70923408459,2019,74100,182900,257000
81030404991,2019,0,549800,549800
70919205025,2019,88400,83700,172100
70922439132,2019,67000,243000,310000
71015111190,2019,46000,170200,216200
70922423044,2019,112100,246000,358100
71002302025,2019,102000,0,102000
71012218080,2019,1500,0,1500
70935301146,2019,28000,422000,450000
80935104341,2019,80100,233900,314000
70816412012,2019,48500,319000,367500
70829418015,2019,13100,0,13100
70913426106,2019,421000,151000,572000
80924104063,2019,75100,232600,307700
70823209113,2019,124200,248200,372400
71015204250,2019,71200,184100,255300
70813334095,2019,26800,241200,268000
71010206029,2019,53000,362000,415000
60801235032,2019,10000,130000,140000
70913354034,2019,0,15000,15000
81033301194,2019,0,0,0
80924417995,2019,400,1600,2000
71014303194,2019,54800,207700,262500
60802410328,2019,68600,184600,253200
70835210190,2019,82700,179200,261900
70923163061,2019,44900,106000,150900
70836410252,2019,57800,136900,194700
70920219685,2019,0,0,0
70932116035,2019,149300,540700,690000
70932103389,2019,148200,244400,392600
81031212319,2019,0,0,0
70929425150,2019,87300,247800,335100
70914438192,2019,2200,22800,25000
70836110216,2019,104400,0,104400
71012201308,2019,68100,165900,234000
71010310341,2019,55400,133200,188600
71011405050,2019,81400,299600,381000
70913127978,2019,1000,9000,10000
81028113207,2019,57100,236200,293300
70833410049,2019,44700,444900,489600
70922107177,2019,0,0,0
70931402237,2019,121300,235800,357100
71004318054,2019,51500,218800,270300
70920213132,2019,113200,329300,442500
70929103037,2019,83200,330900,414100
70836210206,2019,11400,136600,148000
70932111176,2019,0,0,0
70918315023,2019,23600,144400,168000
80925113998,2019,800,1200,2000
81027102029,2019,570500,1461500,2032000
80925416102,2019,51800,149600,201400
70914408103,2019,188200,170600,358800
71012215565,2019,17700,241900,259600
81030215041,2019,4500,74200,78700
60801222039,2019,22300,114100,136400
81026355356,2019,22500,33800,56300
70921313048,2019,159600,472400,632000
81029400794,2019,465500,1622500,2088000
71007311021,2019,40000,242500,282500
71010102095,2019,55100,209400,264500
70914421139,2019,154000,425000,579000
71014211058,2019,0,0,0
71009107212,2019,54100,169000,223100
70836308093,2019,0,0,0
71009318017,2019,68700,125300,194000
80924408944,2019,400,1600,2000
70920402131,2019,127300,153100,280400
70923154193,2019,0,7500,7500
70920110172,2019,112500,260300,372800
60902204093,2019,77000,487000,564000
60801412200,2019,76700,192000,268700
81034316233,2019,24300,122500,146800
81031407051,2019,74000,131000,205000
70919307194,2019,179000,241000,420000
71003201127,2019,53100,170500,223600
70922319079,2019,130200,294600,424800
80925206123,2019,55200,148300,203500
81028121359,2019,10800,92400,103200
60812403040,2019,78800,174200,253000
80926107255,2019,53400,135100,188500
70813326109,2019,162300,408900,571200
70836116082,2019,69300,174500,243800
81033202095,2019,38300,140500,178800
71007225016,2019,97900,172700,270600
70932415205,2019,54300,125500,179800
60802416251,2019,71800,180300,252100
70919227079,2019,27600,217200,244800
70901105051,2019,81100,183400,264500
70933201249,2019,161500,325000,486500
70823211043,2019,93800,332200,426000
80924420906,2019,400,1600,2000
70920419144,2019,94900,304400,399300
81031300776,2019,51000,84900,135900
60812405707,2019,73800,169700,243500
71014310024,2019,58300,175400,233700
70929115123,2019,109900,184100,294000
70919411292,2019,111000,279400,390400
70914436162,2019,55900,554100,610000
70920118051,2019,132000,668000,800000
71035114091,2019,67600,217500,285100
70923104049,2019,92000,473000,565000
70928117451,2019,105300,261900,367200
70824404217,2019,112700,281100,393800
60811402142,2019,90300,162400,252700
70928115083,2019,358000,740000,1098000
71006107166,2019,54100,108900,163000
60811103526,2019,104100,233700,337800
70826211115,2019,11700,51100,62800
70836213234,2019,11600,117400,129000
70920217811,2019,400,14600,15000
80925107214,2019,49600,158900,208500
71010306051,2019,50100,145100,195200
70913204263,2019,82500,187000,269500
70829410102,2019,15500,0,15500
70929124679,2019,0,10000,10000
71006118022,2019,65300,287100,352400
81021404158,2019,55400,146200,201600
70920219552,2019,0,0,0
71001402165,2019,108900,377600,486500
71014108130,2019,10700,157600,168300
70918223226,2019,107000,157800,264800
70928112104,2019,109100,231600,340700
70922412203,2019,60200,254700,314900
71011409010,2019,118400,292000,410400
70913406025,2019,36000,60000,96000
80926103112,2019,50900,144400,195300
70824300994,2019,0,0,0
70926403159,2019,77700,217200,294900
70924213104,2019,2000000,18530000,20530000
71005217114,2019,42000,298000,340000
60803101257,2019,106100,194400,300500
70834214896,2019,42300,0,42300
81032403222,2019,43300,130100,173400
60905213108,2019,4200,47100,51300
71015201462,2019,53000,174500,227500
60801316303,2019,24000,140600,164600
70826418125,2019,21500,117600,139100
60812302440,2019,70200,182900,253100
70813328064,2019,131800,267900,399700
70813320086,2019,14600,104100,118700
71021108090,2019,61000,138000,199000
70828444110,2019,0,0,0
70829102121,2019,113800,303200,417000
60811102156,2019,98800,270600,369400
70923127033,2019,81600,236200,317800
70814420140,2019,15200,156100,171300
70914406230,2019,179700,275300,455000
70833118180,2019,108200,380600,488800
70922440246,2019,60800,316700,377500
71014216173,2019,7500,86400,93900
71002415141,2019,83800,260100,343900
70824102168,2019,112100,303800,415900
70929115058,2019,115900,265700,381600
80924305075,2019,78300,261100,339400
80924103106,2019,82700,321300,404000
70835305248,2019,85700,234300,320000
70922432102,2019,125800,413100,538900
70814308148,2019,109300,263000,372300
70918303284,2019,75400,155600,231000
70929305287,2019,79700,227600,307300
71005406030,2019,41800,120000,161800
81021104013,2019,81700,178300,260000
70824206134,2019,107500,300000,407500
71010107011,2019,55100,212700,267800
60812316095,2019,86000,241600,327600
71035115081,2019,64700,270700,335400
70926227012,2019,0,0,0
71010109033,2019,64100,169400,233500
80936406176,2019,75900,237600,313500
80924305091,2019,78300,204400,282700
70829419071,2019,16300,0,16300
70913422138,2019,76700,351900,428600
60802306113,2019,19400,169900,189300
70923131125,2019,191000,1163000,1354000
71005319027,2019,109100,170300,279400
60804205082,2019,84900,300000,384900
70923165786,2019,39600,199100,238700
70835112205,2019,131400,273500,404900
71010202192,2019,54700,182800,237500
80936201097,2019,71400,139600,211000
81031410062,2019,35900,120100,156000
70913114090,2019,109700,264400,374100
71011223113,2019,18500,170200,188700
70835200985,2019,0,0,0
70923173838,2019,3300,5900,9200
70814202209,2019,106600,232300,338900
70923143138,2019,44900,175100,220000
70919200968,2019,0,0,0
70923143352,2019,44900,296800,341700
70923408160,2019,102700,175900,278600
70828124043,2019,12900,247000,259900
70920301060,2019,139300,486600,625900
71006109021,2019,45700,137100,182800
70923408409,2019,96400,141200,237600
71005204278,2019,53700,94600,148300
70921216119,2019,71900,187400,259300
71010301431,2019,53500,168500,222000
60804103062,2019,411600,16500,428100
70813310243,2019,15300,165200,180500
70921109158,2019,114100,302600,416700
60905104018,2019,54600,101500,156100
71011125179,2019,65400,239400,304800
70922423052,2019,108000,252000,360000
80924412789,2019,400,1600,2000
60811114284,2019,118100,253100,371200
70826421475,2019,0,4000,4000
71010308106,2019,53600,121900,175500
70826211397,2019,18300,65000,83300
80925113964,2019,800,1200,2000
70836310022,2019,14900,111800,126700
71011114148,2019,65200,245100,310300
71015114011,2019,39600,163500,203100
70914408145,2019,112900,478800,591700
71005212130,2019,49000,115200,164200
80935109052,2019,71800,208400,280200
70929124661,2019,0,10000,10000
81034104026,2019,69400,149400,218800
70826420972,2019,0,4000,4000
71027408048,2019,62300,223100,285400
70918105101,2019,166100,159200,325300
70932412201,2019,74000,195300,269300
70934302046,2019,72100,372800,444900
70912440024,2019,9000,91300,100300
60906111153,2019,71700,184400,256100
81030316112,2019,59800,146100,205900
70923148691,2019,4200,800,5000
71015105127,2019,61100,134400,195500
70932209129,2019,20800,119000,139800
70929207095,2019,78400,205300,283700
70914438324,2019,2200,22800,25000
70929418270,2019,86000,232500,318500
70836304124,2019,360000,1970000,2330000
70824212058,2019,305700,224500,530200
80935103195,2019,75900,215200,291100
60812330095,2019,0,5000,5000
71016105051,2019,66300,134900,201200
71005224060,2019,65300,103000,168300
71015103197,2019,67300,134200,201500
71002405225,2019,62300,363900,426200
71010310333,2019,56400,141200,197600
71035122044,2019,54300,209700,264000
70913350074,2019,0,8000,8000
60801212329,2019,73100,144300,217400
70828431018,2019,0,0,0
70921419036,2019,101200,254700,355900
70935302235,2019,0,0,0
70930410041,2019,92700,167400,260100
70923101029,2019,189000,1042000,1231000
71010401116,2019,59700,179400,239100
70922336213,2019,130200,298000,428200
81014303292,2019,11300,0,11300
70836308051,2019,77000,323000,400000
80925216099,2019,57600,136400,194000
71003308121,2019,56100,216200,272300
70836426027,2019,28500,101600,130100
71004407055,2019,49700,149600,199300
70929425118,2019,87300,277600,364900
71019411413,2019,9000,67200,76200
81023304207,2019,35600,125900,161500
70834209095,2019,67800,235900,303700
60812305189,2019,81100,176000,257100
60901103022,2019,59500,180700,240200
71004315167,2019,58500,163000,221500
70829106024,2019,73700,260400,334100
71010404384,2019,62700,225700,288400
70913223015,2019,5900,310700,316600
70820105223,2019,100,0,100
70814420265,2019,15200,157400,172600
81023304265,2019,35600,125900,161500
71031200935,2019,0,0,0
70913309104,2019,0,0,0
70932419116,2019,90000,200000,290000
70826413018,2019,10200,78800,89000
71003305101,2019,48800,156800,205600
71005340056,2019,99200,253700,352900
70923140861,2019,1500,13500,15000
81034402123,2019,57000,184500,241500
70814309055,2019,158000,286800,444800
81023309033,2019,35600,100100,135700
70920107161,2019,126600,270600,397200
70813310219,2019,11400,131300,142700
60802305339,2019,13800,198700,212500
70929218109,2019,92400,183600,276000
70914428044,2019,90000,611000,701000
70824404168,2019,129500,401500,531000
70922345074,2019,154100,396700,550800
70935108112,2019,440000,1781000,2221000
70836427025,2019,30900,96200,127100
70836117204,2019,68700,191300,260000
71011305408,2019,66600,189100,255700
81031406110,2019,36500,132600,169100
81033201245,2019,317000,983000,1300000
80925305024,2019,62800,141100,203900
60904111270,2019,88500,351500,440000
70824404324,2019,101500,198800,300300
80926205075,2019,66400,198500,264900
71005212049,2019,61500,87300,148800
71003201151,2019,219000,976000,1195000
71003202026,2019,53100,233200,286300
70920220880,2019,0,2300,2300
70923133303,2019,191000,1098000,1289000
70932415362,2019,93000,197000,290000
70836302160,2019,69500,178900,248400
70932201258,2019,84900,137100,222000
81034107624,2019,63500,166500,230000
71014215761,2019,7800,125900,133700
80925404090,2019,40200,147500,187700
70931409027,2019,88300,128100,216400
71010415109,2019,75600,82400,158000
70928209117,2019,97800,234400,332200
70922313071,2019,117600,292500,410100
71003407056,2019,50500,223100,273600
81034327032,2019,11300,68400,79700
70823113231,2019,89400,224400,313800
81028120187,2019,0,4000,4000
70929107039,2019,117800,198400,316200
71006108023,2019,70400,68200,138600
70822414276,2019,11800,102400,114200
70936301210,2019,62300,118700,181000
71009212045,2019,50800,166300,217100
70923174737,2019,3300,11700,15000
70816305259,2019,133500,251000,384500
60811413115,2019,86600,244000,330600
80925211122,2019,59400,122300,181700
70919407069,2019,96900,194600,291500
71014102025,2019,0,0,0
70923112266,2019,1342000,8988000,10330000
70919401152,2019,101800,185500,287300
70913113232,2019,95500,193200,288700
70933401104,2019,106000,433000,539000
70826310058,2019,100200,364700,464900
71014215589,2019,7800,109700,117500
70926415089,2019,52400,190100,242500
70927107271,2019,37900,323700,361600
71021212106,2019,63800,130100,193900
71011108729,2019,30000,244300,274300
71006121025,2019,51400,127000,178400
70920216227,2019,13000,406800,419800
71009213126,2019,50800,158800,209600
70921306069,2019,182400,410900,593300
70931105047,2019,119800,222200,342000
70918312235,2019,186000,489000,675000
71011125103,2019,64800,216100,280900
70913348425,2019,6000,273200,279200
70920218306,2019,300,14700,15000
70836307186,2019,67900,174000,241900
70816403144,2019,173000,486200,659200
70922332021,2019,183200,567800,751000
70836113054,2019,73200,167500,240700
71015118261,2019,57600,165700,223300
70826309241,2019,102500,348700,451200
60901203062,2019,59000,166900,225900
60905222034,2019,0,0,0
70923143641,2019,44900,312100,357000
60812304082,2019,75500,278100,353600
70926205042,2019,81000,206400,287400
70926117180,2019,80000,263700,343700
70927102015,2019,142000,638000,780000
71010205013,2019,63100,171300,234400
70835110043,2019,89500,269300,358800
70917101499,2019,91800,563000,654800
81034305111,2019,44000,162500,206500
71022302930,2019,61500,310500,372000
70929222100,2019,96200,307000,403200
70828112080,2019,0,0,0
81028116087,2019,59200,186700,245900
71005308294,2019,60300,114700,175000
71011112217,2019,50300,299200,349500
70835124557,2019,500,1500,2000
70928116065,2019,121600,378700,500300
70929409138,2019,83700,204100,287800
71003209030,2019,53100,138600,191700
71005413225,2019,44400,109400,153800
70813334079,2019,26800,135300,162100
70920221028,2019,0,2300,2300
70923162089,2019,8000,7000,15000
70923142627,2019,44900,577300,622200
70826412945,2019,8200,61800,70000
70913347328,2019,2500,12500,15000
60812306129,2019,78100,235000,313100
70914439405,2019,1000,8600,9600
71016109029,2019,61400,145800,207200
80936404097,2019,72800,137500,210300
81033209059,2019,140500,556800,697300
70913110139,2019,85000,186800,271800
71006420097,2019,51000,189000,240000
70918402177,2019,98800,0,98800
81032414229,2019,45800,127700,173500
71004301306,2019,58500,172900,231400
81034205171,2019,63900,167900,231800
70836114143,2019,108200,147800,256000
60801213278,2019,75800,184400,260200
60802302012,2019,0,0,0
71002419127,2019,130400,126600,257000
71005315265,2019,68000,231600,299600
71010307041,2019,53600,149100,202700
70923167633,2019,6500,18500,25000
70935101158,2019,40000,80600,120600
70826211404,2019,13700,65800,79500
70826202031,2019,473000,1237000,1710000
70923147297,2019,8000,7000,15000
70929206203,2019,85100,178100,263200
81021302419,2019,50400,156900,207300
71002107251,2019,9500,111200,120700
81021408118,2019,56200,185300,241500
70836116066,2019,69300,220200,289500
81027300897,2019,0,0,0
70826414131,2019,16100,110900,127000
80936201104,2019,60700,100100,160800
70932409109,2019,79800,307200,387000
80925405022,2019,55200,164700,219900
70913108051,2019,73800,172800,246600
70826315537,2019,36200,202400,238600
80925125844,2019,800,1200,2000
70824416064,2019,14300,132300,146600
70923143097,2019,44900,210100,255000
70826419107,2019,0,4000,4000
70920306119,2019,109900,173500,283400
60812209109,2019,1727000,13052000,14779000
70917101481,2019,60000,402000,462000
70923140366,2019,1500,13500,15000
70931103223,2019,105300,189900,295200
71012214129,2019,19400,187100,206500
60811433022,2019,96600,242200,338800
71007201298,2019,90400,236500,326900
71009412190,2019,94600,135400,230000
71021221032,2019,64000,129200,193200
70913218024,2019,26700,174300,201000
71005323052,2019,105800,295200,401000
70922334077,2019,136900,301900,438800
81032310170,2019,36700,128600,165300
70826414264,2019,16100,100900,117000
71012206051,2019,0,0,0
80924408978,2019,400,1600,2000
70922411156,2019,91500,212900,304400
71007215273,2019,99200,199200,298400
70836406037,2019,61600,146400,208000
81028118025,2019,10100,86600,96700
70928204076,2019,93000,160300,253300
70824309136,2019,14100,159200,173300
70928207137,2019,89900,258600,348500
70833119229,2019,100700,347300,448000
81031409023,2019,39300,121700,161000
71006210050,2019,71100,179000,250100
71021207107,2019,58600,150300,208900
70931414430,2019,62500,187500,250000
71009302044,2019,68200,117200,185400
70923145259,2019,8000,7000,15000
71022102033,2019,539000,1373000,1912000
71015301121,2019,79000,341000,420000
70914439083,2019,0,0,0
60905107062,2019,49500,117300,166800
70923318103,2019,46500,253500,300000
70821210047,2019,0,0,0
71014302021,2019,59100,205400,264500
71011204072,2019,31400,203600,235000
70928212102,2019,97800,194300,292100
81032413015,2019,40400,129300,169700
70914437011,2019,1100,5900,7000
71021113198,2019,15100,100100,115200
70935113145,2019,48500,112200,160700
70933414024,2019,212200,462800,675000
70823308098,2019,0,0,0
80924421970,2019,400,1600,2000
81033203217,2019,50900,229100,280000
71007303119,2019,94800,294100,388900
81034309064,2019,67900,188500,256400
60906109059,2019,66800,197800,264600
70931414406,2019,63500,253100,316600
60801305025,2019,71700,175900,247600
60901104062,2019,59000,187000,246000
71022202156,2019,530900,311100,842000
70921317199,2019,114800,214300,329100
70921301192,2019,157100,145000,302100
70833412128,2019,46200,206900,253100
71014307302,2019,63800,279000,342800
70823304012,2019,0,0,0
71009219158,2019,47300,156200,203500
71004317303,2019,58900,161200,220100
70833304185,2019,122700,389800,512500
60804211063,2019,20200,0,20200
70923165588,2019,31600,163900,195500
70929223215,2019,110900,230100,341000
70922336015,2019,159000,454500,613500
70923170115,2019,2500,700,3200
71009104127,2019,58500,154100,212600
71015114227,2019,51000,186700,237700
71004317238,2019,54100,142900,197000
70929219214,2019,98500,243400,341900
71004307081,2019,63400,165400,228800
70923225192,2019,0,0,0
80925109111,2019,53500,136600,190100
70836408075,2019,59700,164400,224100
71002315010,2019,2500,0,2500
60812117401,2019,81000,163800,244800
70826421582,2019,0,4000,4000
60802102149,2019,68900,195100,264000
70923171113,2019,2100,1500,3600
71027409103,2019,56700,194500,251200
71027404096,2019,65100,178200,243300
71001323098,2019,64200,227500,291700
70833119112,2019,91100,299900,391000
70932204088,2019,74200,237600,311800
81028121086,2019,10100,93100,103200
71014213054,2019,58500,174700,233200
70836102081,2019,77100,192800,269900
70820120081,2019,100,0,100
60812109094,2019,76900,189800,266700
81031224075,2019,39100,71800,110900
71005413209,2019,44400,116500,160900
70930401032,2019,88000,203100,291100
70921210129,2019,71900,127100,199000
70824309251,2019,13500,136800,150300
81019302075,2019,60900,182200,243100
60803116058,2019,138300,261700,400000
60812222101,2019,26200,175700,201900
70923140697,2019,1500,21500,23000
70823118372,2019,12800,88100,100900
70836108188,2019,69800,166100,235900
71011214047,2019,53100,199800,252900
70923142487,2019,44900,286100,331000
70923123239,2019,59800,423200,483000
70929301029,2019,86300,187700,274000
71019405200,2019,130500,261100,391600
70826421756,2019,0,0,0
71006119129,2019,64100,236900,301000
81034325052,2019,30000,120000,150000
71014302146,2019,56900,259200,316100
70929421017,2019,159100,349700,508800
70813107020,2019,226200,133800,360000
70923318054,2019,75800,232200,308000
70921401033,2019,122800,370100,492900
81031417068,2019,33100,135400,168500
70828307095,2019,53500,257900,311400
70914438621,2019,2200,22800,25000
71014210026,2019,66900,214000,280900
70913105015,2019,94000,278200,372200
71014120035,2019,0,0,0
70823305276,2019,82300,169400,251700
71006112107,2019,69200,143300,212500
60812313091,2019,33100,176400,209500
71034105330,2019,69900,187100,257000
81031209051,2019,50200,144800,195000
70922202117,2019,126000,509000,635000
71012301017,2019,0,0,0
70932404159,2019,165000,163000,328000
71021103206,2019,166000,359000,525000
81034107682,2019,61800,152000,213800
70920408064,2019,124100,303400,427500
71034105554,2019,70700,209700,280400
60802432017,2019,35000,140000,175000
70821108169,2019,113500,303500,417000
71007225173,2019,74200,219000,293200
71009207096,2019,48000,141900,189900
60801315131,2019,79800,263400,343200
80925409298,2019,62400,161500,223900
80925118857,2019,800,1200,2000
81034119067,2019,65900,210800,276700
71016207245,2019,64600,164600,229200
70921317040,2019,110100,200400,310500
70912403139,2019,18000,131900,149900
70929215022,2019,98200,253200,351400
70929105132,2019,98500,302400,400900
70936409014,2019,61800,145900,207700
70929206253,2019,90000,280000,370000
70914404052,2019,376000,5000,381000
70815404036,2019,495000,1055000,1550000
70813306143,2019,159600,264400,424000
80925106018,2019,53500,129600,183100
71012221116,2019,12100,125700,137800
70922422129,2019,60200,345700,405900
71010412105,2019,50700,191300,242000
80925202014,2019,53600,138100,191700
81033202178,2019,38300,148100,186400
70913103259,2019,100500,146900,247400
71006310074,2019,69200,139000,208200
81031410137,2019,38200,118800,157000
80924435971,2019,400,1600,2000
70923150216,2019,62000,429000,491000
71005328119,2019,105800,261700,367500
81031226112,2019,52400,109700,162100
70821214015,2019,115000,346100,461100
70835323026,2019,75800,269200,345000
70935307160,2019,4900,55100,60000
80926106215,2019,54000,118300,172300
70823306258,2019,90200,224400,314600
81021405213,2019,56900,135400,192300
60801407201,2019,83100,213300,296400
70835110100,2019,116200,174300,290500
70920420125,2019,119100,185500,304600
70824204039,2019,93100,305600,398700
70826407160,2019,66400,162600,229000
81031222152,2019,38500,139400,177900
71010301233,2019,54300,139100,193400
70918203012,2019,521600,46500,568100
70813314120,2019,11300,204700,216000
70920409161,2019,129500,235900,365400
70824415248,2019,14500,90900,105400
70833302288,2019,291800,587200,879000
70921319129,2019,73400,222400,295800
81031411036,2019,43600,126100,169700
71014207065,2019,55800,182200,238000
70935302136,2019,83000,715000,798000
80924425930,2019,400,1600,2000
71005107216,2019,56400,127900,184300
70834218046,2019,0,0,0
71010211317,2019,54000,165200,219200
80936205073,2019,63300,107600,170900
70823407238,2019,58200,254600,312800
81029400869,2019,0,0,0
70926112073,2019,80300,208800,289100
70931402104,2019,106900,150200,257100
70920411207,2019,137200,408300,545500
70913201061,2019,353400,626600,980000
70928218118,2019,92200,249600,341800
71011305101,2019,66600,185200,251800
60812313603,2019,33100,203700,236800
71006420047,2019,59200,104300,163500
70932113239,2019,87800,220400,308200
71004408110,2019,59400,183800,243200
70813335043,2019,71000,0,71000
70914437871,2019,2200,17300,19500
71003310051,2019,56200,191100,247300
70919401128,2019,111100,212300,323400
60801310181,2019,209000,2337000,2546000
70929419129,2019,86500,260500,347000
70929123861,2019,0,1000,1000
71021113164,2019,15100,90900,106000
71004307338,2019,58500,148300,206800
80925116885,2019,800,1200,2000
70926118013,2019,176600,323000,499600
80925209143,2019,52000,167400,219400
70914434017,2019,121900,145900,267800
60802403084,2019,68800,150200,219000
71012215391,2019,17700,244300,262000
70923146281,2019,8000,7000,15000
70926412027,2019,45600,92300,137900
70928104143,2019,108400,318600,427000
70834428504,2019,20000,92500,112500
80925214142,2019,56100,131700,187800
70923140738,2019,1500,13500,15000
70928212029,2019,100900,208100,309000
71011305284,2019,66900,185600,252500
70821215013,2019,125000,376500,501500
80925300983,2019,0,0,0
71010314202,2019,75800,229500,305300
81032433039,2019,17300,127700,145000
71006304184,2019,69200,182600,251800
70816306083,2019,186200,354000,540200
81032103070,2019,29000,130700,159700
81028119586,2019,8700,61600,70300
70925301081,2019,142000,1000,143000
81022305032,2019,1466000,11769000,13235000
71010206293,2019,61700,170900,232600
60904100968,2019,0,0,0
70828125033,2019,945000,10705000,11650000
60812313249,2019,33100,169000,202100
71004402071,2019,46800,128500,175300
60811302128,2019,84700,165300,250000
71010114248,2019,57800,209700,267500
70931415256,2019,68100,152500,220600
70815307173,2019,174500,312100,486600
70922207018,2019,149200,281300,430500
70835120018,2019,16100,56300,72400
70932210019,2019,22600,88600,111200
80925110027,2019,61900,124400,186300
60801207114,2019,70000,205100,275100
70836107130,2019,69500,176500,246000
70930109024,2019,550000,5535000,6085000
71006403176,2019,63200,191100,254300
71011120129,2019,41100,219700,260800
71015102313,2019,54000,147700,201700
70814103126,2019,111000,259000,370000
80926103013,2019,52000,126200,178200
81034105123,2019,67100,227300,294400
60802112221,2019,86200,189100,275300
71010110288,2019,49600,197900,247500
60801204011,2019,65000,158100,223100
70828420045,2019,72700,87600,160300
81021406154,2019,60100,171300,231400
70813403064,2019,306300,122600,428900
71022104146,2019,0,0,0
70926216130,2019,87000,463000,550000
70826311072,2019,0,0,0
70923156016,2019,0,0,0
70816304186,2019,168600,446400,615000
71007224159,2019,0,0,0
60812106355,2019,79600,209900,289500
70813107038,2019,233500,105800,339300
70922416015,2019,115700,185800,301500
70813103185,2019,110600,290400,401000
71016407019,2019,62400,212400,274800
71016406152,2019,62400,134100,196500
70823108141,2019,86600,222300,308900
70931102291,2019,122200,225500,347700
70913108217,2019,104700,180200,284900
80925118021,2019,12900,213800,226700
71014104013,2019,0,0,0
60811103394,2019,103200,203500,306700
70923162055,2019,8000,7000,15000
81021107265,2019,61500,189300,250800
60812117039,2019,80100,176700,256800
71010108118,2019,58000,215500,273500
70816303039,2019,166500,426100,592600
70918322391,2019,0,2000,2000
70828302144,2019,16300,0,16300
71016402142,2019,61900,173100,235000
81021103015,2019,70800,201100,271900
70823315051,2019,168900,342600,511500
70913104075,2019,0,0,0
60802410378,2019,67600,183700,251300
71007205191,2019,43400,324600,368000
71027411041,2019,0,0,0
70923150357,2019,66100,448800,514900
80926311096,2019,69500,245500,315000
71010117078,2019,56100,270800,326900
60802304092,2019,94900,213600,308500
70912434051,2019,9000,91300,100300
60801406047,2019,24900,144000,168900
71026402075,2019,77400,358500,435900
70923109106,2019,174000,73000,247000
71027200824,2019,57300,0,57300
60812405260,2019,72700,169800,242500
81030201040,2019,0,0,0
60801202172,2019,96100,11700,107800
60903206171,2019,0,0,0
70919411193,2019,105000,222600,327600
70814102045,2019,106300,275500,381800
70913406158,2019,165300,204600,369900
81035114131,2019,100,0,100
71011119148,2019,49600,203200,252800
80924424718,2019,400,1600,2000
70932108090,2019,137600,268500,406100
70913321033,2019,73800,512100,585900
71006104138,2019,35300,139200,174500
60811413032,2019,76200,220600,296800
70920217829,2019,400,14600,15000
70836417175,2019,64900,161100,226000
71011122068,2019,34200,233300,267500
71021113924,2019,0,1000,1000
80924419991,2019,400,1600,2000
70823403210,2019,33300,206100,239400
81033301037,2019,46200,134900,181100
70922441179,2019,13200,162400,175600
71021104022,2019,56500,165600,222100
71001302034,2019,65300,199400,264700
71011206101,2019,35200,239800,275000
81032426018,2019,33200,135300,168500
70921122126,2019,77000,173000,250000
70929419103,2019,86000,284500,370500
70824407188,2019,112800,252500,365300
71016117072,2019,62200,123000,185200
71014216363,2019,7500,86400,93900
70834403085,2019,86600,179500,266100
70928304082,2019,88100,198200,286300
70928105315,2019,103700,379500,483200
70929103201,2019,93100,280700,373800
80924408887,2019,0,0,0
81014303325,2019,11300,0,11300
81023306170,2019,35600,93900,129500
70833301181,2019,116700,331300,448000
60904109142,2019,96000,262200,358200
70922441137,2019,13200,163400,176600
70822106188,2019,52100,173900,226000
70821102012,2019,116000,336300,452300
70823412055,2019,69200,171800,241000
70929408065,2019,87300,194500,281800
80925401195,2019,58100,146200,204300
71010413046,2019,52000,163800,215800
70914405042,2019,139800,123000,262800
70923161354,2019,8000,7000,15000
60801316410,2019,24000,135800,159800
80924416715,2019,400,1600,2000
81032104036,2019,37200,113600,150800
70934401088,2019,154000,0,154000
81015104235,2019,57400,198100,255500
81021304069,2019,46000,155000,201000
70926401351,2019,54400,228100,282500
70923164085,2019,44900,179400,224300
70821410209,2019,98900,385500,484400
70901107057,2019,51000,170300,221300
60802104129,2019,67000,194500,261500
71011310027,2019,22400,97700,120100
81032311102,2019,50800,143800,194600
60802312045,2019,103300,302800,406100
70932106094,2019,133800,393400,527200
71009214471,2019,48300,111500,159800
70828321045,2019,12200,0,12200
60811406045,2019,74900,163700,238600
70823305234,2019,0,0,0
70836109061,2019,69700,174400,244100
81022306163,2019,8000,66700,74700
70913209122,2019,83800,301000,384800
80924423934,2019,400,1600,2000
70923159268,2019,8000,7000,15000
70932407054,2019,77000,208800,285800
71001406042,2019,57000,192000,249000
70926120018,2019,0,0,0
70821405044,2019,90600,290800,381400
71034102112,2019,46700,210700,257400
70824221059,2019,155600,431900,587500
80925214118,2019,56100,177600,233700
70913210202,2019,73100,230600,303700
71007203020,2019,61300,282600,343900
70826412242,2019,10000,76700,86700
80925110118,2019,53500,127100,180600
71003417245,2019,49600,264700,314300
71020309045,2019,23800,163000,186800
70826421293,2019,0,4000,4000
81031403091,2019,35900,145500,181400
70826313218,2019,69500,225700,295200
70815307032,2019,157700,389100,546800
80936101073,2019,13800,95000,108800
81030317277,2019,56000,149100,205100
60801209277,2019,66700,165000,231700
70926415112,2019,46100,0,46100
70913346354,2019,124800,769600,894400
71006119038,2019,79400,168000,247400
70936306020,2019,63700,131100,194800
81027401132,2019,47500,0,47500
81021302451,2019,52500,175500,228000
80926109061,2019,54500,121500,176000
81026355364,2019,22500,33800,56300
60811106059,2019,104800,308900,413700
70828424112,2019,0,0,0
71001320143,2019,68500,184300,252800
71006305108,2019,45500,116600,162100
70932210027,2019,22600,88400,111000
70913309328,2019,81600,77500,159100
71003203165,2019,54300,142300,196600
60802430011,2019,35000,130900,165900
70836111074,2019,73000,153400,226400
70814421172,2019,15200,212700,227900
70921115212,2019,124400,338900,463300
70834302104,2019,0,0,0
70921222033,2019,133500,295500,429000
71006402152,2019,59400,164700,224100
70913113315,2019,175200,319600,494800
70923153153,2019,1300,23700,25000
70826310173,2019,103100,328300,431400
71009218035,2019,41500,168500,210000
70821408246,2019,105800,328200,434000
70833211025,2019,109900,305600,415500
71021201034,2019,61800,136200,198000
71015201397,2019,71900,223400,295300
71003101228,2019,59800,280300,340100
70824415074,2019,11300,87200,98500
70922346105,2019,0,15000,15000
81031209259,2019,0,0,0
60802411152,2019,78200,225200,303400
70918303086,2019,87700,138900,226600
70928311045,2019,194500,149100,343600
60802311055,2019,95000,254700,349700
70828310064,2019,76000,263500,339500
70922421072,2019,52500,287500,340000
70913331115,2019,65300,351700,417000
71007114079,2019,40000,295000,335000
71035115065,2019,64700,262500,327200
70913332113,2019,133800,415400,549200
71011122125,2019,33700,212800,246500
81028118059,2019,8700,66000,74700
80926402994,2019,57000,162600,219600
70824103174,2019,114800,220200,335000
70928201121,2019,90600,276500,367100
70920414186,2019,134200,208800,343000
71019411504,2019,9000,67200,76200
81034402032,2019,70000,209600,279600
71030207081,2019,78900,147700,226600
70920107070,2019,116900,112900,229800
70826416103,2019,21500,110500,132000
70923411725,2019,29700,277300,307000
70914438035,2019,2200,17300,19500
70920405010,2019,136200,151200,287400
71006307146,2019,30500,197200,227700
70935204035,2019,29500,73000,102500
71010415092,2019,63400,215400,278800
81031218028,2019,38100,122100,160200
70930305226,2019,721000,1374000,2095000
70824402063,2019,100800,316400,417200
81030209200,2019,51700,119500,171200
81019304039,2019,59200,172900,232100
71005107167,2019,62200,228200,290400
70928225064,2019,95200,229800,325000
71014303136,2019,59200,301100,360300
70923161081,2019,8000,7000,15000
71009223092,2019,55700,156400,212100
71003205153,2019,56100,144100,200200
70922421022,2019,186000,188700,374700
71009107105,2019,57200,178200,235400
70929113169,2019,89800,180400,270200
71005403284,2019,44400,137400,181800
71035103044,2019,69700,288000,357700
70829101016,2019,950000,9550000,10500000
80936207011,2019,53700,175000,228700
71007218095,2019,115300,313700,429000
70913314020,2019,139700,124900,264600
70921223263,2019,114800,357300,472100
81032421092,2019,49900,131800,181700
70923122091,2019,518000,252600,770600
70814423194,2019,96000,226300,322300
70914419225,2019,0,0,0
70935107015,2019,49300,71700,121000
81034205444,2019,65300,192400,257700
70828319024,2019,100,0,100
70929305047,2019,89900,272500,362400
60801413026,2019,74900,180000,254900
70823314186,2019,183400,372800,556200
80925119037,2019,12200,272600,284800
70827101133,2019,1350000,2780000,4130000
70835209135,2019,78200,193400,271600
71002403071,2019,83600,317200,400800
70824218080,2019,137300,313100,450400
70935111123,2019,0,0,0
70913347609,2019,3200,19800,23000
60802436019,2019,27500,113000,140500
71009107163,2019,54600,163900,218500
80925122874,2019,800,1200,2000
71005310033,2019,63800,204800,268600
81028121820,2019,8700,65500,74200
60812330061,2019,0,5000,5000
70816316066,2019,168800,574800,743600
70829103153,2019,102500,280500,383000
70835306220,2019,80300,204200,284500
70935307079,2019,4900,51800,56700
60811403067,2019,83300,191900,275200
71016117098,2019,61100,148600,209700
70932103503,2019,131900,244300,376200
80924418901,2019,400,1600,2000
70918411269,2019,127900,117700,245600
70914438613,2019,2200,22800,25000
70825209294,2019,8000,21000,29000
80936210105,2019,58200,120300,178500
71035123034,2019,54300,230700,285000
60812208078,2019,0,0,0
70922201987,2019,0,0,0
70923138197,2019,29300,258900,288200
70833113164,2019,99300,334400,433700
70921411074,2019,142900,356000,498900
70821405094,2019,91900,321200,413100
70823204080,2019,113400,209500,322900
70913406059,2019,87200,158700,245900
81021405180,2019,56100,179300,235400
70920216805,2019,14500,791500,806000
71011410041,2019,50800,163400,214200
81028108175,2019,56100,134000,190100
70935103170,2019,47900,150100,198000
60904104142,2019,85700,193900,279600
70824309186,2019,14100,139900,154000
80936408130,2019,73400,172700,246100
70932415247,2019,55200,144800,200000
71005333100,2019,101700,224100,325800
70930406040,2019,75000,162500,237500
60906202085,2019,62300,152300,214600
60906106021,2019,72700,189500,262200
60811116743,2019,18800,219800,238600
70923142510,2019,44900,281500,326400
70920219362,2019,0,0,0
81023310072,2019,35600,171600,207200
70912407248,2019,105400,369600,475000
71015212047,2019,62200,275100,337300
71035103078,2019,70700,373000,443700
70919213086,2019,90600,148200,238800
70922433168,2019,88300,247500,335800
70913416107,2019,361600,235200,596800
60801404033,2019,77300,174700,252000
70913348186,2019,6400,284500,290900
70836403158,2019,74800,133100,207900
81021413076,2019,58000,167800,225800
81031228019,2019,38100,100400,138500
70913344027,2019,26400,285400,311800
71009111015,2019,72500,260200,332700
70824209021,2019,129000,428200,557200
70914420131,2019,160000,429000,589000
70931314044,2019,23600,38400,62000
71006411038,2019,62900,322900,385800
60802115522,2019,20500,126100,146600
70822107079,2019,53700,179400,233100
60802108113,2019,69100,161400,230500
71034103152,2019,73600,208900,282500
70813314302,2019,9800,0,9800
60903216021,2019,17300,71100,88400
81030209094,2019,57100,125800,182900
70833401204,2019,216500,360800,577300
80924422754,2019,400,1600,2000
71005338142,2019,99200,266100,365300
60812118087,2019,20500,155400,175900
81033301102,2019,42100,142300,184400
70824214088,2019,220700,252400,473100
71007116166,2019,81900,267600,349500
71001319146,2019,64400,171000,235400
70929215113,2019,90800,248700,339500
80925307343,2019,61100,76800,137900
70923142502,2019,44900,286600,331500
70913348269,2019,7900,316500,324400
81034107301,2019,62400,184200,246600
70836208376,2019,0,0,0
81028402064,2019,57100,114300,171400
70835106034,2019,17100,94500,111600
60906110311,2019,61000,172300,233300
71014202164,2019,59600,178400,238000
71014204128,2019,54700,200100,254800
81016202070,2019,0,0,0
71016106124,2019,61100,122900,184000
70822406067,2019,139700,304700,444400
71014108172,2019,10700,152400,163100
70918321674,2019,0,2000,2000
70923413036,2019,1700,16300,18000
71014113080,2019,22200,142500,164700
80925405337,2019,48200,125700,173900
70920213075,2019,139600,305300,444900
80936208035,2019,56900,206600,263500
60903218027,2019,51200,72700,123900
71022303102,2019,128500,293500,422000
80924406782,2019,400,1600,2000
71007216122,2019,81500,198500,280000
70826417698,2019,21500,117600,139100
70813309296,2019,97200,180100,277300
60801111208,2019,59700,152600,212300
70918226155,2019,23300,105700,129000
80924411806,2019,400,1600,2000
60801207015,2019,70000,203800,273800
70920124058,2019,15200,112100,127300
80924411913,2019,400,1600,2000
70824419034,2019,1210000,7689000,8899000
70824204302,2019,107500,244600,352100
80924101382,2019,78100,255000,333100
60802416178,2019,62900,333400,396300
71006129342,2019,194500,667500,862000
80924408746,2019,400,1600,2000
70918405048,2019,124400,121700,246100
70826410080,2019,70000,183600,253600
70920219461,2019,0,0,0
81023305122,2019,35600,113600,149200
70920420117,2019,124100,164000,288100
70826412789,2019,10000,75100,85100
70913422047,2019,71300,341700,413000
71004307247,2019,54100,168800,222900
70934312029,2019,200000,0,200000
60802312409,2019,114300,283200,397500
81032316178,2019,21000,130000,151000
70922315019,2019,105900,367000,472900
81034403022,2019,65300,168600,233900
60801224142,2019,15900,156600,172500
70913215046,2019,321600,258700,580300
70926111158,2019,77400,152600,230000
70930107052,2019,0,0,0
71003418095,2019,46100,178500,224600
70929307100,2019,107400,275100,382500
71010210129,2019,54900,166700,221600
70826420831,2019,0,4000,4000
60904107097,2019,87200,195800,283000
70823111061,2019,91100,227900,319000
71007113013,2019,69500,289700,359200
70923166148,2019,47700,317300,365000
70919307136,2019,106300,319100,425400
71005227337,2019,38400,159900,198300
70823112085,2019,89400,217300,306700
70913214288,2019,85900,292700,378600
70932114154,2019,190600,412800,603400
80925205167,2019,55700,156400,212100
71009316110,2019,68800,143400,212200
70929211145,2019,83800,165500,249300
70826212080,2019,18800,189800,208600
81031404255,2019,38100,103900,142000
70814403386,2019,105200,246600,351800
70919309124,2019,131500,215600,347100
70834212030,2019,66200,232300,298500
71006118303,2019,40300,196400,236700
70913124198,2019,90300,199200,289500
70835201032,2019,173100,474600,647700
80926304231,2019,67800,207800,275600
80924422069,2019,8600,166800,175400
71002418153,2019,80000,258800,338800
70901103162,2019,51000,176000,227000
80925104228,2019,53600,119800,173400
81030310015,2019,74000,108200,182200
70921409110,2019,194200,463000,657200
70828414064,2019,0,0,0
70918319504,2019,20500,113300,133800
70914420058,2019,311400,460600,772000
70921214311,2019,104800,194100,298900
70922409052,2019,127800,297100,424900
71003409052,2019,50500,160500,211000
71035103185,2019,69500,284200,353700
70836110068,2019,88100,277800,365900
70921216234,2019,87800,186200,274000
70828435060,2019,0,0,0
71003202076,2019,53100,159400,212500
80936104051,2019,14900,93200,108100
70931411048,2019,84000,135500,219500
60801226156,2019,16200,178300,194500
71010106146,2019,52400,190500,242900
70823108125,2019,89800,196200,286000
81030313051,2019,52700,139000,191700
70826419785,2019,0,4000,4000
71007107181,2019,149800,368400,518200
70836409031,2019,60300,154200,214500
70932101151,2019,203900,342000,545900
71005222220,2019,63800,125900,189700
70926201157,2019,175000,0,175000
81014303276,2019,32800,143400,176200
60812328553,2019,0,1000,1000
71021217049,2019,59600,147400,207000
81026425133,2019,100,0,100
70923402021,2019,77800,176400,254200
81028121581,2019,10800,100000,110800
70913119123,2019,79900,191100,271000
60811417068,2019,75600,205900,281500
70918201165,2019,158900,221000,379900
70936301202,2019,61300,130700,192000
70913317222,2019,76000,121400,197400
71007105317,2019,77100,329300,406400
70914439140,2019,6000,49000,55000
60906202118,2019,63900,128400,192300
70913309394,2019,83400,0,83400
70932109022,2019,172000,288900,460900
70920412172,2019,134200,218700,352900
71004315042,2019,54700,173900,228600
81034313057,2019,0,0,0
71015106191,2019,66400,182400,248800
70823210540,2019,109800,268400,378200
70836405675,2019,62100,188400,250500
60802202105,2019,86600,199700,286300
70935202104,2019,43100,104800,147900
60801104295,2019,70000,184800,254800
81033303025,2019,0,0,0
70921301118,2019,111100,287500,398600
70919213101,2019,89700,207600,297300
70912404509,2019,144500,317800,462300
71005218154,2019,65100,116300,181400
81031414105,2019,37600,156400,194000
80925112809,2019,800,1200,2000
71011302074,2019,61600,155400,217000
70833123189,2019,107200,308700,415900
70920222050,2019,16400,148600,165000
71007305181,2019,126800,346200,473000
71016105126,2019,63300,151100,214400
70914405076,2019,70400,0,70400
60811438048,2019,20000,178800,198800
71011122240,2019,0,0,0
81026349052,2019,41100,248800,289900
70835301048,2019,97600,280600,378200
70836407267,2019,59700,137200,196900
70833302329,2019,282500,1012500,1295000
81032421117,2019,48200,151400,199600
81028121276,2019,8700,68600,77300
60905203068,2019,176000,307000,483000
70923174836,2019,3300,11700,15000
80925219283,2019,60700,144300,205000
60811414105,2019,76100,196600,272700
70833401254,2019,216500,365700,582200
70931302213,2019,104200,180500,284700
71021110011,2019,62400,153400,215800
71009408058,2019,65900,109100,175000
80926110026,2019,55200,144100,199300
60812207070,2019,83600,177200,260800
71003416081,2019,53900,182500,236400
70828310072,2019,71500,278800,350300
70823310134,2019,13100,132200,145300
80925116877,2019,800,1200,2000
70913348087,2019,4600,161100,165700
70922336172,2019,130200,244900,375100
70920405151,2019,116100,195200,311300
71007222088,2019,0,0,0
80924409736,2019,400,1600,2000
81014300941,2019,68900,0,68900
70922302157,2019,96200,361300,457500
70824407055,2019,107000,288800,395800
70826313458,2019,0,0,0
60802304224,2019,91600,213600,305200
70828118088,2019,42000,243800,285800
70824310117,2019,14100,142800,156900
70929307093,2019,107400,262000,369400
71006113288,2019,58800,165800,224600
70914437300,2019,1100,100,1200
70826421102,2019,0,4000,4000
81028120608,2019,0,5000,5000
81028102317,2019,59000,153300,212300
70836308241,2019,0,0,0
71005329117,2019,105800,217800,323600
80924440996,2019,400,1600,2000
71010307174,2019,52500,157500,210000
70919211064,2019,91500,170300,261800
70835125076,2019,500,1500,2000
70814301069,2019,0,0,0
60801115036,2019,61800,149200,211000
70823113033,2019,89400,231600,321000
70901101116,2019,68100,160900,229000
70833401246,2019,216500,435600,652100
70920304296,2019,90200,141300,231500
81034307117,2019,44200,156700,200900
70929423104,2019,156500,331000,487500
80924407847,2019,400,1600,2000
70821404153,2019,114300,418600,532900
60906110072,2019,63200,173600,236800
70923211224,2019,54100,215300,269400
80924431846,2019,400,1600,2000
60901102040,2019,66200,191600,257800
80925408050,2019,52900,159100,212000
70913127902,2019,1000,9000,10000
70920217762,2019,400,14600,15000
70928105232,2019,99100,310500,409600
70829411077,2019,14500,0,14500
70935207021,2019,66200,164800,231000
70931401023,2019,99000,258500,357500
71007234025,2019,33900,160100,194000
70820110082,2019,100,0,100
70919410145,2019,106700,185800,292500
70823108068,2019,89400,272400,361800
81021307071,2019,55900,196500,252400
71010217068,2019,10600,128400,139000
70813301127,2019,83700,235600,319300
60811402267,2019,79700,186400,266100
81035112060,2019,100,0,100
81015107057,2019,60300,202900,263200
70933403051,2019,97000,188900,285900
70928322018,2019,158600,369000,527600
70913417080,2019,0,0,0
70923211042,2019,1335000,17121000,18456000
71006213038,2019,66000,130800,196800
71005307329,2019,42000,213500,255500
70814409011,2019,880000,3242000,4122000
60801206158,2019,70000,213700,283700
70922314061,2019,131100,353900,485000
60803107198,2019,127500,311100,438600
71009220147,2019,38000,190700,228700
81032309040,2019,36700,75500,112200
70814421065,2019,15200,157400,172600
70912419029,2019,9000,91300,100300
71010314088,2019,56800,209100,265900
71011408038,2019,157200,279600,436800
70826417218,2019,18400,84200,102600
70928109218,2019,88300,344300,432600
70923317171,2019,73900,214100,288000
70921105213,2019,81900,398100,480000
80925214077,2019,56100,153300,209400
60803113145,2019,12400,0,12400
81027209015,2019,12000,101300,113300
71019405151,2019,94300,233700,328000
71007116059,2019,84200,210800,295000
71005411188,2019,51700,125300,177000
70921301035,2019,85500,197600,283100
80925207080,2019,54500,176500,231000
70913403013,2019,96100,166400,262500
81032403032,2019,44000,132000,176000
70835318019,2019,77500,231000,308500
70923143443,2019,44900,215200,260100
70931410024,2019,100900,240900,341800
70826310181,2019,105500,425500,531000
70922303163,2019,141500,345300,486800
70827109020,2019,0,0,0
70923170785,2019,2100,600,2700
81031205067,2019,36300,148700,185000
70823404177,2019,39400,185100,224500
70824306257,2019,78000,362000,440000
70932310033,2019,190000,470000,660000
70835202072,2019,192600,374800,567400
70926205068,2019,78300,195500,273800
70923164316,2019,44900,211600,256500
71005313037,2019,62900,189400,252300
70918319942,2019,20500,67000,87500
60906203033,2019,87000,275000,362000
70922304244,2019,262300,375700,638000
80926110448,2019,61700,199200,260900
70824414357,2019,11300,71000,82300
60812214174,2019,19100,204800,223900
70836304207,2019,75800,152200,228000
70912436049,2019,9000,94200,103200
70928307200,2019,104300,170700,275000
70936407290,2019,58900,170900,229800
70918304133,2019,82800,145800,228600
81028119560,2019,10100,88400,98500
70828119234,2019,95700,242300,338000
80924402813,2019,400,1600,2000
71010107144,2019,55900,267900,323800
71010304047,2019,54600,135900,190500
70931104148,2019,146700,139500,286200
70932424131,2019,47800,87800,135600
71007203161,2019,70800,257300,328100
70929401019,2019,101100,180100,281200
70921213230,2019,84700,265400,350100
71007109195,2019,213400,577700,791100
71010110189,2019,54200,218800,273000
71005227262,2019,45400,145800,191200
70918411194,2019,123200,190400,313600
71011204098,2019,31400,228600,260000
81034407074,2019,67500,158000,225500
70929303364,2019,74400,240500,314900
80924311197,2019,64400,216900,281300
71016201023,2019,69200,137900,207100
71010204130,2019,55300,226200,281500
70919303100,2019,88300,231900,320200
71006423091,2019,79400,185600,265000
60812325054,2019,17000,105600,122600
60903201361,2019,84900,220400,305300
70922216019,2019,133200,262200,395400
80926309124,2019,74100,0,74100
81034203109,2019,67000,154000,221000
71005201092,2019,106000,194000,300000
80924307104,2019,67700,207600,275300
60804107080,2019,81600,244800,326400
70920309064,2019,93000,283200,376200
71005337029,2019,152000,673000,825000
60904110165,2019,91500,286700,378200
71007317029,2019,53900,236600,290500
60812121486,2019,77800,201900,279700
70824403152,2019,174300,170700,345000
60802109088,2019,72100,191200,263300
81021416343,2019,0,0,0
80925412085,2019,59900,233400,293300
71012208114,2019,59400,223500,282900
71030213137,2019,84500,97600,182100
70927107065,2019,31300,253800,285100
81026428054,2019,700,0,700
70833124096,2019,63200,247000,310200
81028118976,2019,10800,63900,74700
81015108120,2019,71400,200400,271800
71014301106,2019,55700,156500,212200
70820111121,2019,100,0,100
70928109268,2019,108400,378900,487300
60811410096,2019,78800,187900,266700
70814101394,2019,93400,367600,461000
70913323310,2019,156600,191000,347600
71002107821,2019,9500,111000,120500
71006127049,2019,52000,258000,310000
70826421053,2019,0,4000,4000
71005415099,2019,50000,151100,201100
81031210173,2019,42400,140100,182500
70926203020,2019,171800,324500,496300
80936411092,2019,69600,137200,206800
71003415116,2019,0,0,0
70926414180,2019,49100,92600,141700
70936408149,2019,60800,170200,231000
81028120682,2019,0,5000,5000
70913221069,2019,15600,0,15600
70816402146,2019,185700,337400,523100
80926405021,2019,0,0,0
70923203031,2019,194000,965000,1159000
80924308095,2019,65400,215900,281300
60812405468,2019,78800,174100,252900
70813106072,2019,98900,160000,258900
70924220331,2019,0,12000,12000
70814302116,2019,120700,266900,387600
70836105390,2019,67100,201600,268700
71004311165,2019,54100,147800,201900
80924418068,2019,9600,168900,178500
71021223038,2019,66300,190000,256300
70930411239,2019,75600,200900,276500
70816314127,2019,125700,290300,416000
71005212015,2019,66900,136100,203000
80925416079,2019,54000,151700,205700
70821407107,2019,99900,286100,386000
71001330142,2019,25200,114800,140000
70913119214,2019,82000,144100,226100
70822102201,2019,111000,234100,345100
70814431022,2019,37800,163800,201600
60802302393,2019,89700,210800,300500
70823205153,2019,18100,227500,245600
81021303277,2019,44100,150600,194700
70922435049,2019,210200,238900,449100
70923316024,2019,73900,245200,319100
70825204202,2019,550000,438300,988300
70919212012,2019,90600,168600,259200
71030201249,2019,528700,472600,1001300
71010309089,2019,70000,542500,612500
70918409199,2019,0,0,0
70824206118,2019,107500,378000,485500
70920218752,2019,400,14600,15000
60801302055,2019,74200,132300,206500
71034102401,2019,57800,171400,229200
60802305066,2019,13800,192200,206000
70922429159,2019,201800,380700,582500
71006130208,2019,47500,186400,233900
81034305129,2019,48600,130700,179300
70817402012,2019,0,0,0
60812320012,2019,0,0,0
70923173094,2019,3300,11700,15000
70928317051,2019,166900,663600,830500
71003106088,2019,53100,179200,232300
70932416245,2019,0,0,0
70813307109,2019,137500,370300,507800
70921309055,2019,104400,147600,252000
80936114068,2019,13800,108200,122000
70912445016,2019,9000,97800,106800
81032302169,2019,37200,141500,178700
60906207225,2019,62000,134200,196200
81031405295,2019,37600,139400,177000
70918411087,2019,133000,207700,340700
70815308030,2019,153700,331100,484800
81032417108,2019,33200,106500,139700
70923146637,2019,8000,7000,15000
70921411058,2019,142900,464800,607700
70935113260,2019,48500,85500,134000
81031423122,2019,17500,162500,180000
70914410166,2019,1693000,10000,1703000
71005404175,2019,63200,181200,244400
70829418057,2019,20600,0,20600
70823310241,2019,13100,138600,151700
70928217194,2019,99100,165600,264700
71006111141,2019,69200,140100,209300
70913125253,2019,97800,120200,218000
80926403265,2019,86000,337000,423000
60904113408,2019,94800,353200,448000
70834214664,2019,40800,449100,489900
71002314294,2019,0,0,0
70913347691,2019,2500,12500,15000
70822414119,2019,11800,103600,115400
70932103321,2019,143300,449600,592900
70824407120,2019,109000,271700,380700
80925302088,2019,60600,84100,144700
81015108196,2019,94300,197000,291300
60804105175,2019,143100,401900,545000
71007218110,2019,126400,360200,486600
70923163433,2019,44900,254900,299800
70836114383,2019,79100,129300,208400
71009204141,2019,50100,137500,187600
71009206147,2019,0,0,0
71001323303,2019,64500,262100,326600
80925123921,2019,800,1200,2000
70923413119,2019,1700,16300,18000
70931202182,2019,75300,184200,259500
71009309032,2019,68300,105400,173700
70813402024,2019,198400,325500,523900
71010111012,2019,48200,238300,286500
70835117114,2019,12400,108200,120600
71021217015,2019,63800,119700,183500
80925125927,2019,800,1200,2000
60801114244,2019,57500,152200,209700
70918321088,2019,0,2000,2000
80924419777,2019,400,1600,2000
70920222133,2019,16400,142000,158400
71007242101,2019,12200,238800,251000
81033404047,2019,334000,167200,501200
70921124130,2019,0,0,0
70921108035,2019,157000,413000,570000
70921407205,2019,142900,383000,525900
70922408012,2019,0,0,0
81021412094,2019,53600,175500,229100
60812330516,2019,0,5000,5000
70928306054,2019,65500,0,65500
71034107063,2019,56200,207800,264000
60812329022,2019,13400,163200,176600
60812330102,2019,0,5000,5000
70931409118,2019,94300,174700,269000
81028110055,2019,55800,129900,185700
70918313069,2019,803300,767900,1571200
71016113286,2019,54900,100700,155600
71003308022,2019,56200,164700,220900
71009308159,2019,66000,153300,219300
70834310082,2019,0,15000,15000
71015119029,2019,45200,179400,224600
70932110102,2019,136300,345800,482100
71011407030,2019,104600,285600,390200
80936104043,2019,14900,94800,109700
70919228077,2019,24100,325700,349800
81026346024,2019,4200,0,4200
70923111028,2019,0,0,0
60906206102,2019,60300,145200,205500
81026346040,2019,60200,293300,353500
60905104084,2019,49200,113100,162300
71002402057,2019,70200,259800,330000
60801203055,2019,66100,166900,233000
70821212100,2019,100,0,100
70823106129,2019,89000,249100,338100
60811110117,2019,103300,238000,341300
71009214174,2019,57200,147600,204800
70932415130,2019,53000,121900,174900
60811105093,2019,0,0,0
60812105117,2019,74100,193900,268000
70826410337,2019,0,0,0
71004406106,2019,53600,133100,186700
81019301085,2019,61300,152900,214200
70930102151,2019,0,0,0
81015403017,2019,350000,1036000,1386000
71012209047,2019,58500,173600,232100
60803116115,2019,134000,254600,388600
81027206219,2019,492000,1862000,2354000
81023305180,2019,35600,122300,157900
80925300941,2019,0,0,0
71011102010,2019,0,0,0
70923145465,2019,8000,7000,15000
70918415807,2019,10500,65300,75800
81021403390,2019,53100,155400,208500
71016406029,2019,62400,140700,203100
70919109194,2019,107400,110500,217900
70815305052,2019,168600,390600,559200
70923152080,2019,28000,287500,315500
70821214081,2019,123000,320000,443000
71009219083,2019,46200,180100,226300
70913314319,2019,70300,134100,204400
70833306066,2019,169500,408500,578000
70923113371,2019,152500,454600,607100
71016409164,2019,61800,144700,206500
71016404114,2019,61700,143500,205200
60801410139,2019,71800,168200,240000
81032310021,2019,38400,150500,188900
60801408217,2019,83100,141100,224200
70921114264,2019,121400,341300,462700
70923413416,2019,1700,16300,18000
70923310076,2019,52500,192200,244700
60812202228,2019,80000,206800,286800
80925210083,2019,51800,131200,183000
70926117198,2019,80000,234900,314900
70914414126,2019,106700,519900,626600
70836116107,2019,65900,225600,291500
80924420089,2019,9900,164400,174300
70926107058,2019,76000,160300,236300
70922111219,2019,163000,1477000,1640000
81027102061,2019,1055500,6827600,7883100
60802312087,2019,101500,293400,394900
60801206017,2019,70000,189900,259900
60802409149,2019,64000,175900,239900
71012206027,2019,64100,183500,247600
60906203083,2019,85000,205000,290000
81031221047,2019,36900,127800,164700
80925412043,2019,71300,199000,270300
81031214042,2019,38000,167000,205000
70833411055,2019,46200,206800,253000
70923222015,2019,1388000,2991000,4379000
71005108165,2019,53000,145600,198600
70822109124,2019,57800,154200,212000
70828316236,2019,100,0,100
71006110276,2019,69200,132900,202100
70923168326,2019,6500,18500,25000
70828421093,2019,0,0,0
70907301067,2019,315000,603000,918000
70914437839,2019,1100,5900,7000
70923404168,2019,551000,6062000,6613000
81026360446,2019,100,0,100
60906207150,2019,65900,181100,247000
81022403042,2019,255000,622000,877000
71022401162,2019,170000,155000,325000
70928103038,2019,107000,250100,357100
71004318012,2019,56100,164200,220300
71002437096,2019,47400,262600,310000
70835301064,2019,123400,214700,338100
81028103208,2019,59300,149100,208400
80926205033,2019,63400,195700,259100
70931209104,2019,69700,205300,275000
80924105011,2019,61700,214500,276200
71006403126,2019,59700,197300,257000
70935103120,2019,46000,59000,105000
81031404172,2019,36700,159900,196600
81033305120,2019,43700,126900,170600
60801405057,2019,75800,162900,238700
71005405066,2019,52600,198200,250800
70914439231,2019,1000,8400,9400
70816322097,2019,17300,215900,233200
70835122874,2019,6500,74500,81000
70826420344,2019,0,4000,4000
70816304053,2019,168300,651200,819500
60812327050,2019,6000,89400,95400
70929222118,2019,96000,219200,315200
70918303135,2019,81200,139100,220300
70932414067,2019,0,0,0
81026424078,2019,100,0,100
80924421152,2019,8600,158400,167000
70933403035,2019,91100,179000,270100
70828442122,2019,0,0,0
80936403312,2019,0,0,0
60811415179,2019,73400,164900,238300
81031218052,2019,38500,92700,131200
70835113154,2019,113300,278400,391700
71011103092,2019,60400,290300,350700
70929404063,2019,97400,176000,273400
70813403098,2019,395600,144400,540000
80924428033,2019,13300,204100,217400
70826315602,2019,35900,234900,270800
71011403020,2019,100000,264600,364600
70921308023,2019,102200,194900,297100
81027206136,2019,5350000,6290000,11640000
71021223137,2019,62600,188900,251500
71021202131,2019,62100,119500,181600
70922306084,2019,101200,453300,554500
70823310051,2019,10900,128100,139000
70921124114,2019,121400,341100,462500
70914436261,2019,112800,557200,670000
81028121234,2019,0,0,0
71016201015,2019,110300,207500,317800
70928109119,2019,109100,257300,366400
70814424100,2019,81100,313900,395000
70932205119,2019,65300,168000,233300
71003302024,2019,52900,118100,171000
60801108114,2019,66100,161300,227400
81031202112,2019,46900,197700,244600
70923122083,2019,140400,439700,580100
70923165174,2019,49900,181100,231000
71003310225,2019,56200,167500,223700
81033305055,2019,44600,108600,153200
81034106436,2019,57800,180000,237800
70920222274,2019,16400,129900,146300
70929112088,2019,113200,202900,316100
60801413050,2019,73700,203100,276800
60811420029,2019,16000,206500,222500
71003213271,2019,54300,169200,223500
80924408085,2019,9200,136100,145300
70834410022,2019,119000,500000,619000
70834426326,2019,23400,99100,122500
70930102052,2019,78200,205300,283500
60802309290,2019,95100,213400,308500
70822403039,2019,704000,1205000,1909000
81031208102,2019,36200,101800,138000
70921309146,2019,102200,228800,331000
70920106296,2019,130800,215400,346200
70836412125,2019,0,0,0
70826420914,2019,0,4000,4000
71012215250,2019,17700,260300,278000
70813328171,2019,128700,447800,576500
70901112155,2019,118000,207000,325000
60812121501,2019,79500,215400,294900
81034310037,2019,82000,418000,500000
70913214189,2019,77600,208600,286200
70921213321,2019,85300,257500,342800
60811303077,2019,83600,190900,274500
70929421174,2019,159100,346400,505500
70821110205,2019,117200,317300,434500
70836410301,2019,58700,160600,219300
70922109032,2019,0,0,0
70920308230,2019,94400,207900,302300
81030312342,2019,56000,138600,194600
70923413135,2019,1700,16300,18000
80936413189,2019,70400,170400,240800
70921313155,2019,109200,221500,330700
70823314079,2019,156900,273600,430500
70923173052,2019,3300,11700,15000
70932113338,2019,94900,158600,253500
71002314278,2019,2100,0,2100
70823102226,2019,80200,317600,397800
60811421027,2019,16000,179100,195100
70824406015,2019,97100,263000,360100
60802112148,2019,86400,175600,262000
70932418150,2019,53100,95600,148700
70920402206,2019,168100,231700,399800
70836308275,2019,40300,130800,171100
81028114015,2019,60900,132500,193400
70833411112,2019,46200,216800,263000
81021303160,2019,48400,138700,187100
70823411015,2019,75000,198500,273500
71014201140,2019,54000,133500,187500
70923156719,2019,5000,10000,15000
71002415034,2019,67500,117000,184500
70828442065,2019,0,0,0
70828438014,2019,0,0,0
60812317077,2019,86100,217100,303200
81026415035,2019,100,0,100
81033411068,2019,29000,136000,165000
71021104064,2019,60900,144800,205700
80935101090,2019,56100,155900,212000
70922211142,2019,125000,236300,361300
71005410049,2019,54600,88100,142700
70922234194,2019,120800,304200,425000
70922431071,2019,52400,175600,228000
60902205033,2019,99000,373000,472000
71034103053,2019,76000,187500,263500
71016113153,2019,59600,126500,186100
70920107278,2019,120800,137100,257900
70920418203,2019,121600,198300,319900
70829102337,2019,102500,300100,402600
60906201061,2019,73500,163000,236500
70928213118,2019,97400,334700,432100
70823405216,2019,58000,302400,360400
81021405031,2019,49900,161700,211600
70922345305,2019,75400,231300,306700
70823412039,2019,70700,159000,229700
70935300958,2019,875000,2200000,3075000
71016104087,2019,63300,133700,197000
70833202090,2019,102400,191100,293500
60812109193,2019,76300,166200,242500
71034102360,2019,70100,164900,235000
70836213375,2019,11600,118800,130400
80925308028,2019,66000,107000,173000
71011114198,2019,65800,281200,347000
70922424159,2019,114800,240200,355000
71006205100,2019,56000,112400,168400
70912427022,2019,9000,91300,100300
80924426855,2019,400,1600,2000
80925208046,2019,57400,167100,224500
70931202041,2019,84300,155700,240000
71002403154,2019,85500,0,85500
70920410366,2019,126200,170400,296600
70932103545,2019,180600,419500,600100
70923316165,2019,18000,187900,205900
80924411137,2019,9200,146200,155400
81026344119,2019,4300,0,4300
71011118017,2019,30500,233400,263900
60803112056,2019,90000,302500,392500
70834426342,2019,29000,154500,183500
81032401094,2019,45900,149400,195300
60802313176,2019,96700,317800,414500
81026358053,2019,100,0,100
70828407043,2019,0,0,0
71007116330,2019,76600,356900,433500
70826211454,2019,18300,67600,85900
70836306154,2019,77000,373000,450000
81030401989,2019,0,0,0
60802112198,2019,87000,198900,285900
70932209145,2019,20800,112200,133000
71016203160,2019,106800,134100,240900
70821214148,2019,135000,380000,515000
70918321880,2019,0,2000,2000
71007309042,2019,96100,128400,224500
80925416061,2019,52000,143800,195800
70923124211,2019,163200,143500,306700
70926100995,2019,0,0,0
70932418184,2019,53100,131800,184900
60811115018,2019,94000,276000,370000
71015109088,2019,50300,116700,167000
70922225044,2019,217000,508000,725000
71003218073,2019,12100,78200,90300
71009218043,2019,41500,172700,214200
60801120051,2019,74800,153200,228000
70826419751,2019,0,4000,4000
71009306038,2019,68800,101100,169900
70913317305,2019,80200,331900,412100
70918415253,2019,10500,123600,134100
60802108171,2019,68700,193600,262300
70923106144,2019,0,0,0
71007216057,2019,105300,144700,250000
70928219174,2019,104300,173500,277800
70920416158,2019,110200,168700,278900
71016412109,2019,61600,151400,213000
71013203121,2019,43200,55900,99100
70912412081,2019,660900,521600,1182500
70814426073,2019,86500,311100,397600
80924444071,2019,11600,230500,242100
60902103245,2019,20000,109000,129000
60811108039,2019,104800,257200,362000
70932302155,2019,1841800,4475200,6317000
81015104045,2019,57400,163700,221100
70826410189,2019,71400,148600,220000
71016114226,2019,54900,138600,193500
70920219718,2019,0,0,0
70835208129,2019,84300,212100,296400
71003312015,2019,53700,147300,201000
70929108011,2019,0,0,0
70834426392,2019,23400,99600,123000
71003312198,2019,49100,142900,192000
81032418130,2019,33200,127500,160700
71015103072,2019,67900,127600,195500
70823310184,2019,10900,126400,137300
71002421015,2019,82400,227000,309400
70923162352,2019,8000,7000,15000
70931408160,2019,69300,135000,204300
60801110086,2019,59000,211900,270900
70920410431,2019,127600,152800,280400
70923156313,2019,5000,10000,15000
71003205161,2019,57300,154100,211400
70907300928,2019,111600,550600,662200
70826420998,2019,0,4000,4000
70923168897,2019,6500,18500,25000
70918319314,2019,20500,112300,132800
71010415084,2019,63400,261900,325300
81023207287,2019,33600,128000,161600
71035207391,2019,43900,198100,242000
71006128162,2019,58000,217300,275300
70816322211,2019,17300,189800,207100
71014301338,2019,57000,195000,252000
70913105247,2019,93600,58800,152400
70919228069,2019,24100,400900,425000
70923179076,2019,0,0,0
70822414953,2019,23600,155600,179200
81031402051,2019,35000,133700,168700
81034206012,2019,66800,166000,232800
71006116125,2019,34300,222600,256900
80936408073,2019,74600,160100,234700
71011222066,2019,18500,169000,187500
81031207047,2019,36200,113100,149300
70914410017,2019,590000,448000,1038000
81030306080,2019,52500,146800,199300
70918211255,2019,101700,171900,273600
71010209114,2019,54000,165000,219000
60801209128,2019,86300,151200,237500
70835101159,2019,77000,298000,375000
81030208103,2019,80500,639500,720000
81033103144,2019,932000,2795000,3727000
70834201380,2019,95700,274500,370200
70922437128,2019,49900,296700,346600
81032425151,2019,31800,126100,157900
81031201073,2019,39800,159100,198900
70833401220,2019,216500,500100,716600
81034105040,2019,70500,159800,230300
70919206271,2019,129500,369000,498500
70935109011,2019,0,0,0
71030208386,2019,79800,144000,223800
70921308122,2019,111100,177900,289000
70913330084,2019,0,0,0
60803112155,2019,106500,363700,470200
70921110022,2019,120800,321500,442300
80924418159,2019,9600,161600,171200
70814403302,2019,100800,258900,359700
70921220037,2019,128900,265900,394800
60803101174,2019,106100,163900,270000
60812305288,2019,80300,211900,292200
70931210036,2019,72900,149400,222300
70922336263,2019,130200,340500,470700
81034314047,2019,25000,93500,118500
70814101360,2019,95600,296900,392500
70923160421,2019,8000,7000,15000
70923411337,2019,27800,168200,196000
70913346213,2019,72100,286700,358800
70931310133,2019,99200,156400,255600
71007228185,2019,67000,124500,191500
70913337858,2019,3500,11500,15000
60801108130,2019,66100,173200,239300
81028118306,2019,8700,65500,74200
71010108192,2019,57800,202600,260400
60811113161,2019,105500,305300,410800
70935113286,2019,52000,141000,193000
70829414021,2019,10500,0,10500
70826421699,2019,0,4000,4000
70923413911,2019,0,5000,5000
70924219392,2019,0,25000,25000
70828111032,2019,95200,239700,334900
70834427928,2019,0,5000,5000
70918211122,2019,209000,252000,461000
81028401040,2019,53800,192900,246700
60801111068,2019,65800,181500,247300
70926215182,2019,111900,228300,340200
81030401955,2019,0,1644000,1644000
70923127380,2019,98600,271100,369700
71005225084,2019,59700,99800,159500
70820110173,2019,100,0,100
71012211084,2019,59100,201700,260800
71011208230,2019,33900,210800,244700
70835110093,2019,140700,324200,464900
70829109028,2019,111900,0,111900
81014303747,2019,32800,168700,201500
71009105050,2019,105500,251000,356500
71010219189,2019,10600,84500,95100
70921222041,2019,135500,252100,387600
71003208016,2019,52000,150800,202800
70935201172,2019,0,0,0
70924218261,2019,51300,677700,729000
70923104106,2019,84000,450000,534000
70823103068,2019,86000,260500,346500
70923170214,2019,2500,800,3300
71005320040,2019,90400,236500,326900
70920103359,2019,512000,143000,655000
70912445024,2019,9000,91300,100300
80925105242,2019,53000,117500,170500
70920120022,2019,188000,1812000,2000000
70921313121,2019,108900,188700,297600
80926106190,2019,54000,159000,213000
71016106067,2019,63200,170800,234000
70922434033,2019,81200,215000,296200
81028120715,2019,0,5000,5000
70826421334,2019,0,4000,4000
60811202196,2019,97700,265300,363000
60905113035,2019,48200,76200,124400
70909300984,2019,0,0,0
70922231083,2019,182600,491500,674100
70923408285,2019,88300,238700,327000
70923126043,2019,73000,295300,368300
71027412057,2019,72100,161200,233300
60802115150,2019,14100,108200,122300
70921211127,2019,74100,183400,257500
70921221374,2019,212600,507800,720400
71010108043,2019,56000,183100,239100
60801118189,2019,66100,158900,225000
81026207052,2019,0,0,0
70829106066,2019,80600,334600,415200
70833403101,2019,208500,508200,716700
70932416146,2019,53600,127100,180700
70816322469,2019,17300,228600,245900
70932201191,2019,70500,138800,209300
70913105065,2019,81100,0,81100
70824304095,2019,107500,211700,319200
70822202019,2019,75000,216600,291600
70919413066,2019,115500,183800,299300
70921113175,2019,124400,290300,414700
71005307353,2019,0,0,0
70835122808,2019,6500,76500,83000
71011116037,2019,70500,176300,246800
70828316012,2019,100,0,100
70834308508,2019,27900,319900,347800
70936304016,2019,63200,149400,212600
70919215040,2019,88400,110100,198500
70922208032,2019,123200,378200,501400
71005229200,2019,63700,132800,196500
80925217154,2019,56800,126800,183600
60905213314,2019,4200,43700,47900
81033207219,2019,45000,118500,163500
70833205101,2019,29300,268200,297500
60811402019,2019,78100,202000,280100
60811416359,2019,75500,214000,289500
80924440053,2019,11700,217400,229100
70836116173,2019,69300,158600,227900
71006309043,2019,48500,164600,213100
81034207200,2019,100000,410000,510000
70936403082,2019,64700,166700,231400
71016202063,2019,107300,79900,187200
70923301059,2019,0,0,0
70912445040,2019,9000,92800,101800
70824309102,2019,14100,157600,171700
71003317049,2019,58400,189400,247800
70914425066,2019,255000,692000,947000
70924218435,2019,43200,612200,655400
71007109210,2019,149800,425800,575600
80926307144,2019,67400,238900,306300
70921309170,2019,114800,224200,339000
81030314075,2019,58700,135900,194600
71016401079,2019,90000,290000,380000
70928319114,2019,156000,423400,579400
70920406050,2019,129500,225900,355400
81015102031,2019,58100,165800,223900
71005222113,2019,72000,128800,200800
70933201033,2019,161500,260900,422400
81028103026,2019,59400,131800,191200
80925205224,2019,55900,149200,205100
70920302274,2019,135800,406900,542700
70834413232,2019,24200,181000,205200
81031405055,2019,36000,133300,169300
70836307277,2019,65400,153300,218700
70822414523,2019,11800,101500,113300
80925116893,2019,800,1200,2000
70836308019,2019,40300,130800,171100
70919224182,2019,101300,164800,266100
71016102081,2019,36500,179500,216000
80924438694,2019,400,1600,2000
71010204065,2019,56200,173700,229900
70921214056,2019,115000,302700,417700
70929116212,2019,137300,219300,356600
80924410759,2019,400,1600,2000
70913314054,2019,122200,203400,325600
71005109098,2019,47000,306000,353000
81031217103,2019,74000,216000,290000
70921318171,2019,95700,183200,278900
70928121014,2019,0,0,0
81023209259,2019,0,1200,1200
71005402161,2019,39100,190900,230000
60801313268,2019,71800,268400,340200
71006128485,2019,48000,126900,174900
70920414277,2019,132400,242200,374600
70920219833,2019,0,0,0
70823210318,2019,113400,174500,287900
70814423102,2019,89500,249500,339000
71001331091,2019,50100,244200,294300
70834414016,2019,66900,242600,309500
70929407124,2019,87300,276700,364000
70835208195,2019,78200,187100,265300
71008108063,2019,29800,250200,280000
81033410151,2019,20000,97000,117000
70835307252,2019,78800,206200,285000
71034110058,2019,14200,118700,132900
60812316087,2019,86000,230200,316200
71010109174,2019,0,0,0
70823110229,2019,89400,334700,424100
71012208081,2019,59400,187400,246800
70920216756,2019,9600,270500,280100
71002107623,2019,9500,150700,160200
80924413092,2019,10200,142100,152300
71003212075,2019,53100,173600,226700
70920416132,2019,134000,172600,306600
70918221113,2019,126900,318100,445000
80925215140,2019,55700,191400,247100
71009213209,2019,51500,168400,219900
70931208015,2019,78400,267200,345600
71016207120,2019,66600,108500,175100
60801112123,2019,62300,182700,245000
70823206078,2019,18100,223700,241800
70821307018,2019,0,0,0
60811440077,2019,32700,185200,217900
70918103030,2019,523000,318000,841000
71001309155,2019,59500,161900,221400
70929124306,2019,0,10000,10000
70932108074,2019,139900,253400,393300
71004406221,2019,46800,166200,213000
70813403212,2019,393500,127500,521000
70920407123,2019,149400,215100,364500
71007303226,2019,110400,356900,467300
60811412290,2019,98400,196900,295300
70913315127,2019,57500,127500,185000
81026356172,2019,66700,428100,494800
71010314020,2019,66000,175900,241900
70813314435,2019,14900,279700,294600
70816401338,2019,184500,487300,671800
71011421080,2019,50700,247100,297800
70912405375,2019,100400,330100,430500
60802426060,2019,35000,144500,179500
70824402196,2019,108900,253700,362600
71014207122,2019,61400,149800,211200
70814308015,2019,0,0,0
70931403037,2019,106800,154600,261400
81021106027,2019,59600,186900,246500
70922211093,2019,133000,508500,641500
70929405045,2019,107700,338500,446200
70922225119,2019,209900,666300,876200
70931407229,2019,81300,104900,186200
80925115069,2019,13500,213400,226900
80925125901,2019,800,1200,2000
70926110093,2019,80800,147900,228700
60811206023,2019,96500,198100,294600
70936409139,2019,66500,176200,242700
70933206017,2019,210900,512800,723700
70833408078,2019,44700,419300,464000
70835205018,2019,95300,206300,301600
70836201148,2019,76500,219300,295800
60804102113,2019,87000,238200,325200
81032423014,2019,31800,128400,160200
70823209048,2019,147200,336400,483600
70823414019,2019,1161000,2024000,3185000
60802316047,2019,18000,205300,223300
71003411031,2019,50600,175900,226500
70929206120,2019,78300,173700,252000
71004304087,2019,52800,135000,187800
60904110222,2019,92000,227900,319900
70920113134,2019,106400,181900,288300
70926216205,2019,111000,324000,435000
71006425097,2019,93200,106800,200000
70922410166,2019,149400,250400,399800
70928221088,2019,105300,192700,298000
80925415972,2019,595500,1694500,2290000
60811419238,2019,89400,256400,345800
60905105032,2019,50400,111600,162000
71016207188,2019,85200,124800,210000
70815104024,2019,583000,3392000,3975000
70931401106,2019,90600,218700,309300
81023310113,2019,35600,91400,127000
70923156686,2019,5000,10000,15000
70921407180,2019,142900,499900,642800
81033305154,2019,47500,115600,163100
81030215083,2019,4500,74400,78900
70928211089,2019,89900,227600,317500
60903206197,2019,81400,183200,264600
71005114021,2019,50000,50000,100000
70821407066,2019,100300,0,100300
71015206123,2019,41900,191000,232900
80924444667,2019,400,1600,2000
70816316040,2019,186100,525300,711400
80936414054,2019,72700,219800,292500
70914406131,2019,161300,318400,479700
70923152585,2019,23200,510400,533600
70929305211,2019,90900,235300,326200
71004403152,2019,46500,118900,165400
71009301046,2019,68600,6400,75000
70913125287,2019,120200,85800,206000
70816402055,2019,201400,445200,646600
70935207302,2019,40900,132600,173500
70919405196,2019,105800,168700,274500
71005313011,2019,62900,194900,257800
70928111114,2019,108200,249600,357800
70814303213,2019,88600,337500,426100
71021210027,2019,62400,158000,220400
70821215047,2019,143000,316900,459900
70834413216,2019,24200,175900,200100
81026364076,2019,3200,0,3200
70821114463,2019,17300,253700,271000
70834206075,2019,82100,242800,324900
60801208352,2019,68700,203800,272500
60812111304,2019,82800,215400,298200
70920109117,2019,82200,185000,267200
60905221028,2019,40500,174500,215000
71006304150,2019,35400,211600,247000
71005214087,2019,48500,98400,146900
70821204206,2019,152900,345100,498000
70929427122,2019,181700,235300,417000
70929217242,2019,96000,263800,359800
60812404080,2019,0,0,0
71016401194,2019,69000,261000,330000
60906106063,2019,67600,155000,222600
60812102105,2019,85300,183300,268600
70923174563,2019,3300,11700,15000
71007207139,2019,0,0,0
70919225198,2019,96900,198200,295100
70913340108,2019,43500,223900,267400
81032410087,2019,56900,151400,208300
71020309243,2019,23800,163000,186800
60904108087,2019,91200,295100,386300
70922203066,2019,132000,2158000,2290000
70835303086,2019,78200,182300,260500
70826417052,2019,18400,83500,101900
70920212192,2019,125600,257700,383300
70918319455,2019,20500,104300,124800
70929419327,2019,86000,219300,305300
71003419332,2019,0,0,0
70826418331,2019,21200,140800,162000
70921301233,2019,105600,253200,358800
80924409059,2019,9300,139800,149100
70933204219,2019,150500,460800,611300
71011206028,2019,31400,204400,235800
70922215011,2019,157900,257000,414900
70919219167,2019,90800,187600,278400
70920216011,2019,191000,2080000,2271000
70935105035,2019,0,0,0
70829412067,2019,13100,0,13100
70923152618,2019,22200,485300,507500
70934401179,2019,480000,535600,1015600
71005204020,2019,47300,117700,165000
70929419088,2019,86200,406000,492200
71006306031,2019,32000,248800,280800
70929115115,2019,104200,196800,301000
70926414148,2019,46000,107000,153000
70913422013,2019,83500,404500,488000
70923168508,2019,6500,18500,25000
70914301274,2019,100,0,100
71006119278,2019,36700,206500,243200
70936304115,2019,64800,124500,189300
71021204137,2019,52000,149500,201500
80924428934,2019,400,1600,2000
70922212166,2019,228800,444200,673000
70928323107,2019,163700,287300,451000
70913222190,2019,12300,415000,427300
71002309112,2019,100,0,100
70826419652,2019,0,4000,4000
80924411020,2019,9000,151700,160700
70822105479,2019,623000,12887000,13510000
80925217162,2019,55600,176200,231800
71006213161,2019,43600,194700,238300
60801213137,2019,75700,202600,278300
71002311092,2019,60700,265500,326200
71016118046,2019,60600,135500,196100
70929304106,2019,0,0,0
70929216252,2019,89800,290600,380400
70836405633,2019,58700,149200,207900
81031407035,2019,29900,85200,115100
70920302109,2019,141600,354500,496100
70921115163,2019,124400,314000,438400
71011113116,2019,74000,262100,336100
70923413309,2019,1700,16300,18000
71001325193,2019,24900,142100,167000
70835317079,2019,98600,246600,345200
60811304281,2019,127100,297200,424300
81030306072,2019,52800,156800,209600
70923147289,2019,8000,7000,15000
80925210108,2019,54500,148200,202700
70923153947,2019,1300,23700,25000
70912448010,2019,9000,91300,100300
80924403077,2019,7100,110200,117300
70834416012,2019,22800,193500,216300
70919227483,2019,41900,214200,256100
70923201069,2019,134100,373900,508000
71006446415,2019,3000,35000,38000
70833401080,2019,212800,356500,569300
70928221012,2019,105300,404700,510000
70918212071,2019,65200,124000,189200
70919109061,2019,89700,140800,230500
81031409122,2019,40400,175700,216100
60812313405,2019,33100,191000,224100
70930410091,2019,87500,188100,275600
81023304174,2019,35600,125900,161500
70824103033,2019,119400,266800,386200
71007103022,2019,98100,326400,424500
71011204080,2019,31400,245700,277100
70923169077,2019,6500,18500,25000
80924422168,2019,10200,168300,178500
71019404070,2019,92900,118200,211100
60811117080,2019,19100,176700,195800
71008108021,2019,38800,271200,310000
70923158103,2019,45200,203900,249100
81026344086,2019,3200,0,3200
70929303281,2019,80800,161200,242000
70835124581,2019,500,1500,2000
70923309160,2019,129000,298000,427000
71003312049,2019,49300,152400,201700
71016411193,2019,61700,127000,188700
70836213226,2019,11600,112600,124200
70835315289,2019,51900,344700,396600
70921221316,2019,128800,354400,483200
70833115102,2019,95400,262600,358000
70822110080,2019,47800,179800,227600
70836301055,2019,71300,195800,267100
70835311047,2019,94300,198000,292300
71035207200,2019,43900,221600,265500
80924307021,2019,71700,207700,279400
60802401054,2019,0,0,0
80924420071,2019,8600,150000,158600
80936403156,2019,72800,148000,220800
70825104048,2019,572000,493000,1065000
70821408204,2019,105800,310300,416100
80924407855,2019,400,1600,2000
71002418145,2019,70600,218600,289200
71002107483,2019,9500,133600,143100
70934309068,2019,15700,107300,123000
80935106214,2019,76300,215100,291400
70913340083,2019,46400,235700,282100
70923211191,2019,56800,398700,455500
71016401095,2019,74000,256000,330000
71002312016,2019,11800,0,11800
81032430027,2019,39900,120300,160200
70826421681,2019,0,4000,4000
70914413029,2019,216000,979000,1195000
70821407024,2019,97600,353300,450900
60812302119,2019,0,0,0
81030209101,2019,53500,136600,190100
71015101042,2019,56700,150000,206700
71005406212,2019,47600,109500,157100
80925118998,2019,800,1200,2000
71007225199,2019,62200,260800,323000
80925121892,2019,800,1200,2000
70931404176,2019,102400,192900,295300
60812324080,2019,28800,178800,207600
70835122270,2019,6500,74200,80700
70836409255,2019,74500,187800,262300
70826421657,2019,0,4000,4000
70834427879,2019,0,5000,5000
81026418047,2019,100,0,100
70932421236,2019,45400,122600,168000
70813111039,2019,367300,332700,700000
71002440130,2019,34200,0,34200
70924211059,2019,0,0,0
70920219643,2019,0,0,0
70922409151,2019,180100,265500,445600
70822414862,2019,23600,161200,184800
70836119052,2019,77000,201700,278700
70816402211,2019,204200,539300,743500
70820111105,2019,100,0,100
71005409018,2019,47400,138000,185400
60812118178,2019,20500,158200,178700
71010310276,2019,53600,158200,211800
80926113129,2019,59100,143400,202500
70918223169,2019,95300,167600,262900
71006313234,2019,35000,95100,130100
70833302577,2019,216500,337200,553700
81026207078,2019,8400,0,8400
70828113038,2019,88700,185300,274000
81032428014,2019,31100,162800,193900
70822112010,2019,55000,200000,255000
70918306155,2019,86200,183100,269300
70923157022,2019,5000,10000,15000
71035121038,2019,58400,219100,277500
80936414046,2019,73400,139600,213000
81028104066,2019,59000,147900,206900
70836115026,2019,73100,238600,311700
71010405093,2019,56100,182700,238800
71005403177,2019,47400,151900,199300
81026350116,2019,49700,230200,279900
60801406154,2019,24900,150100,175000
71009303042,2019,80000,295000,375000
70834206166,2019,82100,238200,320300
70920216334,2019,12900,480000,492900
71010313288,2019,56700,171700,228400
70928101016,2019,118200,316500,434700
70826410577,2019,68600,163600,232200
71002317040,2019,100,0,100
60801402144,2019,73800,136800,210600
70929219032,2019,88300,258600,346900
71009320020,2019,69300,148600,217900
70928106347,2019,308000,3336000,3644000
70918310031,2019,129800,157300,287100
71007109202,2019,228000,564700,792700
70826412937,2019,8200,61800,70000
71005401139,2019,65700,137900,203600
60811302061,2019,87600,219500,307100
70826416715,2019,21500,117200,138700
70814419177,2019,15200,181400,196600
71004315232,2019,54700,155600,210300
70929106263,2019,82800,160600,243400
80936402158,2019,73800,178800,252600
71014214185,2019,8100,131800,139900
60803101330,2019,98600,173000,271600
71007224141,2019,0,0,0
71002439034,2019,37500,232400,269900
81031224356,2019,53000,98600,151600
80936407116,2019,72400,191300,263700
81034401109,2019,62700,180900,243600
80936207178,2019,55600,169300,224900
80936407033,2019,73400,215100,288500
70823112233,2019,80200,239400,319600
71011115047,2019,71000,169200,240200
71005332087,2019,176900,360600,537500
71014118022,2019,30100,159600,189700
70823313138,2019,16300,124200,140500
71006408192,2019,62900,248800,311700
71007230073,2019,7700,137300,145000
80924413026,2019,8600,119500,128100
70820112096,2019,100,0,100
60812117196,2019,73600,165100,238700
70826310256,2019,117900,347700,465600
80925303135,2019,47200,142600,189800
70924201208,2019,2462000,3915000,6377000
71015102149,2019,52300,204700,257000
71009210081,2019,83100,142400,225500
80935109060,2019,80100,200100,280200
80924428968,2019,400,1600,2000
81032316053,2019,21000,131000,152000
70834201116,2019,0,0,0
70922238021,2019,25300,209700,235000
71002312165,2019,0,0,0
80936122087,2019,14900,107800,122700
60812325327,2019,18900,199300,218200
70921413062,2019,137600,328500,466100
81028113322,2019,68400,217900,286300
81028120369,2019,0,4000,4000
70932410247,2019,83700,210800,294500
70835103080,2019,110200,337800,448000
80925219308,2019,58500,121500,180000
71010310119,2019,50100,162400,212500
70913114024,2019,0,0,0
80936412016,2019,75700,145500,221200
80924444154,2019,13600,263700,277300
81031219208,2019,42000,239300,281300
70916400967,2019,0,0,0
70923124378,2019,119000,626600,745600
81032417041,2019,35600,127600,163200
70922110097,2019,116500,357400,473900
70913347427,2019,2500,12500,15000
81021415098,2019,53400,124100,177500
70928306096,2019,91600,263400,355000
81030215116,2019,4500,53100,57600
70826422142,2019,0,0,0
70816301075,2019,166700,578300,745000
70921125097,2019,124400,230900,355300
70920419269,2019,91100,280400,371500
71002444041,2019,100,0,100
70932415198,2019,50600,148700,199300
70923164506,2019,44900,242200,287100
71003303030,2019,57300,106500,163800
70826407219,2019,67900,146200,214100
71005107076,2019,39200,264700,303900
70834301023,2019,170000,269600,439600
60812318140,2019,86000,262100,348100
70936301179,2019,63000,117300,180300
81028108323,2019,60100,197800,257900
71022401237,2019,0,0,0
60901202072,2019,60800,130500,191300
70901104011,2019,51900,178900,230800
70929205164,2019,83800,185700,269500
71003311281,2019,51800,159300,211100
70823108026,2019,84900,189100,274000
71015215083,2019,23000,283900,306900
71003108084,2019,54300,161700,216000
80936202186,2019,55600,126900,182500
81027111054,2019,36700,104900,141600
70835202147,2019,112400,277600,390000
70913434290,2019,0,18000,18000
60811439369,2019,20000,185200,205200
71006306271,2019,41100,254400,295500
70826416517,2019,21500,128100,149600
71014115036,2019,24000,130900,154900
81033209083,2019,359500,891500,1251000
71002405374,2019,58100,297400,355500
70920302414,2019,146100,358600,504700
70835304133,2019,78200,169300,247500
71014304043,2019,58000,219700,277700
70932111085,2019,127700,103600,231300
80936404229,2019,74000,211000,285000
60804103195,2019,79200,275900,355100
81021407235,2019,59400,159100,218500
81021416153,2019,64100,119800,183900
70921305144,2019,158000,439700,597700
71006119236,2019,34300,191100,225400
70920419102,2019,94900,215200,310100
81028116053,2019,59200,148100,207300
81031404073,2019,36700,184900,221600
70912409236,2019,116300,179700,296000
70919305156,2019,110800,308700,419500
70929101106,2019,89900,308000,397900
70931405140,2019,101600,165500,267100
81019305243,2019,60900,161000,221900
80924442885,2019,400,1600,2000
70928102121,2019,124700,469200,593900
81032306046,2019,97500,302500,400000
70935205249,2019,0,0,0
70913353268,2019,41900,190600,232500
70835120133,2019,16100,72400,88500
81026353029,2019,58100,296800,354900
70834215117,2019,89500,328700,418200
70822414458,2019,17500,133700,151200
80936115032,2019,13800,94300,108100
70921125055,2019,124400,225200,349600
70913213305,2019,73900,114100,188000
60812117295,2019,83300,187800,271100
70929215072,2019,82000,327100,409100
81026424177,2019,100,0,100
70833205804,2019,26400,330400,356800
60804104143,2019,105600,304400,410000
70823207034,2019,18100,239300,257400
60801224093,2019,15900,181400,197300
70919227251,2019,31100,236400,267500
70922408038,2019,104700,422000,526700
70828310098,2019,78900,306000,384900
70813313031,2019,23900,193600,217500
70931416080,2019,137100,216600,353700
71001323197,2019,64900,244600,309500
70821212142,2019,100,0,100
70932115053,2019,165600,384300,549900
70934304026,2019,264000,591000,855000
81023304330,2019,35600,123300,158900
70913344209,2019,26400,298600,325000
70823305169,2019,82300,157600,239900
71001324038,2019,60000,161100,221100
70826316022,2019,0,0,0
71021209062,2019,60000,138700,198700
71005222030,2019,65000,123700,188700
80924412862,2019,400,1600,2000
71007107090,2019,99200,329100,428300
70912415019,2019,9000,105000,114000
70822113092,2019,29600,332400,362000
71005321147,2019,101500,230300,331800
70932117083,2019,174900,263100,438000
70815401024,2019,737000,3228000,3965000
81032406044,2019,71800,114200,186000
81021308011,2019,10000,94000,104000
71016104045,2019,63300,101700,165000
71010304089,2019,54600,145200,199800
71002403196,2019,71700,269300,341000
70921112218,2019,124400,175600,300000
70926407078,2019,76400,134400,210800
81027111088,2019,36700,114100,150800
71006414074,2019,86900,294000,380900
70918307327,2019,75400,125100,200500
70922308139,2019,0,0,0
70821212027,2019,110000,320000,430000
71007219241,2019,129400,358900,488300
71003407361,2019,62600,196800,259400
70813326208,2019,161400,306600,468000
70923127413,2019,120700,185300,306000
70929408031,2019,90500,217500,308000
70913215137,2019,0,0,0
60902200968,2019,33000,228000,261000
70922108068,2019,0,0,0
71014215787,2019,7800,132100,139900
70929110016,2019,89900,277900,367800
60802108220,2019,69300,183400,252700
71034110032,2019,14200,126800,141000
80924408720,2019,400,1600,2000
60801314018,2019,0,0,0
71011204220,2019,32800,214800,247600
70921211028,2019,94600,296400,391000
70933204285,2019,170700,678300,849000
80924311098,2019,76900,193500,270400
80925204036,2019,55600,166800,222400
60801234167,2019,15000,142700,157700
70835124044,2019,500,1500,2000
70913318155,2019,98400,336500,434900
70913324045,2019,479000,4279000,4758000
70923163201,2019,44900,322900,367800
81030210017,2019,52800,115700,168500
70923410181,2019,0,0,0
60802102082,2019,77300,207700,285000
60801407095,2019,85100,257700,342800
70821212093,2019,100,0,100
71003102169,2019,54300,246500,300800
81032307052,2019,0,0,0
81031419056,2019,50800,187900,238700
70928322117,2019,269600,534900,804500
60812111172,2019,75000,205100,280100
70929420019,2019,149300,630700,780000
70826404091,2019,67700,157700,225400
71027412073,2019,78900,136200,215100
71005408060,2019,52700,167800,220500
70923152048,2019,44100,787900,832000
70835203111,2019,132100,428900,561000
80936402249,2019,74000,246000,320000
71034101073,2019,58000,199000,257000
70920102145,2019,158700,172200,330900
70914439124,2019,1000,8400,9400
70834427978,2019,0,5000,5000
71007242276,2019,18200,377100,395300
71014208047,2019,56100,193000,249100
60812302226,2019,68000,186200,254200
71015403117,2019,0,0,0
70833107167,2019,139300,321500,460800
70929412016,2019,80600,185500,266100
70913219048,2019,20100,303900,324000
70816313145,2019,100,0,100
70913434018,2019,0,18000,18000
70824414381,2019,12000,68400,80400
60905102179,2019,48000,111900,159900
71005231437,2019,48500,140500,189000
70829110231,2019,88700,244300,333000
60802115043,2019,14100,108200,122300
70926205034,2019,81000,160300,241300
70828417026,2019,0,0,0
71010308221,2019,54600,156000,210600
70823305135,2019,78100,196900,275000
71003207117,2019,53100,144600,197700
70923315167,2019,46400,161000,207400
71014201231,2019,54300,131500,185800
60902103063,2019,20000,98300,118300
70931304053,2019,99000,143000,242000
70927107057,2019,25800,214300,240100
70823408161,2019,46800,186700,233500
70914437243,2019,1100,5900,7000
71010217125,2019,10600,115400,126000
70922440139,2019,88300,238400,326700
70823111037,2019,89400,200600,290000
70932115186,2019,208900,401100,610000
70828417034,2019,0,0,0
60812329030,2019,13400,158900,172300
70923408061,2019,86200,89500,175700
70923164225,2019,44900,344300,389200
60812313637,2019,33100,232100,265200
70926202098,2019,178000,295500,473500
80924418886,2019,400,1600,2000
70933302104,2019,82000,135400,217400
80925112726,2019,800,1200,2000
70835124862,2019,500,1500,2000
70929118028,2019,89900,278300,368200
71003205319,2019,63600,138100,201700
70930203066,2019,1840000,4917000,6757000
60812302044,2019,120900,524100,645000
60812302531,2019,77700,208400,286100
80924433842,2019,400,1600,2000
70925301099,2019,1566000,17274900,18840900
71009404022,2019,63300,91700,155000
70918103014,2019,578600,336600,915200
71005222105,2019,72000,275500,347500
70923147247,2019,8000,7000,15000
70823102127,2019,76700,227200,303900
70816403110,2019,193500,391800,585300
81028111178,2019,65100,229700,294800
70930105056,2019,72000,199100,271100
71010112119,2019,76400,234200,310600
60901203195,2019,61000,165800,226800
81016301038,2019,564500,1422800,1987300
70919216113,2019,88100,144100,232200
70929122029,2019,114900,179500,294400
81030312334,2019,56000,179100,235100
71006101209,2019,54700,117900,172600
70922343060,2019,0,0,0
80927401127,2019,232100,217200,449300
71005338069,2019,136300,286700,423000
71016206156,2019,84000,29400,113400
80925109046,2019,54300,176800,231100
71022103065,2019,8500,0,8500
70929418080,2019,87300,205100,292400
70924219433,2019,0,25000,25000
80925305206,2019,63900,144300,208200
71009218233,2019,45900,187100,233000
71034112038,2019,160500,939500,1100000
70921104207,2019,81900,205800,287700
70913113323,2019,93800,153100,246900
71016108188,2019,61500,156100,217600
71015101282,2019,83600,126000,209600
81034416132,2019,55700,179200,234900
81030205034,2019,48200,140300,188500
60802305206,2019,13800,196200,210000
60904105273,2019,84500,201300,285800
81031403075,2019,35900,164700,200600
71010313543,2019,50500,133700,184200
71016204150,2019,59200,134700,193900
70923310141,2019,69400,191000,260400
70836408182,2019,61900,147800,209700
70835205133,2019,100700,263100,363800
81027107061,2019,36700,104400,141100
81023309108,2019,35600,100100,135700
70926412150,2019,48800,101200,150000
70822210054,2019,0,0,0
60802410120,2019,67100,195000,262100
70928104169,2019,107000,321200,428200
70924216174,2019,3500,10000,13500
71035125238,2019,11800,270200,282000
71010206128,2019,53000,362000,415000
70823101054,2019,81500,151500,233000
70926207254,2019,80600,152400,233000
70931409093,2019,89100,266200,355300
70930301125,2019,109000,136000,245000
70914411148,2019,196700,170300,367000
70833410106,2019,44700,439800,484500
60902201023,2019,330000,2652600,2982600
70929217268,2019,83500,353100,436600
60812118037,2019,20500,161400,181900
71002303239,2019,35000,204700,239700
71003403137,2019,52600,166400,219000
70813402230,2019,649800,176100,825900
70817402054,2019,0,0,0
70922346551,2019,0,15000,15000
71014306213,2019,57100,139900,197000
71004310018,2019,54100,143800,197900
70923179117,2019,32700,0,32700
71005328086,2019,105300,199200,304500
70919220106,2019,0,0,0
70923201283,2019,276000,1449000,1725000
70913108233,2019,85600,171900,257500
70928117352,2019,105300,237100,342400
70922325125,2019,178100,605100,783200
70932305068,2019,55800,128700,184500
70823308022,2019,0,0,0
71001104084,2019,65400,239500,304900
70920222092,2019,16400,131100,147500
71004302362,2019,48000,148300,196300
81023207485,2019,33600,117400,151000
80926405063,2019,0,0,0
70836114086,2019,77500,148300,225800
70836405667,2019,62100,163900,226000
80925119871,2019,800,1200,2000
70822205013,2019,0,0,0
71006104154,2019,57200,128900,186100
71012206340,2019,61000,262000,323000
70932209195,2019,20800,119800,140600
60905214346,2019,0,0,0
70920417099,2019,99600,294000,393600
80926113195,2019,58600,147200,205800
60812302599,2019,68700,189400,258100
71003204105,2019,54300,157500,211800
80925307228,2019,76800,107400,184200
71001316134,2019,64600,225500,290100
81028119776,2019,8700,69300,78000
70922419069,2019,0,0,0
71015406137,2019,56100,234500,290600
71020308071,2019,13900,123600,137500
70922214071,2019,208800,526200,735000
81032100985,2019,0,0,0
60811415088,2019,0,0,0
70813310251,2019,15200,161600,176800
70836210090,2019,11400,123600,135000
60812407357,2019,80000,238200,318200
70920113069,2019,114400,206300,320700
70833203296,2019,102400,196700,299100
70913111153,2019,87200,315900,403100
70836308027,2019,77000,323000,400000
70922219112,2019,205100,466600,671700
70928102486,2019,107200,472000,579200
70932203212,2019,83600,204200,287800
70922434166,2019,79200,318800,398000
70826418183,2019,18400,87600,106000
60801404108,2019,98300,191700,290000
80924440847,2019,400,1600,2000
70816310117,2019,197700,324600,522300
70834214713,2019,39200,0,39200
70919204051,2019,76600,105200,181800
71007203046,2019,81800,311300,393100
71008108906,2019,1100,8900,10000
70921315086,2019,114800,179500,294300
71015114110,2019,48800,141800,190600
70913209099,2019,130000,80000,210000
70823205319,2019,18100,245900,264000
70931415248,2019,69500,182000,251500
71003412154,2019,50600,160300,210900
71009208060,2019,48400,168600,217000
70922339027,2019,183200,657300,840500
81034107666,2019,62800,198300,261100
70824402021,2019,100800,190800,291600
70920405086,2019,114400,58400,172800
70931302271,2019,106900,145100,252000
60802401038,2019,0,0,0
70923147106,2019,8000,7000,15000
70920218439,2019,300,14700,15000
60906209122,2019,55000,168100,223100
70928315203,2019,96700,229300,326000
71005105129,2019,39500,95000,134500
70923138105,2019,34200,312300,346500
71003415166,2019,58200,215700,273900
71015403042,2019,51300,109700,161000
71021401014,2019,106100,8900,115000
60802306147,2019,19400,171200,190600
70913343029,2019,14900,239300,254200
71011123058,2019,43100,246900,290000
70922440212,2019,77200,226100,303300
71016409148,2019,61800,152500,214300
71011207167,2019,48000,234600,282600
70921206300,2019,65000,440000,505000
70918314017,2019,255400,149400,404800
81034315011,2019,25000,115000,140000
70914414241,2019,156000,502000,658000
80925216114,2019,57600,144200,201800
70919409297,2019,102500,206200,308700
70923156959,2019,5000,10000,15000
70912404335,2019,132000,324900,456900
70923168607,2019,0,0,0
70920106139,2019,120800,188800,309600
71005231122,2019,47500,115700,163200
71005400925,2019,0,0,0
71006439121,2019,12600,314000,326600
70923168201,2019,6500,13500,20000
71010311373,2019,52400,152800,205200
70918212120,2019,74000,189400,263400
71007313134,2019,109200,390800,500000
71016108063,2019,62100,127300,189400
81034107492,2019,61600,150400,212000
70920106353,2019,130800,132700,263500
70918407028,2019,255700,369300,625000
71005409274,2019,41900,96600,138500
71009306111,2019,68800,96800,165600
70935306055,2019,169100,141900,311000
70834402061,2019,142000,296400,438400
70823403161,2019,35900,190700,226600
70920218413,2019,400,14600,15000
70923173044,2019,3300,11700,15000
60904112054,2019,87100,192800,279900
70816414125,2019,13100,226900,240000
70820111147,2019,100,0,100
70920303131,2019,136100,372000,508100
70836110133,2019,74700,199600,274300
60802115259,2019,20500,126100,146600
71005111316,2019,51700,178500,230200
71021214110,2019,61700,139400,201100
70928314213,2019,145900,344100,490000
71016113278,2019,53800,113000,166800
70928211013,2019,97800,164900,262700
71006113262,2019,56500,263600,320100
81034407024,2019,67700,186200,253900
71010310292,2019,54200,149900,204100
71009310089,2019,59800,138200,198000
71021218071,2019,60600,139700,200300
60901201199,2019,61300,176900,238200
60811116420,2019,18800,208000,226800
80925206016,2019,52500,130400,182900
70931302255,2019,106900,161600,268500
71003416031,2019,47900,181300,229200
70921216200,2019,77900,123900,201800
80926112220,2019,56700,185700,242400
60905205048,2019,88000,226000,314000
71004313335,2019,54100,160400,214500
70918219077,2019,85900,0,85900
70821211053,2019,0,0,0
70913429209,2019,15400,282900,298300
81032407018,2019,104300,141000,245300
70823209121,2019,132000,368300,500300
71006109162,2019,71100,193100,264200
71004311074,2019,54100,160200,214300
70814407122,2019,92500,234000,326500
70932306173,2019,73900,169300,243200
71007113104,2019,78200,293700,371900
70920218380,2019,400,14600,15000
70835311021,2019,85700,256900,342600
71030100996,2019,204400,272300,476700
70836408190,2019,61900,166100,228000
81019304021,2019,61400,172600,234000
81034203290,2019,585000,6065000,6650000
60803107130,2019,103200,168800,272000
60811404081,2019,76400,214100,290500
70928116180,2019,126600,152000,278600
60812202038,2019,80400,188400,268800
80925114938,2019,800,1200,2000
70826412961,2019,10000,76100,86100
71016109144,2019,60700,98000,158700
81021405065,2019,54100,188700,242800
60906115014,2019,59000,154600,213600
70824408061,2019,108700,177700,286400
70929408114,2019,90200,364600,454800
70835122626,2019,6500,79200,85700
70836208251,2019,35000,160000,195000
70923141512,2019,200,3000,3200
71002410141,2019,100,0,100
70828442081,2019,0,0,0
71020307148,2019,11900,122100,134000
80924414090,2019,32000,224600,256600
70923160405,2019,8000,7000,15000
70919218044,2019,94000,189000,283000
60812111180,2019,74700,223800,298500
70826418315,2019,21200,80800,102000
70919203136,2019,86000,163900,249900
70923170561,2019,1900,600,2500
70914411164,2019,154700,625900,780600
71005113081,2019,57800,101600,159400
70928304074,2019,91600,246900,338500
70932417128,2019,53000,134500,187500
71010209073,2019,61100,151800,212900
71011225060,2019,199200,0,199200
70923166065,2019,51300,228500,279800
81034105082,2019,62200,0,62200
80924409900,2019,400,1600,2000
60903214033,2019,17300,76100,93400
70813320151,2019,14600,120300,134900
70932202248,2019,0,0,0
81021305158,2019,55300,169300,224600
70826419660,2019,0,4000,4000
70922347046,2019,185000,1060000,1245000
60811304421,2019,91800,217400,309200
70922438093,2019,62500,175200,237700
70826211157,2019,18300,66500,84800
70823413011,2019,34800,264500,299300
70823208305,2019,146400,298400,444800
71014215307,2019,7800,140500,148300
60811304059,2019,0,0,0
70828432040,2019,0,0,0
71009413198,2019,63300,91700,155000
70836105093,2019,77900,192800,270700
70834213062,2019,12000,0,12000
80936206013,2019,67100,214600,281700
71015403167,2019,48700,208600,257300
70833303054,2019,145000,388000,533000
70828411060,2019,0,0,0
60804212011,2019,16000,0,16000
80925104484,2019,57000,139700,196700
70922230043,2019,205000,0,205000
70923165702,2019,52100,246800,298900
60812118061,2019,20500,156800,177300
81026416158,2019,100,0,100
81021108015,2019,61400,181500,242900
71001416017,2019,64900,305000,369900
70921413038,2019,200500,387000,587500
70928208185,2019,97800,251500,349300
80925304084,2019,0,0,0
70901113517,2019,16600,88400,105000
70826419511,2019,0,4000,4000
71005206224,2019,72200,144800,217000
71003401199,2019,74600,216000,290600
70929117096,2019,89900,290100,380000
81034409236,2019,67000,194100,261100
70822201011,2019,77000,214000,291000
71005322038,2019,150700,244100,394800
70823113025,2019,89400,299500,388900
70922404250,2019,127800,271000,398800
70836306047,2019,68500,135800,204300
60812325020,2019,18800,172800,191600
70930203016,2019,660000,750000,1410000
60801307203,2019,80100,286400,366500
60811402275,2019,0,0,0
70935113195,2019,49700,125300,175000
60903211112,2019,17400,94200,111600
70901102015,2019,51000,121700,172700
80925125977,2019,800,1200,2000
81034102096,2019,67800,167300,235100
71015115019,2019,46500,161700,208200
60812123028,2019,82100,230200,312300
70922330091,2019,132900,356100,489000
80925205141,2019,55000,115500,170500
81031406178,2019,35900,177100,213000
70928114085,2019,107400,268600,376000
81021105178,2019,71000,172700,243700
81030401062,2019,0,0,0
70922321199,2019,145600,344600,490200
70923141926,2019,200,500,700
80924443106,2019,13200,251200,264400
71010208041,2019,54000,140900,194900
80925414205,2019,76000,149900,225900
70913319020,2019,219600,150000,369600
71016113202,2019,54900,123500,178400
60905214073,2019,3600,40800,44400
70923143427,2019,44900,179000,223900
70836110141,2019,68400,198800,267200
70919403249,2019,128200,315000,443200
70922424117,2019,155200,336100,491300
71015113089,2019,43800,147900,191700
70836306229,2019,0,0,0
81034303074,2019,48600,143600,192200
70823118364,2019,12800,93600,106400
71016407051,2019,62400,137600,200000
71006128584,2019,114300,110300,224600
70919409156,2019,96400,208800,305200
70922435015,2019,124200,483800,608000
70929403205,2019,106100,280200,386300
70828425079,2019,0,0,0
80924440722,2019,400,1600,2000
71010304071,2019,54600,145000,199600
80925211057,2019,55600,139700,195300
70932202032,2019,87700,153100,240800
70923175206,2019,3300,11700,15000
70821113027,2019,110400,256300,366700
71021225159,2019,116800,174700,291500
70929221095,2019,82300,184700,267000
70836402027,2019,71300,129600,200900
70921112010,2019,114100,47100,161200
70823211069,2019,94500,200300,294800
81033402091,2019,85900,117700,203600
70824101186,2019,110600,168800,279400
71007115069,2019,81900,224200,306100
70919304067,2019,102400,283500,385900
70816414109,2019,13100,238900,252000
70914423036,2019,0,0,0
71006312161,2019,59400,257300,316700
70823110013,2019,67900,192300,260200
71023201016,2019,0,0,0
70920401050,2019,136700,155300,292000
81014303193,2019,32800,168800,201600
81031402126,2019,35000,141600,176600
70836201156,2019,76500,181400,257900
70929117137,2019,89900,437300,527200
80925306288,2019,78200,70700,148900
70914419085,2019,411000,283000,694000
81028118364,2019,0,0,0
70936406276,2019,59700,180300,240000
70913426073,2019,476500,172500,649000
60801314133,2019,165000,2014000,2179000
60802411235,2019,67600,191700,259300
81031203053,2019,39900,147900,187800
60812117203,2019,71500,155100,226600
70923163285,2019,44900,103100,148000
70921419250,2019,101000,331100,432100
70922421189,2019,107600,275800,383400
71015118253,2019,51400,174400,225800
70816307057,2019,176900,408400,585300
71014215191,2019,7800,81800,89600
81032409121,2019,49600,137700,187300
60812113128,2019,74600,185800,260400
80924440665,2019,400,1600,2000
70826420112,2019,0,4000,4000
71015203210,2019,49600,199700,249300
60801215258,2019,56700,231500,288200
70825209377,2019,6000,15000,21000
71007217013,2019,90600,285500,376100
70923103075,2019,715000,2571000,3286000
70914430015,2019,22900,293100,316000
70835306014,2019,91200,178800,270000
71004311222,2019,54100,160500,214600
70823117019,2019,85400,243700,329100
81031405419,2019,38000,162700,200700
80924403043,2019,7500,120700,128200
70922117134,2019,908000,292000,1200000
71005334059,2019,110100,303100,413200
70826408027,2019,69700,156700,226400
71010308180,2019,53600,145100,198700
71010301259,2019,56700,122500,179200
60811103469,2019,116300,214800,331100
70913410141,2019,0,0,0
71006307203,2019,69200,146000,215200
71009106032,2019,158500,197900,356400
70918411235,2019,132700,175800,308500
70935306138,2019,99000,304500,403500
71010118034,2019,60600,245800,306400
70932421012,2019,47800,106200,154000
81032304040,2019,77000,363000,440000
70920405127,2019,107100,106400,213500
70823208222,2019,137300,365300,502600
71009407133,2019,64700,133900,198600
81028118041,2019,8700,66800,75500
60903203044,2019,82500,186400,268900
70920123084,2019,15200,104400,119600
60801418042,2019,27200,185400,212600
70921410175,2019,114500,298300,412800
70833116126,2019,0,0,0
80924419016,2019,9900,170700,180600
70932209038,2019,20800,117800,138600
81028118653,2019,8700,64100,72800
81030308052,2019,62000,118000,180000
70923409275,2019,50200,170800,221000
71006109104,2019,69200,136400,205600
71006313036,2019,52300,190600,242900
70926406096,2019,80600,217500,298100
70829108343,2019,100700,304100,404800
71003202068,2019,53100,150400,203500
70813319188,2019,14000,101600,115600
60801409231,2019,80400,152400,232800
70823108076,2019,98500,199500,298000
71006406196,2019,68000,167200,235200
80926105069,2019,55700,128900,184600
71011108183,2019,30000,230100,260100
71006115177,2019,28200,218800,247000
70920305294,2019,94700,204200,298900
70923167922,2019,3400,13800,17200
70836411143,2019,60000,180700,240700
60903228018,2019,0,0,0
70913422112,2019,77600,324100,401700
71009222101,2019,46800,190300,237100
70813404161,2019,119700,264100,383800
70929410094,2019,86700,283700,370400
70919409221,2019,106200,231600,337800
81030213053,2019,48200,121800,170000
60812114100,2019,74600,164300,238900
70921420083,2019,101000,428100,529100
70825301066,2019,649000,1046000,1695000
71005223070,2019,62900,134400,197300
71005407195,2019,47600,92400,140000
81033308215,2019,6300,64800,71100
70931405166,2019,99700,162300,262000
70822414755,2019,15800,127200,143000
70836404081,2019,61600,166100,227700
70821203076,2019,104000,307600,411600
70923143518,2019,44900,301900,346800
71011301167,2019,62400,142200,204600
71010411082,2019,52400,176600,229000
70914437516,2019,1100,5900,7000
71005205135,2019,62600,115300,177900
70913103150,2019,0,0,0
71006204136,2019,57400,85700,143100
70926214051,2019,82100,218500,300600
70836107031,2019,73500,207300,280800
81034205238,2019,67700,175300,243000
70924219178,2019,0,25000,25000
70827105036,2019,0,0,0
71010203091,2019,49500,181500,231000
60812313471,2019,33100,192500,225600
71010313238,2019,63500,164500,228000
80924443685,2019,400,1600,2000
81034108060,2019,0,0,0
60906205170,2019,59000,136100,195100
71014209011,2019,58200,177500,235700
81015103146,2019,61900,168100,230000
70929209265,2019,83800,220800,304600
60801225075,2019,15000,134000,149000
60801223087,2019,16900,179000,195900
70923141744,2019,200,2500,2700
70926413025,2019,45300,0,45300
81030314215,2019,58700,152800,211500
70826412606,2019,8200,64000,72200
70824101178,2019,110600,227400,338000
81014303268,2019,32800,176100,208900
70813328246,2019,126300,325300,451600
80924433074,2019,11800,196100,207900
71006114286,2019,63800,173400,237200
80925306204,2019,68100,85400,153500
70923161156,2019,8000,7000,15000
70926106167,2019,77400,137800,215200
81016206220,2019,337500,1200000,1537500
70923138452,2019,39600,455900,495500
71005302048,2019,65100,174600,239700
70921403188,2019,142900,338100,481000
70935201156,2019,0,0,0
70813333039,2019,26300,216800,243100
70923167534,2019,6500,13500,20000
70826419735,2019,0,4000,4000
60802306189,2019,19400,183600,203000
70918319588,2019,20500,64600,85100
70929421075,2019,141700,414800,556500
60801234349,2019,15000,140900,155900
71009216188,2019,46100,133000,179100
70835306270,2019,79600,192600,272200
71023301064,2019,384000,536000,920000
80936103029,2019,13800,94300,108100
70929211062,2019,83800,158100,241900
70835207171,2019,88600,192400,281000
60812302581,2019,70500,182200,252700
71007116017,2019,84100,281100,365200
70920301135,2019,134800,359800,494600
70920307167,2019,106400,219200,325600
71010404160,2019,60100,172900,233000
81031217054,2019,38100,135000,173100
60802412069,2019,54800,190500,245300
71019405169,2019,92600,226400,319000
71027413089,2019,69700,305300,375000
70901113559,2019,11300,70000,81300
81026420084,2019,100,0,100
70919104061,2019,112800,244100,356900
60812302151,2019,68400,202200,270600
70920102012,2019,550000,103000,653000
70923132115,2019,152500,162300,314800
81031212210,2019,50700,88500,139200
71006430179,2019,106500,197500,304000
70920220830,2019,0,2500,2500
70918303028,2019,75400,144600,220000
70923170248,2019,12900,4200,17100
70931410090,2019,100900,155700,256600
71004310042,2019,54100,141100,195200
80935102262,2019,60800,134000,194800
60802115358,2019,20500,119400,139900
70923409150,2019,198400,203600,402000
71010315101,2019,59000,153800,212800
70824401015,2019,119500,210800,330300
71010103027,2019,59300,165800,225100
70934100862,2019,0,0,0
70923154565,2019,0,7500,7500
71011408054,2019,106300,259500,365800
70821403171,2019,111000,375600,486600
60811303027,2019,82600,229600,312200
70914438770,2019,2200,22800,25000
70923168376,2019,6500,18500,25000
70929206211,2019,85100,159600,244700
70826313383,2019,71300,261800,333100
80924436838,2019,400,1600,2000
60901103155,2019,59000,139700,198700
81028103109,2019,59400,148600,208000
71007101076,2019,49000,406000,455000
70919225057,2019,100900,189600,290500
70926105036,2019,0,0,0
70919401160,2019,96700,224500,321200
60803102073,2019,120000,246000,366000
71022302881,2019,211000,765500,976500
70912400896,2019,495000,5900000,6395000
60801104211,2019,62100,137400,199500
70923311131,2019,828000,0,828000
60803103112,2019,103200,211900,315100
71010305136,2019,53600,142100,195700
70826419917,2019,0,4000,4000
70926401252,2019,76300,0,76300
70816320124,2019,201000,709000,910000
80926110406,2019,60000,136300,196300
70827402010,2019,0,0,0
71005323218,2019,105800,285500,391300
70913347807,2019,2500,12500,15000
80924413828,2019,400,1600,2000
71003407270,2019,53000,200000,253000
70814407015,2019,86500,170900,257400
60801410056,2019,75800,192200,268000
80925306048,2019,63900,88100,152000
71007315114,2019,64500,426900,491400
70932417243,2019,0,0,0
80935106165,2019,62800,183600,246400
81030303036,2019,64900,148800,213700
81034309171,2019,64600,125000,189600
70920402040,2019,217000,226000,443000
70913345075,2019,115200,204800,320000
60906104017,2019,64300,118200,182500
81023207378,2019,33600,141100,174700
71004309029,2019,58900,178000,236900
70827402036,2019,0,0,0
71016207344,2019,62600,204900,267500
70814429093,2019,33900,269300,303200
70923166396,2019,81000,306500,387500
71002314088,2019,55100,215700,270800
70836204077,2019,69900,189200,259100
81028401082,2019,118000,1122000,1240000
70920408113,2019,129500,235900,365400
70935115125,2019,49900,129300,179200
81026363094,2019,4200,0,4200
70823114081,2019,89000,282700,371700
80924307138,2019,63300,208500,271800
60801408283,2019,67600,200900,268500
60812109010,2019,84000,185900,269900
70913314351,2019,114900,618100,733000
70921403328,2019,142900,504500,647400
80925108105,2019,51800,135200,187000
70826410014,2019,65400,152500,217900
60802305298,2019,13800,196200,210000
71006119046,2019,79400,140600,220000
70920406159,2019,142700,122600,265300
71015209010,2019,31600,156400,188000
80925115803,2019,800,1200,2000
70929416191,2019,94800,202200,297000
71035113043,2019,69700,245500,315200
70826416989,2019,21500,130300,151800
80926103047,2019,52000,131100,183100
71009106066,2019,133000,641000,774000
60801312179,2019,68600,183600,252200
70918220214,2019,128800,157200,286000
71011401074,2019,107700,277700,385400
60802413132,2019,82000,333000,415000
70919412133,2019,110900,236300,347200
71009223216,2019,45900,167000,212900
70816323053,2019,182000,462900,644900
80925416110,2019,54300,148800,203100
71010102045,2019,55100,200400,255500
71021214102,2019,60300,153700,214000
71035116021,2019,67500,237000,304500
71007117148,2019,69500,60200,129700
80935106090,2019,59500,152800,212300
70901107106,2019,51000,163700,214700
60801201017,2019,66100,160800,226900
60811116131,2019,18800,204000,222800
70826419397,2019,0,4000,4000
80925306121,2019,60500,108800,169300
71015111166,2019,46200,188000,234200
70935204085,2019,0,0,0
80924436846,2019,400,1600,2000
70833402020,2019,160100,358900,519000
71035117128,2019,64600,238900,303500
80926112246,2019,54800,175200,230000
71005318136,2019,87500,290900,378400
70928223109,2019,129700,206900,336600
70928201105,2019,77100,173800,250900
60904100976,2019,35000,0,35000
60812313596,2019,33100,233100,266200
60801407102,2019,84600,224300,308900
70920403056,2019,114400,178800,293200
71005212099,2019,71000,159000,230000
71001316027,2019,65100,167800,232900
70922419093,2019,66900,353000,419900
80924102108,2019,80600,226700,307300
70824415199,2019,16100,98400,114500
70923142057,2019,44900,337600,382500
70923110054,2019,297000,363000,660000
71001309105,2019,57900,150600,208500
70813112053,2019,115300,159300,274600
71011115063,2019,71300,174500,245800
81021303417,2019,0,0,0
70823314152,2019,199700,423000,622700
81028114049,2019,57100,154100,211200
70813309048,2019,87300,193400,280700
81023310155,2019,35600,91400,127000
70823206060,2019,18100,257000,275100
70919225255,2019,101300,187200,288500
60801310165,2019,82900,272400,355300
70930101038,2019,81400,180500,261900
70921112127,2019,124400,256700,381100
70814424209,2019,90200,226600,316800
70926106141,2019,77400,163700,241100
70919107362,2019,123800,127700,251500
71005324183,2019,105800,215700,321500
70929426025,2019,81700,281800,363500
70814207217,2019,0,0,0
71005308278,2019,60300,206500,266800
71011307024,2019,58100,188400,246500
71020306190,2019,10200,112800,123000
70834418159,2019,21500,118500,140000
70932406246,2019,78000,104100,182100
71021101127,2019,120000,230000,350000
70816305192,2019,131000,218400,349400
80925307088,2019,73300,120200,193500
71005108206,2019,40700,149500,190200
70918415401,2019,9500,33800,43300
70923133105,2019,191000,1194000,1385000
70919405203,2019,93100,183600,276700
81034310186,2019,0,0,0
71012221158,2019,12100,127200,139300
71015107016,2019,57500,184400,241900
70833409050,2019,46200,195800,242000
71003303139,2019,62300,141500,203800
70934303036,2019,264000,181000,445000
71010315143,2019,48700,142900,191600
60906108168,2019,61800,143700,205500
70829408090,2019,9300,0,9300
81022301030,2019,88000,297000,385000
70932424032,2019,54900,145100,200000
71010311018,2019,50500,139300,189800
70836311096,2019,0,0,0
70923174282,2019,3300,11700,15000
70929124067,2019,0,10000,10000
71003403012,2019,57400,196300,253700
70913343053,2019,8900,169900,178800
81027209049,2019,12000,103400,115400
80925212302,2019,54500,130600,185100
70813314154,2019,9300,161300,170600
70926114029,2019,79700,177900,257600
71002438119,2019,41600,283400,325000
70929106239,2019,82800,134700,217500
70913201160,2019,730700,262400,993100
70923131307,2019,129400,321400,450800
71016203178,2019,106800,116600,223400
71003305086,2019,52600,162400,215000
71002106154,2019,9500,112600,122100
60802112312,2019,86600,196800,283400
70923411262,2019,30500,281500,312000
70913326140,2019,91000,659000,750000
70923171410,2019,3600,2700,6300
70826313234,2019,73200,235800,309000
80925214134,2019,56100,141400,197500
70813109133,2019,119900,375300,495200
71027411174,2019,0,0,0
81021416369,2019,0,0,0
71014216272,2019,7500,117100,124600
60801111050,2019,65800,192100,257900
81026360321,2019,5200,0,5200
70922433259,2019,102500,199400,301900
80925102058,2019,50800,139300,190100
70835105036,2019,14400,82400,96800
70913215989,2019,0,438000,438000
71010207481,2019,0,0,0
71003406199,2019,55000,213200,268200
70823300870,2019,0,0,0
70923143493,2019,44900,301900,346800
70931304029,2019,92500,214700,307200
80925114095,2019,12600,249300,261900
70829414104,2019,10100,0,10100
70914406157,2019,80300,241700,322000
70816403045,2019,195200,432900,628100
70922345339,2019,113500,372500,486000
60811108154,2019,106300,313700,420000
70924216075,2019,7400,260600,268000
70814416032,2019,87500,178300,265800
70920308181,2019,107600,276100,383700
70921410159,2019,123800,321500,445300
70823211225,2019,81400,183800,265200
70935204051,2019,34400,137100,171500
81026355059,2019,74700,224000,298700
70921417296,2019,212600,358600,571200
80925212229,2019,55600,121100,176700
70823204072,2019,120300,260000,380300
80924434824,2019,400,1600,2000
70834308780,2019,125000,298800,423800
70924214144,2019,32000,553800,585800
70821110073,2019,116000,296000,412000
70822111038,2019,86000,214900,300900
60811103261,2019,98100,240500,338600
70814419119,2019,15200,155400,170600
70930105105,2019,80900,386400,467300
70901106158,2019,54500,128700,183200
60801226297,2019,16200,157800,174000
70823204105,2019,113600,225000,338600
60801109047,2019,66100,175400,241500
80924434915,2019,400,1600,2000
81036401016,2019,131700,0,131700
70920217879,2019,400,14600,15000
81030314059,2019,58700,164900,223600
71006103099,2019,58300,122700,181000
70928309115,2019,99000,31000,130000
71005312112,2019,57800,157700,215500
71007317011,2019,53900,297200,351100
80936401150,2019,75700,176500,252200
70833106086,2019,135500,423500,559000
70919412050,2019,110300,257300,367600
70929427180,2019,132400,225100,357500
71010108150,2019,60400,171500,231900
70825209468,2019,5000,13000,18000
70936403032,2019,64200,118200,182400
81021301370,2019,67100,195200,262300
70836406087,2019,55100,154900,210000
70932105161,2019,81600,118100,199700
81032402050,2019,45900,155400,201300
71005206026,2019,51100,75000,126100
60905104232,2019,53400,159300,212700
71025100985,2019,0,0,0
70821212035,2019,119500,334500,454000
70828414030,2019,0,0,0
70928315071,2019,75800,224200,300000
70923313062,2019,151700,442800,594500
80925118097,2019,12900,253700,266600
71002106097,2019,9500,135900,145400
60812321135,2019,19600,165400,185000
80924436747,2019,400,1600,2000
60802104327,2019,86400,175500,261900
71005410205,2019,56300,132300,188600
80924414173,2019,26000,309000,335000
70932210093,2019,22600,88600,111200
70923140267,2019,1500,13500,15000
70824410248,2019,104400,171600,276000
71010219121,2019,10600,85500,96100
71007202064,2019,108400,333100,441500
60801302261,2019,70400,143600,214000
60802405139,2019,64100,174700,238800
60802411251,2019,65300,163400,228700
70931305176,2019,99000,133900,232900
70930416031,2019,75600,258000,333600
60812302268,2019,69600,190000,259600
70922303189,2019,117600,274600,392200
71014207130,2019,63100,157200,220300
71009403115,2019,64100,95400,159500
70913347287,2019,3200,19800,23000
71010405126,2019,75700,155800,231500
60811415012,2019,79700,226700,306400
70921406017,2019,142900,419500,562400
80925407135,2019,51600,129900,181500
70821110247,2019,138000,361000,499000
80924445912,2019,400,1600,2000
71011117069,2019,0,0,0
70919215181,2019,88400,155400,243800
70935205124,2019,36100,123900,160000
70926405098,2019,76000,94000,170000
70901108146,2019,51000,127200,178200
70835111067,2019,103900,271600,375500
70920402389,2019,131000,203000,334000
60904102279,2019,86700,186400,273100
71006402102,2019,54100,210000,264100
70826315123,2019,54400,256400,310800
70929224106,2019,85900,180800,266700
70923142536,2019,44900,278300,323200
70926201173,2019,171500,272500,444000
70935113137,2019,48500,114900,163400
81026351023,2019,3400,0,3400
70921213165,2019,64200,289800,354000
70923152569,2019,45000,930600,975600
60801308110,2019,70400,142300,212700
80924407144,2019,8300,141000,149300
60905101014,2019,53600,84100,137700
80936404253,2019,62000,223000,285000
71005404076,2019,41900,153100,195000
70935307235,2019,4900,55100,60000
80924415030,2019,32000,373100,405100
81028404185,2019,59200,167300,226500
81026207036,2019,8300,0,8300
70823110344,2019,89000,249700,338700
70823405183,2019,60300,233700,294000
81034107616,2019,61200,199300,260500
70835315338,2019,51900,412000,463900
71009218051,2019,41500,126600,168100
70925204087,2019,81400,253600,335000
81028119502,2019,10800,92200,103000
81031229017,2019,66000,244000,310000
70929411068,2019,74300,288900,363200
71002200998,2019,51500,0,51500
70924219988,2019,0,25000,25000
60901201131,2019,60500,171500,232000
81034120030,2019,25000,127000,152000
70918405098,2019,94300,69900,164200
70923402229,2019,0,0,0
81034108458,2019,62500,117900,180400
70823115063,2019,89400,248000,337400
81031217179,2019,38500,106100,144600
60801227013,2019,24200,108000,132200
60801408126,2019,94600,207000,301600
70914438837,2019,2200,22800,25000
60811439187,2019,20000,185200,205200
71005312063,2019,53600,218500,272100
70921421057,2019,98600,315100,413700
71010400895,2019,97700,118600,216300
70836206057,2019,67500,200900,268400
70824218072,2019,169000,405600,574600
70921127233,2019,14100,171600,185700
70926405064,2019,80600,103800,184400
71005224101,2019,52000,181900,233900
70936406458,2019,60100,171500,231600
71014106225,2019,12500,177600,190100
81032305098,2019,36400,157200,193600
70922218049,2019,191000,381400,572400
81034414251,2019,66300,214500,280800
81014301072,2019,0,0,0
70828427059,2019,0,0,0
70923147437,2019,8000,7000,15000
81021416062,2019,53600,142800,196400
60811110026,2019,103300,217100,320400
70920406274,2019,140300,296500,436800
71010313395,2019,55700,132500,188200
70928117427,2019,105300,320300,425600
60812304157,2019,74400,243500,317900
81030208088,2019,68000,397000,465000
70923123221,2019,96500,268300,364800
71004408334,2019,69100,148900,218000
60812321292,2019,18000,157400,175400
70814423152,2019,98400,240200,338600
81035113076,2019,0,0,0
71001333089,2019,0,0,0
70921108043,2019,132000,887000,1019000
70816401081,2019,175800,415300,591100
70931204104,2019,75100,197600,272700
70929305039,2019,91300,310500,401800
71011211168,2019,54300,190700,245000
81026355257,2019,10700,0,10700
80925304034,2019,64200,212100,276300
70913353101,2019,53700,313800,367500
70829102270,2019,98600,256400,355000
60906107152,2019,61800,156500,218300
80936123069,2019,0,0,0
81030203161,2019,48000,118600,166600
71016405089,2019,62400,143500,205900
70914437863,2019,2200,17300,19500
70928112162,2019,108400,317600,426000
70920420018,2019,133500,170600,304100
71006409108,2019,68000,232000,300000
70836120017,2019,138000,449400,587400
80926106207,2019,54000,119300,173300
70922404143,2019,127800,314200,442000
71001318023,2019,64400,249800,314200
80926207089,2019,63400,229900,293300
71005320115,2019,125000,289000,414000
71005415148,2019,57300,172300,229600
70932205218,2019,132000,535000,667000
81034309056,2019,76100,212700,288800
70914409036,2019,894000,409000,1303000
70824405091,2019,102400,259500,361900
60811117048,2019,19100,180800,199900
81031219159,2019,38100,108800,146900
71030210191,2019,81400,124600,206000
70828406079,2019,0,0,0
71004307122,2019,58900,189100,248000
70933205118,2019,164200,440800,605000
71007112205,2019,94600,331300,425900
70834101077,2019,118100,0,118100
70836420194,2019,69000,164600,233600
70922204030,2019,99800,309000,408800
70829102220,2019,72700,282800,355500
71023401989,2019,88200,0,88200
70922329044,2019,155300,216600,371900
71014203253,2019,60300,204400,264700
60801307120,2019,76900,186000,262900
70822414052,2019,11800,102100,113900
70814430339,2019,19700,199900,219600
60901203278,2019,59500,195000,254500
70920216954,2019,12900,517700,530600
70814206095,2019,126000,291900,417900
70822102285,2019,113500,232000,345500
70813309098,2019,88900,227500,316400
71006431218,2019,90400,399200,489600
81034406216,2019,63600,161000,224600
81028102151,2019,62300,139700,202000
70829418065,2019,18900,0,18900
71006409207,2019,68000,286300,354300
70922237015,2019,241100,982000,1223100
80925124060,2019,12200,288800,301000
70823301018,2019,561000,552000,1113000
81028120848,2019,0,5000,5000
80924422027,2019,8600,166800,175400
70822111111,2019,74900,285100,360000
71006112313,2019,67900,140000,207900
60904107104,2019,89100,157400,246500
70913205352,2019,96500,107100,203600
70822105164,2019,111000,316700,427700
70931310183,2019,0,0,0
60801113080,2019,64700,162200,226900
71008108146,2019,25200,203700,228900
70835111075,2019,121700,260600,382300
71003315043,2019,47200,136000,183200
70913119248,2019,81600,106300,187900
70814302067,2019,126000,303600,429600
71004409100,2019,672000,1280000,1952000
70829102056,2019,83900,262100,346000
70932406270,2019,78700,130900,209600
81034406159,2019,60300,165500,225800
71003314178,2019,48400,148200,196600
70918206040,2019,102200,184800,287000
70834307013,2019,143700,390900,534600
81030314033,2019,57500,148000,205500
70923154408,2019,0,7500,7500
70923411452,2019,31100,283900,315000
71006304035,2019,88000,191300,279300
70918212203,2019,75600,165000,240600
70918322416,2019,0,2000,2000
71009308034,2019,66000,150700,216700
71005310091,2019,59700,198700,258400
81021305166,2019,55300,212700,268000
60906204073,2019,88000,202000,290000
70918402036,2019,108600,243000,351600
70920219255,2019,0,0,0
71009109135,2019,0,0,0
71034105463,2019,0,0,0
70912405135,2019,103900,305900,409800
60801217113,2019,84400,185200,269600
81031207055,2019,38600,150700,189300
71010413228,2019,58100,159800,217900
81015103211,2019,65800,192500,258300
80924306057,2019,66700,288300,355000
60812102113,2019,84900,184500,269400
80924430898,2019,400,1600,2000
71019407040,2019,47500,231400,278900
71007201256,2019,82500,243800,326300
71007206230,2019,50000,269000,319000
70929105059,2019,98500,219200,317700
71003418110,2019,51200,144200,195400
71005333085,2019,99200,203500,302700
70913317206,2019,85000,124000,209000
70826420196,2019,0,4000,4000
71003311166,2019,49500,135700,185200
71001107062,2019,100,0,100
70823102242,2019,76700,341400,418100
71005220050,2019,60600,131900,192500
70835107090,2019,101700,325400,427100
60801414157,2019,79300,217300,296600
80936413022,2019,77700,133100,210800
70913402114,2019,0,0,0
80925109210,2019,50800,132300,183100
60903206072,2019,74300,156700,231000
80936201039,2019,61600,110700,172300
71010104314,2019,57500,230200,287700
70920218851,2019,300,14700,15000
70929123134,2019,16900,285300,302200
71003305200,2019,49300,149100,198400
70923154656,2019,0,7500,7500
70923170545,2019,2100,400,2500
60903214083,2019,17300,74200,91500
71014216636,2019,7500,141600,149100
60812201254,2019,89200,261200,350400
70932417178,2019,53000,125300,178300
70922343036,2019,183200,293800,477000
71005335073,2019,86800,309300,396100
70923413763,2019,0,5000,5000
70928225098,2019,151100,338600,489700
70922346410,2019,0,15000,15000
60811304314,2019,83400,329600,413000
71009213069,2019,51500,159700,211200
80925114144,2019,12600,252500,265100
70813307141,2019,97600,328300,425900
71004315307,2019,58500,138600,197100
70921221035,2019,128000,240400,368400
71016119036,2019,63100,120400,183500
70913113133,2019,70100,351000,421100
80924409108,2019,8000,132200,140200
70813314279,2019,9300,0,9300
71007215405,2019,85600,233900,319500
81026206278,2019,14800,0,14800
71009223042,2019,45100,174700,219800
70921318056,2019,91500,157500,249000
81019306027,2019,58600,194500,253100
80924420732,2019,400,1600,2000
70923154424,2019,0,7500,7500
70836117189,2019,68700,228600,297300
70913422071,2019,81300,368700,450000
70922320307,2019,99500,455500,555000
70912402131,2019,100700,197900,298600
70918224034,2019,18100,104100,122200
60801303136,2019,69300,178200,247500
81032302119,2019,51900,160400,212300
70923143998,2019,44900,613000,657900
60905201020,2019,88000,308000,396000
70912409385,2019,109600,230000,339600
70930411304,2019,73400,264100,337500
70920404236,2019,114400,146700,261100
70921203124,2019,70700,167600,238300
70923154698,2019,0,7500,7500
70929304114,2019,89100,190300,279400
71027421024,2019,31400,168400,199800
80924409166,2019,9300,139800,149100
70928101115,2019,99700,350600,450300
60812404288,2019,74000,222300,296300
70923153608,2019,1300,23700,25000
71015204200,2019,71800,181000,252800
70929402207,2019,90200,243600,333800
71019401141,2019,439600,522500,962100
71009222119,2019,54800,190400,245200
60906106047,2019,71700,157600,229300
71003406165,2019,54800,216300,271100
71015405189,2019,47100,210500,257600
70929403388,2019,101400,274100,375500
71034101156,2019,55700,169400,225100
70921108077,2019,124700,336400,461100
60811402168,2019,75500,222600,298100
81034408098,2019,67100,176500,243600
71006433040,2019,110100,260700,370800
70918213152,2019,62000,422600,484600
71001304014,2019,585000,0,585000
71006302162,2019,50100,241500,291600
81034101189,2019,66300,165500,231800
70827404016,2019,0,0,0
81031404164,2019,36700,137900,174600
70814403055,2019,89000,182500,271500
70923145548,2019,8000,7000,15000
70920220187,2019,0,7100,7100
70919217038,2019,91500,165700,257200
70815403278,2019,286000,449000,735000
70813320143,2019,14600,105200,119800
60811116040,2019,18800,202100,220900
71009203094,2019,78300,143400,221700
70835301022,2019,143700,356400,500100
70828412092,2019,0,0,0
70922336049,2019,145600,376500,522100
70921406041,2019,142900,385800,528700
71007223151,2019,99200,208200,307400
71006440095,2019,18700,137300,156000
71005407202,2019,42100,118500,160600
71011407212,2019,111400,293000,404400
70928104010,2019,79400,354000,433400
71015406088,2019,46500,214500,261000
71015202337,2019,47200,247100,294300
70834206033,2019,82100,245500,327600
71010209106,2019,53800,150100,203900
71010216010,2019,23700,71300,95000
80924311171,2019,68300,237500,305800
70920402339,2019,132200,170600,302800
70826421954,2019,0,4000,4000
70918203062,2019,943400,350900,1294300
81031201156,2019,48800,158400,207200
80935104226,2019,63400,207700,271100
70924219722,2019,0,25000,25000
70928205074,2019,97800,388000,485800
70921414036,2019,93900,387100,481000
71006131032,2019,60600,183600,244200
70930417021,2019,0,0,0
60902204051,2019,88000,531500,619500
71015405139,2019,56300,167300,223600
81030206149,2019,54700,121600,176300
71005108090,2019,47500,104300,151800
71004404100,2019,58600,147800,206400
81030309125,2019,64700,135400,200100
70921417311,2019,151400,303600,455000
70935112030,2019,49000,156100,205100
70836216543,2019,5500,97500,103000
70913210111,2019,87700,192400,280100
70835112247,2019,132100,314500,446600
81032302151,2019,42800,160800,203600
60812222044,2019,26200,175700,201900
71021213089,2019,60100,135800,195900
70923101110,2019,933000,4584000,5517000
70929216103,2019,87900,176800,264700
81028116110,2019,63700,180000,243700
80936403263,2019,63000,232000,295000
71007315180,2019,109000,467500,576500
81032413031,2019,41500,120400,161900
70918212097,2019,60300,227700,288000
60811415351,2019,82900,161000,243900
81032309066,2019,36700,165000,201700
70934309109,2019,15700,96100,111800
70913434414,2019,0,18000,18000
60802313192,2019,96700,282200,378900
70823406313,2019,70000,235600,305600
71005112182,2019,62900,142100,205000
70920117128,2019,156900,198600,355500
71005109014,2019,50600,130800,181400
60802101092,2019,78600,177900,256500
70836306097,2019,70000,282500,352500
81033204025,2019,64000,306000,370000
71007242416,2019,9300,195600,204900
71005227064,2019,48500,116500,165000
70836417208,2019,60400,142200,202600
80925211081,2019,56100,142300,198400
71006406138,2019,67900,139200,207100
70914301084,2019,308000,180000,488000
70926204028,2019,78300,239700,318000
70923113131,2019,120900,1382100,1503000
70921309162,2019,114800,237100,351900
71004302669,2019,54700,120600,175300
70923136026,2019,22000,224000,246000
70922346072,2019,0,15000,15000
60812103070,2019,80400,176800,257200
70828318018,2019,100,0,100
71021213039,2019,64100,154000,218100
70822105049,2019,98300,285600,383900
81027103051,2019,361500,606500,968000
71011208222,2019,34500,206800,241300
70932303062,2019,78700,111700,190400
70823102028,2019,89400,230600,320000
60811431034,2019,79300,180900,260200
70918313093,2019,231500,252500,484000
71006443023,2019,11000,191500,202500
71021207123,2019,59800,150100,209900
70918215083,2019,71000,209000,280000
70922231207,2019,122200,359300,481500
71015406054,2019,46500,241000,287500
60906203041,2019,85000,205000,290000
71012206069,2019,62000,244600,306600
80925416037,2019,56900,184000,240900
70923148667,2019,4200,800,5000
70929113052,2019,89800,239700,329500
70824309269,2019,14100,129000,143100
60802115019,2019,20500,121900,142400
60801210208,2019,64800,158300,223100
71009307094,2019,67200,147300,214500
81015403059,2019,0,0,0
60812207278,2019,0,0,0
71005345030,2019,68100,116700,184800
70921127077,2019,13100,169400,182500
71011112100,2019,57300,268100,325400
70833403135,2019,216500,391900,608400
80924410915,2019,400,1600,2000
70824405083,2019,102400,284400,386800
70936309032,2019,59700,132200,191900
71002419044,2019,69300,153200,222500
60802104319,2019,87900,184500,272400
70836313266,2019,15700,166700,182400
70814419309,2019,15200,158600,173800
70923142156,2019,44900,259000,303900
80925103246,2019,54500,148700,203200
81027301077,2019,0,0,0
70901109045,2019,46200,130100,176300
70826407087,2019,68600,172700,241300
70913207093,2019,99200,308800,408000
71005405082,2019,41400,112100,153500
80924417060,2019,9400,149200,158600
70920305096,2019,104000,318300,422300
81030205076,2019,48200,115200,163400
71011305135,2019,61900,213100,275000
70919411226,2019,102500,274600,377100
81021401104,2019,52500,126600,179100
71002442053,2019,100,0,100
80926106158,2019,58800,129800,188600
60803106273,2019,103200,233000,336200
80924440962,2019,400,1600,2000
71004303138,2019,49200,145000,194200
71006408085,2019,63400,206100,269500
70923143055,2019,44900,296800,341700
80924404942,2019,400,1600,2000
80924410056,2019,9300,139800,149100
71027100826,2019,430500,1529500,1960000
70924201282,2019,75700,398800,474500
71004308021,2019,58900,174000,232900
60801214010,2019,69300,155300,224600
70919411268,2019,126200,244000,370200
60904101081,2019,87900,197100,285000
70824414224,2019,14600,91600,106200
70918412142,2019,131300,142900,274200
70835112172,2019,117600,355400,473000
71006303128,2019,49300,227000,276300
71034104118,2019,87300,222900,310200
60812114142,2019,74600,185600,260200
71007220066,2019,120300,242500,362800
70826417010,2019,18400,83500,101900
71010109041,2019,60700,212400,273100
70823104157,2019,89400,227000,316400
70918302343,2019,75400,125100,200500
60802412150,2019,76600,237200,313800
71002438028,2019,47700,269600,317300
60801408209,2019,86900,184100,271000
71009109094,2019,215500,691500,907000
60811410038,2019,75600,197800,273400
60811417076,2019,75600,204800,280400
81031410145,2019,43900,110100,154000
80926108352,2019,54600,145000,199600
81034119025,2019,66900,157700,224600
71014216082,2019,7500,85700,93200
70932404092,2019,73300,140200,213500
80924424081,2019,10200,171500,181700
60812329387,2019,13500,161800,175300
71011118281,2019,30500,223800,254300
70816407039,2019,183200,432500,615700
80925210059,2019,51900,139700,191600
70826315644,2019,47500,244200,291700
71003303121,2019,57600,172300,229900
70821410192,2019,98900,385600,484500
70918320197,2019,20500,66800,87300
71007215322,2019,99200,199600,298800
71021213071,2019,60100,146400,206500
71027405119,2019,51000,198600,249600
71002107574,2019,9500,163700,173200
71012201209,2019,71600,253500,325100
70913205203,2019,83000,220100,303100
71011119346,2019,0,0,0
70816403011,2019,188400,539100,727500
70829108260,2019,73500,282500,356000
60801202180,2019,91600,141700,233300
70815202018,2019,1957400,4320100,6277500
71021107125,2019,61000,135700,196700
70932111142,2019,137500,539100,676600
70913350602,2019,0,15000,15000
70823205278,2019,18100,242200,260300
71015112164,2019,40300,157400,197700
70913344100,2019,26400,286800,313200
80936413072,2019,73400,157400,230800
70816407047,2019,164600,394900,559500
70913348334,2019,7900,377100,385000
60811401087,2019,84500,204600,289100
81030205373,2019,51100,112400,163500
71011211027,2019,54300,221800,276100
60803107221,2019,98900,254700,353600
71006409265,2019,68000,285000,353000
70913105049,2019,80800,252200,333000
70923153369,2019,1300,23700,25000
60802412142,2019,77100,236700,313800
80935106967,2019,98500,245800,344300
70924214227,2019,83200,984000,1067200
81033305162,2019,47200,129800,177000
81030312079,2019,58700,146500,205200
81031224067,2019,20000,50700,70700
81032424088,2019,28100,158200,186300
81019310036,2019,58000,157500,215500
60802307947,2019,0,5000,5000
81034206070,2019,66400,172600,239000
71034105041,2019,82200,179000,261200
71010105049,2019,55600,160700,216300
81026426082,2019,900,0,900
60811204069,2019,97000,186100,283100
81015200992,2019,525900,91300,617200
60801312145,2019,83500,243700,327200
70920302076,2019,131000,383300,514300
81032409056,2019,39900,142600,182500
71005108024,2019,50600,117000,167600
70919401433,2019,115300,345700,461000
71009214083,2019,51900,181700,233600
70816310125,2019,224000,0,224000
71009317100,2019,68800,168300,237100
70926300876,2019,18400,400,18800
71007206214,2019,60900,228600,289500
70824407112,2019,99300,225600,324900
60812110033,2019,78200,218200,296400
71001334095,2019,21000,183300,204300
80925122882,2019,800,1200,2000
71027411158,2019,77800,193200,271000
70901118244,2019,20900,128400,149300
70836207112,2019,33200,116800,150000
71015105200,2019,61100,142200,203300
81033210022,2019,364000,1291000,1655000
70836216361,2019,5500,96900,102400
71007113229,2019,79600,306100,385700
71015211130,2019,74900,233100,308000
70921313139,2019,109200,283500,392700
60804103137,2019,83500,350000,433500
71014216149,2019,7500,86400,93900
71021226016,2019,42500,104000,146500
71005226090,2019,48500,65200,113700
71015201298,2019,63900,181800,245700
80926201065,2019,51600,0,51600
70826420849,2019,0,4000,4000
70824405132,2019,99200,295300,394500
71005221024,2019,56000,314000,370000
71011122224,2019,34200,238200,272400
71010103192,2019,53600,191000,244600
71035206054,2019,67000,178100,245100
70919306211,2019,100600,280500,381100
70935102164,2019,45900,83100,129000
70821209058,2019,131000,0,131000
70931103281,2019,135200,168000,303200
80924409893,2019,400,1600,2000
70823107284,2019,89400,293000,382400
71009320195,2019,0,0,0
71006134169,2019,59000,121500,180500
70919221170,2019,102300,205800,308100
71016208144,2019,69000,181900,250900
70826421813,2019,0,4000,4000
70934402010,2019,99000,271000,370000
70813403155,2019,235000,0,235000
70929419319,2019,85000,196500,281500
70912450065,2019,12900,318500,331400
71009109086,2019,0,0,0
70923136993,2019,1400,13600,15000
71030203112,2019,79600,113100,192700
80925111273,2019,53500,132800,186300
70936410045,2019,58900,158200,217100
71015115077,2019,39100,174700,213800
71014106340,2019,12500,162500,175000
81021103031,2019,64800,211700,276500
80924423091,2019,9900,171800,181700
71006110185,2019,69200,123200,192400
81028111152,2019,64900,215400,280300
70918303268,2019,75400,189400,264800
71005407070,2019,43400,150600,194000
70913337048,2019,52700,205300,258000
81034309220,2019,71900,189100,261000
70834207081,2019,78900,241100,320000
71011305292,2019,66900,174100,241000
71022103015,2019,336000,700500,1036500
80926104293,2019,54000,125100,179100
71005232104,2019,47100,109200,156300
70919227095,2019,31500,253600,285100
70913344142,2019,22200,234700,256900
60803115018,2019,118000,318000,436000
71007316203,2019,33300,251700,285000
70929422106,2019,140900,473900,614800
60903203127,2019,0,0,0
71002309021,2019,60900,284700,345600
70929123176,2019,6900,166100,173000
70929209174,2019,83800,157700,241500
70935307326,2019,4900,55100,60000
71005303129,2019,57600,279800,337400
70936311037,2019,60200,169400,229600
70921316042,2019,115400,143000,258400
70836201180,2019,35100,131900,167000
71006116159,2019,69200,165100,234300
70814104083,2019,114400,246500,360900
70931211084,2019,70900,259800,330700
70914439190,2019,1000,7900,8900
70919109152,2019,112700,225000,337700
81034325086,2019,30000,98500,128500
60811403041,2019,76700,160100,236800
71005231015,2019,259500,822500,1082000
70923136109,2019,22000,224000,246000
70828422108,2019,0,0,0
70823120020,2019,666000,2726000,3392000
80924421748,2019,400,1600,2000
71001202010,2019,10200,0,10200
71003308163,2019,54900,199900,254800
70834427168,2019,25600,152200,177800
70828436026,2019,0,0,0
70923116383,2019,190800,0,190800
81023307095,2019,35600,134900,170500
70816406130,2019,163600,395200,558800
70815306068,2019,180000,573600,753600
60811417026,2019,76200,211000,287200
70923165611,2019,51300,207700,259000
70824311032,2019,13500,132500,146000
71006114062,2019,62000,236800,298800
71011119114,2019,54400,229500,283900
70913404053,2019,101000,286400,387400
60803107156,2019,118000,352500,470500
71002418202,2019,0,0,0
70823110021,2019,89400,189800,279200
70919222079,2019,104600,182600,287200
71009106214,2019,0,0,0
81031402100,2019,35900,116500,152400
70931104289,2019,149100,185900,335000
70921214254,2019,121200,285900,407100
70922313146,2019,125100,546800,671900
60901202212,2019,64500,162500,227000
70912439069,2019,9000,91300,100300
70923126332,2019,107700,163000,270700
70918223078,2019,267900,228800,496700
71010101104,2019,55600,167600,223200
80936208100,2019,58700,196600,255300
81028121119,2019,10100,88600,98700
81032414170,2019,44900,140200,185100
70928109284,2019,108200,295800,404000
71007229216,2019,80200,366100,446300
81032310154,2019,36700,104800,141500
71015202288,2019,47300,154300,201600
81031405336,2019,37600,178300,215900
71012222031,2019,14800,126700,141500
70829102311,2019,107800,291400,399200
70816305019,2019,171400,686600,858000
70826407045,2019,70400,185300,255700
71010410216,2019,67000,143000,210000
71006309142,2019,69200,146400,215600
70918319413,2019,20500,105800,126300
80924425782,2019,400,1600,2000
70930301159,2019,858000,3509000,4367000
71002401950,2019,133300,320800,454100
81026353152,2019,56700,223200,279900
71006315123,2019,0,0,0
81028111201,2019,65100,172900,238000
70821408163,2019,105800,366100,471900
70931206142,2019,69900,272300,342200
60906201392,2019,72500,200400,272900
70920102111,2019,84000,151500,235500
71035118150,2019,67900,291100,359000
71004401114,2019,44900,141800,186700
70931404150,2019,102400,128200,230600
81031210280,2019,40600,122100,162700
70923413151,2019,1700,16300,18000
70822118026,2019,25800,296200,322000
70919212088,2019,95500,98800,194300
70913353119,2019,41900,212900,254800
70814424192,2019,90200,297700,387900
80936403130,2019,67000,253000,320000
80926112311,2019,55200,152500,207700
70824110046,2019,233200,436800,670000
71009407092,2019,71000,155700,226700
60903207054,2019,0,0,0
80925104020,2019,55700,126500,182200
70921202118,2019,0,0,0
70813325200,2019,13600,160500,174100
70919103013,2019,93800,367300,461100
70826406138,2019,73100,187900,261000
60801119210,2019,66700,149700,216400
71003419225,2019,46300,178200,224500
70932406048,2019,77000,129900,206900
70918224084,2019,18100,111900,130000
70914439306,2019,1000,4900,5900
71007214093,2019,187300,149800,337100
60801409158,2019,69200,140800,210000
80924420930,2019,400,1600,2000
80924412846,2019,400,1600,2000
71007111190,2019,78200,326700,404900
71009217201,2019,50300,135800,186100
81030401947,2019,0,1317000,1317000
70919410054,2019,103900,239500,343400
70920216392,2019,11000,333500,344500
71001308074,2019,59300,192500,251800
70823210409,2019,131500,226800,358300
71006125019,2019,20000,215000,235000
81021305299,2019,53500,215800,269300
70922422111,2019,131800,206200,338000
71014308045,2019,54300,178700,233000
70835306189,2019,97100,185400,282500
60801113478,2019,55500,193000,248500
81023310147,2019,35600,114400,150000
70914301109,2019,289200,522000,811200
70823212017,2019,73600,203300,276900
70912402016,2019,78500,356400,434900
80925104103,2019,66100,138500,204600
70923143089,2019,44900,278300,323200
71011118471,2019,30500,231200,261700
80924417747,2019,400,1600,2000
60802409313,2019,71500,243500,315000
81032419138,2019,41600,141100,182700
71004308013,2019,58500,219000,277500
70932104080,2019,70900,191400,262300
71021210069,2019,66700,137500,204200
60804105159,2019,120200,361500,481700
70828314503,2019,100,0,100
71034101198,2019,64000,164300,228300
71010210228,2019,53700,140600,194300
71016104110,2019,66100,104900,171000
60811302293,2019,88500,184500,273000
70929202045,2019,71500,223900,295400
70913348227,2019,8300,382700,391000
71010206285,2019,63400,148600,212000
70821110263,2019,124600,313400,438000
70824103059,2019,122900,404500,527400
70928305022,2019,91100,273900,365000
71012211068,2019,62900,222000,284900
60811415153,2019,73200,175500,248700
60804208052,2019,115000,310300,425300
70929219173,2019,82300,218200,300500
60811415062,2019,76400,179400,255800
60905213207,2019,0,0,0
71010206061,2019,53000,362000,415000
70929416232,2019,72300,225100,297400
71003319110,2019,57300,197900,255200
70928221070,2019,99100,179900,279000
71002107748,2019,9500,163700,173200
70929415218,2019,87300,220700,308000
80936201071,2019,69700,118100,187800
60802303193,2019,93100,231900,325000
70913410018,2019,425000,888400,1313400
60811438113,2019,20000,181700,201700
70829103088,2019,95300,233700,329000
70833402137,2019,135500,425900,561400
70913323344,2019,73900,245100,319000
60801109039,2019,66700,158200,224900
70914438093,2019,1100,5900,7000
80925415930,2019,60000,110500,170500
81029100930,2019,0,0,0
71009403090,2019,63900,151500,215400
70821407090,2019,99200,365700,464900
70923222023,2019,74300,388600,462900
71027200874,2019,436000,47000,483000
70823310069,2019,13100,138600,151700
70920103268,2019,111800,221000,332800
70836208011,2019,73700,202800,276500
70920401068,2019,127400,191000,318400
70929210056,2019,81400,212300,293700
60812112112,2019,78000,152500,230500
70929222150,2019,95200,241600,336800
81030316097,2019,59800,149900,209700
70926401012,2019,77300,167000,244300
70920216095,2019,13000,237600,250600
71016415012,2019,63900,135100,199000
81033400920,2019,236600,0,236600
70828428049,2019,0,0,0
60812216021,2019,37500,154900,192400
70923117290,2019,0,0,0
71007224109,2019,0,0,0
60904107039,2019,90200,212500,302700
70922315077,2019,151400,249000,400400
60801115135,2019,59000,176400,235400
70836205067,2019,72100,171000,243100
70829102345,2019,102600,238400,341000
80925307103,2019,69900,102500,172400
81031207162,2019,49400,133400,182800
71016405071,2019,62400,232500,294900
71011401082,2019,97900,256000,353900
70922231025,2019,167300,254900,422200
70836303225,2019,84600,159300,243900
70912449068,2019,9000,99900,108900
70923153278,2019,1300,23700,25000
70826419412,2019,0,4000,4000
60906106039,2019,72500,182900,255400
60802304018,2019,110200,213000,323200
80924444039,2019,11600,230500,242100
80925304125,2019,47400,74500,121900
71011220218,2019,11300,230200,241500
71001410035,2019,52700,185800,238500
60905104034,2019,49500,106600,156100
71003307082,2019,54300,149500,203800
70918409157,2019,176700,229500,406200
70931408178,2019,70300,124200,194500
70826422316,2019,0,4000,4000
71004314276,2019,58500,133600,192100
71005346046,2019,12900,236000,248900
70926217138,2019,136000,199000,335000
70827107058,2019,42000,363000,405000
81032302094,2019,32300,138700,171000
70922325076,2019,137300,371700,509000
70836203178,2019,75300,208200,283500
71006310248,2019,71100,161100,232200
70930302165,2019,209000,458000,667000
60905101056,2019,52200,90600,142800
70914418053,2019,185700,155200,340900
60801224150,2019,15900,179400,195300
71021222072,2019,64400,162400,226800
70828422067,2019,0,0,0
70931310232,2019,0,0,0
81028118778,2019,10100,86800,96900
70922403070,2019,64000,2000,66000
70923122124,2019,309500,370500,680000
71014307378,2019,55100,191600,246700
60811414098,2019,76100,205800,281900
70926214217,2019,92000,228000,320000
80936118010,2019,14900,100100,115000
70932407103,2019,79800,140700,220500
70922342103,2019,201700,543700,745400
70932420072,2019,86000,253000,339000
60906105081,2019,68600,215100,283700
70921128017,2019,26500,185500,212000
70823113132,2019,89400,308500,397900
70914422038,2019,153700,183700,337400
70923173432,2019,3300,5900,9200
70833211067,2019,109900,305100,415000
70929212094,2019,78400,167600,246000
81026422056,2019,100,0,100
81028105254,2019,58100,139900,198000
60802101068,2019,83900,162600,246500
70920106395,2019,175000,268200,443200
60904101073,2019,85800,257400,343200
71005415073,2019,60600,99400,160000
71010301093,2019,53600,149300,202900
81026364026,2019,3200,0,3200
70814307075,2019,146500,204400,350900
71006406089,2019,54100,218400,272500
60802311229,2019,0,0,0
70834427671,2019,0,5000,5000
70816319135,2019,201200,467800,669000
70820106023,2019,100,0,100
71001327016,2019,26200,137100,163300
71016201049,2019,67300,138200,205500
71002308148,2019,9200,0,9200
81026364068,2019,2600,0,2600
70826419165,2019,0,4000,4000
70922327139,2019,121800,458000,579800
71016112262,2019,54000,131000,185000
71011307107,2019,59400,212000,271400
80924421037,2019,10500,174300,184800
70923169093,2019,6500,18500,25000
71009412025,2019,69400,75600,145000
70929423021,2019,156800,230300,387100
70928108137,2019,108400,355600,464000
80924407821,2019,400,1600,2000
70836208475,2019,34900,160000,194900
70835112221,2019,143700,304500,448200
70935112121,2019,52300,112300,164600
70929418197,2019,88100,276600,364700
60812405525,2019,77800,184600,262400
81033204257,2019,36200,106800,143000
70920107228,2019,126600,121200,247800
71019409137,2019,47900,201600,249500
60906105148,2019,67600,177400,245000
70914407056,2019,165200,721800,887000
70913213016,2019,108000,346300,454300
80925407101,2019,56100,239000,295100
70921107011,2019,1870000,8220000,10090000
71026402140,2019,73800,389200,463000
71004401081,2019,49100,135200,184300
71006420120,2019,54000,416000,470000
71006107249,2019,52400,157700,210100
70928315162,2019,109000,366100,475100
71005414174,2019,48000,129800,177800
70836115216,2019,73100,194600,267700
70913349291,2019,33400,221600,255000
70824217016,2019,137300,208500,345800
80925403133,2019,65400,111300,176700
60901202410,2019,63400,155000,218400
71010116062,2019,58900,218000,276900
70928216013,2019,101000,190500,291500
71014301099,2019,55900,197600,253500
70913109091,2019,107300,167100,274400
70833101135,2019,159200,460800,620000
80924103148,2019,90400,290300,380700
71005404026,2019,40900,117200,158100
80924105128,2019,95000,306900,401900
81031423114,2019,17500,162500,180000
71021204129,2019,56400,179000,235400
81021302386,2019,55200,230100,285300
70921128041,2019,16800,100500,117300
81032409155,2019,38600,139300,177900
81027209099,2019,12000,110900,122900
71020307015,2019,12500,117000,129500
70923126027,2019,105100,254900,360000
70827105010,2019,0,0,0
70919409015,2019,104600,316200,420800
70814202217,2019,109900,297100,407000
71034101081,2019,69800,171200,241000
81028121466,2019,10100,87200,97300
70919110216,2019,157400,169800,327200
70920203092,2019,0,0,0
70913326083,2019,141000,477200,618200
71009217152,2019,46800,171500,218300
81021106100,2019,59600,160700,220300
70920417023,2019,74000,421000,495000
70835303151,2019,78500,191900,270400
81034304121,2019,48800,171200,220000
71005334083,2019,109100,300400,409500
70931201019,2019,64300,169500,233800
71005314209,2019,68000,171600,239600
70821211029,2019,118000,427000,545000
70813328288,2019,101400,223300,324700
70918415344,2019,9500,33800,43300
70922335231,2019,145600,370100,515700
70816304045,2019,168300,578200,746500
70921210195,2019,71900,198700,270600
71014207114,2019,65700,156900,222600
70816402279,2019,175600,509800,685400
80925113980,2019,800,1200,2000
70923150646,2019,55800,344600,400400
70918315057,2019,30000,149400,179400
71034104225,2019,81500,180800,262300
70826407251,2019,77400,172200,249600
71002107285,2019,9500,146500,156000
60802110035,2019,726000,3779000,4505000
60812114126,2019,78200,152900,231100
71006434262,2019,26000,389000,415000
70922234160,2019,128900,211000,339900
80925208054,2019,59600,166500,226100
70919202138,2019,48100,232800,280900
71003310035,2019,56200,254900,311100
70927404015,2019,0,0,0
71006423116,2019,79900,139000,218900
70923154309,2019,0,7500,7500
81023304166,2019,35600,150400,186000
80925213152,2019,56900,135700,192600
70915401015,2019,0,0,0
70920218273,2019,400,14600,15000
60801224209,2019,15900,156600,172500
80924413878,2019,400,1600,2000
71005217156,2019,65100,137800,202900
81028113166,2019,64900,186300,251200
60812218027,2019,22500,141800,164300
81026362088,2019,100,0,100
70835310023,2019,84900,216100,301000
70922210087,2019,139900,440200,580100
70932202107,2019,71700,179300,251000
70920106387,2019,152200,160900,313100
70836405500,2019,67200,142300,209500
70836308085,2019,77000,298000,375000
71035207143,2019,43900,223200,267100
60812327026,2019,6000,71900,77900
80924416765,2019,400,1600,2000
71027403022,2019,0,0,0
71016103138,2019,64400,125600,190000
60812122054,2019,80100,237900,318000
71003415067,2019,54700,236300,291000
70913311282,2019,216000,768000,984000
80925413174,2019,51600,123200,174800
70836103055,2019,77100,176300,253400
71012207025,2019,62300,198200,260500
70826414040,2019,16100,102300,118400
70922308072,2019,98000,235000,333000
60801102124,2019,60100,145200,205300
70922335132,2019,153200,364200,517400
71005110152,2019,0,0,0
70923317113,2019,57300,272700,330000
60812103145,2019,85100,196500,281600
81031302029,2019,44600,55700,100300
70824310216,2019,13500,118900,132400
81031416078,2019,38100,169200,207300
70836114432,2019,69900,171400,241300
60811432066,2019,66300,190200,256500
70824206291,2019,114700,235900,350600
81021303251,2019,48700,193100,241800
80926302102,2019,64100,174500,238600
70835124367,2019,500,1500,2000
71010407247,2019,55800,189200,245000
71003307090,2019,61300,211300,272600
71021204088,2019,56400,119500,175900
70931312048,2019,103800,142200,246000
70824213048,2019,108800,277100,385900
71007206264,2019,59700,234700,294400
70928204167,2019,100200,232100,332300
71006305356,2019,49400,210300,259700
70921111054,2019,120900,306800,427700
60811440027,2019,32700,163700,196400
71003301183,2019,55600,217200,272800
71006434254,2019,30000,635000,665000
71006114111,2019,60400,110900,171300
70913110048,2019,64400,292500,356900
70827308010,2019,0,0,0
71005204228,2019,52500,111800,164300
71015304109,2019,61900,0,61900
81032420276,2019,40400,117800,158200
70926418067,2019,0,0,0
71021214037,2019,59400,129800,189200
70921206053,2019,176000,442000,618000
71010201178,2019,54900,154900,209800
70922319037,2019,137000,245000,382000
71010210236,2019,0,0,0
80926203186,2019,66200,174300,240500
71015403141,2019,48800,197100,245900
71016203037,2019,106800,151300,258100
70922433134,2019,79400,219800,299200
70922431253,2019,142000,436300,578300
80926110662,2019,32100,167700,199800
60801404299,2019,83800,225300,309100
70924219764,2019,0,25000,25000
81028111219,2019,65100,233600,298700
60906203075,2019,85000,250000,335000
70913416016,2019,0,0,0
80926401029,2019,48900,105100,154000
80925416194,2019,64700,169900,234600
70923150779,2019,74300,466300,540600
70929428146,2019,147800,432300,580100
71010209023,2019,56700,147600,204300
81031407077,2019,49700,114800,164500
60812321284,2019,19600,153300,172900
70920214099,2019,15200,218200,233400
70928314122,2019,178400,501600,680000
81026344044,2019,4600,0,4600
70919410187,2019,110900,308300,419200
70923153161,2019,1300,23700,25000
71003207125,2019,53100,131800,184900
70833119203,2019,100700,305500,406200
71006311197,2019,75600,146300,221900
70920304147,2019,94300,215700,310000
80926104285,2019,53500,128200,181700
70912409070,2019,106700,260300,367000
81034329088,2019,29300,104700,134000
60802312136,2019,98100,219700,317800
81032422040,2019,31900,113100,145000
60905113051,2019,56300,135900,192200
71007105268,2019,94600,326700,421300
71007219134,2019,116000,209300,325300
60811439301,2019,20000,183700,203700
80924101100,2019,68400,243500,311900
71003106096,2019,53100,153500,206600
71016203011,2019,66700,152900,219600
70913210252,2019,85000,714500,799500
81034328064,2019,29300,93800,123100
71033200991,2019,0,0,0
70912432021,2019,9000,91300,100300
70923174860,2019,3300,11700,15000
70920127143,2019,15200,161300,176500
70814424093,2019,81200,296600,377800
71005340072,2019,84200,239900,324100
60802304026,2019,100400,174200,274600
70926204094,2019,77500,232700,310200
70823109032,2019,20700,129300,150000
70922203016,2019,116900,212100,329000
60802405204,2019,69700,154400,224100
70922206135,2019,79000,471000,550000
70936302052,2019,60800,131100,191900
70926115184,2019,79400,217000,296400
70925206033,2019,48100,145900,194000
81031224380,2019,79200,190600,269800
70813310194,2019,11600,142400,154000
71015403216,2019,53200,179300,232500
60802111190,2019,86200,154300,240500
71030210175,2019,81000,145900,226900
70820109176,2019,100,0,100
70934309480,2019,15700,100800,116500
71007301105,2019,371000,609000,980000
70833403036,2019,216500,368400,584900
71021221149,2019,60900,147600,208500
80924429924,2019,400,1600,2000
70835124664,2019,500,1500,2000
71009109127,2019,0,0,0
71011214013,2019,8200,0,8200
71009318025,2019,68800,115700,184500
70924220307,2019,0,10000,10000
80924440699,2019,400,1600,2000
81034106238,2019,57800,145800,203600
71006117230,2019,65300,169000,234300
60906107053,2019,68800,183500,252300
71003305151,2019,49300,164800,214100
70923173490,2019,3300,5900,9200
80924436143,2019,10600,203500,214100
81026356099,2019,100,0,100
60802105200,2019,83900,179800,263700
60812108103,2019,84700,208800,293500
60812330293,2019,0,5000,5000
71005339132,2019,105800,303300,409100
70823314110,2019,204500,594500,799000
70823102135,2019,76700,321600,398300
70836229025,2019,30700,129800,160500
70836116149,2019,69300,207400,276700
81034411116,2019,72700,228100,300800
70922335207,2019,145800,417800,563600
70928205206,2019,97800,213400,311200
60801312210,2019,70600,220700,291300
81028121242,2019,8700,63300,72000
70923162170,2019,8000,7000,15000
70834214036,2019,34500,375500,410000
70923105039,2019,108500,406400,514900
60812108137,2019,78500,197400,275900
71010211234,2019,61700,164800,226500
71014210290,2019,66700,128700,195400
70829401060,2019,12800,0,12800
70835107321,2019,180400,444000,624400
70833302311,2019,291800,624200,916000
70931312064,2019,103800,135200,239000
70931411189,2019,99000,184400,283400
70929122136,2019,103400,213900,317300
71001331075,2019,50100,225500,275600
80925117130,2019,12900,258100,271000
70919401235,2019,114500,211900,326400
70918411277,2019,132700,242900,375600
81032316136,2019,21000,138000,159000
70923153583,2019,1300,23700,25000
70931204055,2019,74800,137800,212600
70912407058,2019,108800,208400,317200
71011411057,2019,97600,269500,367100
81034115015,2019,27500,127500,155000
71016411185,2019,62200,115000,177200
70826404067,2019,81300,176700,258000
70913402073,2019,0,0,0
70829414039,2019,10500,0,10500
81023310056,2019,35600,100600,136200
70914414192,2019,93600,111400,205000
70921108126,2019,100000,199300,299300
60802302418,2019,96900,229800,326700
70816408037,2019,181100,387800,568900
80924402037,2019,8300,129200,137500
70814312438,2019,26100,254800,280900
80925103030,2019,53200,161800,215000
70814430173,2019,19700,205700,225400
71007111257,2019,87900,216100,304000
70926214069,2019,74300,202200,276500
71004402112,2019,48300,146700,195000
70928221103,2019,107000,140200,247200
80924403879,2019,400,1600,2000
60802310156,2019,97300,227000,324300
71007316229,2019,31700,262200,293900
60801210068,2019,66400,192400,258800
70928102147,2019,113300,344900,458200
71034103508,2019,0,0,0
71021201092,2019,60100,160200,220300
70919218078,2019,101300,238400,339700
71006305166,2019,75000,330000,405000
70824207025,2019,115900,292500,408400
60801122015,2019,66100,146100,212200
80924417945,2019,400,1600,2000
70928219281,2019,129700,156300,286000
71006409124,2019,68000,241000,309000
71009411291,2019,62700,102300,165000
70922409218,2019,127800,135200,263000
70923174886,2019,3300,11700,15000
70923202132,2019,220000,1451000,1671000
60804204026,2019,75000,293000,368000
70836310155,2019,14900,117400,132300
70928110075,2019,108400,365300,473700
71007243315,2019,0,15000,15000
70923165835,2019,41500,230300,271800
71009301145,2019,46000,7000,53000
70829411069,2019,14000,0,14000
70828119177,2019,95700,180300,276000
60802410170,2019,72800,224200,297000
60803106124,2019,103200,171800,275000
60801304035,2019,81200,171500,252700
80924421756,2019,400,1600,2000
81021109188,2019,67900,230800,298700
70921407114,2019,252400,377700,630100
60906201384,2019,65200,148200,213400
70826416799,2019,21500,118500,140000
70913347435,2019,2500,12500,15000
80924418894,2019,400,1600,2000
71027408056,2019,62200,183800,246000
81033204033,2019,64000,306000,370000
81030303135,2019,68900,176700,245600
70930103042,2019,85100,198200,283300
70923411220,2019,29300,238200,267500
81028410017,2019,954000,2895500,3849500
70828202039,2019,1100,0,1100
71011118504,2019,30500,235900,266400
70814101162,2019,104500,336800,441300
70828205067,2019,434000,1001000,1435000
71007117031,2019,54200,258800,313000
70834307104,2019,210500,350500,561000
81022304175,2019,0,0,0
70923162104,2019,8000,7000,15000
81026422048,2019,100,0,100
70928105274,2019,105300,222500,327800
60801414016,2019,85900,209700,295600
80926305023,2019,71600,193300,264900
70931408201,2019,69300,117000,186300
70921311175,2019,81000,385900,466900
60906208166,2019,64200,141800,206000
80925404074,2019,59100,223400,282500
70829405012,2019,10200,0,10200
70913222132,2019,14200,448900,463100
71035205296,2019,64600,210400,275000
71010114082,2019,57000,152100,209100
71014201372,2019,61300,140000,201300
70901105093,2019,51000,166500,217500
70813319203,2019,15100,102900,118000
70836216577,2019,5400,97500,102900
60811418115,2019,67100,189500,256600
70835124911,2019,500,1500,2000
70836119060,2019,77100,180000,257100
81034413104,2019,70800,187100,257900
60801403043,2019,77900,162000,239900
70823403195,2019,56500,233300,289800
71009303068,2019,65000,685000,750000
60801408241,2019,70600,170800,241400
70824407013,2019,109600,252900,362500
70922211100,2019,133000,402500,535500
71007107248,2019,154800,442500,597300
70913125378,2019,133000,111800,244800
70919407093,2019,90600,220800,311400
70929204215,2019,96800,217900,314700
81034401050,2019,64500,172800,237300
71012215218,2019,17700,241200,258900
70931410115,2019,100900,182500,283400
60811106017,2019,105100,329100,434200
70826417804,2019,21500,115400,136900
71021222238,2019,73200,228500,301700
81023309083,2019,35600,99400,135000
70918210041,2019,136600,150500,287100
60811404114,2019,77300,197300,274600
70835124573,2019,500,1500,2000
70922321157,2019,113300,491900,605200
70922425131,2019,198500,169700,368200
70922335033,2019,151400,453600,605000
81032420036,2019,43700,134300,178000
60802304050,2019,103100,214800,317900
71003100949,2019,449000,32500,481500
70922433209,2019,132200,161800,294000
70919112080,2019,121200,237800,359000
70823303048,2019,80800,186100,266900
71021107133,2019,61000,130600,191600
70919222136,2019,96800,104600,201400
71034110090,2019,14200,120800,135000
70823314029,2019,148600,286900,435500
81026424127,2019,100,0,100
71012208023,2019,58500,189700,248200
70833302189,2019,210800,470400,681200
71007304084,2019,92400,232400,324800
70933204350,2019,175800,459300,635100
81033400772,2019,247000,422600,669600
80935109101,2019,75000,187000,262000
60812405616,2019,88200,209800,298000
70932406337,2019,80900,114100,195000
70835125167,2019,500,1500,2000
60801419313,2019,16600,191700,208300
70825209476,2019,6000,16000,22000
70931103017,2019,97200,130100,227300
71007310205,2019,0,0,0
70834308433,2019,125000,268700,393700
71034104150,2019,84400,230400,314800
81026207177,2019,4400,0,4400
70929307126,2019,83500,304100,387600
71007107222,2019,207600,391800,599400
70834103065,2019,146500,320800,467300
70932103404,2019,152400,238900,391300
71001402024,2019,0,0,0
70921105057,2019,99000,314800,413800
70921420091,2019,101200,371800,473000
70814102152,2019,0,0,0
71006113296,2019,58800,222300,281100
70835315221,2019,51900,359500,411400
70835321020,2019,73800,317200,391000
70921112169,2019,111100,256700,367800
81034307092,2019,44200,145100,189300
70932415213,2019,54300,106700,161000
71016402291,2019,59200,147500,206700
70919216014,2019,88400,171600,260000
60802115100,2019,20500,122700,143200
60812318083,2019,85300,241700,327000
70828426027,2019,0,0,0
71010116096,2019,58900,189800,248700
70824306207,2019,363000,2183000,2546000
70920420224,2019,114400,149200,263600
80925408159,2019,52700,81100,133800
70926102032,2019,93000,307400,400400
71035124016,2019,63900,206100,270000
70922401082,2019,66200,113600,179800
71005224185,2019,62400,159800,222200
70923167823,2019,6500,18500,25000
70835306080,2019,97100,190100,287200
71027409088,2019,56500,181900,238400
70932419033,2019,151000,231000,382000
71015213029,2019,3575200,2163700,5738900
70824414034,2019,11300,88700,100000
70922417146,2019,80200,161400,241600
70923156529,2019,5000,10000,15000
71016402100,2019,61800,143500,205300
70923167849,2019,0,0,0
70833401105,2019,235400,524700,760100
71012215474,2019,17700,241800,259500
71004311157,2019,54100,133500,187600
60811420079,2019,16000,178100,194100
70921301225,2019,111100,298900,410000
70836306039,2019,68500,210600,279100
70932422036,2019,48000,79000,127000
70919107164,2019,80000,109100,189100
71005402252,2019,47400,168500,215900
70921412105,2019,122800,254500,377300
70913201029,2019,570800,349500,920300
71011113190,2019,61500,242400,303900
70918102024,2019,550800,99200,650000
71010413038,2019,53700,143700,197400
70833301074,2019,116700,308300,425000
70924219053,2019,0,25000,25000
71027101056,2019,0,0,0
70828314181,2019,92400,452100,544500
81034407090,2019,67700,171900,239600
70828421142,2019,0,0,0
70813306127,2019,150000,343500,493500
70929302176,2019,71600,231900,303500
70836120033,2019,127800,450100,577900
70834207057,2019,82600,226500,309100
71011118314,2019,30500,234500,265000
60801202015,2019,95600,186500,282100
60801202205,2019,66100,170500,236600
70834205069,2019,79600,217800,297400
70914438019,2019,1100,5900,7000
71011113075,2019,71300,209500,280800
71005213055,2019,49000,0,49000
70913334028,2019,30600,272400,303000
70923162542,2019,8000,7000,15000
70922424018,2019,215600,246700,462300
81032107022,2019,46100,130100,176200
70930304020,2019,88000,252000,340000
60801408192,2019,77200,145600,222800
70836413032,2019,74700,171900,246600
60802302202,2019,88300,216200,304500
70826408035,2019,70500,170600,241100
70824402112,2019,99300,293500,392800
80925103121,2019,58400,171800,230200
70931301132,2019,120100,172500,292600
81023304596,2019,35600,141100,176700
70826421269,2019,0,4000,4000
81032301062,2019,24300,164100,188400
70821403030,2019,104500,342300,446800
70923126407,2019,96000,1000,97000
70921416066,2019,113300,334600,447900
80925123070,2019,12200,270900,283100
70921115155,2019,124400,393400,517800
70923411303,2019,35200,361800,397000
81021403225,2019,43700,165700,209400
70907301033,2019,121100,209700,330800
70826410379,2019,72000,174200,246200
70934401145,2019,214000,1000,215000
81026353095,2019,66000,168700,234700
70919303168,2019,102000,367600,469600
80925118112,2019,12900,213800,226700
70826404108,2019,0,0,0
70827201016,2019,142900,173300,316200
70923121184,2019,0,0,0
70913203132,2019,79000,259700,338700
70936409080,2019,61500,174900,236400
71003406123,2019,56000,226200,282200
70813326240,2019,147300,303400,450700
81026355520,2019,3800,0,3800
70834428083,2019,20300,185700,206000
70922345438,2019,154100,606900,761000
71014107140,2019,9600,190200,199800
71011407014,2019,87900,311300,399200
70824106102,2019,119400,150900,270300
71009106173,2019,518900,1099100,1618000
81030406046,2019,0,0,0
70816310092,2019,170400,382500,552900
70920407032,2019,127300,229400,356700
70813319120,2019,14300,100700,115000
80936210147,2019,63400,121900,185300
70929418098,2019,92700,220000,312700
60812329428,2019,13500,163100,176600
71005334041,2019,110100,265900,376000
81027206160,2019,446000,414000,860000
71021108024,2019,61000,129000,190000
80925113039,2019,12100,198800,210900
71010303164,2019,53000,197000,250000
70912404525,2019,134900,297000,431900
60811103279,2019,101200,238400,339600
81021309019,2019,25000,94500,119500
70822113050,2019,29600,313400,343000
71011113132,2019,71900,223000,294900
70929410044,2019,87300,288900,376200
60906201441,2019,71900,140700,212600
71005327096,2019,86700,250400,337100
80925120943,2019,800,1200,2000
70816308104,2019,167600,662200,829800
70828420029,2019,0,0,0
60803103138,2019,98600,174200,272800
70918309042,2019,104200,136800,241000
71010302083,2019,54600,134900,189500
70920222282,2019,16400,139500,155900
70928116015,2019,105300,273700,379000
70922409135,2019,127800,219000,346800
70923143667,2019,44900,312100,357000
80924445839,2019,400,1600,2000
70826417599,2019,21500,126700,148200
70920213116,2019,126000,392100,518100
71012215028,2019,17700,256200,273900
60812304074,2019,75500,284500,360000
70922229187,2019,196200,444900,641100
71020300986,2019,550000,1444000,1994000
71015108022,2019,61300,175600,236900
70836221013,2019,12800,133200,146000
70825403044,2019,0,0,0
70923174381,2019,3300,11700,15000
70912406109,2019,87400,243800,331200
71004405314,2019,46800,172000,218800
70829407092,2019,9300,0,9300
70918415047,2019,9500,33800,43300
70920418336,2019,153200,105700,258900
70923156404,2019,5000,10000,15000
70922307107,2019,132400,390400,522800
81021302245,2019,49400,181400,230800
60812121519,2019,77700,199700,277400
71015112065,2019,39900,235800,275700
60801109295,2019,66100,152600,218700
60903212160,2019,14100,68300,82400
81034329062,2019,29300,93800,123100
70919408322,2019,114100,309700,423800
71012216076,2019,67000,266700,333700
60801225033,2019,15000,134100,149100
60802115233,2019,20500,117600,138100
70914438548,2019,2200,22800,25000
70929406069,2019,99100,237000,336100
70836110183,2019,128300,386700,515000
80925414172,2019,52900,138200,191100
71030206033,2019,75000,121100,196100
70923143039,2019,44900,285700,330600
71003203107,2019,56100,186800,242900
70923165108,2019,47000,227400,274400
70931212298,2019,77500,254000,331500
60804105167,2019,118800,428200,547000
71002417204,2019,15500,0,15500
80925122949,2019,800,1200,2000
70932210142,2019,22600,87400,110000
81023207427,2019,33600,158000,191600
70913350636,2019,0,15000,15000
70834214854,2019,39200,0,39200
71003313021,2019,49300,148000,197300
70913407031,2019,336000,956000,1292000
60801313101,2019,73700,233300,307000
71011406024,2019,84900,234500,319400
81027301051,2019,0,0,0
70922438259,2019,96900,336200,433100
80926108253,2019,59000,126600,185600
71007216156,2019,98100,176400,274500
71021110029,2019,61000,157300,218300
70922426147,2019,171200,406900,578100
70923151016,2019,559000,536000,1095000
70913402271,2019,97300,374900,472200
70921109041,2019,119400,271000,390400
71011423010,2019,39500,0,39500
70912412099,2019,661800,78700,740500
71035200915,2019,410300,2500,412800
70923309053,2019,114700,423600,538300
70921420059,2019,101200,305700,406900
70923174894,2019,3300,11700,15000
71006446051,2019,3000,35000,38000
60802412225,2019,83200,231400,314600
70931310349,2019,93000,202000,295000
60905214015,2019,5600,58200,63800
70826416856,2019,18400,84600,103000
60801103114,2019,61600,138400,200000
60801411236,2019,72200,212700,284900
70823412097,2019,69200,224600,293800
71003115013,2019,21400,138500,159900
80926108146,2019,50800,164000,214800
80925111257,2019,53500,148200,201700
80925412275,2019,52400,185800,238200
70931102085,2019,148800,253600,402400
81021302394,2019,55200,124700,179900
70923163079,2019,44900,175500,220400
60802307963,2019,0,5000,5000
60903206064,2019,0,0,0
80924404869,2019,400,1600,2000
71005414067,2019,48000,115200,163200
70825301058,2019,0,0,0
60801312509,2019,74300,235700,310000
80924426996,2019,400,1600,2000
60902203029,2019,121000,761000,882000
70922313039,2019,117600,311200,428800
71007243018,2019,0,15000,15000
71011208131,2019,24000,168500,192500
71005402210,2019,47400,117200,164600
70913202168,2019,99400,268100,367500
70932420121,2019,120000,384000,504000
70834214482,2019,40800,411100,451900
70813320177,2019,14600,98800,113400
71004317246,2019,56400,148800,205200
70931415214,2019,69200,128500,197700
70822105198,2019,47400,182900,230300
71014203344,2019,62900,341000,403900
80923100997,2019,0,0,0
70929111056,2019,100000,350500,450500
81022101109,2019,1274900,2216000,3490900
60811412092,2019,83600,222800,306400
70918308987,2019,0,0,0
70935205041,2019,37700,85200,122900
70933403217,2019,96200,189700,285900
70923163798,2019,44900,109900,154800
60906209015,2019,57400,142000,199400
70926106159,2019,77400,146200,223600
70920309113,2019,120200,248800,369000
70912102012,2019,0,0,0
71005414041,2019,48000,102900,150900
70918204052,2019,154900,480100,635000
71007218037,2019,126400,311700,438100
71005222163,2019,70300,123800,194100
70932201133,2019,65300,179600,244900
70814422138,2019,0,0,0
80935104177,2019,56100,166000,222100
71002420017,2019,95000,610000,705000
71019404062,2019,92500,232500,325000
71002315135,2019,2700,0,2700
70823202232,2019,125500,344300,469800
71011127084,2019,71300,334100,405400
70918412168,2019,117400,121800,239200
70913214014,2019,101400,210600,312000
70924220448,2019,0,10000,10000
71005201076,2019,53100,115100,168200
70923170446,2019,1300,300,1600
70936403058,2019,65000,173000,238000
80924416137,2019,9900,140300,150200
70923153591,2019,1300,23700,25000
71003106103,2019,54300,161800,216100
71001316043,2019,64400,199300,263700
71004314177,2019,58500,161400,219900
80925123054,2019,12200,251400,263600
70913405192,2019,68500,470500,539000
70926416053,2019,46000,139800,185800
71034103326,2019,72700,244300,317000
70834211016,2019,78100,269300,347400
70920216376,2019,9200,94900,104100
70919414105,2019,110500,274900,385400
71009308191,2019,55900,139100,195000
81031419030,2019,25000,181000,206000
70816402162,2019,158100,353400,511500
71011124056,2019,56700,355500,412200
80936210098,2019,63700,107800,171500
70836105283,2019,74800,186400,261200
70834420097,2019,36000,189500,225500
80926105291,2019,50800,119500,170300
70919216163,2019,84700,0,84700
70913434216,2019,0,18000,18000
71008102031,2019,38000,130000,168000
70920220989,2019,0,0,0
70920108010,2019,129000,137600,266600
71007112164,2019,95600,222200,317800
81034324070,2019,30000,97900,127900
70926201131,2019,184000,288200,472200
70929104077,2019,114800,301400,416200
81031214191,2019,38500,98500,137000
70912437063,2019,9000,96600,105600
70923412335,2019,1700,16300,18000
60812110223,2019,78500,229900,308400
71005413283,2019,55300,88100,143400
81021304184,2019,44500,171800,216300
70920403220,2019,114400,209500,323900
60801109089,2019,66100,149600,215700
70923156800,2019,5000,10000,15000
81023209100,2019,0,1200,1200
70918319231,2019,20500,99700,120200
71005314069,2019,61400,194300,255700
71006129318,2019,44400,105300,149700
60811416333,2019,77200,203400,280600
70923163673,2019,44900,302100,347000
70922209048,2019,138100,379600,517700
81034414128,2019,69300,170900,240200
70922437251,2019,69400,246000,315400
71005224268,2019,63100,182000,245100
70923124097,2019,119000,399700,518700
70929106221,2019,82800,195100,277900
70918104111,2019,558700,444700,1003400
60904108037,2019,92900,174100,267000
81021409067,2019,53100,177600,230700
70822403013,2019,1265000,7240000,8505000
70924219706,2019,0,25000,25000
71028100966,2019,0,0,0
71002107772,2019,9500,177500,187000
60803112139,2019,103500,382400,485900
70913354092,2019,0,15000,15000
70821406141,2019,90900,320400,411300
70932418100,2019,54900,150600,205500
70922440080,2019,78200,211800,290000
81021105152,2019,61000,160000,221000
70928220014,2019,138200,359800,498000
71004302057,2019,50100,134900,185000
70813106163,2019,98300,252200,350500
70919306196,2019,110800,330500,441300
81022302351,2019,209000,1796400,2005400
70825101044,2019,220000,125000,345000
71015103155,2019,61500,153500,215000
70921306168,2019,157000,212200,369200
70913347592,2019,3200,19800,23000
70913106120,2019,100500,148100,248600
60802402135,2019,85100,209300,294400
81019300988,2019,70900,124300,195200
70922438358,2019,87000,286100,373100
81028401107,2019,1917000,7153000,9070000
70924220191,2019,0,10000,10000
70913201053,2019,383400,289800,673200
70920406109,2019,142600,228500,371100
70931416098,2019,86300,143100,229400
71010415240,2019,80500,226600,307100
70922325050,2019,132900,502800,635700
70923133428,2019,50400,206700,257100
60902100910,2019,400,0,400
81034105074,2019,75300,235500,310800
70834422051,2019,25500,182500,208000
71011121094,2019,34900,242400,277300
70834207031,2019,82600,192400,275000
70901113632,2019,17000,90800,107800
71014216420,2019,7500,127500,135000
71001205014,2019,17600,0,17600
71007226030,2019,93000,109000,202000
70814202150,2019,99400,270400,369800
70835125117,2019,500,1500,2000
71015111273,2019,45200,191800,237000
71012210060,2019,61100,198000,259100
60812203127,2019,83300,195200,278500
70835114037,2019,180500,293600,474100
70936308125,2019,0,0,0
60802311352,2019,106300,274900,381200
71009202129,2019,50800,140400,191200
60812308109,2019,0,0,0
70923201308,2019,2576200,74123800,76700000
70836418115,2019,61200,184400,245600
70921216151,2019,93200,325400,418600
71003120012,2019,23700,132300,156000
80924422712,2019,400,1600,2000
70914439017,2019,0,0,0
70923166198,2019,49600,270700,320300
70936200967,2019,220000,1022800,1242800
70923408079,2019,86200,182800,269000
70921412030,2019,150000,300300,450300
71002306035,2019,67700,237500,305200
81028105387,2019,59000,197300,256300
80935108327,2019,533400,251600,785000
70922404333,2019,127800,195800,323600
70816401239,2019,166900,426000,592900
70929411109,2019,87300,185600,272900
71016208011,2019,67700,161800,229500
70919106124,2019,72800,199900,272700
71006304077,2019,88000,244500,332500
71003301258,2019,46000,219200,265200
70814426198,2019,87500,342100,429600
70828319074,2019,13900,0,13900
80927402042,2019,72200,164800,237000
70922310093,2019,150200,296400,446600
60801416111,2019,77200,265500,342700
71006302196,2019,69200,147200,216400
80925110093,2019,54500,139500,194000
80925217097,2019,57400,142100,199500
70923136018,2019,21800,224300,246100
70822106039,2019,54200,185800,240000
71007112172,2019,131400,458600,590000
70813319287,2019,14300,120500,134800
70920307117,2019,111800,292400,404200
70826420427,2019,0,4000,4000
71009222060,2019,45900,197100,243000
70912410077,2019,504900,127600,632500
81031217161,2019,38500,76300,114800
70932101044,2019,156400,287400,443800
71007105078,2019,100700,258500,359200
70913434711,2019,0,1500,1500
70919110183,2019,127400,193800,321200
70922425074,2019,144800,483200,628000
70826418076,2019,18400,85600,104000
71007110209,2019,144300,408900,553200
71009305098,2019,68800,143800,212600
71011407048,2019,93700,289000,382700
71010210195,2019,59300,155200,214500
71003206127,2019,57300,220400,277700
70933206091,2019,227500,342500,570000
81034412130,2019,69100,171300,240400
80935108062,2019,453600,162100,615700
70922224088,2019,115700,386200,501900
81021302120,2019,44100,174100,218200
80924418935,2019,400,1600,2000
70836109227,2019,104500,242500,347000
71016114276,2019,55800,148200,204000
70923143021,2019,44900,587500,632400
81015108146,2019,62300,203400,265700
60801113171,2019,59500,111900,171400
71007113310,2019,79800,273400,353200
70930416148,2019,75600,225800,301400
70923160083,2019,8000,7000,15000
80924431771,2019,400,1600,2000
81021415022,2019,54100,135000,189100
80936111072,2019,13800,96600,110400
70813319170,2019,14000,101400,115400
70928101280,2019,96200,372300,468500
70930408038,2019,78800,230800,309600
81023301047,2019,1085800,4774000,5859800
70835124078,2019,500,1500,2000
70923147362,2019,8000,7000,15000
70919228142,2019,24100,295800,319900
80926114094,2019,18300,102000,120300
60802202064,2019,84400,201900,286300
70826410147,2019,72900,160600,233500
70836201015,2019,77100,196600,273700
70829102098,2019,75400,352200,427600
70828440051,2019,0,0,0
71004402170,2019,47400,166800,214200
70823211259,2019,86100,214700,300800
80924425112,2019,8600,166800,175400
71027203018,2019,324400,0,324400
70913324110,2019,0,0,0
70930105113,2019,73100,187100,260200
70813332057,2019,55500,258100,313600
81034310376,2019,82000,418000,500000
70922111011,2019,122000,360000,482000
81027107095,2019,36700,113300,150000
70929201055,2019,94800,181700,276500
70922439265,2019,88300,216000,304300
70922111095,2019,95800,248700,344500
70920103226,2019,136200,208200,344400
70826315058,2019,36500,224400,260900
80925410237,2019,55200,178200,233400
70924220216,2019,0,10000,10000
70926103337,2019,47100,145900,193000
60811116545,2019,18800,220500,239300
71006434197,2019,91000,444000,535000
71011303022,2019,55800,167200,223000
70826409025,2019,61300,157600,218900
71007224133,2019,0,0,0
70824408136,2019,100800,235900,336700
70835123187,2019,6500,71300,77800
71002316175,2019,9900,0,9900
60901202056,2019,60100,152300,212400
70914436295,2019,111800,782300,894100
70834210050,2019,72000,200500,272500
80936404047,2019,80000,1090000,1170000
70833119279,2019,99200,420800,520000
70929108087,2019,125700,266000,391700
71007309290,2019,88900,304900,393800
70930411255,2019,75600,267400,343000
60812305238,2019,79300,274200,353500
60802112354,2019,86200,184300,270500
81033400897,2019,37800,102800,140600
71014216181,2019,7500,88200,95700
70928310055,2019,105000,83000,188000
70928217160,2019,106400,190400,296800
60802409222,2019,64000,167900,231900
70923141835,2019,200,600,800
71006212163,2019,63500,239000,302500
70928209216,2019,97800,187000,284800
60811434038,2019,88000,195400,283400
70933201413,2019,166100,227500,393600
70918321682,2019,0,2000,2000
71005314184,2019,68000,241300,309300
70923152246,2019,28000,334500,362500
81026201020,2019,420000,1920000,2340000
70823305250,2019,82300,220000,302300
81021307138,2019,64600,193900,258500
60812103228,2019,79500,189000,268500
71006407144,2019,54100,241300,295400
71003208090,2019,53100,171600,224700
70833207115,2019,0,0,0
70824414290,2019,13900,115100,129000
80925121925,2019,800,1200,2000
70835303135,2019,78200,240500,318700
70821105024,2019,120500,281500,402000
70928218085,2019,92200,280100,372300
71011119031,2019,45300,248500,293800
71012217040,2019,68100,251900,320000
71011123024,2019,56900,258800,315700
71006127065,2019,57000,273000,330000
70813307117,2019,134300,353200,487500
71005223153,2019,50900,168800,219700
70835102016,2019,0,0,0
60802115192,2019,20500,128400,148900
70913414200,2019,0,0,0
60901103121,2019,59000,171900,230900
70918101026,2019,621400,331500,952900
70918312201,2019,264700,612000,876700
71007112015,2019,84200,279400,363600
71027411075,2019,78400,186600,265000
70920113142,2019,111900,354600,466500
81021106051,2019,53300,198600,251900
70926111166,2019,77400,160300,237700
80924420112,2019,9600,168900,178500
70919404031,2019,111100,243000,354100
71009223084,2019,45900,132600,178500
80924445863,2019,400,1600,2000
71011305383,2019,66200,199300,265500
70820110090,2019,100,0,100
81034205428,2019,62000,231100,293100
81034412122,2019,68800,208600,277400
70928107113,2019,140000,445000,585000
70922310077,2019,117900,441200,559100
70920218140,2019,400,14600,15000
70913204073,2019,29000,150000,179000
80926114028,2019,18300,135700,154000
70816407138,2019,119600,0,119600
60803105259,2019,103200,165800,269000
81033205049,2019,44000,156200,200200
70928320020,2019,144300,289900,434200
60904108079,2019,99300,220700,320000
70814307132,2019,146500,314800,461300
70836207196,2019,36000,163000,199000
70923146364,2019,8000,7000,15000
70923156173,2019,3300,11700,15000
81027401067,2019,1775900,0,1775900
71008108013,2019,29800,176200,206000
70826419834,2019,0,4000,4000
70923168243,2019,6500,18500,25000
71010400853,2019,79600,122500,202100
70829104143,2019,47400,312600,360000
71006123188,2019,35300,84500,119800
70923303021,2019,0,0,0
71010308205,2019,59400,143900,203300
71009208094,2019,50500,169700,220200
70932423109,2019,46700,113800,160500
60811106025,2019,103300,303800,407100
60801401328,2019,73200,202400,275600
70936305270,2019,60400,165900,226300
70921306142,2019,159000,243200,402200
81033204017,2019,64000,306000,370000
70923163847,2019,44900,282800,327700
71011114049,2019,71000,215500,286500
60801104146,2019,66100,146100,212200
60801219060,2019,71100,196000,267100
70823403260,2019,56500,189200,245700
60811303043,2019,82800,252900,335700
71011124113,2019,41300,215900,257200
70930302149,2019,347000,46000,393000
70828301047,2019,0,0,0
70919300974,2019,0,0,0
81033400938,2019,0,0,0
70814101261,2019,100600,258000,358600
70923132066,2019,96500,361100,457600
70923409184,2019,105900,241800,347700
71011207224,2019,32000,216000,248000
81033302069,2019,34300,125200,159500
71006101150,2019,54700,131600,186300
70929407083,2019,86700,200100,286800
70824408029,2019,106800,225100,331900
70835210174,2019,80300,188100,268400
70922216233,2019,193900,321900,515800
70833102167,2019,133600,342000,475600
70913320077,2019,191000,240000,431000
60902205017,2019,233900,406800,640700
70835305206,2019,79400,197600,277000
70917300968,2019,0,0,0
70929109168,2019,89900,277000,366900
70826405130,2019,69700,168800,238500
70828446067,2019,0,0,0
71005231221,2019,51700,135100,186800
70814418020,2019,0,0,0
70824412070,2019,105200,196400,301600
80924303996,2019,1500,0,1500
70824301182,2019,93100,203200,296300
71005401014,2019,106600,47300,153900
71005227220,2019,38400,153300,191700
70928202129,2019,88200,209800,298000
70920222315,2019,16400,155400,171800
60812103252,2019,79500,145000,224500
60801409132,2019,68900,159800,228700
71021222048,2019,72900,181800,254700
81029100055,2019,0,313800,313800
71034111030,2019,19000,115200,134200
81014303086,2019,32800,153300,186100
70928209258,2019,97800,269300,367100
70836105184,2019,69900,211200,281100
71006121174,2019,27200,105700,132900
71006430062,2019,109100,208000,317100
70920308115,2019,101800,198700,300500
80924310040,2019,64400,233200,297600
60811439179,2019,20000,183700,203700
70913348201,2019,8100,359100,367200
81034309212,2019,65700,133300,199000
70923148047,2019,4200,800,5000
71003411023,2019,52100,177700,229800
80924426970,2019,400,1600,2000
70922231116,2019,181900,539000,720900
70929404055,2019,87000,189100,276100
60801211107,2019,73800,164700,238500
70920214057,2019,15300,264700,280000
70824311339,2019,13500,114400,127900
81033208100,2019,471000,1091400,1562400
70933409017,2019,0,0,0
80925104426,2019,53600,170800,224400
60802115069,2019,20500,120300,140800
80925403323,2019,54300,147000,201300
70923122322,2019,237200,305800,543000
71010218181,2019,10900,113500,124400
70932203171,2019,62300,155700,218000
70815303014,2019,1535000,3165000,4700000
70814414044,2019,88800,242300,331100
60811412076,2019,78900,188500,267400
80924444823,2019,400,1600,2000
70826420063,2019,0,4000,4000
71006307295,2019,50100,205500,255600
81032430340,2019,109000,38500,147500
71006406287,2019,54100,225100,279200
81034116063,2019,67100,201100,268200
71016208029,2019,76600,138500,215100
60801411046,2019,74900,143400,218300
80924426037,2019,8600,166800,175400
70814410026,2019,86500,176300,262800
71010205112,2019,58600,156200,214800
70918204010,2019,263500,315300,578800
70814428251,2019,15200,163000,178200
80926112402,2019,53100,201700,254800
70921319046,2019,81500,301200,382700
71009218324,2019,52000,177100,229100
70813310144,2019,17300,171100,188400
71006440037,2019,18700,137200,155900
70919205083,2019,0,0,0
80936116022,2019,13800,94300,108100
70826419389,2019,0,4000,4000
71009407240,2019,63200,100800,164000
70931201093,2019,75900,153300,229200
70813310293,2019,11400,135600,147000
70913353086,2019,31800,163200,195000
60811103039,2019,97100,232900,330000
70816410016,2019,1727000,14422000,16149000
71010311399,2019,57400,162100,219500
60801406089,2019,24900,141700,166600
70932208121,2019,14200,126300,140500
60811102081,2019,98800,254800,353600
60801215183,2019,70000,199500,269500
70823408145,2019,48300,201100,249400
70814312420,2019,26100,257100,283200
70923142130,2019,44900,259000,303900
70823203016,2019,108300,296700,405000
70833205797,2019,26400,302900,329300
71005111275,2019,65100,127400,192500
80925304240,2019,74100,164500,238600
71010415208,2019,72500,205000,277500
70913346495,2019,178800,627200,806000
60812115025,2019,74600,187400,262000
70835207121,2019,88000,223800,311800
71007202080,2019,110100,371800,481900
60811112212,2019,104000,297700,401700
70820121013,2019,100,0,100
81028103125,2019,59300,158500,217800
81028121094,2019,8700,63800,72500
60802410039,2019,72200,144600,216800
71004404366,2019,53000,149200,202200
80925114962,2019,800,1200,2000
70929124786,2019,0,10000,10000
60801417086,2019,16300,206600,222900
71010105180,2019,59300,206300,265600
71019407016,2019,47500,173500,221000
60905112235,2019,49500,137200,186700
70922344068,2019,209800,529800,739600
70919112014,2019,123800,128300,252100
71014211016,2019,682000,8107000,8789000
71004316016,2019,0,0,0
81015105126,2019,57600,191100,248700
81034107096,2019,0,0,0
70913404152,2019,117100,295600,412700
80925308226,2019,70000,135500,205500
81031216105,2019,36400,132700,169100
81031402043,2019,35900,135600,171500
81034118019,2019,70100,141600,211700
81032309016,2019,43000,126000,169000
60812121064,2019,77600,229700,307300
71001324012,2019,77700,308800,386500
81033207269,2019,46700,118500,165200
70816322328,2019,17300,228900,246200
70921108100,2019,136800,352700,489500
70932411162,2019,78500,111400,189900
71011212033,2019,50600,246900,297500
71035107020,2019,68200,247800,316000
71027413120,2019,0,0,0
70918225090,2019,35600,140100,175700
70923141455,2019,200,3000,3200
70933204061,2019,163900,711000,874900
71022201083,2019,79000,8000,87000
70913126029,2019,15500,124200,139700
70913428110,2019,75300,209800,285100
71010312024,2019,53200,138300,191500
71014214432,2019,8100,140200,148300
70913309401,2019,83000,186400,269400
70912414029,2019,18500,149100,167600
70824219096,2019,171100,176000,347100
70926304018,2019,82100,226900,309000
81021302279,2019,65900,224700,290600
71011111011,2019,73500,165800,239300
70923160075,2019,8000,7000,15000
60802102074,2019,72100,178500,250600
70829105240,2019,69200,295600,364800
80925307195,2019,68500,127100,195600
71015303036,2019,717500,1887500,2605000
70935115133,2019,49900,171600,221500
70920105024,2019,106000,324000,430000
70922344034,2019,190700,671700,862400
70834205077,2019,81500,228800,310300
81026418039,2019,100,0,100
81021406021,2019,59200,172100,231300
70928219033,2019,99100,234100,333200
71002303148,2019,32500,217400,249900
70912443060,2019,9000,96200,105200
70928117245,2019,104300,279400,383700
70923132032,2019,96500,208900,305400
70931210078,2019,0,0,0
60906202093,2019,64700,160000,224700
71014214705,2019,8100,128900,137000
70836103013,2019,77100,173600,250700
70923152270,2019,28000,331600,359600
71005346062,2019,10000,207200,217200
70935301112,2019,66200,271000,337200
80924445897,2019,400,1600,2000
81014303242,2019,32800,157200,190000
70923315109,2019,57300,289300,346600
70928318075,2019,284100,514400,798500
70834402053,2019,142000,301000,443000
70931410173,2019,100900,153000,253900
71006446069,2019,3000,35000,38000
70836207261,2019,73700,209800,283500
70833302056,2019,167400,532000,699400
81026368036,2019,100,0,100
70826406071,2019,70100,196800,266900
80925408068,2019,52900,118800,171700
70928205131,2019,97800,258300,356100
70824213147,2019,107500,224200,331700
60812325012,2019,18800,162700,181500
71005231247,2019,64700,123700,188400
71015201165,2019,81600,195500,277100
71010410076,2019,51900,159500,211400
70820111171,2019,100,0,100
71007223028,2019,86500,236100,322600
70932110029,2019,133700,289000,422700
71009313231,2019,68100,200200,268300
60802402094,2019,69700,142100,211800
70913317058,2019,123000,524500,647500
70813314071,2019,12600,203400,216000
60906111054,2019,66200,129900,196100
70913433367,2019,9900,223100,233000
70821217150,2019,0,0,0
71005405115,2019,41900,123000,164900
71011123040,2019,53000,247300,300300
70935111032,2019,50600,114400,165000
70814428178,2019,15200,156000,171200
81030210091,2019,53400,113200,166600
80925214184,2019,56100,127200,183300
70814101279,2019,111600,237500,349100
71004405041,2019,48000,168100,216100
70923124021,2019,122800,165200,288000
70919223142,2019,96800,191400,288200
70928117039,2019,552000,168000,720000
60811419220,2019,89300,213500,302800
71006105061,2019,65500,174800,240300
71005213138,2019,49400,112000,161400
71016205033,2019,62700,156300,219000
71011120244,2019,52800,262900,315700
70931203031,2019,84100,173700,257800
70913207259,2019,113500,179100,292600
70813331108,2019,55500,258100,313600
70930102078,2019,84600,183200,267800
80924423736,2019,400,1600,2000
70825200945,2019,484000,3791000,4275000
70836213789,2019,11600,117400,129000
80924421962,2019,400,1600,2000
70913341049,2019,21300,334500,355800
70834418050,2019,16400,107300,123700
70926114053,2019,78400,159600,238000
70926401244,2019,85300,77900,163200
71003212083,2019,53100,144600,197700
70920217069,2019,12700,321000,333700
71016202203,2019,107800,148700,256500
70931305209,2019,92500,134400,226900
60902206081,2019,200000,0,200000
70814403211,2019,103800,168100,271900
70822106138,2019,52100,165300,217400
70914410265,2019,1376000,14288000,15664000
80926107271,2019,54300,141700,196000
70814206087,2019,116100,333100,449200
70836412133,2019,70900,180400,251300
70824203271,2019,111300,338500,449800
70826419123,2019,0,4000,4000
70935103146,2019,44500,89700,134200
70922217132,2019,179100,354400,533500
70930202068,2019,0,0,0
70918406096,2019,141300,156700,298000
70935107114,2019,7500,102500,110000
71007302111,2019,104000,306100,410100
70918409149,2019,176700,151400,328100
71006426011,2019,50500,1287500,1338000
70932408127,2019,77000,85200,162200
71005227121,2019,91300,136600,227900
70926101092,2019,80000,254800,334800
71010105297,2019,50400,160600,211000
70836403265,2019,73100,156800,229900
71003103068,2019,54300,244600,298900
70922434132,2019,106200,593800,700000
80924442992,2019,400,1600,2000
71003316083,2019,57300,179600,236900
71006405205,2019,68000,280800,348800
71009407258,2019,63200,142700,205900
70926412217,2019,45600,103700,149300
71015115192,2019,53200,214100,267300
81019307025,2019,62900,175900,238800
70920408212,2019,129500,99600,229100
81032301187,2019,29000,168600,197600
70913110189,2019,95700,272700,368400
60812106248,2019,0,0,0
70921112200,2019,124400,361600,486000
60801201083,2019,63900,246600,310500
70913209346,2019,96500,146000,242500
70826417953,2019,21500,110800,132300
70928207054,2019,89900,137900,227800
71009204042,2019,48000,142300,190300
70931202413,2019,74800,147500,222300
80924304134,2019,73200,242300,315500
71023402052,2019,0,0,0
60901203012,2019,61300,160800,222100
70931202463,2019,67600,230500,298100
70923170470,2019,2100,500,2600
70929105075,2019,98500,266700,365200
70814401025,2019,87100,222100,309200
71003415249,2019,86500,169800,256300
60802310057,2019,103300,271700,375000
70823110112,2019,89900,188100,278000
60801404249,2019,76700,256000,332700
70913434315,2019,0,18000,18000
70914420157,2019,240000,1003000,1243000
70921407130,2019,142900,391800,534700
71005215027,2019,47100,129200,176300
71009308208,2019,66400,138800,205200
80924416921,2019,400,1600,2000
71009108054,2019,45100,177700,222800
70923143980,2019,44900,276400,321300
60903211104,2019,17400,94100,111500
70923145035,2019,8000,7000,15000
81021106241,2019,60900,173700,234600
70822110030,2019,53500,155400,208900
60801404174,2019,70400,299000,369400
70834201108,2019,159200,573500,732700
60906114040,2019,57900,172400,230300
70824218056,2019,221100,346500,567600
70918215091,2019,71500,196900,268400
70816401312,2019,171700,474300,646000
70814201053,2019,108500,275300,383800
70833409159,2019,46200,193800,240000
70833111093,2019,86800,210800,297600
70920123927,2019,500,2500,3000
71016403075,2019,62400,145600,208000
70919107263,2019,123800,170700,294500
70924220232,2019,0,10000,10000
70813401018,2019,0,0,0
70923150638,2019,41200,307800,349000
71001319039,2019,67500,197400,264900
70923148683,2019,4200,800,5000
71006308053,2019,66000,166000,232000
71003204189,2019,53100,150100,203200
60812108129,2019,82000,181400,263400
60801411377,2019,77300,221700,299000
70828401053,2019,0,0,0
71007208228,2019,65300,147200,212500
71006421334,2019,49700,243500,293200
71002401025,2019,73400,190900,264300
70923211092,2019,314000,175000,489000
70834209087,2019,74500,255200,329700
71011222058,2019,18500,175100,193600
81026426090,2019,1000,0,1000
71006132014,2019,65100,159800,224900
71009404121,2019,63300,99900,163200
71001325242,2019,24900,141500,166400
71014203328,2019,62900,166500,229400
81028302058,2019,54000,586000,640000
71003408111,2019,50800,202400,253200
71008108922,2019,1100,8900,10000
70923171139,2019,2300,1300,3600
71007202147,2019,75700,314200,389900
70929415028,2019,83000,221600,304600
60811406128,2019,75400,248600,324000
70835103121,2019,98700,245600,344300
70920416041,2019,137200,131200,268400
71004401289,2019,51700,155100,206800
71003306133,2019,53800,149400,203200
71019407173,2019,79400,92100,171500
71009416019,2019,52000,213000,265000
70833121191,2019,96700,293300,390000
60801313250,2019,71800,241100,312900
60802404082,2019,72100,162800,234900
81031422041,2019,369000,1728000,2097000
81026367012,2019,3700,0,3700
81034413237,2019,66600,204400,271000
70824310349,2019,14100,148100,162200
70922204056,2019,110900,307000,417900
70923173424,2019,3300,5900,9200
71009224024,2019,40900,132800,173700
70926111116,2019,78200,134500,212700
71006415064,2019,49000,941000,990000
71005409266,2019,41900,121300,163200
71011206135,2019,36100,249900,286000
71005316130,2019,67400,224800,292200
60812313207,2019,33100,189200,222300
60801407011,2019,70700,163500,234200
80924444815,2019,400,1600,2000
70923150547,2019,62000,389000,451000
71016203227,2019,66800,277700,344500
70822104041,2019,113600,282800,396400
81032107056,2019,0,0,0
60801311189,2019,75100,253500,328600
70926403076,2019,80600,69400,150000
70813317075,2019,132000,614000,746000
70923164613,2019,44900,711100,756000
70923174927,2019,3300,11700,15000
60812323181,2019,28500,171700,200200
70922417120,2019,86200,174400,260600
70923124394,2019,129400,225400,354800
70920220252,2019,0,5000,5000
70932415031,2019,53000,120400,173400
70922424208,2019,136300,128500,264800
71005409050,2019,50900,163100,214000
70928306062,2019,91100,69000,160100
70932411253,2019,74000,60400,134400
70913113125,2019,77000,296300,373300
70926406038,2019,80800,114900,195700
71010110098,2019,56000,224800,280800
70926420020,2019,24500,82200,106700
71005402145,2019,39100,173200,212300
81031407134,2019,40000,239700,279700
80924416913,2019,400,1600,2000
70930416198,2019,75600,349400,425000
71006128302,2019,50200,153700,203900
70835117049,2019,12400,108400,120800
70816414274,2019,13100,226900,240000
70826313177,2019,74700,236700,311400
60811402043,2019,79000,185200,264200
70929123390,2019,10400,199000,209400
70930104149,2019,76100,206800,282900
71001320177,2019,64400,211500,275900
70923202025,2019,53000,727000,780000
81028110196,2019,43700,155300,199000
80924411731,2019,400,1600,2000
70922233063,2019,115200,235300,350500
70821216136,2019,0,0,0
81027111070,2019,36700,108700,145400
70824308154,2019,16000,154000,170000
70823107325,2019,89000,174600,263600
71010209213,2019,55400,162500,217900
70922405307,2019,127800,244200,372000
70814308049,2019,117000,345700,462700
71016403116,2019,65000,142200,207200
70918318019,2019,66600,151700,218300
71010101203,2019,57500,239500,297000
70922339168,2019,114100,335500,449600
71002422013,2019,55000,148500,203500
71006103073,2019,58300,103600,161900
70814428102,2019,15200,158900,174100
60904110206,2019,96500,208800,305300
70826211496,2019,11700,51100,62800
70912404426,2019,131500,279500,411000
60812307185,2019,101300,247900,349200
80926206172,2019,65500,185000,250500
71003402139,2019,46800,151700,198500
70922343119,2019,183200,356800,540000
71006309093,2019,69200,154800,224000
71008105142,2019,40400,175100,215500
70923166370,2019,84700,292800,377500
60811420061,2019,18600,194800,213400
71009411085,2019,63800,133900,197700
81032103187,2019,26200,154300,180500
80926203061,2019,65000,174000,239000
70922346577,2019,0,15000,15000
60802101167,2019,76000,264000,340000
81033205065,2019,46200,116600,162800
71003313063,2019,49300,197600,246900
81019304071,2019,58500,170700,229200
71003314285,2019,46800,131100,177900
70920304262,2019,97300,220900,318200
70929108102,2019,115300,316100,431400
70920412106,2019,143100,81900,225000
70923143378,2019,44900,322300,367200
70826406063,2019,69400,159600,229000
80925121850,2019,800,1200,2000
70826100996,2019,4300000,7820000,12120000
70823305284,2019,82300,166700,249000
70815101038,2019,1557000,9143000,10700000
70929305112,2019,88700,291900,380600
71006128146,2019,51400,181500,232900
80924426821,2019,400,1600,2000
80925210215,2019,54900,151500,206400
81031402192,2019,35900,109100,145000
70919200984,2019,0,0,0
70828401095,2019,0,0,0
70921403245,2019,142900,430000,572900
70913416256,2019,214100,279500,493600
70836407100,2019,55100,138300,193400
80924304150,2019,71200,291700,362900
60811402374,2019,210000,1115000,1325000
60811421069,2019,18600,196800,215400
70826420956,2019,0,4000,4000
70826408077,2019,0,0,0
70923138022,2019,21100,230300,251400
71005311015,2019,63200,129700,192900
71007216297,2019,0,0,0
70913106196,2019,114200,151500,265700
70823202117,2019,123500,327200,450700
70932116093,2019,129500,217800,347300
81035108093,2019,9300,0,9300
70913314195,2019,0,0,0
60802412423,2019,50000,186800,236800
70923145126,2019,8000,7000,15000
80925401038,2019,56100,122900,179000
71003213304,2019,89000,351000,440000
70926409248,2019,176000,520000,696000
71005412087,2019,41400,86600,128000
70836104087,2019,66000,182200,248200
70921219022,2019,128900,284100,413000
81014303127,2019,32800,143800,176600
70816309079,2019,182500,470300,652800
70932415049,2019,53000,110100,163100
70923145415,2019,8000,7000,15000
70836302110,2019,67200,183500,250700
71009216047,2019,45900,147200,193100
60812214223,2019,19100,183600,202700
60801103049,2019,53400,158600,212000
70928210081,2019,97800,345600,443400
81032308141,2019,49500,196900,246400
81032419170,2019,48200,120300,168500
80925123989,2019,800,1200,2000
70919411317,2019,110000,295500,405500
70824304061,2019,94300,261300,355600
71011213015,2019,48000,204100,252100
71009320319,2019,63000,78500,141500
70923159036,2019,8000,7000,15000
71004404192,2019,60600,149900,210500
71010209247,2019,59800,147400,207200
70834306049,2019,143700,342900,486600
71011128074,2019,74000,230100,304100
71010407081,2019,60100,188600,248700
70933301172,2019,83800,122600,206400
70921203017,2019,352000,548000,900000
70913434422,2019,0,18000,18000
70824208099,2019,171100,251900,423000
60904113391,2019,96600,238800,335400
71034105471,2019,55400,199700,255100
70935113103,2019,51200,107300,158500
60802115407,2019,20500,120300,140800
70932404084,2019,95000,185000,280000
70929201013,2019,83100,169500,252600
60811116371,2019,18800,214900,233700
70828119200,2019,97600,177400,275000
70913354307,2019,0,15000,15000
70930408244,2019,75800,243000,318800
71002308081,2019,59300,224100,283400
70929124330,2019,0,10000,10000
71022305182,2019,549000,1090000,1639000
81028121036,2019,10800,93400,104200
81034107632,2019,63700,156500,220200
81034312059,2019,0,0,0
70921407198,2019,142900,265700,408600
70815305078,2019,172100,340500,512600
71027413039,2019,53900,144100,198000
71006421293,2019,50200,188100,238300
71001323014,2019,66200,192100,258300
70914420016,2019,581000,545000,1126000
70923161023,2019,8000,7000,15000
81031226063,2019,47400,121600,169000
71034101263,2019,57100,143300,200400
70928221137,2019,103700,237600,341300
60802102165,2019,65300,226200,291500
70828316195,2019,100,0,100
70813108044,2019,111500,142600,254100
70922112217,2019,715000,12152000,12867000
71005229151,2019,48500,116800,165300
60801119062,2019,60200,200200,260400
70923162295,2019,8000,7000,15000
70824412046,2019,102700,205900,308600
70835303094,2019,78200,230600,308800
70826421871,2019,0,4000,4000
70836116016,2019,67000,202900,269900
71010204031,2019,58000,133900,191900
70814419127,2019,15200,157400,172600
71009403165,2019,64100,167900,232000
71005410263,2019,56300,130000,186300
71009415087,2019,65300,97800,163100
70932406311,2019,77800,96800,174600
71006126223,2019,0,0,0
71016110175,2019,61100,91100,152200
70918212237,2019,92400,223400,315800
71007225040,2019,99200,114800,214000
81030308060,2019,63100,118800,181900
60802417225,2019,70700,181400,252100
70828412050,2019,0,0,0
70923145184,2019,8000,7000,15000
71030213070,2019,88500,201200,289700
80936202087,2019,56900,139800,196700
71019404088,2019,106100,89900,196000
71009306054,2019,69300,100700,170000
71007228028,2019,99200,144200,243400
70920307076,2019,104700,219800,324500
80925306139,2019,63900,119800,183700
71010301085,2019,53600,128800,182400
60802115126,2019,20500,117600,138100
70822414599,2019,11800,104800,116600
71016119101,2019,65100,138000,203100
60905113019,2019,52300,93900,146200
71012208049,2019,58500,190600,249100
81026350108,2019,3700,0,3700
70929221269,2019,96300,287500,383800
70828316244,2019,100,0,100
71014304209,2019,57600,243200,300800
70829408066,2019,9700,0,9700
60904101362,2019,82900,232100,315000
70923175181,2019,3300,11700,15000
60801308045,2019,75500,154400,229900
70929119125,2019,94400,288700,383100
70826201174,2019,497000,1122000,1619000
70918409165,2019,176700,133800,310500
70932102068,2019,131700,318800,450500
71035101022,2019,73500,265000,338500
60812313702,2019,22900,183900,206800
70814415018,2019,90200,275500,365700
60906208075,2019,60300,153500,213800
70919403158,2019,125100,301000,426100
70814404037,2019,84700,169900,254600
70926202030,2019,178600,332700,511300
70922320274,2019,121800,362600,484400
71006134119,2019,52100,147800,199900
70923149300,2019,7300,14700,22000
81028111095,2019,55400,180700,236100
70920216467,2019,12900,480000,492900
70928316045,2019,154700,510500,665200
70923174084,2019,3300,11700,15000
70814428061,2019,15200,184800,200000
71001309147,2019,58000,169300,227300
70924219970,2019,0,25000,25000
70914412071,2019,453000,197000,650000
70923406031,2019,132000,376900,508900
80926402960,2019,55200,101300,156500
71015204086,2019,48600,121700,170300
70912447038,2019,9000,91300,100300
70936407282,2019,60400,154600,215000
80936123027,2019,50900,161000,211900
70824309095,2019,14100,153800,167900
70918319794,2019,20500,99500,120000
71010303156,2019,63000,126000,189000
60903201410,2019,0,0,0
71010305095,2019,53600,151600,205200
70928224058,2019,91900,190000,281900
71006203021,2019,0,0,0
70814428368,2019,15200,163000,178200
70929305170,2019,79700,194100,273800
71004402063,2019,46800,179100,225900
80927402133,2019,72200,60100,132300
70926102115,2019,81300,219800,301100
71009221070,2019,57100,194900,252000
70833304036,2019,166900,795100,962000
70926201339,2019,124600,132200,256800
60801114046,2019,56200,154300,210500
70826419579,2019,0,4000,4000
71011118489,2019,30500,240500,271000
81034205121,2019,68800,221800,290600
71034111048,2019,17300,136700,154000
80924444790,2019,400,1600,2000
70833108032,2019,68200,255800,324000
71004313038,2019,58500,158700,217200
60906203249,2019,0,0,0
71021213047,2019,61000,184000,245000
80936205049,2019,63300,119200,182500
70921411131,2019,122800,496200,619000
71007302294,2019,64200,308800,373000
70914418029,2019,503000,617000,1120000
70921208067,2019,90100,291900,382000
70918401278,2019,350700,644100,994800
71005312055,2019,60900,186600,247500
70836110240,2019,96900,213400,310300
71005339140,2019,106300,327400,433700
60904111303,2019,89600,279800,369400
71007305090,2019,108700,146300,255000
81030302012,2019,261000,347000,608000
70923176022,2019,605000,372000,977000
81032106991,2019,0,876600,876600
70814422097,2019,96800,268700,365500
71012207116,2019,58400,198700,257100
81032414203,2019,45400,146900,192300
70929104118,2019,97200,300100,397300
70913103093,2019,95100,115700,210800
70814430397,2019,19700,212000,231700
71034109176,2019,61300,157300,218600
70901105275,2019,47300,119300,166600
70931103140,2019,104500,145900,250400
70826408043,2019,67500,170700,238200
80925118724,2019,800,1200,2000
81026342048,2019,52700,0,52700
80924427928,2019,400,1600,2000
70918319075,2019,20500,102000,122500
60801407186,2019,84600,205200,289800
70928214140,2019,99700,264600,364300
70923174357,2019,3300,11700,15000
70922312130,2019,101800,375000,476800
70828302029,2019,0,0,0
70824415230,2019,11300,71900,83200
70826403225,2019,0,0,0
70913337907,2019,4000,11000,15000
70919228051,2019,24100,323700,347800
70826209061,2019,1564000,8676800,10240800
70929408099,2019,90200,271400,361600
70930409036,2019,75300,221500,296800
70829107030,2019,75700,287600,363300
70834214929,2019,42300,0,42300
70918303052,2019,75400,180600,256000
60812222028,2019,26200,175900,202100
70913350305,2019,0,15000,15000
60801113121,2019,56500,157200,213700
70834309069,2019,25500,0,25500
70928109234,2019,108400,347100,455500
60901203153,2019,58400,148000,206400
60812108187,2019,78500,183600,262100
70920404210,2019,114400,244600,359000
71016400922,2019,317500,785500,1103000
71002101055,2019,99600,177800,277400
80924420831,2019,400,1600,2000
70923170157,2019,2500,700,3200
71035105032,2019,75900,221100,297000
71035207458,2019,43900,185000,228900
70920107179,2019,126600,145200,271800
70921408253,2019,122800,222000,344800
70932305034,2019,55200,130000,185200
70923173896,2019,3300,5900,9200
70923140291,2019,1500,13500,15000
70923307106,2019,154400,180400,334800
70929204025,2019,104700,250200,354900
80935106199,2019,77800,222000,299800
60811301063,2019,87300,187900,275200
70835308052,2019,80300,211100,291400
70836111082,2019,77900,148400,226300
70828122055,2019,86700,173300,260000
70816311066,2019,34400,0,34400
70826421946,2019,0,4000,4000
71010103035,2019,59100,203000,262100
71009226012,2019,62000,0,62000
70923411460,2019,31100,283900,315000
81027109067,2019,36700,109400,146100
60901201058,2019,59200,134500,193700
70835105044,2019,14400,86600,101000
70923206176,2019,1851000,15719000,17570000
70816313103,2019,137300,38500,175800
70923131167,2019,108200,185800,294000
70923160265,2019,8000,7000,15000
70918303010,2019,77900,129900,207800
70815102028,2019,1040000,4625000,5665000
71009403173,2019,65100,168200,233300
80925305149,2019,63900,133000,196900
71003320232,2019,48400,181600,230000
71005320165,2019,90400,212500,302900
71006401154,2019,65100,160400,225500
81034318015,2019,30000,139500,169500
70913210343,2019,12000,99000,111000
80924407160,2019,7600,121700,129300
70932112108,2019,92200,244900,337100
80925104137,2019,57600,120500,178100
71007228060,2019,94200,206600,300800
70926201058,2019,172400,330900,503300
71016408091,2019,63600,175600,239200
60812203078,2019,78500,146300,224800
71005209038,2019,0,0,0
70828113153,2019,88900,173600,262500
70816406239,2019,167900,412100,580000
81031303085,2019,23500,68500,92000
70933411012,2019,869000,3891000,4760000
71012206126,2019,63000,234400,297400
71009319023,2019,69800,149400,219200
70823311265,2019,13100,141200,154300
60906203158,2019,0,0,0
70919109079,2019,89400,235000,324400
81023207302,2019,33600,141800,175400
70931204047,2019,74800,143700,218500
70923163326,2019,44900,205000,249900
71009216138,2019,47300,132100,179400
70820115066,2019,116000,0,116000
70923174688,2019,3300,11700,15000
71006406013,2019,62900,137100,200000
60802110069,2019,67500,203300,270800
70936309016,2019,61300,172000,233300
71004402097,2019,47000,163700,210700
70925301180,2019,667000,4141700,4808700
81030204226,2019,49000,110500,159500
71034101049,2019,76400,172300,248700
60812313364,2019,33100,194100,227200
70930104339,2019,82000,227800,309800
60803113012,2019,99800,320400,420200
70836407176,2019,59400,148100,207500
70930416015,2019,75600,303500,379100
80935108385,2019,652700,13000,665700
71010413244,2019,54000,140900,194900
70918401137,2019,471100,127100,598200
70835101191,2019,0,0,0
70923168011,2019,6500,18500,25000
81030210190,2019,52800,137400,190200
71011108472,2019,30000,240900,270900
80924435864,2019,400,1600,2000
80925112700,2019,800,1200,2000
71034105380,2019,70100,200000,270100
70936305139,2019,62300,135100,197400
80925216023,2019,57600,131300,188900
70912439027,2019,9000,91300,100300
71002438010,2019,54200,234600,288800
71007314033,2019,93300,254000,347300
60903208234,2019,14900,97000,111900
81021106126,2019,61800,177200,239000
71009301012,2019,68700,107300,176000
70928120024,2019,41300,214500,255800
70932110194,2019,134100,208000,342100
70918217013,2019,117100,315000,432100
71035207474,2019,43900,208100,252000
70932210126,2019,22600,87400,110000
60811111016,2019,108300,272200,380500
70922437277,2019,69400,290800,360200
70821212051,2019,0,0,0
70823208264,2019,148300,343400,491700
81033401077,2019,1490700,1371300,2862000
70929106289,2019,101700,191100,292800
70928106222,2019,104300,184200,288500
81030204185,2019,49600,116800,166400
71007309133,2019,96100,55900,152000
70922202050,2019,78000,377000,455000
81026204082,2019,0,0,0
71015206355,2019,74500,211200,285700
70913429192,2019,15400,294500,309900
81032424195,2019,32000,131200,163200
70928321143,2019,145500,263200,408700
71003412071,2019,50600,199900,250500
70918410203,2019,123200,137000,260200
70932113130,2019,90500,132100,222600
70928201139,2019,90600,272400,363000
71014307211,2019,55900,241600,297500
71003213065,2019,53100,149100,202200
81035108069,2019,62700,0,62700
81034116047,2019,67000,223600,290600
70913420025,2019,0,0,0
70919204118,2019,89000,205600,294600
70931409085,2019,88300,273400,361700
70914432045,2019,72000,185500,257500
70913434836,2019,0,3000,3000
70922312122,2019,105400,276100,381500
70823209220,2019,137300,328100,465400
71007243414,2019,0,15000,15000
71006440821,2019,0,4000,4000
70928107072,2019,108400,316600,425000
81034408262,2019,68400,245800,314200
60801314191,2019,127000,1868000,1995000
60812404056,2019,79500,192100,271600
70920301218,2019,143700,337000,480700
70918304050,2019,74800,136300,211100
70923153632,2019,1300,23700,25000
60804211013,2019,15600,0,15600
81032104052,2019,23300,186400,209700
70921113068,2019,124400,282200,406600
71021211025,2019,62500,156700,219200
70926209078,2019,138000,620800,758800
70920219445,2019,0,0,0
70928102014,2019,77600,456400,534000
70836417266,2019,60900,184400,245300
70833402111,2019,135500,293000,428500
70921306225,2019,156100,477900,634000
81034325101,2019,30000,104100,134100
70913128041,2019,12000,175000,187000
80925125050,2019,12900,274900,287800
70914438366,2019,2200,22800,25000
80924405031,2019,19500,195900,215400
70913346031,2019,78000,312000,390000
71004305209,2019,52800,185000,237800
71010209065,2019,59600,165900,225500
71007214019,2019,84600,130100,214700
70923411171,2019,35200,361800,397000
70919303150,2019,115200,249600,364800
70929124083,2019,0,10000,10000
70833210100,2019,119900,267000,386900
70935101215,2019,28000,0,28000
70814302132,2019,109800,220200,330000
70921122085,2019,121200,266900,388100
70816301059,2019,166700,576900,743600
70914438316,2019,2200,22800,25000
80936206039,2019,55600,165000,220600
81026349127,2019,41100,248800,289900
60811421100,2019,19000,205200,224200
71021218055,2019,61500,150100,211600
80924101085,2019,85500,284600,370100
71002107780,2019,9500,109300,118800
60904105281,2019,83200,185200,268400
70923173127,2019,3300,11700,15000
81027110056,2019,36700,108800,145500
70920402347,2019,128500,232000,360500
70927107122,2019,23200,186900,210100
60812325195,2019,17100,107400,124500
80926112113,2019,54800,137700,192500
70920108143,2019,107100,232500,339600
70834403209,2019,86600,152500,239100
60811117105,2019,19100,179600,198700
70935107057,2019,46700,64700,111400
80935102254,2019,0,0,0
60801414256,2019,81000,239300,320300
71005215043,2019,53100,126900,180000
71005212164,2019,49000,155700,204700
71008108980,2019,1100,8900,10000
81034310342,2019,68500,234100,302600
70921207100,2019,220000,1791000,2011000
70923126019,2019,104800,250500,355300
71001415019,2019,58800,246200,305000
70824108091,2019,119400,225400,344800
71014213260,2019,62900,252400,315300
70936313033,2019,30700,87700,118400
70923174480,2019,3300,11700,15000
70913433226,2019,8100,190900,199000
70826310115,2019,106300,308300,414600
60903202145,2019,88900,203200,292100
71004402154,2019,49700,149300,199000
70924201274,2019,118300,148700,267000
71005206133,2019,78000,115900,193900
70824303154,2019,99100,235400,334500
70921319062,2019,81000,208400,289400
71008108071,2019,40000,322500,362500
70923307122,2019,65200,199900,265100
70913202027,2019,111400,288900,400300
71015107090,2019,61300,178500,239800
70827301014,2019,0,0,0
70923161338,2019,8000,7000,15000
70822105099,2019,116400,323900,440300
80925107272,2019,49900,135400,185300
70920307208,2019,109700,210000,319700
71011108498,2019,30000,240900,270900
81023209209,2019,0,1200,1200
70836405287,2019,63400,143700,207100
71003409101,2019,50500,169700,220200
81031408116,2019,39300,73500,112800
70826311064,2019,101900,401300,503200
80925105101,2019,50800,124700,175500
71010110212,2019,56000,226600,282600
70932406345,2019,81300,136300,217600
71005224234,2019,63100,145200,208300
70928117229,2019,103700,299800,403500
81032414104,2019,48000,133000,181000
70912442062,2019,9000,91300,100300
70814428342,2019,15200,156100,171300
70922426064,2019,96400,258800,355200
70913331074,2019,117500,128800,246300
80925306387,2019,74600,119400,194000
70922430239,2019,73900,254000,327900
70823304153,2019,78100,162300,240400
70921113109,2019,124400,295600,420000
70928102155,2019,99700,359300,459000
70913207019,2019,102800,247400,350200
70828104053,2019,100800,228700,329500
70923145019,2019,8000,7000,15000
71035118093,2019,64300,239200,303500
71005232089,2019,47200,85100,132300
70913307207,2019,166000,281000,447000
71016102057,2019,27500,0,27500
80925412225,2019,48900,134000,182900
80924425740,2019,400,1600,2000
81031216121,2019,24300,150700,175000
71035116071,2019,67000,236200,303200
71009406094,2019,68700,136300,205000
70828420087,2019,0,0,0
70923413185,2019,1700,16300,18000
60903207343,2019,88000,458000,546000
70932206084,2019,84100,127900,212000
71005302139,2019,57800,148700,206500
80936412090,2019,73700,130700,204400
80925216205,2019,57900,130600,188500
71005223103,2019,62900,152700,215600
70918320311,2019,20500,137300,157800
70920117269,2019,136300,72800,209100
71006312327,2019,75000,190000,265000
71014209029,2019,55100,178100,233200
70925301023,2019,1023000,8555800,9578800
70923150802,2019,72600,525400,598000
71035203133,2019,69000,217200,286200
80936116064,2019,13800,111200,125000
70921215054,2019,135500,314100,449600
81028404119,2019,59200,153800,213000
71005303070,2019,59700,191300,251000
71019405119,2019,71200,213800,285000
60812101016,2019,78800,162800,241600
71002444067,2019,100,0,100
60801115086,2019,60300,178300,238600
70826420188,2019,0,4000,4000
80925403076,2019,58600,174200,232800
70816323087,2019,195200,447300,642500
70814419028,2019,15200,181000,196200
70931415181,2019,70300,131100,201400
70821206054,2019,106000,294000,400000
60801104055,2019,0,0,0
70826211511,2019,11700,61600,73300
70913223099,2019,8200,406700,414900
70824220035,2019,98600,326900,425500
81028118091,2019,10800,94600,105400
70918415633,2019,9500,33800,43300
70921112177,2019,111100,283400,394500
80925403050,2019,56400,155500,211900
70834215034,2019,90000,344100,434100
70922430081,2019,107400,338800,446200
71006305299,2019,48100,306100,354200
71011207232,2019,31400,195000,226400
81030209135,2019,53800,124600,178400
70836401053,2019,69700,162900,232600
70921311224,2019,81000,234000,315000
71011125236,2019,56500,257400,313900
70918206058,2019,69300,136700,206000
60803119359,2019,66600,428400,495000
70931103075,2019,103100,185300,288400
70813111138,2019,541300,50700,592000
70924218021,2019,51300,615700,667000
70920414095,2019,123600,198000,321600
80926311103,2019,69500,274800,344300
80925108113,2019,51300,113200,164500
70923147411,2019,8000,7000,15000
70823118140,2019,12800,87300,100100
70901104045,2019,49200,190000,239200
70921203166,2019,69200,188600,257800
71003208066,2019,52000,155400,207400
71010209164,2019,54000,180700,234700
70922331106,2019,185900,564100,750000
70931208205,2019,62000,210400,272400
60802420054,2019,13100,131800,144900
81034109084,2019,61300,155500,216800
71015303044,2019,132000,567000,699000
71005202082,2019,57200,149200,206400
81034107525,2019,101800,262400,364200
81028110162,2019,60400,127600,188000
80924424057,2019,9900,170700,180600
70929117020,2019,89900,212200,302100
71023300909,2019,33000,0,33000
71035200981,2019,177500,232300,409800
70923168178,2019,6500,18500,25000
70825400975,2019,0,0,0
81030305115,2019,58000,148700,206700
70930409169,2019,74200,212500,286700
71006212072,2019,69200,219200,288400
70920222141,2019,16400,141700,158100
70931312121,2019,76000,161600,237600
60801401261,2019,80600,146500,227100
70929305196,2019,83500,235300,318800
70913314252,2019,94700,314400,409100
71014307352,2019,54900,192400,247300
70823104131,2019,89000,243600,332600
70929104134,2019,108200,272800,381000
60802304331,2019,90100,217100,307200
70929111064,2019,102000,255100,357100
70827100937,2019,0,0,0
71014211090,2019,52000,104500,156500
60812317168,2019,84500,222400,306900
81030206199,2019,54700,109000,163700
71003314219,2019,49100,161900,211000
60812116049,2019,82000,234500,316500
71004313210,2019,54100,199400,253500
81034106139,2019,65900,184700,250600
71005107050,2019,37400,173000,210400
80936205099,2019,0,0,0
70821410184,2019,98900,352100,451000
60801224176,2019,15900,179400,195300
70823408260,2019,40400,232500,272900
71006311098,2019,40700,153300,194000
70923165645,2019,72000,360800,432800
70922336122,2019,146700,229300,376000
70936305254,2019,62200,123700,185900
80924414123,2019,26000,296100,322100
70920410118,2019,123900,201500,325400
71006108130,2019,43800,140100,183900
70914437780,2019,2200,17300,19500
60803104186,2019,103200,184000,287200
70923411650,2019,31100,283900,315000
71016206081,2019,67700,165400,233100
60904110123,2019,93000,185100,278100
70836404023,2019,60700,158100,218800
81035114090,2019,100,0,100
70833122032,2019,115100,306900,422000
70913404029,2019,91600,321600,413200
70932103363,2019,120900,256400,377300
71035202119,2019,0,0,0
70823209189,2019,134500,406700,541200
80925412308,2019,69200,145400,214600
71012201233,2019,67300,240900,308200
70928219124,2019,105300,161500,266800
71005318152,2019,109100,238900,348000
60803101166,2019,106100,205500,311600
71010305227,2019,53600,146400,200000
70920306060,2019,97400,187700,285100
80935108294,2019,533400,225000,758400
81028407048,2019,407500,285500,693000
70926207163,2019,81300,193300,274600
70823210227,2019,76900,162300,239200
70814101401,2019,0,0,0
70936401060,2019,0,0,0
71014215042,2019,7800,81800,89600
80926107247,2019,54000,119700,173700
60812331118,2019,0,100,100
70922340016,2019,183200,597600,780800
70828306146,2019,35000,239900,274900
70824405124,2019,100600,244400,345000
70923156454,2019,5000,10000,15000
80925220074,2019,54500,128000,182500
71012220027,2019,19300,188300,207600
70814206152,2019,111600,273400,385000
71011123107,2019,47500,219700,267200
70923146603,2019,8000,7000,15000
70922325084,2019,110800,409100,519900
70813333021,2019,26300,203500,229800
70833202074,2019,100800,184900,285700
71005219061,2019,63400,131100,194500
70928116099,2019,126600,291500,418100
71010219105,2019,10600,82400,93000
60801418034,2019,27200,192200,219400
71002107037,2019,9500,105300,114800
70913319129,2019,105100,146900,252000
71006436010,2019,62000,313100,375100
81034106501,2019,60300,153700,214000
71010314252,2019,56700,167300,224000
60802307989,2019,0,5000,5000
71010405176,2019,77400,141000,218400
70926304258,2019,78000,127400,205400
70929202061,2019,81300,180200,261500
70821410142,2019,101400,0,101400
60801307154,2019,82300,268100,350400
70914301018,2019,666000,1640000,2306000
70922431237,2019,71500,250500,322000
71010107186,2019,59300,170600,229900
70936311110,2019,64500,166100,230600
70928308050,2019,169000,200000,369000
81027402057,2019,13700,0,13700
71026403023,2019,71300,308700,380000
70923215177,2019,99200,274200,373400
71010404061,2019,59700,187400,247100
70922427054,2019,171200,347100,518300
70923138527,2019,21100,241800,262900
70919205067,2019,89000,133300,222300
70813330085,2019,55500,268500,324000
81034416025,2019,60100,176500,236600
71005203056,2019,49000,261000,310000
70926401418,2019,0,0,0
71004308097,2019,57200,156000,213200
70814307174,2019,138400,262600,401000
71010308073,2019,54600,148400,203000
81021310032,2019,20500,91800,112300
71005107034,2019,39200,172700,211900
70928106131,2019,107000,322300,429300
70917301049,2019,592300,1032700,1625000
70921124015,2019,121400,371100,492500
71009305048,2019,68800,136200,205000
71001302993,2019,60000,138100,198100
71006402110,2019,65100,261500,326600
70920216277,2019,13400,251300,264700
81031410153,2019,38200,137300,175500
71009203010,2019,50100,172700,222800
70912440016,2019,9000,91300,100300
70921312024,2019,82100,135200,217300
80924424156,2019,11000,177000,188000
70930405050,2019,0,0,0
70921408138,2019,142900,473100,616000
71034102047,2019,57500,186700,244200
70920301169,2019,118700,346300,465000
71010102079,2019,55100,190500,245600
60812108054,2019,76900,184200,261100
81014303515,2019,32800,182700,215500
71016103021,2019,75800,110300,186100
70913125302,2019,91000,194000,285000
70924211041,2019,865000,2142000,3007000
71014304093,2019,56000,188600,244600
80925211172,2019,54700,126600,181300
81023305015,2019,35600,113600,149200
70836306146,2019,77000,358000,435000
81032417132,2019,33200,141100,174300
71006315115,2019,0,0,0
70813314097,2019,12600,208400,221000
71030204053,2019,98300,154100,252400
70826418050,2019,21500,120800,142300
70835315320,2019,51900,364000,415900
70836401128,2019,62300,163000,225300
70928105159,2019,99100,298200,397300
70918320204,2019,20500,68600,89100
81026355348,2019,22500,33800,56300
70919221097,2019,101300,126600,227900
71020309326,2019,23800,165200,189000
71009401086,2019,0,0,0
60812117188,2019,0,0,0
70834206124,2019,82600,262400,345000
70928222086,2019,75800,199100,274900
70929123035,2019,15000,224200,239200
81030310122,2019,59600,171100,230700
60803108089,2019,95800,210300,306100
80924425873,2019,400,1600,2000
70820107097,2019,100,0,100
60802405113,2019,67000,168400,235400
80936412024,2019,76800,142000,218800
70922428151,2019,71100,359400,430500
60801114129,2019,56200,157200,213400
71003408129,2019,46100,201100,247200
81028121383,2019,10100,92800,102900
71011303204,2019,62400,198100,260500
80926107198,2019,54500,121900,176400
70932424173,2019,53400,92000,145400
70823117051,2019,75500,242700,318200
60811116553,2019,18800,223000,241800
70922327296,2019,130100,495000,625100
70923130177,2019,244000,66200,310200
70923142099,2019,44900,288700,333600
70913422089,2019,86100,333900,420000
80925105044,2019,52500,124700,177200
71011403096,2019,78000,243300,321300
70918306311,2019,81200,97600,178800
70931208346,2019,125300,208000,333300
70824410024,2019,109600,378600,488200
60802409298,2019,64000,175900,239900
71015202270,2019,47300,231300,278600
70926415237,2019,49100,76900,126000
81033303075,2019,41400,118200,159600
70936309040,2019,59600,179800,239400
80926308168,2019,68100,147400,215500
81019307158,2019,61200,150800,212000
70922431196,2019,88100,295700,383800
70928224149,2019,99100,96500,195600
70923142148,2019,44900,253500,298400
70919401300,2019,135000,244000,379000
80925118906,2019,800,1200,2000
70923307213,2019,107600,227800,335400
71030208154,2019,99300,129500,228800
81030316170,2019,62600,130000,192600
71011120210,2019,42200,264100,306300
81027207035,2019,377000,263000,640000
70814401059,2019,0,0,0
71014206025,2019,56100,197100,253200
80926105382,2019,55200,149800,205000
70923154557,2019,0,7500,7500
81023306039,2019,35600,127500,163100
80925111265,2019,53500,132500,186000
70926104020,2019,28000,254500,282500
71005319035,2019,109100,157000,266100
70930409268,2019,77000,203800,280800
81034107129,2019,56900,154100,211000
70821202044,2019,113000,440400,553400
71007309240,2019,105300,385200,490500
70936100985,2019,154000,0,154000
70921105198,2019,81900,331200,413100
81034106395,2019,62100,173200,235300
70921411024,2019,137200,338200,475400
60801213195,2019,73800,181300,255100
80924410949,2019,400,1600,2000
80926104186,2019,54600,131000,185600
60804205066,2019,99000,306000,405000
60803102114,2019,440000,2637000,3077000
70821114182,2019,61300,250000,311300
71010102061,2019,55200,196400,251600
81021109055,2019,67000,203000,270000
70824102283,2019,125100,321800,446900
70923138238,2019,29300,285500,314800
71014208013,2019,57200,147500,204700
71012212040,2019,63400,182800,246200
70920216508,2019,9200,287800,297000
71016109053,2019,63300,118900,182200
70923140663,2019,1500,21500,23000
70826405081,2019,68700,172800,241500
70913354480,2019,0,2500,2500
70823400878,2019,0,0,0
71001414061,2019,61000,221600,282600
80924409083,2019,9200,137600,146800
60801311254,2019,77100,273600,350700
70813402470,2019,322200,974600,1296800
70928219166,2019,104300,314400,418700
70923127083,2019,108800,454000,562800
70923162097,2019,8000,7000,15000
70825104155,2019,264000,556000,820000
70816322378,2019,17300,215900,233200
71010406207,2019,57600,171400,229000
81031215066,2019,35700,86800,122500
70834428356,2019,20300,181200,201500
70836313456,2019,15700,166300,182000
70922429050,2019,173600,250900,424500
71009302028,2019,68100,127000,195100
70933205035,2019,145500,470200,615700
60906106146,2019,61200,156100,217300
71011302024,2019,62200,143800,206000
70828113111,2019,92400,240400,332800
70823116045,2019,89400,308100,397500
70919404073,2019,114200,206300,320500
80924425815,2019,400,1600,2000
70920218083,2019,400,14600,15000
80925220066,2019,54500,124800,179300
81028103050,2019,60300,156000,216300
70816403037,2019,190000,486000,676000
70920306276,2019,106200,260500,366700
71004313137,2019,57200,139500,196700
70833404084,2019,139400,499400,638800
70826211727,2019,13700,54400,68100
60801216082,2019,70000,176500,246500
70921103027,2019,55000,335000,390000
81021405164,2019,52100,228200,280300
70827101026,2019,451000,112000,563000
60802405064,2019,67500,168200,235700
70921115098,2019,124400,236300,360700
70919109102,2019,109700,217000,326700
81034413021,2019,67300,159700,227000
70829407034,2019,8700,0,8700
80936205106,2019,63300,109900,173200
71007216031,2019,106200,240100,346300
71010216101,2019,18400,56600,75000
70828413149,2019,0,0,0
70836304182,2019,72200,155800,228000
60811112155,2019,117900,304100,422000
71011123074,2019,42900,217100,260000
70920309121,2019,122700,232500,355200
71001316051,2019,64400,198900,263300
70925206025,2019,22000,65000,87000
71009209068,2019,65100,150500,215600
80936207128,2019,58700,155000,213700
71007112114,2019,84900,236400,321300
70913113274,2019,78300,199000,277300
70820116048,2019,117000,0,117000
71014215373,2019,7800,120100,127900
70918213061,2019,102000,288000,390000
60812114192,2019,74600,183200,257800
71020301132,2019,428300,310000,738300
81028401024,2019,54900,143100,198000
70824101136,2019,110600,254100,364700
70929117088,2019,89900,262000,351900
70919227227,2019,39100,282300,321400
70921401182,2019,142900,268800,411700
81031406235,2019,37600,142700,180300
71007318027,2019,38300,301400,339700
60906107011,2019,63900,154100,218000
70913104033,2019,97900,179600,277500
60903215049,2019,16400,73800,90200
70914418045,2019,336000,100,336100
70836109251,2019,84900,0,84900
60801314216,2019,61000,937000,998000
71005314093,2019,48100,206100,254200
60902204100,2019,66000,444500,510500
70822402156,2019,660000,484000,1144000
70923145481,2019,8000,7000,15000
60811117064,2019,19100,194600,213700
81034415100,2019,0,0,0
71002311159,2019,62600,257300,319900
71005231172,2019,38400,86600,125000
70926219019,2019,63500,177000,240500
70921109017,2019,116300,308300,424600
71035117029,2019,64600,230800,295400
70914437483,2019,1100,5900,7000
71034105421,2019,52500,185300,237800
70922307149,2019,0,0,0
60802313209,2019,98200,290100,388300
70835315156,2019,51900,339500,391400
81032421167,2019,49900,129500,179400
70923140671,2019,1500,21500,23000
60804106016,2019,170600,468700,639300
70826412458,2019,10000,78700,88700
70919306253,2019,100800,290900,391700
80924431797,2019,400,1600,2000
70913350446,2019,0,15000,15000
60801413141,2019,69700,149300,219000
70836315014,2019,17300,195400,212700
80925210025,2019,52000,139100,191100
70922110104,2019,0,0,0
70923171189,2019,2300,1300,3600
60802115275,2019,20500,125800,146300
71010214048,2019,49700,225300,275000
70932406147,2019,79800,119900,199700
81033301053,2019,46700,149200,195900
81021109089,2019,60800,214200,275000
80925212146,2019,54500,133200,187700
60812329189,2019,13400,154100,167500
80924411921,2019,400,1600,2000
71003205351,2019,53100,140800,193900
71015101274,2019,105600,136400,242000
70932210077,2019,22600,90500,113100
70834413208,2019,24200,181400,205600
70814104059,2019,97500,221500,319000
71006417135,2019,50900,187800,238700
60812111221,2019,78200,218300,296500
60802419073,2019,73200,210200,283400
70920406167,2019,140700,222200,362900
71005232146,2019,46300,127200,173500
70918305123,2019,75400,148900,224300
80925411079,2019,68700,146400,215100
81021107215,2019,56800,239200,296000
70913125203,2019,103800,261400,365200
71006401089,2019,54100,254000,308100
70933401089,2019,185000,849900,1034900
71006130240,2019,47500,147500,195000
70813318057,2019,59200,257000,316200
71016419056,2019,355500,729500,1085000
80924407996,2019,0,0,0
70813309220,2019,81800,214500,296300
70901112113,2019,0,0,0
80925414122,2019,48900,172400,221300
71005333176,2019,76600,254200,330800
70931401049,2019,103400,111800,215200
60804209068,2019,84000,371900,455900
80926311046,2019,69500,245900,315400
70833111176,2019,91300,235500,326800
71020307057,2019,13900,123900,137800
80924414181,2019,28700,334000,362700
70920309072,2019,90800,218900,309700
71006118212,2019,63900,288600,352500
71010207291,2019,55600,174900,230500
71010117028,2019,56000,272100,328100
60812118136,2019,20500,160300,180800
70924220018,2019,0,25000,25000
81032420127,2019,43700,127700,171400
70923120053,2019,287000,133000,420000
71009400921,2019,72200,92300,164500
71003311158,2019,49500,135600,185100
71003406090,2019,56000,225000,281000
80925121959,2019,800,1200,2000
71010309039,2019,54800,171200,226000
71006114260,2019,61800,155300,217100
70828424104,2019,0,0,0
70921210096,2019,67900,160500,228400
70923307023,2019,82000,323000,405000
71001404012,2019,78800,207100,285900
70824109057,2019,114700,321600,436300
60801114012,2019,59500,138200,197700
71006132048,2019,65100,185700,250800
80924414107,2019,23100,226900,250000
71003306117,2019,53700,170800,224500
70835303078,2019,78200,207800,286000
71004302180,2019,64600,139900,204500
70913404160,2019,101600,354500,456100
71009102014,2019,216000,459000,675000
60803108047,2019,100300,214100,314400
80924434147,2019,10600,187500,198100
70826403275,2019,0,0,0
60812105068,2019,78000,171500,249500
70813329244,2019,18500,181400,199900
70835307319,2019,69900,198900,268800
81023310189,2019,35600,91400,127000
70928219231,2019,127300,207500,334800
71016119143,2019,62300,139300,201600
70921303180,2019,157200,384300,541500
70925205209,2019,33000,0,33000
60802306238,2019,19400,171200,190600
70930103159,2019,78400,217600,296000
70932210936,2019,0,5000,5000
80936403114,2019,63000,232000,295000
70833118198,2019,157500,354600,512100
70921416032,2019,113300,447900,561200
71015104020,2019,61300,214000,275300
81028118603,2019,10100,93000,103100
70813402149,2019,377200,165400,542600
70929121162,2019,121800,263100,384900
80926104053,2019,54900,134100,189000
70923161346,2019,8000,7000,15000
81014201058,2019,0,0,0
60812330053,2019,0,5000,5000
70813332065,2019,55500,286100,341600
60904109019,2019,97700,326200,423900
71009308042,2019,68800,121200,190000
70901105241,2019,54500,147200,201700
71015405113,2019,45200,186900,232100
70835206115,2019,86900,242600,329500
70929124091,2019,0,10000,10000
70921208174,2019,101000,419000,520000
81019309097,2019,63700,170900,234600
60901203989,2019,0,0,0
81028121680,2019,10100,100700,110800
71005232211,2019,42600,118800,161400
60801312038,2019,66600,177800,244400
60811302102,2019,78700,197300,276000
70823311033,2019,11700,131200,142900
71005410180,2019,56300,77000,133300
71001332049,2019,48500,202600,251100
60801308037,2019,79000,135900,214900
70919227409,2019,36500,346000,382500
71007309117,2019,95600,255400,351000
70823404086,2019,39200,171200,210400
70833302303,2019,458200,1168600,1626800
70922435156,2019,113900,318800,432700
71021113495,2019,15100,90900,106000
70836405146,2019,56400,168600,225000
71010218058,2019,10900,113300,124200
81028120096,2019,0,4000,4000
71011116053,2019,70500,178800,249300
71015303086,2019,111500,424000,535500
60801411286,2019,73200,194100,267300
70828113137,2019,90100,221100,311200
71030203089,2019,89700,147100,236800
71006440920,2019,0,4000,4000
60906105057,2019,66100,137700,203800
70834404017,2019,99700,175900,275600
70922218099,2019,181900,298100,480000
71011112233,2019,60100,249200,309300
70932402070,2019,151100,428800,579900
70824203073,2019,114700,366500,481200
71002312058,2019,65000,325000,390000
70814419044,2019,15200,155800,171000
71002435040,2019,7900,0,7900
70928201197,2019,126100,212600,338700
60801303095,2019,72200,156100,228300
70835307161,2019,78800,215800,294600
71035103052,2019,68900,329700,398600
70926106050,2019,80300,164700,245000
71005108157,2019,63700,111100,174800
70919401136,2019,93500,164100,257600
70923310092,2019,71500,129100,200600
70820107104,2019,100,0,100
70816414266,2019,13100,227000,240100
70920218207,2019,400,14600,15000
81019302017,2019,3100,0,3100
81034101163,2019,70400,158000,228400
71002315028,2019,2700,0,2700
70918319380,2019,20500,71200,91700
70935103188,2019,47900,146100,194000
70922345397,2019,112900,337100,450000
60802408232,2019,72100,225900,298000
70913110171,2019,104300,152300,256600
71006419058,2019,67000,249800,316800
71006423041,2019,61300,212800,274100
81028406040,2019,1012000,288000,1300000
70922402022,2019,31000,22000,53000
60803101348,2019,101000,205000,306000
70923124104,2019,119000,399700,518700
60812108012,2019,85300,204000,289300
71011204113,2019,31400,207900,239300
80924429908,2019,400,1600,2000
70920402256,2019,156400,306700,463100
81031201031,2019,45200,172100,217300
71014107075,2019,12300,173000,185300
70923113058,2019,79200,383300,462500
71001301086,2019,61100,124200,185300
70929423097,2019,141200,310000,451200
70834401047,2019,0,0,0
71006444013,2019,22600,120600,143200
70928307127,2019,133400,173500,306900
71007306311,2019,0,0,0
70918410013,2019,123200,173800,297000
80924436888,2019,400,1600,2000
70833107050,2019,126000,396400,522400
71016113319,2019,55000,66400,121400
70913432062,2019,27200,284800,312000
80924427944,2019,400,1600,2000
71021202157,2019,67300,139100,206400
70821217077,2019,0,0,0
71010116054,2019,58900,189000,247900
70823113041,2019,89400,229500,318900
70913330018,2019,333000,1051600,1384600
70936301187,2019,62500,122600,185100
81030212097,2019,45600,137000,182600
80936210072,2019,60300,158700,219000
60801304209,2019,70600,189400,260000
70836114078,2019,78900,182400,261300
70923156371,2019,5000,10000,15000
71015109038,2019,62400,177600,240000
60812405319,2019,76700,188400,265100
71007109103,2019,94600,269000,363600
81031224116,2019,39100,98500,137600
71005228210,2019,53100,115900,169000
70814424259,2019,100200,271600,371800
80926108013,2019,50800,136900,187700
71011108555,2019,30000,234700,264700
81034327123,2019,11300,67800,79100
60811413024,2019,76200,221800,298000
60903207187,2019,78300,210600,288900
71006119111,2019,64100,235700,299800
60812321036,2019,19600,167500,187100
70918321856,2019,0,2000,2000
71003207084,2019,53100,138200,191300
71009209109,2019,65100,134500,199600
71035114182,2019,64600,352400,417000
81032104177,2019,33300,99900,133200
81032307101,2019,49400,150100,199500
71005223260,2019,63200,188600,251800
80926114226,2019,18300,111700,130000
81023310220,2019,35600,91400,127000
70926207139,2019,76400,156600,233000
70918210033,2019,120200,286000,406200
70826420245,2019,0,4000,4000
70913125188,2019,82300,198500,280800
70824102035,2019,114700,202800,317500
70826211610,2019,18300,70500,88800
71021101052,2019,169000,505300,674300
71020309144,2019,23800,163000,186800
70920220377,2019,0,2200,2200
70816401106,2019,207900,445200,653100
71016400899,2019,138000,634000,772000
60801117040,2019,66100,156700,222800
60802106092,2019,69100,175100,244200
70826412309,2019,10000,75400,85400
71006312038,2019,60600,194400,255000
70823307165,2019,78100,166800,244900
70923104057,2019,129000,911000,1040000
70816406122,2019,163600,388100,551700
70921408211,2019,122800,312600,435400
81034111089,2019,67300,173400,240700
71005223054,2019,60600,184300,244900
71001414045,2019,61000,216100,277100
71012202166,2019,63200,194300,257500
81034329054,2019,29300,116700,146000
80926115092,2019,0,0,0
70913423029,2019,134100,450900,585000
70919215173,2019,86900,151600,238500
71016104144,2019,62000,116900,178900
70929216070,2019,88300,208000,296300
80926114309,2019,18300,120600,138900
70921408021,2019,142900,296800,439700
70814411040,2019,88300,150800,239100
70923116268,2019,77000,376200,453200
71002418492,2019,100,0,100
80926112337,2019,56700,135600,192300
60801113113,2019,63000,237000,300000
80924433868,2019,400,1600,2000
71010210038,2019,53700,164600,218300
71006108156,2019,55400,132200,187600
70912407066,2019,122200,284400,406600
70923136076,2019,26000,268300,294300
70921312222,2019,78300,229500,307800
71007223169,2019,80200,204800,285000
80925110340,2019,54300,141800,196100
80924419123,2019,9900,171800,181700
80935104127,2019,56100,168900,225000
70822402114,2019,385000,944000,1329000
70926110100,2019,76000,158300,234300
81034411067,2019,67000,168900,235900
71004302106,2019,49200,157600,206800
70927107114,2019,31300,148600,179900
70833404026,2019,139400,372800,512200
71004407170,2019,49900,145100,195000
81035111153,2019,100,0,100
70929305188,2019,79700,230800,310500
60802410063,2019,67600,218700,286300
81021407087,2019,0,0,0
70932203030,2019,86700,278500,365200
70923145192,2019,8000,7000,15000
70913113349,2019,79900,260900,340800
71005228012,2019,61500,145700,207200
81031209043,2019,49800,174800,224600
71001310079,2019,384000,3774000,4158000
71007113055,2019,75700,266700,342400
70836417076,2019,62100,142900,205000
71001325060,2019,24900,133100,158000
70835118063,2019,12400,105600,118000
70935202013,2019,66200,171800,238000
71034105083,2019,74000,168200,242200
81028118554,2019,10100,82500,92600
71005308210,2019,60300,212800,273100
70836206156,2019,71900,203400,275300
81015303035,2019,900700,0,900700
81022104020,2019,0,0,0
71006205184,2019,49400,109600,159000
60811412208,2019,117800,333000,450800
70821404137,2019,114300,456700,571000
70928206048,2019,97800,265900,363700
70836308077,2019,77000,323000,400000
70919109037,2019,89700,170700,260400
71005332128,2019,154200,404200,558400
71014204029,2019,54900,176000,230900
70928313059,2019,142900,402300,545200
71021109155,2019,61000,143400,204400
81010300961,2019,43600,1000,44600
70826421251,2019,0,4000,4000
71009214067,2019,49200,161900,211100
60801407053,2019,82300,204700,287000
71009208028,2019,48400,152800,201200
70931103025,2019,103000,136900,239900
60903206056,2019,79900,235100,315000
81028103216,2019,58600,150700,209300
81028121557,2019,10100,89700,99800
70913416074,2019,459700,188300,648000
70920123068,2019,15200,88800,104000
70814428152,2019,15200,206300,221500
70829102080,2019,75900,310700,386600
80935104317,2019,73000,192800,265800
70923140457,2019,1500,13500,15000
70928225056,2019,108400,181600,290000
70919206023,2019,44000,0,44000
81031405378,2019,38100,191900,230000
70920219594,2019,0,0,0
70829411035,2019,18000,0,18000
60903211089,2019,17400,102900,120300
81016101024,2019,0,0,0
60905207218,2019,0,0,0
70814301118,2019,125500,250800,376300
70932209054,2019,20800,131700,152500
70828412084,2019,0,0,0
81032408074,2019,43900,171800,215700
81032422090,2019,43200,117500,160700
70918304034,2019,75400,110700,186100
70828204027,2019,1600,0,1600
80925412324,2019,64500,159500,224000
70926411011,2019,0,0,0
70928107204,2019,75600,0,75600
80925302070,2019,45700,132900,178600
70921303057,2019,157900,473100,631000
81021303201,2019,51700,145900,197600
70917301065,2019,494700,768400,1263100
70835122858,2019,6500,85500,92000
70814203124,2019,104600,263600,368200
70922331015,2019,189500,305500,495000
70913333062,2019,20100,84200,104300
71014207073,2019,55900,171200,227100
70813319047,2019,15100,111000,126100
71002418294,2019,0,0,0
60801407045,2019,73800,181400,255200
81021413050,2019,54500,141100,195600
70901113567,2019,16600,87700,104300
71005404018,2019,50800,105900,156700
71001313172,2019,88200,303600,391800
70923168194,2019,6500,18500,25000
71002418062,2019,72500,0,72500
71005414132,2019,48000,150700,198700
70926104137,2019,79500,84800,164300
70922213031,2019,146500,405400,551900
71004315125,2019,56400,172800,229200
70816407211,2019,209200,591400,800600
70932419025,2019,44000,85000,129000
81030316021,2019,71000,147700,218700
71006114179,2019,56300,181900,238200
71006305124,2019,106200,281100,387300
70823313013,2019,16300,133700,150000
70813402165,2019,300000,482300,782300
81033204447,2019,29600,118900,148500
81035300996,2019,6000,0,6000
70912430041,2019,9000,91300,100300
70929115066,2019,137000,278000,415000
70931415264,2019,66600,176900,243500
71010401067,2019,65700,190500,256200
70823307298,2019,78100,199500,277600
80936209124,2019,63900,99000,162900
70835124747,2019,500,1500,2000
80926302136,2019,67400,200800,268200
70813402173,2019,554000,242800,796800
70929104100,2019,97200,303100,400300
71015403034,2019,55200,116700,171900
70834405073,2019,86600,132800,219400
70827303010,2019,0,0,0
70821112011,2019,117500,331900,449400
80925201157,2019,50800,168500,219300
71020308146,2019,13900,123600,137500
70835309068,2019,78600,207800,286400
70823413392,2019,29100,165200,194300
70929426166,2019,109200,257800,367000
71014108023,2019,10700,159800,170500
70920217431,2019,400,14600,15000
71006304241,2019,83700,198800,282500
70813318099,2019,62500,227200,289700
70814421247,2019,15200,220100,235300
60812322018,2019,39500,200600,240100
80926107081,2019,54000,131200,185200
80925201165,2019,51800,148400,200200
81028102367,2019,59400,165700,225100
71034111014,2019,19000,126000,145000
80936412107,2019,74900,163100,238000
60811114143,2019,121600,284200,405800
71011118562,2019,30500,232400,262900
71005326246,2019,96900,109200,206100
70914408046,2019,266100,469900,736000
70814202019,2019,106300,272600,378900
70919403116,2019,108200,289800,398000
71005210035,2019,0,0,0
70919401318,2019,114300,308400,422700
80925303391,2019,53800,175500,229300
71009218168,2019,45900,159800,205700
80925304315,2019,47800,156200,204000
70932103454,2019,142700,159000,301700
70923154044,2019,0,7500,7500
80924436953,2019,400,1600,2000
70836221055,2019,12800,138300,151100
80935102098,2019,57400,144200,201600
71006204350,2019,61300,147500,208800
80924406097,2019,7600,124000,131600
70913354274,2019,0,15000,15000
70824303047,2019,103100,303600,406700
70926404123,2019,76300,158900,235200
81028121391,2019,8700,68700,77400
71021218089,2019,59600,129900,189500
80924419032,2019,8600,150000,158600
71007101092,2019,114800,422700,537500
71035107038,2019,68200,249300,317500
81030203153,2019,46800,120200,167000
81028120583,2019,0,5000,5000
70926108072,2019,77000,199000,276000
81030204036,2019,48200,162200,210400
70921211276,2019,87900,199500,287400
71020309079,2019,23800,161700,185500
71004306091,2019,52800,166500,219300
70923147057,2019,8000,7000,15000
70821206020,2019,100000,396500,496500
70936406086,2019,59100,142600,201700
71005317021,2019,52100,178200,230300
81023207550,2019,33600,141800,175400
81021301065,2019,63400,296300,359700
71007313043,2019,126400,413600,540000
70920218158,2019,400,14600,15000
70923152436,2019,34100,562100,596200
70922436055,2019,236800,522900,759700
70919103120,2019,99500,264500,364000
60811113137,2019,103300,271700,375000
70826212030,2019,18800,181500,200300
70912447020,2019,9000,99400,108400
71003409078,2019,54100,172100,226200
80924424768,2019,400,1600,2000
71005227048,2019,48500,119100,167600
70933401039,2019,300000,415300,715300
70912403072,2019,119300,195100,314400
71011421139,2019,50700,206700,257400
71001331231,2019,66300,180500,246800
70928226020,2019,0,0,0
70926202113,2019,179100,266900,446000
70833203204,2019,111600,145200,256800
70918409123,2019,176700,317300,494000
70826211777,2019,18300,66500,84800
70918302111,2019,75400,112300,187700
60802405121,2019,65200,190900,256100
60801236022,2019,31400,109600,141000
70914437318,2019,1100,5900,7000
70931411072,2019,99700,168400,268100
70914418102,2019,178800,833900,1012700
70920216384,2019,9200,179800,189000
70921307083,2019,155300,329200,484500
70836410070,2019,55100,143500,198600
71016114177,2019,54900,93200,148100
80935108244,2019,544000,208000,752000
70928115140,2019,225000,2096000,2321000
81028118918,2019,8700,67700,76400
71012211050,2019,59100,220200,279300
71004201069,2019,0,0,0
60812329361,2019,13400,154500,167900
71009219116,2019,50300,180100,230400
60905222050,2019,0,0,0
70932210069,2019,22600,87400,110000
71009412166,2019,63500,6500,70000
70913315185,2019,166500,316500,483000
70923114163,2019,1007000,1777000,2784000
71012205201,2019,76600,280600,357200
70918415667,2019,10500,51700,62200
71006117280,2019,39600,175600,215200
71012210010,2019,58700,186600,245300
70929302118,2019,90700,202200,292900
70823206010,2019,18100,228100,246200
80936405095,2019,74600,204900,279500
71015208252,2019,61500,160500,222000
70930411081,2019,73100,175800,248900
71005333027,2019,90400,292400,382800
70935115026,2019,44000,359000,403000
60804211039,2019,17400,0,17400
70912404327,2019,107700,293800,401500
70923308170,2019,100700,299800,400500
71008108956,2019,1100,8900,10000
70913348251,2019,6400,281000,287400
70833304060,2019,132400,314700,447100
70928212144,2019,97800,246300,344100
70918303101,2019,75400,84700,160100
60802418207,2019,58800,166800,225600
70929403304,2019,102600,342000,444600
71006418109,2019,55300,267100,322400
70926207113,2019,80600,228800,309400
70935107023,2019,46500,67500,114000
71014306099,2019,56400,173300,229700
70921210228,2019,96700,298600,395300
70931306033,2019,99000,116200,215200
70922115071,2019,385000,240000,625000
70913214155,2019,77000,198700,275700
71006107075,2019,51400,116400,167800
70920403030,2019,111800,176300,288100
70913337080,2019,48600,200400,249000
70823404292,2019,36200,185500,221700
70928305080,2019,110200,179800,290000
70835107016,2019,109100,207000,316100
71007207080,2019,59000,238100,297100
70912448052,2019,9000,91300,100300
70929427106,2019,131900,349900,481800
71021103123,2019,56500,165400,221900
81021407011,2019,56100,235300,291400
81028105262,2019,58100,152700,210800
70929415250,2019,88700,264700,353400
71014208120,2019,56400,159900,216300
60812115067,2019,74600,174400,249000
70932209236,2019,20800,119800,140600
70923315076,2019,71500,158500,230000
71010114206,2019,57800,171600,229400
70822402057,2019,5027000,15865000,20892000
70923122215,2019,93200,275200,368400
70919222186,2019,101300,218200,319500
81033201055,2019,39400,153700,193100
71006424106,2019,48700,167000,215700
70836412026,2019,70700,178400,249100
70923173284,2019,3300,5900,9200
70929305162,2019,81600,231600,313200
70923171022,2019,2100,600,2700
70926408042,2019,149000,170800,319800
80926406029,2019,62000,223000,285000
70922223048,2019,117500,322500,440000
70936401036,2019,63700,145400,209100
71005307171,2019,74500,319500,394000
70920301226,2019,126700,210800,337500
71009308133,2019,66000,173700,239700
71010400796,2019,75900,141900,217800
70923171288,2019,2300,1300,3600
60802305016,2019,13800,192500,206300
70913347344,2019,2500,12500,15000
71008106182,2019,45900,262000,307900
60812404014,2019,79500,190000,269500
71006116282,2019,46500,195000,241500
70826417846,2019,21500,105500,127000
71005410081,2019,54600,141300,195900
70821212192,2019,100,0,100
71016410137,2019,61500,155800,217300
70935305081,2019,182000,770000,952000
70920219768,2019,0,0,0
80936102013,2019,14900,97700,112600
70913207118,2019,87800,224500,312300
70824203081,2019,114800,316200,431000
70923168417,2019,6500,18500,25000
71020307239,2019,10200,106800,117000
71011213099,2019,45200,212900,258100
71002107102,2019,9500,140200,149700
70921319111,2019,73400,203500,276900
71005107232,2019,33200,175600,208800
70912404468,2019,134900,327100,462000
71003311356,2019,51700,178800,230500
70932206076,2019,80300,172700,253000
81026353128,2019,58900,229600,288500
70836203053,2019,75900,162800,238700
80926112254,2019,54800,150100,204900
70816406297,2019,162800,428300,591100
70924221149,2019,29300,87300,116600
70913204221,2019,99200,233800,333000
81021307154,2019,59800,182800,242600
80924409067,2019,9000,130400,139400
80924425922,2019,400,1600,2000
70826420964,2019,0,4000,4000
70821105123,2019,143200,364300,507500
71003306050,2019,62500,211200,273700
70921416074,2019,121400,428600,550000
70828305081,2019,71000,110000,181000
60804208094,2019,0,0,0
60906207168,2019,66800,187500,254300
70926301022,2019,385000,915000,1300000
71021214219,2019,57800,147200,205000
70814405192,2019,88800,179800,268600
70922411081,2019,111800,184100,295900
70926214100,2019,92300,198100,290400
70918416243,2019,10500,110400,120900
70826421144,2019,0,4000,4000
70918319190,2019,20500,119200,139700
71010407289,2019,52800,155300,208100
70918321054,2019,0,2000,2000
70922333061,2019,159900,542100,702000
70921210210,2019,71900,161100,233000
60802202048,2019,82900,253900,336800
70929202178,2019,113600,213700,327300
70828319058,2019,12800,0,12800
80935102197,2019,66400,180600,247000
70923174745,2019,3300,11700,15000
70813314401,2019,9800,0,9800
81030314166,2019,58700,130300,189000
71003312057,2019,49300,171600,220900
70928214075,2019,99700,275400,375100
70923126382,2019,191000,1041000,1232000
81021106093,2019,61200,168100,229300
80924408936,2019,400,1600,2000
81030310106,2019,59600,160300,219900
70923163318,2019,44900,165100,210000
71009214380,2019,57000,144200,201200
70813306119,2019,156400,292200,448600
71034108037,2019,57400,149100,206500
71015202056,2019,49600,234000,283600
71010407346,2019,52800,166900,219700
80924439858,2019,400,1600,2000
60901104088,2019,59000,208800,267800
81030213144,2019,41800,145800,187600
60801101027,2019,70600,144000,214600
60801214052,2019,69800,147600,217400
70920218570,2019,300,14700,15000
71009215073,2019,42700,124500,167200
70828306188,2019,35000,237400,272400
70920101080,2019,99300,202900,302200
71034104142,2019,78100,173800,251900
81021308053,2019,10000,99100,109100
70920122044,2019,693000,698000,1391000
80924307146,2019,64400,245100,309500
70913222108,2019,10900,326600,337500
71014300968,2019,0,0,0
70920409062,2019,129500,252500,382000
70824215044,2019,135400,322700,458100
60803107271,2019,110800,275400,386200
70923154482,2019,0,7500,7500
81035114032,2019,100,0,100
81031404346,2019,37600,130200,167800
71006104055,2019,55400,161900,217300
80923100921,2019,0,0,0
70823407197,2019,62000,279100,341100
70921419143,2019,123600,285600,409200
71011210110,2019,51300,269700,321000
71019401018,2019,336600,288800,625400
71035205288,2019,62300,191500,253800
60812405343,2019,86700,207600,294300
70930405076,2019,118500,185000,303500
71005105137,2019,39500,111900,151400
70923160116,2019,8000,7000,15000
70828119135,2019,106800,290600,397400
80936112020,2019,13800,97300,111100
70814428285,2019,15200,164000,179200
60812207319,2019,106000,514000,620000
71005231205,2019,51700,118600,170300
70926418059,2019,0,0,0
70923156975,2019,5000,10000,15000
60801310115,2019,84400,202600,287000
70918319059,2019,20500,109200,129700
71015404066,2019,0,0,0
70924203014,2019,234000,2036100,2270100
70834405130,2019,103700,259300,363000
70928305105,2019,113700,178000,291700
81031218177,2019,38100,80000,118100
70912404210,2019,98200,286000,384200
71016406095,2019,62300,141600,203900
60802115241,2019,20500,121500,142000
70932210788,2019,0,5000,5000
71002201011,2019,127400,6000,133400
71007228052,2019,30000,17100,47100
60812114176,2019,74600,182200,256800
71011402048,2019,65800,283000,348800
70836107156,2019,69900,170700,240600
71001407082,2019,57500,179500,237000
70835105052,2019,14400,82400,96800
80936402265,2019,74000,261000,335000
71009206113,2019,38000,138300,176300
70921407015,2019,142900,437000,579900
70822111070,2019,74900,198000,272900
70929124702,2019,0,10000,10000
71004307221,2019,54100,155800,209900
70813324161,2019,146100,304600,450700
71003402105,2019,46200,171500,217700
81034202094,2019,66400,160400,226800
71005403119,2019,41800,186400,228200
70923308071,2019,102700,251500,354200
70834427960,2019,0,5000,5000
81035111038,2019,100,0,100
81021406120,2019,56200,167800,224000
71005407153,2019,47400,160400,207800
70826408051,2019,69400,159500,228900
71005214219,2019,49400,138700,188100
71002106138,2019,9500,112600,122100
70923163269,2019,44900,174100,219000
70824408152,2019,100700,269000,369700
70921401025,2019,123800,328300,452100
80924423819,2019,400,1600,2000
70919107073,2019,100500,146400,246900
80925125878,2019,800,1200,2000
81021305207,2019,64600,173200,237800
80925412077,2019,69200,158700,227900
70932422119,2019,47600,100900,148500
81015105217,2019,59400,174600,234000
70923143477,2019,44900,618100,663000
80926409255,2019,12000,161100,173100
70836221039,2019,12800,134100,146900
70929119159,2019,120200,330600,450800
71014102059,2019,99600,253600,353200
81033203192,2019,196000,190000,386000
70912426032,2019,9000,91300,100300
70928117138,2019,105300,243100,348400
81015105100,2019,57600,192500,250100
71004312113,2019,49700,167100,216800
70836308035,2019,77000,298000,375000
81031401186,2019,35900,125200,161100
70834426136,2019,21300,72100,93400
70834426293,2019,29000,127900,156900
71012221075,2019,12100,125900,138000
70928111205,2019,109100,309600,418700
81030303052,2019,70100,167900,238000
70936301070,2019,61500,144500,206000
70834201348,2019,78800,276200,355000
71005409159,2019,41900,117600,159500
71009214132,2019,51500,149700,201200
71007228143,2019,86500,199100,285600
60903212029,2019,12200,69700,81900
71011119122,2019,49500,251600,301100
70924214079,2019,57900,765700,823600
70814104124,2019,117900,179400,297300
81027106039,2019,36700,109800,146500
70931210101,2019,72100,193400,265500
80925114970,2019,800,1200,2000
70929103178,2019,93100,198900,292000
70918401161,2019,541700,308300,850000
71026402132,2019,73800,384900,458700
80925111166,2019,38200,136800,175000
70913423061,2019,110400,412600,523000
70931414018,2019,86000,175900,261900
71001318164,2019,67700,232200,299900
71011108232,2019,30000,222900,252900
81032414196,2019,44900,135100,180000
70834216016,2019,72800,261900,334700
60801220299,2019,446000,2431000,2877000
70930411213,2019,75600,256400,332000
70931301158,2019,120100,188200,308300
60801101142,2019,0,0,0
60906107029,2019,63900,138000,201900
71002305087,2019,56400,273500,329900
81031403025,2019,35900,155200,191100
71021213196,2019,60000,129400,189400
71006304283,2019,49900,221600,271500
80936117038,2019,13800,97500,111300
70923174589,2019,3300,11700,15000
70901118088,2019,18100,104500,122600
80936211096,2019,55600,111600,167200
70918311146,2019,125500,143700,269200
60801312377,2019,102500,250100,352600
70921105247,2019,81800,323300,405100
71005221149,2019,63800,101800,165600
70922431120,2019,49600,210400,260000
60801412284,2019,75400,203100,278500
70821216095,2019,0,0,0
70921110098,2019,135800,282500,418300
80935103129,2019,69600,117900,187500
81034108052,2019,67300,267700,335000
70923153624,2019,1300,23700,25000
70932405066,2019,82500,136800,219300
71005215100,2019,47100,104200,151300
70931405215,2019,105800,149200,255000
70816314226,2019,125700,332400,458100
60903212061,2019,12200,67100,79300
71010410125,2019,51300,170500,221800
80925302038,2019,48900,181400,230300
71010313410,2019,55700,157100,212800
80925403167,2019,78900,148300,227200
70921403352,2019,142900,462400,605300
70913434448,2019,0,18000,18000
70936305022,2019,63200,162600,225800
71005315132,2019,47000,227800,274800
70921417098,2019,151400,412500,563900
71006429015,2019,108000,395700,503700
70936409254,2019,60800,156000,216800
70932424157,2019,55200,92400,147600
70913204114,2019,107000,643000,750000
60812307169,2019,84500,237000,321500
71006134060,2019,49900,124500,174400
70833304028,2019,132400,447600,580000
71007223052,2019,99200,339300,438500
70813320440,2019,14600,105700,120300
70922107119,2019,0,0,0
70920302084,2019,132600,305800,438400
70922420107,2019,133300,286700,420000
71014216256,2019,7500,125100,132600
70833123030,2019,106300,359500,465800
60906203025,2019,56300,84900,141200
70920217259,2019,400,14600,15000
70920420290,2019,135400,95700,231100
71015407094,2019,55400,229400,284800
70834204029,2019,85400,259600,345000
71009221062,2019,56400,60200,116600
70918221080,2019,126800,170600,297400
70920410184,2019,112900,228000,340900
71005415031,2019,53600,0,53600
70920124123,2019,15200,112100,127300
71003213099,2019,53100,153000,206100
70828445093,2019,0,0,0
70835307202,2019,78600,193400,272000
60811304398,2019,99600,246500,346100
70835122494,2019,6500,72000,78500
70828316020,2019,100,0,100
70928323016,2019,187400,436500,623900
81033207136,2019,45600,123900,169500
70922225135,2019,167300,559400,726700
71010103043,2019,67500,165200,232700
70912407230,2019,104800,200400,305200
81034209016,2019,27200,147800,175000
80925206214,2019,59600,163900,223500
80924410733,2019,400,1600,2000
60802413554,2019,59600,176800,236400
70824109106,2019,123100,256700,379800
70924220406,2019,0,12000,12000
60801222055,2019,22300,114900,137200
70813320424,2019,14600,98800,113400
70921111137,2019,127100,263500,390600
81032305022,2019,79000,486000,565000
71006303152,2019,35400,197400,232800
70914438449,2019,2200,22800,25000
60803101364,2019,101000,165000,266000
71020306249,2019,13900,129600,143500
70921210137,2019,71900,222600,294500
71022104154,2019,0,0,0
81028409185,2019,237000,922000,1159000
60801303201,2019,77100,182900,260000
81031414030,2019,37600,103700,141300
60904112020,2019,78900,178100,257000
70933301049,2019,97100,124600,221700
81021305231,2019,62400,164000,226400
71005317071,2019,63800,247200,311000
80925107024,2019,53600,136700,190300
70822401075,2019,0,0,0
70920408478,2019,129500,133000,262500
71002410034,2019,8800,0,8800
70836227029,2019,31400,134600,166000
71007105218,2019,131400,265700,397100
71005204260,2019,53700,116500,170200
70813333071,2019,26300,262500,288800
70824409069,2019,0,0,0
71010111111,2019,48600,166500,215100
60811116701,2019,18800,223300,242100
70836117212,2019,67800,203900,271700
70824213080,2019,115400,245300,360700
60802412100,2019,52400,161800,214200
70923310125,2019,65200,224100,289300
71016113111,2019,54900,107100,162000
60804104044,2019,98900,294600,393500
70813331124,2019,55500,264800,320300
70913353143,2019,39100,180400,219500
60906109158,2019,61800,139100,200900
70928306187,2019,91100,160200,251300
70924220042,2019,0,10000,10000
80925308052,2019,66000,122400,188400
70929218068,2019,95200,207800,303000
71004306158,2019,49200,161300,210500
71010313311,2019,62100,146000,208100
70919410286,2019,113600,256000,369600
71007119011,2019,0,0,0
71014214565,2019,8100,123200,131300
80924441944,2019,400,1600,2000
70936313025,2019,30700,85700,116400
60802112122,2019,86200,171800,258000
70921314070,2019,115400,157900,273300
70929221293,2019,88300,307100,395400
81028113348,2019,75200,162300,237500
81033202110,2019,38200,122800,161000
70929121138,2019,112900,264400,377300
60812313231,2019,33100,166700,199800
70926116158,2019,81600,208600,290200
70834305067,2019,141800,409400,551200
71002405283,2019,59900,0,59900
80925212310,2019,54900,138000,192900
70913105164,2019,99200,265900,365100
70930407072,2019,73000,176500,249500
80926103245,2019,55000,120100,175100
70928319099,2019,178500,588400,766900
71010206269,2019,62400,158200,220600
71006446176,2019,3000,35000,38000
81026416124,2019,700,0,700
70926217120,2019,141000,264000,405000
71001402149,2019,113600,314400,428000
70926416110,2019,47400,61100,108500
60904103102,2019,78100,173200,251300
70919227417,2019,35100,296600,331700
70816317048,2019,149900,505100,655000
60906201160,2019,65300,152800,218100
60906201152,2019,65500,136400,201900
70929222126,2019,95200,219700,314900
70936406226,2019,60500,160000,220500
70930305101,2019,2365000,6135000,8500000
81031407019,2019,34100,118500,152600
70921112086,2019,124400,346900,471300
81023207295,2019,33600,128200,161800
70929110082,2019,89900,434600,524500
70928320129,2019,122900,273800,396700
60802427026,2019,15500,120400,135900
71004312064,2019,57200,115900,173100
71015106224,2019,66400,135800,202200
80924432026,2019,11800,196800,208600
70828445085,2019,0,0,0
70925301031,2019,0,0,0
60812116023,2019,74600,213500,288100
70823114073,2019,89000,337200,426200
71014308087,2019,57500,165500,223000
60906208124,2019,58200,148100,206300
71009303125,2019,300000,2100000,2400000
70822414200,2019,11800,102400,114200
70921311133,2019,82300,321500,403800
71007302129,2019,103000,282800,385800
80926308027,2019,69000,210000,279000
70829402258,2019,13300,0,13300
70922209064,2019,80000,624000,704000
70928107189,2019,103700,169300,273000
71016108154,2019,61500,114800,176300
80924310123,2019,79200,253800,333000
70936407117,2019,58800,155100,213900
70813320961,2019,400,2100,2500
70922437243,2019,77200,160400,237600
70836117022,2019,70800,226600,297400
70820111030,2019,100,0,100
71003205145,2019,58200,139200,197400
70930411122,2019,67600,176200,243800
70826421839,2019,0,4000,4000
80925214069,2019,56100,166300,222400
70919405170,2019,98300,214200,312500
70824212181,2019,0,0,0
81034108151,2019,0,0,0
71010120055,2019,76400,154500,230900
70835206206,2019,86900,266400,353300
60801104138,2019,0,0,0
70928222119,2019,111500,215200,326700
70913340124,2019,49900,238800,288700
70826409059,2019,61300,173200,234500
70920106155,2019,130800,207600,338400
70920403064,2019,116100,257600,373700
70926118196,2019,77600,131300,208900
71011421048,2019,50700,220500,271200
70821110213,2019,111700,247800,359500
70913404011,2019,68700,569300,638000
80925403084,2019,55700,188200,243900
60801113402,2019,76500,190600,267100
70922233039,2019,108500,347800,456300
70922435099,2019,175400,213800,389200
70934302145,2019,0,0,0
80925206074,2019,55200,158200,213400
70835122288,2019,6500,77100,83600
71014204053,2019,54900,206800,261700
71005231148,2019,58000,317000,375000
70923127132,2019,162800,84100,246900
70834214630,2019,40800,380000,420800
80926104160,2019,54000,131300,185300
70923413268,2019,1700,16300,18000
70936307094,2019,60900,138700,199600
70922231017,2019,148300,353900,502200
70933404017,2019,82600,136200,218800
81034407040,2019,67500,195000,262500
70824311149,2019,14100,136300,150400
70821408139,2019,105800,0,105800
70929217044,2019,90700,190200,280900
81034407016,2019,0,0,0
70826201166,2019,497000,1363000,1860000
71006204095,2019,106100,185400,291500
80924413018,2019,8600,137400,146000
81034208026,2019,25000,99800,124800
70823304343,2019,78100,188200,266300
80924411111,2019,9000,140100,149100
70935206213,2019,43100,99700,142800
71007309068,2019,92900,140700,233600
81034409145,2019,67300,168500,235800
71016111199,2019,0,0,0
60811426035,2019,89500,193500,283000
70822414169,2019,17500,133700,151200
70922434041,2019,69400,241600,311000
80926112410,2019,56300,191700,248000
70814423227,2019,90900,308500,399400
70929305138,2019,89500,195300,284800
70931206134,2019,69600,314600,384200
81033205354,2019,46200,108600,154800
81019310078,2019,62200,187300,249500
70929206188,2019,85100,164500,249600
71015402151,2019,163500,417500,581000
70932113247,2019,87800,177200,265000
70815401058,2019,770000,1000000,1770000
70918415427,2019,10500,105900,116400
70921206110,2019,47600,249600,297200
81015104087,2019,57400,184000,241400
70923173458,2019,3300,5900,9200
70821410069,2019,101400,358500,459900
60803106322,2019,103200,213100,316300
71012206366,2019,64500,234600,299100
60903227028,2019,43500,96500,140000
71007316188,2019,41300,233300,274600
60812214215,2019,19100,183500,202600
71021113362,2019,15100,90900,106000
81019310060,2019,59800,195200,255000
60812202062,2019,81200,162000,243200
60802306048,2019,19400,170600,190000
81034302026,2019,44600,148200,192800
70927107370,2019,38900,336000,374900
70920109167,2019,117300,197900,315200
70929301079,2019,80800,259800,340600
60812313570,2019,33100,213400,246500
80936203019,2019,52400,140800,193200
71016401251,2019,792500,2175700,2968200
71006115094,2019,63000,201200,264200
81032408082,2019,45700,182300,228000
70928203060,2019,89900,271900,361800
71006213062,2019,66000,184700,250700
70828204035,2019,400,0,400
70932113106,2019,96000,184000,280000
70835124036,2019,500,1500,2000
81032419203,2019,39200,133600,172800
70833202173,2019,0,0,0
70813109109,2019,116600,266200,382800
71021203064,2019,60500,157700,218200
70913323386,2019,336000,1211000,1547000
70920305020,2019,110200,217300,327500
70921115288,2019,124400,318200,442600
81030305032,2019,68500,189000,257500
71007117065,2019,69500,274700,344200
70912431065,2019,9000,91300,100300
80926200893,2019,76200,117000,193200
70813317059,2019,132000,614000,746000
71016208136,2019,62900,154700,217600
70931311032,2019,195000,0,195000
71006205043,2019,54000,326000,380000
81027107102,2019,36700,122500,159200
70921205211,2019,67900,210100,278000
70826414149,2019,16100,113400,129500
70932417186,2019,53000,136100,189100
81034402090,2019,70000,255800,325800
71002315218,2019,2300,0,2300
70913316042,2019,94600,380400,475000
81031417018,2019,39600,114900,154500
71003419316,2019,56000,163100,219100
80925116984,2019,800,1200,2000
70930104131,2019,81400,263600,345000
70833404109,2019,139400,351400,490800
70919227326,2019,38900,346100,385000
80924400776,2019,0,0,0
70821213207,2019,100,0,100
81019310086,2019,59800,161300,221100
70922331031,2019,178100,329900,508000
71027403220,2019,51000,207000,258000
71035113027,2019,68900,277100,346000
80924436656,2019,400,3100,3500
71006405263,2019,68000,152900,220900
71007243422,2019,0,15000,15000
70913309360,2019,73100,259800,332900
70826422308,2019,0,4000,4000
60802109038,2019,77000,199400,276400
60904111171,2019,86200,299300,385500
71021201084,2019,60100,171100,231200
70923413317,2019,1700,16300,18000
70923310159,2019,69400,132100,201500
81034106486,2019,60200,154600,214800
70921402164,2019,122700,278600,401300
81034111013,2019,62400,180500,242900
70826419024,2019,0,4000,4000
71010206160,2019,57900,172700,230600
70932209020,2019,20800,128500,149300
71016110068,2019,60500,0,60500
60802418182,2019,0,0,0
71014203146,2019,59200,169400,228600
71009215023,2019,42700,166000,208700
81030207030,2019,64000,218000,282000
70923168433,2019,6500,18500,25000
70926401070,2019,80500,189000,269500
81026354027,2019,56400,287000,343400
71006309085,2019,69200,151100,220300
81031212195,2019,37600,114000,151600
60903202038,2019,94000,175700,269700
80927401086,2019,466200,183800,650000
81030311021,2019,61300,139100,200400
71011204163,2019,37000,207200,244200
70823212108,2019,87600,243400,331000
60801234125,2019,15000,139600,154600
60803106033,2019,103200,201200,304400
60801212270,2019,69300,166400,235700
71006109089,2019,107600,97200,204800
71026301011,2019,900,0,900
70919211080,2019,91500,129500,221000
71004303146,2019,73600,170600,244200
70913321182,2019,0,0,0
60811412315,2019,98100,215000,313100
70816308039,2019,170200,468000,638200
70923127116,2019,161300,175500,336800
60801120093,2019,74300,156100,230400
70921313147,2019,109200,229800,339000
71005326171,2019,102800,258100,360900
60802104244,2019,73700,197300,271000
60801108213,2019,66100,159600,225700
70923413903,2019,0,5000,5000
70913309196,2019,74400,131000,205400
70923402120,2019,112300,235200,347500
60812406193,2019,83100,171300,254400
81016205016,2019,0,0,0
71006115052,2019,61800,157500,219300
71016104152,2019,64000,124300,188300
71034108251,2019,95000,0,95000
71005231263,2019,48500,124400,172900
71006134135,2019,35000,175000,210000
70936302151,2019,57000,183000,240000
81033304205,2019,45500,139900,185400
71022202023,2019,122500,4500,127000
70835207139,2019,88600,232600,321200
70834403233,2019,86600,170300,256900
71005227254,2019,52000,182200,234200
81026344060,2019,4300,0,4300
70814312389,2019,26100,291900,318000
81030204151,2019,53700,108600,162300
71001317059,2019,73700,261400,335100
70923148526,2019,4200,800,5000
70833410148,2019,44700,437800,482500
70928314180,2019,155300,504000,659300
60802115308,2019,20500,129500,150000
70913301085,2019,0,0,0
60903201155,2019,77900,169800,247700
70913346552,2019,88400,509600,598000
70914403054,2019,325000,356900,681900
81030400907,2019,0,0,0
70834417127,2019,13200,0,13200
71010111145,2019,63900,206500,270400
70913350066,2019,0,8000,8000
60801234084,2019,15000,153800,168800
71012217082,2019,69000,215800,284800
70813313049,2019,23900,160100,184000
70931104221,2019,149100,271200,420300
71003101020,2019,52000,193400,245400
70920309155,2019,132600,251100,383700
70814423011,2019,88200,229600,317800
80926310030,2019,69100,258700,327800
71005411047,2019,55300,132800,188100
70912450081,2019,400,3600,4000
60812313299,2019,33100,171100,204200
71026402158,2019,73800,295400,369200
70913347485,2019,2500,12500,15000
70918415469,2019,9500,33800,43300
71015116017,2019,44600,160000,204600
70826422035,2019,0,0,0
71011116045,2019,70500,225900,296400
81030204242,2019,49000,107600,156600
70835122238,2019,6500,75500,82000
81034409195,2019,67000,161100,228100
70833304193,2019,122700,384500,507200
70932106127,2019,132100,387900,520000
71005221058,2019,50900,224900,275800
71007104103,2019,100500,206100,306600
70821404070,2019,108000,327000,435000
60801411385,2019,78000,199100,277100
81026355281,2019,100,0,100
71016108013,2019,61000,120900,181900
70921112268,2019,124400,307200,431600
70926102024,2019,98600,162900,261500
71010305102,2019,57100,134500,191600
70929208043,2019,81400,208600,290000
70919221047,2019,101300,202900,304200
70923152311,2019,44100,788800,832900
70820112111,2019,100,0,100
70813323022,2019,135900,312700,448600
71001308107,2019,59500,197800,257300
70935205166,2019,45900,93800,139700
70835307294,2019,78700,221300,300000
70929106073,2019,103200,273400,376600
71007312029,2019,44800,149900,194700
80926109160,2019,54500,137000,191500
71002411066,2019,9600,0,9600
70930414150,2019,75600,239900,315500
71007103113,2019,104100,330600,434700
70834101986,2019,202500,0,202500
70929428047,2019,148500,240800,389300
71011112192,2019,46200,232100,278300
70930413061,2019,75600,220100,295700
70932210043,2019,22600,87400,110000
71006205077,2019,86700,115900,202600
71001104141,2019,67100,241800,308900
70923319078,2019,171800,236200,408000
70935302029,2019,28000,336000,364000
60801316402,2019,24000,137200,161200
70923219038,2019,100600,299400,400000
81033410060,2019,20000,97000,117000
71003100915,2019,432100,0,432100
70919206049,2019,90000,100000,190000
70914438259,2019,2200,22800,25000
70821304072,2019,0,0,0
80925406111,2019,108600,207800,316400
60812304123,2019,72800,210400,283200
71005108066,2019,50600,117200,167800
60804209159,2019,14800,0,14800
70929407140,2019,86700,225800,312500
71005413035,2019,47400,114600,162000
70824414167,2019,14600,110700,125300
70824404283,2019,115900,313100,429000
70921103043,2019,59600,160500,220100
71034103342,2019,69900,243000,312900
70926401327,2019,81100,162900,244000
60801402029,2019,76400,141300,217700
70926411128,2019,116000,1012000,1128000
70828312143,2019,75000,292900,367900
70913127035,2019,22100,321900,344000
70828413032,2019,0,0,0
60903201262,2019,84900,158100,243000
70935211030,2019,325000,416800,741800
80924419115,2019,9600,168900,178500
70920108060,2019,121600,172300,293900
71035207185,2019,43900,221600,265500
80924436854,2019,400,1600,2000
60802309274,2019,91700,215800,307500
81021303186,2019,55200,182200,237400
81026367054,2019,3200,0,3200
60901102066,2019,67000,194800,261800
71012219020,2019,21400,200400,221800
70923308162,2019,82600,267400,350000
70816306231,2019,204400,522600,727000
60801411145,2019,74300,220100,294400
70935307425,2019,4900,55100,60000
60812113144,2019,74600,179400,254000
81015104251,2019,56700,185300,242000
70835306072,2019,97100,183800,280900
71006113345,2019,17000,78900,95900
71010210145,2019,56700,154800,211500
71005221016,2019,66300,194400,260700
71003101103,2019,56100,209500,265600
71001412081,2019,57500,209500,267000
60812109078,2019,76900,205100,282000
60804210031,2019,17600,0,17600
80924415022,2019,32000,352500,384500
71007201074,2019,118200,363800,482000
70926204010,2019,77500,211100,288600
80924102017,2019,95800,266100,361900
70919200992,2019,0,0,0
71030203146,2019,78600,88700,167300
70919216171,2019,84700,158700,243400
70826412060,2019,10000,76700,86700
60802104137,2019,70700,194300,265000
70919112098,2019,113200,164200,277400
60812119184,2019,20700,157800,178500
70913113240,2019,97900,161100,259000
70920414029,2019,119600,142100,261700
70914419043,2019,182100,759900,942000
70923141752,2019,200,4300,4500
71005205143,2019,59500,134400,193900
80925106026,2019,53500,176900,230400
71003205210,2019,0,0,0
81028119073,2019,8700,64800,73500
81028119205,2019,10100,88900,99000
60801105186,2019,66100,156200,222300
70834308582,2019,29700,0,29700
70829107022,2019,73800,234400,308200
70931408194,2019,70300,189700,260000
70932101119,2019,142000,141500,283500
71006433082,2019,111300,223400,334700
70931403102,2019,103300,198300,301600
81034108432,2019,62600,152400,215000
60904108201,2019,91700,225500,317200
71016204118,2019,65900,140500,206400
70923147023,2019,8000,7000,15000
71010204164,2019,53700,195900,249600
71015107040,2019,61300,129200,190500
70913203075,2019,105000,282200,387200
80925121967,2019,800,1200,2000
60811439012,2019,20000,193300,213300
71034104027,2019,70400,187600,258000
70923150878,2019,127200,1142800,1270000
70923143914,2019,44900,541600,586500
80925117841,2019,800,1200,2000
70922347038,2019,37000,129000,166000
70828115117,2019,101200,186300,287500
60811302087,2019,81600,260900,342500
71005308369,2019,59400,176300,235700
70823409119,2019,43200,210400,253600
70921403344,2019,142900,337100,480000
81015105176,2019,67100,177800,244900
70922430015,2019,92000,308200,400200
60802305248,2019,13800,238000,251800
70836207063,2019,73700,302400,376100
71006416153,2019,55600,228600,284200
81034202193,2019,67200,205800,273000
60812102246,2019,0,0,0
70922236083,2019,211600,447300,658900
70928307044,2019,98200,190200,288400
81021305108,2019,48700,196000,244700
71011106153,2019,0,0,0
70823402204,2019,33300,164200,197500
71011126119,2019,72700,481200,553900
80925402226,2019,62200,128200,190400
71002316042,2019,3000,0,3000
70826202057,2019,660000,1580000,2240000
71009217136,2019,52000,218500,270500
70922346147,2019,0,15000,15000
81028105246,2019,58100,152800,210900
71016404023,2019,61700,159700,221400
71007223086,2019,94200,180500,274700
70920106064,2019,120800,147100,267900
70920416124,2019,141400,180200,321600
81030209119,2019,65000,118200,183200
60905112269,2019,50800,110400,161200
70833102224,2019,116700,432900,549600
80925219209,2019,55800,131800,187600
71007101117,2019,114800,246200,361000
70923168756,2019,3400,13800,17200
81028116061,2019,0,0,0
71010404996,2019,0,0,0
70922438069,2019,74800,236200,311000
71014216454,2019,7500,86400,93900
70921117036,2019,117000,261600,378600
80925411201,2019,46700,125600,172300
60802429048,2019,14600,100400,115000
71022303045,2019,68300,69700,138000
71026301037,2019,36600,0,36600
70823314011,2019,0,0,0
70923168764,2019,3400,13800,17200
71016105142,2019,63300,151700,215000
60812121303,2019,83700,205200,288900
70913348110,2019,6400,273500,279900
81026355041,2019,74700,182700,257400
70921223255,2019,127200,311500,438700
70836408025,2019,61000,132500,193500
70833404076,2019,139400,375100,514500
70919301097,2019,0,0,0
70931311016,2019,670000,1713000,2383000
60801419545,2019,16600,190000,206600
70921213149,2019,66500,256800,323300
70920408098,2019,124700,206900,331600
81031217236,2019,38500,122400,160900
60802115283,2019,20500,129500,150000
70914303014,2019,0,0,0
71014205027,2019,54800,187700,242500
70913343037,2019,11400,158400,169800
71006129053,2019,42600,111400,154000
80924406815,2019,400,1600,2000
70923159383,2019,8000,7000,15000
60812122046,2019,79200,240200,319400
70919301146,2019,92600,196500,289100
60802312079,2019,111300,273800,385100
71007114152,2019,84200,319600,403800
70836115125,2019,75200,225100,300300
80935109086,2019,78400,228500,306900
70826417549,2019,21500,119600,141100
71005403010,2019,57400,130200,187600
70835124268,2019,500,1500,2000
60801222047,2019,22300,121500,143800
71005228137,2019,47100,172900,220000
70914422137,2019,240000,1000,241000
70814424043,2019,89800,267200,357000
71015112114,2019,45200,145400,190600
60901203343,2019,61500,142800,204300
71009318124,2019,64400,139700,204100
71006427126,2019,50500,299100,349600
71006206182,2019,47600,121700,169300
60802439021,2019,34400,135400,169800
71009412231,2019,66900,122500,189400
71003401264,2019,104400,325400,429800
70824215036,2019,133500,292400,425900
70821211045,2019,130000,330400,460400
81034109232,2019,62000,186800,248800
70813329179,2019,18500,171100,189600
80924438123,2019,13300,230600,243900
70932110079,2019,181700,325400,507100
71035114108,2019,65800,258700,324500
70928308068,2019,110500,204200,314700
70834417044,2019,25200,143100,168300
71005315108,2019,54100,159000,213100
70836111040,2019,76400,206600,283000
70930104040,2019,73200,244100,317300
81026420042,2019,100,0,100
71011108068,2019,30000,211700,241700
81030304159,2019,65900,199900,265800
70816321057,2019,64200,249200,313400
80936408081,2019,71100,147900,219000
70920409137,2019,129500,326100,455600
80925117908,2019,800,1200,2000
71004301299,2019,58500,166600,225100
70816408384,2019,556000,6012000,6568000
70834308748,2019,125000,309000,434000
70913107235,2019,119700,186900,306600
60905104208,2019,48000,149700,197700
70930305135,2019,1750000,1635000,3385000
71027407107,2019,51000,183100,234100
71006115119,2019,35500,198400,233900
80924403928,2019,400,1600,2000
80936403172,2019,72800,149700,222500
71002103100,2019,0,0,0
71009311061,2019,68400,152200,220600
70823306208,2019,82300,159300,241600
80924420881,2019,400,1600,2000
70913422154,2019,75700,329100,404800
70836216494,2019,5500,96600,102100
81023209332,2019,0,1200,1200
70919223085,2019,96800,167900,264700
60906208207,2019,56700,168100,224800
81033305138,2019,44600,121400,166000
71004101061,2019,400000,3890000,4290000
80925115770,2019,800,1200,2000
70919409213,2019,104600,212100,316700
71003222024,2019,21600,74200,95800
70923317064,2019,69400,211800,281200
81021406039,2019,59200,171500,230700
71005414231,2019,48000,135000,183000
60812404139,2019,87100,168700,255800
71016410202,2019,61500,167600,229100
70923138121,2019,29300,270700,300000
70836304041,2019,84000,199000,283000
70923152303,2019,35800,628900,664700
70835108072,2019,173100,482700,655800
81034328072,2019,29300,104700,134000
71005111069,2019,48200,136500,184700
80924444089,2019,11700,228100,239800
70912407040,2019,108800,289500,398300
70828304124,2019,100,0,100
80926100978,2019,0,0,0
71004305142,2019,52800,154300,207100
70913349142,2019,33400,224600,258000
81033402075,2019,65800,269000,334800
70932113172,2019,87800,159900,247700
71016414105,2019,62900,146100,209000
71009409113,2019,60600,139400,200000
71015211073,2019,71000,208300,279300
80936116080,2019,14900,99000,113900
71010110030,2019,53200,189200,242400
70928208044,2019,100900,295800,396700
81030315164,2019,59000,136400,195400
60802302088,2019,105300,204500,309800
71005327070,2019,74100,261900,336000
81015108188,2019,61900,181800,243700
70918201264,2019,147400,222200,369600
70929303398,2019,125800,195100,320900
70816319052,2019,165600,578000,743600
70822410018,2019,33600,227400,261000
71010305087,2019,53600,163300,216900
71020306059,2019,13900,131600,145500
70936100951,2019,1500,0,1500
70919412159,2019,112200,305000,417200
70835315263,2019,51900,428000,479900
60812207038,2019,81700,167800,249500
70918412100,2019,116300,160400,276700
70836207526,2019,31300,178700,210000
70929426215,2019,112700,376600,489300
70928117287,2019,83100,202800,285900
70824204245,2019,125100,238500,363600
70901113434,2019,14400,83600,98000
71026303059,2019,0,0,0
81031405170,2019,36700,147200,183900
70929123895,2019,0,1000,1000
71009213118,2019,49700,170900,220600
60904101338,2019,82500,184100,266600
70923146695,2019,8000,7000,15000
71009305080,2019,69100,136800,205900
71005214194,2019,35100,102400,137500
70913320019,2019,251000,659000,910000
71006120142,2019,127000,200500,327500
70923316149,2019,128400,165400,293800
80925306486,2019,53800,93100,146900
71010108267,2019,54200,190400,244600
70920408486,2019,129500,271400,400900
71035101048,2019,78400,288000,366400
71007201280,2019,89200,275600,364800
81022201032,2019,0,0,0
71010215088,2019,0,0,0
80925104129,2019,61900,138600,200500
70821105016,2019,120500,314500,435000
60906108126,2019,64000,192300,256300
70814428079,2019,15200,180400,195600
80924105102,2019,104900,238000,342900
70912417065,2019,9000,91300,100300
70828314537,2019,100,0,100
60812315039,2019,38000,237000,275000
80925204078,2019,57600,165100,222700
70823205096,2019,18100,284100,302200
70836208235,2019,73700,200600,274300
70824410074,2019,106700,297400,404100
71007115019,2019,528400,848600,1377000
70913110155,2019,0,0,0
70823114031,2019,89400,175300,264700
81034415118,2019,44400,185900,230300
70932103339,2019,148200,157200,305400
60906102996,2019,0,0,0
71003406264,2019,50500,228500,279000
71009409105,2019,60000,126000,186000
70828442106,2019,0,0,0
70834201249,2019,88400,247200,335600
70923161396,2019,8000,7000,15000
70816301083,2019,161800,638700,800500
70836405279,2019,63400,217800,281200
70815305094,2019,192600,249400,442000
71007316245,2019,27000,221300,248300
70923142247,2019,44900,334600,379500
81031211080,2019,41400,127200,168600
60901201024,2019,63400,150700,214100
71010305178,2019,51000,141200,192200
71010120013,2019,55000,216600,271600
71014102132,2019,46500,143900,190400
70922312031,2019,85200,255900,341100
70917101267,2019,51500,240100,291600
70834216066,2019,91500,0,91500
60812203135,2019,84900,179300,264200
80926112452,2019,56300,151800,208100
70920106444,2019,121600,111800,233400
70835110027,2019,114200,372300,486500
81035400986,2019,14700,0,14700
71006430129,2019,117200,258300,375500
70826310066,2019,99500,316300,415800
70921419169,2019,137300,253400,390700
70834427176,2019,25600,154700,180300
70933205126,2019,174100,0,174100
71009317043,2019,68800,140200,209000
70828445043,2019,0,0,0
70833118213,2019,76000,361100,437100
81034310095,2019,82000,363000,445000
70919407168,2019,117400,322300,439700
70929202128,2019,85600,208100,293700
70928215023,2019,106100,330400,436500
70931201184,2019,63600,160400,224000
71010207275,2019,54900,178100,233000
70816414240,2019,13100,196800,209900
70814305095,2019,93400,242900,336300
70922303155,2019,141600,318300,459900
71006309027,2019,32800,138800,171600
80924421673,2019,400,1600,2000
60802108238,2019,70100,182700,252800
70814414060,2019,89800,207200,297000
71011118645,2019,30500,230500,261000
70922430172,2019,141900,290300,432200
71009214091,2019,51900,160600,212500
71004317288,2019,54100,156200,210300
70913347112,2019,2500,12500,15000
60811108146,2019,106800,326700,433500
70926413033,2019,44800,63500,108300
60801408134,2019,93700,168000,261700
70929109027,2019,89900,227800,317700
70932205185,2019,132000,535000,667000
70826416533,2019,21500,129500,151000
70922202018,2019,111300,286500,397800
81028121797,2019,8700,69300,78000
71021113429,2019,15100,112200,127300
81019301019,2019,64300,164500,228800
60812329056,2019,13400,155700,169100
70936308068,2019,58100,147900,206000
60904105140,2019,78700,270800,349500
71006409174,2019,65900,242400,308300
70813332023,2019,55500,311500,367000
81026416067,2019,1700,0,1700
70836213284,2019,11600,135700,147300
60801302196,2019,73000,137600,210600
70913346669,2019,8000,160000,168000
70833208014,2019,89900,293100,383000
80924407839,2019,400,1600,2000
70933206059,2019,235500,506800,742300
70930107101,2019,1460000,5045000,6505000
71015303028,2019,249500,844000,1093500
81030310148,2019,66300,155200,221500
71010307190,2019,54600,173400,228000
70920402272,2019,138100,199800,337900
60811116206,2019,18800,215100,233900
70821110049,2019,120000,300900,420900
60801108164,2019,66700,155900,222600
70921419193,2019,143300,451700,595000
70921208017,2019,0,0,0
70822414416,2019,17400,133800,151200
70929405110,2019,88600,345400,434000
80925114847,2019,800,1200,2000
71006108221,2019,67200,132100,199300
71009301020,2019,68600,121000,189600
71020308154,2019,10200,106800,117000
70923155026,2019,0,0,0
81033305203,2019,44000,147600,191600
60801207099,2019,70000,203600,273600
70932210837,2019,0,5000,5000
71005201068,2019,59000,321000,380000
70923217256,2019,0,0,0
81026207127,2019,4800,0,4800
81021109047,2019,63200,199500,262700
70928102303,2019,149000,201000,350000
70913335018,2019,26400,184600,211000
71009107098,2019,57200,146400,203600
60903217029,2019,44800,115200,160000
60801401089,2019,73300,145500,218800
60801219135,2019,90300,147800,238100
70826418191,2019,0,0,0
81020400991,2019,0,0,0
71006114161,2019,56300,229300,285600
70912446056,2019,9000,91300,100300
70922205046,2019,737000,5538000,6275000
70929121071,2019,109600,181100,290700
71002305029,2019,11500,0,11500
70826100912,2019,2761000,1239000,4000000
70822106063,2019,0,0,0
60801407194,2019,99300,239500,338800
70922428135,2019,163400,498600,662000
70919110125,2019,115600,177100,292700
60906111088,2019,56500,192800,249300
81033303017,2019,43000,156000,199000
80926111090,2019,59900,136700,196600
81034103177,2019,68100,165900,234000
71003312213,2019,49300,141900,191200
71006120184,2019,72600,169200,241800
70922105014,2019,0,0,0
71006206083,2019,38700,218300,257000
70828424021,2019,0,0,0
70918408068,2019,114800,344900,459700
70933203104,2019,136600,268400,405000
70913415191,2019,106200,476800,583000
71015201313,2019,84000,194800,278800
70932424206,2019,50500,88600,139100
70834427069,2019,25600,159300,184900
70816414307,2019,13100,238900,252000
71005229169,2019,48500,130300,178800
80926304182,2019,71800,202800,274600
70923305069,2019,82000,363000,445000
70814428376,2019,15200,172000,187200
71005332136,2019,154300,368400,522700
80925414057,2019,56400,189600,246000
70922439257,2019,74500,439000,513500
70836213549,2019,11600,115700,127300
70923317220,2019,74500,443000,517500
70923104031,2019,99000,1019000,1118000
81026355421,2019,4500,0,4500
71010216218,2019,18400,58400,76800
70823203090,2019,120600,314200,434800
81028118843,2019,8700,85500,94200
70919102023,2019,128400,226500,354900
81023306047,2019,35600,93900,129500
81019305029,2019,56300,159700,216000
60811103188,2019,102500,269300,371800
81031209118,2019,43900,155400,199300
70823204113,2019,113400,330200,443600
70918210124,2019,71500,136100,207600
80925114087,2019,12100,270300,282400
80924425138,2019,9900,182300,192200
80936403106,2019,74000,211000,285000
70913314046,2019,115100,432200,547300
70920410506,2019,124700,250200,374900
70923163219,2019,44900,310100,355000
70921214064,2019,115000,261200,376200
81028105204,2019,0,0,0
70928217095,2019,95000,178100,273100
70913434480,2019,0,2300,2300
70833202066,2019,100800,198800,299600
70823108224,2019,98500,318200,416700
60811438064,2019,20000,181700,201700
71006128089,2019,57500,140400,197900
70923412351,2019,1700,16300,18000
70931403251,2019,106800,201200,308000
71015211172,2019,74400,185300,259700
70921203083,2019,132000,1923000,2055000
70923164259,2019,44900,455100,500000
71006113361,2019,58800,205500,264300
81026351057,2019,3400,0,3400
70936200975,2019,165000,684300,849300
70922422137,2019,101100,274300,375400
80936205057,2019,63300,115600,178900
71003101070,2019,57300,236500,293800
70923167948,2019,3400,13800,17200
70824414365,2019,16100,88800,104900
70913333046,2019,28300,74300,102600
71006204053,2019,47100,99000,146100
71009409197,2019,61600,159100,220700
71007228044,2019,99200,161900,261100
80925122923,2019,800,1200,2000
70833102076,2019,146700,431700,578400
70834205027,2019,81600,238400,320000
70931412228,2019,87300,197700,285000
81028116144,2019,60500,126300,186800
70834409017,2019,0,0,0
70922207068,2019,117700,251100,368800
70918321971,2019,0,2000,2000
70813108094,2019,112100,155600,267700
60803119226,2019,66600,425400,492000
71027411059,2019,0,0,0
70816402154,2019,164000,359000,523000
70826211545,2019,13700,58100,71800
70929405087,2019,88600,239600,328200
81031212137,2019,36900,123600,160500
70918305107,2019,75400,139100,214500
81031207089,2019,25900,123900,149800
81031224497,2019,40000,178600,218600
70922439330,2019,70300,268800,339100
71010410092,2019,65600,125600,191200
80925406145,2019,59100,187700,246800
71006207023,2019,49800,185500,235300
81034108490,2019,64500,154800,219300
70824407104,2019,101900,221000,322900
71021113239,2019,15100,92200,107300
81032408024,2019,43800,130200,174000
70823400886,2019,0,0,0
70813103094,2019,166000,204700,370700
81034329046,2019,29300,116700,146000
71006123203,2019,35300,134600,169900
71035111071,2019,70300,289700,360000
71005113073,2019,57200,83100,140300
70935307227,2019,4900,69600,74500
70922232031,2019,126200,539900,666100
71011120161,2019,42700,246200,288900
71010305152,2019,50500,150200,200700
71016405021,2019,62400,142500,204900
60801203253,2019,66700,165000,231700
70921305087,2019,155000,420600,575600
70923201134,2019,268000,397000,665000
81021304027,2019,38700,182300,221000
60812221020,2019,22300,192700,215000
71004301215,2019,54100,139700,193800
71019404096,2019,95100,274900,370000
71015405098,2019,46400,245000,291400
71005334132,2019,110100,252200,362300
71005229044,2019,39200,125800,165000
60802411269,2019,64300,168700,233000
81028118463,2019,8700,65800,74500
70921118068,2019,127200,407300,534500
70922316025,2019,91400,419000,510400
70834307120,2019,212800,524800,737600
70923150563,2019,40100,282300,322400
81028118687,2019,10800,97200,108000
70834418018,2019,20300,128200,148500
70913113042,2019,105200,267300,372500
70829108179,2019,77300,266700,344000
71020309342,2019,23800,177500,201300
70813402115,2019,346200,482800,829000
80936205081,2019,0,0,0
60801109287,2019,63300,163600,226900
60801316022,2019,24000,135800,159800
71009408157,2019,66000,135500,201500
70929303190,2019,87000,258000,345000
71004305085,2019,58500,132700,191200
70914418061,2019,163600,385600,549200
70826410501,2019,68000,172000,240000
71002436064,2019,72400,68500,140900
81028110112,2019,67700,144000,211700
70930103133,2019,73800,197900,271700
70922222040,2019,116400,204500,320900
70835103072,2019,60900,255900,316800
80926106041,2019,59400,142600,202000
81027209073,2019,12000,102000,114000
71015115051,2019,39100,171400,210500
60812407290,2019,77200,239000,316200
60904107112,2019,91500,211500,303000
70816307023,2019,199300,471700,671000
71010310143,2019,50100,132900,183000
70923170777,2019,2100,600,2700
70931411387,2019,94900,204300,299200
81034107327,2019,57400,172100,229500
71035116146,2019,67500,241500,309000
81034408212,2019,69400,166200,235600
60811412274,2019,91800,358200,450000
71003407048,2019,51600,199700,251300
81022104038,2019,0,0,0
70836405360,2019,66600,174300,240900
81031419064,2019,38400,92200,130600
71005334174,2019,90400,295500,385900
81035117052,2019,37300,0,37300
70834428025,2019,20300,174900,195200
70921311117,2019,85500,296600,382100
70923147164,2019,8000,7000,15000
70833118130,2019,87700,317900,405600
71009106222,2019,298000,1143500,1441500
70923158187,2019,45200,265700,310900
71007206066,2019,60300,142000,202300
71010410208,2019,97700,149800,247500
70913109116,2019,128100,97200,225300
71001331116,2019,64100,192700,256800
71014210274,2019,62200,153700,215900
60804103129,2019,88800,308200,397000
70918416045,2019,9500,33800,43300
80925408133,2019,55200,135800,191000
70932107076,2019,149100,294900,444000
70836110208,2019,141300,406400,547700
71007230106,2019,7700,128200,135900
70921401041,2019,122800,313300,436100
60801201140,2019,70800,202200,273000
71005318160,2019,109100,195800,304900
70835117081,2019,12400,113800,126200
71010404409,2019,52000,169700,221700
71007220149,2019,124400,304300,428700
70835306064,2019,97100,191400,288500
71002106021,2019,9500,153600,163100
70926114087,2019,81400,239000,320400
70918225206,2019,35600,135200,170800
71022202122,2019,212000,698000,910000
70931305192,2019,99000,175600,274600
80926308069,2019,70300,296300,366600
70824212066,2019,254500,43300,297800
70912402165,2019,93400,237700,331100
70918416384,2019,9500,33800,43300
81034412023,2019,68400,144300,212700
71006115036,2019,61800,165800,227600
70918213053,2019,74200,266800,341000
80926108154,2019,53400,127400,180800
71003106020,2019,53100,183900,237000
70925205043,2019,77500,173600,251100
70932109197,2019,232400,266900,499300
71014307047,2019,54900,189500,244400
70921221077,2019,121400,265100,386500
70923166015,2019,52100,273600,325700
70913116187,2019,0,0,0
60812407141,2019,74000,211500,285500
71008102205,2019,37500,175300,212800
71015101141,2019,57700,138300,196000
80926406102,2019,49000,461000,510000
70913111111,2019,91600,238900,330500
60802408266,2019,64000,194100,258100
60804208101,2019,0,0,0
60906104091,2019,72100,156700,228800
70923148534,2019,4200,800,5000
71016414147,2019,0,0,0
70920212184,2019,119700,216200,335900
60802404066,2019,79500,171800,251300
70829102973,2019,5000,0,5000
70929211096,2019,88200,155800,244000
71011407080,2019,120500,262200,382700
71005110029,2019,30900,68800,99700
71011406066,2019,88900,300000,388900
70823107226,2019,89000,205100,294100
70922439033,2019,94500,348500,443000
71007229117,2019,79500,300200,379700
81031224330,2019,68300,116000,184300
60801107075,2019,66700,164400,231100
70931102100,2019,151500,210100,361600
70826406055,2019,69100,185100,254200
70823306290,2019,82300,187900,270200
70929204017,2019,101900,147600,249500
70922346246,2019,0,15000,15000
70923141497,2019,200,3000,3200
70932207107,2019,20400,125600,146000
70913415084,2019,104400,501300,605700
71004407328,2019,45300,143700,189000
70932416055,2019,95000,205000,300000
70929116246,2019,100000,230700,330700
70928215099,2019,114300,252700,367000
71006130018,2019,0,0,0
70834212022,2019,63200,208900,272100
70823122034,2019,24400,93400,117800
70922114031,2019,161000,1560000,1721000
70829105034,2019,47400,254400,301800
70935102031,2019,46300,65800,112100
70834400982,2019,0,0,0
81032310120,2019,58000,367000,425000
71002311141,2019,62600,323500,386100
70931212206,2019,74700,274500,349200
60801313193,2019,75100,263200,338300
80924309100,2019,65700,241800,307500
71003107036,2019,53100,174100,227200
71005227296,2019,38400,187800,226200
70815307024,2019,156500,378200,534700
70929121146,2019,113200,229300,342500
80925307111,2019,68500,97300,165800
70921317131,2019,114800,324700,439500
71034105546,2019,0,0,0
71010306225,2019,50500,144300,194800
70932210895,2019,0,5000,5000
60801222120,2019,22300,123100,145400
70820112046,2019,0,0,0
70913433317,2019,10600,285200,295800
70912405094,2019,103900,291100,395000
71015106092,2019,66400,129100,195500
70833305018,2019,0,0,0
70833302642,2019,224000,483200,707200
70928106082,2019,108400,237200,345600
70913103192,2019,82500,410600,493100
71005315166,2019,56200,195900,252100
70814422104,2019,97200,219600,316800
70919301013,2019,108900,217100,326000
81031213242,2019,38500,89700,128200
80926104318,2019,53500,163300,216800
80936118044,2019,14900,98400,113300
81032408214,2019,24300,154500,178800
70931404019,2019,108900,214200,323100
70836404172,2019,62100,186400,248500
71005225125,2019,48200,93600,141800
71005108173,2019,44800,153600,198400
70928107056,2019,108400,239200,347600
71021225167,2019,69300,319100,388400
70913108283,2019,68700,225500,294200
70835122767,2019,6500,77200,83700
70828111058,2019,105500,217900,323400
70833203048,2019,107100,220300,327400
60811115133,2019,105600,196500,302100
70926111140,2019,77400,217600,295000
60813204059,2019,100,0,100
70929106180,2019,83100,250100,333200
70921309071,2019,110100,210400,320500
70918411227,2019,132700,337700,470400
81028121341,2019,8700,61500,70200
60906203190,2019,109000,166000,275000
81034113019,2019,27500,127500,155000
70922216035,2019,140500,282700,423200
71014209136,2019,58000,156700,214700
71016204184,2019,60100,134900,195000
81034107070,2019,57000,166100,223100
71016101059,2019,33000,517000,550000
80925405030,2019,51600,148400,200000
71010210103,2019,56300,145900,202200
71011309054,2019,32700,84600,117300
70828301229,2019,100,0,100
71009107171,2019,54100,120100,174200
70825201232,2019,1100000,1187000,2287000
70824401049,2019,119500,327400,446900
70921411066,2019,142900,335300,478200
70828108063,2019,90300,184800,275100
71014301221,2019,55400,275200,330600
70922310069,2019,150200,437500,587700
81026352104,2019,47800,216700,264500
60812317019,2019,78000,226900,304900
71034102344,2019,66800,202300,269100
70929305120,2019,88700,272300,361000
70928212136,2019,97800,127200,225000
70816402170,2019,163000,343500,506500
70922223022,2019,116400,346700,463100
71015119095,2019,40600,167900,208500
70912450015,2019,12900,276500,289400
80924404091,2019,7500,126500,134000
70929219107,2019,85100,350300,435400
80925114029,2019,12600,197300,209900
70828440085,2019,0,0,0
70913347211,2019,2500,12500,15000
70929418121,2019,89900,240100,330000
60906202176,2019,63300,135700,199000
81033304239,2019,45500,128700,174200
60812102155,2019,0,0,0
70922233089,2019,102600,178200,280800
70836312218,2019,19100,193000,212100
70824102100,2019,110600,184400,295000
70921206095,2019,341000,238000,579000
71007227062,2019,190700,361500,552200
70926108238,2019,77000,157000,234000
80924413901,2019,400,1600,2000
71016207104,2019,62700,158000,220700
70920105074,2019,106000,324000,430000
71015102074,2019,66100,122600,188700
71027204016,2019,647400,0,647400
81031219068,2019,38500,116000,154500
70821217118,2019,0,0,0
70928106272,2019,109100,365600,474700
70920103185,2019,129000,128100,257100
80924427887,2019,400,1600,2000
81030216015,2019,0,0,0
70835122220,2019,6500,75200,81700
70929209273,2019,83800,190200,274000
60802115647,2019,20500,128900,149400
80925413140,2019,51600,126200,177800
71021113015,2019,15100,101900,117000
70928301111,2019,166400,172100,338500
80925202030,2019,57100,143600,200700
60801410080,2019,73700,207100,280800
60801308277,2019,73500,157400,230900
70921304120,2019,154800,160800,315600
81032310203,2019,36700,122900,159600
71005205044,2019,47900,116600,164500
70826309134,2019,110900,355900,466800
70923168730,2019,3400,13800,17200
71006421251,2019,59700,142700,202400
60812111403,2019,81900,210400,292300
70920107236,2019,126600,211600,338200
81031222160,2019,38100,148500,186600
71002106170,2019,9500,161500,171000
70920301234,2019,101700,173700,275400
70920403147,2019,107100,271100,378200
70826417200,2019,21500,113500,135000
71009307101,2019,74000,124500,198500
80936203275,2019,18000,127800,145800
71005205218,2019,86200,138600,224800
70913350579,2019,0,15000,15000
70914406107,2019,125700,331300,457000
81028105163,2019,59000,161600,220600
70821203125,2019,102000,294900,396900
60812216039,2019,37500,132200,169700
70821106014,2019,200,0,200
60801205043,2019,66100,189500,255600
70919112030,2019,102600,214900,317500
71004408300,2019,58500,156200,214700
70913114149,2019,108500,147700,256200
81031224512,2019,41000,305800,346800
71015402052,2019,401900,1762800,2164700
80925107165,2019,54300,148000,202300
70935306039,2019,77000,220000,297000
70923175082,2019,3300,11700,15000
71035111021,2019,75000,250000,325000
71003415132,2019,0,0,0
70813329111,2019,18600,163600,182200
70923167055,2019,6500,18500,25000
70835203319,2019,126200,429000,555200
70929421116,2019,133700,276600,410300
70923166479,2019,84700,383600,468300
80926105051,2019,60700,155400,216100
70826417896,2019,21500,126100,147600
71007243191,2019,0,15000,15000
70823121466,2019,20000,103200,123200
80924429057,2019,13300,203000,216300
70922301125,2019,117600,340000,457600
70826416369,2019,21500,118600,140100
70913205047,2019,112400,432600,545000
81031203178,2019,39900,107100,147000
71005210126,2019,110000,43000,153000
70922330124,2019,142800,623400,766200
81034110114,2019,66900,187800,254700
81034323014,2019,29100,123700,152800
81021408043,2019,56200,190100,246300
70923145689,2019,8000,7000,15000
70834430020,2019,36900,154000,190900
70913340091,2019,56100,300700,356800
70823305143,2019,74000,193400,267400
70821212241,2019,100,0,100
70824414076,2019,11300,71700,83000
81030304208,2019,68500,203500,272000
70931208247,2019,75100,174500,249600
81028119346,2019,10800,90200,101000
70931102035,2019,140400,183800,324200
81032425052,2019,29400,126700,156100
70823413201,2019,20300,173300,193600
71007305032,2019,110400,313400,423800
70929426067,2019,101400,243000,344400
81031226047,2019,47800,154000,201800
70921410084,2019,137400,309100,446500
70836204150,2019,70900,195800,266700
70913409037,2019,0,0,0
70836203037,2019,73600,184000,257600
60812203101,2019,86000,195000,281000
70813320995,2019,400,2100,2500
70814104132,2019,104700,266800,371500
70922345529,2019,95500,320300,415800
71003203115,2019,54300,156100,210400
70918412192,2019,0,0,0
70923143500,2019,44900,301900,346800
71004315191,2019,54700,231800,286500
70921311084,2019,85500,159700,245200
70816414159,2019,13100,236900,250000
70926109070,2019,81200,295600,376800
71007215025,2019,104700,159600,264300
70920216160,2019,10700,295300,306000
71006312260,2019,63200,260000,323200
70814301100,2019,126000,261000,387000
81026355471,2019,3800,0,3800
71001323270,2019,63500,215900,279400
70913415042,2019,94500,318000,412500
60801419496,2019,16600,184600,201200
81028118182,2019,10100,97400,107500
60905102210,2019,56700,182900,239600
70932405032,2019,79500,125500,205000
70930408111,2019,88700,211000,299700
81023309174,2019,35600,100100,135700
70828113020,2019,88700,195100,283800
70935107065,2019,47300,183100,230400
70823410075,2019,1353000,230000,1583000
71005225026,2019,47100,212000,259100
70919228134,2019,24100,349400,373500
71016401285,2019,244000,856000,1100000
71016410145,2019,61500,160400,221900
81026356065,2019,100,0,100
70923211349,2019,171700,6128300,6300000
70922320208,2019,121400,346300,467700
60812112146,2019,76900,184100,261000
70913350214,2019,0,8000,8000
71011303048,2019,56100,160100,216200
81034310110,2019,88000,867000,955000
70922216168,2019,193900,508500,702400
70815308329,2019,168700,341500,510200
60803105283,2019,101400,176900,278300
70816414076,2019,13100,219000,232100
71003406272,2019,51900,176200,228100
71011108373,2019,30000,233600,263600
70914436112,2019,42800,341200,384000
70913349374,2019,35500,235200,270700
71009217011,2019,43700,118500,162200
70936302193,2019,56400,174600,231000
71006311246,2019,60900,150600,211500
71005332029,2019,61300,246400,307700
70929223356,2019,96200,298200,394400
81015108047,2019,58100,188800,246900
71015118188,2019,52500,196500,249000
70920109034,2019,82200,227800,310000
71007302202,2019,103000,282500,385500
70932406204,2019,80900,104900,185800
70913403047,2019,91900,355700,447600
70932208080,2019,14200,110100,124300
70824412088,2019,109200,187900,297100
70932414059,2019,373000,189000,562000
80936120023,2019,13800,97800,111600
80925308284,2019,74100,81000,155100
60801225306,2019,15000,136300,151300
60811403033,2019,76200,177600,253800
70923154242,2019,0,7500,7500
70930416099,2019,75600,221600,297200
70922223113,2019,107300,285100,392400
60811111107,2019,103300,278900,382200
70836401061,2019,68500,199700,268200
71021202230,2019,0,0,0
70931415107,2019,67900,114000,181900
71001335035,2019,35500,171300,206800
71006110101,2019,69200,118700,187900
81034305062,2019,212000,1973000,2185000
70828311103,2019,64900,337500,402400
81034102020,2019,67200,164600,231800
60802415120,2019,82000,333000,415000
71010103267,2019,0,0,0
81033204182,2019,54900,143000,197900
70824301067,2019,96900,207100,304000
71002304063,2019,0,0,0
70813323105,2019,154800,386800,541600
70923148782,2019,4200,800,5000
70918102040,2019,636400,195200,831600
70932302072,2019,220000,92000,312000
80924408754,2019,400,1600,2000
70913415076,2019,125100,409800,534900
71002402031,2019,69900,248700,318600
70923148394,2019,4200,800,5000
60811104144,2019,105100,292100,397200
70833109056,2019,79800,223900,303700
60803107114,2019,103200,196800,300000
70918305206,2019,74800,133000,207800
70823110120,2019,89400,201200,290600
70913114298,2019,70100,307900,378000
60801202198,2019,68400,168300,236700
70828312119,2019,75000,284000,359000
70923163136,2019,44900,271500,316400
71005345048,2019,78600,181400,260000
70836201122,2019,72100,197900,270000
71005316164,2019,53300,146400,199700
81031202097,2019,49300,134000,183300
70816313020,2019,133500,244100,377600
71014204152,2019,54100,169200,223300
60903206098,2019,81400,193400,274800
70919403281,2019,111200,339600,450800
70913434521,2019,0,2300,2300
70816408029,2019,193600,340400,534000
70822414656,2019,17500,133700,151200
70824101053,2019,103100,354400,457500
81031301089,2019,90800,100,90900
80935109078,2019,68800,185200,254000
70828418082,2019,0,0,0
70924219946,2019,0,25000,25000
81028407014,2019,427500,457500,885000
70835110085,2019,101500,202100,303600
70926109038,2019,76000,124600,200600
81028119601,2019,10100,89100,99200
71014106382,2019,12500,152500,165000
81028118744,2019,10100,87700,97800
81033302019,2019,38000,117600,155600
80926402118,2019,55200,92600,147800
70823211382,2019,76800,202300,279100
60801401253,2019,82800,159300,242100
70926201206,2019,165800,256900,422700
80936209116,2019,63900,109100,173000
71015101208,2019,50300,139700,190000
71005340113,2019,98100,344600,442700
70824301306,2019,96200,268300,364500
81021110044,2019,61300,169200,230500
70923317098,2019,44000,267500,311500
70815104066,2019,693000,2572000,3265000
70921107095,2019,124700,426600,551300
70814412105,2019,87700,134600,222300
71005304135,2019,60500,104400,164900
70919409106,2019,102500,257300,359800
70922316075,2019,115400,373000,488400
70828301261,2019,12300,0,12300
80924426152,2019,11000,177000,188000
70935207047,2019,66200,177800,244000
70836117113,2019,70800,208700,279500
70926108113,2019,77000,137800,214800
70923309243,2019,0,0,0
81033308257,2019,6300,64800,71100
71011421105,2019,50700,236600,287300
70929123770,2019,0,1000,1000
71005339017,2019,101100,354700,455800
70934402036,2019,110000,108000,218000
70913205261,2019,95500,173200,268700
81031206049,2019,49800,180300,230100
70836405485,2019,66500,145100,211600
70922344026,2019,166300,894200,1060500
60905213017,2019,4200,47100,51300
70913406223,2019,92400,218300,310700
71001318180,2019,660400,0,660400
70813301094,2019,77400,104900,182300
70821114132,2019,61300,209700,271000
81027206277,2019,209200,2092000,2301200
71010407156,2019,60400,185000,245400
70919202089,2019,63000,174400,237400
71011122208,2019,34200,209100,243300
71034105067,2019,76000,191300,267300
80936402041,2019,41000,479000,520000
70922226042,2019,243200,810700,1053900
71006407251,2019,54100,165700,219800
81030205050,2019,48200,117300,165500
70920303123,2019,124100,350300,474400
70928224165,2019,98500,211000,309500
70920405193,2019,105300,181100,286400
81031221071,2019,37600,131600,169200
60801212494,2019,89400,127100,216500
70834216214,2019,0,0,0
71011307016,2019,0,0,0
70922207076,2019,120600,382100,502700
70813331017,2019,55500,313000,368500
70922325068,2019,139800,325200,465000
70932210944,2019,0,5000,5000
70914404036,2019,118800,621200,740000
70935112022,2019,0,0,0
70824410272,2019,120600,281700,402300
71011211069,2019,54300,204400,258700
81023304421,2019,35600,130000,165600
71015205109,2019,71200,155900,227100
81032408165,2019,37700,164300,202000
70922212158,2019,247600,847500,1095100
60812323222,2019,28500,168400,196900
81026360115,2019,100,0,100
70923165603,2019,29500,143800,173300
70834215026,2019,90000,273100,363100
71027415019,2019,0,0,0
71009217102,2019,37500,134500,172000
80925309034,2019,62800,95600,158400
81032401086,2019,0,0,0
71003414069,2019,59300,194800,254100
71006126273,2019,72000,198000,270000
70923116094,2019,190800,119500,310300
60802423024,2019,18900,132200,151100
70913349324,2019,42400,289300,331700
70920109141,2019,117300,266100,383400
71004313351,2019,54100,152100,206200
70926409264,2019,1900,0,1900
70828401045,2019,0,0,0
81033308116,2019,6400,64800,71200
70932113023,2019,85500,190200,275700
70826419842,2019,0,4000,4000
71009106165,2019,304000,1129000,1433000
71010106138,2019,53200,207900,261100
70930102028,2019,73200,208200,281400
70814312074,2019,26100,288900,315000
71001302068,2019,65300,165100,230400
70816314010,2019,142000,309500,451500
80925109153,2019,54900,119300,174200
70816405025,2019,156100,384700,540800
70836410012,2019,55400,133700,189100
60802312350,2019,99300,267400,366700
70836412018,2019,71200,175700,246900
70929425126,2019,87300,202700,290000
71020302122,2019,87500,140100,227600
60905213174,2019,4200,45600,49800
81033103136,2019,55900,115900,171800
70821404111,2019,108000,367100,475100
81034414087,2019,66300,196600,262900
71021221264,2019,55300,147100,202400
71001319112,2019,65700,175600,241300
70912426024,2019,9000,91300,100300
70919303085,2019,101400,198200,299600
81021301198,2019,55900,180800,236700
70918415617,2019,9500,33800,43300
71007101026,2019,102800,296200,399000
70834413026,2019,24200,179500,203700
81026423096,2019,100,0,100
70820110074,2019,0,0,0
70920418394,2019,106400,212200,318600
70921110014,2019,139700,444500,584200
70913401182,2019,137900,113700,251600
81034405028,2019,68300,266100,334400
70920418071,2019,134100,177600,311700
60906201269,2019,72200,157300,229500
70823110477,2019,89400,191200,280600
70920420373,2019,153200,110800,264000
60812406094,2019,96200,175400,271600
70913311141,2019,61100,328200,389300
80925110259,2019,55200,132400,187600
71027106022,2019,0,0,0
70828446033,2019,0,0,0
70823407064,2019,54400,204400,258800
70928106248,2019,109100,327600,436700
80924401039,2019,23100,153000,176100
81034302092,2019,44100,131200,175300
60812330318,2019,0,5000,5000
60811401144,2019,84500,217400,301900
70822414185,2019,17500,135900,153400
71016407077,2019,62400,136100,198500
60901202204,2019,60400,160600,221000
70824302031,2019,99100,477000,576100
70929401176,2019,90200,260200,350400
81031212129,2019,36900,114700,151600
71006130216,2019,40700,110900,151600
70826419743,2019,0,4000,4000
81021303053,2019,51600,167100,218700
70836411101,2019,61000,151400,212400
70821108101,2019,134600,275700,410300
70929309081,2019,84300,149000,233300
60812120082,2019,78000,157400,235400
71006112074,2019,69200,144000,213200
71010412056,2019,56400,160300,216700
70918206024,2019,116400,364500,480900
60803101182,2019,106100,185800,291900
70836216353,2019,5500,104500,110000
71006111018,2019,45700,168700,214400
70923167766,2019,6500,18500,25000
70829402042,2019,12700,0,12700
70936406317,2019,62700,161700,224400
80924422663,2019,0,0,0
71003418243,2019,53900,168300,222200
81014302070,2019,673000,7787000,8460000
70815310027,2019,18900,163100,182000
60905210021,2019,0,0,0
60811202021,2019,92800,187700,280500
71010404293,2019,57200,163300,220500
70920302125,2019,138300,446400,584700
70919301120,2019,99800,159100,258900
70930102060,2019,84600,165400,250000
70918225173,2019,22700,147900,170600
70920220210,2019,0,4000,4000
71003407303,2019,55000,213400,268400
70923156636,2019,5000,10000,15000
70823110104,2019,89900,157100,247000
60802418025,2019,76900,186300,263200
81032105026,2019,220000,1171200,1391200
71015116116,2019,50600,160600,211200
81021201033,2019,0,0,0
70919410210,2019,106200,328000,434200
70913223065,2019,8200,391700,399900
71020301041,2019,372100,346100,718200
80925410162,2019,66500,191500,258000
70918411160,2019,129700,128200,257900
70833123064,2019,104100,365900,470000
70833101078,2019,159200,389700,548900
80936101065,2019,13800,96900,110700
60803104243,2019,103200,232200,335400
71010201160,2019,52600,157700,210300
81014303622,2019,32800,151200,184000
71006104021,2019,55400,181500,236900
60812111510,2019,0,0,0
81023308225,2019,35600,100100,135700
71023401020,2019,0,0,0
70929216020,2019,87900,302800,390700
81030205456,2019,52800,124200,177000
70913127085,2019,18800,185900,204700
60811202013,2019,94400,189200,283600
71005413043,2019,47600,114100,161700
70826416749,2019,21500,118500,140000
70924221090,2019,32900,86900,119800
81028105171,2019,59000,172000,231000
80926101190,2019,53200,134800,188000
71003402048,2019,61900,203600,265500
70922237213,2019,134500,156100,290600
81031213135,2019,38100,133700,171800
71019406175,2019,80700,114800,195500
70814205063,2019,106300,266800,373100
70923215078,2019,134400,40000,174400
71009319081,2019,69400,161900,231300
70914438225,2019,2200,22800,25000
70833107076,2019,102600,298900,401500
70928107238,2019,107000,287600,394600
70813404145,2019,495700,140700,636400
71003301109,2019,55700,202600,258300
70923206150,2019,0,0,0
71010208083,2019,53500,173100,226600
70929402017,2019,98300,198100,296400
70929205172,2019,83800,168200,252000
70913422253,2019,119400,402600,522000
70914438431,2019,2200,22800,25000
70934308044,2019,77000,120000,197000
70919105093,2019,102700,204300,307000
81030312219,2019,57500,154100,211600
71035207606,2019,43900,218600,262500
71026101023,2019,0,0,0
71010114040,2019,57000,248100,305100
81034410093,2019,66000,182000,248000
71005415106,2019,60600,134200,194800
80925115960,2019,800,1200,2000
70822102186,2019,132300,241000,373300
81021403209,2019,43700,164500,208200
81034202391,2019,0,0,0
70923154375,2019,0,7500,7500
71005407335,2019,41400,139400,180800
71005330106,2019,101100,286900,388000
71002415018,2019,71600,418400,490000
70824304102,2019,107500,179500,287000
81034117045,2019,68300,196400,264700
71010208075,2019,55900,175400,231300
71004408136,2019,52100,92900,145000
81030400981,2019,527200,778500,1305700
80925415964,2019,307500,679500,987000
70835209218,2019,78200,212800,291000
70834308665,2019,24500,0,24500
70836216147,2019,5400,93200,98600
60904105166,2019,78700,202300,281000
70834427275,2019,25600,157100,182700
71006113197,2019,37000,178200,215200
70928214025,2019,100000,346700,446700
81035103019,2019,0,0,0
71007302236,2019,104300,325400,429700
80924421821,2019,400,1600,2000
81016204034,2019,0,0,0
60802413124,2019,0,0,0
70820119018,2019,100,0,100
80924419967,2019,400,1600,2000
81031211238,2019,43700,133100,176800
81031411234,2019,40700,157000,197700
81015105225,2019,57600,170900,228500
71016114185,2019,54900,139600,194500
70829102022,2019,76800,220100,296900
70932118049,2019,21800,98100,119900
60906105114,2019,72100,218100,290200
71015101266,2019,105600,145900,251500
71011405191,2019,95700,265500,361200
71007205068,2019,59700,190300,250000
70926205026,2019,84100,291700,375800
71011212140,2019,57800,188100,245900
80924412937,2019,400,1600,2000
71035115130,2019,64700,230800,295500
70928215065,2019,106100,274400,380500
71014308061,2019,54300,185400,239700
70816313070,2019,135300,305700,441000
70929109035,2019,89900,290100,380000
70813310409,2019,20100,179900,200000
60801113527,2019,61200,166200,227400
70926203038,2019,175900,325600,501500
70822402049,2019,2684000,7092000,9776000
70923173010,2019,3300,11700,15000
70923119030,2019,229000,413000,642000
80924426144,2019,8600,166800,175400
71027408030,2019,62500,177500,240000
70931403194,2019,106800,179400,286200
70923310050,2019,102700,142900,245600
71011125096,2019,65500,244400,309900
70833301157,2019,116700,378500,495200
70923211282,2019,107400,527600,635000
71014106027,2019,12500,174000,186500
71010313379,2019,55700,155300,211000
70829105216,2019,47400,263000,310400
70835123129,2019,6500,69600,76100
60801417127,2019,16300,163200,179500
80936120065,2019,13800,112600,126400
80925120901,2019,800,1200,2000
81031414072,2019,37600,145300,182900
71003314136,2019,48400,156000,204400
71015101125,2019,53400,131200,184600
70931310240,2019,98000,182000,280000
70928204191,2019,97800,292400,390200
70920113192,2019,0,0,0
60812330277,2019,0,5000,5000
71014215274,2019,7800,132100,139900
70921121029,2019,128900,272800,401700
70822414614,2019,11800,102200,114000
70923165653,2019,54100,265900,320000
70828308019,2019,0,0,0
70814423128,2019,85600,229300,314900
70926401054,2019,81200,235600,316800
70926104179,2019,78200,145200,223400
70923168970,2019,6500,18500,25000
81028113067,2019,0,0,0
71004409085,2019,83000,30500,113500
71012205152,2019,70900,276100,347000
70836405245,2019,61700,161800,223500
71007111108,2019,87900,270900,358800
70914406165,2019,88200,613600,701800
60801112206,2019,59500,178400,237900
70921412014,2019,122800,387600,510400
70833118114,2019,86700,240800,327500
70922335281,2019,145800,411000,556800
71011220234,2019,11300,217600,228900
60811115092,2019,105600,267600,373200
70836410062,2019,54800,164700,219500
71007106026,2019,94600,201700,296300
70920416265,2019,122500,166300,288800
80936210080,2019,63700,121600,185300
70920412065,2019,134200,262500,396700
71009413180,2019,63300,143700,207000
70921125188,2019,124400,426000,550400
71005402301,2019,33300,136100,169400
70919113012,2019,96500,272700,369200
70913203166,2019,69500,372100,441600
70919110307,2019,174600,192700,367300
70835107389,2019,134500,250600,385100
70814405051,2019,92300,200900,293200
60801201281,2019,69500,185600,255100
70923202140,2019,108000,1000,109000
60802428016,2019,35000,135400,170400
71016113103,2019,54900,119100,174000
71005315017,2019,76600,88400,165000
71014307196,2019,55800,236800,292600
70833302626,2019,216500,421400,637900
70921221100,2019,121400,108600,230000
71010217092,2019,10600,109400,120000
71016118111,2019,59000,105900,164900
81031211254,2019,42700,118800,161500
70923174266,2019,3300,11700,15000
80936202053,2019,56900,142300,199200
71027421040,2019,31400,168400,199800
70913345033,2019,84000,428000,512000
70823407022,2019,49100,253200,302300
80926105126,2019,61400,161900,223300
70913434266,2019,0,18000,18000
71006310264,2019,69200,158500,227700
81028300929,2019,89000,132000,221000
81026420076,2019,100,0,100
60811302079,2019,85300,237100,322400
80925409131,2019,71400,165000,236400
70932418085,2019,54900,145100,200000
70924206026,2019,548000,879400,1427400
70835122080,2019,6500,69800,76300
70919304158,2019,0,0,0
71014217014,2019,72400,108700,181100
70914410215,2019,579000,760000,1339000
71021103107,2019,56500,158200,214700
60801120168,2019,80100,167600,247700
71022205019,2019,91500,796400,887900
80924413943,2019,400,1600,2000
71009207038,2019,50800,118400,169200
81032302127,2019,41200,159700,200900
71010304063,2019,54600,127200,181800
70823413061,2019,32800,171400,204200
71010301390,2019,52100,194100,246200
70932424181,2019,51800,112800,164600
71015110225,2019,41600,131700,173300
81031411010,2019,17300,107700,125000
60811411119,2019,84400,202200,286600
80924426095,2019,8600,166800,175400
70823407270,2019,62100,385500,447600
70922327238,2019,149400,170200,319600
71014301239,2019,56100,220000,276100
70919304132,2019,87800,215300,303100
70926216015,2019,1060000,7400000,8460000
80925306345,2019,61100,103900,165000
70912422064,2019,9000,91300,100300
71003205228,2019,0,0,0
60801407227,2019,75200,206700,281900
71006306065,2019,32000,225400,257400
60812214108,2019,19100,183500,202600
71011305060,2019,64800,176100,240900
70826412078,2019,10000,76700,86700
70836213408,2019,11600,124900,136500
60812323131,2019,28500,172000,200500
80924105037,2019,79100,246800,325900
70913204099,2019,81000,489000,570000
71010311290,2019,54600,187900,242500
70922417162,2019,114200,149600,263800
70935206031,2019,44800,104600,149400
71006410080,2019,54100,234200,288300
80924443057,2019,13200,252200,265400
81032419211,2019,44000,144300,188300
71002444075,2019,100,0,100
71026201120,2019,100,0,100
70921216036,2019,76900,175500,252400
70836312101,2019,19100,181100,200200
80925110150,2019,53500,131600,185100
70825202131,2019,0,0,0
81031223100,2019,38100,151200,189300
71010217034,2019,10600,109400,120000
60812114209,2019,74600,189000,263600
81033207300,2019,52500,147700,200200
71034104514,2019,70100,186700,256800
70913321190,2019,767000,1479000,2246000
60812402084,2019,74100,208300,282400
70929123720,2019,0,1000,1000
71005326254,2019,102700,238200,340900
70929223281,2019,85900,235600,321500
70824404077,2019,109900,305800,415700
81033207144,2019,49100,121200,170300
70823313055,2019,16300,118000,134300
81021108081,2019,60800,180000,240800
70913128075,2019,14000,189000,203000
70821205048,2019,98000,279000,377000
70913434084,2019,0,18000,18000
71015104088,2019,61300,154300,215600
70913354563,2019,0,2500,2500
71006209102,2019,69200,117800,187000
70833205036,2019,29200,284000,313200
71014210315,2019,57100,184000,241100
71014213012,2019,61600,172600,234200
71001318130,2019,64400,256100,320500
70823405026,2019,75100,281900,357000
60802410352,2019,66200,143500,209700
71014210175,2019,64900,165900,230800
81021302071,2019,59500,157100,216600
81032416118,2019,46900,127300,174200
81021416020,2019,57000,192200,249200
60803101091,2019,101000,173000,274000
80925206032,2019,56900,134200,191100
70931305069,2019,99000,188100,287100
60903208242,2019,14900,110200,125100
81026206038,2019,100,0,100
60812404105,2019,67800,186300,254100
70923142643,2019,44900,285700,330600
71012207108,2019,58700,197000,255700
70926220032,2019,123000,212600,335600
70932421153,2019,48000,0,48000
81022301262,2019,140800,639200,780000
81026351099,2019,53600,90400,144000
70928210073,2019,89900,184400,274300
60803104251,2019,103200,169300,272500
80935106107,2019,59500,210600,270100
81026369018,2019,7500,0,7500
70821207044,2019,133000,324200,457200
70826209029,2019,1793000,9563000,11356000
70929124489,2019,0,10000,10000
70929427156,2019,155200,257300,412500
81034406026,2019,65300,187300,252600
60802410097,2019,73500,212700,286200
70920412031,2019,134200,254300,388500
70913309419,2019,73600,278400,352000
70922310027,2019,132600,387400,520000
70931302130,2019,113000,115200,228200
71023300917,2019,370000,1860000,2230000
80926207047,2019,74200,199400,273600
60801310214,2019,187000,578000,765000
70918201131,2019,171700,354500,526200
81033411042,2019,34000,166000,200000
70834205134,2019,82500,232500,315000
60802115077,2019,20500,120300,140800
70826100813,2019,932000,2859700,3791700
71002420041,2019,105000,0,105000
70913119181,2019,81200,210400,291600
60802100854,2019,90000,290000,380000
80924412169,2019,9200,141000,150200
80924422910,2019,400,1600,2000
71009314023,2019,66800,142400,209200
71015200919,2019,60800,78100,138900
70923229293,2019,0,0,0
70824413119,2019,330000,1203000,1533000
81026358045,2019,100,0,100
70923307198,2019,84000,183800,267800
81021105011,2019,71400,186500,257900
80924422994,2019,400,1600,2000
71009312168,2019,68800,141400,210200
60812109234,2019,76300,157400,233700
80924309043,2019,65300,239900,305200
70828309140,2019,64900,276600,341500
80924438876,2019,400,1600,2000
71010219212,2019,10600,84200,94800
70834425047,2019,70100,248200,318300
70912409038,2019,94200,194600,288800
70912440032,2019,9000,91300,100300
70913423011,2019,130400,479100,609500
71027412065,2019,72000,194300,266300
70929419210,2019,91200,309900,401100
70821212069,2019,107000,323000,430000
71007224349,2019,91500,254600,346100
70936407331,2019,58800,168700,227500
80926112361,2019,57000,193200,250200
71015106159,2019,61200,163500,224700
70813333302,2019,26300,283400,309700
70935206239,2019,43100,86600,129700
71001331025,2019,59100,221100,280200
70834214458,2019,53900,0,53900
70918415568,2019,10500,112900,123400
70934406012,2019,304000,3330000,3634000
70823212132,2019,82700,198400,281100
70919411242,2019,109500,296900,406400
81034408311,2019,70200,188800,259000
70923170024,2019,3600,1000,4600
80925308325,2019,72200,89700,161900
60812324014,2019,28800,177200,206000
60812109151,2019,76300,169600,245900
70919220081,2019,101300,131900,233200
70823208107,2019,123500,321500,445000
70923319028,2019,33000,46500,79500
80936201154,2019,62900,116900,179800
60901203971,2019,0,0,0
71005212148,2019,49000,120600,169600
70822103027,2019,109800,258800,368600
70901109011,2019,135000,515000,650000
70913346198,2019,78000,312000,390000
71014202312,2019,56800,145800,202600
70926402052,2019,82000,207600,289600
70913401083,2019,93300,306500,399800
71005304127,2019,59100,208900,268000
71010106170,2019,51200,198500,249700
70820109291,2019,100,0,100
70823304202,2019,71700,150800,222500
81032301195,2019,0,0,0
70923408508,2019,34400,154400,188800
71005228161,2019,47100,146500,193600
70814403063,2019,88800,194600,283400
81028409036,2019,297000,728000,1025000
71036100990,2019,0,0,0
70823303212,2019,83500,255500,339000
70918415881,2019,10500,121300,131800
71006435020,2019,23500,112000,135500
70815309137,2019,63400,351200,414600
60811422059,2019,80300,206700,287000
70823107185,2019,89400,214600,304000
70913347237,2019,0,0,0
71007112346,2019,90400,292600,383000
71006412193,2019,63400,192100,255500
71011120046,2019,48500,238000,286500
70933203211,2019,196700,503500,700200
60904102089,2019,84500,269300,353800
70922422187,2019,79400,179500,258900
70935307392,2019,4900,55100,60000
70829112063,2019,77500,324500,402000
80924414058,2019,31400,271000,302400
70814309229,2019,89500,296000,385500
71005212180,2019,73900,136000,209900
70836108154,2019,70800,203100,273900
70823117043,2019,75500,316600,392100
71003103159,2019,0,0,0
70834207106,2019,76600,232300,308900
70923175157,2019,3300,11700,15000
70823105139,2019,89400,207600,297000
71011113182,2019,63000,262500,325500
60801414040,2019,83100,232500,315600
70833204161,2019,117900,271100,389000
71009313182,2019,107300,205000,312300
80925302046,2019,48900,193200,242100
70928302052,2019,133400,127900,261300
71034104283,2019,82100,180400,262500
70925206091,2019,82500,194100,276600
70813324111,2019,144300,361500,505800
71034103079,2019,76900,158700,235600
81032414211,2019,45800,111200,157000
71021108181,2019,61000,128800,189800
70919402035,2019,129600,216100,345700
71003313287,2019,49100,164400,213500
70919104053,2019,99600,264100,363700
70930413160,2019,87500,245700,333200
81031202013,2019,51300,160800,212100
70919227285,2019,30400,254900,285300
71006303285,2019,67200,212800,280000
70913402156,2019,82300,265400,347700
70822409011,2019,34300,201700,236000
70913327297,2019,132000,988000,1120000
71011108480,2019,30000,240900,270900
60906209130,2019,60300,189500,249800
70931415199,2019,78000,133500,211500
71001105024,2019,67000,195200,262200
70828306055,2019,35000,130000,165000
60905214297,2019,0,0,0
70923175115,2019,3300,11700,15000
80925108139,2019,50900,143900,194800
81022407044,2019,100,0,100
80926112379,2019,54800,158800,213600
71012207017,2019,65200,178600,243800
70828422017,2019,0,0,0
71009102048,2019,0,0,0
71014203211,2019,0,0,0
70923123172,2019,145100,250300,395400
70814428201,2019,15200,162400,177600
70922409143,2019,93500,379000,472500
71010107227,2019,59300,189100,248400
70923153020,2019,1300,23700,25000
60802101191,2019,76000,264000,340000
71003106046,2019,53100,177500,230600
80924433058,2019,13300,217700,231000
81021105095,2019,61000,154700,215700
70826403267,2019,102200,205000,307200
60801219036,2019,71100,178900,250000
70918314108,2019,164800,201100,365900
81030304068,2019,68600,152200,220800
70929112278,2019,105600,272000,377600
71005110061,2019,44800,68800,113600
70922207050,2019,117700,274000,391700
70923401049,2019,0,0,0
71035206070,2019,67100,199300,266400
70926418041,2019,0,0,0
70913429100,2019,15400,304900,320300
60812331077,2019,0,100,100
70921320043,2019,73400,239600,313000
60901204961,2019,0,0,0
81028103232,2019,58600,150400,209000
70932407088,2019,79800,129600,209400
80925118873,2019,800,1200,2000
80924446126,2019,0,0,0
70835301113,2019,123400,307400,430800
70929111155,2019,120000,169500,289500
81034108359,2019,62700,162500,225200
60801104237,2019,63000,171500,234500
71005315231,2019,74100,335100,409200
70824208106,2019,171900,216700,388600
71022305166,2019,397000,0,397000
71015206298,2019,74700,252300,327000
60812121048,2019,79500,210700,290200
81031401061,2019,33800,98700,132500
70919217145,2019,91500,151000,242500
80925411235,2019,54400,169600,224000
60903201387,2019,84900,184800,269700
70921417030,2019,113500,496500,610000
71006131107,2019,62600,262400,325000
70932103470,2019,154900,237600,392500
70836308043,2019,77000,323000,400000
71016209233,2019,68600,183300,251900
60802115506,2019,20500,121400,141900
71016113228,2019,54900,173100,228000
80925307351,2019,61100,96800,157900
81026368028,2019,100,0,100
70833107224,2019,141400,254900,396300
70930104230,2019,88300,195200,283500
71005307072,2019,65100,204000,269100
70814305128,2019,93400,253600,347000
70822113109,2019,29600,339400,369000
70936305163,2019,63400,0,63400
70918202014,2019,438900,63500,502400
70823307123,2019,82300,238000,320300
70822414739,2019,23600,155600,179200
70922226141,2019,215700,383300,599000
60811117121,2019,19100,184600,203700
81026360298,2019,100,0,100
70923313070,2019,174900,444200,619100
71003212108,2019,77000,288000,365000
70836401269,2019,62300,134800,197100
81034207052,2019,67300,224100,291400
80926207112,2019,65500,219300,284800
60811106116,2019,103300,252500,355800
70923166156,2019,55200,330200,385400
60811202154,2019,101000,242000,343000
70828118161,2019,30400,231000,261400
60801208203,2019,105000,460000,565000
71009212128,2019,65100,184400,249500
70928106040,2019,108400,326300,434700
70834428166,2019,20300,169000,189300
70928303050,2019,82400,280100,362500
70829406052,2019,10700,0,10700
70834303045,2019,122100,328600,450700
71011202018,2019,0,0,0
70923164241,2019,44900,271500,316400
70814428160,2019,15200,186800,202000
70929403396,2019,111200,331600,442800
80926111016,2019,60300,144500,204800
70923154333,2019,0,7500,7500
71006312096,2019,60600,173300,233900
71005231164,2019,0,0,0
71011422062,2019,24900,182600,207500
71016203087,2019,106800,143200,250000
70835317037,2019,98600,229500,328100
70935202203,2019,66200,177800,244000
80924425831,2019,400,1600,2000
70930409193,2019,70400,189600,260000
71009226202,2019,62000,0,62000
70925208089,2019,0,0,0
71006123112,2019,44600,199700,244300
71006102108,2019,77300,117600,194900
80925104210,2019,53000,135000,188000
71010301225,2019,52100,163000,215100
70928320103,2019,145400,444600,590000
71009223191,2019,51000,155000,206000
60801204079,2019,65000,197200,262200
80925105052,2019,50800,128500,179300
70923155018,2019,2722000,9618000,12340000
60812330433,2019,0,5000,5000
70901105019,2019,76300,265400,341700
60801114236,2019,57500,134500,192000
70926117148,2019,80000,141400,221400
80926105168,2019,58800,151200,210000
71010306085,2019,50100,162000,212100
60801407037,2019,71800,166700,238500
80925120886,2019,800,1200,2000
60906111145,2019,71700,174200,245900
70924220258,2019,0,10000,10000
70928312184,2019,122500,305700,428200
71010315226,2019,54200,159600,213800
60905204090,2019,88000,226000,314000
60811106166,2019,103300,270400,373700
70825101135,2019,0,0,0
71005206183,2019,0,0,0
70918320064,2019,20500,73100,93600
70825307030,2019,163000,837000,1000000
70928205157,2019,97800,283300,381100
70824414505,2019,11300,96700,108000
60811301039,2019,84200,205300,289500
80926307029,2019,67400,261800,329200
70932113099,2019,96000,184000,280000
70931209112,2019,73200,166800,240000
70929209215,2019,83800,208200,292000
70816320059,2019,182000,530400,712400
70820104126,2019,100,0,100
71003310069,2019,56200,179200,235400
80926402241,2019,40400,167600,208000
70928302169,2019,88200,203500,291700
70929209223,2019,83800,167500,251300
81027103093,2019,690000,3282000,3972000
70913347500,2019,2500,12500,15000
70920115164,2019,77000,298000,375000
71011115039,2019,71000,187900,258900
70919408348,2019,113700,312100,425800
70826307097,2019,128100,301300,429400
70921117060,2019,114600,218200,332800
71009211055,2019,54700,147600,202300
80924441928,2019,400,1600,2000
71006127156,2019,70700,159800,230500
60804105133,2019,119100,430900,550000
60801314141,2019,165000,2014000,2179000
70833121266,2019,96400,278600,375000
60801307055,2019,79700,142800,222500
71002107508,2019,9500,148400,157900
60904109077,2019,94500,302300,396800
70821113035,2019,99700,298300,398000
71003407197,2019,55100,266800,321900
60801314042,2019,72600,276000,348600
81032414013,2019,44900,130800,175700
70931209188,2019,74800,147000,221800
71007206339,2019,54500,205500,260000
71011108050,2019,30000,225600,255600
70834212056,2019,61500,219300,280800
70933302021,2019,80900,134700,215600
71003416198,2019,48500,200400,248900
70913309138,2019,67100,227200,294300
70913112036,2019,103800,218100,321900
70828420160,2019,0,0,0
60801403085,2019,77900,140200,218100
70824106110,2019,125100,520100,645200
70926115093,2019,78300,210300,288600
71003106137,2019,53100,180300,233400
71005408028,2019,44400,137600,182000
70918321301,2019,0,2000,2000
71023300884,2019,0,0,0
70913347774,2019,2500,12500,15000
70923140340,2019,1500,13500,15000
71009302060,2019,81000,295000,376000
71034105017,2019,84500,210500,295000
71012222073,2019,14800,142500,157300
70919106017,2019,0,0,0
70826417101,2019,18400,84200,102600
81033207128,2019,45000,114800,159800
70828415012,2019,0,0,0
80924424164,2019,9900,170700,180600
71006101093,2019,81700,132500,214200
71027417130,2019,78100,141600,219700
81021301297,2019,51300,182100,233400
70923174539,2019,3300,11700,15000
70829413031,2019,13300,0,13300
70814410034,2019,88800,192300,281100
81034205288,2019,68600,211500,280100
70922423218,2019,79400,309800,389200
71005414108,2019,48000,126800,174800
71009107220,2019,50500,140500,191000
80925212336,2019,57600,118300,175900
71007216148,2019,44000,111000,155000
70920218421,2019,400,14600,15000
81021310016,2019,20600,99500,120100
70836413024,2019,74700,171000,245700
81033201211,2019,43500,130400,173900
70822414713,2019,15800,129200,145000
81031406243,2019,38100,133200,171300
71004306132,2019,44700,158300,203000
70918201090,2019,150500,292200,442700
70814301077,2019,130600,306200,436800
70913417139,2019,396000,6243000,6639000
70813324129,2019,144300,263500,407800
80925206313,2019,53500,138200,191700
80925118740,2019,800,1200,2000
70936402117,2019,70500,182600,253100
71006111159,2019,66000,154700,220700
70912402173,2019,71400,209900,281300
70918307385,2019,74800,76200,151000
70823203024,2019,108300,275400,383700
80925104492,2019,57000,167600,224600
81030206082,2019,55400,141100,196500
81019304211,2019,63200,135700,198900
70919113070,2019,106400,317000,423400
71006316105,2019,0,0,0
71015111257,2019,52600,163500,216100
70920216897,2019,9200,271700,280900
80926114151,2019,18300,110000,128300
81032403074,2019,43700,137100,180800
60812313356,2019,33100,195100,228200
70926401393,2019,78300,170800,249100
80935103294,2019,68900,184700,253600
71019405044,2019,78300,98800,177100
71010306340,2019,49600,156000,205600
70833201109,2019,102400,187600,290000
70835318168,2019,59500,0,59500
70921125211,2019,124400,347700,472100
70923310042,2019,91900,441500,533400
71009411100,2019,64800,115200,180000
60801112157,2019,61200,161500,222700
70918201149,2019,150500,287800,438300
70913403104,2019,0,0,0
70835109046,2019,150900,340300,491200
71004401148,2019,65100,199800,264900
80925216247,2019,59600,124000,183600
70923167245,2019,3400,13800,17200
70921406091,2019,316100,413300,729400
71003301117,2019,74000,176100,250100
71012215507,2019,17700,250700,268400
70921306217,2019,163000,328500,491500
60802302517,2019,89700,250200,339900
71006440029,2019,18700,157300,176000
70918416110,2019,10500,114300,124800
70813314089,2019,12600,197400,210000
60801405015,2019,0,0,0
70921414135,2019,98600,294800,393400
71035205189,2019,66800,236100,302900
81023304059,2019,35600,144400,180000
71003310233,2019,56200,174300,230500
70923204039,2019,0,0,0
81023308069,2019,35600,100100,135700
70829407018,2019,12000,0,12000
71011303197,2019,62400,175200,237600
71007214275,2019,183200,58300,241500
71010117044,2019,56100,287600,343700
70935301089,2019,28000,422000,450000
70919307029,2019,149900,0,149900
70929214123,2019,95200,178000,273200
70922423177,2019,75200,207100,282300
70835208145,2019,78200,210300,288500
70826416038,2019,21500,105200,126700
81030203012,2019,0,0,0
71016416101,2019,62600,150000,212600
70823400943,2019,0,0,0
70928217136,2019,96800,195200,292000
70813323014,2019,123300,255300,378600
70923169150,2019,6500,18500,25000
70912418013,2019,9000,91300,100300
81032309206,2019,36700,136600,173300
60802416160,2019,0,0,0
80925408290,2019,59900,139300,199200
71010213090,2019,53000,178800,231800
70923141611,2019,200,2100,2300
60811439286,2019,20000,185200,205200
60801314076,2019,385000,1390000,1775000
71004405215,2019,48100,178300,226400
70919220057,2019,95500,173800,269300
71034105174,2019,66900,170600,237500
70835210059,2019,79500,198000,277500
70824204344,2019,91900,162800,254700
70828101041,2019,100,0,100
71008102271,2019,71800,133900,205700
71002316159,2019,59500,260400,319900
70826414272,2019,16100,100900,117000
70833205573,2019,30400,277600,308000
70922111087,2019,95800,252400,348200
60811114242,2019,106300,219200,325500
80926112428,2019,56300,165500,221800
70918305016,2019,88700,181300,270000
60802303200,2019,94500,228300,322800
80924439014,2019,13300,228300,241600
71011220127,2019,11300,154900,166200
71022102017,2019,418000,1397000,1815000
70923127348,2019,0,0,0
71006105037,2019,61400,201100,262500
81032427082,2019,29000,126000,155000
70919213028,2019,122200,128600,250800
70829415011,2019,10800,0,10800
70836413131,2019,74700,160000,234700
70929427073,2019,127500,489200,616700
70901113509,2019,8500,58500,67000
70824414159,2019,11300,73100,84400
70920406290,2019,159700,207000,366700
70826408374,2019,0,0,0
70920218661,2019,400,14600,15000
70822210038,2019,0,0,0
71002437088,2019,47000,257400,304400
70918403117,2019,288300,387400,675700
70924220498,2019,0,5000,5000
71015215075,2019,23000,281400,304400
71016203219,2019,66700,304300,371000
70913210153,2019,82500,405800,488300
70828124085,2019,12900,255000,267900
71003203157,2019,54300,194800,249100
70836406053,2019,60400,143100,203500
71007315023,2019,153100,349800,502900
80924440897,2019,400,1600,2000
70928301129,2019,166400,166300,332700
60801203021,2019,66100,184800,250900
80924426136,2019,10200,171500,181700
70820112038,2019,143600,0,143600
70928215049,2019,106100,215500,321600
70923148849,2019,4200,800,5000
60811106174,2019,105100,215300,320400
71006302039,2019,66000,119900,185900
70913222017,2019,10200,289400,299600
70918206123,2019,142800,429900,572700
70913346156,2019,92700,494900,587600
70829104028,2019,41300,250700,292000
60801209110,2019,86200,151900,238100
70928220080,2019,108400,312500,420900
70932102125,2019,144100,356500,500600
70828119127,2019,106800,236400,343200
71016402019,2019,62600,118100,180700
71033200975,2019,0,0,0
70922324151,2019,162100,264700,426800
70923412377,2019,1700,16300,18000
70913344184,2019,38900,403000,441900
70824412111,2019,1331000,4654000,5985000
60906107219,2019,71700,211100,282800
81033405061,2019,240000,570000,810000
70920110015,2019,124000,248000,372000
71005324092,2019,109100,414100,523200
70921415042,2019,93900,537200,631100
70936309131,2019,59700,148000,207700
70918315148,2019,33000,127200,160200
71006304176,2019,66100,309000,375100
70923305085,2019,0,0,0
60801125027,2019,26800,108200,135000
70813323147,2019,180800,334000,514800
71007118047,2019,535300,323300,858600
70920218760,2019,400,14600,15000
80936206089,2019,55600,213300,268900
71027203050,2019,0,0,0
80926116090,2019,23700,168800,192500
60905222042,2019,0,0,0
70928316095,2019,177200,660000,837200
71010218090,2019,10900,108500,119400
70913205162,2019,65500,439900,505400
80925211180,2019,54300,137100,191400
71002411149,2019,100,0,100
80924302047,2019,93100,294600,387700
71006206108,2019,45900,218400,264300
70820109093,2019,100,0,100
71007112031,2019,78200,264900,343100
60905104092,2019,49700,126800,176500
70922231091,2019,182600,440600,623200
70833404042,2019,139400,360600,500000
71001330168,2019,25200,127800,153000
60801410113,2019,75700,202800,278500
80925113089,2019,10900,214500,225400
71035207523,2019,43900,219200,263100
70833203254,2019,116400,203400,319800
81028401066,2019,73000,212000,285000
70814101211,2019,123300,317300,440600
70929111270,2019,151100,261900,413000
70823404375,2019,36600,177400,214000
70922114023,2019,0,0,0
80925403266,2019,54500,173400,227900
60811206073,2019,106600,220800,327400
70926106034,2019,76800,248400,325200
71005225117,2019,76600,183700,260300
71006208071,2019,96000,279000,375000
70913122019,2019,0,0,0
81031419254,2019,37900,146500,184400
81034404020,2019,61400,183200,244600
71015204234,2019,71900,179300,251200
81028120153,2019,0,4000,4000
81028121200,2019,10100,84600,94700
71015206321,2019,76300,207300,283600
80925114946,2019,800,1200,2000
71006140017,2019,0,0,0
70824309194,2019,14100,142100,156200
70813109034,2019,135800,202800,338600
81026363036,2019,5100,0,5100
70918314132,2019,168600,100400,269000
70824301140,2019,88900,219800,308700
70934309258,2019,15700,94800,110500
70836409148,2019,54200,0,54200
60801404322,2019,75800,205300,281100
70824101095,2019,308000,69000,377000
70922339150,2019,114100,324600,438700
70821210063,2019,130000,298000,428000
71030208302,2019,80600,329400,410000
70913346396,2019,78000,343200,421200
81022102074,2019,568500,1656500,2225000
80926404065,2019,0,0,0
70913214147,2019,43000,247000,290000
70922321272,2019,145600,450700,596300
80936202277,2019,60600,135600,196200
70912404137,2019,100400,300800,401200
70826417060,2019,0,0,0
80926114242,2019,18300,114200,132500
71002302124,2019,15200,0,15200
71003418300,2019,0,0,0
60802103197,2019,83900,186100,270000
70921214204,2019,121200,333400,454600
71010207209,2019,58700,166300,225000
71014202304,2019,55400,136000,191400
70926102016,2019,93800,118200,212000
60802401020,2019,0,0,0
70913125386,2019,0,0,0
71014216298,2019,7500,111700,119200
71015114318,2019,48700,198100,246800
80926105184,2019,57000,136800,193800
70825201133,2019,1500000,600000,2100000
71003319037,2019,54000,196400,250400
70912400911,2019,297000,8657100,8954100
70926414122,2019,46000,110100,156100
70922430049,2019,67000,142700,209700
71006425055,2019,95600,201600,297200
71005329092,2019,104100,209700,313800
71030204011,2019,86500,104400,190900
60802311360,2019,101500,262100,363600
80924431789,2019,400,1600,2000
70835124169,2019,500,1500,2000
70922346345,2019,0,15000,15000
70923103083,2019,581000,1669000,2250000
70924219813,2019,0,25000,25000
81034109125,2019,61400,176800,238200
70932407020,2019,0,0,0
70814312313,2019,26100,277700,303800
70922346139,2019,0,15000,15000
70928303076,2019,82400,219600,302000
71006134151,2019,49800,231700,281500
81031411143,2019,45700,124400,170100
81032434011,2019,26600,60300,86900
60801304217,2019,70600,162200,232800
81028406058,2019,45800,150400,196200
80927402167,2019,72900,215300,288200
71015118287,2019,53000,189200,242200
81030307020,2019,62400,182200,244600
70918205084,2019,166100,153000,319100
70913404045,2019,59000,765000,824000
70923146033,2019,8000,7000,15000
71010400928,2019,99500,123000,222500
70833205705,2019,26400,283500,309900
71010108316,2019,51500,188000,239500
80926114284,2019,18300,124800,143100
70914438754,2019,2200,22800,25000
80925210207,2019,58500,128900,187400
81026360462,2019,100,0,100
70918314041,2019,0,0,0
60812302432,2019,67900,208000,275900
71005307147,2019,59200,194800,254000
71006108106,2019,70400,102600,173000
70931104198,2019,149500,193900,343400
80925409032,2019,52900,136300,189200
70919409114,2019,102500,293000,395500
71007214085,2019,0,0,0
71007221171,2019,123600,411400,535000
81027104017,2019,0,0,0
71014210076,2019,63800,193100,256900
70923161057,2019,8000,7000,15000
70901113814,2019,20600,109400,130000
70921416082,2019,121400,586200,707600
70913214220,2019,77000,209200,286200
70914421022,2019,0,0,0
71007226329,2019,82300,252100,334400
70923113123,2019,129400,215900,345300
70814430371,2019,19700,235200,254900
71011206036,2019,31400,214000,245400
70836111058,2019,77500,163800,241300
81034118085,2019,67500,303200,370700
71007243026,2019,0,15000,15000
70835210041,2019,91900,232600,324500
71002313022,2019,55400,258500,313900
70913348409,2019,9300,427700,437000
71005341161,2019,131400,467800,599200
71009101058,2019,0,0,0
80926205108,2019,65600,201700,267300
71027411190,2019,0,0,0
70935101166,2019,44900,114700,159600
71009407159,2019,62600,142100,204700
81030302111,2019,68300,156200,224500
81033100801,2019,198500,236500,435000
60903202153,2019,106200,188100,294300
70823408179,2019,46800,217200,264000
70833205739,2019,26400,324200,350600
70913354448,2019,0,2500,2500
70923174935,2019,3300,11700,15000
81031103998,2019,0,2855000,2855000
60802436027,2019,27500,113000,140500
60803112105,2019,100700,281800,382500
60803119416,2019,66600,406400,473000
71002315094,2019,2300,0,2300
60903209240,2019,11600,123400,135000
71004401065,2019,45200,153200,198400
70923225324,2019,0,0,0
60812207054,2019,84700,167600,252300
70836120108,2019,125900,389800,515700
71005309268,2019,68000,158300,226300
81034106189,2019,66100,153100,219200
60801226354,2019,16200,175600,191800
71015118196,2019,50700,163000,213700
70836115290,2019,74800,170100,244900
71014306320,2019,59100,195600,254700
60802104343,2019,86100,189900,276000
70923130028,2019,63400,454100,517500
81031412167,2019,40700,155000,195700
70923163714,2019,44900,271500,316400
70821214114,2019,135000,0,135000
70932408135,2019,79800,176200,256000
71012218014,2019,0,0,0
71011120070,2019,47700,224100,271800
70824404374,2019,119100,219800,338900
70923167427,2019,6500,18500,25000
70918214019,2019,63800,173300,237100
70922202109,2019,130700,282300,413000
71005320157,2019,90400,222700,313100
70926416102,2019,47200,70800,118000
80925101042,2019,53600,175400,229000
70930104280,2019,84600,197900,282500
81023209291,2019,0,1200,1200
71010301324,2019,54600,159000,213600
60906105106,2019,72100,168400,240500
70824215052,2019,136100,435900,572000
71007101042,2019,102800,224700,327500
81015103055,2019,61400,172700,234100
70914406222,2019,251000,1092000,1343000
70920408395,2019,129500,118300,247800
70934403034,2019,226800,295400,522200
70929402041,2019,92700,171900,264600
71006302112,2019,66000,167800,233800
70923174498,2019,3300,11700,15000
70919401243,2019,117100,248500,365600
70834210042,2019,87000,229000,316000
80924443990,2019,400,1600,2000
70918319322,2019,20500,103400,123900
71014108255,2019,10700,158700,169400
71003416065,2019,51200,175800,227000
60801419230,2019,16600,195300,211900
71019408056,2019,0,0,0
70923116317,2019,148500,425300,573800
70826204061,2019,88000,490000,578000
70920308206,2019,131900,230500,362400
81026355075,2019,20600,0,20600
71005329018,2019,106500,261000,367500
60801404116,2019,75100,161600,236700
71003107234,2019,53100,168200,221300
80925115936,2019,800,1200,2000
81030312160,2019,57000,104500,161500
71005225183,2019,43300,216700,260000
71022201017,2019,151000,494000,645000
60803113210,2019,133800,349500,483300
70931202265,2019,0,0,0
70913107243,2019,119700,207800,327500
71021204111,2019,56400,159700,216100
70921302140,2019,122700,449600,572300
70919227376,2019,26700,246100,272800
80924410882,2019,400,1600,2000
70921318072,2019,91500,149000,240500
81034103200,2019,70900,161300,232200
70914411205,2019,0,0,0
70929419278,2019,86500,277000,363500
70824217074,2019,129000,378200,507200
70822106055,2019,49000,192000,241000
70921417303,2019,212600,309400,522000
70928208268,2019,97800,259000,356800
60801417101,2019,16300,201900,218200
70924214251,2019,52700,748300,801000
60812325210,2019,18900,187900,206800
71005223179,2019,50900,264400,315300
70918215033,2019,106600,309600,416200
71005221173,2019,56600,150700,207300
71015403357,2019,0,0,0
71003218031,2019,12100,72500,84600
71007202155,2019,72900,233500,306400
71035103127,2019,74200,374400,448600
71021113338,2019,15100,101900,117000
70918206082,2019,146100,278700,424800
81032419279,2019,39800,128200,168000
80927402050,2019,72200,174900,247100
70918412043,2019,141300,135400,276700
70814202027,2019,101900,333900,435800
70930416073,2019,75600,239800,315400
71006303186,2019,35400,284900,320300
80924424908,2019,400,1600,2000
70929114167,2019,82400,143100,225500
70919302219,2019,92300,195000,287300
70923148419,2019,4200,800,5000
70907301083,2019,137900,252700,390600
71014201299,2019,55100,146600,201700
70824308013,2019,16000,144400,160400
70835210108,2019,80900,157100,238000
70922311041,2019,117600,369600,487200
70923408334,2019,62600,163600,226200
70822105445,2019,0,0,0
81021106043,2019,61000,184200,245200
81023306055,2019,35600,91400,127000
81035110022,2019,100,0,100
70930204064,2019,0,6417400,6417400
81023209126,2019,0,1200,1200
81032310138,2019,65000,360000,425000
70836216139,2019,5500,96000,101500
70836114151,2019,90500,170700,261200
70921407065,2019,142900,312700,455600
71005401105,2019,65700,106300,172000
70920305319,2019,95100,218600,313700
71015101092,2019,54800,138400,193200
71011310019,2019,22400,97700,120100
70833409133,2019,46200,204800,251000
80925217138,2019,57000,233200,290200
70828316038,2019,100,0,100
70922218106,2019,187300,471100,658400
70826422085,2019,0,4000,4000
70913109314,2019,106600,89500,196100
60811103211,2019,97600,212400,310000
70826206140,2019,418000,652000,1070000
70836210082,2019,11400,130500,141900
71009109028,2019,188000,582100,770100
81028113017,2019,59200,182900,242100
70923140689,2019,1500,21500,23000
70919405063,2019,108500,214000,322500
70912404492,2019,125800,196100,321900
80925108014,2019,53500,183000,236500
81019309188,2019,63700,160900,224600
71007305199,2019,172400,377600,550000
70922234128,2019,93000,262000,355000
60802109012,2019,71100,163500,234600
70822105429,2019,0,0,0
71006427209,2019,100700,274200,374900
80924430038,2019,13300,204100,217400
70926415203,2019,49100,70900,120000
71009415011,2019,65100,115900,181000
70920126179,2019,20600,183800,204400
71005327020,2019,110000,525000,635000
70814206045,2019,90900,313000,403900
60803113286,2019,126300,328700,455000
70914421220,2019,157000,1552000,1709000
70935202162,2019,45900,130000,175900
60811110068,2019,103300,300100,403400
71010109025,2019,56400,181600,238000
70930103026,2019,78600,175000,253600
70912425018,2019,9000,94400,103400
71001416091,2019,69000,259300,328300
71027400961,2019,129700,111300,241000
71016409057,2019,61600,144500,206100
71021211108,2019,62000,170700,232700
70919104102,2019,99500,269500,369000
81034321026,2019,29100,99300,128400
70823306266,2019,82300,226700,309000
70826211272,2019,11700,64300,76000
70913433185,2019,12600,334600,347200
70823121135,2019,20000,73200,93200
71011125088,2019,64800,205200,270000
70920101105,2019,99300,108100,207400
70936406185,2019,62000,187900,249900
70936311079,2019,60200,157400,217600
71006121124,2019,32000,258000,290000
60812111396,2019,81800,212100,293900
71002445073,2019,100,0,100
70816313054,2019,135300,274800,410100
70919208079,2019,95500,182600,278100
60801405081,2019,0,0,0
71002437153,2019,37600,224600,262200
81030313035,2019,53700,144400,198100
70929409055,2019,83700,228000,311700
70823110188,2019,104100,349000,453100
70826312070,2019,68500,203500,272000
70823117100,2019,76700,267300,344000
70918320353,2019,20500,135700,156200
70932109030,2019,159900,288200,448100
70913349225,2019,35500,219400,254900
70921317264,2019,114800,136500,251300
70929221029,2019,89800,196200,286000
81031211204,2019,48800,177200,226000
60802302062,2019,107500,283400,390900
70932300993,2019,216000,174000,390000
80935106206,2019,77800,236400,314200
60802103113,2019,122800,173700,296500
60812407068,2019,75900,228000,303900
71034111056,2019,17300,125500,142800
70828301196,2019,0,0,0
81033402207,2019,0,0,0
71015105052,2019,63700,158800,222500
70923126085,2019,0,0,0
70824304087,2019,0,0,0
60906104124,2019,64700,197500,262200
70829110033,2019,104200,296600,400800
70824412062,2019,106200,149800,256000
70922346569,2019,0,15000,15000
70929223299,2019,87200,170900,258100
70922316041,2019,101200,260900,362100
81021415147,2019,45300,159700,205000
71006423265,2019,79300,225600,304900
70828410062,2019,0,0,0
60802104210,2019,78600,178900,257500
70913111228,2019,118600,166800,285400
70919408140,2019,117100,211500,328600
70921215070,2019,133100,224700,357800
60906209156,2019,55000,145700,200700
70833106010,2019,135500,319400,454900
70828316054,2019,100,0,100
70918319166,2019,20500,68900,89400
70922231166,2019,158400,536600,695000
81021409041,2019,54900,197700,252600
70913401132,2019,137900,241700,379600
70935204952,2019,391000,1889000,2280000
60906106261,2019,69100,164900,234000
70935106017,2019,0,0,0
71007204044,2019,70800,305300,376100
81028118190,2019,0,0,0
81034107294,2019,0,0,0
70922108018,2019,0,0,0
71010207225,2019,51800,171300,223100
71026402174,2019,0,0,0
60906205013,2019,69700,121700,191400
70915402013,2019,0,0,0
71005213013,2019,56400,133000,189400
81033306110,2019,41600,136900,178500
71006131199,2019,65100,168300,233400
70922327064,2019,145400,429600,575000
80925102066,2019,51800,143100,194900
71012215036,2019,17700,235300,253000
70834413042,2019,24200,179500,203700
70931103041,2019,123600,134500,258100
80925124888,2019,800,1200,2000
81034206179,2019,65800,144200,210000
71006430088,2019,98100,234200,332300
80924407079,2019,8300,139800,148100
80926406110,2019,0,0,0
70825302064,2019,0,0,0
71011122026,2019,34200,229800,264000
71001414037,2019,61000,217300,278300
71010104330,2019,57500,220400,277900
80926402275,2019,56200,131800,188000
71011108323,2019,30000,233300,263300
71014214317,2019,8100,126600,134700
70918213045,2019,123200,258000,381200
71004317220,2019,54700,193100,247800
71011108092,2019,30000,225600,255600
70814417105,2019,90200,172700,262900
70826201116,2019,945000,2305000,3250000
70922437152,2019,92000,270200,362200
71010204081,2019,56300,147300,203600
70913222158,2019,9500,313800,323300
80924310115,2019,74600,316500,391100
70816401057,2019,175200,421900,597100
70923150539,2019,55800,381200,437000
70932415172,2019,53000,134000,187000
71016409065,2019,61400,143800,205200
60811417084,2019,75600,261000,336600
81009304065,2019,139700,0,139700
70826410072,2019,67700,182000,249700
71019403048,2019,425400,474600,900000
71002314046,2019,63200,242200,305400
70814403071,2019,87700,198300,286000
71006303053,2019,69200,162700,231900
70923158153,2019,45200,214300,259500
80924413894,2019,400,1600,2000
70923179026,2019,0,0,0
81031227079,2019,53600,123500,177100
60802313085,2019,100700,269100,369800
71009407175,2019,62400,126800,189200
71005212081,2019,51500,263500,315000
70923166362,2019,81000,304000,385000
81034302117,2019,48800,138200,187000
71009108062,2019,45100,141000,186100
70923154135,2019,0,7500,7500
60801121174,2019,70600,170500,241100
70823405076,2019,56800,216900,273700
71010412147,2019,58700,184600,243300
81016204026,2019,0,0,0
70931103158,2019,101600,142700,244300
71003212091,2019,54300,170700,225000
70923167229,2019,3400,13800,17200
71011305276,2019,66900,193900,260800
70835304034,2019,78200,201200,279400
71009218077,2019,54800,170900,225700
70923168318,2019,6500,18500,25000
80926206122,2019,69500,204100,273600
70922410140,2019,127800,20000,147800
70923149160,2019,7300,1200,8500
70922122018,2019,0,0,0
71010302108,2019,54600,141900,196500
70921222017,2019,131600,331800,463400
60906115080,2019,55500,173500,229000
71004408293,2019,64500,157500,222000
70920408204,2019,129500,229200,358700
70922408187,2019,127800,314500,442300
71005323086,2019,104100,349900,454000
70826412664,2019,10000,75400,85400
60811411052,2019,75600,200000,275600
71010110147,2019,54700,217700,272400
70922424042,2019,220200,254800,475000
70926110043,2019,76000,84400,160400
71014108065,2019,10700,169000,179700
70922408070,2019,146400,552500,698900
70836117064,2019,70800,199000,269800
60801303186,2019,73300,145300,218600
71007116025,2019,84200,198400,282600
60802106175,2019,67500,149700,217200
70920220492,2019,0,2600,2600
70923173606,2019,3300,5900,9200
70920216665,2019,13400,486600,500000
70920116071,2019,70000,340000,410000
70813110031,2019,140700,596300,737000
60811106124,2019,101900,239000,340900
70919407043,2019,102500,181100,283600
60812404296,2019,88200,203300,291500
71021212031,2019,62400,119200,181600
70836431026,2019,31900,97500,129400
70926304050,2019,102100,197900,300000
70833201050,2019,108700,179600,288300
70920114116,2019,126100,127100,253200
71001409012,2019,57500,189900,247400
71010118109,2019,58000,243300,301300
70920412114,2019,143300,222700,366000
70833401113,2019,0,0,0
71003405026,2019,54300,176300,230600
70922439091,2019,143900,212500,356400
80924436127,2019,13300,224100,237400
60801108122,2019,66100,147400,213500
81021107132,2019,61800,185600,247400
60906206251,2019,64900,174800,239700
71014214242,2019,8100,114900,123000
70920219289,2019,0,0,0
70920216566,2019,10300,321400,331700
70834214507,2019,40800,445200,486000
71006109203,2019,65300,132700,198000
71022202065,2019,114000,326000,440000
71002307025,2019,9500,0,9500
60802311203,2019,96500,239100,335600
70913429093,2019,15400,362400,377800
70932420048,2019,0,0,0
71010209297,2019,56200,161900,218100
70914437160,2019,1100,5900,7000
81014303250,2019,32800,169400,202200
70929306243,2019,94800,288600,383400
70923174969,2019,3300,11700,15000
71010109166,2019,64200,249000,313200
70924219277,2019,0,25000,25000
70929211070,2019,80900,178900,259800
71009207020,2019,45100,150900,196000
71022301073,2019,957500,4819500,5777000
70816306116,2019,139500,411700,551200
60812323107,2019,28500,171400,199900
70835210182,2019,80300,206300,286600
70813402529,2019,0,0,0
70918410170,2019,116200,247400,363600
70932412144,2019,74800,66300,141100
71007207030,2019,41500,2000,43500
81034107674,2019,62600,172300,234900
71011112118,2019,57400,257500,314900
60905205121,2019,88000,226000,314000
60804106206,2019,165000,356300,521300
71005403250,2019,48300,165300,213600
71006405073,2019,68000,306900,374900
70922412112,2019,84000,124000,208000
70919411325,2019,110000,332600,442600
71016409099,2019,61400,138800,200200
81028121755,2019,10100,100700,110800
70833306024,2019,169500,355700,525200
70825402103,2019,132000,418000,550000
70921219056,2019,142400,327200,469600
70826409041,2019,68800,174200,243000
70924218568,2019,42200,520400,562600
81026416083,2019,2000,0,2000
70912409369,2019,98800,312000,410800
71014214169,2019,8100,140200,148300
81030311112,2019,63100,126800,189900
71003308139,2019,57900,219300,277200
70827403050,2019,0,0,0
70914438233,2019,2200,22800,25000
70913110147,2019,136200,117500,253700
71010314046,2019,66100,223700,289800
81034302068,2019,48000,132000,180000
80924101332,2019,72300,229600,301900
70920107260,2019,119100,149400,268500
71006127015,2019,88100,119300,207400
70823305078,2019,78100,134300,212400
70823211209,2019,84900,233000,317900
70926103197,2019,17000,111800,128800
70924214053,2019,42700,757300,800000
70823404391,2019,44500,154100,198600
70913123091,2019,0,0,0
70836315030,2019,17300,200800,218100
60811413040,2019,76200,196800,273000
71021212065,2019,65300,138400,203700
71005314134,2019,65100,138700,203800
70921130012,2019,0,0,0
70918401301,2019,478800,217400,696200
70919302144,2019,97300,390100,487400
60811304158,2019,91300,285500,376800
70912407181,2019,111400,250400,361800
70923408128,2019,122400,222600,345000
60812307226,2019,92100,200200,292300
70836310923,2019,0,2000,2000
80924434098,2019,10300,185300,195600
81034330043,2019,24700,104500,129200
80926105035,2019,53500,124000,177500
70929123217,2019,10300,189500,199800
71034103201,2019,70300,171700,242000
71004310034,2019,54100,132000,186100
70922114065,2019,0,0,0
70920221119,2019,0,2200,2200
70834306031,2019,143700,353300,497000
70929112129,2019,102000,272000,374000
71012221108,2019,12100,125900,138000
70922408244,2019,75000,240000,315000
70829108385,2019,105200,264800,370000
71005223327,2019,63400,193900,257300
70929104051,2019,114800,298300,413100
70823306191,2019,82300,124700,207000
80924431052,2019,11200,198800,210000
71010313402,2019,55700,175200,230900
71010118125,2019,58000,234400,292400
60906105065,2019,66100,145200,211300
70920420258,2019,119100,224900,344000
81028108399,2019,60500,140000,200500
70822210062,2019,0,0,0
70918314976,2019,177000,164400,341400
81030207022,2019,64000,218000,282000
71005409167,2019,41800,92200,134000
60801104154,2019,66100,166900,233000
71014106465,2019,12500,149900,162400
71012215549,2019,17700,241900,259600
70931202166,2019,77100,148600,225700
71003405018,2019,59600,188700,248300
81030212089,2019,45600,157000,202600
70931309235,2019,99000,153100,252100
70928114093,2019,128500,120500,249000
60905213067,2019,4200,45600,49800
70828111016,2019,95200,213900,309100
71006402144,2019,59400,140400,199800
70923310084,2019,71500,164000,235500
70919305114,2019,134400,341400,475800
70932421228,2019,48000,114900,162900
80925114839,2019,800,1200,2000
60902101041,2019,253000,598300,851300
70921110056,2019,114200,316600,430800
60811205059,2019,100800,298800,399600
70823212249,2019,0,0,0
71003312114,2019,49300,189100,238400
80925110100,2019,53500,120200,173700
71007219291,2019,128100,256900,385000
60801201091,2019,66100,184500,250600
70922420090,2019,133300,284400,417700
70921401215,2019,142900,260100,403000
70932401155,2019,140100,204100,344200
71011211192,2019,53000,280800,333800
71016109110,2019,63300,125600,188900
81028120484,2019,0,5000,5000
60901103098,2019,59500,160900,220400
70835207014,2019,90400,225900,316300
60802413273,2019,58600,159200,217800
70919204168,2019,82400,177700,260100
80924401245,2019,22800,158900,181700
71006131115,2019,62600,202200,264800
60801108180,2019,66100,160400,226500
70919225221,2019,101300,225500,326800
70824422011,2019,69900,94800,164700
60802409032,2019,65500,152100,217600
70914419457,2019,0,0,0
70913406314,2019,84600,193800,278400
71009219257,2019,41100,177300,218400
70823314128,2019,208800,0,208800
70920410340,2019,180000,172900,352900
71005223020,2019,67900,217100,285000
60811435010,2019,84800,186800,271600
71009223232,2019,45100,194300,239400
71011220317,2019,11300,200300,211600
70922334027,2019,134800,307600,442400
70929406027,2019,81900,209200,291100
71006101233,2019,96700,77700,174400
70922233071,2019,115400,331100,446500
70929412074,2019,87300,216400,303700
70931206051,2019,73200,151300,224500
71006401039,2019,63800,176000,239800
80927401169,2019,230700,1169300,1400000
70932201216,2019,94200,137500,231700
60812107048,2019,83300,179200,262500
70828111123,2019,95200,223700,318900
70922409036,2019,149400,272900,422300
71006315024,2019,0,0,0
70836404065,2019,72900,142500,215400
71009218275,2019,45100,147100,192200
71006416137,2019,54400,163800,218200
71015107074,2019,61300,125100,186400
71006417101,2019,60600,195300,255900
71001302050,2019,65300,197200,262500
70919103112,2019,99500,256600,356100
71009310021,2019,68800,99100,167900
70920217283,2019,400,14600,15000
70918319083,2019,20500,113900,134400
70929103045,2019,83200,182800,266000
60812329139,2019,13400,161000,174400
71007302062,2019,94000,416000,510000
80936405011,2019,75100,303900,379000
80936121013,2019,14900,105300,120200
70935111074,2019,63800,0,63800
80924419082,2019,9900,162300,172200
81030212112,2019,45600,140400,186000
70824106087,2019,124300,242200,366500
71009412091,2019,63500,124500,188000
71016207170,2019,85200,140700,225900
71027404012,2019,0,0,0
70828404031,2019,0,0,0
70922341030,2019,201700,566600,768300
71007312045,2019,44800,154800,199600
70921126053,2019,124400,464100,588500
70931212272,2019,77500,229900,307400
71023301022,2019,0,0,0
70829412059,2019,12600,0,12600
70926214184,2019,86800,180800,267600
70824101045,2019,103100,348900,452000
71009221054,2019,41600,195000,236600
60812326078,2019,26500,195700,222200
70914414077,2019,142300,206200,348500
71011204139,2019,37300,254300,291600
71030210258,2019,91700,265700,357400
71010307215,2019,53600,138000,191600
71007309109,2019,92400,407400,499800
70913333088,2019,19100,76000,95100
70929411042,2019,94200,259400,353600
81026416140,2019,100,0,100
81027106188,2019,36700,109800,146500
71005205028,2019,47900,107100,155000
81009303108,2019,656000,1500000,2156000
70816403087,2019,184100,477700,661800
70919405089,2019,118500,313700,432200
70816304160,2019,168300,425500,593800
60905222026,2019,0,0,0
70828428031,2019,0,0,0
81026346066,2019,57800,275700,333500
60801212288,2019,74200,152700,226900
70834426350,2019,23400,98800,122200
70816405075,2019,199200,451600,650800
70920219239,2019,0,0,0
70923315068,2019,80100,240100,320200
71005410221,2019,56300,115700,172000
71004404184,2019,49700,145600,195300
60802107115,2019,70100,192600,262700
70836313472,2019,15700,161300,177000
70919408215,2019,95900,394400,490300
71009214299,2019,50800,196000,246800
70824416030,2019,14300,130700,145000
70922310043,2019,115400,357000,472400
70923408368,2019,43200,202200,245400
70828203011,2019,600,0,600
60904102039,2019,81700,183000,264700
70923408110,2019,119700,115300,235000
71002106120,2019,9500,110800,120300
70901113244,2019,21200,108800,130000
71007303317,2019,120300,343600,463900
70913350701,2019,0,8000,8000
60803109037,2019,98300,170900,269200
70924218170,2019,51300,482300,533600
60902208011,2019,193000,1284000,1477000
71003207159,2019,53100,201600,254700
70814416066,2019,87200,214600,301800
70921211052,2019,101900,147400,249300
70821206103,2019,0,0,0
70823404317,2019,49900,198300,248200
70918212089,2019,63800,130900,194700
71009206064,2019,38000,227000,265000
81034103242,2019,65900,252500,318400
71003320133,2019,50700,182600,233300
70928111122,2019,109100,114200,223300
70816305100,2019,127500,366400,493900
71015103296,2019,63500,134500,198000
71015215017,2019,23000,246000,269000
70836317010,2019,30800,138800,169600
60802412118,2019,0,0,0
70814206110,2019,100200,254500,354700
70923113280,2019,129400,262100,391500
60801308227,2019,71800,139300,211100
71009303026,2019,83000,377700,460700
70928212045,2019,97800,241700,339500
60813201980,2019,100,0,100
81034316150,2019,24300,122500,146800
60903228034,2019,100,0,100
81034205246,2019,67300,195500,262800
70932419132,2019,45000,220000,265000
70913345116,2019,85600,141400,227000
81033301152,2019,39100,152300,191400
70934301064,2019,161000,519000,680000
70922336180,2019,130200,244000,374200
60812118011,2019,20500,160400,180900
70914428086,2019,44000,269000,313000
70822200980,2019,0,0,0
81014301080,2019,0,0,0
70816407097,2019,162200,393300,555500
71009109101,2019,50500,297200,347700
70913127019,2019,22100,299900,322000
70929215197,2019,92400,179200,271600
70833401121,2019,235400,484300,719700
80925122014,2019,11300,263000,274300
71016203102,2019,71100,113900,185000
71002419143,2019,65200,71500,136700
70922102036,2019,0,0,0
70814405069,2019,90900,212900,303800
70932111069,2019,145400,134400,279800
70921221423,2019,139300,350700,490000
70835122402,2019,6500,70800,77300
70913340968,2019,1800,13200,15000
70936408032,2019,60500,158500,219000
71006128229,2019,87400,139000,226400
71003303014,2019,61500,103700,165200
70833205086,2019,31000,277400,308400
71006414298,2019,55300,216200,271500
60801119038,2019,66800,160700,227500
71006112157,2019,45700,245000,290700
71010205055,2019,59600,131300,190900
81019310052,2019,58000,171300,229300
71027410027,2019,24900,154000,178900
60905214114,2019,5600,56600,62200
70913214072,2019,105000,423900,528900
70913356022,2019,805000,1844000,2649000
60801408267,2019,67600,199100,266700
70816304029,2019,168300,495600,663900
71009214041,2019,50500,122000,172500
70920419251,2019,95200,214200,309400
70823315150,2019,181300,413000,594300
70926217063,2019,44000,622000,666000
70920106080,2019,133500,97400,230900
70921207085,2019,88000,482000,570000
70936406143,2019,59500,180600,240100
70822400986,2019,0,0,0
71002310101,2019,50400,228300,278700
70919303035,2019,104100,236100,340200
71012217123,2019,64300,185800,250100
71007226022,2019,77800,124200,202000
70828417050,2019,0,0,0
71004405273,2019,49600,155400,205000
81031211262,2019,42700,91100,133800
80924427837,2019,400,1600,2000
71009411308,2019,62900,100800,163700
60811432016,2019,92800,165900,258700
60801205027,2019,59100,209100,268200
70813406092,2019,0,0,0
60801112131,2019,59500,155600,215100
70931412137,2019,85100,187200,272300
71015102165,2019,52400,177600,230000
70912430033,2019,9000,91300,100300
70918302294,2019,75400,141700,217100
70836207287,2019,0,0,0
81032417083,2019,33200,145200,178400
70814405184,2019,91500,197900,289400
71004402196,2019,46800,140200,187000
71005315083,2019,68000,232000,300000
70923316206,2019,79200,192000,271200
70928219182,2019,79400,293200,372600
70928102460,2019,107200,428400,535600
70928212227,2019,97800,218100,315900
71001203018,2019,62800,123600,186400
71021108165,2019,61000,144800,205800
70922440345,2019,66200,183600,249800
81028119635,2019,8700,63400,72100
81032421034,2019,72000,205000,277000
81035111012,2019,100,0,100
80924437894,2019,400,1600,2000
70826420419,2019,0,4000,4000
60812111164,2019,75000,211100,286100
70816408087,2019,171900,414200,586100
70813309147,2019,102200,220800,323000
70928314130,2019,173300,335000,508300
81016305098,2019,23600,63900,87500
70913205211,2019,70200,331500,401700
70926408068,2019,132000,303500,435500
71012215127,2019,17700,248500,266200
70824415389,2019,14100,101400,115500
70932109105,2019,137500,247500,385000
70929419335,2019,90500,254900,345400
70929417131,2019,87300,237700,325000
71005214178,2019,47100,113200,160300
70826419777,2019,0,4000,4000
71006419024,2019,62400,210200,272600
70834207164,2019,94100,231900,326000
60906205071,2019,69400,136400,205800
71006113204,2019,38100,185600,223700
71005410304,2019,56300,106400,162700
80925304216,2019,68400,173300,241700
70932117041,2019,170900,476700,647600
70928109052,2019,107000,305300,412300
71011109173,2019,0,0,0
80925220131,2019,54600,179600,234200
70921210179,2019,71900,166300,238200
70914437996,2019,1100,5900,7000
71014301023,2019,56900,242000,298900
81036101062,2019,4400,0,4400
70836405568,2019,60700,154300,215000
60811204209,2019,205200,420000,625200
70833119237,2019,64300,300700,365000
71005333035,2019,90400,298600,389000
80924446035,2019,0,0,0
70826419868,2019,0,4000,4000
60803103245,2019,103200,198900,302100
70921402099,2019,122800,314800,437600
70930413201,2019,67900,212900,280800
80936411042,2019,69600,119000,188600
71005318102,2019,90400,227900,318300
70932206480,2019,0,0,0
70923173317,2019,3300,5900,9200
70835305016,2019,97300,169400,266700
81034326026,2019,21500,122500,144000
80924438785,2019,400,1600,2000
71019405268,2019,18000,111200,129200
70926300909,2019,0,0,0
60802316170,2019,18000,0,18000
81032407050,2019,32200,0,32200
70833109064,2019,66200,238300,304500
71004313244,2019,54100,186800,240900
70923165182,2019,32000,172900,204900
71006132163,2019,59700,120300,180000
70919404198,2019,102200,257100,359300
70930104066,2019,80300,158900,239200
80924412086,2019,9300,139800,149100
70921407239,2019,142900,417300,560200
70922236158,2019,182600,393400,576000
70920105222,2019,120800,126600,247400
70820109027,2019,116700,0,116700
70928117394,2019,105300,231000,336300
71027100933,2019,102600,34600,137200
70836124019,2019,32100,106900,139000
70923119022,2019,168000,206000,374000
71007222111,2019,447000,158000,605000
70814412056,2019,100100,337400,437500
80924403085,2019,8300,121400,129700
70814312016,2019,26100,243500,269600
71004405207,2019,46500,170200,216700
70821304014,2019,0,0,0
70823311299,2019,13100,156900,170000
81014302020,2019,1778000,16442000,18220000
70836107247,2019,69700,155600,225300
70901109079,2019,49200,137400,186600
71005214011,2019,56900,141500,198400
70914437285,2019,1100,5900,7000
71015106109,2019,61100,157000,218100
70935204043,2019,29500,45500,75000
81032408107,2019,42200,149400,191600
70914439471,2019,1000,5100,6100
81034302084,2019,44100,116100,160200
81028118405,2019,10100,86000,96100
70828124168,2019,12900,190600,203500
71014102091,2019,92400,240500,332900
81023304299,2019,35600,152700,188300
70836301138,2019,67200,170500,237700
60801111125,2019,60000,175200,235200
71004401263,2019,55300,206700,262000
71016405013,2019,62300,163700,226000
70926104088,2019,81300,217000,298300
70921118034,2019,137500,252300,389800
71022405065,2019,0,0,0
70928208234,2019,89900,348600,438500
71002424027,2019,56000,157200,213200
70829407050,2019,9600,0,9600
71020301108,2019,483100,374600,857700
70919218052,2019,97600,213100,310700
70923216167,2019,0,0,0
70833401311,2019,169500,344300,513800
70932408060,2019,76300,115200,191500
60811412042,2019,83300,184100,267400
70826417987,2019,18400,85600,104000
71035102070,2019,72000,288100,360100
60905222068,2019,0,0,0
60811109128,2019,100800,310400,411200
70836216527,2019,5500,95700,101200
70913347849,2019,2500,12500,15000
70913349126,2019,35900,229100,265000
71006423025,2019,57000,162300,219300
70836103063,2019,77100,159300,236400
71001415069,2019,57200,193000,250200
70834427936,2019,0,5000,5000
70823413425,2019,32800,173100,205900
71006129392,2019,192700,1208600,1401300
70836120083,2019,130300,352300,482600
71011211217,2019,2300,0,2300
70921313056,2019,131300,183100,314400
70928105406,2019,120300,213100,333400
71011124147,2019,42900,221700,264600
70918321210,2019,0,2000,2000
70913123033,2019,0,0,0
80925120993,2019,800,1200,2000
70919204150,2019,81300,186500,267800
70931210119,2019,78900,317300,396200
71003106286,2019,57300,169800,227100
71004401213,2019,48300,151100,199400
71014214458,2019,8100,113300,121400
70913354018,2019,0,15000,15000
71010412064,2019,56400,164100,220500
71001304056,2019,114000,581000,695000
71002421031,2019,66700,207900,274600
81032311152,2019,0,0,0
70930105121,2019,68700,269200,337900
81026350067,2019,44700,89500,134200
70826416301,2019,21500,105200,126700
60903212152,2019,12200,71200,83400
80924434840,2019,400,1600,2000
71021213104,2019,59800,117100,176900
70913223172,2019,3600,248300,251900
60811424104,2019,97900,204900,302800
70930107143,2019,840000,4884000,5724000
71026404021,2019,72000,309000,381000
81031303027,2019,90500,205100,295600
71021217057,2019,59300,122100,181400
70923154078,2019,0,7500,7500
70813325036,2019,16300,181200,197500
70920309238,2019,104700,284300,389000
71007215364,2019,121900,211300,333200
71014106308,2019,12500,152500,165000
71030208021,2019,85700,231700,317400
70923314078,2019,158800,263800,422600
71006302071,2019,47900,295400,343300
70924218336,2019,51300,743300,794600
70920218554,2019,300,14700,15000
70928205173,2019,97800,240000,337800
71019407107,2019,78700,120200,198900
60802311419,2019,0,0,0
60802102173,2019,68900,203900,272800
60812121254,2019,79600,222100,301700
70922346436,2019,0,27000,27000
70923150670,2019,83600,564000,647600
71022205043,2019,185000,0,185000
71007305347,2019,91500,170900,262400
70923132355,2019,89000,510000,599000
70921417048,2019,151400,330600,482000
71015208153,2019,79000,264500,343500
71006408051,2019,68000,291700,359700
70823202068,2019,123400,318100,441500
60812325319,2019,18900,190500,209400
81033402059,2019,53700,168300,222000
81034328080,2019,29300,104700,134000
70835303250,2019,89200,192800,282000
81035300988,2019,5500,0,5500
71006431078,2019,109100,262100,371200
70826310123,2019,98400,387300,485700
70923162287,2019,8000,7000,15000
71006432018,2019,110500,381700,492200
70835122048,2019,6500,77500,84000
70918302195,2019,71700,152000,223700
70925301106,2019,220000,2030000,2250000
71014215175,2019,7800,93600,101400
80925205258,2019,57400,134100,191500
71009406086,2019,67800,125000,192800
81026362054,2019,100,0,100
71016413024,2019,62800,150700,213500
70933206067,2019,267600,582400,850000
71005333150,2019,75700,230600,306300
70823112043,2019,89400,196900,286300
81032421018,2019,400500,634500,1035000
70920407074,2019,127300,172700,300000
70835107199,2019,99100,274100,373200
81031202196,2019,50300,128800,179100
60906206037,2019,64900,150100,215000
70931312098,2019,75900,164400,240300
60802112180,2019,86400,288500,374900
80924423942,2019,400,1600,2000
70834201265,2019,88500,246500,335000
71010113133,2019,49100,189100,238200
70923308097,2019,183500,427200,610700
60811426027,2019,90700,165300,256000
60812327133,2019,6000,86400,92400
71021110037,2019,63700,154300,218000
71009316053,2019,68800,119600,188400
60812201014,2019,77200,152100,229300
70934100929,2019,352000,2105000,2457000
60812110067,2019,78200,167100,245300
70921114040,2019,124400,385000,509400
70836313480,2019,15700,161300,177000
70835318035,2019,0,0,0
71007111231,2019,87900,266500,354400
70836406194,2019,55100,144900,200000
71009405137,2019,63300,146700,210000
70923154531,2019,0,7500,7500
70923167188,2019,3400,13800,17200
80924409835,2019,400,1600,2000
81032301046,2019,24300,164500,188800
81027208091,2019,60500,201300,261800
70834308673,2019,130000,325900,455900
70923138288,2019,37000,335700,372700
70828409031,2019,0,0,0
70923179141,2019,65500,0,65500
70929308124,2019,85200,257300,342500
71012221124,2019,12100,125700,137800
71005311023,2019,59400,222300,281700
70913343235,2019,9400,125700,135100
70928112203,2019,175500,293300,468800
70923164209,2019,44900,328000,372900
70814201087,2019,115800,223700,339500
70821217085,2019,0,0,0
70821202010,2019,0,0,0
71007215091,2019,69500,98100,167600
70826417713,2019,21500,115400,136900
81031208011,2019,43700,108500,152200
71015107066,2019,55500,157400,212900
71005411146,2019,51400,148400,199800
70930411106,2019,73000,188000,261000
71007315065,2019,113000,397000,510000
70833203220,2019,113300,152100,265400
60811110018,2019,105100,208600,313700
70923152361,2019,44100,809700,853800
70920220319,2019,0,2600,2600
71005326197,2019,106300,234200,340500
70936308133,2019,0,0,0
60903207260,2019,80800,170200,251000
71034104241,2019,75500,170600,246100
70823103159,2019,89400,251700,341100
71003310093,2019,60100,223200,283300
70824207033,2019,115900,206800,322700
71010219139,2019,10600,85800,96400
60801113543,2019,59800,169400,229200
70922430023,2019,92000,359700,451700
81034104050,2019,83500,150400,233900
60812113053,2019,75800,165700,241500
70836213630,2019,11600,120800,132400
70824203289,2019,114700,235000,349700
71011305193,2019,61600,156900,218500
71006430145,2019,109100,234000,343100
71010103150,2019,53600,195200,248800
71004407253,2019,45800,170900,216700
71026200974,2019,138500,3500,142000
60812305113,2019,70700,244400,315100
60811425011,2019,106500,224500,331000
70935113210,2019,48500,92600,141100
70836304059,2019,85700,213300,299000
70926409157,2019,77000,438000,515000
70829402068,2019,13300,0,13300
70929307134,2019,81600,288200,369800
70932422086,2019,25900,40700,66600
60801215092,2019,70000,200300,270300
70929212127,2019,78200,214600,292800
70835305181,2019,105600,189000,294600
70929218117,2019,91600,251100,342700
70931202174,2019,77500,202600,280100
70823210326,2019,113400,230600,344000
71002315044,2019,2500,0,2500
70922322139,2019,132000,368000,500000
70824408102,2019,117800,306100,423900
71010106112,2019,58200,178300,236500
71016401227,2019,177500,483400,660900
60801415105,2019,77300,187400,264700
71034103524,2019,85100,217200,302300
81028113083,2019,73000,188800,261800
70921216101,2019,60700,175200,235900
81031407126,2019,36700,119300,156000
81028120640,2019,0,5000,5000
60801312153,2019,64600,202800,267400
70826420782,2019,0,4000,4000
70814406041,2019,88300,281200,369500
81028105296,2019,78200,126500,204700
81031403140,2019,24800,61300,86100
60801402152,2019,74300,134500,208800
81014303028,2019,32800,167200,200000
71016207055,2019,59300,100800,160100
71004407162,2019,48800,183300,232100
70913414292,2019,98600,512600,611200
70918401369,2019,437500,694400,1131900
70922421098,2019,65200,214800,280000
70935307293,2019,4900,55100,60000
81026364117,2019,2600,0,2600
60802305371,2019,13800,198300,212100
71005323234,2019,84900,208700,293600
70822407031,2019,0,0,0
70935207336,2019,37700,72300,110000
70920219891,2019,0,0,0
70935207063,2019,66200,177800,244000
80925115796,2019,800,1200,2000
71012209097,2019,59500,200700,260200
71031200943,2019,0,0,0
70814429069,2019,33900,268000,301900
71009209133,2019,50700,94300,145000
80925407169,2019,52900,153300,206200
70821108010,2019,0,0,0
70935111058,2019,179700,99300,279000
71006132064,2019,62600,189600,252200
71007220206,2019,92800,269600,362400
70913347667,2019,2500,12500,15000
81027106089,2019,36700,108500,145200
70931304152,2019,126700,96000,222700
80924421954,2019,400,1600,2000
70935307178,2019,4900,55100,60000
70814406033,2019,89800,264000,353800
60801418068,2019,27200,222500,249700
70922321115,2019,130200,319100,449300
60804104169,2019,132500,413500,546000
70836403249,2019,73600,166400,240000
71002304039,2019,57300,325800,383100
81015103063,2019,61400,175200,236600
80926202047,2019,66200,116100,182300
71034103285,2019,85500,195300,280800
70822402106,2019,660000,1020000,1680000
60905103010,2019,0,0,0
70923152642,2019,24400,532600,557000
70918415138,2019,10500,102500,113000
70928209068,2019,97800,306900,404700
71016404099,2019,62400,149600,212000
70918206107,2019,155100,372200,527300
70835122262,2019,6500,80000,86500
70928109185,2019,107000,488000,595000
60801113410,2019,75200,117300,192500
70932418069,2019,54900,116700,171600
71015114243,2019,45200,214300,259500
70826100904,2019,2000000,1570000,3570000
70815308212,2019,176400,403600,580000
70820106081,2019,100,0,100
70923153319,2019,1300,23700,25000
71014301304,2019,57800,175000,232800
71010401132,2019,59700,170100,229800
70923304144,2019,100000,800000,900000
71022304019,2019,351500,262300,613800
60906109140,2019,63800,153700,217500
80925115704,2019,800,1200,2000
81023100978,2019,1592000,6272700,7864700
70826211636,2019,18300,66500,84800
80925306337,2019,74500,92500,167000
70921114214,2019,124400,226000,350400
70834205035,2019,81600,243900,325500
71009206048,2019,38000,177800,215800
60801220017,2019,253000,487000,740000
71009413164,2019,63300,77700,141000
71022202073,2019,106000,442000,548000
80924404918,2019,400,1600,2000
70834209102,2019,65100,237600,302700
81031418074,2019,38400,112900,151300
71007242177,2019,14100,267800,281900
70828427083,2019,0,0,0
81023207435,2019,33600,88700,122300
71010107102,2019,55600,176300,231900
71019406068,2019,87200,162300,249500
70901113731,2019,17700,101700,119400
70913202267,2019,77000,253300,330300
81031204176,2019,39800,116700,156500
71001301127,2019,0,0,0
70923163764,2019,44900,280100,325000
80925115035,2019,13500,260700,274200
70931208552,2019,73000,229200,302200
71015116091,2019,54100,168200,222300
70814201079,2019,104500,233700,338200
70901103120,2019,68100,212900,281000
71027405094,2019,54600,198300,252900
70923148609,2019,4200,800,5000
70926116041,2019,80200,148600,228800
70926402101,2019,76900,136800,213700
71016119094,2019,64000,141700,205700
71007243448,2019,0,15000,15000
70931207059,2019,102600,260700,363300
70913203108,2019,70200,197600,267800
70928313067,2019,164500,415400,579900
70826410121,2019,75600,169200,244800
71005204012,2019,46900,87700,134600
70914422088,2019,240000,22000,262000
70833402038,2019,160100,418200,578300
81033201097,2019,38300,164500,202800
71001107088,2019,100,0,100
70923125095,2019,163400,377500,540900
81033300782,2019,0,0,0
60812115257,2019,74600,197500,272100
80924436804,2019,400,1600,2000
60812405252,2019,76900,178000,254900
71006421095,2019,92000,253000,345000
70835122569,2019,6500,80500,87000
70828419030,2019,0,0,0
70930407113,2019,82200,209000,291200
70919103089,2019,100400,219600,320000
60811102172,2019,98800,239200,338000
71003104123,2019,56100,193900,250000
70919107304,2019,81200,371200,452400
80924418109,2019,8600,150000,158600
81027113026,2019,653000,2866800,3519800
71003212249,2019,53100,200000,253100
70913433200,2019,8400,205600,214000
70918321476,2019,0,2000,2000
60801302162,2019,98200,178800,277000
71002316141,2019,59500,260400,319900
70835209127,2019,78500,200400,278900
71006408043,2019,54100,285600,339700
60811101059,2019,115400,234600,350000
70912437047,2019,9000,93400,102400
70923154292,2019,0,7500,7500
81032424145,2019,32300,135800,168100
70919107099,2019,95500,167200,262700
71007106076,2019,94600,174700,269300
81023301063,2019,1012000,7350600,8362600
70929119109,2019,94400,0,94400
70926409313,2019,44000,638000,682000
70913112044,2019,121000,148300,269300
60812323115,2019,28500,167600,196100
80924410840,2019,400,1600,2000
70913103077,2019,100700,112100,212800
70821108086,2019,113500,286500,400000
71012215094,2019,17700,239700,257400
71007243373,2019,0,15000,15000
60812116114,2019,82000,190000,272000
70921116012,2019,112400,229500,341900
60904110107,2019,94100,286700,380800
70913333096,2019,18400,85900,104300
70913312214,2019,0,0,0
71002107475,2019,9500,163700,173200
71016411200,2019,61400,150900,212300
70931409126,2019,113600,136800,250400
70923128031,2019,114600,273900,388500
80925414148,2019,59900,142400,202300
81032420119,2019,43700,96600,140300
71006428041,2019,109100,170800,279900
60812210057,2019,0,0,0
81028120559,2019,0,5000,5000
60801303318,2019,76100,162700,238800
70913210294,2019,77600,154200,231800
81030307260,2019,59800,135200,195000
71005409175,2019,41400,127900,169300
70824102093,2019,113200,373600,486800
81028107193,2019,57300,157600,214900
71006115143,2019,56300,256800,313100
70823212116,2019,87600,191400,279000
70922236075,2019,247100,556900,804000
81028110071,2019,54900,128600,183500
70835124739,2019,500,1500,2000
71009220212,2019,0,0,0
71011214021,2019,47700,202700,250400
71008106124,2019,50300,226300,276600
60801409223,2019,75200,158400,233600
71006305249,2019,59400,265900,325300
81016202161,2019,1021400,2000000,3021400
70822110014,2019,60500,158200,218700
70835206149,2019,89500,243100,332600
60804211021,2019,17600,0,17600
71010217018,2019,10600,115400,126000
70920117095,2019,195300,288600,483900
70901113707,2019,22200,108500,130700
81032427024,2019,41600,145000,186600
70929124249,2019,0,10000,10000
81034406183,2019,62300,173800,236100
81028121292,2019,8700,65500,74200
70826421376,2019,0,4000,4000
80926106140,2019,54700,149500,204200
60812104094,2019,76000,211000,287000
70834214375,2019,40800,423700,464500
70836115159,2019,78900,179000,257900
70833116051,2019,85100,227100,312200
81019302182,2019,60500,159100,219600
81034205329,2019,68600,188300,256900
60801235074,2019,10000,132100,142100
60803108071,2019,100300,195300,295600
70923305077,2019,468000,4525000,4993000
70913221043,2019,1110000,27640000,28750000
81022101042,2019,369000,1087000,1456000
60904113383,2019,94800,317500,412300
60801305299,2019,68800,143900,212700
60801119137,2019,66100,169600,235700
81034318023,2019,30000,123500,153500
60801313177,2019,88500,263400,351900
71007112255,2019,90400,310200,400600
70913109166,2019,105200,211500,316700
71034110123,2019,14200,120800,135000
60801402110,2019,73700,191500,265200
60812114077,2019,74600,189900,264500
71006418018,2019,56200,223000,279200
71035120030,2019,60400,254600,315000
70928102288,2019,83300,343400,426700
81033209041,2019,0,0,0
70924219160,2019,0,25000,25000
70921414218,2019,137600,309900,447500
71005328028,2019,106300,202000,308300
70835309282,2019,97100,195200,292300
70913110288,2019,74900,132100,207000
70824306124,2019,96300,271100,367400
70922225169,2019,181500,408500,590000
70821213059,2019,118500,352500,471000
70922304088,2019,117600,222800,340400
60801109055,2019,66100,157600,223700
60903211071,2019,17400,103400,120800
81033204059,2019,64000,266000,330000
70823108018,2019,60400,250500,310900
80924431870,2019,400,1600,2000
70918408125,2019,232500,562200,794700
71015207189,2019,74200,193800,268000
81019302257,2019,59800,161200,221000
80924101225,2019,90200,239000,329200
70816308063,2019,182700,486000,668700
70836213458,2019,11600,141900,153500
70822102136,2019,109800,283700,393500
60905207010,2019,56300,120200,176500
81028110154,2019,57300,155700,213000
70932408169,2019,84800,169300,254100
80936202061,2019,56900,182000,238900
70927107099,2019,33000,305400,338400
70923170165,2019,2500,700,3200
70929305279,2019,79700,240300,320000
81034409260,2019,66800,197900,264700
70823408137,2019,45600,209600,255200
70912432055,2019,9000,91300,100300
60812122129,2019,81000,219000,300000
70921219080,2019,143500,346500,490000
70835206248,2019,86900,241700,328600
71001302042,2019,65300,167600,232900
70923169168,2019,6500,18500,25000
71002314062,2019,64800,218700,283500
71003317065,2019,58400,186100,244500
71009108252,2019,879200,2513000,3392200
70820117070,2019,100,0,100
81030316047,2019,37400,220600,258000
71010201269,2019,52900,158500,211400
70920218877,2019,0,0,0
70920410027,2019,123900,211300,335200
60802106224,2019,69300,162400,231700
60812102139,2019,81900,201700,283600
70922323096,2019,93900,226100,320000
80924411856,2019,400,1600,2000
70924219714,2019,0,25000,25000
70930301018,2019,792000,3513000,4305000
70813107062,2019,292300,4900,297200
80925308143,2019,77100,104700,181800
71006114319,2019,38700,234900,273600
80924416905,2019,400,100,500
70919219133,2019,90800,182200,273000
80925115910,2019,800,1200,2000
70923144186,2019,8000,7000,15000
70918322052,2019,0,2000,2000
80924410113,2019,9000,142000,151000
80924438925,2019,400,1600,2000
71006414115,2019,83500,506500,590000
80924417763,2019,400,1600,2000
71005304036,2019,68000,246400,314400
71002434042,2019,47700,357600,405300
71009219249,2019,41100,168100,209200
71021210035,2019,62400,136400,198800
71010110072,2019,56000,171600,227600
70825202149,2019,946000,1354000,2300000
80925220040,2019,54500,128600,183100
71016209142,2019,89800,132200,222000
71006308152,2019,69200,230400,299600
71007243141,2019,0,15000,15000
70918225115,2019,35600,137700,173300
70920217051,2019,12900,587800,600700
70923133056,2019,215000,1331000,1546000
81035300970,2019,900,0,900
70922420058,2019,64300,288000,352300
71015405022,2019,43600,149100,192700
70813402264,2019,546800,605900,1152700
70930416263,2019,75600,232800,308400
70931104180,2019,149500,173800,323300
70823211150,2019,78300,171700,250000
71020301075,2019,311100,213900,525000
70926101216,2019,82100,212700,294800
70919310030,2019,106200,306700,412900
80924302097,2019,68000,242700,310700
60902102031,2019,121000,466000,587000
70921221233,2019,133500,381500,515000
71012206316,2019,64200,219200,283400
60906110048,2019,71900,161100,233000
70926103022,2019,96300,150100,246400
70823110295,2019,89800,299400,389200
70919104144,2019,103900,207200,311100
81020400074,2019,0,898600,898600
71003418037,2019,47300,150900,198200
60801225025,2019,15000,141800,156800
81032102139,2019,27600,144400,172000
70913112234,2019,95500,72100,167600
70913406306,2019,116700,525000,641700
70935112113,2019,51900,129400,181300
70928209125,2019,97800,0,97800
70834206017,2019,81400,251400,332800
71019403056,2019,387300,481700,869000
71034103029,2019,77900,187100,265000
70917301023,2019,587000,741300,1328300
70929201104,2019,98500,216000,314500
71034101255,2019,57600,120400,178000
71010313478,2019,48700,143300,192000
60812111148,2019,75000,202900,277900
60801114038,2019,56200,138900,195100
70834308243,2019,45300,389200,434500
81033204322,2019,48400,142200,190600
71022304126,2019,178000,0,178000
71016207013,2019,190500,1465500,1656000
70913353218,2019,65300,289100,354400
60904105257,2019,81900,212700,294600
70919401144,2019,97200,234600,331800
71006316022,2019,117500,920500,1038000
71006446457,2019,3000,35000,38000
70918302335,2019,75400,119300,194700
70826310032,2019,100200,258400,358600
70928117146,2019,105300,316400,421700
70930410108,2019,83900,295200,379100
70834201033,2019,159200,348400,507600
70823407030,2019,44000,209400,253400
70932307064,2019,67900,141900,209800
60802306014,2019,19400,181200,200600
70923412301,2019,1700,16300,18000
70921306259,2019,184100,468900,653000
70929215189,2019,83500,189800,273300
60905213075,2019,4200,45600,49800
70929220154,2019,88300,137600,225900
71004304194,2019,48000,143000,191000
60811112311,2019,91800,208400,300200
71007206347,2019,57100,112100,169200
71011110047,2019,70700,220300,291000
81032405020,2019,2511500,962600,3474100
70928212178,2019,97800,194800,292600
60812313215,2019,33100,169000,202100
71016202104,2019,0,0,0
70922109058,2019,0,0,0
70913324128,2019,0,0,0
70926204052,2019,81000,291600,372600
60812123094,2019,93300,220600,313900
70929213125,2019,78400,166900,245300
70835124250,2019,500,1500,2000
71006114327,2019,49200,233100,282300
60802418314,2019,57000,310500,367500
71035203141,2019,70300,291800,362100
81029100922,2019,0,0,0
71014106556,2019,12500,151300,163800
70926406103,2019,78300,98000,176300
71011119057,2019,53200,209200,262400
81030303078,2019,53800,191400,245200
80924421665,2019,0,0,0
71010120170,2019,52100,163000,215100
70821100967,2019,69500,72500,142000
70928101272,2019,96000,237600,333600
80926203128,2019,62200,161100,223300
70920217043,2019,15700,832300,848000
70836118038,2019,67000,173500,240500
70920216425,2019,10700,311400,322100
70923165629,2019,49900,189100,239000
71006305075,2019,44800,174900,219700
70922430148,2019,87000,371500,458500
81032411217,2019,38700,118500,157200
60906201417,2019,72500,189900,262400
70814424077,2019,79600,223700,303300
70922404276,2019,127800,256000,383800
70827403034,2019,0,0,0
70923152444,2019,44100,830500,874600
80925114011,2019,12600,176900,189500
70920304139,2019,93300,307700,401000
70836118111,2019,70600,199700,270300
70836206031,2019,69900,207300,277200
80925117023,2019,12900,213800,226700
70919107031,2019,91800,228200,320000
81030304183,2019,68500,164800,233300
71010102087,2019,58700,169900,228600
70826408382,2019,69200,153000,222200
70814420215,2019,15200,212700,227900
71006110010,2019,59600,231600,291200
70923142396,2019,44900,286100,331000
60906108217,2019,66800,169500,236300
70823402262,2019,33300,170700,204000
60801410022,2019,84300,760700,845000
81032300915,2019,98000,462000,560000
80925116033,2019,13500,260700,274200
71010113076,2019,48600,162400,211000
70928112013,2019,141100,356800,497900
71006403085,2019,54100,213400,267500
71005322096,2019,131400,385100,516500
70918321294,2019,0,2000,2000
71005231338,2019,48500,104200,152700
71007316146,2019,37200,257000,294200
80925402060,2019,57600,142600,200200
71003222016,2019,21600,77900,99500
70926218300,2019,87400,263600,351000
71016201263,2019,0,0,0
71005228179,2019,53900,186900,240800
70918402010,2019,72000,249600,321600
70928316053,2019,152000,459500,611500
71011125054,2019,68300,261200,329500
71001201012,2019,5900,0,5900
81028104149,2019,59000,143800,202800
71002310086,2019,45000,266900,311900
71003313302,2019,49300,160000,209300
70923105261,2019,119000,387100,506100
71034105398,2019,79600,175400,255000
60812104060,2019,76000,166200,242200
71014301114,2019,0,0,0
60904111254,2019,87700,319900,407600
60902201081,2019,182000,964800,1146800
70913207241,2019,74500,276500,351000
70918401244,2019,145200,170500,315700
70936303117,2019,67800,118700,186500
71034103160,2019,78900,208500,287400
70923126374,2019,81300,240100,321400
71009218209,2019,45100,161700,206800
70913433250,2019,12300,295900,308200
71003203040,2019,53100,139500,192600
70828302160,2019,107400,0,107400
70919110141,2019,112900,133300,246200
70926110069,2019,81100,102600,183700
70836206172,2019,77500,232100,309600
71011207191,2019,36200,207800,244000
70836117238,2019,68700,163900,232600
70923140837,2019,1500,13500,15000
70822414896,2019,23200,156000,179200
71026402025,2019,72400,301600,374000
81023209415,2019,0,1200,1200
70923150159,2019,55100,333700,388800
70920127101,2019,22000,280400,302400
71003205070,2019,54300,139600,193900
70826418282,2019,0,0,0
70913433094,2019,10100,252500,262600
70929421190,2019,151700,263700,415400
70835308060,2019,80300,201400,281700
81032104193,2019,37200,142100,179300
70929114133,2019,88000,177000,265000
81021304134,2019,46400,190500,236900
81032404022,2019,43500,116100,159600
81034412106,2019,70000,150200,220200
71006204285,2019,42600,135600,178200
70920220632,2019,0,7300,7300
70814203041,2019,105000,278200,383200
70833205789,2019,26400,293500,319900
70928321135,2019,156800,417800,574600
71030205093,2019,79100,128900,208000
70829410110,2019,13200,0,13200
70923161247,2019,8000,7000,15000
60802412126,2019,75700,240700,316400
70931212066,2019,75300,79700,155000
70921104174,2019,81900,228000,309900
71021113213,2019,15100,89900,105000
81032410037,2019,0,0,0
71019401109,2019,0,0,0
70822108043,2019,51500,168100,219600
70914437889,2019,2200,17300,19500
81023306245,2019,35600,113600,149200
60906208140,2019,58200,155500,213700
71004406213,2019,46800,165400,212200
70835206016,2019,106200,226800,333000
70923215119,2019,0,0,0
71005327038,2019,126500,268500,395000
80925306098,2019,63800,138700,202500
80925217237,2019,55800,163600,219400
70836207485,2019,34300,121700,156000
60812302143,2019,69600,183600,253200
70920219320,2019,0,0,0
81028108050,2019,47700,123100,170800
71006302188,2019,69200,102400,171600
60802109153,2019,78900,189300,268200
71011221042,2019,12000,203300,215300
60801111183,2019,62000,140700,202700
71016112113,2019,54900,145100,200000
71004301083,2019,63200,124400,187600
60906108134,2019,63800,163200,227000
71014107182,2019,12300,201500,213800
80924444047,2019,11600,231400,243000
71007103014,2019,98100,320900,419000
80926203087,2019,67500,216000,283500
81026356213,2019,58100,447300,505400
70824415149,2019,14100,97300,111400
70823306274,2019,82300,200800,283100
70923411410,2019,29700,253800,283500
81015401037,2019,0,0,0
60905214213,2019,0,0,0
70929210072,2019,81400,230300,311700
70928223042,2019,105300,148300,253600
71016112064,2019,54900,132100,187000
70923171220,2019,2100,1600,3700
71035207276,2019,43900,198200,242100
71011204064,2019,31900,213200,245100
60812120024,2019,75200,181600,256800
71014107231,2019,12300,209900,222200
71012206176,2019,61600,238300,299900
71005410106,2019,54600,109700,164300
71010400754,2019,76500,131700,208200
60802103080,2019,90600,195100,285700
71014201265,2019,54300,132000,186300
71034108194,2019,66900,164500,231400
80925110209,2019,53500,135400,188900
80924410808,2019,400,1600,2000
70813310376,2019,15400,167600,183000
70836401095,2019,61200,146800,208000
70921125253,2019,121400,298100,419500
70919104178,2019,115200,263100,378300
60811412141,2019,80700,170500,251200
70922313138,2019,101200,424500,525700
70920306127,2019,99200,266200,365400
71021103165,2019,56500,180800,237300
70929220013,2019,75800,154000,229800
60812113136,2019,74600,196200,270800
70828405055,2019,0,0,0
71022405073,2019,0,0,0
71014205077,2019,56100,196500,252600
71007111281,2019,87900,276200,364100
60801305249,2019,74200,137100,211300
70836413066,2019,74700,157100,231800
71021203163,2019,62700,131500,194200
80924438149,2019,10600,190000,200600
71015108048,2019,61300,129700,191000
70920408361,2019,114700,188100,302800
60802312037,2019,103300,266400,369700
70922342129,2019,114100,380900,495000
70835307088,2019,78700,225300,304000
70928204258,2019,103400,153600,257000
80926113020,2019,63800,158700,222500
70918226163,2019,23300,102900,126200
70932409068,2019,78800,201500,280300
70923154606,2019,0,7500,7500
70834427861,2019,0,5000,5000
80936209025,2019,66300,133700,200000
70935101041,2019,19000,39200,58200
71034109233,2019,0,0,0
80924432886,2019,400,1600,2000
70836403025,2019,71000,148900,219900
71006106019,2019,62800,115400,178200
70826305025,2019,880000,4806000,5686000
71011305268,2019,66900,177000,243900
71034112054,2019,107000,626000,733000
81021416286,2019,0,0,0
70923124336,2019,129400,383500,512900
81021408176,2019,57300,186100,243400
80924445045,2019,13400,256900,270300
81028119114,2019,10800,96300,107100
71008104079,2019,41100,162100,203200
70919307160,2019,132300,245700,378000
81016301020,2019,178500,952000,1130500
71022206025,2019,529500,4972500,5502000
70835106068,2019,17100,102700,119800
80924434832,2019,400,1600,2000
60801116084,2019,66700,157200,223900
70836207237,2019,0,0,0
70931202116,2019,75100,184900,260000
71012215606,2019,17700,243000,260700
70816408285,2019,168200,461000,629200
70923146629,2019,8000,7000,15000
60812325179,2019,17100,107400,124500
70821216102,2019,0,0,0
81032315013,2019,26000,103000,129000
71006312054,2019,60600,187500,248100
70923140465,2019,1500,13500,15000
70828413016,2019,0,0,0
81030212154,2019,45600,169400,215000
70922405042,2019,28000,119000,147000
70929222019,2019,87900,208600,296500
81023305213,2019,35600,146300,181900
80925403175,2019,85400,177800,263200
81031402184,2019,35900,111400,147300
70918415170,2019,10500,108600,119100
71010306308,2019,50500,165500,216000
71007114128,2019,78200,342600,420800
71006126257,2019,52000,123500,175500
70920308016,2019,97200,185900,283100
80924417143,2019,8600,122400,131000
71020302065,2019,91800,187600,279400
81031400972,2019,2200000,0,2200000
81028118629,2019,8700,59800,68500
70928307078,2019,91100,65200,156300
71034106106,2019,53900,172000,225900
71009217285,2019,0,0,0
70921310052,2019,73400,99600,173000
71015102256,2019,55300,139400,194700
60812202369,2019,83600,199300,282900
70828305148,2019,12100,0,12100
70923145621,2019,8000,7000,15000
70821216087,2019,0,0,0
71015114293,2019,57800,146400,204200
70922338029,2019,159900,601400,761300
71001323105,2019,65100,216000,281100
70929121154,2019,119000,247800,366800
70931206100,2019,74700,279000,353700
81036200989,2019,22100,0,22100
80924423083,2019,9900,171800,181700
60903203010,2019,81600,156700,238300
81030206032,2019,55400,120400,175800
71011421246,2019,50700,185200,235900
70913346247,2019,101400,564200,665600
71003302016,2019,58200,146400,204600
71006134177,2019,59000,120200,179200
70932106151,2019,137600,201400,339000
80926311145,2019,64100,198600,262700
81027110022,2019,36700,108700,145400
70923124196,2019,137400,134200,271600
70923143633,2019,44900,312100,357000
71005101052,2019,54200,166200,220400
71010111054,2019,51800,175300,227100
60904113341,2019,90800,291300,382100
70834415022,2019,24000,179000,203000
80924427746,2019,400,1600,2000
80936121071,2019,13800,93400,107200
71003308048,2019,55300,181600,236900
80935106024,2019,40700,269300,310000
70929405243,2019,87000,215500,302500
80936402281,2019,67000,258000,325000
70926215067,2019,96000,339000,435000
60802106232,2019,69100,167900,237000
71019403022,2019,310200,272600,582800
70821217043,2019,0,0,0
71010200948,2019,58400,137500,195900
70913430090,2019,20000,210000,230000
70919204142,2019,84300,138500,222800
70922436047,2019,240400,602200,842600
80926406160,2019,68000,207000,275000
70835307153,2019,78800,192400,271200
71014107083,2019,12300,190700,203000
70923171444,2019,22400,9500,31900
71015118203,2019,53600,155200,208800
71004404241,2019,51400,173600,225000
81027203174,2019,689000,2956100,3645100
60905204115,2019,88000,226000,314000
70920416231,2019,156500,435600,592100
70822113183,2019,26300,328700,355000
71035112128,2019,71800,252700,324500
81028122042,2019,10100,88400,98500
70814412048,2019,100100,302900,403000
81027103035,2019,875000,2350000,3225000
70920405169,2019,120800,190800,311600
71006114012,2019,36800,300600,337400
80926109045,2019,54500,129700,184200
80926110711,2019,33700,157300,191000
80925205232,2019,57100,140400,197500
80936121055,2019,14900,96800,111700
70924221165,2019,28300,85700,114000
71010313527,2019,48700,183500,232200
71005407294,2019,41800,128500,170300
71035114398,2019,67200,256700,323900
81019305235,2019,56300,157900,214200
80924432836,2019,400,3100,3500
71013203139,2019,83500,159600,243100
70914438811,2019,2200,22800,25000
60812106347,2019,86700,215000,301700
80924425849,2019,400,1600,2000
80936202095,2019,56900,172800,229700
70823202092,2019,134500,397500,532000
71006430153,2019,77700,371300,449000
70836120158,2019,133500,484800,618300
70922343028,2019,183200,598300,781500
71002401067,2019,100100,300700,400800
70826416129,2019,21500,119600,141100
80924401071,2019,16500,169500,186000
70834214474,2019,40800,388800,429600
60904104118,2019,85100,220300,305400
80925304258,2019,49900,139500,189400
70919305015,2019,111500,381000,492500
70914438499,2019,2200,22800,25000
81033308273,2019,6300,64800,71100
70936309157,2019,59700,151600,211300
70923156248,2019,3300,11700,15000
70929403172,2019,88200,201200,289400
70918405064,2019,239800,233400,473200
70923113016,2019,44000,214600,258600
71001402131,2019,116900,321100,438000
70920216798,2019,13400,500700,514100
60801208279,2019,50200,175400,225600
71009403248,2019,64700,169800,234500
81032302200,2019,37200,146500,183700
70923166346,2019,84300,303200,387500
71003311299,2019,51800,171900,223700
70826417250,2019,21500,126700,148200
70834214789,2019,40800,433400,474200
71003107101,2019,53100,224600,277700
81030101034,2019,0,0,0
70816305077,2019,173100,495400,668500
81031225073,2019,36900,91500,128400
70932109246,2019,194300,337000,531300
70929301045,2019,81400,221200,302600
71003320084,2019,48000,158700,206700
60804209026,2019,94900,316400,411300
71007235023,2019,20900,264100,285000
71002411058,2019,50800,234200,285000
71009407026,2019,69600,37400,107000
70835315099,2019,51900,321500,373400
70822105346,2019,732000,7684000,8416000
70913108134,2019,57600,139200,196800
70931307015,2019,92500,131900,224400
70816401156,2019,159800,497600,657400
70828422124,2019,0,0,0
70829416027,2019,12400,0,12400
60803104128,2019,103200,220900,324100
70926415047,2019,45600,93800,139400
60904103095,2019,78100,177100,255200
81034106064,2019,65600,154100,219700
70923149061,2019,7300,9700,17000
60801114103,2019,56200,141500,197700
70813326076,2019,134500,338300,472800
71006440102,2019,18700,131300,150000
71007215207,2019,93000,277000,370000
70912415051,2019,9000,114500,123500
71014201108,2019,54000,145700,199700
71003313211,2019,49300,132700,182000
71003316025,2019,57300,182000,239300
70932302197,2019,2229000,4901000,7130000
70926215083,2019,117100,322200,439300
71012303089,2019,180000,250000,430000
71016109061,2019,63200,93400,156600
81014303482,2019,32800,178800,211600
70826418349,2019,21200,123600,144800
70923411527,2019,29700,258300,288000
70936407026,2019,58000,139000,197000
70821110198,2019,112100,357700,469800
60812212110,2019,22400,181800,204200
71003118025,2019,23200,138100,161300
70923316199,2019,65200,156300,221500
70825101086,2019,231000,259000,490000
70823205301,2019,18100,229100,247200
70913428037,2019,0,0,0
71015111306,2019,49700,182100,231800
80924439949,2019,400,1600,2000
70816401396,2019,174000,466600,640600
70920220682,2019,0,4700,4700
71014216024,2019,7500,123400,130900
70920307240,2019,99500,233000,332500
70820107047,2019,100,0,100
80936116072,2019,13800,107800,121600
60801412268,2019,88600,235100,323700
81033202045,2019,47500,116300,163800
71026302069,2019,0,0,0
70918302153,2019,73700,138300,212000
71009309115,2019,62800,98200,161000
70922301141,2019,125100,274900,400000
70923150787,2019,100400,762800,863200
70920106121,2019,130800,131400,262200
70919412125,2019,110900,264100,375000
70925203063,2019,71700,144700,216400
70928203036,2019,97800,264200,362000
70828411028,2019,0,0,0
70813309163,2019,106300,364800,471100
60802433073,2019,15000,87900,102900
71021221016,2019,0,0,0
70913414193,2019,103800,249300,353100
70931203049,2019,76400,150400,226800
81030314132,2019,57500,163000,220500
71026202045,2019,700,0,700
70835210281,2019,123400,199500,322900
70929202011,2019,100900,151400,252300
60801411301,2019,70900,225500,296400
70920405284,2019,126600,153400,280000
81021306023,2019,56800,186600,243400
60801104287,2019,63000,136800,199800
71016206023,2019,62700,99800,162500
71006313284,2019,237000,5158000,5395000
70923152105,2019,34100,383500,417600
70826307071,2019,117900,351200,469100
70828103021,2019,105500,188100,293600
70928320070,2019,211900,490200,702100
80926103287,2019,58100,135400,193500
70932110152,2019,128300,121700,250000
81027300839,2019,635000,0,635000
71003414043,2019,66000,241500,307500
71010302249,2019,54200,134300,188500
71009413106,2019,63300,128100,191400
70922426048,2019,99600,295400,395000
70835201016,2019,175900,306400,482300
71012201077,2019,68300,261400,329700
60801207130,2019,70000,179700,249700
71004105013,2019,2320000,14250000,16570000
71006446043,2019,3000,35000,38000
71006312393,2019,57800,188700,246500
71006432068,2019,106500,155000,261500
70928117021,2019,552000,303000,855000
81019303106,2019,61200,163200,224400
70929204182,2019,115500,324500,440000
70823121458,2019,20000,103200,123200
71022302865,2019,259000,357000,616000
71014301130,2019,55100,181900,237000
80925210166,2019,58100,142500,200600
70935206198,2019,42100,89400,131500
70901113260,2019,17700,97500,115200
70913211028,2019,0,0,0
70814428144,2019,15200,234700,249900
70835100987,2019,0,0,0
70918413025,2019,458000,107000,565000
71006106093,2019,61400,174300,235700
70919221295,2019,0,0,0
70922346634,2019,0,15000,15000
80936410078,2019,70800,132100,202900
80926108344,2019,54700,134900,189600
71009301088,2019,64200,133300,197500
70923152030,2019,44100,687900,732000
60804210081,2019,16200,0,16200
71005204187,2019,40600,188200,228800
71002315052,2019,2500,0,2500
70834209110,2019,74500,225000,299500
60801419355,2019,16600,194100,210700
71012208156,2019,58500,201500,260000
70913315218,2019,405000,3524000,3929000
70823203131,2019,113600,296600,410200
70823121391,2019,20000,103200,123200
60811116090,2019,18800,221200,240000
81032103096,2019,28500,101600,130100
71010314070,2019,56700,194800,251500
71006206265,2019,37600,136800,174400
70922335190,2019,130200,293000,423200
60802411110,2019,80600,225500,306100
70828446059,2019,0,0,0
80924425956,2019,400,1600,2000
71016111115,2019,59300,145200,204500
70914406280,2019,227000,1402000,1629000
70920420414,2019,119100,273400,392500
81019308015,2019,60700,159300,220000
71005222098,2019,72000,198400,270400
70913433143,2019,9500,197500,207000
70922327121,2019,113300,445700,559000
70918306072,2019,74800,147000,221800
71003416099,2019,47900,180100,228000
81030312293,2019,56000,149500,205500
70936406218,2019,65100,189400,254500
71007116207,2019,84900,253500,338400
71011118520,2019,30500,232500,263000
70835318150,2019,55100,0,55100
80936405152,2019,73300,189000,262300
70826417078,2019,21500,104200,125700
70928307101,2019,104300,200700,305000
81027107194,2019,36700,115700,152400
80935108202,2019,533400,234500,767900
71014207148,2019,66700,174400,241100
70816414133,2019,13100,227000,240100
70921222067,2019,130900,432900,563800
80924435921,2019,400,1600,2000
70929203118,2019,75800,191600,267400
80936405087,2019,74100,221800,295900
81032423163,2019,31800,125600,157400
71006202122,2019,73000,302000,375000
70834307112,2019,212800,379200,592000
71015211031,2019,73900,388300,462200
60803112121,2019,106000,330400,436400
70923164671,2019,44900,627500,672400
70929206287,2019,83000,285000,368000
80924422118,2019,8600,166800,175400
70935201081,2019,66200,177800,244000
60904111288,2019,89000,307400,396400
60812323058,2019,28500,188300,216800
70923165851,2019,52100,247900,300000
71004306033,2019,52000,142500,194500
70932303054,2019,79200,144800,224000
70929221243,2019,88300,200700,289000
70913433119,2019,8700,197300,206000
70923403227,2019,0,0,0
60812222135,2019,23800,161900,185700
70824217032,2019,129000,326700,455700
81023304364,2019,35600,128300,163900
70826410288,2019,70500,158500,229000
70917102025,2019,249100,539500,788600
70928319106,2019,148800,370700,519500
80926403140,2019,86000,284000,370000
80924425667,2019,400,3100,3500
70836302235,2019,74500,203000,277500
71015102280,2019,57900,148400,206300
70930409060,2019,75300,210700,286000
71015102107,2019,66100,174300,240400
60802104195,2019,152500,172000,324500
81022405014,2019,719500,4382600,5102100
70929123340,2019,13500,208400,221900
60905107088,2019,49500,132400,181900
70824301273,2019,96900,217100,314000
70823406165,2019,60300,223700,284000
80926101116,2019,54700,186200,240900
71006418042,2019,50300,190900,241200
70932118065,2019,21800,100800,122600
81034102103,2019,69700,161900,231600
71006417127,2019,60600,274900,335500
60801209053,2019,73700,153200,226900
70923170511,2019,1900,600,2500
80924440128,2019,10300,195800,206100
70923413250,2019,1700,16300,18000
70929223398,2019,118200,264300,382500
60906206243,2019,64000,149000,213000
71021203197,2019,88400,160900,249300
70923167998,2019,6500,18500,25000
60812217087,2019,33100,176300,209400
70923215135,2019,84000,270000,354000
70824404241,2019,112000,398800,510800
70834408043,2019,316400,0,316400
70824310282,2019,14100,140400,154500
70814420182,2019,15200,153000,168200
70921419078,2019,117900,187800,305700
81021106184,2019,61100,167700,228800
70824414141,2019,14600,84800,99400
71015102123,2019,63500,126400,189900
70929308174,2019,86500,217500,304000
71001316019,2019,68000,176500,244500
71003208082,2019,53100,169400,222500
71009214447,2019,58500,167600,226100
71010415175,2019,78500,204300,282800
60906111096,2019,56500,195200,251700
71016108039,2019,58100,132200,190300
81034107286,2019,61000,153800,214800
70929410028,2019,87300,230500,317800
71006307138,2019,50100,179400,229500
70914419209,2019,820000,1630000,2450000
70922414093,2019,80100,237400,317500
70920408501,2019,129500,237200,366700
71021113130,2019,15100,102300,117400
81026369109,2019,4000,0,4000
60801404132,2019,74900,179200,254100
81026355166,2019,11700,0,11700
70814420281,2019,15200,188900,204100
71002308015,2019,9100,0,9100
71011213031,2019,47700,224900,272600
81021303334,2019,46700,166800,213500
70923123198,2019,89400,259700,349100
70823205343,2019,18100,242200,260300
70930104181,2019,73900,166800,240700
70834424049,2019,700000,1758000,2458000
70823110328,2019,79600,228300,307900
70929220071,2019,88300,180600,268900
71006312369,2019,63200,224500,287700
70926404173,2019,80600,197600,278200
70824314044,2019,23700,130900,154600
70922207092,2019,142100,336500,478600
80925201107,2019,56900,124500,181400
70834412036,2019,0,0,0
70828112098,2019,97000,178000,275000
70913348045,2019,4000,162800,166800
71010311315,2019,54600,164400,219000
70923140978,2019,1500,13500,15000
70929217127,2019,124500,185500,310000
80926207120,2019,67100,325900,393000
70922439083,2019,107500,318400,425900
70920301086,2019,122600,387300,509900
81023305205,2019,35600,106800,142400
60904106073,2019,84200,181000,265200
71014201306,2019,54300,156900,211200
70913347724,2019,2500,12500,15000
80925411152,2019,56300,214700,271000
81030215124,2019,4500,54600,59100
71009409022,2019,68500,136500,205000
71009411192,2019,60500,109200,169700
70913406265,2019,112700,344000,456700
80925217170,2019,55600,113700,169300
71004404085,2019,50500,145500,196000
60901202098,2019,60500,164500,225000
71021215093,2019,60000,143000,203000
71010202184,2019,54700,142000,196700
81034304105,2019,44200,103400,147600
70923412038,2019,1700,16300,18000
70926202189,2019,54000,1000,55000
70912426016,2019,9000,91300,100300
70921211242,2019,70600,140400,211000
70913350032,2019,0,8000,8000
80926409015,2019,12000,119900,131900
71007117057,2019,66700,244800,311500
60804209076,2019,76000,392000,468000
70823303014,2019,0,0,0
60906205211,2019,59800,137400,197200
70932301032,2019,177000,58000,235000
70820119050,2019,100,0,100
70913107136,2019,111300,124400,235700
70928206064,2019,90000,464200,554200
71002107706,2019,9500,153700,163200
70919306245,2019,100100,267500,367600
70921205055,2019,74600,187600,262200
81026358194,2019,100,0,100
71021113370,2019,15100,92200,107300
70824220043,2019,106200,326400,432600
60803105324,2019,101400,211300,312700
70926116174,2019,81000,207400,288400
71002445156,2019,100,0,100
60903200967,2019,0,0,0
81034205064,2019,67000,195900,262900
70920410465,2019,154400,112200,266600
70934302070,2019,99100,341200,440300
70922330075,2019,102800,317000,419800
60901201222,2019,61500,133600,195100
71009218069,2019,41500,120200,161700
70920213174,2019,113000,220700,333700
71011108464,2019,30000,237000,267000
71003303345,2019,59500,106200,165700
81032311095,2019,47700,135900,183600
60812302408,2019,69600,219300,288900
70823307248,2019,76300,178800,255100
71010201095,2019,59100,147500,206600
71003416130,2019,51200,157900,209100
71012221083,2019,12100,136200,148300
81030315130,2019,59000,104500,163500
71010315119,2019,59000,143300,202300
71016118020,2019,60000,160000,220000
80924408960,2019,400,1600,2000
70924218401,2019,42200,485600,527800
71014306015,2019,60200,145400,205600
70929124108,2019,0,10000,10000
71005213196,2019,49400,128700,178100
60801114210,2019,57000,134900,191900
70901104095,2019,49200,136800,186000
80936407017,2019,85600,134800,220400
71023401054,2019,217400,0,217400
71011220325,2019,11300,227300,238600
70919104045,2019,103000,236500,339500
70923168491,2019,6500,18500,25000
71007105135,2019,101700,149700,251400
71003210053,2019,56100,130400,186500
71035114041,2019,64600,214300,278900
60812329311,2019,13500,155600,169100
70921311183,2019,81500,163600,245100
71002107326,2019,9500,143100,152600
70929110123,2019,110000,314300,424300
70919104037,2019,103000,211800,314800
70930407030,2019,83100,250700,333800
71011122084,2019,34200,203000,237200
70901102073,2019,51000,142800,193800
70923163441,2019,44900,100900,145800
70833402096,2019,126000,536500,662500
70822414432,2019,11800,103700,115500
81028113108,2019,66000,189800,255800
70921122069,2019,138600,172300,310900
70918201222,2019,139400,231700,371100
70923152121,2019,34100,511100,545200
81026422030,2019,100,0,100
81035400994,2019,160500,1000,161500
70816319028,2019,176400,537900,714300
81031217038,2019,38100,125900,164000
70913323279,2019,156600,248200,404800
71010212307,2019,55400,212600,268000
70828311137,2019,74000,250700,324700
70919203061,2019,89000,186500,275500
81028121838,2019,10800,100000,110800
60811411185,2019,84400,213000,297400
70932102133,2019,134400,417600,552000
70836229017,2019,30700,130300,161000
70923174365,2019,3300,11700,15000
70932303145,2019,78300,139700,218000
60811102015,2019,113500,244400,357900
70824206324,2019,110600,238200,348800
80924431094,2019,13100,230400,243500
71009225212,2019,0,0,0
60801119070,2019,66800,203900,270700
71003415231,2019,58000,219600,277600
70922435148,2019,113900,277100,391000
71007206082,2019,60900,239700,300600
71019406191,2019,80200,101300,181500
70918415394,2019,9500,33800,43300
81033201104,2019,29200,108000,137200
71003202050,2019,54300,216100,270400
80924433892,2019,400,1600,2000
70913105099,2019,79900,142500,222400
70932411047,2019,74000,152200,226200
70824402211,2019,108900,239800,348700
81032429046,2019,0,0,0
70924220505,2019,0,5000,5000
70823403062,2019,50600,189400,240000
70936406028,2019,63400,149000,212400
71009212095,2019,50500,176800,227300
70936302036,2019,66200,135300,201500
70923319101,2019,163000,296700,459700
81028119768,2019,10100,92300,102400
71008106190,2019,46100,169100,215200
70920216483,2019,13000,393800,406800
80926409106,2019,12000,151800,163800
70929205180,2019,82000,215500,297500
70826416468,2019,21500,119500,141000
70929413072,2019,88200,177700,265900
60802410279,2019,72200,169800,242000
70816408433,2019,0,0,0
81030400832,2019,0,0,0
70919406029,2019,104500,182800,287300
71019410035,2019,45600,207000,252600
70813320987,2019,400,2100,2500
71020307180,2019,12500,123000,135500
60801112222,2019,59500,143500,203000
60802405189,2019,64400,184900,249300
70835306105,2019,97100,184000,281100
70926104153,2019,78900,170500,249400
70929221110,2019,88300,161700,250000
70913106295,2019,91200,286900,378100
71015406161,2019,49700,188200,237900
70931308039,2019,99100,184700,283800
70826421079,2019,0,4000,4000
70820115040,2019,111500,0,111500
80926101174,2019,57600,157300,214900
71001416075,2019,57500,297400,354900
70815401040,2019,1458000,2281000,3739000
70814423136,2019,96700,210100,306800
70824206283,2019,115900,208100,324000
70929104275,2019,73400,206000,279400
81034309262,2019,69700,188800,258500
70935206122,2019,33000,115000,148000
70926117130,2019,80000,210500,290500
71010209205,2019,55300,170100,225400
70828423023,2019,0,0,0
60905213306,2019,4200,43700,47900
81030210075,2019,53800,129300,183100
70815307165,2019,161100,311200,472300
70826420584,2019,0,4000,4000
70928105240,2019,104300,233400,337700
70926215231,2019,102200,172200,274400
70828403017,2019,0,0,0
71011421155,2019,50700,214300,265000
70922336073,2019,145600,401400,547000
60902202055,2019,154000,345000,499000
60801201215,2019,69500,150400,219900
70926108098,2019,77000,104200,181200
70929124356,2019,0,10000,10000
70835107181,2019,102400,326600,429000
81027400960,2019,604500,558500,1163000
70826417268,2019,18400,87600,106000
70826410220,2019,68700,185100,253800
60801314232,2019,127000,1868000,1995000
71009210114,2019,83100,124300,207400
60906206186,2019,66600,127400,194000
70913319062,2019,116000,198500,314500
60802303078,2019,94000,174700,268700
70914420371,2019,140000,173200,313200
70929105223,2019,103600,199100,302700
70826313359,2019,75700,241400,317100
70829110182,2019,87400,251600,339000
70922407022,2019,0,0,0
71005222155,2019,72400,82000,154400
81031300932,2019,325000,540000,865000
70923138262,2019,37000,394200,431200
60801419339,2019,16600,188000,204600
71011119106,2019,55900,240800,296700
71007228276,2019,124400,179400,303800
71006445061,2019,0,210000,210000
71010403162,2019,59700,199400,259100
70923165984,2019,41500,235500,277000
70828423081,2019,0,0,0
81019304229,2019,63800,111900,175700
70928219158,2019,105300,189600,294900
80925201230,2019,55800,139500,195300
71005342036,2019,0,0,0
81031103047,2019,0,0,0
81034302125,2019,44100,137100,181200
71011307115,2019,59400,174200,233600
60906201350,2019,67600,202400,270000
60901204060,2019,61100,170800,231900
70930415041,2019,124100,217500,341600
60812112071,2019,76000,168700,244700
70829103096,2019,94600,249400,344000
70828319040,2019,12800,0,12800
70931411098,2019,97900,178300,276200
70920414293,2019,130200,255400,385600
70926119045,2019,0,0,0
71005408078,2019,51400,149700,201100
70914421212,2019,167000,1752000,1919000
70813326042,2019,141400,310400,451800
70928304090,2019,82400,214400,296800
60811412133,2019,75500,190300,265800
70821202193,2019,140000,0,140000
71007105101,2019,96900,257200,354100
80924420724,2019,400,1600,2000
80925401103,2019,59400,173100,232500
80925121991,2019,800,1200,2000
70835101167,2019,77000,298000,375000
70920303149,2019,130600,305700,436300
70932416229,2019,53600,141900,195500
70913348342,2019,8100,391900,400000
70828309182,2019,63000,250600,313600
70816320132,2019,175600,470400,646000
80925217013,2019,57000,174700,231700
70825400800,2019,2650000,32040000,34690000
70824214020,2019,118300,259000,377300
70931304160,2019,124800,122300,247100
71016108138,2019,61600,102000,163600
70836120091,2019,132700,397400,530100
70924206076,2019,0,0,0
70836405378,2019,65400,141600,207000
80924102033,2019,93500,284200,377700
71007105325,2019,78200,261400,339600
70929407041,2019,87300,210600,297900
70823212083,2019,87600,242400,330000
70814207019,2019,68900,203400,272300
70928117542,2019,129300,274600,403900
71015207113,2019,74300,153400,227700
71034111072,2019,19000,115900,134900
71021113081,2019,15100,92200,107300
80935103202,2019,71800,211300,283100
70836114127,2019,98400,135700,234100
71030201067,2019,382900,198600,581500
80926409099,2019,12000,122800,134800
70923319052,2019,179100,268100,447200
71015117099,2019,55400,181500,236900
70921402148,2019,150000,315100,465100
70926102090,2019,81300,228100,309400
60801207057,2019,70000,207200,277200
80926115050,2019,33500,146200,179700
71007219184,2019,136300,322800,459100
80924431143,2019,13100,221200,234300
71021113867,2019,0,1000,1000
70928217037,2019,95600,228500,324100
70923173599,2019,3300,5900,9200
80924432927,2019,400,1600,2000
71014117016,2019,28400,133100,161500
70918410089,2019,145200,144800,290000
70824211042,2019,101100,195600,296700
60804106248,2019,99600,0,99600
70929224122,2019,86100,158600,244700
70829418213,2019,14300,0,14300
70931302205,2019,110700,170500,281200
71015117180,2019,51000,205100,256100
71022203154,2019,1183400,2850600,4034000
70821109084,2019,110300,294700,405000
80924440988,2019,400,1600,2000
71015118302,2019,47100,161000,208100
71009413023,2019,63300,107000,170300
70823110386,2019,89400,257800,347200
80924444922,2019,400,1600,2000
70929403081,2019,75400,257800,333200
70913434430,2019,0,18000,18000
71009224123,2019,40700,169400,210100
70919222110,2019,101300,184900,286200
80925404032,2019,58600,178400,237000
71021111069,2019,63800,150200,214000
70820108110,2019,100,0,100
70823411049,2019,83200,194800,278000
70815302032,2019,1001000,5469000,6470000
80924311022,2019,72500,361800,434300
70919106108,2019,110200,0,110200
60902204019,2019,66000,541000,607000
70922343078,2019,0,0,0
70834403142,2019,86600,135600,222200
70922331073,2019,127300,442700,570000
60802309042,2019,97300,292000,389300
81031302045,2019,50300,88500,138800
70929422073,2019,150400,256600,407000
70824204352,2019,112100,91500,203600
71005301123,2019,61900,181300,243200
70923144194,2019,8000,7000,15000
70820108045,2019,100,0,100
80925116059,2019,13500,215200,228700
70919407019,2019,116000,238100,354100
71009225197,2019,69500,0,69500
70926217089,2019,44000,622000,666000
70824203198,2019,119400,259500,378900
80936403065,2019,51800,225800,277600
70930101054,2019,81400,178400,259800
80925210314,2019,58000,118100,176100
71009406151,2019,63300,104600,167900
60905107228,2019,48800,94500,143300
70921105289,2019,66000,273500,339500
81023309207,2019,35600,101400,137000
80924426954,2019,400,1600,2000
71006117016,2019,61900,198000,259900
81031410210,2019,38100,146300,184400
80925120076,2019,12200,297300,309500
81032427123,2019,27900,114900,142800
80926306170,2019,65800,203200,269000
80926306089,2019,66600,214700,281300
60905205105,2019,88000,226000,314000
70924219475,2019,0,25000,25000
71006404158,2019,68000,190200,258200
70823118306,2019,12800,87300,100100
70816410024,2019,200900,329700,530600
70921409029,2019,142900,500500,643400
70914411122,2019,294200,419800,714000
71005344024,2019,0,0,0
70834402037,2019,1661000,15549000,17210000
71016209134,2019,73900,175200,249100
70923163368,2019,44900,250100,295000
70918201181,2019,135700,451400,587100
70826416872,2019,21500,116900,138400
71006427241,2019,101100,366400,467500
81026352021,2019,41100,253800,294900
80936202045,2019,56900,176200,233100
80924423869,2019,400,1600,2000
70826413125,2019,10200,73000,83200
70822110113,2019,55500,166500,222000
70833206042,2019,412000,7008000,7420000
71021224127,2019,66800,222500,289300
71006406047,2019,68000,186000,254000
60906109091,2019,62100,155600,217700
71009307028,2019,69100,193000,262100
70913128926,2019,800,11200,12000
70835400981,2019,0,0,0
71034109192,2019,70900,145300,216200
71015215108,2019,23000,259200,282200
71014203120,2019,55800,181500,237300
70826405099,2019,68000,179200,247200
81028119015,2019,10100,88500,98600
70922322056,2019,221100,340100,561200
70919302152,2019,100200,391600,491800
60801312129,2019,93600,222700,316300
70828418024,2019,0,0,0
71016202021,2019,101000,264000,365000
71005409208,2019,41900,163800,205700
60812329155,2019,13400,161600,175000
70922404242,2019,127800,229600,357400
70821403139,2019,114200,342000,456200
80924436086,2019,11700,200300,212000
60801419016,2019,16600,183400,200000
70922429125,2019,97700,449300,547000
70834305116,2019,139700,365100,504800
70923165249,2019,44000,202000,246000
60812118102,2019,20500,160900,181400
70913337882,2019,4000,11000,15000
71001308066,2019,59300,220500,279800
70923143360,2019,44900,296800,341700
71004307031,2019,58500,159500,218000
70824410123,2019,106700,284100,390800
81021407110,2019,60200,208300,268500
70935200984,2019,0,0,0
70923154630,2019,0,7500,7500
71006312319,2019,63200,200800,264000
71012210036,2019,58000,177000,235000
70918225058,2019,35600,136100,171700
81028119031,2019,10100,87300,97400
71003212223,2019,53100,161300,214400
70826421227,2019,0,4000,4000
70913315044,2019,62800,192700,255500
70918414130,2019,150000,120000,270000
71006137022,2019,31200,120000,151200
70919414056,2019,116600,383700,500300
81034108424,2019,62100,129400,191500
80925308177,2019,70000,140300,210300
80935103244,2019,73700,229500,303200
71001305070,2019,0,0,0
71009317077,2019,68800,147100,215900
70814429043,2019,41400,337900,379300
81031209069,2019,49800,164400,214200
70922342046,2019,183200,338200,521400
70826410410,2019,71900,178900,250800
81028404028,2019,162500,581500,744000
80936405186,2019,74600,168400,243000
60801113311,2019,62200,135200,197400
70920307050,2019,95500,247600,343100
81028302090,2019,261500,1055700,1317200
71007222012,2019,380600,385200,765800
60802304042,2019,107000,158000,265000
71019402090,2019,396800,605400,1002200
60803104087,2019,103200,186200,289400
70918306121,2019,79500,160100,239600
70823112118,2019,89400,197100,286500
60811415145,2019,73200,188800,262000
70913202100,2019,88000,192700,280700
60801411161,2019,79000,240500,319500
70913210351,2019,66000,269700,335700
70920118027,2019,127000,353000,480000
70914435081,2019,24400,314600,339000
71015116140,2019,47600,189100,236700
70836310098,2019,14900,112500,127400
60801114252,2019,59800,132100,191900
70913434612,2019,0,1300,1300
60801209293,2019,66100,150100,216200
70912407371,2019,105400,309500,414900
70815308139,2019,195000,505800,700800
80926106273,2019,51300,119200,170500
70936311045,2019,60200,158400,218600
71020309011,2019,23800,176000,199800
71006432117,2019,106500,268600,375100
70920122028,2019,253000,947000,1200000
70926112106,2019,80300,216000,296300
70816401130,2019,158600,436400,595000
70833302204,2019,475000,154500,629500
70928103195,2019,99100,348500,447600
81016303084,2019,1000,0,1000
71006311121,2019,39000,148100,187100
70921311050,2019,87100,280600,367700
70813334110,2019,26800,200700,227500
70923146596,2019,8000,7000,15000
70828437024,2019,0,0,0
70912409260,2019,92100,228900,321000
70914302058,2019,1150000,3889000,5039000
60905102012,2019,52000,152800,204800
81026200981,2019,247000,0,247000
71021204070,2019,56400,116300,172700
60901202189,2019,59500,163100,222600
70934401054,2019,358000,932000,1290000
70923141645,2019,200,4300,4500
70931212165,2019,74700,145600,220300
71009217350,2019,10600,0,10600
70919401425,2019,126000,286800,412800
70923145506,2019,8000,7000,15000
71011122018,2019,42000,243700,285700
70923156082,2019,5000,10000,15000
70923409283,2019,52900,191900,244800
70822115030,2019,29600,329400,359000
70923122025,2019,139000,230700,369700
60801224069,2019,15900,156600,172500
70919304166,2019,94300,258100,352400
81033410028,2019,20000,97000,117000
81015103047,2019,63400,189100,252500
70834304077,2019,116200,387700,503900
70828302061,2019,15300,0,15300
71005207032,2019,50500,270400,320900
70913311034,2019,88900,587100,676000
70826413208,2019,10200,78900,89100
81026365074,2019,2200,0,2200
81015106075,2019,49300,178800,228100
60801220124,2019,0,0,0
70920218918,2019,0,0,0
70814428326,2019,15200,182700,197900
81031402027,2019,35900,158600,194500
60812330524,2019,0,5000,5000
71004305093,2019,52800,140800,193600
80925402185,2019,56500,139400,195900
70826315074,2019,35300,233800,269100
71034105413,2019,73900,169100,243000
70921419325,2019,80700,283800,364500
70822414317,2019,17500,133700,151200
80926307110,2019,67400,231500,298900
70822103051,2019,109700,281700,391400
81031225081,2019,43400,117500,160900
71009224115,2019,52300,180500,232800
70920415100,2019,134900,160400,295300
60811408033,2019,75000,192500,267500
70926213079,2019,82100,210700,292800
70919107403,2019,77200,307600,384800
71006423132,2019,59800,178600,238400
70923164077,2019,44900,209400,254300
70913343152,2019,11000,210000,221000
81019304055,2019,59800,158300,218100
81028120319,2019,0,4000,4000
70924218295,2019,51300,743300,794600
80925412209,2019,49900,157800,207700
71021109030,2019,61000,202200,263200
70929422099,2019,164300,207400,371700
70918213144,2019,83500,235900,319400
60801419298,2019,16600,191700,208300
71010306267,2019,50500,137900,188400
81026206145,2019,100,0,100
81019303073,2019,62200,181300,243500
80936402257,2019,74000,246000,320000
70919311088,2019,1991000,12412000,14403000
80924447041,2019,35100,423500,458600
70835302129,2019,113700,206700,320400
70816301116,2019,172100,474200,646300
60801111167,2019,62300,158800,221100
70923203239,2019,95000,211000,306000
71001317017,2019,68400,255700,324100
70920213091,2019,136700,308100,444800
70914408038,2019,0,0,0
70913205344,2019,65300,350700,416000
70912412065,2019,553300,440300,993600
80925109096,2019,53500,158800,212300
81034319089,2019,30000,153900,183900
70834428306,2019,20300,160700,181000
70923154359,2019,0,7500,7500
71012302015,2019,0,0,0
70834307162,2019,212800,506900,719700
80925114988,2019,800,1200,2000
70918416368,2019,9500,33800,43300
81026418104,2019,100,0,100
60803401029,2019,899000,3051000,3950000
70823208272,2019,147400,441100,588500
81033205198,2019,47300,141600,188900
71005214110,2019,47100,96800,143900
81033206138,2019,45800,116200,162000
70823313146,2019,16300,118000,134300
70920408139,2019,129500,258200,387700
70912400937,2019,421500,2108500,2530000
81030317219,2019,56000,138300,194300
70918406038,2019,123200,112800,236000
71001323262,2019,63500,214600,278100
70816312014,2019,237800,112200,350000
60801225116,2019,15000,134100,149100
70824207116,2019,107500,226900,334400
71008106166,2019,63300,170600,233900
71011117043,2019,71100,202400,273500
71035102145,2019,72000,309900,381900
80925123913,2019,800,1200,2000
70836213599,2019,11600,119600,131200
60811409031,2019,75600,190700,266300
70816309110,2019,176900,418500,595400
71010306192,2019,54700,176300,231000
70932402062,2019,134400,453100,587500
71007242226,2019,12200,236200,248400
70816314119,2019,125700,285800,411500
60804103161,2019,86100,308900,395000
70924211033,2019,143000,137700,280700
70824313020,2019,40200,152500,192700
70921107045,2019,71000,649000,720000
71022202015,2019,0,0,0
70935102106,2019,45900,125100,171000
70929426124,2019,117900,320200,438100
71007202014,2019,0,0,0
70922440395,2019,122100,190100,312200
71014213145,2019,58700,174000,232700
70824109031,2019,107500,187100,294600
71010408089,2019,54400,143800,198200
70835112122,2019,122700,199200,321900
70913204289,2019,75000,301000,376000
70835107157,2019,112800,396800,509600
71015214069,2019,23000,278800,301800
70829102387,2019,0,0,0
81034109068,2019,62000,144200,206200
70926116182,2019,83100,197200,280300
70828415062,2019,0,0,0
60801404281,2019,92400,213400,305800
70929205015,2019,78600,177700,256300
60811201015,2019,104000,195100,299100
71007104012,2019,93200,239100,332300
71006302138,2019,50100,240000,290100
81021416278,2019,0,0,0
81031405237,2019,37600,120900,158500
70816301158,2019,29700,0,29700
70824206085,2019,107500,308700,416200
80924443164,2019,13200,252200,265400
70919308043,2019,100000,172100,272100
71011304046,2019,61400,161500,222900
70935205190,2019,66200,177800,244000
71001416132,2019,63200,251200,314400
70824401148,2019,130300,203200,333500
81026356180,2019,61900,0,61900
71006212056,2019,69200,167300,236500
70913128950,2019,800,11200,12000
71005404084,2019,44400,155400,199800
70920213025,2019,129300,508500,637800
60812313281,2019,33100,190700,223800
70928319049,2019,156800,323200,480000
70918212211,2019,114800,158700,273500
70923171080,2019,2300,1300,3600
70823404325,2019,37500,176100,213600
71030204186,2019,81900,160500,242400
70922440098,2019,112300,338400,450700
60801113270,2019,59500,168500,228000
70829412025,2019,17600,0,17600
81035111137,2019,100,0,100
70913109140,2019,85500,217200,302700
71023400973,2019,132300,12700,145000
71002311084,2019,58300,294800,353100
71008105027,2019,38000,168600,206600
70922346163,2019,0,15000,15000
71015102173,2019,55000,96700,151700
81034107145,2019,0,0,0
80926311020,2019,69500,274800,344300
70913405035,2019,85000,415000,500000
80936205172,2019,54200,217900,272100
70922437219,2019,77200,255800,333000
81028120286,2019,0,4000,4000
70921417329,2019,151400,422900,574300
70921221126,2019,143500,327500,471000
70835123012,2019,6500,72400,78900
60802309109,2019,95000,224400,319400
70824206259,2019,105900,293300,399200
71016414056,2019,62200,147700,209900
71021112041,2019,70500,144600,215100
71010211028,2019,55700,137000,192700
70836306120,2019,70000,370000,440000
70914438077,2019,1100,5900,7000
71007114061,2019,90400,364600,455000
80925305074,2019,60800,102300,163100
70833304226,2019,122700,445100,567800
70921103217,2019,165000,1205000,1370000
70929307035,2019,94800,420600,515400
70923164514,2019,44900,192300,237200
81028105329,2019,73800,221500,295300
70823205070,2019,18100,261600,279700
70833102117,2019,120400,333200,453600
70936308050,2019,58600,245400,304000
71002437103,2019,48900,285200,334100
70931414448,2019,62300,207000,269300
81019302174,2019,62200,161300,223500
70913222124,2019,14500,498600,513100
70926215025,2019,86800,118500,205300
70921310036,2019,81000,166400,247400
71006437092,2019,0,0,0
70835310130,2019,84700,211800,296500
71005416013,2019,51700,194500,246200
81031209134,2019,53800,128700,182500
71002403047,2019,67600,108500,176100
70918304125,2019,0,0,0
70918319538,2019,20500,98200,118700
70920217910,2019,400,14600,15000
60801308235,2019,78100,226500,304600
70920104034,2019,124100,120900,245000
70814203182,2019,112700,243200,355900
60812121113,2019,89000,188400,277400
71035125288,2019,11800,283100,294900
70921223099,2019,130200,440400,570600
81034107658,2019,62800,194200,257000
71016109095,2019,63300,89200,152500
70922405175,2019,108400,256600,365000
81034312140,2019,79000,1161000,1240000
60812313380,2019,33100,169400,202500
60906107110,2019,72500,163000,235500
70918319653,2019,20500,107800,128300
60803104178,2019,103200,165600,268800
71006117115,2019,27900,213700,241600
71015302088,2019,2972300,1021000,3993300
71003211027,2019,53100,144200,197300
70823306183,2019,80100,178500,258600
70928222101,2019,83100,246900,330000
71012216050,2019,67400,244300,311700
71006305174,2019,48200,144200,192400
60811435052,2019,83000,183600,266600
71007227054,2019,0,0,0
60802104070,2019,68900,182500,251400
71005346088,2019,8700,204300,213000
70923408483,2019,86200,252100,338300
70919217062,2019,88400,189900,278300
71005238029,2019,26200,95100,121300
60804105018,2019,84800,297700,382500
81034106402,2019,60600,169500,230100
71003320050,2019,48300,135600,183900
71011209064,2019,61000,272800,333800
70826417531,2019,21500,118500,140000
70824102150,2019,103100,174100,277200
70919409031,2019,103700,197400,301100
81026345034,2019,2300,0,2300
70833205549,2019,31000,267800,298800
71005410289,2019,56300,112500,168800
71001314039,2019,64400,178000,242400
70836403314,2019,65900,132200,198100
70932106052,2019,137800,270900,408700
71005334017,2019,89600,228800,318400
70919211163,2019,91500,151500,243000
70833121159,2019,105800,304900,410700
71021209103,2019,61000,125700,186700
70829104218,2019,47400,257000,304400
70918204094,2019,91000,303200,394200
81030317318,2019,56000,156000,212000
70824308089,2019,16000,147800,163800
71009218267,2019,45100,151000,196100
70836420201,2019,69000,172600,241600
71030208170,2019,89600,170200,259800
81034406117,2019,60500,176200,236700
80924442843,2019,400,1600,2000
70929217226,2019,95200,228800,324000
70923305051,2019,118600,159000,277600
70834413018,2019,24200,182000,206200
71003106202,2019,56100,182000,238100
70836115092,2019,84600,164000,248600
70827101175,2019,825000,860000,1685000
70928302234,2019,182000,163700,345700
70820104051,2019,100,0,100
81032310097,2019,49700,201700,251400
60906207043,2019,61000,133600,194600
81030307153,2019,61700,145500,207200
71006112024,2019,61800,219300,281100
81028122175,2019,8700,61900,70600
70914439075,2019,0,0,0
70813325177,2019,13600,166300,179900
70824308138,2019,16000,134300,150300
70834217030,2019,0,0,0
70813309139,2019,97200,337100,434300
71012224029,2019,154200,0,154200
81033205205,2019,45600,115100,160700
70936305030,2019,61000,167500,228500
81028118546,2019,8700,68400,77100
71005338077,2019,109100,381800,490900
70929123473,2019,15200,281900,297100
70930305234,2019,352000,318000,670000
71008106025,2019,45900,135100,181000
71010201029,2019,54300,215800,270100
71007315172,2019,108300,236900,345200
70828404073,2019,0,0,0
80924422762,2019,400,1600,2000
71005207058,2019,422000,1113700,1535700
70822106021,2019,0,0,0
60801208310,2019,51100,204000,255100
71007303367,2019,92500,274900,367400
71004307304,2019,58500,153400,211900
70814420273,2019,15200,187800,203000
81021305033,2019,44100,217400,261500
71012215432,2019,17700,251100,268800
70836108120,2019,69300,202000,271300
71007214035,2019,96100,172200,268300
71002435032,2019,7900,0,7900
80913300945,2019,0,0,0
70913320085,2019,261000,119000,380000
80924102124,2019,75700,220300,296000
71005319142,2019,96900,217900,314800
70932305026,2019,55000,129500,184500
70932421129,2019,46100,145700,191800
70821411075,2019,100300,0,100300
70922111152,2019,80600,249600,330200
71005328127,2019,99200,430200,529400
81034303115,2019,44100,134500,178600
80926304132,2019,71100,222800,293900
70836417224,2019,59600,160400,220000
60811415195,2019,73200,154800,228000
70918305090,2019,71700,155300,227000
81031210199,2019,41400,169000,210400
80925307319,2019,31300,160700,192000
71011119073,2019,51000,262100,313100
70835400949,2019,0,0,0
81022301056,2019,88000,297000,385000
70923318020,2019,98600,156500,255100
70928301070,2019,166400,176400,342800
70836401144,2019,75500,132900,208400
70920306177,2019,111000,210200,321200
70932201125,2019,71700,176900,248600
81028121284,2019,10800,90100,100900
70932204129,2019,83000,129700,212700
70918206016,2019,97900,356700,454600
70923411048,2019,29300,235700,265000
70921211086,2019,74000,220000,294000
70834403077,2019,61000,178200,239200
70922343044,2019,186100,49900,236000
70834409067,2019,125000,485000,610000
60812106066,2019,89100,173400,262500
70834420071,2019,30700,182700,213400
60802411079,2019,66200,152100,218300
70813320416,2019,14600,98800,113400
71009217425,2019,65500,0,65500
60801208386,2019,51100,198900,250000
70814424316,2019,0,0,0
71003415140,2019,62000,210100,272100
71003418144,2019,46100,144400,190500
70913106154,2019,191000,1382000,1573000
70922431039,2019,140300,203500,343800
70826416583,2019,21500,104700,126200
60812118053,2019,20500,158200,178700
70928322084,2019,157700,307300,465000
70828114010,2019,0,0,0
81032104086,2019,23300,105400,128700
70919203087,2019,95800,133800,229600
70913214212,2019,96500,141000,237500
70918415104,2019,10500,109400,119900
70935306089,2019,187000,149000,336000
70923138303,2019,21100,229400,250500
71004401247,2019,50100,172000,222100
70815309103,2019,63400,390800,454200
70929420168,2019,157600,415100,572700
80925109020,2019,54700,130600,185300
71012102035,2019,0,0,0
71016402118,2019,61800,153100,214900
80924438909,2019,400,1600,2000
71009107197,2019,54100,171300,225400
80924440102,2019,13300,230600,243900
70822211010,2019,0,0,0
70828433056,2019,0,0,0
70932112017,2019,84500,174300,258800
70914437615,2019,1100,5900,7000
60812117154,2019,71500,188800,260300
70821217134,2019,0,0,0
70913401025,2019,0,0,0
70932105195,2019,84700,110600,195300
71006115169,2019,29200,198500,227700
70836417141,2019,59100,158600,217700
71010306118,2019,50100,160200,210300
71016209069,2019,83600,190800,274400
80924439874,2019,400,1600,2000
70923168582,2019,3400,13800,17200
70826211123,2019,10000,50000,60000
71012210127,2019,58000,199600,257600
70923408095,2019,86200,274800,361000
71002103043,2019,119100,0,119100
60802312110,2019,98100,234100,332200
70933201330,2019,178600,262200,440800
71014216404,2019,7500,86400,93900
80924426102,2019,8600,166800,175400
70834201257,2019,86600,238400,325000
70816408516,2019,0,0,0
70836115175,2019,78900,149700,228600
60812107064,2019,79500,166600,246100
81031229041,2019,41400,203600,245000
70917101423,2019,57000,293000,350000
70923136894,2019,1400,13600,15000
70919221237,2019,101300,180900,282200
71016206015,2019,62400,133600,196000
70922438027,2019,69400,178100,247500
70931417020,2019,89500,267600,357100
81032406010,2019,389500,374500,764000
70823121250,2019,20000,103200,123200
81032309214,2019,36500,124200,160700
70926416095,2019,46900,69100,116000
60903202046,2019,88800,190800,279600
60802417077,2019,70300,193400,263700
81023305023,2019,35600,134900,170500
71034109019,2019,55700,150200,205900
70829414063,2019,9400,0,9400
70933203013,2019,166900,454100,621000
71003313203,2019,49100,142400,191500
80935105068,2019,63400,190800,254200
70912443044,2019,9000,91300,100300
71006417276,2019,54100,262300,316400
71006405031,2019,68000,272600,340600
70921303198,2019,154800,438200,593000
71007207048,2019,92000,1678000,1770000
80925217245,2019,55900,149700,205600
70833107084,2019,102600,368600,471200
70918104012,2019,775800,1149200,1925000
80935105183,2019,59500,197300,256800
80927401119,2019,233000,261000,494000
81033305039,2019,43500,134700,178200
70926407052,2019,57000,129500,186500
70821407032,2019,98200,363100,461300
70814207142,2019,75800,194500,270300
70824310050,2019,13500,126700,140200
70825209533,2019,9000,24000,33000
70929124744,2019,0,10000,10000
81031204027,2019,39900,158500,198400
70814402031,2019,87500,182800,270300
70920118043,2019,110000,430000,540000
81028121325,2019,10100,94200,104300
81028121127,2019,8700,66000,74700
71010314129,2019,62500,202900,265400
70926404131,2019,78100,102900,181000
71035116097,2019,69300,203000,272300
80925301022,2019,51600,197700,249300
80924419834,2019,400,1600,2000
70836406243,2019,60400,143500,203900
60801225439,2019,15000,135000,150000
60811112345,2019,93800,208500,302300
70920213215,2019,122100,202600,324700
70913101097,2019,0,0,0
71002314103,2019,11100,0,11100
71011122050,2019,34200,223800,258000
70824108108,2019,105900,316600,422500
70923173391,2019,3300,5900,9200
70829410045,2019,15400,0,15400
80924404877,2019,400,1600,2000
71005334025,2019,105300,209500,314800
80923100955,2019,0,0,0
60811109061,2019,103600,211500,315100
80926112270,2019,54800,185600,240400
70920416281,2019,122500,189100,311600
70814422146,2019,0,0,0
70826310264,2019,107000,327400,434400
70923122067,2019,109000,219000,328000
70929405144,2019,79600,176000,255600
70913203124,2019,72500,372000,444500
70913208124,2019,100800,401600,502400
70936407399,2019,58800,149100,207900
81026422080,2019,100,0,100
70923413812,2019,0,5000,5000
81031218010,2019,43400,111800,155200
71009201147,2019,50800,228900,279700
70813317033,2019,0,0,0
70824310026,2019,14100,147100,161200
60801312161,2019,70600,186200,256800
71002406356,2019,37900,232500,270400
70923149269,2019,7300,14700,22000
70932310025,2019,484000,526000,1010000
81028302016,2019,106000,404000,510000
70922321222,2019,119200,6100,125300
60901202014,2019,65700,0,65700
70921102061,2019,110000,394000,504000
70923156222,2019,3300,11700,15000
70930409028,2019,75300,218200,293500
71003409086,2019,54100,188800,242900
81031225049,2019,52400,54900,107300
71005307113,2019,39000,350000,389000
60801409182,2019,66500,178200,244700
71007107040,2019,110100,208900,319000
70834206025,2019,82100,263200,345300
71005221181,2019,65100,177900,243000
71030204029,2019,98200,94600,192800
71022101051,2019,251500,1224500,1476000
71006412143,2019,67400,358700,426100
70926115100,2019,77500,69500,147000
70913348300,2019,7000,350000,357000
70920418401,2019,0,0,0
70935201239,2019,40900,90300,131200
80925401244,2019,64700,154800,219500
71021202090,2019,62300,141600,203900
70920408535,2019,129500,178500,308000
70928314031,2019,154100,384000,538100
70923150571,2019,66100,422200,488300
71014201405,2019,55100,179300,234400
71007103030,2019,101100,302100,403200
60801203211,2019,66800,150100,216900
81028120088,2019,0,4000,4000
71014207015,2019,0,0,0
70931411436,2019,201500,0,201500
71019406167,2019,81000,148500,229500
70813330134,2019,55500,319500,375000
71003301034,2019,46400,166400,212800
70922412047,2019,78800,307900,386700
70923310117,2019,70500,194200,264700
71011108282,2019,30000,233900,263900
70921303099,2019,202700,597300,800000
60801412234,2019,80300,213500,293800
71003313170,2019,48400,155400,203800
71010113141,2019,49100,158300,207400
71006209160,2019,46100,149600,195700
80924430939,2019,400,1600,2000
70901105225,2019,54500,110600,165100
71010106063,2019,57500,184200,241700
80925215190,2019,55700,127500,183200
70923413995,2019,0,5000,5000
70913114107,2019,106600,309500,416100
70923175074,2019,3300,11700,15000
71001309171,2019,57800,182700,240500
70930414027,2019,75600,237600,313200
70914420363,2019,134100,275900,410000
70826421821,2019,0,4000,4000
70828307087,2019,53900,225900,279800
80925208161,2019,56100,157200,213300
71027405169,2019,64500,174400,238900
70814104273,2019,0,0,0
71035204206,2019,70600,211100,281700
70919407142,2019,109900,276600,386500
70922306042,2019,141600,285000,426600
71004307239,2019,56700,140400,197100
70834418141,2019,20900,110200,131100
81032107080,2019,283500,635500,919000
71006204144,2019,56100,116300,172400
70826315579,2019,35300,244000,279300
81032419162,2019,49900,98700,148600
70929405227,2019,86100,192800,278900
60802105226,2019,65300,178800,244100
60902203011,2019,88000,645700,733700
71006207015,2019,40700,171800,212500
80924434022,2019,13300,226200,239500
81030317227,2019,56000,142000,198000
70921312214,2019,78300,229900,308200
71016207154,2019,75300,115400,190700
70934400907,2019,567000,3058000,3625000
70918201298,2019,147500,268400,415900
70836313183,2019,15700,168700,184400
60906106211,2019,71800,140100,211900
70824204279,2019,110600,191300,301900
81026346082,2019,4600,0,4600
60901204135,2019,60500,158400,218900
60812328602,2019,0,1000,1000
70829104193,2019,47400,253600,301000
80924421847,2019,400,1600,2000
70828116090,2019,85600,203700,289300
70918415964,2019,10500,51700,62200
81019308099,2019,58100,164600,222700
71007236013,2019,0,0,0
70923150612,2019,62000,432000,494000
70920302018,2019,134800,545200,680000
70836306211,2019,74700,210800,285500
60812305139,2019,0,0,0
70918415229,2019,9500,33800,43300
70901113583,2019,14400,84700,99100
81014303341,2019,11300,0,11300
70923173961,2019,3300,11700,15000
71003407147,2019,50600,197700,248300
70923142346,2019,44900,360900,405800
70923164663,2019,44900,469300,514200
70829110140,2019,87400,328600,416000
71016406144,2019,62400,112700,175100
70923414018,2019,773800,4539500,5313300
70823304351,2019,78100,201500,279600
71014215654,2019,7800,123600,131400
70920218538,2019,300,14700,15000
70922335017,2019,151400,353600,505000
70814302223,2019,93400,257500,350900
70928317142,2019,146900,480000,626900
60802112172,2019,88300,263700,352000
70918304076,2019,75400,218900,294300
70823304145,2019,78100,155600,233700
71001201020,2019,102800,153900,256700
70931202083,2019,64600,164800,229400
70835302195,2019,98600,194800,293400
70929104150,2019,123600,326000,449600
70914438746,2019,2200,22800,25000
80924402855,2019,400,1600,2000
60802316211,2019,18000,201600,219600
60801409124,2019,74600,136600,211200
81030212063,2019,45600,122900,168500
70929116139,2019,110200,156900,267100
70920219057,2019,0,0,0
70833117041,2019,86100,210700,296800
70922346387,2019,0,15000,15000
70813112152,2019,145400,249700,395100
60903207179,2019,83400,264900,348300
70836409130,2019,55100,137500,192600
71008108865,2019,1100,8900,10000
60812325301,2019,17100,106900,124000
60802303143,2019,88400,204600,293000
70928203086,2019,89900,157900,247800
70929405235,2019,87000,265200,352200
71007242086,2019,9300,189700,199000
70913417014,2019,479000,2938000,3417000
81032103145,2019,32500,97400,129900
60906202142,2019,63800,165300,229100
60811409106,2019,77600,177600,255200
71005111035,2019,60600,109700,170300
60901205993,2019,1500,0,1500
70824413044,2019,83000,317000,400000
70913309352,2019,73100,146400,219500
70825201092,2019,968000,642000,1610000
70836213557,2019,11600,117800,129400
71004305176,2019,52800,163900,216700
71001313122,2019,91200,259200,350400
70923143906,2019,44900,551800,596700
70923154440,2019,0,7500,7500
70926403042,2019,80600,156300,236900
71003101202,2019,0,0,0
70824310323,2019,14100,130100,144200
70914412055,2019,233600,307600,541200
71035113134,2019,67700,229300,297000
81028114057,2019,57100,148700,205800
70918221064,2019,123000,159400,282400
70924214095,2019,32000,492800,524800
70922224195,2019,175900,326900,502800
60801215026,2019,70000,178300,248300
70919414147,2019,100400,189900,290300
70926416178,2019,48800,77900,126700
71006126059,2019,82100,121500,203600
70836206073,2019,81100,203900,285000
71005316297,2019,63200,234300,297500
71015118112,2019,47600,156000,203600
80925111033,2019,53500,135000,188500
70923127067,2019,79100,495900,575000
71002314145,2019,10900,0,10900
71006313309,2019,28500,4000,32500
60812110166,2019,84700,202600,287300
71023300834,2019,0,0,0
70928108202,2019,86400,246500,332900
70913347857,2019,2500,12500,15000
71014210307,2019,60200,180500,240700
70930102044,2019,78200,179400,257600
70913434779,2019,0,2200,2200
70923318195,2019,99000,528500,627500
71011108662,2019,30000,248600,278600
81031212012,2019,45300,164600,209900
70923143419,2019,44900,177500,222400
70828439062,2019,0,0,0
70921127192,2019,13200,170700,183900
70919107370,2019,125000,156100,281100
81034107088,2019,61300,150100,211400
81026344101,2019,4200,0,4200
71005229101,2019,50900,101300,152200
71011113231,2019,69300,306300,375600
71015208187,2019,86100,282600,368700
70913347071,2019,2500,12500,15000
60905213223,2019,0,0,0
70822414581,2019,17400,132900,150300
71005318029,2019,81900,182100,264000
70913105239,2019,77000,124800,201800
70833302345,2019,0,0,0
70922327262,2019,134400,316100,450500
70918105127,2019,180600,254800,435400
70918209044,2019,87700,268400,356100
70823112209,2019,75500,185700,261200
81027202069,2019,59000,167100,226100
71005202074,2019,37100,130000,167100
71009413099,2019,63300,116500,179800
70823304294,2019,78100,196000,274100
80926103021,2019,52000,156700,208700
70929214107,2019,95200,193300,288500
70923174240,2019,3300,11700,15000
70923153145,2019,1300,23700,25000
70814201160,2019,111000,328900,439900
70836213565,2019,11600,132700,144300
70933206108,2019,185900,352700,538600
80925111299,2019,53500,127700,181200
70913110270,2019,93800,128400,222200
70936410053,2019,58900,178500,237400
60804104218,2019,102500,0,102500
71015214027,2019,23000,268500,291500
70923309178,2019,119000,226100,345100
71021108131,2019,61000,137000,198000
81031201099,2019,38600,149800,188400
70931412195,2019,88900,212400,301300
71010405142,2019,72500,184000,256500
70929406093,2019,95200,322100,417300
70816323011,2019,165400,484600,650000
71007223127,2019,99200,280400,379600
70919222087,2019,113500,0,113500
60813203019,2019,0,0,0
71006112272,2019,64000,249400,313400
70933302097,2019,81000,154600,235600
71001106048,2019,57000,156900,213900
70919219034,2019,92200,108500,200700
80925122915,2019,800,1200,2000
60811302300,2019,90300,284100,374400
71004302312,2019,49200,154600,203800
70917101390,2019,51500,250800,302300
70836303019,2019,65100,195200,260300
80925209086,2019,55000,163500,218500
70912405119,2019,105400,273600,379000
60811102065,2019,105200,201800,307000
70914436287,2019,44300,353400,397700
71002406215,2019,46200,213700,259900
70931414224,2019,92400,247600,340000
71010406132,2019,58500,156300,214800
70824109081,2019,124700,318300,443000
70931401031,2019,103100,211500,314600
70920101113,2019,86900,182800,269700
70913323021,2019,156600,158400,315000
70928309032,2019,91100,186000,277100
71001330035,2019,25200,123300,148500
70835204995,2019,99900,0,99900
60811103336,2019,103300,311600,414900
81034109133,2019,62700,195700,258400
60811438121,2019,20000,178800,198800
71002310044,2019,50000,242000,292000
71003201052,2019,57300,184000,241300
70821204058,2019,99000,302400,401400
71015116223,2019,46200,193800,240000
60812104052,2019,76000,219000,295000
60811116363,2019,18800,217200,236000
70929215048,2019,87900,279000,366900
70924220399,2019,0,12000,12000
70920404054,2019,121600,185000,306600
80926306211,2019,67000,248400,315400
71034104043,2019,66000,191500,257500
70920218950,2019,0,0,0
70923154458,2019,0,7500,7500
71010218115,2019,10900,113300,124200
70920409145,2019,129500,139700,269200
71014215521,2019,7800,129700,137500
70834308110,2019,42300,437700,480000
81034111047,2019,65100,186900,252000
70828312135,2019,75000,350100,425100
70836205108,2019,69600,173400,243000
70822102251,2019,109800,270700,380500
80924421029,2019,8600,167800,176400
81028113273,2019,66100,213200,279300
81035114016,2019,100,0,100
70834407053,2019,0,0,0
71010404277,2019,60100,160800,220900
70836301097,2019,70700,229300,300000
60903206254,2019,84400,204300,288700
70813106030,2019,130500,382300,512800
70836410210,2019,55700,137000,192700
70823211324,2019,73300,223500,296800
70922418011,2019,64600,190200,254800
80924432985,2019,400,1600,2000
70929303299,2019,78300,187700,266000
81023307087,2019,35600,100100,135700
71004401271,2019,49200,156000,205200
71026201055,2019,800,0,800
81035113042,2019,100,0,100
70930406058,2019,72900,159300,232200
71006118254,2019,42000,215600,257600
70919206221,2019,101400,136300,237700
71006446019,2019,58800,425000,483800
70921206235,2019,71500,261700,333200
71006103114,2019,36200,173400,209600
70826422100,2019,0,4000,4000
71010206011,2019,308000,2227000,2535000
71004404168,2019,49600,159000,208600
80925306478,2019,59500,97100,156600
80924101093,2019,77800,274500,352300
81026421082,2019,100,0,100
71009226062,2019,62500,215900,278400
70814104231,2019,76500,338100,414600
60811408041,2019,74800,152700,227500
70923138486,2019,21100,241800,262900
60811424146,2019,116100,221900,338000
70932409034,2019,78800,227100,305900
71012201291,2019,68200,235100,303300
70921111145,2019,126900,324500,451400
70824204021,2019,96900,237700,334600
70922433126,2019,102300,238700,341000
70928111049,2019,122500,296700,419200
70918314950,2019,0,0,0
71005316247,2019,104000,361000,465000
60903206147,2019,82400,192000,274400
70814403336,2019,132300,272400,404700
60811409099,2019,79300,193200,272500
71010212274,2019,58700,142300,201000
71007224208,2019,124400,412600,537000
70929412082,2019,86700,223600,310300
70822201053,2019,0,0,0
71007209151,2019,0,0,0
71021113271,2019,15100,96100,111200
70918415039,2019,10500,105700,116200
71016413082,2019,61600,178300,239900
70923318244,2019,66000,454200,520200
81030206074,2019,55400,106900,162300
81031413149,2019,39600,194800,234400
71007103080,2019,137500,359400,496900
71006406021,2019,62900,181600,244500
60802302137,2019,105800,222900,328700
71009217235,2019,47200,110000,157200
70816408061,2019,159000,330400,489400
70824207091,2019,115900,323400,439300
70936305478,2019,59500,151400,210900
71006312129,2019,48200,208700,256900
81031225031,2019,52400,58500,110900
70929119167,2019,89900,298600,388500
70836410343,2019,57800,147300,205100
71010407255,2019,55800,170000,225800
71007319017,2019,30500,146500,177000
70932422185,2019,46100,99800,145900
60811422025,2019,80300,204200,284500
70935200968,2019,490000,1346300,1836300
81032309222,2019,36700,148100,184800
71001308090,2019,60500,210500,271000
71015114079,2019,44000,155900,199900
70936305387,2019,59600,162400,222000
70836119086,2019,78900,154600,233500
81031210040,2019,52300,107700,160000
81031103055,2019,0,0,0
71006311105,2019,38700,145300,184000
70919211022,2019,84700,118200,202900
70820107071,2019,100,0,100
71006305380,2019,60900,196500,257400
81019309104,2019,60500,155600,216100
71009311136,2019,68700,163300,232000
70935211064,2019,166900,263100,430000
71021111134,2019,64800,138500,203300
70932102208,2019,155900,482800,638700
70826212014,2019,18800,184600,203400
81026419011,2019,100,0,100
70836106025,2019,73000,159700,232700
60801208401,2019,51100,202800,253900
60802417085,2019,70300,166400,236700
70836203235,2019,75100,230500,305600
80924407863,2019,400,1600,2000
71010408245,2019,59000,187200,246200
70913354208,2019,0,15000,15000
70912446022,2019,9000,92800,101800
70814403120,2019,82700,250500,333200
60801109120,2019,63900,148300,212200
71003401115,2019,59300,177700,237000
70922406149,2019,111400,162800,274200
60802303101,2019,93900,189300,283200
70836410088,2019,55100,143800,198900
71014108106,2019,10700,167200,177900
71007116091,2019,84200,204400,288600
71029400935,2019,0,0,0
71036200980,2019,0,0,0
71005326098,2019,104100,245900,350000
60801110169,2019,62300,215200,277500
70901118161,2019,18100,122800,140900
81028104040,2019,59000,169500,228500
80924435062,2019,11800,207900,219700
60801109245,2019,63900,185200,249100
70932102175,2019,115900,326400,442300
70923229102,2019,1764000,305000,2069000
70920106022,2019,116100,152200,268300
71030204152,2019,84300,176700,261000
71004314036,2019,54100,144600,198700
81033306160,2019,56000,399000,455000
70833403094,2019,199800,416400,616200
70928116130,2019,99600,276900,376500
70931212115,2019,74700,150100,224800
70833205648,2019,26400,300600,327000
60804106058,2019,171900,427000,598900
70822116070,2019,29600,338400,368000
70914407147,2019,287000,1163000,1450000
70921212018,2019,104900,235000,339900
70931309087,2019,99000,153200,252200
60812311029,2019,0,0,0
71021103016,2019,53100,151900,205000
71003313237,2019,49300,138800,188100
71034106049,2019,68300,166600,234900
81028108224,2019,60100,125400,185500
60802429014,2019,14600,93700,108300
71015105234,2019,61100,128400,189500
70913314244,2019,104600,188600,293200
70928223092,2019,108400,231300,339700
71035117144,2019,64400,224900,289300
71015301098,2019,79000,175000,254000
71014203302,2019,62900,251300,314200
80924422150,2019,8600,166800,175400
71009305121,2019,68800,121300,190100
81031205182,2019,39900,107400,147300
70924218196,2019,37800,420400,458200
71021219037,2019,60600,116000,176600
71034110082,2019,14200,119900,134100
70824407063,2019,113300,213700,327000
71005406056,2019,41900,99800,141700
70923153559,2019,1300,23700,25000
81030404016,2019,0,0,0
81031419072,2019,38900,140500,179400
71005218047,2019,65100,91900,157000
70931210044,2019,74800,193600,268400
71027404054,2019,71500,183100,254600
70931209071,2019,90400,135800,226200
70922304228,2019,125100,405800,530900
70932411063,2019,74000,144000,218000
70824311157,2019,14100,150300,164400
70836418123,2019,62300,158900,221200
71003106038,2019,53100,167400,220500
71023402078,2019,1260300,1056200,2316500
71003317015,2019,56400,169400,225800
71002316117,2019,61200,155200,216400
80924434064,2019,13300,224100,237400
71006429023,2019,104100,381000,485100
81026423038,2019,2900,0,2900
71021204012,2019,57700,117900,175600
70912103010,2019,0,0,0
71006409067,2019,68000,296200,364200
70920123977,2019,500,2500,3000
60812316045,2019,88200,264900,353100
80925402200,2019,60800,128200,189000
81022403034,2019,344300,0,344300
70836208045,2019,73700,186600,260300
70919110430,2019,135800,125800,261600
81028302107,2019,295000,406700,701700
71010305251,2019,53600,149500,203100
70922303171,2019,172500,516500,689000
81033410169,2019,20000,97000,117000
70823118116,2019,12800,87300,100100
70814103035,2019,126100,248700,374800
70813326258,2019,118500,256900,375400
70928219091,2019,180500,126100,306600
80925110184,2019,56900,138100,195000
70824301174,2019,105800,205400,311200
70923412046,2019,1700,16300,18000
71011201101,2019,0,0,0
80926108196,2019,53400,122200,175600
70918220264,2019,120100,221600,341700
60801208451,2019,51100,193900,245000
70824207124,2019,107500,218300,325800
70923153773,2019,1300,23700,25000
70932424115,2019,46700,131800,178500
71006446291,2019,3000,35000,38000
81028112192,2019,59200,167300,226500
81030205307,2019,54300,121200,175500
70921209130,2019,71500,159700,231200
70814402122,2019,84700,189800,274500
70926102206,2019,81500,196800,278300
71005410271,2019,56300,140300,196600
70823205046,2019,18100,230000,248100
70828318167,2019,100,0,100
71005228244,2019,47100,82900,130000
70836303176,2019,67600,155500,223100
70920220690,2019,0,11900,11900
70929403362,2019,100800,257300,358100
80923400983,2019,0,0,0
60901202361,2019,60500,143800,204300
70929113151,2019,89800,132400,222200
70923146421,2019,8000,7000,15000
70918402119,2019,123100,139200,262300
71011402238,2019,78500,268300,346800
71010206277,2019,0,0,0
71010101237,2019,55100,210000,265100
70923146207,2019,8000,7000,15000
70921403435,2019,179400,371600,551000
71007309026,2019,92400,137600,230000
80924404984,2019,400,1600,2000
70920213041,2019,141700,432500,574200
70924219607,2019,0,25000,25000
81029300994,2019,0,0,0
70923168475,2019,6500,18500,25000
71004317048,2019,56100,148200,204300
80925214093,2019,56100,143800,199900
71015117073,2019,52700,155200,207900
70935307194,2019,4900,55100,60000
60812119093,2019,20700,159900,180600
70836105126,2019,76900,163200,240100
70922339043,2019,183200,400900,584100
81032422115,2019,31800,119700,151500
70912404236,2019,100500,250800,351300
71007222195,2019,108700,268300,377000
80935105117,2019,59500,194600,254100
70816322138,2019,17300,211800,229100
81028121812,2019,10800,104800,115600
70918104088,2019,604100,310600,914700
70922213015,2019,156600,578700,735300
70823307199,2019,78100,213500,291600
70836409106,2019,61000,119300,180300
70815307107,2019,174500,269600,444100
60811438014,2019,20000,182600,202600
80925208103,2019,56900,134500,191400
70928117518,2019,112300,304600,416900
70932407038,2019,77000,204500,281500
70826418232,2019,21200,127000,148200
71011122076,2019,34200,232700,266900
80925113922,2019,800,1200,2000
70913314335,2019,92500,335500,428000
71015112172,2019,39900,147900,187800
71006212238,2019,50600,168100,218700
70923170298,2019,700,100,800
71011210061,2019,54300,202400,256700
70918320147,2019,20500,107700,128200
70936400997,2019,133000,0,133000
70913109132,2019,84700,148800,233500
70918411102,2019,133000,159900,292900
81031216163,2019,37000,126200,163200
60801226130,2019,16200,159500,175700
81032100894,2019,0,3533000,3533000
70836205083,2019,67800,247900,315700
70826410486,2019,72400,183800,256200
70926403117,2019,80600,111300,191900
81019303065,2019,61700,165000,226700
81031404023,2019,36700,124800,161500
70921403162,2019,142900,312600,455500
71007223234,2019,75800,317800,393600
71010110139,2019,57100,202300,259400
70822414359,2019,17500,133600,151100
70926402036,2019,86600,148000,234600
81028118885,2019,8700,65200,73900
70823104024,2019,76400,165500,241900
81028112043,2019,58500,152100,210600
81032421159,2019,0,0,0
80926112204,2019,54800,135900,190700
70925203097,2019,235400,387400,622800
70835122585,2019,6500,71700,78200
70826417458,2019,21500,119600,141100
70921214270,2019,121200,154300,275500
81031419147,2019,38400,196700,235100
71005314176,2019,68000,224500,292500
70836216436,2019,5500,99200,104700
80924404166,2019,8200,131100,139300
70826404116,2019,67600,184400,252000
81021416351,2019,0,0,0
70931305027,2019,99000,179300,278300
70932302212,2019,275000,515000,790000
70815306266,2019,215400,485900,701300
70814104108,2019,121100,186900,308000
70926106068,2019,80700,208200,288900
70920216996,2019,12100,277500,289600
71006433107,2019,110100,191500,301600
70931401122,2019,105500,207000,312500
81033408015,2019,568000,781000,1349000
60802115481,2019,14100,108200,122300
71006113311,2019,58800,167400,226200
70836406045,2019,61000,133000,194000
70936408206,2019,62500,169200,231700
70923215367,2019,0,0,0
81026360280,2019,100,0,100
70814420223,2019,15200,191400,206600
70826416509,2019,21500,127100,148600
70913111103,2019,59200,356100,415300
71005206109,2019,65500,77100,142600
71006111183,2019,69200,210400,279600
71008105051,2019,70600,152100,222700
60811414064,2019,80200,227100,307300
70936403157,2019,68600,148300,216900
70836223069,2019,14500,100300,114800
70820109043,2019,115000,0,115000
71005304101,2019,68000,295300,363300
70919204126,2019,85500,203500,289000
81026424052,2019,100,0,100
80924401170,2019,23100,198700,221800
70918223276,2019,0,0,0
80925304092,2019,58400,112400,170800
60812330441,2019,0,5000,5000
80926207138,2019,74200,266400,340600
70928218077,2019,92400,209900,302300
70836106158,2019,69300,153500,222800
70823203165,2019,119100,290500,409600
70913106237,2019,94600,177300,271900
70919408075,2019,106800,203000,309800
70936304131,2019,63100,169300,232400
70836113046,2019,75300,209400,284700
70828316202,2019,100,0,100
60902209051,2019,0,0,0
70926412134,2019,0,0,0
70912409343,2019,98800,212800,311600
70935102049,2019,45200,95500,140700
60903209208,2019,11600,115600,127200
70813306151,2019,179200,370900,550100
71007228193,2019,124400,96200,220600
71007115126,2019,76600,261500,338100
71004408102,2019,74000,232800,306800
70935305247,2019,88000,106300,194300
70928204208,2019,97800,256500,354300
70913426015,2019,357800,280800,638600
71011208389,2019,24600,194200,218800
70923413094,2019,1700,16300,18000
80925113831,2019,800,1200,2000
70913205146,2019,98800,97300,196100
70929118143,2019,89900,161600,251500
71015405105,2019,46000,219600,265600
70834214432,2019,40800,386200,427000
70835318134,2019,94800,227500,322300
71011308014,2019,21600,137900,159500
70823208230,2019,137300,388000,525300
70921305037,2019,172900,353800,526700
70836113096,2019,76400,151800,228200
70836116024,2019,69300,170800,240100
60801113494,2019,66800,162500,229300
70922226133,2019,217700,140900,358600
71001334079,2019,21000,155600,176600
70823210425,2019,134500,300200,434700
81031214092,2019,38500,134000,172500
70923133254,2019,153800,97200,251000
70918309159,2019,0,0,0
71011126078,2019,62300,247500,309800
70928116156,2019,91900,187100,279000
71034109035,2019,58000,149200,207200
71006409158,2019,56200,271700,327900
80926311137,2019,67800,224900,292700
60803105374,2019,101400,201800,303200
81031401201,2019,35000,164300,199300
70921219105,2019,132100,257900,390000
71012206150,2019,0,0,0
70926417027,2019,23100,0,23100
60804210073,2019,17600,0,17600
70928108020,2019,122500,277200,399700
71004317212,2019,59300,140700,200000
60802316146,2019,18000,0,18000
70929422164,2019,156200,182500,338700
81022104054,2019,503500,6456500,6960000
71005221131,2019,63800,112200,176000
70821204149,2019,160000,327000,487000
70813106098,2019,115000,220600,335600
71015119136,2019,40300,183900,224200
70929111080,2019,112100,199300,311400
80925201074,2019,56900,152600,209500
71014107265,2019,9600,189600,199200
81032301179,2019,29400,174000,203400
71027416017,2019,0,0,0
70836105407,2019,77100,169900,247000
70919110240,2019,185300,168000,353300
70929409021,2019,83700,228500,312200
70834218012,2019,0,0,0
70823304400,2019,78100,135200,213300
70814415050,2019,88800,180500,269300
70828404081,2019,0,0,0
70829413198,2019,12400,0,12400
71026403099,2019,71300,280500,351800
80925414164,2019,43900,188800,232700
70913222091,2019,10000,310600,320600
70918311039,2019,110900,93300,204200
80925411037,2019,54500,143800,198300
70919226154,2019,102000,147000,249000
70919302053,2019,106400,230300,336700
81035104017,2019,100,0,100
81031213284,2019,40600,143500,184100
70926409123,2019,81400,141300,222700
70826203039,2019,820000,1314000,2134000
70914437706,2019,1100,5900,7000
60811415161,2019,73200,154700,227900
70833113106,2019,97700,278800,376500
70929116296,2019,112700,304400,417100
80924409992,2019,400,1600,2000
81031225065,2019,38500,106200,144700
70912421024,2019,9000,91300,100300
70816408524,2019,0,0,0
71005413316,2019,51400,136800,188200
70929206302,2019,82000,286000,368000
71021102125,2019,120000,149000,269000
71027400862,2019,10000,0,10000
81028122159,2019,10800,100000,110800
70921420033,2019,109100,231100,340200
60811109102,2019,99500,261800,361300
70934303052,2019,335000,0,335000
70921307116,2019,157700,397800,555500
70813333138,2019,26300,225800,252100
71011115138,2019,71100,211100,282200
70923170967,2019,2700,700,3400
80927402026,2019,99700,211100,310800
60801118113,2019,66700,168300,235000
81031414056,2019,38100,163600,201700
60901202022,2019,67300,161200,228500
71009413255,2019,55100,89800,144900
70922428036,2019,134100,441100,575200
70928209092,2019,122100,215700,337800
80925308169,2019,76800,101600,178400
71010407990,2019,0,0,0
71010116038,2019,58900,191300,250200
70836213177,2019,11600,119400,131000
71002403188,2019,71400,257400,328800
71007226121,2019,86500,182800,269300
71004314185,2019,58500,151800,210300
81021301312,2019,53500,160000,213500
70914422020,2019,123000,0,123000
80935104010,2019,64900,193500,258400
70930402064,2019,71600,167500,239100
71014214333,2019,8100,128900,137000
71007209028,2019,57300,138500,195800
70934309141,2019,15700,89300,105000
71007110027,2019,84900,255000,339900
71007118089,2019,0,0,0
70923124055,2019,92400,273200,365600
71004306207,2019,56700,153800,210500
70918104070,2019,928400,558100,1486500
70933302071,2019,81100,176300,257400
71035207341,2019,43900,197900,241800
70923144045,2019,8000,7000,15000
60906104116,2019,68100,244300,312400
70923153377,2019,1300,23700,25000
70921120089,2019,136100,303900,440000
81026424119,2019,100,0,100
80926103146,2019,51300,190200,241500
60801204095,2019,63900,186100,250000
81028113174,2019,60900,217000,277900
70824412012,2019,109600,248400,358000
70924218534,2019,51300,905700,957000
71006416195,2019,0,0,0
70928222036,2019,88900,256000,344900
70929112301,2019,114500,237800,352300
70936305048,2019,60400,145100,205500
81028122026,2019,8700,59100,67800
70823404135,2019,36400,157100,193500
70932302098,2019,512000,168000,680000
70820104043,2019,100,0,100
80924425104,2019,11000,177000,188000
70914439447,2019,1000,8400,9400
70813320888,2019,400,2100,2500
60803105168,2019,103200,221300,324500
70935102081,2019,45900,104600,150500
70932402012,2019,162700,189700,352400
71006430046,2019,109100,247100,356200
70923165950,2019,54100,252900,307000
81031402093,2019,35900,144100,180000
70823208199,2019,137300,402300,539600
80925304109,2019,58400,136800,195200
81021413216,2019,44600,156100,200700
70922435073,2019,140000,404200,544200
81028403137,2019,57200,139500,196700
70922326066,2019,127000,566000,693000
71003207076,2019,53100,122700,175800
70921403104,2019,239900,350000,589900
71030201083,2019,328200,191800,520000
71010212232,2019,54000,134700,188700
70835303268,2019,89200,286700,375900
71001309056,2019,59100,187700,246800
70918225230,2019,35600,133000,168600
60903217011,2019,36700,101500,138200
70823306282,2019,82300,216600,298900
70922339118,2019,146200,333100,479300
60812321408,2019,18000,157400,175400
80924438024,2019,13300,211700,225000
70826412218,2019,10000,73400,83400
71003213106,2019,53100,142000,195100
70926118188,2019,46500,295700,342200
70913340950,2019,1800,13200,15000
70930101111,2019,73800,171800,245600
71010310151,2019,50100,151100,201200
70913204065,2019,29000,129000,158000
80924436820,2019,400,1600,2000
70922322048,2019,146700,312100,458800
70823403038,2019,50600,128700,179300
70914437764,2019,2200,17300,19500
70835120159,2019,16100,67900,84000
70822117010,2019,26100,233900,260000
81031228085,2019,66000,244000,310000
71007313100,2019,72000,448000,520000
70828310139,2019,76000,326000,402000
71009320244,2019,68300,111800,180100
70912440066,2019,9000,106900,115900
60801206132,2019,70000,185600,255600
81026423103,2019,100,0,100
70918319520,2019,20500,107800,128300
81034328048,2019,29300,116700,146000
70816306299,2019,851300,0,851300
71010117036,2019,56100,284300,340400
71006127180,2019,59000,256000,315000
60811112105,2019,117100,306500,423600
70913405019,2019,0,0,0
60801226172,2019,16200,175200,191400
71004303104,2019,49700,169200,218900
71003417237,2019,46300,167600,213900
70929426116,2019,105900,285100,391000
70923162435,2019,8000,7000,15000
80924441994,2019,400,1600,2000
71004301322,2019,58900,134600,193500
70833205094,2019,26900,213900,240800
71016111074,2019,58800,127000,185800
80924441837,2019,400,3100,3500
70932306149,2019,68100,131500,199600
70826420328,2019,0,4000,4000
70813307167,2019,98900,282500,381400
70923164374,2019,44900,230800,275700
70828441059,2019,0,0,0
60802306030,2019,19400,167000,186400
81028121648,2019,8700,67800,76500
70814424085,2019,81100,205400,286500
71010105106,2019,55600,185600,241200
70922436063,2019,136300,406700,543000
80926205124,2019,65600,160200,225800
71019402066,2019,284300,218900,503200
70823208206,2019,137300,282600,419900
70923143807,2019,44900,389200,434100
70814203033,2019,109500,252700,362200
71003113017,2019,20500,142300,162800
71005224135,2019,65300,104700,170000
70814404110,2019,0,0,0
60801312286,2019,72900,202700,275600
70931413028,2019,82300,173700,256000
70913354042,2019,0,15000,15000
81019301118,2019,63700,164200,227900
71014202255,2019,54800,167100,221900
71003310176,2019,56200,196000,252200
60812219033,2019,20000,107100,127100
70923202207,2019,8000,0,8000
60801111133,2019,60000,171000,231000
60804106032,2019,171900,311500,483400
71012208015,2019,59600,179600,239200
71014207180,2019,56800,176600,233400
70823202159,2019,137300,311700,449000
70923148245,2019,4200,800,5000
60811424162,2019,90400,204600,295000
70825209525,2019,8000,21000,29000
70932103537,2019,153300,304700,458000
70922336023,2019,131100,396900,528000
70926214168,2019,93600,176900,270500
70836106140,2019,69300,157400,226700
71004305217,2019,52800,143400,196200
80926403083,2019,67500,172600,240100
71007228218,2019,86000,791900,877900
70835107024,2019,110300,319000,429300
71009413221,2019,63300,135100,198400
60803104029,2019,103200,183000,286200
70932106078,2019,141200,285200,426400
71003101111,2019,58000,238200,296200
81031218169,2019,37000,131000,168000
70921306027,2019,156200,207100,363300
80924426110,2019,11000,177000,188000
70823209064,2019,155100,367600,522700
81032428056,2019,0,0,0
70920401018,2019,138400,291300,429700
71015117065,2019,54100,273400,327500
81021305190,2019,57800,186700,244500
70920222266,2019,16400,143500,159900
70813314336,2019,9300,0,9300
71011208157,2019,43400,236300,279700
71015204292,2019,72500,206600,279100
71007217039,2019,0,0,0
81031219084,2019,38100,73200,111300
80925111182,2019,57600,104900,162500
70917301073,2019,742700,729900,1472600
70829104094,2019,51000,328300,379300
71005224151,2019,65000,118300,183300
71011108571,2019,30000,240900,270900
60811410111,2019,75600,164600,240200
80936201229,2019,65200,87500,152700
71001324054,2019,0,0,0
70920109125,2019,121600,193200,314800
80925112057,2019,12600,259800,272400
81032409197,2019,44100,140800,184900
70823406272,2019,67900,327400,395300
71007311047,2019,40000,176700,216700
70921104166,2019,70900,284100,355000
81033412016,2019,0,0,0
60802431019,2019,35000,141000,176000
70932207165,2019,17200,122800,140000
70824311074,2019,13500,110700,124200
71009312192,2019,68800,130700,199500
60811203128,2019,92600,207300,299900
81026207028,2019,6200,0,6200
71001333047,2019,0,0,0
60812319114,2019,81900,227200,309100
81026420034,2019,100,0,100
70826421368,2019,0,0,0
71014307063,2019,55700,172800,228500
70920108317,2019,119100,187800,306900
70932302220,2019,1542000,734000,2276000
60801102116,2019,63800,159000,222800
70923148295,2019,4200,800,5000
81034404111,2019,63200,165200,228400
70813314261,2019,9800,170600,180400
70828314206,2019,78100,326800,404900
71004300952,2019,169000,65000,234000
81031202154,2019,38600,149300,187900
60812404329,2019,90000,215800,305800
70934101018,2019,0,0,0
71006406120,2019,68100,200600,268700
70836420128,2019,80800,167100,247900
71010202176,2019,54900,162300,217200
71016207162,2019,65600,144500,210100
71014216264,2019,7500,122000,129500
71021202040,2019,58100,139100,197200
70923318210,2019,44000,486600,530600
70913326215,2019,319000,362500,681500
70826310280,2019,99900,394900,494800
70836203136,2019,76900,222800,299700
60812404121,2019,83500,206500,290000
81026356015,2019,4900,0,4900
81023308134,2019,35600,113600,149200
71009211039,2019,54700,149500,204200
70816402287,2019,153800,380800,534600
70822105023,2019,108500,296800,405300
70922402080,2019,73200,378400,451600
70814203140,2019,0,0,0
80936120015,2019,14900,111100,126000
81023209340,2019,0,1200,1200
70920410514,2019,124900,296800,421700
71009302052,2019,68200,118000,186200
70922334051,2019,181900,183400,365300
71005101036,2019,34300,173500,207800
70929105025,2019,98500,219500,318000
60812109028,2019,83300,173500,256800
70836210032,2019,11400,115800,127200
80927401094,2019,482400,412600,895000
70823408012,2019,50900,206800,257700
70921415034,2019,94000,402600,496600
60801304069,2019,94500,120100,214600
70822406108,2019,0,0,0
70918313043,2019,468000,420000,888000
81028107218,2019,57300,202700,260000
71035207531,2019,43900,248100,292000
71015115134,2019,51000,192400,243400
70923114022,2019,200400,237300,437700
81019303081,2019,0,0,0
70921308099,2019,109800,310400,420200
70815307066,2019,166600,285600,452200
71009301054,2019,68600,109700,178300
71003406206,2019,57200,169200,226400
71007313142,2019,115900,351600,467500
81034403171,2019,61800,175500,237300
70826417797,2019,21500,128000,149500
70824204071,2019,107500,280200,387700
70834214797,2019,40800,430800,471600
60801404075,2019,75100,218800,293900
70932103628,2019,167100,365200,532300
70923202223,2019,12900000,76600000,89500000
70928107155,2019,108400,381600,490000
71003205088,2019,53100,186300,239400
71009223018,2019,45900,192800,238700
71007216049,2019,106100,136800,242900
81023304637,2019,35600,152700,188300
71007117099,2019,69500,284500,354000
71007305074,2019,110400,186800,297200
70922432152,2019,69400,190300,259700
81031402019,2019,35900,148600,184500
70833413077,2019,44700,431700,476400
70836302079,2019,64900,153200,218100
70936406135,2019,0,0,0
71004302479,2019,67800,122000,189800
60904113325,2019,92100,327100,419200
71015203286,2019,49600,173100,222700
60802316089,2019,18000,206800,224800
70928212152,2019,97800,227400,325200
71012207140,2019,61800,182300,244100
71014203427,2019,58700,214300,273000
80924407889,2019,400,1600,2000
70823311322,2019,11700,124600,136300
70920309098,2019,105600,285400,391000
60811406061,2019,74900,199200,274100
71010117127,2019,0,0,0
70826420815,2019,0,4000,4000
70919223093,2019,103000,204900,307900
71022303152,2019,197500,427700,625200
60802421177,2019,70100,156600,226700
71009215130,2019,44800,143100,187900
71011209014,2019,65300,229600,294900
70912404202,2019,96800,224300,321100
70927201057,2019,0,0,0
71006431127,2019,101100,275600,376700
70823102185,2019,80200,355600,435800
81034115023,2019,27500,112500,140000
70835317061,2019,98600,171400,270000
70928108187,2019,108400,285100,393500
71005325016,2019,0,0,0
60905112079,2019,50800,87200,138000
70835312037,2019,0,0,0
71010405283,2019,0,0,0
60812202351,2019,85600,164900,250500
70913326190,2019,191000,263300,454300
70919401326,2019,148900,250800,399700
71011116029,2019,70500,217800,288300
70923229235,2019,0,0,0
70929225047,2019,13700,116100,129800
71006443057,2019,6500,130500,137000
70923409019,2019,51900,135100,187000
81019302025,2019,0,0,0
70835304042,2019,78200,184400,262600
71010211193,2019,57800,161700,219500
81033304081,2019,48200,117000,165200
71011404044,2019,81200,245700,326900
70833302254,2019,282500,1019900,1302400
60811304413,2019,99600,248000,347600
80925215215,2019,55700,136200,191900
71002403120,2019,87800,425500,513300
80926409049,2019,12000,127400,139400
70835113138,2019,130000,269400,399400
81028108133,2019,57100,128300,185400
80936409104,2019,75600,151100,226700
70826420948,2019,0,4000,4000
70821407016,2019,115600,288600,404200
60906202051,2019,0,0,0
70920405200,2019,126600,163700,290300
70833407137,2019,44700,435100,479800
70814428029,2019,15200,167400,182600
71001318172,2019,68100,210500,278600
70926201412,2019,0,0,0
60802413231,2019,0,0,0
70929122037,2019,110000,208200,318200
81030210174,2019,52800,121900,174700
70929408023,2019,90200,191200,281400
71011126177,2019,204900,915000,1119900
70834409083,2019,0,0,0
71007203103,2019,84100,390900,475000
60812120058,2019,75000,159600,234600
71010205287,2019,48000,153400,201400
70923170868,2019,2100,400,2500
71016110117,2019,68400,130100,198500
81033402182,2019,51400,112600,164000
70923166172,2019,56800,297400,354200
70834409091,2019,0,0,0
70929116014,2019,113200,222800,336000
71010312074,2019,51700,130000,181700
60801407136,2019,76900,167100,244000
71001107070,2019,100,0,100
71006439155,2019,12600,316100,328700
81030307278,2019,59800,137400,197200
80926106299,2019,51300,125500,176800
71015301014,2019,114000,207500,321500
81030202147,2019,0,0,0
70836117220,2019,68700,172200,240900
70814208017,2019,578000,8636000,9214000
60801316189,2019,24000,147400,171400
60801212064,2019,76400,147600,224000
70824414232,2019,12200,76200,88400
70813330168,2019,55500,334500,390000
70824214111,2019,183400,0,183400
71011220242,2019,11300,216200,227500
70834309027,2019,29000,0,29000
80935107030,2019,76100,224600,300700
70826315595,2019,35500,224500,260000
80926112197,2019,54800,142700,197500
70834427720,2019,0,5000,5000
81034106428,2019,0,0,0
71005307064,2019,65100,140900,206000
60801313060,2019,71400,189600,261000
60801122148,2019,70800,152900,223700
70823121151,2019,20000,73200,93200
70912403030,2019,104100,262500,366600
70929103011,2019,77500,228100,305600
60802202014,2019,106700,299100,405800
80924104097,2019,65100,229900,295000
70931203065,2019,76400,169800,246200
81030307286,2019,59800,131900,191700
70930410182,2019,99600,237400,337000
81031213010,2019,38500,85200,123700
71002303164,2019,53500,188500,242000
80926310064,2019,70500,217800,288300
70913354654,2019,0,2500,2500
70836307160,2019,65900,157400,223300
80924431987,2019,400,1600,2000
71022302964,2019,31500,165500,197000
71015110168,2019,38200,165200,203400
71008102023,2019,38000,136100,174100
70835122882,2019,6500,76500,83000
70823413152,2019,29100,214000,243100
81026355629,2019,3800,0,3800
60803112072,2019,97200,329200,426400
70816322394,2019,17300,220600,237900
70901101083,2019,51000,128400,179400
70935102148,2019,45900,65100,111000
80925212211,2019,55600,142300,197900
81033204249,2019,36300,128600,164900
71015301139,2019,417900,736400,1154300
70814429209,2019,28700,280000,308700
70920220096,2019,0,13100,13100
70928107262,2019,108400,276600,385000
70931208057,2019,60300,165600,225900
81015108211,2019,57300,180700,238000
80926101083,2019,62200,161700,223900
60811409023,2019,75600,194400,270000
81022402094,2019,590500,839500,1430000
81027208124,2019,84800,174900,259700
70824406065,2019,97900,240500,338400
60801108023,2019,66700,149000,215700
70823307131,2019,82300,186300,268600
70932209187,2019,20800,117200,138000
71012215367,2019,17700,267200,284900
70931202249,2019,91200,152200,243400
80924444831,2019,400,1600,2000
81027300970,2019,1825300,3484300,5309600
70920219180,2019,0,0,0
70826406112,2019,67100,169000,236100
70926402177,2019,80600,200400,281000
71015114201,2019,56300,180500,236800
60812320020,2019,132000,1044000,1176000
70932306115,2019,68600,147900,216500
60811103419,2019,103200,193100,296300
70932423050,2019,47800,112200,160000
71001319162,2019,64400,182400,246800
70913108465,2019,82500,99200,181700
70824410222,2019,104400,227000,331400
70920309048,2019,98800,497900,596700
71002403039,2019,11500,120200,131700
70919216139,2019,94000,130500,224500
71010105289,2019,50400,183600,234000
71005309250,2019,63200,155800,219000
70813112095,2019,102600,226300,328900
80925119954,2019,800,1200,2000
81027113034,2019,642300,2901400,3543700
70823208131,2019,134500,474500,609000
70932305125,2019,55200,135300,190500
70920217944,2019,400,14600,15000
60801226403,2019,16200,162800,179000
71010109091,2019,66300,212700,279000
71006116068,2019,71100,152400,223500
80924407813,2019,400,1600,2000
70814201186,2019,103100,275000,378100
60802309034,2019,93900,193600,287500
81026360206,2019,100,0,100
70918220173,2019,123800,202200,326000
81026206187,2019,100,0,100
71004310191,2019,53100,153100,206200
70836408017,2019,60900,153100,214000
81032419302,2019,39200,126700,165900
70825304036,2019,99000,431700,530700
60904101164,2019,90100,206500,296600
81019307140,2019,62000,168000,230000
71010409144,2019,55700,164800,220500
70932403127,2019,115100,136800,251900
60906209114,2019,55000,140200,195200
70920222018,2019,16400,133600,150000
70929114034,2019,89800,231200,321000
71010311042,2019,0,0,0
70922110047,2019,213000,695000,908000
60812111370,2019,90800,220600,311400
70923156488,2019,5000,10000,15000
71007105193,2019,91800,496200,588000
70834307146,2019,212800,424100,636900
70926117122,2019,80000,322400,402400
70836208037,2019,35600,126400,162000
70929205057,2019,87000,195500,282500
70913309211,2019,98800,115000,213800
70834305041,2019,141800,335000,476800
70918210132,2019,120200,273800,394000
70822409029,2019,34200,201800,236000
71003418160,2019,55700,168500,224200
70833411089,2019,46200,214300,260500
71021224010,2019,95700,225300,321000
71005231239,2019,60500,141100,201600
70928204240,2019,103500,202300,305800
70932114104,2019,170700,303800,474500
60906201326,2019,67600,148500,216100
70813331116,2019,55500,209900,265400
70912428054,2019,9000,110600,119600
71006209152,2019,69200,75500,144700
60801203229,2019,66700,215400,282100
71005304044,2019,68000,156400,224400
71031200951,2019,0,0,0
71004313161,2019,58900,157100,216000
70922418045,2019,101100,436500,537600
70913314096,2019,173300,295400,468700
60903204018,2019,88000,532000,620000
70931304045,2019,99000,129600,228600
70931409051,2019,88900,151400,240300
70828441124,2019,0,0,0
70824416048,2019,14300,132300,146600
70925203089,2019,342700,226600,569300
70931207174,2019,96800,321000,417800
80925123872,2019,800,1200,2000
70816407196,2019,173300,477900,651200
60801402011,2019,78900,158200,237100
70920409038,2019,129500,143300,272800
70918204044,2019,155000,203200,358200
70815308296,2019,198400,0,198400
81035113084,2019,100,0,100
70913202209,2019,96500,190000,286500
60905214023,2019,8600,65600,74200
71034103277,2019,0,0,0
70821112144,2019,115000,305000,420000
70828316343,2019,100,0,100
60904111048,2019,78900,324600,403500
71016204176,2019,64700,137100,201800
70921303205,2019,183500,292900,476400
70920419243,2019,102600,216600,319200
60803107099,2019,103200,201800,305000
71002315185,2019,2800,0,2800
70931208263,2019,77000,183000,260000
70918419073,2019,0,0,0
70921219303,2019,183200,362400,545600
70917301106,2019,1010500,232900,1243400
60901102058,2019,66800,165800,232600
70836310048,2019,14900,109000,123900
71034103102,2019,67700,166300,234000
70913414119,2019,205800,480200,686000
71015203046,2019,48000,151400,199400
60812102121,2019,82800,210600,293400
70914301216,2019,1018000,1625000,2643000
70919300990,2019,0,0,0
60811438030,2019,20000,183500,203500
71002419101,2019,0,0,0
60906108093,2019,66400,219300,285700
71021102133,2019,168500,428500,597000
80924425790,2019,400,1600,2000
71002405259,2019,59700,0,59700
80924308152,2019,71500,267200,338700
71003306068,2019,57600,133500,191100
60812319023,2019,88300,221600,309900
60804211055,2019,19000,0,19000
70826418084,2019,21500,117100,138600
60811113179,2019,109000,301900,410900
70932113263,2019,87800,182800,270600
70923154739,2019,0,0,0
81032424038,2019,50400,140100,190500
81028402139,2019,63400,129700,193100
70928322042,2019,161000,511100,672100
71005324133,2019,109100,370800,479900
71004402188,2019,46800,173300,220100
70919412224,2019,109700,271900,381600
70823404234,2019,33400,158400,191800
71009201056,2019,65100,156500,221600
71003406181,2019,56100,229000,285100
71010202142,2019,54700,190100,244800
70918410196,2019,120200,215500,335700
81022101068,2019,0,0,0
70834308954,2019,125000,415000,540000
70913344093,2019,30700,294300,325000
60812307127,2019,82200,200800,283000
71011211085,2019,54300,185600,239900
70923153202,2019,1300,23700,25000
70820112145,2019,100,0,100
71007114136,2019,79800,315500,395300
70920307274,2019,97300,219600,316900
70835122501,2019,6500,77900,84400
70921403138,2019,179400,387300,566700
71011422012,2019,49700,137300,187000
71004302586,2019,47900,172600,220500
80935108228,2019,747300,502700,1250000
60905214221,2019,7000,69500,76500
70930410033,2019,83600,218800,302400
60802412035,2019,50100,161400,211500
70918415899,2019,10500,105700,116200
80936109019,2019,14900,103800,118700
71007114227,2019,70800,268700,339500
70929209257,2019,83300,209900,293200
60811409049,2019,80700,201500,282200
80924404827,2019,400,1600,2000
70931104031,2019,158100,215000,373100
70836313133,2019,15700,168700,184400
81031210157,2019,38400,89900,128300
80925114079,2019,12600,232300,244900
80924418795,2019,400,1600,2000
71006126158,2019,17000,88000,105000
71006116208,2019,40600,235300,275900
81019304063,2019,59200,169400,228600
80926112329,2019,55200,153500,208700
70920414110,2019,131800,183800,315600
70828420128,2019,0,0,0
81032103137,2019,26800,0,26800
60812313554,2019,33100,210800,243900
70919228994,2019,400,2600,3000
70923140390,2019,1500,13500,15000
70918220107,2019,113600,157200,270800
70836203152,2019,74700,260300,335000
71007204185,2019,80700,308400,389100
70923179018,2019,0,0,0
70923144160,2019,8000,7000,15000
71006119096,2019,20400,190000,210400
80924424073,2019,8600,166800,175400
71010402057,2019,72200,149000,221200
71016401110,2019,69000,261000,330000
71010409053,2019,59000,174100,233100
70821109159,2019,112200,274900,387100
70823401040,2019,33300,229700,263000
70920117277,2019,121600,236800,358400
71003407296,2019,53000,183200,236200
70834428257,2019,20300,166200,186500
70836209043,2019,2375000,7265000,9640000
70833301199,2019,109300,450600,559900
71006440897,2019,0,4000,4000
70928308084,2019,78800,254200,333000
71003116029,2019,21400,146000,167400
70833410114,2019,44700,407900,452600
71002410076,2019,9700,0,9700
80924425055,2019,10200,171500,181700
70814410117,2019,90400,164800,255200
70919225049,2019,104800,154300,259100
70824219046,2019,101500,143100,244600
71021201068,2019,60000,149000,209000
70814404087,2019,85000,204600,289600
70928102379,2019,117900,210300,328200
70923144095,2019,8000,7000,15000
70914420339,2019,88200,257100,345300
60802109145,2019,72100,156000,228100
60811117056,2019,19100,189100,208200
70921312016,2019,73400,216600,290000
71001306086,2019,63000,193600,256600
70928207161,2019,89900,233100,323000
70836207443,2019,37100,129900,167000
70920308107,2019,99200,182000,281200
70913205287,2019,77600,168000,245600
80936407140,2019,72600,233400,306000
70928102072,2019,90000,432000,522000
71004402089,2019,46800,136000,182800
71015214184,2019,23000,259200,282200
71015116207,2019,45200,211200,256400
70932101143,2019,147800,347100,494900
80926103211,2019,54000,172900,226900
80924419850,2019,400,1600,2000
71035118168,2019,68800,247100,315900
70821111154,2019,111000,351600,462600
70920218786,2019,400,14600,15000
71011120020,2019,48600,230500,279100
80924423900,2019,400,1600,2000
70836301047,2019,63300,143700,207000
70928214067,2019,99700,249700,349400
70936410079,2019,58900,175100,234000
70913354133,2019,0,15000,15000
80924443651,2019,400,1600,2000
71019411421,2019,9000,67200,76200
70833202082,2019,100800,249200,350000
70836203227,2019,75100,197800,272900
70833102042,2019,146700,385200,531900
70935116074,2019,65900,205500,271400
70918201280,2019,137700,280500,418200
71019406050,2019,87200,119800,207000
71003418293,2019,70000,320900,390900
71011405183,2019,103000,242600,345600
70834215109,2019,89500,281800,371300
60906202069,2019,0,0,0
70826420873,2019,0,4000,4000
70928317168,2019,148400,337100,485500
71007107280,2019,183500,234900,418400
70824310018,2019,14100,139600,153700
80926401079,2019,45500,111500,157000
60901203997,2019,0,0,0
80936201120,2019,60700,122900,183600
71007117073,2019,69500,230500,300000
70821101030,2019,116400,335700,452100
70821216061,2019,0,0,0
70923123031,2019,96700,319500,416200
60801215240,2019,0,0,0
71005321139,2019,82600,391000,473600
60801103057,2019,53200,141200,194400
71005232071,2019,47200,191300,238500
70928222078,2019,108400,233500,341900
70834207180,2019,0,0,0
70929223413,2019,91100,243300,334400
70928101082,2019,108000,460900,568900
70931310175,2019,0,0,0
71015204359,2019,54100,228900,283000
70823208173,2019,113400,361600,475000
81035115014,2019,100,0,100
70835114061,2019,229800,322200,552000
70923163409,2019,44900,175500,220400
70834304019,2019,116200,412400,528600
71003412097,2019,49900,214200,264100
60904110248,2019,85200,298000,383200
60903209224,2019,11600,111000,122600
70923156892,2019,5000,10000,15000
70829103062,2019,52900,233100,286000
70834101035,2019,128500,320500,449000
70913106378,2019,82500,176400,258900
60811427067,2019,76600,191600,268200
71004313278,2019,59400,147500,206900
71021109197,2019,61000,123700,184700
71015406187,2019,23100,0,23100
81034412065,2019,67400,147600,215000
80936208069,2019,53700,156800,210500
70923114197,2019,92400,317600,410000
81031219141,2019,60800,97800,158600
70813320317,2019,14600,105200,119800
71011414027,2019,35700,169200,204900
70835209078,2019,78200,190000,268200
81028119825,2019,10100,92300,102400
60802312227,2019,97100,188400,285500
70919409289,2019,101900,368500,470400
80925415047,2019,42900,0,42900
81032422131,2019,31800,128400,160200
71009319148,2019,68800,155500,224300
81021303392,2019,61900,150700,212600
70922216192,2019,193900,501200,695100
60803105316,2019,101400,200600,302000
71009104135,2019,59300,141600,200900
60812405476,2019,76900,206400,283300
71010218214,2019,10900,114000,124900
70924202082,2019,718000,1250400,1968400
81026419061,2019,100,0,100
70835319033,2019,92200,242800,335000
70824223013,2019,71400,209600,281000
71022104170,2019,0,0,0
60811110084,2019,105700,216400,322100
81033205271,2019,46700,135300,182000
71007107298,2019,176900,273100,450000
71007203129,2019,79600,288700,368300
71011402064,2019,90800,227700,318500
60802301014,2019,0,0,0
71003311091,2019,49900,166000,215900
70929416018,2019,104400,351600,456000
70835122915,2019,6500,74200,80700
70914414168,2019,79100,384500,463600
60812407050,2019,75200,198400,273600
81023305049,2019,35600,91400,127000
70828119060,2019,108400,219200,327600
81033209091,2019,2150000,6270000,8420000
71016406087,2019,62300,140700,203000
70929416092,2019,104400,280300,384700
70834307021,2019,147700,383600,531300
70920107088,2019,116900,232400,349300
81028122216,2019,8700,69300,78000
71010209057,2019,53800,153000,206800
60801414024,2019,85300,207500,292800
70924216083,2019,17600,387000,404600
70836217020,2019,28700,150300,179000
70928217128,2019,95800,265300,361100
60801203162,2019,66100,172000,238100
71009213051,2019,51500,189100,240600
71008106116,2019,38400,181300,219700
81032408090,2019,40700,155900,196600
80925115043,2019,13500,240800,254300
80924411749,2019,400,1600,2000
60802102024,2019,67000,166600,233600
70922342020,2019,159900,569900,729800
71010104059,2019,54300,157200,211500
71016416135,2019,62400,144000,206400
71009309131,2019,62300,115500,177800
70921403146,2019,179400,186000,365400
71001323329,2019,70600,216900,287500
70920115065,2019,111400,199600,311000
81015108013,2019,61500,193300,254800
70931405025,2019,93600,172800,266400
81032429054,2019,33100,117800,150900
80926409023,2019,12000,210800,222800
60801113056,2019,70700,137700,208400
71007221064,2019,106600,251900,358500
60803105382,2019,101400,210300,311700
71035106064,2019,68200,205200,273400
71014108122,2019,10700,169400,180100
70835306204,2019,85300,189800,275100
60801208196,2019,76000,324000,400000
71009224157,2019,45100,154900,200000
70926103163,2019,56500,0,56500
70921303031,2019,157900,439100,597000
80936108061,2019,13800,103900,117700
71003303212,2019,51800,153400,205200
70919110175,2019,121300,154200,275500
70835302046,2019,106200,193800,300000
70923156727,2019,5000,10000,15000
71002107714,2019,9500,148400,157900
71010406041,2019,56400,139100,195500
70833109048,2019,81800,233200,315000
70813310095,2019,11600,126400,138000
71021109189,2019,61000,144500,205500
70823413285,2019,29100,167800,196900
70919409057,2019,106700,248500,355200
71010412014,2019,53700,175300,229000
60801207049,2019,70000,205100,275100
70823310233,2019,11700,126200,137900
70929107055,2019,114300,390700,505000
80925402268,2019,64500,157900,222400
70822112028,2019,55000,221000,276000
71012206142,2019,62700,233300,296000
70928106157,2019,108400,385900,494300
81026360131,2019,100,0,100
70929425027,2019,87300,225000,312300
81028112035,2019,63100,150100,213200
70814202142,2019,103400,212600,316000
71015201389,2019,80500,256100,336600
71003103175,2019,56100,237700,293800
70833302428,2019,207000,331900,538900
60802313142,2019,95400,288400,383800
70913201045,2019,485400,319600,805000
70932115201,2019,0,0,0
70929123142,2019,15900,298300,314200
80925205266,2019,56800,148300,205100
81028118877,2019,10800,94600,105400
71006115234,2019,61800,144900,206700
80926309067,2019,67000,195100,262100
60903201080,2019,83800,199800,283600
71006133038,2019,62900,149000,211900
70920219841,2019,0,0,0
80925122832,2019,800,1200,2000
60811103138,2019,122600,189000,311600
71004315159,2019,58500,182100,240600
71005341096,2019,121800,394200,516000
71011402220,2019,95300,219100,314400
60801117024,2019,66100,156700,222800
60811205075,2019,98600,243000,341600
81034109109,2019,60800,169300,230100
60811103360,2019,102200,199400,301600
71006440160,2019,18700,131300,150000
71016201172,2019,69500,163700,233200
81026365016,2019,3800,0,3800
71015111158,2019,43800,151300,195100
60901203236,2019,62000,157000,219000
70931306124,2019,93800,184300,278100
81033205239,2019,41700,144000,185700
70826420980,2019,0,4000,4000
60812318108,2019,83700,244200,327900
80924406013,2019,7600,139600,147200
70821114025,2019,55700,245900,301600
70815101020,2019,947000,4078000,5025000
70920110049,2019,103300,173900,277200
70930411130,2019,67900,184800,252700
71003102044,2019,53100,248500,301600
60901104096,2019,60200,186600,246800
70931208502,2019,112000,153500,265500
81023306021,2019,35600,160900,196500
71021207032,2019,58600,140700,199300
70913428128,2019,83000,1031800,1114800
71003412170,2019,51000,286500,337500
71015201173,2019,74900,221900,296800
70913108241,2019,83200,126000,209200
71021211091,2019,61800,201300,263100
81027105073,2019,36700,123800,160500
71015203153,2019,48600,136600,185200
71006213111,2019,40500,163000,203500
71006306099,2019,39900,260300,300200
60803119250,2019,66600,423400,490000
70829418114,2019,18400,0,18400
71004305019,2019,58500,137600,196100
70913348102,2019,4000,167100,171100
71009400989,2019,360500,734900,1095400
70921313171,2019,109200,207600,316800
71003204056,2019,53100,154300,207400
81034302034,2019,44200,126400,170600
81033306053,2019,43200,130100,173300
80936202194,2019,50400,95300,145700
71003213180,2019,53100,127700,180800
70816316090,2019,198600,701400,900000
70825302098,2019,0,0,0
70931212032,2019,78900,155000,233900
70827101159,2019,660000,1490000,2150000
71011204171,2019,38000,288700,326700
81031209027,2019,67400,81900,149300
60811112204,2019,103200,313900,417100
70823112168,2019,80200,266100,346300
71015203070,2019,48000,154200,202200
81034312108,2019,350000,3650000,4000000
70932307056,2019,67900,146800,214700
71009214166,2019,45100,153700,198800
70816402196,2019,182100,374300,556400
70921304112,2019,154800,389200,544000
70913307174,2019,192000,1000,193000
70922321181,2019,145800,372700,518500
71004305069,2019,58500,153200,211700
70931402302,2019,102800,229700,332500
70824410165,2019,106300,270900,377200
80924310165,2019,74400,214400,288800
70920216912,2019,11000,411200,422200
70913315143,2019,85000,210000,295000
70919105027,2019,96600,338400,435000
70929105091,2019,98500,240100,338600
81032301070,2019,24300,162100,186400
70920108218,2019,119100,114500,233600
80925116918,2019,800,1200,2000
70922238063,2019,25300,239700,265000
70929221227,2019,88300,167000,255300
80925215158,2019,55700,140800,196500
81015104011,2019,60000,176400,236400
71011207076,2019,31400,210200,241600
70835124888,2019,500,1500,2000
81026350025,2019,3400,0,3400
70922433019,2019,146900,298000,444900
81030205068,2019,48200,104800,153000
70922339093,2019,106000,498600,604600
60904110058,2019,93400,289900,383300
70836103154,2019,49000,0,49000
70926300933,2019,253000,820500,1073500
81034205387,2019,66800,215100,281900
70814405093,2019,85600,235500,321100
71012215341,2019,17700,239700,257400
70922216209,2019,193900,622800,816700
70823400894,2019,0,0,0
60906205154,2019,56800,136000,192800
70824103116,2019,112600,414600,527200
60905112045,2019,52400,84700,137100
70816306033,2019,182300,540200,722500
70919302160,2019,89800,277300,367100
70824404019,2019,110000,344200,454200
70918315114,2019,21400,137200,158600
81034324161,2019,30000,91000,121000
71011119099,2019,49800,261200,311000
70823121383,2019,20000,111100,131100
70836313373,2019,15700,161300,177000
70823402098,2019,33300,217500,250800
60801226487,2019,16200,178900,195100
71035116138,2019,0,0,0
70834206140,2019,83200,238100,321300
71020305077,2019,81500,110000,191500
70922233104,2019,116400,240900,357300
80925213061,2019,58000,202200,260200
60801417028,2019,16300,200100,216400
71005406147,2019,48400,124500,172900
71005414166,2019,48000,140900,188900
70923150860,2019,107400,922200,1029600
70929121196,2019,115800,193300,309100
80925404123,2019,51500,153900,205400
71014106168,2019,12500,169400,181900
70833210134,2019,114900,327600,442500
81032416093,2019,49900,148000,197900
70836411135,2019,60400,202300,262700
71014216123,2019,7500,124500,132000
71007107149,2019,98100,239500,337600
70920303040,2019,124300,427600,551900
70923230042,2019,2624000,5672000,8296000
70918412019,2019,132300,89400,221700
70817402020,2019,0,0,0
70826418290,2019,21200,135800,157000
70821114281,2019,61300,207900,269200
71005217015,2019,60600,141000,201600
60801304118,2019,75200,145800,221000
70921213305,2019,73100,266700,339800
71022303160,2019,205000,494000,699000
60812210023,2019,0,0,0
71003412047,2019,49500,154800,204300
70833202040,2019,100800,216800,317600
60903214140,2019,17300,73300,90600
71021208080,2019,59500,145500,205000
71006213054,2019,66000,126200,192200
70813107012,2019,90400,156900,247300
60812111453,2019,93900,267500,361400
81026355497,2019,3800,0,3800
70924220290,2019,0,10000,10000
81033303091,2019,40400,109500,149900
70922319144,2019,145800,346200,492000
70836216121,2019,5400,94500,99900
70823311215,2019,13100,148800,161900
60802316071,2019,18000,212900,230900
70929110165,2019,89900,299700,389600
81030309026,2019,58700,147600,206300
71016412018,2019,61600,131000,192600
81016304024,2019,42400,104000,146400
81032422107,2019,31800,128900,160700
71005332053,2019,104100,367500,471600
60803103104,2019,103200,181100,284300
60812407018,2019,75800,191800,267600
70923165520,2019,48300,217600,265900
70829110215,2019,87400,272600,360000
81034205163,2019,63900,161700,225600
71010218248,2019,10900,102100,113000
70923413333,2019,1700,16300,18000
81034307018,2019,48600,139600,188200
81028111053,2019,57300,170600,227900
70834429049,2019,35700,160800,196500
81021403283,2019,51600,155600,207200
70926102040,2019,77000,155900,232900
71009216196,2019,46800,123600,170400
70827101216,2019,521000,0,521000
80925202155,2019,53200,137800,191000
70826313268,2019,75000,238500,313500
70814420075,2019,15200,174600,189800
70833407012,2019,44700,331500,376200
60803113195,2019,136600,332600,469200
70923163277,2019,44900,178200,223100
70929124611,2019,0,10000,10000
70913433010,2019,8200,197300,205500
70913346015,2019,88400,457600,546000
70823402105,2019,33300,170700,204000
70929123431,2019,18200,362700,380900
60812202385,2019,79500,175000,254500
81021109097,2019,61500,218500,280000
70929303207,2019,76400,157500,233900
70932411237,2019,78500,100600,179100
71009308068,2019,68800,135200,204000
60812206030,2019,120000,525000,645000
70936409072,2019,69500,186700,256200
80924434741,2019,400,1600,2000
70833207090,2019,699000,6951000,7650000
70922417063,2019,64600,244900,309500
70922345016,2019,1014000,1649600,2663600
81022404024,2019,2031000,4800000,6831000
71007222179,2019,438700,243100,681800
71005310025,2019,63200,247800,311000
60801411195,2019,73300,159500,232800
70920305278,2019,100600,344500,445100
81032103153,2019,36100,136600,172700
71004312329,2019,58900,130500,189400
70912416041,2019,9000,93500,102500
71009222169,2019,45900,178000,223900
70918321799,2019,0,2000,2000
70828438030,2019,0,0,0
70919223176,2019,101300,206200,307500
70921317107,2019,109200,215900,325100
70928106123,2019,107000,221000,328000
70826422019,2019,0,0,0
80926302037,2019,63400,180700,244100
70923104099,2019,173000,1085000,1258000
71034103293,2019,86700,205400,292100
81034202177,2019,67100,192400,259500
70922414142,2019,98100,210800,308900
70923145449,2019,8000,7000,15000
71010403013,2019,56400,162200,218600
70918225248,2019,0,0,0
81033205015,2019,44000,121300,165300
81031409049,2019,39300,130100,169400
71016411119,2019,62200,147500,209700
70924220422,2019,0,10000,10000
70923414042,2019,1840000,10000000,11840000
70918225214,2019,30600,133600,164200
70836201057,2019,77100,184200,261300
80926407100,2019,62000,223000,285000
81031422033,2019,50000,0,50000
70826419462,2019,0,4000,4000
81021103057,2019,63900,230700,294600
71005228038,2019,47100,125300,172400
70923149045,2019,7300,9700,17000
71003213122,2019,53100,198500,251600
70836210149,2019,11400,115700,127100
70919403364,2019,103400,186300,289700
70814419078,2019,15200,194800,210000
70926416079,2019,46400,58600,105000
70923131141,2019,112100,350800,462900
80936404154,2019,72800,103500,176300
70923156131,2019,3300,11700,15000
70932117124,2019,122400,321300,443700
71014112016,2019,21600,120700,142300
71011206094,2019,34200,202500,236700
81028101096,2019,59000,172500,231500
81028112077,2019,55600,160200,215800
80936117020,2019,13800,94300,108100
70919227102,2019,45500,307900,353400
70919306170,2019,104400,333100,437500
60801404330,2019,74300,244500,318800
70824403079,2019,0,0,0
70931205045,2019,91000,175000,266000
60812407274,2019,82500,242500,325000
71003301159,2019,52400,218000,270400
70918409090,2019,160800,289400,450200
71015409090,2019,756000,799300,1555300
70921301043,2019,106000,249200,355200
70912408098,2019,100500,107900,208400
70919210058,2019,95500,167100,262600
70824211076,2019,105800,271200,377000
70913119115,2019,79900,239100,319000
71006116274,2019,47200,107600,154800
71011415017,2019,32800,161500,194300
70919221071,2019,101700,220300,322000
70813320078,2019,14600,114700,129300
71021225042,2019,108300,304600,412900
71009320046,2019,65900,132100,198000
70919105118,2019,102700,253800,356500
70828316153,2019,100,0,100
81028100890,2019,54600,26300,80900
71014208071,2019,66700,167600,234300
60802402250,2019,68600,172400,241000
70919202055,2019,89700,191900,281600
80925214241,2019,61400,130200,191600
70918210140,2019,161100,224600,385700
70921412072,2019,99800,487800,587600
70924219152,2019,0,25000,25000
70814406017,2019,89800,221500,311300
70922323046,2019,154000,299000,453000
70835310122,2019,84900,214300,299200
70913434688,2019,0,1500,1500
81034411166,2019,67200,187500,254700
70932302113,2019,537700,1412700,1950400
81031208087,2019,38500,144500,183000
70828107015,2019,90100,201100,291200
71015117156,2019,51400,162400,213800
81033201120,2019,39800,154700,194500
60801411294,2019,72300,224100,296400
70918307210,2019,91300,142700,234000
71011118497,2019,30500,254200,284700
70929422065,2019,144200,476500,620700
81031414022,2019,37600,163700,201300
81034309113,2019,63600,122300,185900
70913434191,2019,0,18000,18000
71014201314,2019,55100,162400,217500
70834310074,2019,0,15000,15000
81030205159,2019,49800,118300,168100
70929210014,2019,81400,224700,306100
71007226311,2019,86900,136400,223300
70913345067,2019,75900,109100,185000
70923169019,2019,6500,18500,25000
70913203190,2019,104800,348800,453600
80925308060,2019,62800,136700,199500
70930413269,2019,52400,251200,303600
71006126108,2019,35600,97600,133200
70826417151,2019,21500,119600,141100
70836401277,2019,62100,168200,230300
70836108170,2019,70800,154300,225100
71005207066,2019,50300,110700,161000
81031204217,2019,39900,151100,191000
70829409048,2019,85600,0,85600
81019310028,2019,58000,172700,230700
70836219026,2019,25100,155900,181000
70917101051,2019,51500,328400,379900
80926112014,2019,55600,151100,206700
71010403063,2019,55700,187300,243000
60801224118,2019,15900,179400,195300
80924421897,2019,400,1600,2000
71011119255,2019,51700,269200,320900
70936404022,2019,63700,127600,191300
71011305333,2019,66900,188100,255000
71009211021,2019,54700,152900,207600
70921212092,2019,96300,246200,342500
70833409076,2019,46200,215800,262000
71026301029,2019,923400,0,923400
70929111220,2019,116400,296700,413100
81032420143,2019,44000,154900,198900
80925214150,2019,55900,129100,185000
60801304259,2019,79300,154900,234200
70833412037,2019,46200,214500,260700
71009406185,2019,61600,104000,165600
70932113221,2019,87800,216700,304500
70824303021,2019,0,0,0
70919225130,2019,96800,210600,307400
70901107148,2019,51000,118700,169700
70824411155,2019,0,0,0
70922402147,2019,80200,174600,254800
60905205072,2019,53600,192000,245600
71006113337,2019,32200,202700,234900
60902203061,2019,154000,300000,454000
70931416048,2019,155800,140500,296300
80924444948,2019,400,1600,2000
71027402016,2019,0,0,0
81034312158,2019,0,0,0
71009310112,2019,69100,86200,155300
71005222270,2019,76700,250800,327500
60803101249,2019,106100,204100,310200
71001325143,2019,24900,136000,160900
71005406064,2019,41400,93000,134400
70829402092,2019,13300,0,13300
70921310044,2019,484000,1029000,1513000
70923113397,2019,254100,166900,421000
70926216148,2019,165100,205600,370700
70913346148,2019,85600,392800,478400
70923105302,2019,1984100,15359500,17343600
70824416014,2019,14300,137600,151900
70926104012,2019,61000,708400,769400
70823107119,2019,0,0,0
70813325101,2019,18300,162900,181200
81019302033,2019,60600,166200,226800
70833205185,2019,29500,273200,302700
71035102103,2019,72000,285200,357200
80924422770,2019,400,1600,2000
81026344135,2019,4600,0,4600
80926106348,2019,57000,140200,197200
71007305280,2019,120300,270700,391000
60802112346,2019,86200,206900,293100
70813329210,2019,18500,176800,195300
70922236067,2019,247100,446800,693900
70919408182,2019,117100,209500,326600
70918320329,2019,20500,153500,174000
70930104256,2019,81400,257200,338600
70928105414,2019,129700,284900,414600
71006207049,2019,66000,254000,320000
70928116057,2019,119900,116700,236600
71030202057,2019,287500,542000,829500
71015203103,2019,50000,184700,234700
70816314143,2019,125700,243500,369200
70928206022,2019,97800,318500,416300
60902202112,2019,154000,812500,966500
70923136042,2019,17700,145900,163600
70929125023,2019,44000,414000,458000
81031210165,2019,42400,79600,122000
70918320139,2019,20500,107500,128000
81028106012,2019,582500,1018500,1601000
70816314276,2019,145700,295300,441000
70928320054,2019,140900,516000,656900
81030316071,2019,61300,136300,197600
70918307129,2019,79500,135700,215200
60904103011,2019,80200,177300,257500
81019309039,2019,60400,173800,234200
70923153541,2019,1300,23700,25000
71006306106,2019,39900,258400,298300
60906206326,2019,64300,173600,237900
70929305146,2019,70600,204700,275300
71011418136,2019,45300,135700,181000
70923124386,2019,129400,229900,359300
60812201270,2019,480000,1920000,2400000
70923316115,2019,104000,203900,307900
70923122190,2019,127400,236400,363800
70923146405,2019,8000,7000,15000
70913321059,2019,73800,422000,495800
80924418810,2019,400,1600,2000
81028102333,2019,60300,159800,220100
70921305160,2019,186500,425500,612000
70925208063,2019,0,0,0
70921420108,2019,109300,299900,409200
81028118322,2019,10800,96700,107500
70920403080,2019,111800,235900,347700
60803105366,2019,101400,172700,274100
70926404107,2019,80600,150500,231100
70920114083,2019,124200,211700,335900
70923316016,2019,80700,275200,355900
70825402070,2019,330000,1749000,2079000
71003418102,2019,49000,158000,207000
70931307213,2019,101000,148200,249200
81034106270,2019,0,0,0
71012215284,2019,17700,254000,271700
70928214108,2019,99700,176300,276000
70913209247,2019,77600,223900,301500
60801234307,2019,15000,139100,154100
70814101302,2019,108500,244800,353300
70828301146,2019,1000,0,1000
71012210200,2019,58800,211600,270400
70913350181,2019,0,8000,8000
70920111063,2019,83800,219200,303000
70834214599,2019,40800,419200,460000
71004405348,2019,49600,159600,209200
81031222136,2019,38100,136800,174900
71006303087,2019,53500,304000,357500
80924443982,2019,400,1600,2000
70928212243,2019,97800,190900,288700
71014306304,2019,67500,187200,254700
81034207044,2019,68000,197700,265700
70927101083,2019,0,0,0
71006412185,2019,77700,222900,300600
71034109134,2019,70100,189500,259600
60906203067,2019,84000,206000,290000
70932307030,2019,70300,131500,201800
80926105118,2019,60000,155900,215900
70921311216,2019,82900,232600,315500
70913343186,2019,9400,162000,171400
60804208010,2019,105000,0,105000
70836404164,2019,60900,146700,207600
60801419553,2019,16600,187500,204100
71007116124,2019,90400,285700,376100
70825203048,2019,220000,220000,440000
70901106075,2019,44000,0,44000
71003206028,2019,56100,195400,251500
71006306338,2019,30400,171300,201700
70912421032,2019,9000,95300,104300
71007109020,2019,93200,248700,341900
70921308049,2019,180300,281800,462100
70912408056,2019,100500,155800,256300
71008108047,2019,33400,236600,270000
70936406383,2019,68800,158600,227400
70926214225,2019,110100,98700,208800
60804204076,2019,85000,275000,360000
70816414183,2019,13100,223700,236800
70918305222,2019,74800,148200,223000
60811113145,2019,103300,310400,413700
70918408109,2019,238400,171300,409700
71004304293,2019,49200,110700,159900
70923408269,2019,56300,140700,197000
70820118044,2019,100,0,100
70823118025,2019,12800,90500,103300
70923164275,2019,44900,452300,497200
71006440912,2019,0,4000,4000
60801112016,2019,68400,169100,237500
70923173218,2019,3300,11700,15000
71004305233,2019,58500,123700,182200
71015102016,2019,66100,146600,212700
71010406182,2019,56500,146800,203300
70914404127,2019,145000,1031000,1176000
70923150737,2019,86500,638500,725000
70921408112,2019,142900,435000,577900
70920220525,2019,0,11900,11900
80926200950,2019,0,0,0
70923169225,2019,6500,18500,25000
70932201050,2019,74300,126900,201200
70919105043,2019,102200,243100,345300
81027205047,2019,708500,2509300,3217800
70930418011,2019,23200,138800,162000
71001325218,2019,24900,140600,165500
70913347873,2019,2500,12500,15000
70913406257,2019,105200,266800,372000
70913223148,2019,4000,245900,249900
60811110109,2019,103300,219300,322600
70834216181,2019,0,0,0
60802422042,2019,24200,135800,160000
70932203098,2019,152800,242000,394800
71013203072,2019,68100,188800,256900
70921211284,2019,100500,204500,305000
70901113343,2019,13900,88000,101900
70922424175,2019,96900,163100,260000
71003119015,2019,24800,142700,167500
71009311053,2019,68400,116400,184800
71014306370,2019,59600,191400,251000
70925301114,2019,495000,5685000,6180000
70932401072,2019,129300,270700,400000
71003305284,2019,49300,133500,182800
70928212053,2019,97800,253400,351200
70922439405,2019,63900,163200,227100
71006423182,2019,34300,159100,193400
60812212087,2019,22400,182100,204500
70836405550,2019,71300,133200,204500
71007304175,2019,88600,444600,533200
71034102203,2019,49200,210800,260000
71002424019,2019,56000,156900,212900
70816322229,2019,17300,188300,205600
81021109120,2019,56000,329600,385600
70822103093,2019,109800,218100,327900
70929303215,2019,109600,137400,247000
70836210173,2019,11400,138000,149400
71007223078,2019,99200,385700,484900
71006205267,2019,37800,164100,201900
70921308172,2019,115500,167700,283200
70921203174,2019,69200,182400,251600
60812111338,2019,78200,230600,308800
81030308036,2019,61700,117800,179500
81023304489,2019,35600,155400,191000
60811204184,2019,204100,245000,449100
70914301068,2019,487200,1152600,1639800
71003201119,2019,53100,133000,186100
70935306013,2019,154000,653500,807500
70935300974,2019,205000,74000,279000
70823210558,2019,100100,267400,367500
70823304129,2019,74000,188900,262900
70835207113,2019,85900,239400,325300
71002311068,2019,62600,278400,341000
81035103069,2019,65400,0,65400
80926406087,2019,66000,484000,550000
71011212116,2019,58300,226700,285000
70931412020,2019,81500,223500,305000
80926200869,2019,88100,0,88100
70936409189,2019,61500,163400,224900
70923142495,2019,44900,285700,330600
70931412129,2019,86000,245500,331500
71005313144,2019,45000,3000,48000
60801312202,2019,68800,180300,249100
71015101258,2019,89800,143900,233700
70813307175,2019,115100,210600,325700
70919228952,2019,400,2600,3000
70914411172,2019,158500,318300,476800
70913125279,2019,139800,10700,150500
80925212344,2019,60000,175000,235000
70921219048,2019,152600,449200,601800
71009400848,2019,0,0,0
71009317134,2019,68800,189700,258500
60801209045,2019,66100,150900,217000
81031302201,2019,50100,88700,138800
71010408104,2019,53400,152100,205500
70928204034,2019,93000,341100,434100
71003410083,2019,52400,173300,225700
70835121032,2019,17700,90200,107900
70823407121,2019,53000,180600,233600
70922330083,2019,102800,343000,445800
70923175131,2019,3300,11700,15000
71011118116,2019,30500,234500,265000
71005110037,2019,30500,104500,135000
60811413016,2019,80200,189800,270000
60802313150,2019,96100,238100,334200
70932111118,2019,150900,284200,435100
70929209091,2019,88300,192800,281100
81015104037,2019,56700,193200,249900
70931208320,2019,125300,280500,405800
81033301144,2019,0,0,0
70920212118,2019,122600,150400,273000
60812313538,2019,33100,208200,241300
70816303055,2019,184400,598200,782600
70814424275,2019,100200,358600,458800
70931411121,2019,97200,138800,236000
81019303180,2019,62000,284800,346800
71001111039,2019,93400,89200,182600
70929418212,2019,92700,236400,329100
71003305169,2019,49300,161300,210600
71002107300,2019,9500,153200,162700
70922327014,2019,89300,429900,519200
70816304152,2019,168300,447600,615900
70836110274,2019,69900,158200,228100
70824103067,2019,111600,244000,355600
70919413131,2019,109700,342100,451800
70912422030,2019,9000,107300,116300
81033301087,2019,37300,147700,185000
70834418109,2019,20500,125300,145800
71020307247,2019,13900,129600,143500
81033302043,2019,33000,165300,198300
70827404032,2019,0,0,0
70913107227,2019,119700,237400,357100
70823121284,2019,20000,103200,123200
71010405308,2019,0,0,0
70836221047,2019,12800,134400,147200
71005229094,2019,53900,208000,261900
70901105217,2019,53200,112100,165300
60801306031,2019,72100,203000,275100
80936107055,2019,14900,98200,113100
71006109188,2019,69200,127300,196500
70932105145,2019,78400,148200,226600
71007305123,2019,110400,323800,434200
70834207073,2019,78500,221500,300000
81034101139,2019,64500,169600,234100
70823304369,2019,78100,224300,302400
70823408236,2019,43200,182800,226000
70913346346,2019,69900,273300,343200
60801412193,2019,73800,162200,236000
60811420095,2019,19000,212100,231100
71015116025,2019,40600,186700,227300
70836207211,2019,73700,211800,285500
71011218023,2019,495000,4855000,5350000
70826417888,2019,21500,134200,155700
71009407216,2019,61600,131300,192900
71015111231,2019,46500,144400,190900
70922319011,2019,130200,426800,557000
80924306198,2019,64400,218200,282600
71014213062,2019,54600,182700,237300
70913354357,2019,0,15000,15000
60801224035,2019,15900,183100,199000
71003407098,2019,49900,221900,271800
70932206125,2019,84100,108600,192700
80924418943,2019,400,1600,2000
60801234414,2019,15000,143100,158100
71003415025,2019,58000,198000,256000
71004309227,2019,153000,1528000,1681000
71021214095,2019,60300,134800,195100
70935104029,2019,45300,44700,90000
70829105084,2019,39000,296000,335000
70922208123,2019,117700,410200,527900
81030400999,2019,286000,707000,993000
70934313051,2019,630000,914000,1544000
70912400953,2019,0,0,0
70928318033,2019,181700,452200,633900
60801310090,2019,73300,184400,257700
60811116496,2019,18800,217500,236300
70914438580,2019,2200,22800,25000
70918104038,2019,546700,232900,779600
70923160249,2019,8000,7000,15000
70923167691,2019,3400,13800,17200
70913403237,2019,86500,282700,369200
70834404059,2019,99700,165500,265200
70834211066,2019,70100,245000,315100
71006112016,2019,71100,143400,214500
71010107300,2019,51200,187200,238400
71009411316,2019,62500,94600,157100
80924422035,2019,10500,173300,183800
70825400826,2019,385000,0,385000
70928108145,2019,108400,371100,479500
71010313189,2019,55700,207700,263400
81028408070,2019,624000,1536000,2160000
71006404132,2019,54100,215500,269600
70935115092,2019,49900,122400,172300
70921120138,2019,116200,310500,426700
60812321341,2019,18000,156700,174700
70921416131,2019,131100,308700,439800
70816407104,2019,166700,419100,585800
70923150711,2019,51800,388200,440000
60802418116,2019,62600,174400,237000
70931208338,2019,125300,393700,519000
71006117024,2019,58600,326400,385000
70823313188,2019,16300,119100,135400
70920213059,2019,140100,357600,497700
70921127100,2019,14300,188600,202900
70821205056,2019,96000,323600,419600
80924422837,2019,400,1600,2000
70923123073,2019,96400,324100,420500
70922226167,2019,215700,704300,920000
71002434084,2019,10100,0,10100
70823401058,2019,33300,183300,216600
71014307021,2019,56100,200100,256200
71007307046,2019,397400,236100,633500
71010304146,2019,54600,125200,179800
81028121713,2019,8700,58300,67000
71006102067,2019,47200,128700,175900
80925207204,2019,55800,127100,182900
70826417284,2019,21500,118500,140000
70923160314,2019,8000,7000,15000
71015116306,2019,52500,184500,237000
70922438407,2019,86400,229500,315900
70926409272,2019,10000,0,10000
71006108114,2019,69900,118600,188500
70922321066,2019,151400,464200,615600
70821114447,2019,17300,264700,282000
70816402047,2019,163900,234900,398800
71003306109,2019,53600,159500,213100
81034414300,2019,67900,230800,298700
60906108184,2019,63800,145800,209600
70922439174,2019,84800,201000,285800
71005307246,2019,60600,106900,167500
70932416021,2019,132000,308000,440000
60903214059,2019,17300,76200,93500
70828443154,2019,0,0,0
70920414053,2019,123800,180500,304300
71009107155,2019,54100,136500,190600
81026207094,2019,7200,0,7200
70936403256,2019,64300,152700,217000
70933201348,2019,153800,139800,293600
60801118155,2019,66700,158900,225600
70930106088,2019,2280000,12460000,14740000
71014207099,2019,62000,143100,205100
71006112222,2019,70100,220500,290600
60802305058,2019,13800,198300,212100
70826414313,2019,16100,100400,116500
70923127306,2019,161200,453800,615000
60801101118,2019,68100,138100,206200
70834408100,2019,292400,0,292400
80924443015,2019,15600,281200,296800
70836403083,2019,64300,142500,206800
71007223309,2019,94500,285800,380300
71009106074,2019,136000,442000,578000
70919104152,2019,100300,284500,384800
70923224095,2019,86000,335000,421000
70816407188,2019,210100,352900,563000
71005205036,2019,46500,150400,196900
70919401219,2019,118800,234600,353400
71021101036,2019,85000,231000,316000
71003416057,2019,47900,205300,253200
70931104114,2019,145500,146500,292000
60811302235,2019,77100,221700,298800
70922211085,2019,133000,431200,564200
70813329145,2019,18600,168300,186900
71016117014,2019,59800,107600,167400
70923413276,2019,1700,16300,18000
70901107099,2019,51000,179500,230500
70824310084,2019,13500,136800,150300
70835115019,2019,14200,127200,141400
70813304064,2019,83100,176900,260000
81022301022,2019,88000,297000,385000
70835206082,2019,97100,272900,370000
70828440176,2019,0,0,0
70913215111,2019,0,0,0
81033206039,2019,45800,139500,185300
81027203265,2019,0,0,0
60906206277,2019,58900,153800,212700
71006415048,2019,63000,577000,640000
70928118045,2019,19000,155000,174000
70927201023,2019,0,0,0
70901113088,2019,21200,109800,131000
70921221176,2019,124900,363000,487900
71001406026,2019,52700,173600,226300
80924406823,2019,400,1600,2000
70922434158,2019,107500,298500,406000
70930411057,2019,73400,166300,239700
70813319237,2019,14300,121700,136000
70836403166,2019,84600,170800,255400
70919216121,2019,84300,95700,180000
70823208256,2019,148300,347800,496100
80925115150,2019,13500,213400,226900
70835303143,2019,78200,186400,264600
71003313261,2019,49100,168800,217900
71005413069,2019,48300,128100,176400
80924311163,2019,63400,195700,259100
70923161106,2019,8000,7000,15000
81026355299,2019,100,0,100
70923140209,2019,1500,13500,15000
71006309176,2019,0,0,0
70825204088,2019,330000,77000,407000
71010314210,2019,56700,195300,252000
71016407085,2019,62400,116700,179100
81031204142,2019,39900,134300,174200
70922110039,2019,137800,286200,424000
60801316353,2019,24000,145300,169300
81031301013,2019,1034000,1090000,2124000
70923170602,2019,2300,400,2700
71009204026,2019,48000,139300,187300
70835124101,2019,500,1500,2000
70922303121,2019,187200,293100,480300
70923140712,2019,1500,21500,23000
80926108039,2019,50800,141400,192200
71034103186,2019,68500,188500,257000
71014201322,2019,61200,130800,192000
70928109367,2019,107000,321900,428900
81032430085,2019,24500,12500,37000
70929114141,2019,82600,181600,264200
70821402173,2019,102100,320800,422900
81034304048,2019,44000,132800,176800
81032408173,2019,37700,175000,212700
70922329060,2019,132900,210100,343000
60802202030,2019,88100,236400,324500
70913428087,2019,85200,174900,260100
70835306329,2019,99400,146900,246300
70912404294,2019,99200,285200,384400
70836303168,2019,68400,147900,216300
80925116132,2019,13500,255400,268900
81030316055,2019,81100,142700,223800
70823205335,2019,18100,279800,297900
60804208044,2019,109900,367800,477700
60801406097,2019,24900,163100,188000
70901113377,2019,12700,74300,87000
81035107102,2019,72800,0,72800
80924417169,2019,9900,156100,166000
70920221060,2019,0,2200,2200
70913128885,2019,800,11200,12000
70926217104,2019,83000,855000,938000
70930416180,2019,75600,292400,368000
71016409156,2019,61800,140900,202700
60905112277,2019,53600,130000,183600
81032414047,2019,44900,127500,172400
70923128114,2019,204300,214200,418500
71007224191,2019,67100,462900,530000
70813314344,2019,9800,0,9800
71034107162,2019,54200,147000,201200
81032108989,2019,0,1150000,1150000
71005217106,2019,63200,118500,181700
71035205262,2019,63900,217300,281200
71016111058,2019,59400,151500,210900
60803104053,2019,103200,215800,319000
81028104024,2019,59300,140100,199400
60812117063,2019,73900,196000,269900
81019308049,2019,57800,181200,239000
71016101017,2019,72600,106400,179000
70823109123,2019,18200,128900,147100
71031200993,2019,0,0,0
80936202178,2019,60600,148200,208800
70928102163,2019,113300,386100,499400
81031217153,2019,38100,83700,121800
81033201188,2019,46300,122300,168600
80925114871,2019,800,1200,2000
70923161198,2019,8000,7000,15000
70921206152,2019,60400,90900,151300
60812117021,2019,79900,162700,242600
71021215069,2019,59400,125000,184400
70829107113,2019,79900,318200,398100
60811303118,2019,90300,197500,287800
70826407227,2019,70300,138200,208500
70913201087,2019,619400,227600,847000
80936413113,2019,76900,154800,231700
71007304109,2019,91100,308800,399900
70919226170,2019,102000,189000,291000
70824102069,2019,107500,320200,427700
70920104307,2019,89000,321000,410000
71001102054,2019,67000,264100,331100
71007110043,2019,87500,342400,429900
71005309078,2019,62900,229400,292300
70824212107,2019,186000,220500,406500
71006403077,2019,70300,228500,298800
71006132056,2019,62600,175200,237800
70826315339,2019,52100,0,52100
70824301299,2019,96900,231700,328600
81032418122,2019,44000,115600,159600
80925304068,2019,73900,136900,210800
70926202288,2019,55000,537000,592000
71015400858,2019,200,0,200
60903214158,2019,17300,73300,90600
70912445032,2019,9000,91300,100300
70833123139,2019,93400,308100,401500
70815402030,2019,0,0,0
60802200993,2019,700,0,700
70931310331,2019,94000,196000,290000
70922229046,2019,230800,413100,643900
71011407189,2019,117200,289300,406500
70933403027,2019,89700,172300,262000
80925112768,2019,800,1200,2000
60804301012,2019,0,0,0
70833203064,2019,116400,258700,375100
70834417094,2019,13200,0,13200
70824205110,2019,125100,332300,457400
60803107122,2019,103200,206800,310000
80924416161,2019,9900,149800,159700
70919401269,2019,116600,282400,399000
71004405108,2019,52700,129800,182500
80925201206,2019,55700,142100,197800
70928309149,2019,91600,177300,268900
70918307153,2019,88700,155800,244500
70836116131,2019,69300,204700,274000
70813110239,2019,118800,276300,395100
71026403073,2019,71300,274500,345800
70919105051,2019,102200,229600,331800
71016416086,2019,62500,123000,185500
60801403069,2019,77900,191100,269000
71014210117,2019,55400,182300,237700
70920104018,2019,105300,182500,287800
71015112130,2019,43800,149300,193100
60801116167,2019,62100,154100,216200
70920218710,2019,400,14600,15000
70826419496,2019,0,4000,4000
70923142289,2019,44900,337600,382500
80924425047,2019,9900,189600,199500
70920222232,2019,16400,159100,175500
70929123077,2019,19700,335200,354900
70821404161,2019,114300,339400,453700
70912407131,2019,116000,211900,327900
70835205026,2019,87800,227800,315600
71011304020,2019,61900,128200,190100
70928314023,2019,148800,236500,385300
70828421069,2019,0,0,0
70929402025,2019,90200,210800,301000
60804103096,2019,88700,282900,371600
81028103034,2019,59400,155900,215300
70815102044,2019,946000,6529000,7475000
70823413475,2019,32800,170900,203700
60812323032,2019,28500,171600,200100
70923411197,2019,35200,361800,397000
60812102220,2019,84900,175800,260700
70928102296,2019,83300,276700,360000
60811433048,2019,79400,173600,253000
70923142213,2019,44900,272300,317200
71005326139,2019,110100,216800,326900
60801210191,2019,69100,193400,262500
70913109249,2019,60000,159300,219300
70931409168,2019,97900,141200,239100
70823121408,2019,20000,107100,127100
70929406077,2019,99100,249700,348800
70926112049,2019,80300,224700,305000
60801114054,2019,56200,141500,197700
80925107066,2019,53600,162800,216400
70932414017,2019,0,0,0
70920413112,2019,113100,98400,211500
70913321075,2019,65800,183900,249700
70926415162,2019,51000,170500,221500
70813325044,2019,17900,161000,178900
60801235016,2019,10000,132400,142400
80924436862,2019,400,1600,2000
70935203178,2019,0,0,0
60801218020,2019,69800,157100,226900
80924414157,2019,32800,257200,290000
71011306042,2019,63700,213100,276800
80924434072,2019,10600,187400,198000
60802310164,2019,97500,271800,369300
80924306221,2019,64400,249700,314100
70931412210,2019,85100,250000,335100
80925201256,2019,55800,140100,195900
70914419192,2019,365000,315000,680000
70936407159,2019,59100,156700,215800
70919227467,2019,36400,233200,269600
70923167617,2019,6500,18500,25000
70923167659,2019,6500,18500,25000
60812115182,2019,82000,190100,272100
80936410094,2019,87500,68500,156000
70913202291,2019,105000,174100,279100
81027209122,2019,12000,102400,114400
80925112990,2019,800,1200,2000
70918319471,2019,20500,93200,113700
81028121747,2019,8700,53500,62200
71015404058,2019,84000,386000,470000
70932102109,2019,193800,322200,516000
70922345537,2019,113500,383300,496800
70922441012,2019,13200,166600,179800
70923146679,2019,8000,7000,15000
81028118257,2019,10800,100000,110800
70815309070,2019,63400,351200,414600
81026360181,2019,100,0,100
70922310085,2019,124700,303600,428300
71003304070,2019,47000,160000,207000
70829406044,2019,9700,0,9700
60904107055,2019,91600,234900,326500
80936107021,2019,13800,94000,107800
70926118089,2019,182200,316800,499000
70923162360,2019,8000,7000,15000
70834215042,2019,90000,292000,382000
70836117139,2019,66400,206600,273000
71015407143,2019,53000,271600,324600
70901105100,2019,77600,160100,237700
60802302252,2019,89700,232000,321700
80936203027,2019,56900,175000,231900
71009222094,2019,45900,154200,200100
80924443718,2019,400,1600,2000
70913346312,2019,88400,444100,532500
70822115056,2019,29600,342400,372000
70826100889,2019,1628000,562000,2190000
81030301056,2019,68300,158100,226400
81021305059,2019,44500,174800,219300
70929206229,2019,85100,208500,293600
70929115016,2019,104700,278000,382700
70836410111,2019,55100,139700,194800
60903211021,2019,17400,95100,112500
71004400885,2019,325500,785500,1111000
70932304028,2019,359600,29400,389000
80925116710,2019,800,1200,2000
70814430181,2019,19700,220300,240000
80925109129,2019,54900,128400,183300
60812113102,2019,76900,179600,256500
71011126094,2019,60000,220300,280300
81029100964,2019,0,0,0
71005409109,2019,40900,126400,167300
71006120176,2019,35000,116300,151300
71019409111,2019,78900,87600,166500
70920304022,2019,97500,208000,305500
70835315065,2019,51900,351500,403400
70920305385,2019,97300,201700,299000
70814303156,2019,87700,260800,348500
70816309087,2019,181200,562400,743600
70821205072,2019,98000,273600,371600
70822108027,2019,51500,171300,222800
70835315445,2019,51900,341400,393300
71007307179,2019,417800,523700,941500
70922316067,2019,125300,361300,486600
81031411242,2019,26300,138700,165000
71001301094,2019,74700,252800,327500
71009310055,2019,68700,162300,231000
70833108115,2019,80800,253000,333800
71004302411,2019,48000,145500,193500
70828408083,2019,0,0,0
70826420922,2019,0,4000,4000
71007115192,2019,79600,395800,475400
71001320060,2019,0,0,0
70825202206,2019,286000,0,286000
71006407243,2019,68000,197000,265000
70932103496,2019,131900,255600,387500
71003315209,2019,58000,181800,239800
70833412079,2019,46200,201300,247500
71003211019,2019,53100,192900,246000
70932209088,2019,20800,117800,138600
71004306140,2019,52800,148900,201700
70833304218,2019,122700,385300,508000
80925122048,2019,10800,264400,275200
70920218695,2019,400,14600,15000
71004401023,2019,45800,134400,180200
70914436013,2019,68000,666900,734900
70826416905,2019,21500,144500,166000
80925220016,2019,54500,138400,192900
60811411127,2019,84400,177200,261600
80926205059,2019,63400,206500,269900
60901203260,2019,59200,181600,240800
81034120072,2019,25000,126500,151500
70919304075,2019,101900,256100,358000
70927402019,2019,0,0,0
71003212124,2019,77000,313000,390000
60801411351,2019,76900,257400,334300
71014215737,2019,7800,120700,128500
71010206144,2019,57500,141500,199000
60802104062,2019,78600,168100,246700
70834430038,2019,36900,150000,186900
70834427035,2019,21400,130600,152000
70836313414,2019,15700,161300,177000
81026355330,2019,22500,33800,56300
71010404368,2019,57300,181300,238600
71021111150,2019,62400,143800,206200
71006131066,2019,60600,156000,216600
70926207171,2019,83000,119500,202500
60811103237,2019,96000,251200,347200
71006204227,2019,52400,180600,233000
70932410015,2019,82000,197200,279200
60802111075,2019,86100,215200,301300
70913103035,2019,88800,226700,315500
81029400942,2019,528000,2583700,3111700
60903201014,2019,87700,183500,271200
80925114045,2019,12100,253000,265100
71010310101,2019,50100,135400,185500
81034411041,2019,66600,172900,239500
70813110065,2019,278000,273000,551000
70913310052,2019,78400,417200,495600
70913323138,2019,139800,258200,398000
71015110150,2019,41100,172800,213900
70922345298,2019,113500,361700,475200
70922320068,2019,151400,491300,642700
81021417028,2019,32500,102000,134500
60802106050,2019,69800,175700,245500
70918305264,2019,75400,115500,190900
81028121408,2019,10100,87700,97800
81031404114,2019,36700,134000,170700
70935307186,2019,4900,55100,60000
71020309277,2019,23800,166200,190000
80924410022,2019,9000,138400,147400
70814414078,2019,87500,244500,332000
80935103252,2019,68100,215100,283200
81021110010,2019,61400,179900,241300
70826211371,2019,18300,66500,84800
70923141447,2019,200,2300,2500
60801409116,2019,79000,162400,241400
70934310023,2019,116000,289000,405000
70923317139,2019,54900,178100,233000
70929104085,2019,107000,218000,325000
60802417217,2019,70700,208100,278800
81034205113,2019,74600,204400,279000
70920220848,2019,0,2200,2200
60802418257,2019,58800,158700,217500
60801218153,2019,78800,158100,236900
70912409046,2019,82700,358100,440800
71001402082,2019,109800,322100,431900
70921115056,2019,108300,262000,370300
71022304069,2019,57500,85900,143400
71006404041,2019,60700,230400,291100
70923116234,2019,97200,247600,344800
70923126316,2019,153800,165400,319200
71010410133,2019,57600,131200,188800
70929109150,2019,89900,271900,361800
81021403267,2019,49800,161900,211700
70920217902,2019,400,14600,15000
71001308131,2019,59100,203700,262800
71015105292,2019,63700,157300,221000
71011305028,2019,67700,183200,250900
70823203082,2019,108300,289000,397300
70935207097,2019,66200,265500,331700
70816310109,2019,183900,564100,748000
70913318254,2019,60400,206600,267000
71016407134,2019,61900,138100,200000
70913209180,2019,98800,226200,325000
71015103189,2019,64300,139200,203500
71003305309,2019,53000,139200,192200
71014303029,2019,59000,231300,290300
70813310384,2019,15400,165500,180900
60801313078,2019,71300,181300,252600
71006206041,2019,63800,187800,251600
70920302373,2019,145400,242200,387600
80925123088,2019,12200,263000,275200
80925114748,2019,800,1200,2000
71014306362,2019,57000,209500,266500
70920217176,2019,15200,979300,994500
60804103187,2019,78300,297300,375600
70920219073,2019,0,0,0
70918415493,2019,10500,110500,121000
70928320088,2019,174400,431300,605700
71002303180,2019,34100,200800,234900
71006431101,2019,109100,251700,360800
70829407068,2019,9600,0,9600
60812118128,2019,20500,158200,178700
70829108012,2019,105500,273500,379000
60801224184,2019,15900,179400,195300
71014203188,2019,0,0,0
71009105018,2019,169500,786000,955500
60802115639,2019,20500,126400,146900
70826202081,2019,396000,2444000,2840000
70921407122,2019,144600,352200,496800
70934307020,2019,1051000,3967800,5018800
70929215238,2019,83500,234800,318300
70919105176,2019,105600,225500,331100
70936305014,2019,68600,156000,224600
71015116249,2019,46400,169800,216200
70913434662,2019,0,1900,1900
71004301116,2019,45700,27600,73300
70929415052,2019,83000,232000,315000
70931102093,2019,143800,190400,334200
70922222066,2019,115400,271900,387300
70913405209,2019,95600,257800,353400
71011205103,2019,40700,202500,243200
71010410117,2019,66400,181000,247400
71011208363,2019,23200,183400,206600
70834410048,2019,136000,484000,620000
70835207197,2019,97100,219900,317000
71016410103,2019,61900,144600,206500
71003401248,2019,53600,224100,277700
71035114174,2019,66500,233600,300100
71006315066,2019,831000,3166000,3997000
80926304249,2019,0,0,0
70834425063,2019,70100,357900,428000
71016108170,2019,61500,158200,219700
60802415021,2019,82000,333000,415000
70920217225,2019,13700,617000,630700
70935207055,2019,66200,177800,244000
70929221300,2019,139100,275000,414100
71006128443,2019,46400,162000,208400
80926113070,2019,56200,161300,217500
60905204032,2019,0,0,0
71015113063,2019,47600,148100,195700
70923150266,2019,55100,339600,394700
81021409091,2019,55800,190400,246200
70931207091,2019,78400,166200,244600
60904102287,2019,84900,209500,294400
60811440019,2019,32700,185300,218000
70823209022,2019,132000,300000,432000
70923146166,2019,8000,7000,15000
71005214079,2019,48500,130400,178900
70921302108,2019,126600,207900,334500
70824309061,2019,13500,135900,149400
70913108184,2019,85500,213800,299300
80925409321,2019,0,0,0
70919217070,2019,88400,133700,222100
71009201113,2019,50800,143000,193800
70913106170,2019,100500,265000,365500
81034406274,2019,66600,179500,246100
70835324024,2019,73500,268500,342000
60801404215,2019,0,0,0
70913202118,2019,94200,328100,422300
60801411054,2019,75800,241600,317400
60802115465,2019,20500,121500,142000
80925120034,2019,12200,269000,281200
70922234110,2019,134700,495300,630000
70824410280,2019,113300,249100,362400
60812207210,2019,77200,182600,259800
70918218045,2019,220900,559100,780000
60803119375,2019,66600,413700,480300
81028105189,2019,59000,129600,188600
71030208245,2019,120600,110000,230600
70823303139,2019,83500,189600,273100
70922225127,2019,209900,465500,675400
70935205215,2019,66200,177800,244000
71010410183,2019,67700,117800,185500
81028104165,2019,59000,214300,273300
71012215325,2019,17700,247400,265100
71014306198,2019,57800,129700,187500
70823406131,2019,60300,261400,321700
81027111038,2019,36700,100600,137300
81030303028,2019,65000,167800,232800
60811304140,2019,91400,298600,390000
81026425084,2019,100,0,100
70821202052,2019,117000,388300,505300
80924409140,2019,8000,123000,131000
71007114029,2019,79600,238100,317700
70920408262,2019,129500,317500,447000
60803115191,2019,4100,0,4100
70920218182,2019,400,14600,15000
70914408137,2019,311500,666200,977700
71005213021,2019,58300,104200,162500
80924439931,2019,400,1600,2000
70923161510,2019,8000,7000,15000
70926102199,2019,81500,182900,264400
71015101117,2019,57500,152500,210000
70920202052,2019,560000,15642000,16202000
70928120016,2019,41300,203100,244400
81028118752,2019,10100,88900,99000
71003412196,2019,52400,178700,231100
70928113045,2019,133000,192000,325000
71019402082,2019,297600,587400,885000
70824104057,2019,196600,484800,681400
70932201282,2019,69200,165000,234200
70930305127,2019,970000,2132000,3102000
71005231312,2019,48500,154100,202600
60803103063,2019,103200,208200,311400
70936406127,2019,58000,150600,208600
81034329070,2019,29300,104700,134000
70918221098,2019,101000,0,101000
60801414074,2019,75400,231600,307000
70922320133,2019,113500,531300,644800
71011421022,2019,50700,234100,284800
81023305164,2019,35600,171600,207200
71006314018,2019,0,0,0
70821213116,2019,100,0,100
70921308130,2019,111400,231200,342600
81034406125,2019,65500,197200,262700
71016101108,2019,114000,611800,725800
70829108046,2019,86000,225500,311500
70823208165,2019,113400,215800,329200
70921115139,2019,124400,297600,422000
70931206168,2019,72100,215700,287800
80936117012,2019,14900,98200,113100
70821204131,2019,160000,348600,508600
70914439041,2019,1000,8400,9400
70921112052,2019,124400,295600,420000
70934309175,2019,15700,98600,114300
71011406040,2019,96500,281800,378300
81033202128,2019,38200,126800,165000
70824208156,2019,140200,403200,543400
71011210029,2019,54300,220700,275000
70814410068,2019,90200,153500,243700
70816305168,2019,129400,392100,521500
70918302202,2019,81900,112400,194300
70913310078,2019,94600,89100,183700
70826419339,2019,0,4000,4000
70922424084,2019,127800,297800,425600
70926106076,2019,77700,196400,274100
70836404015,2019,61600,155500,217100
71002311042,2019,62500,274400,336900
70935202261,2019,66200,177800,244000
60812330110,2019,0,5000,5000
70822410026,2019,31900,223400,255300
70918104054,2019,912800,838800,1751600
70913128059,2019,14000,210300,224300
70922406066,2019,66000,443000,509000
70834308699,2019,130000,364000,494000
81028113033,2019,57100,174800,231900
70919403356,2019,94800,235900,330700
71015118279,2019,58700,226200,284900
71005309086,2019,55200,327800,383000
70921128025,2019,25100,162600,187700
71014103023,2019,0,0,0
70912402181,2019,85600,199400,285000
71006101225,2019,44400,116800,161200
70815310069,2019,18900,205600,224500
71003313097,2019,49100,160700,209800
80924404041,2019,7500,121400,128900
80924434965,2019,400,1600,2000
70929202102,2019,88300,274500,362800
70912404343,2019,132000,304500,436500
70836207336,2019,0,0,0
80926105332,2019,54000,143500,197500
80924101324,2019,94500,247500,342000
70912439051,2019,9000,91300,100300
71003205327,2019,65300,162700,228000
71007201321,2019,90400,443200,533600
70828115084,2019,90100,219400,309500
60812115017,2019,76700,171800,248500
71004318145,2019,73600,164200,237800
70836114177,2019,70600,155600,226200
70835209193,2019,78200,213900,292100
70932417227,2019,0,0,0
71021107159,2019,61000,140800,201800
71010401017,2019,45700,155100,200800
70918401020,2019,299000,168800,467800
80924307154,2019,65500,242400,307900
70813406050,2019,703800,31700,735500
71006206257,2019,37600,147800,185400
81034408303,2019,67900,175100,243000
71003104024,2019,53100,238100,291200
60901204143,2019,71900,143100,215000
81030314116,2019,58700,198500,257200
71007229034,2019,748000,1455000,2203000
70923111052,2019,0,0,0
70821114265,2019,61300,220700,282000
70836416060,2019,63400,140700,204100
81031225099,2019,48900,94200,143100
70918322309,2019,0,2000,2000
80925217211,2019,55700,214100,269800
81033300766,2019,163500,819900,983400
70919414072,2019,115800,372600,488400
70922404234,2019,99000,234600,333600
60812330300,2019,0,5000,5000
70931209047,2019,73100,146900,220000
70931407237,2019,76600,151300,227900
71016113187,2019,54900,113600,168500
70936409056,2019,68600,166400,235000
70833404018,2019,129900,376300,506200
70926108155,2019,0,0,0
70922317114,2019,171200,188200,359400
70936309107,2019,59500,171700,231200
70826408184,2019,68100,156900,225000
70918415584,2019,9500,33800,43300
70921306100,2019,158800,346200,505000
70913323328,2019,156600,241700,398300
70923162047,2019,8000,7000,15000
60812404171,2019,77800,177800,255600
71006305017,2019,53200,301000,354200
81031217195,2019,38100,105700,143800
71005411055,2019,56400,139100,195500
70935203087,2019,0,0,0
80924311147,2019,65300,217500,282800
60812328727,2019,0,1000,1000
81030206040,2019,55400,118000,173400
60812110273,2019,78200,207800,286000
70836406152,2019,58700,164100,222800
71006205069,2019,56000,151000,207000
71023300826,2019,300,100,400
71016112288,2019,54000,87800,141800
80924444104,2019,11600,207800,219400
71003302074,2019,59200,189300,248500
70913340132,2019,58200,296500,354700
70816310050,2019,148000,405800,553800
60903207278,2019,0,0,0
60802302484,2019,107600,234900,342500
70931411064,2019,99000,184400,283400
70931209055,2019,82500,149300,231800
71006213012,2019,39000,569000,608000
60812402018,2019,80200,171600,251800
70913326249,2019,445000,2795000,3240000
70913350561,2019,0,15000,15000
71034112020,2019,160500,939500,1100000
71006118080,2019,63900,212900,276800
80936108087,2019,14900,110900,125800
70814420158,2019,15200,157400,172600
70920103101,2019,124100,154500,278600
70929416050,2019,96700,269600,366300
70821406216,2019,90400,291900,382300
70921415117,2019,129200,314400,443600
60811440093,2019,32700,164300,197000
71004312014,2019,62300,115300,177600
70923159432,2019,8000,7000,15000
81027205021,2019,535000,930100,1465100
71004408201,2019,61300,124000,185300
70928107171,2019,107000,312400,419400
80925110077,2019,54500,121500,176000
81032101032,2019,68000,244000,312000
80926304067,2019,65900,214600,280500
81035113117,2019,100,0,100
70926207080,2019,80600,205900,286500
80936113086,2019,14900,106000,120900
70920218265,2019,400,14600,15000
70834214143,2019,40800,429100,469900
80926407085,2019,0,0,0
71007113295,2019,76600,293900,370500
80924414032,2019,29700,222300,252000
80936115058,2019,14900,95500,110400
70901109136,2019,51000,137600,188600
60902103013,2019,0,0,0
71005213112,2019,49400,118000,167400
71009407117,2019,66100,123900,190000
70814430404,2019,19700,205700,225400
60906201425,2019,71900,153700,225600
70912406034,2019,98400,168300,266700
60812207377,2019,79900,206400,286300
70823402014,2019,48300,233700,282000
81021105037,2019,62000,156800,218800
70935307037,2019,4900,51800,56700
60811416052,2019,90300,182700,273000
70926217203,2019,182000,15000,197000
70918415659,2019,9500,33800,43300
80935107890,2019,79600,296400,376000
71006102215,2019,44400,130600,175000
70926215223,2019,118400,307200,425600
70921119107,2019,129100,418000,547100
71007316120,2019,37200,245400,282600
71006116117,2019,47200,199600,246800
81034106527,2019,0,0,0
80926110042,2019,54800,125800,180600
70823311166,2019,12400,136100,148500
71010312016,2019,51600,151500,203100
71027407115,2019,51000,219000,270000
71011107028,2019,0,0,0
70835301014,2019,0,0,0
81031208061,2019,36200,116900,153100
70815201036,2019,616000,6384000,7000000
70836208079,2019,0,0,0
70922419077,2019,64200,355700,419900
60811102073,2019,98800,220900,319700
60903208060,2019,14900,119100,134000
81023306112,2019,35600,160900,196500
70828425045,2019,0,0,0
70928217061,2019,95000,178300,273300
71009214190,2019,51900,154400,206300
81034308032,2019,0,0,0
80924418860,2019,400,1600,2000
70935114119,2019,49300,158800,208100
71012205243,2019,64200,232800,297000
60802402078,2019,79300,148300,227600
70913404037,2019,99400,381800,481200
81014303010,2019,32800,155400,188200
71009309107,2019,69200,148900,218100
60905104191,2019,53600,133100,186700
81034114108,2019,62600,155000,217600
70929305097,2019,88600,243800,332400
70836303077,2019,65700,155700,221400
70914437962,2019,2200,17300,19500
70824309029,2019,14100,147900,162000
81026357097,2019,5700,0,5700
70923411634,2019,31100,283900,315000
71003307173,2019,54000,172000,226000
71012210135,2019,58000,199500,257500
71010302273,2019,57100,134100,191200
70835101175,2019,0,0,0
80926114119,2019,18300,104100,122400
70929118078,2019,89900,253800,343700
70826315397,2019,38700,244800,283500
70926419049,2019,0,0,0
71014216628,2019,7500,124200,131700
60902103112,2019,20000,99400,119400
70934304076,2019,154000,0,154000
70935307368,2019,4900,55100,60000
70912403113,2019,140500,124300,264800
80924432993,2019,400,1600,2000
70822415026,2019,42700,231300,274000
71015201256,2019,76100,220600,296700
60906108225,2019,67600,241100,308700
70833407062,2019,44700,503600,548300
70929112294,2019,112100,342200,454300
70923225374,2019,0,0,0
81015107148,2019,62300,178000,240300
71014304259,2019,57400,210000,267400
70929212078,2019,78300,153700,232000
70836207253,2019,0,0,0
70834412010,2019,119000,501000,620000
71005342028,2019,0,0,0
60905213182,2019,4200,47100,51300
70920208034,2019,2998000,16382000,19380000
81021413191,2019,44200,141300,185500
81031205174,2019,40600,65400,106000
81034111170,2019,63500,197700,261200
60802415089,2019,83000,678000,761000
70828419056,2019,0,0,0
71004301158,2019,54700,185900,240600
70921222166,2019,139400,379900,519300
80926309190,2019,77000,285800,362800
81031416028,2019,35900,122700,158600
70933302063,2019,80900,147700,228600
70828316351,2019,100,0,100
81032104094,2019,23300,119300,142600
70920123969,2019,500,2500,3000
60802100896,2019,2400,0,2400
71002405267,2019,58300,183400,241700
81034108078,2019,90000,680000,770000
70836417240,2019,59600,171300,230900
70913327114,2019,0,0,0
71014201116,2019,54300,134300,188600
81034406050,2019,63900,154500,218400
70826420310,2019,0,4000,4000
70929204091,2019,84600,160200,244800
60811410070,2019,75600,189600,265200
71004305192,2019,52800,151600,204400
60804103179,2019,83500,326600,410100
70913109083,2019,85900,169100,255000
71006404140,2019,54100,178600,232700
70913434604,2019,0,1300,1300
81021307170,2019,64600,177300,241900
71001105040,2019,44000,202600,246600
80924101275,2019,71700,262700,334400
70933202106,2019,151300,330700,482000
70813307068,2019,123100,265600,388700
71014207164,2019,58500,197000,255500
81015102015,2019,61400,193900,255300
70913402023,2019,0,0,0
71016108021,2019,63600,109400,173000
81034321042,2019,29100,91200,120300
70913434860,2019,0,3000,3000
70936406367,2019,62000,197100,259100
81023306229,2019,35600,127500,163100
70928318091,2019,153600,826400,980000
70921305128,2019,175000,271900,446900
70922229020,2019,205100,328100,533200
70826416450,2019,21500,118500,140000
80925103080,2019,54700,166400,221100
81032419253,2019,39200,128600,167800
70936406177,2019,59600,164800,224400
70923122265,2019,159200,51300,210500
71011209080,2019,61100,267400,328500
70918322359,2019,0,2000,2000
80926103104,2019,50900,202300,253200
70901105233,2019,54500,146700,201200
71005321197,2019,99200,408600,507800
80925111158,2019,59200,120900,180100
70901103021,2019,51000,135000,186000
60903211162,2019,17400,97600,115000
70920306250,2019,109600,386000,495600
80925410287,2019,53900,175100,229000
70920216029,2019,14500,305100,319600
81030401971,2019,0,473000,473000
70828321037,2019,12200,0,12200
70923411577,2019,29700,258300,288000
70923142544,2019,44900,191700,236600
71011122042,2019,34200,232900,267100
70836403322,2019,63200,141000,204200
71015207098,2019,74400,177400,251800
81034413211,2019,67600,174800,242400
70833203105,2019,111600,238900,350500
71015204143,2019,48600,171400,220000
81022301204,2019,419000,2510500,2929500
70918211073,2019,110000,835000,945000
71014214557,2019,8100,162000,170100
70921417212,2019,89300,302600,391900
70913346388,2019,90300,507700,598000
71003202175,2019,73200,170700,243900
80924442976,2019,400,1600,2000
60812313661,2019,33100,209900,243000
70835317110,2019,98600,220700,319300
70814101287,2019,114100,299300,413400
70922404367,2019,127800,217200,345000
70821207060,2019,126000,424000,550000
70921319103,2019,73400,160100,233500
71007303200,2019,117600,339900,457500
80924428025,2019,11800,196800,208600
71007202072,2019,110100,442000,552100
71003216126,2019,89000,356000,445000
70926103189,2019,28100,115800,143900
81019306176,2019,57700,171500,229200
70920302141,2019,181300,393500,574800
70826206124,2019,539000,241000,780000
70821114439,2019,17300,247700,265000
70928113102,2019,124500,200500,325000
70822105312,2019,664000,7846000,8510000
71014308011,2019,58500,150900,209400
80924408077,2019,8000,122100,130100
70920419045,2019,126800,182800,309600
71004408243,2019,61700,146900,208600
71011223080,2019,18500,171900,190400
70932403143,2019,111100,136600,247700
80926404130,2019,74500,122700,197200
70826309233,2019,107500,319100,426600
81034404129,2019,63200,165600,228800
71004302172,2019,49200,180800,230000
71006301148,2019,81100,160900,242000
60905214130,2019,0,0,0
70912401018,2019,989000,103000,1092000
70913321265,2019,97500,452500,550000
71005301066,2019,65200,164800,230000
81023207360,2019,33600,152400,186000
71005201042,2019,50900,68200,119100
70924220349,2019,0,12000,12000
71015203187,2019,49600,155000,204600
71006303079,2019,69200,211600,280800
70829402274,2019,12700,0,12700
71002417220,2019,0,0,0
80924410147,2019,8000,121700,129700
70932113255,2019,87800,139500,227300
70918302096,2019,75400,167900,243300
60802108098,2019,68700,164700,233400
71006128063,2019,51000,141900,192900
60811404122,2019,86000,212200,298200
70822102160,2019,118000,309700,427700
60803108021,2019,100300,214700,315000
70913313098,2019,139700,183400,323100
81034310300,2019,70000,248200,318200
71012205277,2019,61600,204600,266200
70822403071,2019,893000,882000,1775000
60812329262,2019,13400,154700,168100
71005220191,2019,0,0,0
70920218645,2019,400,14600,15000
70913431030,2019,38800,236200,275000
81032419154,2019,41600,160100,201700
60802202072,2019,81300,211600,292900
70932423117,2019,48600,77100,125700
70907301132,2019,49200,156200,205400
71014215464,2019,7800,90200,98000
70929417082,2019,77800,278200,356000
70823402238,2019,33300,152900,186200
70914412021,2019,85800,400200,486000
70826408069,2019,72100,191600,263700
81030304258,2019,67900,150500,218400
70926304109,2019,111900,213800,325700
81019307124,2019,58800,149900,208700
70919110191,2019,125700,133300,259000
71004405322,2019,46800,160200,207000
70834214234,2019,26000,0,26000
71011120195,2019,42700,224700,267400
60811111157,2019,103300,265200,368500
71009314122,2019,0,0,0
81031219167,2019,37400,192700,230100
81021407144,2019,68200,187600,255800
70913109231,2019,61300,165900,227200
70923409134,2019,131300,190200,321500
70923146372,2019,8000,7000,15000
60906107037,2019,67600,149800,217400
70917101449,2019,51500,293500,345000
71005307220,2019,60600,136200,196800
80924430913,2019,400,1600,2000
70921320027,2019,73400,187900,261300
70926300941,2019,0,0,0
81028404151,2019,55600,136700,192300
70835112057,2019,126700,253200,379900
70923150068,2019,55100,270000,325100
70914410124,2019,366000,773000,1139000
71004306067,2019,52800,140800,193600
70922221092,2019,175900,310600,486500
70924219756,2019,0,25000,25000
70932419108,2019,83700,202300,286000
71020309152,2019,23800,163000,186800
80924428885,2019,400,1600,2000
71009109010,2019,140500,670200,810700
70834427241,2019,25600,154000,179600
71016410187,2019,61500,133300,194800
81031209100,2019,64400,141600,206000
70926403175,2019,82400,141500,223900
60803118012,2019,25300,213500,238800
81030307111,2019,61700,144200,205900
71010111096,2019,54800,163300,218100
70923173523,2019,3300,5900,9200
70913108126,2019,71100,161900,233000
60801219276,2019,72900,179800,252700
70928206113,2019,89900,251000,340900
71015403232,2019,50700,176900,227600
71007304117,2019,91100,374700,465800
71011205096,2019,36300,222200,258500
70932103280,2019,140300,308900,449200
70913124221,2019,128000,423600,551600
60801404314,2019,78000,231100,309100
70932103446,2019,153900,163100,317000
70823409060,2019,55700,207000,262700
81019305178,2019,56300,165400,221700
70836302186,2019,65800,136800,202600
70823103042,2019,93800,164400,258200
80924433040,2019,11400,204600,216000
70932412029,2019,74000,89000,163000
70923223112,2019,343000,386100,729100
71007221098,2019,205900,343500,549400
71006409132,2019,68000,282900,350900
81031210082,2019,41400,166200,207600
70834309192,2019,29100,0,29100
60901204028,2019,60100,0,60100
70836404099,2019,60700,155100,215800
81027300920,2019,2638000,0,2638000
81033402116,2019,51400,133400,184800
71015202098,2019,49600,177200,226800
80924403887,2019,400,1600,2000
71002440023,2019,43000,0,43000
60812331035,2019,0,100,100
71011118231,2019,30500,247000,277500
71009217037,2019,47100,128900,176000
71003313310,2019,49100,156100,205200
70921124065,2019,121400,289900,411300
81034306094,2019,44100,119100,163200
71005407088,2019,45600,112700,158300
71015215033,2019,23000,250000,273000
71007212120,2019,209600,578000,787600
71014214573,2019,8100,115300,123400
70929124257,2019,0,10000,10000
70923407013,2019,138200,251800,390000
81028120442,2019,0,5000,5000
70836105423,2019,77100,168400,245500
70826312054,2019,0,0,0
71016104186,2019,63300,148300,211600
70834101051,2019,105800,492700,598500
70912405268,2019,100400,310800,411200
80925211106,2019,54900,139100,194000
70828408059,2019,0,0,0
70815404060,2019,0,0,0
70814104041,2019,96800,266000,362800
70913108449,2019,109000,1000,110000
71012211175,2019,62400,251400,313800
70928201155,2019,102400,209500,311900
71003406131,2019,56000,187300,243300
60801412052,2019,79000,191800,270800
60811111082,2019,103300,245900,349200
70814312149,2019,26100,242400,268500
70824413052,2019,83000,317000,400000
71009408173,2019,66000,101900,167900
70826412531,2019,10000,80700,90700
70833403143,2019,216500,515500,732000
70828124241,2019,12900,190600,203500
81031205158,2019,39900,142500,182400
70826412953,2019,10000,75100,85100
70920304105,2019,125600,203400,329000
80936401184,2019,69900,147000,216900
70931206035,2019,65800,150300,216100
70913114264,2019,83600,255600,339200
70820103079,2019,200,0,200
60801409041,2019,77900,153500,231400
70918308979,2019,330000,431000,761000
70833402103,2019,135500,582500,718000
81019300954,2019,69700,98400,168100
70824411113,2019,102000,202200,304200
81023209324,2019,0,1200,1200
60905207143,2019,0,0,0
70913308099,2019,164000,30800,194800
70821112160,2019,120500,249300,369800
71003314128,2019,48400,167700,216100
70929206039,2019,81000,287000,368000
70921205104,2019,71900,195100,267000
70835304109,2019,78200,171100,249300
71010413153,2019,58500,140400,198900
70913433383,2019,11600,281200,292800
71004314292,2019,58500,141200,199700
71011405141,2019,90800,303800,394600
60802112156,2019,87300,219400,306700
70923173383,2019,3300,5900,9200
70926205117,2019,81000,183700,264700
70929118086,2019,89700,255100,344800
70814203108,2019,115300,335200,450500
70913102128,2019,117000,6000,123000
71009101016,2019,248000,0,248000
70919224017,2019,101300,177400,278700
70823103084,2019,89400,257600,347000
60802113047,2019,86100,197500,283600
70922423028,2019,98600,163800,262400
71010202118,2019,53800,165900,219700
80924304283,2019,0,0,0
71015102206,2019,55300,159300,214600
71015208244,2019,40200,191800,232000
70914414085,2019,279800,23900,303700
71010107128,2019,55600,196300,251900
71021112059,2019,70800,141900,212700
81019305219,2019,60100,155800,215900
70828435028,2019,0,0,0
71011401058,2019,80200,266800,347000
70833207082,2019,99900,290100,390000
60811413107,2019,86500,226300,312800
70924218162,2019,51300,482300,533600
70928208242,2019,97800,212200,310000
70821204082,2019,99000,361500,460500
70827101042,2019,880000,1310000,2190000
70912409351,2019,98800,252600,351400
70914405068,2019,0,0,0
70833118015,2019,90200,240900,331100
70918306329,2019,86500,108100,194600
70921222140,2019,154700,269300,424000
70823403187,2019,48300,229500,277800
70923145431,2019,8000,7000,15000
71006439048,2019,12600,326400,339000
70923174323,2019,3300,11700,15000
81032430267,2019,53000,132400,185400
70913103142,2019,261000,73000,334000
70930104107,2019,73900,231100,305000
80924409158,2019,9000,132800,141800
80925404058,2019,56200,127800,184000
80924307013,2019,77800,271700,349500
70828424097,2019,0,0,0
71006118171,2019,45600,200600,246200
71011208016,2019,39500,225500,265000
71003208032,2019,52000,144900,196900
71006109097,2019,107600,118900,226500
70920306268,2019,105600,266100,371700
71005405157,2019,37300,170000,207300
81021409025,2019,73800,179200,253000
70922309020,2019,125100,257800,382900
71014201356,2019,60100,138500,198600
60803115175,2019,77400,316300,393700
70836416119,2019,65000,167700,232700
70920219172,2019,0,0,0
70921413187,2019,158500,378700,537200
60812313033,2019,33100,191700,224800
71002441120,2019,100,0,100
71001314063,2019,64400,227600,292000
71006113147,2019,39700,215400,255100
71015400866,2019,400,0,400
80936202079,2019,56900,153700,210600
80924411997,2019,400,1600,2000
70923163582,2019,44900,254600,299500
70923150026,2019,64000,690800,754800
70922346080,2019,0,15000,15000
70923312014,2019,0,0,0
70928102022,2019,83300,306000,389300
71006105053,2019,62800,108900,171700
70824422029,2019,69900,103800,173700
71006446093,2019,3000,35000,38000
70823307016,2019,78100,237900,316000
71003202092,2019,53100,132300,185400
71022104120,2019,135500,804500,940000
70826412747,2019,10000,75100,85100
70931102150,2019,0,0,0
70823305193,2019,82300,221600,303900
70913414169,2019,57500,231000,288500
71007110142,2019,144300,360700,505000
71010310052,2019,53600,168300,221900
71005207024,2019,105300,123600,228900
71006404083,2019,54100,363600,417700
71019411025,2019,9000,66800,75800
71003210045,2019,54300,137400,191700
71016117105,2019,60500,161000,221500
70919307251,2019,100200,184800,285000
70922414077,2019,84600,235500,320100
71006408027,2019,54100,208500,262600
71014107059,2019,12300,167800,180100
70913124156,2019,72000,197000,269000
60812325187,2019,17100,106900,124000
71006302154,2019,50100,161300,211400
60801117123,2019,66700,171800,238500
81033201039,2019,39400,140300,179700
70826403358,2019,0,0,0
71011213065,2019,58100,221800,279900
71016118103,2019,59100,126400,185500
81026415093,2019,0,0,0
60804104052,2019,100200,331300,431500
80936412149,2019,73000,134400,207400
71016409172,2019,61800,138200,200000
71006116232,2019,61800,218400,280200
80925412184,2019,62100,167300,229400
71003204147,2019,53100,163400,216500
81021401138,2019,47000,130300,177300
70922226183,2019,127000,440000,567000
71016413040,2019,64800,130700,195500
81027102102,2019,1007600,5143900,6151500
60802105143,2019,68900,174300,243200
70933204269,2019,143800,357600,501400
71005417053,2019,1939000,5700000,7639000
70919112072,2019,135800,194000,329800
71012215086,2019,17700,245200,262900
60812407323,2019,81000,284000,365000
70823210136,2019,136900,257000,393900
70824208148,2019,145600,261400,407000
71001331108,2019,58600,219000,277600
70923140499,2019,1500,13500,15000
70836417159,2019,62700,151500,214200
70922221034,2019,230900,417300,648200
70816311074,2019,34400,0,34400
60811439377,2019,20000,183700,203700
81026355538,2019,3800,0,3800
81031210066,2019,38500,125100,163600
70823118182,2019,12800,85300,98100
70921403419,2019,140800,368400,509200
60903207202,2019,88000,532000,620000
70824106152,2019,112100,283400,395500
81032310104,2019,0,0,0
70823205038,2019,18100,229700,247800
81021301148,2019,56400,203600,260000
60801407144,2019,76400,178300,254700
71020306166,2019,10300,113200,123500
60802309175,2019,95900,244900,340800
71004302073,2019,50100,139200,189300
71003413102,2019,69200,199600,268800
71009217219,2019,50300,140300,190600
70913314111,2019,94700,389100,483800
60801203237,2019,63600,169400,233000
70914419168,2019,723000,2230000,2953000
71003407311,2019,55000,161000,216000
70923141661,2019,200,4300,4500
60801120069,2019,90400,159800,250200
71010406166,2019,56500,159300,215800
81015108203,2019,92600,189000,281600
60804209141,2019,17600,0,17600
81034320036,2019,25000,78000,103000
70918224018,2019,18100,111700,129800
71020309194,2019,23800,176000,199800
81021303409,2019,60500,157400,217900
70918322218,2019,0,2000,2000
81035113018,2019,100,0,100
70918105044,2019,128000,224000,352000
70813308016,2019,0,0,0
70928216089,2019,98500,154900,253400
60801105178,2019,66100,165400,231500
71003406222,2019,53400,193700,247100
70814428293,2019,15200,157500,172700
70834412094,2019,221000,1155000,1376000
70835206256,2019,86900,271400,358300
70918403125,2019,283900,566100,850000
70918212104,2019,59400,218500,277900
71022403085,2019,0,0,0
80925412259,2019,49900,160600,210500
70923164233,2019,44900,198100,243000
71027418104,2019,0,0,0
60906109207,2019,72700,141500,214200
70931211042,2019,75300,277300,352600
70920309189,2019,95000,195000,290000
71020309029,2019,23800,163000,186800
71006421152,2019,68400,185200,253600
60801419280,2019,16600,203000,219600
60801219010,2019,71100,183000,254100
60801403100,2019,77900,187600,265500
70918411285,2019,168300,231900,400200
70914439439,2019,1000,8400,9400
71034103532,2019,0,0,0
60811412357,2019,98100,237300,335400
70922331065,2019,143900,401100,545000
71006424015,2019,27600,207100,234700
70913103069,2019,98800,155100,253900
81026350059,2019,3400,0,3400
70926406020,2019,80800,123200,204000
71003220028,2019,20400,111100,131500
70923113264,2019,96500,245900,342400
71035206012,2019,71500,200800,272300
81031211197,2019,48600,116300,164900
70921413088,2019,137200,368300,505500
70914437912,2019,1100,5900,7000
71030210084,2019,88600,245900,334500
60812318033,2019,85100,225100,310200
70833410031,2019,44700,444100,488800
70835302088,2019,113700,255000,368700
70824101037,2019,103100,364600,467700
70933402053,2019,88900,178500,267400
70836205033,2019,68000,204400,272400
70923156074,2019,5000,10000,15000
70913320150,2019,124300,158800,283100
71006303102,2019,38000,217000,255000
70918416053,2019,9500,33800,43300
70923167279,2019,3400,13800,17200
70934301080,2019,517000,1233000,1750000
81021416301,2019,0,0,0
81034402107,2019,69100,174900,244000
70918415980,2019,10500,115500,126000
80926300974,2019,0,0,0
60811116446,2019,18800,217800,236600
70935205033,2019,39600,120400,160000
70935115084,2019,49800,135800,185600
70816408110,2019,212000,601300,813300
70922332104,2019,183200,476000,659200
70929407108,2019,87300,176700,264000
81034101147,2019,66700,202000,268700
71016410012,2019,62400,154800,217200
71003312221,2019,49300,172800,222100
70928322026,2019,160200,480700,640900
70828440168,2019,0,0,0
81031227029,2019,57000,253000,310000
60811108097,2019,104100,209300,313400
70814303057,2019,84200,228300,312500
71005337102,2019,98100,316900,415000
70913413012,2019,366000,86300,452300
71006310149,2019,33000,131200,164200
80925412423,2019,62100,132800,194900
81035117060,2019,37200,0,37200
71009317019,2019,69500,161700,231200
81021105079,2019,71000,157400,228400
60802113021,2019,86100,171400,257500
70918220058,2019,86800,294500,381300
70824217040,2019,129000,340200,469200
70932303161,2019,73000,122100,195100
60812113194,2019,76900,189300,266200
70934304068,2019,616000,1634000,2250000
70825209210,2019,15000,39000,54000
70813304113,2019,93800,265600,359400
71010108184,2019,58000,189800,247800
70814101097,2019,100200,312400,412600
71006102182,2019,44400,108800,153200
70836405021,2019,55200,136500,191700
80924436771,2019,400,1600,2000
80924443627,2019,400,3100,3500
60801308243,2019,84500,213000,297500
81031418123,2019,38200,96100,134300
70924218055,2019,51300,612200,663500
70928109036,2019,99100,372800,471900
71014102041,2019,0,0,0
71006430070,2019,101100,72800,173900
70821212168,2019,100,0,100
81034415019,2019,71400,177000,248400
70824300952,2019,407000,318000,725000
71015403307,2019,52000,211600,263600
71009227010,2019,70500,0,70500
71007211015,2019,281000,606000,887000
70929418238,2019,106800,345600,452400
71010310200,2019,50100,156600,206700
71005206092,2019,154000,1626000,1780000
81028105139,2019,60400,128000,188400
60812106214,2019,73000,179600,252600
81026346016,2019,5500,0,5500
70919224215,2019,101500,137600,239100
70826420237,2019,0,4000,4000
70935105027,2019,0,0,0
70935302251,2019,51300,67000,118300
81021405114,2019,55800,159000,214800
60801113105,2019,60000,165900,225900
70923147065,2019,8000,7000,15000
70914438796,2019,2200,22800,25000
70920301185,2019,114800,316700,431500
81015103097,2019,62300,193100,255400
71026401019,2019,469000,0,469000
71015104103,2019,56900,180900,237800
71005408094,2019,49900,174100,224000
71006423299,2019,51000,409000,460000
70921210103,2019,73600,174900,248500
70813103078,2019,132800,189300,322100
70912404012,2019,111700,346300,458000
60802312277,2019,116300,238700,355000
70824216026,2019,112100,299900,412000
71005207016,2019,0,0,0
70922201101,2019,0,0,0
70824401023,2019,119500,287000,406500
70922331049,2019,178100,494300,672400
60801414107,2019,79400,212800,292200
60801112024,2019,71700,152300,224000
70918319926,2019,20500,102000,122500
71009413247,2019,61800,122700,184500
70931308071,2019,99100,150700,249800
60812331150,2019,0,100,100
71004306166,2019,64600,162200,226800
70826211313,2019,18300,69000,87300
71003317099,2019,54300,167700,222000
71011121143,2019,35900,282100,318000
70921302033,2019,167900,307100,475000
71002304055,2019,61700,283100,344800
70929104027,2019,119500,291500,411000
70913320035,2019,0,0,0
71005308012,2019,738600,737200,1475800
70823102234,2019,76700,338700,415400
70814414052,2019,0,0,0
80925124078,2019,12200,275100,287300
71009214158,2019,57200,158100,215300
70928225105,2019,99100,291400,390500
71004410016,2019,442500,2022000,2464500
81031205108,2019,32300,111900,144200
70928302078,2019,91100,217900,309000
71007205167,2019,49000,316000,365000
70929418022,2019,95200,241600,336800
81032307086,2019,49700,185300,235000
70822414672,2019,23600,166400,190000
71002442029,2019,100,0,100
60903206105,2019,81400,159600,241000
70920222191,2019,16400,127800,144200
60801217139,2019,85200,199500,284700
70919105069,2019,100100,233400,333500
70824414117,2019,11200,86300,97500
71006111026,2019,45700,148900,194600
70923170230,2019,1900,500,2400
70932303070,2019,75600,157900,233500
70920219495,2019,0,0,0
71004303021,2019,59400,149600,209000
70928219207,2019,105300,341400,446700
70918305082,2019,86700,114600,201300
71001314112,2019,64400,241200,305600
71003205020,2019,53100,128800,181900
71007103105,2019,105800,357100,462900
81027108043,2019,36700,108900,145600
71011121177,2019,35900,214500,250400
70922436138,2019,164900,458300,623200
70932305042,2019,55400,129100,184500
71009320096,2019,68800,145700,214500
70918223250,2019,0,0,0
60812317134,2019,96700,227900,324600
70823315176,2019,174800,381000,555800
80924444964,2019,400,1600,2000
60801207205,2019,70000,201400,271400
60812318124,2019,83700,251600,335300
71003408137,2019,53400,176600,230000
80925401020,2019,54900,124300,179200
70922404383,2019,106300,271700,378000
71016206122,2019,68200,151800,220000
70912409179,2019,102200,239600,341800
71009101032,2019,221000,604000,825000
70826309085,2019,0,0,0
71003413144,2019,54100,177200,231300
70929119076,2019,89900,187500,277400
70922346428,2019,0,15000,15000
70936303232,2019,60900,159600,220500
60802307020,2019,19400,135000,154400
71004407279,2019,45300,166900,212200
71011103117,2019,59200,246900,306100
71009315089,2019,68700,144800,213500
71004408144,2019,61700,148000,209700
71005415065,2019,65100,105500,170600
70820121055,2019,100,0,100
81030317102,2019,56000,254000,310000
60813204041,2019,100,0,100
70913330076,2019,232000,938400,1170400
70931302312,2019,106900,176400,283300
70931415206,2019,68600,150500,219100
70918101018,2019,630300,489700,1120000
70926219051,2019,65000,253300,318300
71014120051,2019,47500,105500,153000
70936407232,2019,58200,153600,211800
60802305131,2019,13800,233300,247100
70834403291,2019,125000,400000,525000
81026355306,2019,100,0,100
70928210130,2019,89900,270100,360000
80925405270,2019,61300,163500,224800
71002435074,2019,52400,251100,303500
70813333211,2019,26300,231400,257700
60812330483,2019,0,5000,5000
70826419420,2019,0,4000,4000
80925111190,2019,54700,129200,183900
60801311147,2019,83900,220000,303900
70821204199,2019,150400,359600,510000
71002443019,2019,100,0,100
70912400929,2019,0,0,0
70923211109,2019,446000,817000,1263000
60812313421,2019,22800,182100,204900
70932103561,2019,145400,147400,292800
70919309017,2019,103700,199300,303000
81030317087,2019,56000,254000,310000
80924424958,2019,400,1600,2000
80925115902,2019,800,1200,2000
71009104028,2019,54100,152700,206800
70931401172,2019,91300,143800,235100
71021219095,2019,59300,142900,202200
81028301068,2019,54000,511000,565000
71001323288,2019,64200,221100,285300
71021213138,2019,66300,144500,210800
70932204020,2019,83600,268400,352000
71009227060,2019,124000,0,124000
70913349431,2019,35300,232200,267500
60906106089,2019,67600,148800,216400
71003103034,2019,69200,273600,342800
81026351015,2019,4200,0,4200
81031202104,2019,55300,163100,218400
60906206152,2019,74500,165900,240400
70814309146,2019,162200,280800,443000
71006306156,2019,32000,217600,249600
81034409137,2019,67300,174800,242100
70929118185,2019,89900,221400,311300
70836405534,2019,77700,137600,215300
60801117115,2019,66700,240100,306800
70920107038,2019,116900,155200,272100
70913337056,2019,66100,211900,278000
70913320051,2019,86400,293000,379400
70927107081,2019,31200,282100,313300
70929117046,2019,89900,318600,408500
70923413193,2019,1700,16300,18000
70829104177,2019,39000,280200,319200
81032424096,2019,0,0,0
80925125886,2019,800,1200,2000
70921210038,2019,79800,210700,290500
70834308235,2019,43500,384100,427600
70828119044,2019,106600,210600,317200
60802413421,2019,64200,173700,237900
70820115165,2019,107700,0,107700
71010114256,2019,59000,177600,236600
71007116075,2019,84200,319000,403200
71016402209,2019,62000,161300,223300
70926418017,2019,159800,92400,252200
70919307061,2019,100200,237100,337300
70928305048,2019,106100,153800,259900
71009220204,2019,0,0,0
70929204116,2019,84800,200900,285700
71007228078,2019,33000,179000,212000
71011218049,2019,440000,3900000,4340000
60802302476,2019,98400,269300,367700
60906109166,2019,61800,175700,237500
71007229258,2019,8400,65600,74000
71015112015,2019,47600,157200,204800
80924407938,2019,400,1600,2000
70931401130,2019,103100,183100,286200
71013203147,2019,0,0,0
70913313064,2019,49600,260000,309600
81031211113,2019,40600,120000,160600
81028119479,2019,10100,87200,97300
70922338037,2019,0,0,0
81021407219,2019,60100,168200,228300
80925119079,2019,12200,272600,284800
81034316051,2019,24300,124100,148400
81015103188,2019,78000,181900,259900
60802313069,2019,108700,256500,365200
70814403229,2019,130400,334900,465300
60906109083,2019,64200,147100,211300
70914420181,2019,254000,2041000,2295000
81032411043,2019,59500,119000,178500
71005335148,2019,89900,356100,446000
60811112072,2019,107700,317300,425000
71010301192,2019,0,0,0
70928102543,2019,108000,546400,654400
71007315031,2019,114700,388800,503500
60811106075,2019,105600,295700,401300
60802418215,2019,58800,161500,220300
70919110399,2019,141900,215400,357300
80925112825,2019,800,1200,2000
71010104299,2019,61800,156700,218500
71003121028,2019,27800,120900,148700
80924422746,2019,400,1600,2000
71011401066,2019,111400,373300,484700
70921110121,2019,135800,396300,532100
70923148584,2019,4200,800,5000
71002316191,2019,10600,0,10600
71014202081,2019,59100,144200,203300
70935202188,2019,66200,177800,244000
71011126185,2019,153100,899000,1052100
71006212064,2019,69200,181800,251000
71006301065,2019,55000,0,55000
70913354050,2019,0,15000,15000
71006415022,2019,56500,262900,319400
70829402050,2019,13300,0,13300
71006427134,2019,95000,179200,274200
80935101107,2019,56100,151000,207100
70929123811,2019,0,1000,1000
60801222013,2019,22300,111700,134000
70920217978,2019,400,14600,15000
70930103175,2019,73200,190400,263600
71010215038,2019,0,0,0
70918319124,2019,20500,69100,89600
71007225256,2019,173600,250100,423700
70822106211,2019,48700,180400,229100
70835306337,2019,96500,185900,282400
71004302601,2019,50100,128700,178800
71006308087,2019,66000,155300,221300
71014203162,2019,0,0,0
71007223367,2019,86500,298500,385000
71030214094,2019,0,0,0
60812111099,2019,75000,159400,234400
70913202035,2019,117700,310200,427900
70835123038,2019,6500,76500,83000
70920412130,2019,134200,307600,441800
70929306102,2019,92400,264000,356400
70922342012,2019,224000,538600,762600
80926307160,2019,69200,48100,117300
70923161031,2019,8000,7000,15000
70826412119,2019,10000,81300,91300
70824207059,2019,115900,275500,391400
80924443122,2019,15600,281200,296800
70813331041,2019,0,0,0
60802111091,2019,87900,218500,306400
71010111187,2019,61800,248800,310600
70914437110,2019,1100,5900,7000
70920302042,2019,153200,220900,374100
71021109014,2019,65800,144900,210700
70913125344,2019,133000,125600,258600
70813324228,2019,129900,290100,420000
71011114057,2019,71100,208900,280000
60905203092,2019,325000,520000,845000
70928218126,2019,0,0,0
81019305037,2019,57200,158300,215500
60811103089,2019,97600,262300,359900
60801124029,2019,30100,109100,139200
70835307129,2019,78800,204800,283600
70924219821,2019,0,25000,25000
80924409885,2019,400,1600,2000
70923143691,2019,44900,225400,270300
70912403121,2019,120200,243700,363900
71014214367,2019,8100,142800,150900
81034402040,2019,83200,211900,295100
70931208362,2019,125300,136900,262200
70923156503,2019,5000,10000,15000
71002303073,2019,33000,204000,237000
80924428992,2019,400,1600,2000
70814430305,2019,19700,201900,221600
71009212061,2019,51900,144500,196400
70835108238,2019,180000,333600,513600
60905107137,2019,54000,109100,163100
71021214144,2019,64100,143700,207800
81032403181,2019,40400,125400,165800
71007227046,2019,81000,29900,110900
70921411082,2019,142900,405000,547900
70833306032,2019,169500,505500,675000
70913103275,2019,86700,155400,242100
70823304418,2019,74000,197000,271000
70823210219,2019,76900,299700,376600
81032420200,2019,40400,120600,161000
71006311080,2019,79400,174800,254200
71005201026,2019,51400,116200,167600
71011205202,2019,0,0,0
81034207143,2019,73000,357000,430000
71005318194,2019,87500,225500,313000
71023402044,2019,254500,0,254500
60903223026,2019,46100,88700,134800
71004302544,2019,54700,148700,203400
70928204133,2019,97800,297200,395000
70926215124,2019,114300,292700,407000
70931208445,2019,253000,487000,740000
70824102043,2019,101100,310800,411900
70816306265,2019,197600,652400,850000
70913303023,2019,367000,526000,893000
70912409020,2019,89200,159900,249100
70920420232,2019,116100,196700,312800
70923146273,2019,8000,7000,15000
70814430082,2019,19700,203100,222800
70924218063,2019,51300,644700,696000
70824313012,2019,40200,149800,190000
71027104068,2019,0,0,0
80925113774,2019,800,1200,2000
70929108152,2019,101800,263900,365700
70913222231,2019,10500,343600,354100
70921115080,2019,127100,346900,474000
70932204137,2019,83000,188000,271000
71016108047,2019,61700,106900,168600
70919307152,2019,113300,185400,298700
70923161370,2019,8000,7000,15000
70919212111,2019,91500,145200,236700
70912406050,2019,106700,266600,373300
81023308142,2019,35600,134900,170500
70932112075,2019,92100,217900,310000
70921101047,2019,1298000,6483000,7781000
70912423012,2019,9000,91300,100300
71035207440,2019,43900,182100,226000
71016113012,2019,54900,126100,181000
80925213186,2019,55000,130600,185600
70923141736,2019,200,2100,2300
70922340066,2019,201700,508800,710500
71002308114,2019,56000,257500,313500
70921122043,2019,123500,366200,489700
70913108316,2019,55600,328400,384000
70923161180,2019,8000,7000,15000
70923148336,2019,4200,800,5000
70923140481,2019,1500,13500,15000
71009214306,2019,50700,177200,227900
80935109143,2019,70300,194300,264600
81035106013,2019,72500,0,72500
71006209045,2019,69200,191700,260900
71011120088,2019,47200,291300,338500
80924105144,2019,81500,305700,387200
71011103109,2019,59300,245000,304300
80924417804,2019,400,1600,2000
70922404094,2019,127800,269700,397500
81026358095,2019,100,0,100
70826406245,2019,68300,170900,239200
71010310325,2019,60000,139000,199000
60801234183,2019,15000,141200,156200
70835302202,2019,98600,204200,302800
70920216889,2019,9600,297800,307400
81034105058,2019,71800,173400,245200
70929110090,2019,89900,298000,387900
71027406042,2019,51000,193900,244900
70813325052,2019,17900,156000,173900
70913128968,2019,800,11200,12000
60804107072,2019,73000,326000,399000
70829108327,2019,93100,344900,438000
80935106157,2019,57400,194000,251400
70932417095,2019,54100,131500,185600
71005316049,2019,67400,242400,309800
70919206205,2019,101400,171900,273300
70921301134,2019,95000,316700,411700
70932109064,2019,260500,181300,441800
60812317085,2019,73100,245900,319000
71006308136,2019,50100,138200,188300
60812210015,2019,0,0,0
60802402218,2019,67300,180000,247300
60802403042,2019,69300,142700,212000
80924429875,2019,400,1600,2000
71030207015,2019,83900,214800,298700
70836117147,2019,68700,207300,276000
80924434692,2019,400,1600,2000
70932302121,2019,0,0,0
71007114178,2019,98100,342800,440900
71014303087,2019,59600,250600,310200
70913114214,2019,103000,306700,409700
70823406438,2019,58000,199300,257300
60811109045,2019,102500,263300,365800
70927105019,2019,0,0,0
70913414010,2019,178000,398700,576700
60802404115,2019,68600,145800,214400
71015201206,2019,77800,214000,291800
60801115185,2019,61800,165400,227200
71015114087,2019,45200,215700,260900
70816314078,2019,147700,357800,505500
71006439080,2019,10500,211700,222200
60812323090,2019,28500,175300,203800
70836114028,2019,90500,207500,298000
70930104157,2019,73900,182600,256500
60802102157,2019,72100,229000,301100
60906108035,2019,67800,137500,205300
70922225052,2019,254700,432200,686900
71003104074,2019,57300,209800,267100
70835111025,2019,107600,263200,370800
81028118471,2019,10800,90800,101600
70828103047,2019,109000,224800,333800
71003108141,2019,57300,197400,254700
70822206079,2019,0,0,0
71006213145,2019,43600,166700,210300
71012215177,2019,17700,250700,268400
70833302098,2019,216500,795100,1011600
70821108218,2019,119400,283000,402400
60812204018,2019,115800,297200,413000
70821216029,2019,0,0,0
70935111082,2019,70700,134800,205500
70921414200,2019,150000,298000,448000
71011302016,2019,59000,165300,224300
81030317235,2019,56000,168000,224000
80936116056,2019,14900,103600,118500
70926102256,2019,79500,256400,335900
71027100818,2019,0,0,0
70828312127,2019,75000,353900,428900
70932103074,2019,131900,202500,334400
71011212091,2019,50700,216100,266800
80925405080,2019,61300,171000,232300
71005210027,2019,0,0,0
71009304040,2019,67100,112900,180000
70929406035,2019,99100,214300,313400
70924202074,2019,436000,715300,1151300
60804102147,2019,0,0,0
81026419102,2019,100,0,100
80924417739,2019,400,1600,2000
70921314038,2019,104600,229900,334500
71035206210,2019,67700,238200,305900
80924440889,2019,400,1600,2000
70816301067,2019,166700,590400,757100
70919306097,2019,117000,178600,295600
70923147271,2019,8000,7000,15000
60906114032,2019,57900,190100,248000
70835207072,2019,88300,256500,344800
81026207185,2019,4200,0,4200
81031406186,2019,35900,123900,159800
70923143964,2019,44900,592600,637500
80926112030,2019,51800,176500,228300
70826410444,2019,67900,178600,246500
60802200977,2019,0,0,0
71035207573,2019,43900,221800,265700
70926407036,2019,80600,200800,281400
60811111149,2019,103300,275200,378500
60811104110,2019,105200,275900,381100
71002316125,2019,59500,275400,334900
70835101216,2019,94000,281000,375000
71011125202,2019,56700,241600,298300
71010305061,2019,53600,134500,188100
80926105192,2019,53200,143300,196500
81030210140,2019,52800,155200,208000
71009223050,2019,45900,171400,217300
60802313093,2019,97200,292500,389700
70829105068,2019,47400,272600,320000
70923318062,2019,73900,145300,219200
80924409075,2019,8000,147400,155400
70914420149,2019,319000,1194000,1513000
71014307261,2019,55900,184500,240400
60906204057,2019,96000,194000,290000
70914425074,2019,957000,2957000,3914000
81019307033,2019,62900,149500,212400
70826410204,2019,69200,183200,252400
70936309115,2019,60200,150700,210900
71010203067,2019,54700,190300,245000
80926401037,2019,55900,104500,160400
70834402029,2019,0,0,0
70835107058,2019,111500,255800,367300
71001316126,2019,64400,210000,274400
70813110023,2019,140700,218200,358900
70923230026,2019,1709000,3606000,5315000
70820105075,2019,100,0,100
60906208273,2019,60300,162800,223100
71034104340,2019,82500,171700,254200
70815403301,2019,682000,1565000,2247000
70923147213,2019,8000,7000,15000
70926206058,2019,60800,63500,124300
71019409145,2019,48900,203700,252600
70923173630,2019,3300,5900,9200
70913433284,2019,12600,321900,334500
60904101239,2019,82000,207700,289700
70929306061,2019,92400,322600,415000
71001416041,2019,61700,268500,330200
71005307311,2019,60600,225100,285700
71011211134,2019,54300,214600,268900
60801223011,2019,16900,160400,177300
80925117883,2019,800,1200,2000
70918410021,2019,151200,135700,286900
70821114398,2019,17300,269700,287000
60812209034,2019,134000,391000,525000
80924448073,2019,122100,0,122100
71016105069,2019,63300,85700,149000
80925113823,2019,800,1200,2000
80926115042,2019,33500,171500,205000
71007204193,2019,66900,228400,295300
71021222139,2019,64000,150400,214400
70923411709,2019,25300,126500,151800
70923405059,2019,242000,338000,580000
81023309132,2019,35600,113600,149200
60802413380,2019,58600,158100,216700
70918321616,2019,0,2000,2000
70923127017,2019,121100,336400,457500
70828115050,2019,90100,176300,266400
80926107015,2019,53600,162200,215800
71012213072,2019,0,0,0
71010219220,2019,10600,87000,97600
70928104044,2019,141100,370200,511300
81032428121,2019,32100,86000,118100
81023209390,2019,0,1200,1200
70815103050,2019,891000,1587000,2478000
70918223010,2019,396000,859000,1255000
70824309235,2019,14100,132500,146600
70923134145,2019,82000,285000,367000
80925119029,2019,12200,269000,281200
70928301096,2019,88200,301800,390000
60811301021,2019,83100,222900,306000
81030203103,2019,55400,124700,180100
71003311223,2019,47600,137700,185300
80926114276,2019,18300,125000,143300
71011421014,2019,50700,215800,266500
70836202013,2019,66400,195400,261800
80925406129,2019,84100,165100,249200
80935103145,2019,69600,147100,216700
71021224101,2019,65500,212400,277900
81014303408,2019,11300,0,11300
70821401068,2019,113300,392300,505600
70821110130,2019,115000,249800,364800
80926404114,2019,64000,221000,285000
70824413010,2019,159100,212900,372000
70918412184,2019,0,0,0
81032427115,2019,27900,113700,141600
71010403188,2019,57300,188700,246000
71010104083,2019,51600,219600,271200
71003307024,2019,60800,163500,224300
70834403267,2019,98600,346500,445100
81023308233,2019,35600,145800,181400
71009221020,2019,38000,149200,187200
70823208032,2019,84200,181100,265300
70923158202,2019,45200,214800,260000
71016402150,2019,61900,163500,225400
60801419165,2019,16600,185900,202500
60803106059,2019,103200,240800,344000
71034104390,2019,68500,210800,279300
70826421110,2019,0,0,0
80925116950,2019,800,1200,2000
70934309042,2019,15700,99100,114800
70835123228,2019,6500,71300,77800
81021201025,2019,17100,0,17100
70826100897,2019,2739000,3566000,6305000
70826410387,2019,68800,155600,224400
70929207029,2019,78000,290000,368000
70923154680,2019,0,7500,7500
71004301330,2019,58500,157100,215600
71006210117,2019,55600,231500,287100
70930413053,2019,75600,336200,411800
80925105218,2019,53100,126000,179100
70813318130,2019,62500,285500,348000
81034324111,2019,30000,94000,124000
80926111032,2019,56300,116700,173000
80925110126,2019,53500,125500,179000
80925212120,2019,57900,164500,222400
70921127126,2019,13200,184000,197200
80925218087,2019,49900,165800,215700
71021107117,2019,63300,140000,203300
71006110127,2019,69200,142000,211200
70833205812,2019,26400,334500,360900
70919224108,2019,104600,370900,475500
60811301071,2019,84700,273800,358500
70922314011,2019,159000,336800,495800
60802434013,2019,35000,131800,166800
70836216329,2019,5500,95400,100900
71014213088,2019,55100,166200,221300
70922422088,2019,83200,508000,591200
70921218016,2019,0,0,0
80926308093,2019,63100,191900,255000
70929111337,2019,99700,292300,392000
70913343136,2019,11000,210000,221000
60812329147,2019,13400,163200,176600
70836108162,2019,69900,191700,261600
71030204102,2019,17000,0,17000
60804105224,2019,105900,330700,436600
70914416106,2019,196000,1045000,1241000
70923170959,2019,2500,900,3400
80925204044,2019,56900,126200,183100
81028121599,2019,8700,68800,77500
60801418026,2019,27200,184000,211200
80936110058,2019,14900,108800,123700
81033204158,2019,43100,136200,179300
60903211013,2019,17400,99700,117100
70835108113,2019,258100,415200,673300
70923123049,2019,97500,318700,416200
70928216112,2019,95300,158400,253700
71014306114,2019,55900,177200,233100
70936408157,2019,60800,159600,220400
60812111461,2019,87400,243400,330800
81031230030,2019,30100,81400,111500
71006312236,2019,63200,311200,374400
60801211024,2019,69800,180200,250000
70929108144,2019,115900,190900,306800
70923164431,2019,44900,369800,414700
71015119128,2019,40300,183000,223300
80924417771,2019,400,1600,2000
81027114040,2019,1458500,1313500,2772000
70921315177,2019,99600,140600,240200
70823303189,2019,83500,232300,315800
60811116339,2019,18800,215500,234300
71003205111,2019,57300,186100,243400
70929104225,2019,97200,303700,400900
71007218178,2019,150200,371800,522000
71004405299,2019,47000,158700,205700
70834427663,2019,0,5000,5000
70829108335,2019,96500,319200,415700
70923174901,2019,3300,11700,15000
70914438027,2019,1100,5900,7000
70929202152,2019,114500,335100,449600
70913309287,2019,98800,78000,176800
70814419010,2019,15200,186200,201400
71003204098,2019,56100,162600,218700
70912404103,2019,100400,302700,403100
70922422046,2019,94200,308800,403000
71021102026,2019,146500,172900,319400
70932420022,2019,87000,168000,255000
60812216047,2019,37500,148600,186100
80924401162,2019,20700,192500,213200
70919218119,2019,121200,114000,235200
71003314186,2019,48400,184900,233300
70928315097,2019,99900,263800,363700
80924436979,2019,400,1600,2000
71004409134,2019,218100,234200,452300
60812302507,2019,72300,197200,269500
70828422158,2019,0,0,0
80924104120,2019,74800,202600,277400
71001405078,2019,59300,189200,248500
71008102049,2019,38000,140000,178000
70914402080,2019,0,0,0
70827308044,2019,0,0,0
81031217070,2019,56100,114100,170200
70935200950,2019,0,0,0
70815306050,2019,203600,375500,579100
60812104127,2019,76000,192300,268300
71027100909,2019,0,0,0
70913342013,2019,62000,365500,427500
60802115118,2019,20500,123300,143800
70930105189,2019,73200,248400,321600
71003205195,2019,56100,164300,220400
70923167914,2019,3400,13800,17200
60801108106,2019,66100,157800,223900
70814423095,2019,94300,256900,351200
70913406041,2019,86500,131800,218300
80924444055,2019,13400,259400,272800
70815103018,2019,946000,8214000,9160000
71010206219,2019,64000,181600,245600
70825209583,2019,5000,13000,18000
70813307042,2019,107700,280000,387700
70813330142,2019,55500,289500,345000
70912409278,2019,100500,226500,327000
70922337112,2019,183200,585200,768400
70823314293,2019,153100,350600,503700
71003209048,2019,52000,117200,169200
70825200979,2019,627000,1103000,1730000
70920112152,2019,119100,175400,294500
81028302032,2019,54000,596000,650000
70923170751,2019,3000,800,3800
70824211026,2019,121500,215200,336700
70823210516,2019,140200,216600,356800
70913406322,2019,81100,173500,254600
70918303119,2019,79500,140600,220100
70918319281,2019,20500,102400,122900
70928206163,2019,90000,0,90000
70931303021,2019,110700,142100,252800
70826412573,2019,10000,76700,86700
70824109180,2019,123100,301600,424700
81030317342,2019,56000,125700,181700
70922442028,2019,24200,245800,270000
71007208111,2019,60300,134700,195000
70929215262,2019,85900,224600,310500
70833211041,2019,114900,348000,462900
71010402015,2019,72000,190500,262500
70927101033,2019,66200,242200,308400
71009226020,2019,62000,0,62000
71009110083,2019,88000,53000,141000
71007301072,2019,458000,197000,655000
80925409066,2019,48900,145100,194000
71001104050,2019,68000,205900,273900
70922439413,2019,63900,246400,310300
71009211104,2019,51500,175400,226900
60906206368,2019,65200,132100,197300
81030205472,2019,52800,104300,157100
70923315084,2019,86600,291400,378000
60811421093,2019,16000,191400,207400
70828423099,2019,0,0,0
71035112037,2019,69700,307300,377000
71015409058,2019,319500,411300,730800
71002307075,2019,57100,220900,278000
70920112011,2019,102000,226500,328500
70928210031,2019,89900,168700,258600
70901113476,2019,20400,107800,128200
70932415180,2019,53000,130900,183900
80924444766,2019,400,1600,2000
70936314023,2019,41800,102700,144500
81028102044,2019,60300,149900,210200
70921223081,2019,130200,311800,442000
80925216221,2019,57900,117900,175800
71005232162,2019,46300,118600,164900
71003212166,2019,77000,288000,365000
70932306024,2019,72700,119800,192500
71034106099,2019,67300,171000,238300
60904101213,2019,83500,237900,321400
71026201104,2019,0,0,0
81034403139,2019,62600,170300,232900
71006304192,2019,83700,126600,210300
70836118062,2019,78600,142700,221300
60802418108,2019,0,0,0
70836104136,2019,65400,162800,228200
71009214489,2019,48300,125500,173800
70823102292,2019,0,0,0
70828301120,2019,100,0,100
71021215100,2019,62400,138900,201300
71009406169,2019,63200,168900,232100
71011221167,2019,12000,197000,209000
70836213482,2019,11600,130700,142300
70920411108,2019,125100,152700,277800
70923203073,2019,308000,1679000,1987000
70923116119,2019,160600,325600,486200
71002310028,2019,51300,300700,352000
60812101024,2019,83700,146300,230000
70923170462,2019,2900,1000,3900
70932422044,2019,48000,104700,152700
70929123382,2019,13500,208400,221900
60812115108,2019,74600,167100,241700
70814430222,2019,19700,217400,237100
71035125080,2019,11800,268200,280000
70923162229,2019,8000,7000,15000
71022303029,2019,34000,88500,122500
71021203022,2019,62500,148800,211300
70922207042,2019,83000,762000,845000
70914419449,2019,0,0,0
60901203244,2019,59200,157100,216300
71011122232,2019,41100,228900,270000
71007229018,2019,45000,558500,603500
70925301198,2019,3174400,4842000,8016400
71005406171,2019,47900,135800,183700
70922325018,2019,178100,545200,723300
71010203124,2019,53800,198000,251800
81032411176,2019,43700,120700,164400
81028103224,2019,58600,183500,242100
71006436044,2019,63800,151700,215500
81031419163,2019,37000,193000,230000
70932300919,2019,187000,403000,590000
70929403247,2019,100800,340100,440900
70914429034,2019,46300,210700,257000
70829102163,2019,66900,318700,385600
81022306030,2019,91000,324400,415400
71004313046,2019,58500,153200,211700
70928109094,2019,108400,298200,406600
70822414549,2019,17500,133700,151200
81021108031,2019,60900,212200,273100
60811401011,2019,84700,209600,294300
70918415766,2019,10500,109400,119900
70833304169,2019,122700,443700,566400
81034413253,2019,66600,177600,244200
71015214077,2019,23000,274700,297700
81034403030,2019,58100,161400,219500
81019306043,2019,58600,171900,230500
70921221027,2019,128000,292600,420600
70932419091,2019,103000,197000,300000
70834428041,2019,20300,159800,180100
60812106181,2019,78800,154800,233600
80925104418,2019,57000,151000,208000
81031422025,2019,50000,0,50000
71003312205,2019,49100,156100,205200
80926203219,2019,70000,0,70000
70828119094,2019,83600,275400,359000
70932304127,2019,100300,98100,198400
70914430031,2019,17800,269200,287000
70836407150,2019,55100,140900,196000
70928210049,2019,89900,230900,320800
70926116190,2019,83100,278000,361100
70834428091,2019,20300,175200,195500
70919223134,2019,103200,233600,336800
80924406063,2019,8300,131200,139500
71015115100,2019,48800,155700,204500
70932202016,2019,0,0,0
71001102153,2019,0,0,0
70918211320,2019,76700,435500,512200
80936403081,2019,52000,238000,290000
71011119271,2019,52400,247100,299500
60801203203,2019,66100,197900,264000
60811418040,2019,78000,192300,270300
60801308152,2019,71800,162100,233900
71021111168,2019,62500,144100,206600
81015105241,2019,58600,171500,230100
70921318204,2019,179500,268200,447700
70922233097,2019,119400,224000,343400
70835320113,2019,95400,309700,405100
71006410105,2019,68000,240200,308200
70824401156,2019,164300,130100,294400
60811439244,2019,20000,185200,205200
60811301047,2019,88400,190900,279300
71005230075,2019,54100,72800,126900
71019404012,2019,86000,158400,244400
81009303124,2019,894900,26900,921800
81033205320,2019,43100,127400,170500
80924105160,2019,75100,292500,367600
71002107631,2019,9500,117900,127400
70923170032,2019,3600,1000,4600
70814419060,2019,15200,161700,176900
70834404041,2019,99700,193500,293200
71007242250,2019,14600,300700,315300
81031408174,2019,39600,108100,147700
60903212144,2019,14100,73500,87600
60801220257,2019,180000,940000,1120000
81034316176,2019,24300,122500,146800
60811112030,2019,102800,215600,318400
70935307029,2019,4900,51800,56700
70918223309,2019,115200,197100,312300
71005302064,2019,65100,211300,276400
70918321541,2019,0,2000,2000
70836210157,2019,11400,115700,127100
71005412102,2019,57400,130800,188200
60904111296,2019,89900,266100,356000
70829418198,2019,14300,0,14300
70929213068,2019,71000,202000,273000
70827107074,2019,42000,338800,380800
71006104120,2019,35300,174300,209600
80925402177,2019,59400,131200,190600
71006211131,2019,69200,242400,311600
70914436427,2019,150200,806200,956400
70816408342,2019,182600,360900,543500
80935102189,2019,51800,144900,196700
80924440756,2019,400,1600,2000
80936201237,2019,65500,94700,160200
71003308189,2019,55400,201200,256600
70929220237,2019,90700,208600,299300
70930413235,2019,78000,262000,340000
70929426158,2019,109200,305300,414500
71003213247,2019,56100,169000,225100
71022302758,2019,1045000,0,1045000
80935105175,2019,75400,225300,300700
80924421855,2019,400,1600,2000
71005310174,2019,63800,228900,292700
70928217102,2019,95300,175700,271000
70814305061,2019,97200,256000,353200
70828428057,2019,0,0,0
81026353011,2019,59700,300200,359900
71006430020,2019,104100,340900,445000
80925301014,2019,49900,182800,232700
81031228043,2019,56100,154000,210100
70825209608,2019,8000,20000,28000
70914437748,2019,2200,17300,19500
70816314185,2019,125700,261300,387000
70913323360,2019,120500,212500,333000
70824109065,2019,101500,332000,433500
70922321248,2019,135100,484900,620000
70815310077,2019,18900,212900,231800
80924309134,2019,71200,293800,365000
70836302128,2019,64500,176900,241400
71012201051,2019,66200,195000,261200
70919213052,2019,95500,78200,173700
70920414243,2019,141100,184300,325400
71006110284,2019,69200,136100,205300
80924416880,2019,400,1600,2000
70826412672,2019,10000,76700,86700
70822414573,2019,17400,133800,151200
71014201380,2019,57100,189900,247000
60906107144,2019,63300,164200,227500
71006122031,2019,35300,158200,193500
81034101064,2019,67300,163800,231100
71006111076,2019,69200,103700,172900
70922408228,2019,131900,379200,511100
81031405138,2019,36700,159300,196000
70934313043,2019,0,0,0
71005329125,2019,102800,224900,327700
71015102032,2019,66100,124700,190800
81028119370,2019,0,0,0
71021107068,2019,64000,145600,209600
81030205232,2019,48000,140000,188000
71014215084,2019,7800,132200,140000
70921216086,2019,63200,198900,262100
70929221160,2019,75800,249300,325100
70824109073,2019,99100,273700,372800
70919218010,2019,111700,226200,337900
70935307318,2019,4900,55100,60000
81019305186,2019,57900,167700,225600
80924434717,2019,400,1600,2000
70931102077,2019,102800,622100,724900
71010106245,2019,56100,195900,252000
70923116292,2019,140400,402600,543000
71004302015,2019,43800,145600,189400
70931302015,2019,109900,134900,244800
71010111038,2019,48500,164300,212800
70918408034,2019,154300,255300,409600
70826421425,2019,0,4000,4000
70824310315,2019,13000,130600,143600
70918201082,2019,182000,0,182000
70919222095,2019,100500,193700,294200
71010306184,2019,51600,178000,229600
80925106084,2019,54000,115300,169300
70932412186,2019,77000,107100,184100
70913106302,2019,90500,109500,200000
60811436018,2019,96700,189000,285700
80925114061,2019,12100,185900,198000
71016418032,2019,272500,255000,527500
70936309248,2019,59500,143200,202700
70833402179,2019,0,0,0
80925112924,2019,800,1200,2000
70823307090,2019,0,0,0
71027413055,2019,0,0,0
70926115019,2019,77800,206000,283800
71016207097,2019,68000,267000,335000
71007303250,2019,108700,309800,418500
70921223023,2019,130200,469300,599500
81026417015,2019,100,0,100
70922330033,2019,178100,611700,789800
60811422091,2019,80300,203100,283400
70932408028,2019,77000,158700,235700
81031403158,2019,35900,132300,168200
70931303055,2019,104600,118300,222900
71015202030,2019,49600,199700,249300
70826408275,2019,68900,168200,237100
81023207071,2019,33600,155800,189400
71015105193,2019,61100,145100,206200
71035207226,2019,43900,182100,226000
70836419212,2019,65600,141000,206600
70813320052,2019,14600,100900,115500
81032421084,2019,56000,130800,186800
60802314033,2019,96700,287600,384300
81023207245,2019,33600,128200,161800
70834207122,2019,83700,227900,311600
60812119051,2019,20700,174200,194900
70932107141,2019,203500,374100,577600
70833304119,2019,132400,374500,506900
71014307013,2019,55100,224300,279400
71010404095,2019,59700,158700,218400
70835122600,2019,6500,71300,77800
71016402184,2019,61900,168500,230400
71015110093,2019,49700,174500,224200
70929418139,2019,91200,205900,297100
71021214178,2019,57800,141500,199300
70820119092,2019,100,0,100
71009228026,2019,194000,1130000,1324000
70913346627,2019,156500,760800,917300
70923163102,2019,44900,174300,219200
81028120137,2019,0,4000,4000
70913310185,2019,0,0,0
70919410202,2019,111800,286000,397800
70823108307,2019,89000,246200,335200
71015103163,2019,56600,168900,225500
71007226478,2019,14000,1000,15000
71010404110,2019,59700,214200,273900
81031206122,2019,54000,165100,219100
70919408025,2019,123700,182400,306100
71004308089,2019,57200,138800,196000
81032410029,2019,65700,131300,197000
70923152197,2019,28000,263600,291600
71006207099,2019,61000,135600,196600
70813106014,2019,0,0,0
70913331123,2019,119400,184700,304100
70920219627,2019,0,0,0
70923215218,2019,0,0,0
80924423843,2019,400,1600,2000
81035112010,2019,100,0,100
70828205083,2019,1800,0,1800
80925107248,2019,49400,130300,179700
80936413056,2019,75700,170100,245800
70836203011,2019,71700,193200,264900
80925113063,2019,10900,228700,239600
81009400988,2019,9200,0,9200
70923148881,2019,4200,800,5000
60802309183,2019,102600,234200,336800
70926103270,2019,80500,258400,338900
70823303030,2019,80800,147300,228100
81034408197,2019,74600,172800,247400
60802413687,2019,71000,143000,214000
71006118163,2019,27400,241800,269200
71035206046,2019,66900,178100,245000
80924435997,2019,400,1600,2000
71005109064,2019,48500,145200,193700
60812302523,2019,77800,180000,257800
81031203186,2019,38600,136900,175500
70922431063,2019,69400,233900,303300
70923171379,2019,1100,1200,2300
70923153468,2019,1300,23700,25000
70835319124,2019,49400,0,49400
70835113013,2019,120000,351600,471600
70913113258,2019,0,0,0
71007203012,2019,61300,242200,303500
70921121110,2019,122200,410800,533000
81033305021,2019,49400,109600,159000
60803107031,2019,103200,193300,296500
70823413087,2019,25400,166800,192200
70824301215,2019,103100,258500,361600
71015103064,2019,67900,140000,207900
70833123197,2019,104300,344800,449100
71030210224,2019,87100,216200,303300
71006302120,2019,50800,125100,175900
70931306182,2019,99000,186000,285000
81030311104,2019,63100,131400,194500
81032311037,2019,54000,361000,415000
81032424187,2019,35800,80300,116100
80925125993,2019,800,1200,2000
70920304014,2019,94800,245800,340600
70931410123,2019,98800,220600,319400
70920415027,2019,127300,133100,260400
70913119032,2019,85900,207800,293700
70836201164,2019,78500,197000,275500
71006308269,2019,50100,146400,196500
71014302138,2019,55900,183800,239700
70822102227,2019,146400,313500,459900
70935206081,2019,43100,109900,153000
80924101176,2019,80400,266100,346500
70825201159,2019,869000,801000,1670000
80926309140,2019,72900,220700,293600
71006112230,2019,67900,200700,268600
71022302899,2019,92000,220000,312000
60802303036,2019,131100,182500,313600
70932401189,2019,163700,402700,566400
81023305130,2019,35600,119300,154900
60802312235,2019,108400,210900,319300
80924440037,2019,13300,242000,255300
70901109219,2019,78300,143000,221300
80924440839,2019,400,1600,2000
70926401096,2019,80400,161700,242100
70923142320,2019,44900,334600,379500
71016116024,2019,60100,149600,209700
71019409153,2019,52300,183700,236000
70823404458,2019,33400,188800,222200
60811437082,2019,111600,195300,306900
60801211032,2019,66400,155100,221500
70923145085,2019,8000,7000,15000
71005228294,2019,42500,182600,225100
81021407227,2019,63100,169800,232900
60812121030,2019,77700,211200,288900
71005309143,2019,62900,218800,281700
71016412092,2019,61600,140000,201600
81034110156,2019,62000,167700,229700
71010107087,2019,57500,157200,214700
71019410043,2019,0,0,0
71015204268,2019,70600,193300,263900
70834404075,2019,0,0,0
70834425039,2019,70100,239700,309800
60904107047,2019,90700,247300,338000
70921223073,2019,130200,362000,492200
70923163871,2019,44900,300000,344900
70833113205,2019,97200,262500,359700
81031214216,2019,38500,151100,189600
60812206014,2019,120000,525000,645000
60906206045,2019,72000,123400,195400
70925204037,2019,80100,263900,344000
70835115027,2019,14200,124900,139100
70833307048,2019,0,0,0
70914439249,2019,1000,8400,9400
70914437152,2019,1100,5900,7000
71005222064,2019,72000,196000,268000
81022102032,2019,851500,5934500,6786000
70826211131,2019,18300,69700,88000
80925116017,2019,13500,198100,211600
60812111031,2019,75000,182600,257600
80926107130,2019,54700,133100,187800
71005218039,2019,65100,94800,159900
70823104165,2019,89400,215800,305200
71016111024,2019,49500,158300,207800
71013203113,2019,21200,27100,48300
71002442110,2019,100,0,100
60801316337,2019,24000,139800,163800
60812104078,2019,76000,153800,229800
70834307097,2019,143700,343600,487300
70913403039,2019,92400,158600,251000
70929110058,2019,89900,333600,423500
70920216821,2019,10300,360700,371000
70824101061,2019,103100,270500,373600
70923405033,2019,0,0,0
70922425016,2019,80100,417600,497700
70927301013,2019,0,0,0
70913109215,2019,60900,201600,262500
70918402101,2019,124400,184900,309300
70921219337,2019,215100,317100,532200
70919221154,2019,94000,217700,311700
70814407081,2019,85900,215100,301000
70816408277,2019,168300,463200,631500
70929114224,2019,82700,154900,237600
81030206173,2019,54700,120500,175200
70833402070,2019,160100,373900,534000
70914439413,2019,1000,8400,9400
70816304011,2019,182700,417300,600000
70923140895,2019,1500,13500,15000
60801415139,2019,87600,235700,323300
70921311125,2019,85500,299800,385300
70813304204,2019,81000,168000,249000
70928315154,2019,102700,312300,415000
70920420406,2019,116100,183700,299800
70914406206,2019,248000,77000,325000
80925109202,2019,50900,144900,195800
70826315131,2019,35900,225200,261100
71016204142,2019,59000,108800,167800
60802425038,2019,18900,131300,150200
60801202130,2019,97100,156700,253800
60812113045,2019,76300,170500,246800
81032318025,2019,13800,129200,143000
80935106066,2019,56100,188600,244700
81009304015,2019,217000,0,217000
70919221203,2019,101300,134900,236200
80926114268,2019,18300,110700,129000
60811439020,2019,20000,184900,204900
60801113155,2019,59500,152500,212000
71016410179,2019,61500,131500,193000
70813318106,2019,62500,256500,319000
71007305230,2019,85000,354600,439600
60801119195,2019,67500,186600,254100
71016103055,2019,63500,121500,185000
70836407316,2019,61000,159100,220100
70929105124,2019,98500,181400,279900
70920301010,2019,120100,337100,457200
70913318147,2019,109100,317000,426100
81030205026,2019,48200,122900,171100
60812330350,2019,0,5000,5000
80925210124,2019,55600,148200,203800
71005402179,2019,39300,155300,194600
70913434810,2019,0,2200,2200
80924442918,2019,400,1600,2000
70918321632,2019,0,2000,2000
71020307114,2019,10200,106800,117000
70922412055,2019,89100,293900,383000
71003314194,2019,48400,132100,180500
70835320080,2019,93400,316200,409600
71034105215,2019,69300,194900,264200
70933411046,2019,2112000,13218000,15330000
70928213168,2019,106800,271200,378000
60811418090,2019,75600,206100,281700
70918302244,2019,74800,160600,235400
60802411045,2019,65200,156300,221500
81034202383,2019,0,0,0
80924425732,2019,400,1600,2000
71007104088,2019,101100,257700,358800
71028100990,2019,0,0,0
70814413012,2019,0,0,0
70922402014,2019,187000,225000,412000
80924409984,2019,400,1600,2000
70921410076,2019,142900,406800,549700
81019302041,2019,58000,190300,248300
70920103028,2019,108800,147700,256500
70928216039,2019,106800,247000,353800
70920410499,2019,124600,173300,297900
70814424225,2019,90200,331500,421700
70834428059,2019,20300,156700,177000
81021302310,2019,49400,164300,213700
70924219665,2019,0,25000,25000
71004302255,2019,83800,184300,268100
71016414064,2019,63400,153400,216800
70921407164,2019,142900,444000,586900
70920410168,2019,123900,271500,395400
71034104548,2019,70100,184300,254400
70923140192,2019,1500,21500,23000
71009217227,2019,50300,152000,202300
81027206029,2019,815000,965000,1780000
70919222045,2019,101300,227600,328900
70922114015,2019,0,0,0
70922230118,2019,295200,609300,904500
60812404113,2019,86100,175900,262000
71006405164,2019,54100,188100,242200
70923138428,2019,34200,310800,345000
60812327034,2019,6000,71900,77900
71006410014,2019,68000,327800,395800
70923103033,2019,404000,1757000,2161000
71010310044,2019,53600,130000,183600
70826211420,2019,10000,56000,66000
70923166320,2019,0,0,0
71003205038,2019,53100,147200,200300
70901113830,2019,18400,98600,117000
70926216122,2019,111000,289000,400000
70824205029,2019,143900,162300,306200
70923163623,2019,44900,226300,271200
70835107115,2019,109100,349000,458100
70919401095,2019,106100,199200,305300
70821210097,2019,136000,365100,501100
60904111246,2019,87100,303300,390400
81026353110,2019,59900,242900,302800
70922113033,2019,90000,1550000,1640000
71011402072,2019,92800,277500,370300
60812308076,2019,123300,264400,387700
71005413093,2019,47900,102700,150600
70922237081,2019,196200,466800,663000
70932410031,2019,77000,193800,270800
70926103105,2019,77500,154500,232000
81028119932,2019,10100,82900,93000
80924434676,2019,400,1600,2000
71006407194,2019,68000,324500,392500
71019403014,2019,304500,297500,602000
70923224087,2019,86000,164200,250200
80926403041,2019,70800,118700,189500
81023305031,2019,35600,100100,135700
70901109053,2019,46200,148700,194900
70829406060,2019,11600,0,11600
71027403212,2019,51000,232900,283900
70932416120,2019,53600,108400,162000
71007244024,2019,43800,337200,381000
81034205220,2019,66300,177900,244200
80924401097,2019,20700,156600,177300
70913120013,2019,0,0,0
71021213021,2019,62700,175300,238000
70920217522,2019,300,14700,15000
70923143849,2019,44900,380100,425000
70824103132,2019,114800,348700,463500
70824405108,2019,102700,206600,309300
80926304223,2019,66300,172700,239000
60801113212,2019,59500,156600,216100
70922440105,2019,88800,284200,373000
71010302140,2019,54600,157000,211600
80925308119,2019,73700,109600,183300
71006204326,2019,58200,117600,175800
70929108061,2019,100400,220000,320400
70901106190,2019,34100,151600,185700
70821202143,2019,158000,400000,558000
80925111083,2019,53500,134300,187800
81026355190,2019,14100,0,14100
70929402223,2019,90200,204100,294300
70923168988,2019,6500,13500,20000
71004302578,2019,54700,126200,180900
81033400722,2019,132000,223500,355500
70829401135,2019,12400,0,12400
71003315077,2019,47100,164400,211500
60905101048,2019,55000,142100,197100
70935202146,2019,43100,101300,144400
81023309017,2019,35600,117400,153000
70918303193,2019,75400,99700,175100
81030312251,2019,56000,139800,195800
80925410245,2019,70000,173300,243300
81026357039,2019,100,0,100
81028406082,2019,0,0,0
70929419301,2019,91500,272300,363800
71015302202,2019,75500,451700,527200
70921303213,2019,170300,381700,552000
71007103048,2019,100500,331800,432300
70929117111,2019,89900,308900,398800
70919413107,2019,109700,321200,430900
70828203087,2019,0,0,0
70834416046,2019,22800,199600,222400
81030311013,2019,61300,176200,237500
81026360305,2019,100,0,100
70816314242,2019,132200,314000,446200
70920217613,2019,400,14600,15000
80925414049,2019,51900,163500,215400
70816310141,2019,208800,603900,812700
70928111156,2019,109100,193300,302400
71004404275,2019,50400,144900,195300
71001314097,2019,64400,256400,320800
71005409191,2019,41900,154300,196200
80924438743,2019,400,1600,2000
70921125120,2019,124400,464800,589200
70835202189,2019,106200,283800,390000
70928313108,2019,122900,250900,373800
70929220188,2019,87900,179500,267400
70816406015,2019,177600,351000,528600
70913110121,2019,84400,106100,190500
70834214648,2019,40800,414100,454900
70923143328,2019,44900,627100,672000
70923126291,2019,129400,237800,367200
71005206266,2019,150800,33100,183900
71016110050,2019,58400,116600,175000
71016204134,2019,58800,150200,209000
70824410040,2019,106800,293800,400600
71006410147,2019,69300,270600,339900
70936305197,2019,62200,146400,208600
70932103264,2019,99800,215200,315000
70823108266,2019,89400,243400,332800
70930405117,2019,99600,190400,290000
71011303147,2019,67700,197700,265400
70920122052,2019,275000,1625000,1900000
70901108063,2019,54500,158800,213300
70922323020,2019,193000,438800,631800
70923174612,2019,3300,11700,15000
80925216130,2019,59200,153500,212700
71006427184,2019,96900,236000,332900
80925201016,2019,0,0,0
60811304471,2019,84400,207700,292100
70834211082,2019,75800,307400,383200
60812101107,2019,78500,192600,271100
70821304056,2019,56300,1000,57300
71003213148,2019,53100,159600,212700
70918320246,2019,20500,68500,89000
70826315280,2019,35100,209900,245000
81023308085,2019,35600,91400,127000
80936404120,2019,75200,162800,238000
71015201230,2019,74200,214700,288900
71015102214,2019,57900,135600,193500
80926402019,2019,104900,96100,201000
81023310121,2019,35600,99400,135000
70924212015,2019,0,0,0
60801223110,2019,16900,162400,179300
70913346544,2019,102000,605200,707200
70920113267,2019,107100,251700,358800
60904102310,2019,87800,253000,340800
71035114067,2019,68800,210800,279600
70834214820,2019,40800,92200,133000
71005324084,2019,106500,291000,397500
81033202136,2019,37600,171400,209000
71005324191,2019,105800,286800,392600
70828119169,2019,98300,220700,319000
71009306103,2019,68800,163500,232300
70923160306,2019,8000,7000,15000
71006302013,2019,91000,172700,263700
80925119897,2019,800,1200,2000
71003212207,2019,53100,230900,284000
70813112102,2019,108800,247400,356200
70913350727,2019,0,8000,8000
71004313153,2019,57200,158700,215900
80925408191,2019,59900,153500,213400
70814429192,2019,41400,262000,303400
70820106065,2019,100,0,100
60802203096,2019,0,0,0
70936305436,2019,59500,167400,226900
71007302179,2019,0,0,0
80925416128,2019,55800,145100,200900
81026423054,2019,1300,0,1300
71007304026,2019,96100,188200,284300
70923150662,2019,56400,349200,405600
80925411219,2019,73000,121000,194000
71035123084,2019,62900,213100,276000
70836207170,2019,0,0,0
71010112094,2019,49300,151100,200400
70813319295,2019,14000,102800,116800
70932106036,2019,128300,290900,419200
70913405283,2019,100300,371800,472100
71015300892,2019,45500,146200,191700
80926110779,2019,72200,105400,177600
70835101018,2019,0,0,0
70929113044,2019,89800,196000,285800
70928212087,2019,97800,261600,359400
60812110249,2019,78500,270400,348900
70918409107,2019,194000,393500,587500
71005113065,2019,63400,141700,205100
71032100994,2019,0,0,0
70923156941,2019,5000,10000,15000
80924425948,2019,400,1600,2000
70826309069,2019,103100,322400,425500
70929112244,2019,100400,172200,272600
70836403348,2019,63700,127300,191000
70928225155,2019,151800,306400,458200
80925119920,2019,800,1200,2000
71024200984,2019,21700,21400,43100
71005229135,2019,47500,147500,195000
70921403287,2019,144600,353600,498200
70914437904,2019,1100,100,1200
71035102038,2019,72000,292600,364600
60802416201,2019,62900,286200,349100
70919221279,2019,101300,171200,272500
71002313113,2019,0,0,0
71005410057,2019,54600,136200,190800
70923137975,2019,1200,4800,6000
71012219038,2019,21400,250600,272000
71002402015,2019,70200,250900,321100
70920220533,2019,0,13100,13100
70922417170,2019,64600,190200,254800
70922216217,2019,193900,526100,720000
70929124033,2019,0,10000,10000
70922433184,2019,88100,263000,351100
70828436068,2019,0,0,0
71005403234,2019,47400,170600,218000
70823307305,2019,78100,181500,259600
70922322147,2019,132000,393000,525000
81015106041,2019,51700,172400,224100
71021103074,2019,56500,163900,220400
70918412118,2019,117400,126700,244100
70813103044,2019,130500,203000,333500
81029100047,2019,0,326000,326000
81021311014,2019,19300,100700,120000
70922237106,2019,179700,430700,610400
70836208326,2019,73700,213000,286700
71007314025,2019,112900,310700,423600
70921302059,2019,168600,282900,451500
70936309256,2019,59500,146900,206400
70929124801,2019,0,10000,10000
60802412340,2019,0,0,0
70826416335,2019,18400,83600,102000
70913351014,2019,90200,339800,430000
81032408222,2019,0,0,0
70934100903,2019,304900,601600,906500
71008105150,2019,40400,241500,281900
81033100918,2019,1472500,72400,1544900
70931209146,2019,65900,178000,243900
70932424199,2019,51700,80800,132500
70834301164,2019,170000,375300,545300
81035108051,2019,62600,0,62600
70824205102,2019,125100,240100,365200
70931208239,2019,75100,162200,237300
70922109024,2019,0,0,0
60801234266,2019,15000,150200,165200
71010303114,2019,63000,143500,206500
70833205622,2019,26300,330000,356300
71009208101,2019,73600,164600,238200
81026415069,2019,100,0,100
70914438283,2019,2200,22800,25000
60802316162,2019,18000,0,18000
71016203201,2019,68800,232600,301400
70932111077,2019,0,0,0
70922325141,2019,178100,420500,598600
71016411060,2019,61600,174900,236500
71034103227,2019,63000,193700,256700
70930402197,2019,81900,212100,294000
71014214325,2019,8100,114900,123000
60811402259,2019,78700,185900,264600
71021204096,2019,56400,139200,195600
80936411167,2019,50100,116100,166200
71004312212,2019,58500,145700,204200
71027414095,2019,0,0,0
71005304151,2019,65100,204600,269700
80925112122,2019,12100,259300,271400
71002107293,2019,9500,156800,166300
71001412023,2019,57200,173100,230300
70815105014,2019,0,0,0
60802408092,2019,81900,198700,280600
70920220038,2019,0,6200,6200
71001404096,2019,58100,179900,238000
70828301279,2019,12300,0,12300
71009225220,2019,0,0,0
80936403247,2019,72200,179800,252000
60801412127,2019,84400,185900,270300
70836113088,2019,76500,150300,226800
70826420807,2019,0,4000,4000
70921413145,2019,137200,537400,674600
70836203087,2019,75300,195000,270300
70824411238,2019,170500,242100,412600
71007212039,2019,37000,593000,630000
81034408113,2019,66900,198000,264900
71010404152,2019,60100,173900,234000
70835111059,2019,127300,295700,423000
70913210301,2019,75400,195600,271000
71004408368,2019,59400,189400,248800
70930415231,2019,87500,274300,361800
70920308082,2019,97300,214000,311300
70828314131,2019,92400,347500,439900
70926406062,2019,80800,180300,261100
70836107073,2019,74700,179500,254200
70918306056,2019,74800,140000,214800
71006306255,2019,45700,261800,307500
71026201021,2019,700,0,700
71016113046,2019,54600,151500,206100
60904110066,2019,90800,276100,366900
70913337030,2019,42200,166800,209000
70920307141,2019,111300,183100,294400
60811410161,2019,75600,201600,277200
70826416343,2019,21500,107500,129000
60811404065,2019,82800,193900,276700
70834101043,2019,139300,377300,516600
70922433150,2019,75200,224700,299900
70932207016,2019,19500,124000,143500
60811438105,2019,20000,181400,201400
70813405028,2019,114000,186900,300900
70813309270,2019,107600,288200,395800
71016114234,2019,54900,141300,196200
81034106254,2019,60300,168700,229000
60812317118,2019,92900,214900,307800
70931205029,2019,85600,134400,220000
70920120072,2019,199000,10000,209000
70816408045,2019,171900,424200,596100
81032418049,2019,36200,117400,153600
71001324179,2019,66300,198600,264900
70836413040,2019,74700,148300,223000
70917101316,2019,57000,313600,370600
60802306204,2019,19400,171200,190600
70931402055,2019,117200,148200,265400
70816408144,2019,215300,682500,897800
81032412041,2019,44900,180900,225800
70921222116,2019,133400,310500,443900
80924438892,2019,400,1600,2000
71012221182,2019,12100,127600,139700
70914436104,2019,61700,431400,493100
71004305118,2019,52800,135900,188700
70926404024,2019,80600,141900,222500
71009411051,2019,63900,132600,196500
71003403046,2019,51000,180300,231300
81027115022,2019,449400,0,449400
81034205014,2019,65900,155100,221000
70834405106,2019,0,0,0
70935307219,2019,4900,55100,60000
80925209119,2019,52000,146800,198800
71001402090,2019,109800,261000,370800
70918416136,2019,10500,108000,118500
70933301156,2019,82100,117400,199500
70829111263,2019,13500,0,13500
71005316346,2019,67000,233000,300000
71010412139,2019,60400,132200,192600
71009320187,2019,64800,84700,149500
81028122050,2019,10100,88900,99000
70922346527,2019,0,15000,15000
70833207024,2019,97900,328800,426700
81034413013,2019,69800,166300,236100
80925112833,2019,800,1200,2000
60801108205,2019,66100,156200,222300
71021107109,2019,60000,125600,185600
71035109042,2019,72100,258900,331000
70932206159,2019,426000,4359000,4785000
70828113054,2019,84200,216300,300500
70833108066,2019,78100,245300,323400
60901204995,2019,0,0,0
71014201041,2019,54300,158200,212500
70822111103,2019,74900,257600,332500
70921213032,2019,67300,242100,309400
70835124903,2019,500,1500,2000
81016402018,2019,75200,80300,155500
81031224158,2019,50900,108900,159800
71006211040,2019,69200,143700,212900
71005111184,2019,65100,166200,231300
81023309124,2019,35600,113600,149200
60903207335,2019,0,0,0
71011113174,2019,66400,260400,326800
71005326220,2019,101700,228300,330000
70923133238,2019,59800,325100,384900
71002418054,2019,73300,142500,215800
81021302104,2019,44100,128400,172500
70922437186,2019,77200,199300,276500
71004318228,2019,54100,141100,195200
70922404119,2019,127800,155100,282900
70918322284,2019,0,2000,2000
71004200962,2019,1917000,1816800,3733800
70828423130,2019,0,0,0
70923133402,2019,43100,224200,267300
70922209030,2019,77000,1073000,1150000
70813304254,2019,80000,236200,316200
70913307223,2019,0,0,0
71010402106,2019,49900,152000,201900
70930300838,2019,336000,605000,941000
70834214086,2019,27000,273200,300200
81030311162,2019,61700,133100,194800
70923166205,2019,59500,310300,369800
81014303333,2019,11300,0,11300
70923173755,2019,3300,5900,9200
71021220026,2019,63200,260400,323600
71027404038,2019,69100,197900,267000
60812313455,2019,22800,183900,206700
70924201141,2019,1584000,1043000,2627000
70921126029,2019,124400,196700,321100
60801113345,2019,66400,136400,202800
70836112022,2019,74700,202800,277500
70923168079,2019,6500,18500,25000
80936210048,2019,63400,114400,177800
70922418102,2019,70300,262600,332900
71003311265,2019,48000,135800,183800
71022101019,2019,469800,1826200,2296000
70928302036,2019,98200,340000,438200
70918319819,2019,20500,109700,130200
71008106174,2019,45900,209300,255200
70922218023,2019,175800,365200,541000
80925412267,2019,59100,151600,210700
70929219230,2019,89800,215900,305700
70919212129,2019,91500,183100,274600
81015106067,2019,54700,205100,259800
81026204024,2019,3600,0,3600
70828316228,2019,100,0,100
70922324086,2019,101100,437600,538700
71003314227,2019,49100,147000,196100
70936403222,2019,64200,133300,197500
80925112958,2019,800,1200,2000
81031411218,2019,40700,196300,237000
70920104258,2019,89000,321000,410000
70923165794,2019,72000,373000,445000
60811408091,2019,75200,146100,221300
60906208215,2019,56700,182100,238800
70922438267,2019,106700,402100,508800
70835309133,2019,84700,230700,315400
71010202100,2019,55100,159100,214200
70826310199,2019,98100,398300,496400
71007303060,2019,115300,316700,432000
70928219059,2019,99100,154000,253100
80926105358,2019,57000,148600,205600
70929216195,2019,89800,235200,325000
71006303227,2019,71100,174900,246000
71009314114,2019,66800,148200,215000
70934302111,2019,132000,318000,450000
70931402120,2019,106900,156900,263800
71006405289,2019,49000,292000,341000
60801112074,2019,59500,135800,195300
70918321947,2019,0,2000,2000
71021401030,2019,0,0,0
70920402058,2019,204600,292400,497000
60903211188,2019,17400,91100,108500
60812321151,2019,19600,164400,184000
70924218013,2019,26000,491000,517000
70834204037,2019,85400,229200,314600
71012217248,2019,62500,187400,249900
70923130127,2019,239300,53200,292500
81028112027,2019,51600,127500,179100
70813108052,2019,105900,207100,313000
70929103227,2019,86000,145100,231100
60812324064,2019,28700,174700,203400
81033203051,2019,567000,483000,1050000
71003409036,2019,46200,224400,270600
71019402131,2019,391900,933100,1325000
60802106240,2019,68700,151800,220500
81031209085,2019,62300,167200,229500
70820116022,2019,157400,0,157400
71015200927,2019,82600,114400,197000
70824208023,2019,92900,207500,300400
70836107122,2019,73100,202100,275200
70826416814,2019,18400,84200,102600
70913110303,2019,106200,282100,388300
70923163897,2019,44900,372100,417000
70923115020,2019,150000,96000,246000
70822102144,2019,109800,319100,428900
81034301052,2019,48600,134500,183100
70929302168,2019,71600,214600,286200
70814428300,2019,15200,162100,177300
70929123100,2019,19300,334700,354000
80925113790,2019,800,1200,2000
60801113204,2019,61200,141300,202500
60812112063,2019,78000,188600,266600
70929124546,2019,0,10000,10000
70928315237,2019,96700,196300,293000
70923165596,2019,39600,213200,252800
81032430241,2019,45500,16500,62000
70923140423,2019,1500,13500,15000
70912418055,2019,9000,91300,100300
70826421706,2019,0,4000,4000
71020302099,2019,87500,126300,213800
70924219847,2019,0,25000,25000
80924438652,2019,400,3100,3500
70822210070,2019,0,0,0
70912434019,2019,9000,91300,100300
70912405151,2019,105400,320500,425900
70921219147,2019,141100,350400,491500
70931103273,2019,102800,179500,282300
70836307037,2019,68300,196000,264300
71005323177,2019,105800,339500,445300
70923402055,2019,578000,3261000,3839000
80925115837,2019,800,1200,2000
70836318026,2019,31500,119100,150600
71014214101,2019,8100,136900,145000
81022301197,2019,122000,4500,126500
70820104100,2019,100,0,100
70923175199,2019,3300,11700,15000
81015107049,2019,60300,201700,262000
71010207332,2019,59600,179300,238900
70933405065,2019,84300,239900,324200
70926412209,2019,45600,137600,183200
80926407093,2019,0,0,0
60803103154,2019,103200,191800,295000
70920217275,2019,400,14600,15000
70919226120,2019,114700,156700,271400
60801225083,2019,15000,134500,149500
70829105026,2019,39000,252000,291000
71003219013,2019,272500,1479500,1752000
81028119338,2019,8700,68200,76900
60812330243,2019,0,5000,5000
70829104234,2019,39000,253000,292000
70913334036,2019,30600,267600,298200
70824415313,2019,11300,82100,93400
60811114135,2019,127900,272300,400200
71003201010,2019,53100,122700,175800
80924440095,2019,13300,230000,243300
70922439380,2019,86600,219700,306300
70913205021,2019,78000,208300,286300
71022103031,2019,0,0,0
81033308075,2019,6400,64800,71200
70821111104,2019,120500,315500,436000
71007107115,2019,100500,292100,392600
70923138098,2019,21100,230300,251400
81023303035,2019,407000,3684400,4091400
71035111063,2019,70700,224100,294800
70816406213,2019,166200,562400,728600
81034107640,2019,63200,183900,247100
81031202063,2019,51300,110800,162100
71016108229,2019,63400,132700,196100
70826416806,2019,18400,83600,102000
81028121804,2019,8700,64700,73400
71034104209,2019,71000,186300,257300
70932306131,2019,66600,144400,211000
70923171387,2019,1100,1200,2300
60812103236,2019,79500,189000,268500
70912427030,2019,9000,91300,100300
70914438762,2019,2200,22800,25000
81034101171,2019,73700,135400,209100
71006434329,2019,15000,3000,18000
70933204144,2019,148300,442700,591000
70919304116,2019,87800,241300,329100
70923164598,2019,44900,542700,587600
70930105080,2019,72000,213600,285600
80926303093,2019,67400,182200,249600
81034203084,2019,66700,146800,213500
80926112163,2019,57000,147900,204900
71014203378,2019,62900,202000,264900
70913117044,2019,223000,58600,281600
70920417057,2019,107600,163200,270800
71005314043,2019,60900,157200,218100
71019411306,2019,9000,134000,143000
60812313439,2019,22800,193400,216200
71007313150,2019,106600,573400,680000
80925113899,2019,800,1200,2000
70923152379,2019,34100,541300,575400
60802310049,2019,102300,221200,323500
80926110422,2019,47000,149600,196600
70922218065,2019,191500,372700,564200
70920406191,2019,128000,169500,297500
71005415057,2019,67900,101300,169200
71006402011,2019,60300,136300,196600
60802412382,2019,50600,162900,213500
70929112260,2019,104800,216800,321600
70924203064,2019,403000,1490500,1893500
70932103024,2019,126300,284900,411200
71009202096,2019,50700,126400,177100
71030215026,2019,80000,0,80000
70923173812,2019,3300,5900,9200
70814430321,2019,19700,208600,228300
70926112148,2019,54000,150000,204000
60803104219,2019,103200,246800,350000
70927107031,2019,34900,215100,250000
60905112061,2019,45400,119500,164900
81030209169,2019,53800,136100,189900
70931103132,2019,104500,142600,247100
70814207069,2019,93100,240600,333700
70821110239,2019,117200,344500,461700
80924426756,2019,400,1600,2000
70936406044,2019,59100,135500,194600
71009221038,2019,43200,193600,236800
81030400923,2019,86000,258000,344000
70929124778,2019,0,10000,10000
70936305460,2019,59500,157100,216600
70829106040,2019,80600,328500,409100
70926216312,2019,76800,228400,305200
81032103046,2019,42600,230000,272600
71004403144,2019,45300,136400,181700
70920216079,2019,12900,408800,421700
71009306096,2019,67800,147700,215500
70913208059,2019,75400,297100,372500
81028120145,2019,0,4000,4000
70919228019,2019,24100,204700,228800
70913109190,2019,75400,137800,213200
70834204053,2019,85400,254800,340200
70823406222,2019,61400,343800,405200
71010108283,2019,54200,221200,275400
70912404450,2019,134900,396100,531000
70923310216,2019,33000,106500,139500
80924417846,2019,400,1600,2000
71010107152,2019,55300,197900,253200
71006122156,2019,57200,113800,171000
70913314260,2019,124200,251800,376000
71016118062,2019,62600,131800,194400
70836312052,2019,19100,188900,208000
71002308073,2019,57500,262600,320100
81021413141,2019,53000,146800,199800
70919207097,2019,95000,198000,293000
70919225065,2019,101300,326100,427400
71015302129,2019,615900,735100,1351000
70926413059,2019,33000,61300,94300
70833304086,2019,132400,362600,495000
70824408037,2019,112000,225300,337300
70913349415,2019,22400,157100,179500
70901112163,2019,320000,820000,1140000
70829102204,2019,98600,262400,361000
70922326082,2019,127000,982000,1109000
71007219225,2019,133400,346600,480000
70922404052,2019,127800,213100,340900
81031206148,2019,54000,170600,224600
70929428021,2019,143800,218800,362600
71012211125,2019,71400,180100,251500
70920308032,2019,94800,164200,259000
70821105040,2019,120500,329500,450000
60802311013,2019,97000,236800,333800
70919404015,2019,114200,269100,383300
60803102015,2019,0,0,0
70922327155,2019,102900,257100,360000
60812107105,2019,84700,176100,260800
70835318051,2019,68300,298500,366800
71009104226,2019,54100,142500,196600
80925412176,2019,62100,117900,180000
80925109161,2019,52500,128300,180800
71035102046,2019,71300,288500,359800
80925411087,2019,45500,183800,229300
70923156678,2019,5000,10000,15000
81028114122,2019,56200,190900,247100
71002310119,2019,47100,233000,280100
60812329197,2019,13400,155700,169100
71013201018,2019,0,0,0
81031420029,2019,0,0,0
70835124705,2019,500,1500,2000
70928117071,2019,0,0,0
60903206113,2019,83100,180400,263500
71004305043,2019,58500,125800,184300
70923408194,2019,45200,169900,215100
60801419420,2019,16600,193700,210300
70823306084,2019,0,0,0
60906201235,2019,65200,170500,235700
71007243092,2019,0,15000,15000
81026207044,2019,10100,0,10100
70926412275,2019,0,0,0
71005331162,2019,76800,0,76800
70913347295,2019,3200,19800,23000
70923108033,2019,0,0,0
70823413368,2019,34800,200000,234800
70913430082,2019,20000,183000,203000
71011205088,2019,32900,244200,277100
80924416872,2019,400,1600,2000
70929420069,2019,154000,373700,527700
70922335083,2019,153200,268900,422100
70913323287,2019,134100,227700,361800
70826414230,2019,16100,102800,118900
71015110217,2019,41100,150200,191300
71003205046,2019,53100,148500,201600
80926109186,2019,55600,120200,175800
70826418018,2019,21500,132700,154200
81030304191,2019,68500,164900,233400
70923406015,2019,1318000,15386000,16704000
70929210105,2019,81400,208600,290000
70834418042,2019,13600,92400,106000
80925112891,2019,800,1200,2000
70918322341,2019,0,2000,2000
70929302085,2019,102900,184800,287700
70814307059,2019,140900,271100,412000
71002107657,2019,9500,173500,183000
60801219127,2019,73800,160200,234000
60801234472,2019,15000,147000,162000
80935104119,2019,56100,165200,221300
80925207121,2019,56500,145200,201700
71035207234,2019,43900,182100,226000
71011125195,2019,56800,237300,294100
70822104075,2019,129400,282000,411400
71011122092,2019,33900,213700,247600
70919408372,2019,122600,262000,384600
70931207017,2019,64100,154300,218400
70923408376,2019,43200,180000,223200
70918214126,2019,65800,191900,257700
70926412291,2019,48000,119600,167600
81027300904,2019,391000,377800,768800
70835110134,2019,73600,124700,198300
60801404017,2019,75800,162800,238600
80924443817,2019,400,1600,2000
70918411219,2019,123200,136200,259400
71010307116,2019,53100,149900,203000
70929306277,2019,94800,183400,278200
70826417341,2019,21500,123200,144700
70928204092,2019,98000,273000,371000
70923163912,2019,44900,288500,333400
80925121941,2019,800,1200,2000
80935103046,2019,48700,113200,161900
81022406020,2019,0,0,0
81028120278,2019,0,4000,4000
71005406303,2019,35100,146400,181500
70823405109,2019,60300,220700,281000
80926404122,2019,74500,94300,168800
70826404041,2019,71300,172200,243500
81031409015,2019,39600,126000,165600
70922335215,2019,145600,343500,489100
70835108121,2019,264300,483700,748000
70913321041,2019,81300,338800,420100
70918304068,2019,75400,100300,175700
81033302077,2019,36300,176100,212400
71002306126,2019,9700,0,9700
70917101134,2019,57000,328000,385000
60801411187,2019,80300,212900,293200
81034412081,2019,67500,178400,245900
70921221332,2019,136400,390300,526700
70921413096,2019,137400,419000,556400
71011208339,2019,22700,165200,187900
71009400955,2019,846200,2004800,2851000
81021302047,2019,52500,155700,208200
70932406121,2019,80600,122100,202700
70921221324,2019,138200,446800,585000
70833404034,2019,139400,287100,426500
71002306043,2019,57900,197900,255800
70821110156,2019,111700,291000,402700
70933204128,2019,157700,662600,820300
71011108414,2019,30000,245000,275000
81016102022,2019,100900,158500,259400
70919405287,2019,123200,218200,341400
60812305212,2019,82000,215400,297400
71009217061,2019,38800,130900,169700
71002305227,2019,100,0,100
80924441845,2019,400,1600,2000
81028102226,2019,61800,135700,197500
70914428028,2019,218000,1124000,1342000
70927107289,2019,23800,198100,221900
70926201123,2019,170700,408100,578800
70824102209,2019,103100,234500,337600
70931206176,2019,72100,290300,362400
71001319055,2019,82300,174200,256500
70912436065,2019,9000,94900,103900
71016208152,2019,69000,177600,246600
70928107337,2019,109100,159000,268100
71009221161,2019,43200,152500,195700
71009223266,2019,45900,188800,234700
71026103061,2019,85000,215000,300000
70920303058,2019,127300,322400,449700
70923122330,2019,174300,567700,742000
71031100896,2019,110000,141000,251000
71008101041,2019,0,0,0
71009320145,2019,66000,97300,163300
71006103180,2019,56500,163600,220100
70933402061,2019,88000,190900,278900
70923164522,2019,44900,417800,462700
70824401164,2019,168500,283000,451500
81014303507,2019,32800,143800,176600
60904106049,2019,83400,190200,273600
70814307207,2019,0,0,0
70922335075,2019,151400,464800,616200
70917101415,2019,57000,331400,388400
71014213187,2019,60300,166700,227000
70913347203,2019,2500,12500,15000
71010306035,2019,53200,129200,182400
70921209099,2019,71500,251200,322700
71005321022,2019,121800,187600,309400
70834309168,2019,25500,0,25500
71035207424,2019,43900,182300,226200
70814201128,2019,126200,285800,412000
70836420045,2019,69700,159500,229200
81030314091,2019,58000,152100,210100
71019410118,2019,0,0,0
70823304393,2019,78100,182600,260700
81031414014,2019,37600,207100,244700
71009214223,2019,50100,154400,204500
71004101053,2019,0,0,0
71015206040,2019,47200,191200,238400
70932210928,2019,0,5000,5000
71020304037,2019,393000,657000,1050000
70824213014,2019,107500,294800,402300
70826313143,2019,75700,220200,295900
81033203176,2019,903500,1942500,2846000
70932406329,2019,77900,113800,191700
80924101358,2019,78100,308300,386400
70822101047,2019,4000000,60300000,64300000
60802105169,2019,67000,177300,244300
71021113388,2019,15100,92200,107300
70935400980,2019,225800,12300,238100
70923138246,2019,37000,367000,404000
71006124095,2019,112000,561000,673000
70931306041,2019,99000,170800,269800
70913207035,2019,94200,15000,109200
70829408040,2019,8800,0,8800
70923126217,2019,119000,389000,508000
71010101253,2019,58900,189100,248000
81026353061,2019,5200,0,5200
70922411065,2019,134300,206700,341000
71006429049,2019,104100,245800,349900
70921127168,2019,14300,191400,205700
70923163988,2019,44900,420000,464900
70913222215,2019,9000,293900,302900
60812201080,2019,77200,138800,216000
81031423073,2019,17400,162600,180000
70932403044,2019,97000,171000,268000
80935102220,2019,57900,95900,153800
70816308013,2019,198700,533500,732200
70918414263,2019,0,0,0
70823102200,2019,100700,314900,415600
70824102077,2019,89700,311700,401400
60904113086,2019,90700,257900,348600
71009214356,2019,50500,122900,173400
70826207023,2019,396000,454000,850000
70926229018,2019,350000,2918900,3268900
70814425140,2019,0,0,0
70929305253,2019,89000,217200,306200
71015105094,2019,66400,142700,209100
70923154028,2019,1300,23700,25000
70816402071,2019,172100,466000,638100
70918409074,2019,166100,329700,495800
71005107125,2019,36100,145200,181300
70920401034,2019,136700,213200,349900
70922423101,2019,81400,304800,386200
71012206358,2019,67900,209300,277200
81028119594,2019,10100,100700,110800
70934301030,2019,253000,2237000,2490000
71005308343,2019,57800,213900,271700
71009400971,2019,132000,287000,419000
70823208321,2019,132000,409800,541800
71014215323,2019,7800,122700,130500
70833202107,2019,0,0,0
71012208057,2019,62000,183800,245800
81033103029,2019,206600,221000,427600
71005409240,2019,41800,187700,229500
70828428065,2019,0,0,0
70924218344,2019,51300,743300,794600
81028107101,2019,71000,335700,406700
71015407044,2019,52500,184200,236700
71015105226,2019,61100,126300,187400
70829414112,2019,12200,0,12200
70833205060,2019,30400,268400,298800
70931412244,2019,83600,179700,263300
70912407222,2019,118200,349800,468000
70913353317,2019,37600,177400,215000
60803104079,2019,103200,199700,302900
71027405036,2019,51000,199000,250000
70828421077,2019,0,0,0
70913206011,2019,583800,208200,792000
60811404057,2019,80700,194200,274900
80925123864,2019,800,1200,2000
60801209136,2019,83900,137300,221200
70922431146,2019,54900,273400,328300
70920216855,2019,12900,480000,492900
70923411543,2019,31100,283900,315000
70835122436,2019,6500,73500,80000
71015109070,2019,53100,165400,218500
60903208193,2019,14900,92300,107200
70923224053,2019,262000,401400,663400
60812214059,2019,19100,204800,223900
70922432110,2019,90000,400000,490000
70932421096,2019,47600,82600,130200
70813402256,2019,679900,197800,877700
71005406048,2019,41900,143100,185000
70922119015,2019,0,0,0
71009400913,2019,113500,641500,755000
70936406169,2019,58000,156700,214700
60801413208,2019,69700,157200,226900
71005205226,2019,86200,118300,204500
81032410045,2019,56900,141400,198300
71007111132,2019,84100,218400,302500
70835207105,2019,90200,207300,297500
71010209099,2019,62600,170600,233200
81031213086,2019,38500,67600,106100
70913346164,2019,101400,609600,711000
70929422031,2019,168500,368700,537200
81028121317,2019,10800,99600,110400
70829110132,2019,89500,233500,323000
71003419324,2019,0,0,0
81025201013,2019,56900,113100,170000
60904112038,2019,78800,148300,227100
71007220363,2019,126400,365600,492000
70919408380,2019,117100,336600,453700
71014203287,2019,62900,184400,247300
80925201222,2019,55800,129400,185200
71015203054,2019,48000,137200,185200
70928101199,2019,96000,365400,461400
70918307161,2019,79500,144500,224000
71016116058,2019,61400,135700,197100
70919301039,2019,99300,340700,440000
70816314028,2019,149100,362700,511800
70814104116,2019,114400,187400,301800
60903214091,2019,17300,70600,87900
70929124562,2019,0,10000,10000
60801209251,2019,69500,157400,226900
70923176014,2019,171000,449000,620000
60812102072,2019,93000,180900,273900
71006211066,2019,69200,135400,204600
81028111110,2019,65900,159500,225400
70920301177,2019,147200,346100,493300
70931417088,2019,83200,184500,267700
70932106234,2019,128800,355100,483900
71006112181,2019,29200,211900,241100
70928315170,2019,99400,216300,315700
71011201086,2019,0,0,0
70828404023,2019,0,0,0
60812104119,2019,80100,178900,259000
70826419082,2019,0,4000,4000
70923150141,2019,55100,334900,390000
71004309079,2019,57200,140400,197600
70922433415,2019,88800,248900,337700
60812117097,2019,77100,174100,251200
71009312027,2019,68800,172200,241000
60811436076,2019,69600,199700,269300
70828116032,2019,81700,199100,280800
70914439273,2019,1000,8400,9400
70931411395,2019,94300,170100,264400
70826211066,2019,13700,54400,68100
70923175313,2019,3300,11700,15000
71006111133,2019,69200,118300,187500
71016203186,2019,66600,146700,213300
70913340900,2019,1800,13200,15000
70816312022,2019,272500,280500,553000
71030202172,2019,315900,355100,671000
70922306068,2019,96200,239000,335200
71030207106,2019,86400,32200,118600
70928320038,2019,150500,366600,517100
70922304012,2019,117600,312400,430000
60801312343,2019,72900,222700,295600
60801311022,2019,67300,172900,240200
71011402212,2019,80700,298800,379500
70930405034,2019,248000,986000,1234000
70923167162,2019,3400,13800,17200
70926103171,2019,33000,123400,156400
71014215844,2019,7800,113800,121600
70828424120,2019,0,0,0
71009406143,2019,63300,138900,202200
70813319089,2019,15100,105700,120800
70929123853,2019,0,1000,1000
71009408199,2019,66000,95000,161000
81032103088,2019,11900,0,11900
60801316428,2019,24000,145300,169300
71006310256,2019,69200,155400,224600
70824103124,2019,111600,326100,437700
71004316107,2019,68000,159200,227200
80925117924,2019,800,1200,2000
70927107015,2019,31700,288100,319800
71005407343,2019,44400,150600,195000
70833404092,2019,139400,456100,595500
81030211122,2019,51700,118400,170100
81026357146,2019,4000,0,4000
70828109011,2019,99500,234300,333800
60801234216,2019,15000,139600,154600
70834303095,2019,130000,344300,474300
71021203048,2019,60500,155600,216100
60803107023,2019,103200,196600,299800
70826408332,2019,68800,149300,218100
70820107089,2019,100,0,100
70921314111,2019,114800,190500,305300
70921318212,2019,166800,194600,361400
60801311163,2019,71300,236500,307800
70924219037,2019,0,25000,25000
71034108053,2019,56800,165200,222000
71005411138,2019,51400,149200,200600
71015400874,2019,200,0,200
70822107011,2019,51000,191100,242100
70824215060,2019,125100,282500,407600
80926114052,2019,18300,96700,115000
81028118736,2019,0,0,0
81026352112,2019,47800,212400,260200
70823102060,2019,76700,292500,369200
70824306330,2019,275000,606000,881000
70835302161,2019,106200,197500,303700
60801412086,2019,75100,246300,321400
70826412482,2019,10000,76000,86000
70814312321,2019,26100,241400,267500
80924422811,2019,400,1600,2000
70922429183,2019,160200,319800,480000
71009104119,2019,58900,143000,201900
70913434373,2019,0,18000,18000
70914438241,2019,2200,22800,25000
70821202127,2019,155000,337000,492000
80924438868,2019,400,1600,2000
60811202146,2019,106300,171000,277300
81034401159,2019,62000,143900,205900
80924403837,2019,400,1600,2000
71005234019,2019,352000,0,352000
70923169035,2019,6500,18500,25000
70922433217,2019,49900,230100,280000
70913345124,2019,117700,170500,288200
71010205162,2019,0,0,0
70928208094,2019,97800,173700,271500
81031300817,2019,0,0,0
80925214291,2019,54300,168400,222700
71003320159,2019,48300,168800,217100
70823313162,2019,16300,115500,131800
60801417078,2019,16300,162000,178300
70913129015,2019,26700,204900,231600
70913414177,2019,106000,131600,237600
71014215802,2019,7800,139400,147200
80924416864,2019,400,1600,2000
70914436500,2019,153100,546600,699700
71006434288,2019,18000,372000,390000
70826211595,2019,11700,56100,67800
70926403034,2019,80600,169500,250100
71015207048,2019,74400,201000,275400
80925408125,2019,55200,140200,195400
70929220203,2019,88300,221700,310000
70919408281,2019,102500,271000,373500
71021223020,2019,66300,207500,273800
70935207013,2019,66200,177800,244000
71010112044,2019,55300,187200,242500
70922425115,2019,127200,362800,490000
71010403170,2019,59700,166900,226600
60801225372,2019,15000,133000,148000
70921206326,2019,77000,463000,540000
81030400915,2019,361500,2110500,2472000
80924305067,2019,78300,220300,298600
80936406134,2019,75200,249100,324300
70913426057,2019,565000,155000,720000
71003105197,2019,53100,171900,225000
71010108209,2019,56000,219400,275400
71014301205,2019,61600,221800,283400
70823210144,2019,122500,340800,463300
70835208228,2019,78200,208400,286600
60812105159,2019,78500,177000,255500
60802304167,2019,89000,220000,309000
71006414280,2019,69400,415400,484800
70918315065,2019,32300,145200,177500
71015204276,2019,63900,236100,300000
60802104202,2019,81900,188200,270100
70921219345,2019,160700,435200,595900
81033206097,2019,45000,116500,161500
71011121060,2019,44500,250600,295100
71003320141,2019,49500,168100,217600
81028103307,2019,57000,164800,221800
70836103104,2019,69800,154400,224200
70913320093,2019,89000,245800,334800
70835125084,2019,500,1500,2000
70921219311,2019,135800,184200,320000
70835307278,2019,78800,206800,285600
70923148089,2019,4200,800,5000
70834201067,2019,159200,401800,561000
71011408046,2019,92800,346000,438800
70828107023,2019,89600,221800,311400
71014210034,2019,69300,249700,319000
70923141463,2019,200,1500,1700
70914439348,2019,1000,7900,8900
81031303126,2019,59500,1000,60500
71005224078,2019,65300,249700,315000
71006432092,2019,109100,317600,426700
71011211093,2019,51600,257200,308800
70816318070,2019,202100,756800,958900
70920420042,2019,119100,114300,233400
71009220056,2019,38000,119700,157700
70928221096,2019,108400,217300,325700
60802104179,2019,91100,159800,250900
71010113125,2019,49000,168500,217500
71001331166,2019,68500,211300,279800
70835103113,2019,99800,238400,338200
70934309464,2019,15700,103700,119400
71001319013,2019,73200,167400,240600
70914431047,2019,205500,718500,924000
70921114058,2019,124400,204800,329200
80924444849,2019,400,1600,2000
70918306303,2019,74800,137000,211800
71007243258,2019,0,15000,15000
80925104400,2019,55600,179300,234900
71016117048,2019,60200,124800,185000
81032424103,2019,28100,159500,187600
60801401188,2019,75700,167200,242900
70920403171,2019,107100,199000,306100
70912435025,2019,9000,99300,108300
70920309147,2019,91100,181900,273000
71006313044,2019,59400,234400,293800
70913401223,2019,32000,101400,133400
70826211470,2019,18300,66500,84800
60801213202,2019,70100,173900,244000
71030213161,2019,91500,219500,311000
71009219108,2019,51000,139900,190900
70921413153,2019,137200,265800,403000
70928212095,2019,97800,154700,252500
70901102122,2019,51000,107000,158000
70921113125,2019,116800,236800,353600
80926402069,2019,55200,114800,170000
71021213063,2019,60100,172100,232200
71021214079,2019,59400,140500,199900
70928107014,2019,91900,269600,361500
70913333012,2019,22600,77000,99600
71010310010,2019,58300,157100,215400
70913434026,2019,0,18000,18000
71012202190,2019,63600,196400,260000
71035107054,2019,68200,229300,297500
60902205132,2019,0,0,0
80926104061,2019,55600,162400,218000
71003105139,2019,55600,170800,226400
71011305359,2019,66700,185000,251700
70930104082,2019,73800,195000,268800
70928324113,2019,145800,390200,536000
71015105185,2019,61100,143200,204300
70921223114,2019,120300,253600,373900
70836208053,2019,73700,211100,284800
81034320028,2019,25000,90000,115000
81019310044,2019,58000,153300,211300
81032430134,2019,170000,0,170000
70922344084,2019,209800,375200,585000
70923170397,2019,1700,500,2200
60803101281,2019,103700,228800,332500
81015103154,2019,73900,169100,243000
70918210116,2019,71000,223500,294500
81023304471,2019,35600,152700,188300
70922323161,2019,61000,196000,257000
70913413038,2019,0,0,0
60812113011,2019,81200,213800,295000
71020307106,2019,10600,108400,119000
70918319778,2019,20500,75100,95600
70923164168,2019,44900,317000,361900
71006408035,2019,66300,312300,378600
60803115068,2019,110200,319500,429700
70913223023,2019,7400,345000,352400
71035114207,2019,64600,343900,408500
70918307244,2019,78500,116300,194800
81026357211,2019,3600,0,3600
81028113257,2019,62200,244800,307000
81034312075,2019,525000,5615000,6140000
71014307336,2019,54300,174900,229200
60812302565,2019,71900,170600,242500
70929423063,2019,160100,287200,447300
70816310034,2019,204500,480500,685000
70813106048,2019,173600,163600,337200
71003100981,2019,0,0,0
70836413157,2019,74700,169400,244100
71034103384,2019,74800,226000,300800
70835308044,2019,80300,241600,321900
80925412126,2019,52700,175300,228000
70823106054,2019,89000,233600,322600
70914418219,2019,134100,226900,361000
70921121079,2019,125300,516800,642100
80925114152,2019,12600,197300,209900
71016207261,2019,68700,165600,234300
71015207022,2019,74900,166600,241500
70921303073,2019,166400,407600,574000
70929107097,2019,891000,3465000,4356000
70827308028,2019,0,0,0
70922232164,2019,191400,228600,420000
71010210137,2019,60600,158700,219300
60801101035,2019,74600,137300,211900
70918215017,2019,78900,245600,324500
70826211446,2019,10000,57500,67500
70936311186,2019,62500,151600,214100
70920410192,2019,112900,223000,335900
70929223017,2019,72100,216700,288800
70919223027,2019,101300,182600,283900
70919227178,2019,33600,342400,376000
70918319760,2019,20500,104500,125000
60801409059,2019,75400,205000,280400
71009204092,2019,48000,189700,237700
70826405156,2019,66000,170100,236100
70928222010,2019,126600,323400,450000
60803103237,2019,103200,180900,284100
71005307163,2019,19000,221000,240000
70932108066,2019,134100,275900,410000
60901101092,2019,56900,153100,210000
81030216073,2019,500000,3520000,4020000
60802416136,2019,0,0,0
70813402545,2019,401500,668100,1069600
70822402073,2019,119000,0,119000
80924416947,2019,400,1600,2000
60811403140,2019,76200,226100,302300
60802306072,2019,19400,182700,202100
71011207109,2019,39100,213700,252800
71002411123,2019,100,0,100
81014303200,2019,32800,168800,201600
71006405023,2019,68000,169400,237400
70922328020,2019,111400,230200,341600
80926101132,2019,53100,130300,183400
70922408195,2019,127800,197400,325200
70923166073,2019,49900,225400,275300
60812407042,2019,75200,198800,274000
70920221036,2019,0,2500,2500
70926411102,2019,176000,301400,477400
71006102166,2019,71400,121500,192900
70924203072,2019,219000,936000,1155000
70922236140,2019,170200,316200,486400
70920403189,2019,114400,301400,415800
80924304019,2019,59900,215100,275000
60801112272,2019,60800,137600,198400
70920414079,2019,123800,164000,287800
60812308042,2019,0,0,0
70913406330,2019,83600,174700,258300
81033101015,2019,252000,1297400,1549400
60905102062,2019,48900,111600,160500
70913125170,2019,107800,258500,366300
81034402157,2019,60600,171200,231800
71003203090,2019,56100,234500,290600
71003307131,2019,54000,173800,227800
70828122039,2019,80700,184600,265300
81031207063,2019,36300,151000,187300
80925117065,2019,12900,214900,227800
70836210058,2019,11400,134900,146300
70921128116,2019,19900,157600,177500
81031304017,2019,76000,263600,339600
80936108079,2019,13800,101500,115300
60904111014,2019,85500,237900,323400
60904105083,2019,80100,274700,354800
70816405059,2019,194000,399900,593900
70929103029,2019,83200,164200,247400
70835210223,2019,90400,193100,283500
70919104110,2019,104200,230500,334700
80924432860,2019,400,1600,2000
81034101098,2019,73200,286700,359900
81028119461,2019,8700,65500,74200
81031103071,2019,0,0,0
71015406179,2019,57600,234700,292300
60811432058,2019,89300,184000,273300
70918415873,2019,10500,114200,124700
70922420123,2019,0,0,0
71009219067,2019,45900,160600,206500
70828305164,2019,12100,0,12100
71006121075,2019,53900,156800,210700
60902100944,2019,64500,109700,174200
70823408111,2019,41500,195500,237000
70933202057,2019,155300,247400,402700
70929206063,2019,78300,167800,246100
60802106258,2019,69300,217700,287000
80926110381,2019,51600,177800,229400
70920103218,2019,330000,285000,615000
70932406254,2019,78000,104800,182800
70926415229,2019,49100,88800,137900
70923153757,2019,1300,23700,25000
70821111055,2019,122900,275900,398800
60802410071,2019,70800,201200,272000
70813402363,2019,100,0,100
70929223207,2019,108900,312700,421600
70929419153,2019,99100,212100,311200
70922223014,2019,65000,635000,700000
60801202099,2019,74600,167300,241900
71005323135,2019,87600,212200,299800
60811203029,2019,97300,190900,288200
70913310177,2019,65500,215200,280700
81027209148,2019,12000,102400,114400
60812330417,2019,0,5000,5000
71006421227,2019,86900,225800,312700
70816309186,2019,170800,533800,704600
71034108219,2019,62800,136400,199200
60811116462,2019,18800,225100,243900
70921115329,2019,124400,362700,487100
70919219050,2019,90800,184800,275600
71010302182,2019,54600,156900,211500
80925119889,2019,800,1200,2000
70935306071,2019,187000,353000,540000
70931202075,2019,66400,184600,251000
71006305348,2019,60300,175400,235700
70933201364,2019,162100,160900,323000
70932420030,2019,86000,314000,400000
71011409101,2019,126600,276200,402800
70824306059,2019,96100,274300,370400
70936301129,2019,61800,124600,186400
81034304113,2019,44200,151100,195300
71003305143,2019,49300,145300,194600
81027108027,2019,36700,111600,148300
70813326133,2019,137800,418100,555900
81026351106,2019,3700,0,3700
70923408136,2019,147500,201200,348700
70921302091,2019,102200,149200,251400
70836208144,2019,37600,121400,159000
71005305042,2019,0,0,0
71002107178,2019,9500,153300,162800
81031224463,2019,404500,745700,1150200
70929407091,2019,86700,242000,328700
81033208035,2019,43100,141400,184500
81021402201,2019,51600,135800,187400
70913337923,2019,3900,11100,15000
71010204049,2019,56200,135300,191500
70932103272,2019,153600,374100,527700
60903225022,2019,41900,107100,149000
70923148063,2019,4200,800,5000
70931412252,2019,88400,251600,340000
81030307327,2019,59800,149200,209000
70921221259,2019,128700,287700,416400
70913114157,2019,107700,186600,294300
70935109061,2019,45900,76100,122000
71006444021,2019,22500,120600,143100
70929124538,2019,0,10000,10000
71003221018,2019,24100,142400,166500
71001323212,2019,63400,218800,282200
70813318122,2019,62500,264200,326700
71015405064,2019,36300,153700,190000
70929425035,2019,87300,265500,352800
70922436089,2019,258500,769600,1028100
70921409053,2019,165000,511000,676000
70932202040,2019,87700,252300,340000
70929201071,2019,86800,271300,358100
70836307079,2019,65000,143000,208000
70913113365,2019,89200,169600,258800
70836307136,2019,67600,180000,247600
80925125026,2019,12900,267500,280400
70921120047,2019,136100,409900,546000
81031206099,2019,36300,141000,177300
81028120856,2019,0,5000,5000
71011111087,2019,71400,193300,264700
70823304327,2019,78100,224200,302300
70813307034,2019,104300,309000,413300
70930415033,2019,124100,266900,391000
71003407014,2019,57400,229100,286500
71005230116,2019,50100,129500,179600
71005221214,2019,65100,201200,266300
70813314352,2019,9300,0,9300
60802310180,2019,98600,236200,334800
60811113046,2019,109900,333100,443000
70836115109,2019,85900,144200,230100
70923412319,2019,1700,16300,18000
70823405034,2019,60300,269000,329300
70823402048,2019,33300,177900,211200
70912404418,2019,134900,313200,448100
81031423031,2019,17400,161100,178500
71006104162,2019,57200,114800,172000
71015202212,2019,52400,161400,213800
60811440085,2019,32700,187300,220000
70926207212,2019,81200,202900,284100
70918222103,2019,59700,312300,372000
71006201059,2019,68000,177500,245500
71009204050,2019,48000,167900,215900
80935107907,2019,76700,259200,335900
70928218035,2019,92400,227700,320100
71021221256,2019,55300,151500,206800
70932204145,2019,83000,223000,306000
70918320238,2019,20500,69500,90000
70824220118,2019,97300,199400,296700
71011114081,2019,71000,208300,279300
80924431937,2019,400,1600,2000
80926201057,2019,69200,120700,189900
81023308051,2019,35600,91400,127000
70928224107,2019,132000,602000,734000
70828105035,2019,108600,221800,330400
70833403193,2019,282500,454800,737300
70814428235,2019,15200,194800,210000
60801108239,2019,66700,190500,257200
80936208085,2019,55600,167700,223300
70932105153,2019,82100,171000,253100
70826419131,2019,0,4000,4000
60902202071,2019,99000,781000,880000
70930408260,2019,82500,197500,280000
60904108045,2019,99100,303600,402700
70923148310,2019,4200,800,5000
71035125303,2019,11800,275500,287300
70921206269,2019,71500,123000,194500
70836308168,2019,77000,298000,375000
71016114284,2019,56800,105100,161900
70836303217,2019,61600,189200,250800
81026355231,2019,10300,0,10300
80935102139,2019,57400,164400,221800
70918216023,2019,52300,0,52300
70922328070,2019,126900,174100,301000
81035113034,2019,100,0,100
70913315086,2019,154700,200900,355600
81035103093,2019,0,0,0
81033400805,2019,124000,561000,685000
81036401024,2019,20500,0,20500
71003107127,2019,53100,169400,222500
70920115172,2019,0,0,0
60801310024,2019,77600,245100,322700
60905102153,2019,48000,121800,169800
71009406218,2019,67000,133000,200000
70824411105,2019,102000,228600,330600
70921108085,2019,136800,371600,508400
71001334087,2019,21000,180700,201700
71001405052,2019,55800,200400,256200
70933401013,2019,314000,1986000,2300000
80925409149,2019,59100,124000,183100
71010207192,2019,59100,156800,215900
81033201063,2019,38300,147200,185500
70919407150,2019,113600,233300,346900
70923132321,2019,191000,1342000,1533000
70814421031,2019,15200,184800,200000
71021206076,2019,58600,149100,207700
70922429109,2019,136300,373700,510000
70929104291,2019,76300,203700,280000
81031212038,2019,37600,108200,145800
81031408207,2019,39300,164500,203800
70914426105,2019,136000,904000,1040000
60812110041,2019,78200,178000,256200
60812119118,2019,20700,160500,181200
60811410062,2019,75600,196900,272500
70834308376,2019,125000,322800,447800
70913435016,2019,31900,335400,367300
60801114137,2019,55900,157000,212900
70922409177,2019,171200,274100,445300
71034107089,2019,53700,165700,219400
81034409278,2019,69400,178800,248200
70919201099,2019,56100,222800,278900
80924406998,2019,400,100,500
70835114087,2019,153400,300200,453600
70920123886,2019,500,2500,3000
71005304052,2019,68000,151700,219700
71021107050,2019,61000,142700,203700
71007204226,2019,54200,174700,228900
70814410109,2019,86500,217900,304400
60812305220,2019,79300,266400,345700
71023300959,2019,117800,31500,149300
70931204013,2019,70900,145000,215900
70932103173,2019,80400,141500,221900
70828445051,2019,0,0,0
80925212097,2019,57000,117100,174100
71004312270,2019,54100,172800,226900
70929204140,2019,79400,208300,287700
80924420055,2019,9900,170700,180600
70922422161,2019,85500,287800,373300
70826211438,2019,11700,51100,62800
70913410159,2019,0,0,0
60802409082,2019,68900,195100,264000
70835123442,2019,6500,72400,78900
70826410155,2019,66500,190500,257000
81028121052,2019,10800,106200,117000
81031214133,2019,40800,121700,162500
70820110024,2019,100,0,100
70923163863,2019,44900,191300,236200
71015403068,2019,53600,137600,191200
70929416042,2019,99100,256800,355900
71009405111,2019,63300,144200,207500
71005316065,2019,67400,222300,289700
80925206058,2019,55600,141900,197500
70826408168,2019,69700,189200,258900
70825209038,2019,4000,10000,14000
70922319087,2019,121400,245600,367000
71022400924,2019,130000,0,130000
70921114199,2019,124400,177300,301700
70821203018,2019,97000,289200,386200
70922346056,2019,0,15000,15000
70824303170,2019,96900,222600,319500
71034107097,2019,65400,154600,220000
70923153525,2019,1300,23700,25000
80924423893,2019,400,1600,2000
60801225421,2019,15000,139400,154400
81031418157,2019,37000,145900,182900
71035201012,2019,0,0,0
81031423106,2019,17400,162600,180000
71005113106,2019,65100,162800,227900
70814417056,2019,90200,318400,408600
70928113061,2019,141400,183600,325000
70936307028,2019,65900,170100,236000
81030303193,2019,70000,178200,248200
71011303105,2019,63800,154900,218700
81019308106,2019,62600,177300,239900
70913347279,2019,3200,19800,23000
70912404351,2019,129200,299800,429000
81034403163,2019,60500,172200,232700
70821114314,2019,61300,224600,285900
60812105042,2019,78000,155300,233300
70835202105,2019,162500,320800,483300
80924412143,2019,9000,136800,145800
70820120031,2019,100,0,100
70826421029,2019,0,4000,4000
70923148542,2019,4200,800,5000
81031224132,2019,32000,143000,175000
71007305024,2019,110400,201200,311600
70826210092,2019,248200,0,248200
70932406303,2019,78200,100300,178500
81026207151,2019,4200,0,4200
70828429013,2019,0,0,0
70922327163,2019,168000,310200,478200
70828439038,2019,0,0,0
71015101133,2019,57700,133700,191400
70922224054,2019,143200,411000,554200
70813109117,2019,119500,207500,327000
70932423141,2019,52600,108100,160700
70926201298,2019,212100,1187000,1399100
60812123036,2019,81800,206400,288200
70828443021,2019,0,0,0
60811421209,2019,16000,179100,195100
71006302237,2019,69200,220700,289900
71011128024,2019,73300,313000,386300
70918322383,2019,0,2000,2000
70929223273,2019,85900,216800,302700
70932114047,2019,227700,547300,775000
81023209233,2019,0,1200,1200
71005305050,2019,0,0,0
60811410137,2019,75600,190300,265900
71009304032,2019,67700,138600,206300
70826408085,2019,74600,169900,244500
60904111212,2019,87000,236700,323700
80936412115,2019,73400,137000,210400
70920219578,2019,0,0,0
70922346402,2019,0,15000,15000
71003202167,2019,63200,155000,218200
81026361121,2019,100,0,100
80926110430,2019,47200,149400,196600
70928113136,2019,100000,280000,380000
70921221465,2019,128700,0,128700
71015115027,2019,41500,180500,222000
81021107182,2019,46500,213900,260400
70913128893,2019,800,11200,12000
70926409173,2019,39000,280600,319600
70926401385,2019,85900,185100,271000
71005322012,2019,280000,451000,731000
70929428104,2019,125300,355500,480800
71006102017,2019,46900,155100,202000
70914409044,2019,515000,1003000,1518000
81027300962,2019,4360000,59360000,63720000
70835206123,2019,84700,233000,317700
81021105061,2019,71700,175900,247600
71014205035,2019,54800,243300,298100
70833107068,2019,103700,351500,455200
70920217655,2019,400,14600,15000
70829413172,2019,13100,0,13100
80924412953,2019,400,1600,2000
70923174703,2019,3300,11700,15000
80926406178,2019,73600,150100,223700
80925302062,2019,49900,157600,207500
81034202200,2019,67800,165900,233700
70828118145,2019,30200,247300,277500
60812107121,2019,79900,204100,284000
80926409289,2019,12000,210700,222700
70813325060,2019,16300,182300,198600
70834202073,2019,98900,328100,427000
81034101197,2019,67000,158100,225100
80924444740,2019,400,1600,2000
71010301217,2019,49800,162300,212100
70923141778,2019,200,3700,3900
71010119165,2019,66000,200700,266700
70918225222,2019,30600,129000,159600
81034326034,2019,21500,122500,144000
71004101037,2019,194000,0,194000
70926107074,2019,76000,195000,271000
71007226303,2019,86500,130500,217000
81031417026,2019,40400,201300,241700
70917101431,2019,51500,256100,307600
70918302377,2019,75400,138700,214100
70922314110,2019,91100,321800,412900
70931103314,2019,122500,155500,278000
81028120509,2019,0,5000,5000
70929310012,2019,97300,144700,242000
71020306207,2019,12500,123000,135500
81030210132,2019,55400,130800,186200
71027415051,2019,73800,177000,250800
81034106155,2019,65900,153000,218900
70914439281,2019,1000,7700,8700
70928214116,2019,99700,247200,346900
70922305010,2019,170600,499500,670100
71010415042,2019,64900,248200,313100
71007110035,2019,87900,281600,369500
70920216681,2019,10700,317900,328600
70928215031,2019,106100,194300,300400
80925308317,2019,73300,133100,206400
81031210298,2019,41900,166000,207900
70923201019,2019,718000,1019000,1737000
70815308204,2019,213900,596500,810400
71031100953,2019,0,0,0
70923232022,2019,796000,5819000,6615000
70913354258,2019,0,15000,15000
71006428116,2019,114800,221800,336600
81031213218,2019,38100,112900,151000
70929427172,2019,116200,351900,468100
70919104029,2019,103000,334800,437800
71005414091,2019,48000,129600,177600
60804207062,2019,104000,0,104000
70833107232,2019,120000,291800,411800
70836117014,2019,69700,197700,267400
71007201123,2019,118200,354000,472200
71011118637,2019,30500,224000,254500
80925206066,2019,55200,160800,216000
70928304115,2019,179000,217000,396000
80926112303,2019,56100,173200,229300
70815307082,2019,169400,336200,505600
81027401083,2019,0,0,0
80924420120,2019,9900,178100,188000
70913350090,2019,0,8000,8000
70913344150,2019,23800,251100,274900
71009108244,2019,56900,140100,197000
81030310099,2019,59600,170900,230500
60803102023,2019,120000,311000,431000
70920407024,2019,131300,154200,285500
71027405135,2019,51000,205100,256100
81031207196,2019,39800,85200,125000
70923105071,2019,107700,308300,416000
71015206149,2019,128300,293100,421400
71010216028,2019,18400,56600,75000
70920216128,2019,9200,183400,192600
80924436896,2019,400,1600,2000
70914438069,2019,1100,5900,7000
70826412268,2019,10000,81400,91400
70828441041,2019,0,0,0
81034324062,2019,30000,89800,119800
71009224181,2019,45100,198200,243300
70923145150,2019,8000,7000,15000
71027421016,2019,31400,168400,199800
71015406145,2019,48800,259900,308700
70913353044,2019,54000,238500,292500
71009108228,2019,57200,132100,189300
70931307247,2019,101000,157000,258000
80924310074,2019,72300,247200,319500
81027107128,2019,36700,111000,147700
71016207047,2019,200500,1184500,1385000
70928101165,2019,89400,337800,427200
70931309152,2019,100200,197800,298000
71009315097,2019,68700,123500,192200
70922113182,2019,0,0,0
60802104046,2019,68500,173300,241800
81031406293,2019,38100,141600,179700
80926112171,2019,54800,149400,204200
71019411348,2019,9000,141000,150000
70932101060,2019,147800,376000,523800
70923124229,2019,124100,120500,244600
70921301291,2019,151800,256600,408400
70823121292,2019,20000,101000,121000
81023305099,2019,35600,91400,127000
80924448057,2019,117700,0,117700
70836310171,2019,14900,116500,131400
60801122198,2019,69500,167500,237000
70929119141,2019,111700,267600,379300
70834415139,2019,24000,189800,213800
71014213179,2019,58700,179300,238000
70821404145,2019,114300,435000,549300
70836102015,2019,77100,157600,234700
70928212186,2019,97800,257700,355500
70912404179,2019,100400,299600,400000
70922328153,2019,178100,269600,447700
70914402072,2019,143800,420300,564100
70833410164,2019,44700,467700,512400
81023301021,2019,592000,808000,1400000
70814416074,2019,88200,178800,267000
70833410015,2019,44700,444100,488800
70920408189,2019,122800,240100,362900
70823409078,2019,57900,332200,390100
70921112317,2019,125900,307600,433500
70932115194,2019,0,0,0
71006402037,2019,63800,325800,389600
81030210033,2019,53800,120900,174700
81026368078,2019,100,0,100
71009222177,2019,45900,140600,186500
70931207132,2019,49000,269400,318400
70919218101,2019,136700,193200,329900
70913128918,2019,800,11200,12000
81034412213,2019,68600,142300,210900
71011304062,2019,59100,154900,214000
81034408080,2019,67500,178200,245700
70924219409,2019,0,25000,25000
71010104017,2019,61600,208400,270000
70828124118,2019,12900,192100,205000
71006111167,2019,69200,215300,284500
70922319053,2019,121400,395600,517000
70913214048,2019,102600,237600,340200
71015201214,2019,85200,217700,302900
60801419371,2019,16600,190200,206800
70913205279,2019,94600,234400,329000
70931406049,2019,115200,164300,279500
71004407344,2019,45300,145000,190300
70836204085,2019,70800,238100,308900
71001319120,2019,64900,178400,243300
71006301057,2019,92000,514000,606000
70824205087,2019,125900,330100,456000
71014210240,2019,55100,177500,232600
71009318140,2019,64400,140600,205000
60903207228,2019,77900,299700,377600
70835125175,2019,500,1500,2000
71004406156,2019,54300,131000,185300
81030303086,2019,58000,180400,238400
70936309066,2019,59700,165900,225600
70833410081,2019,44700,430500,475200
70935115117,2019,49900,146300,196200
70833209070,2019,109900,299300,409200
70835305173,2019,93300,150000,243300
81032316061,2019,21000,147000,168000
60901104145,2019,60400,171500,231900
70926110035,2019,81500,177000,258500
70824407071,2019,125900,273200,399100
80924428075,2019,13300,204100,217400
71006122255,2019,50300,230900,281200
71005220042,2019,60600,73600,134200
70826100839,2019,1199000,2595000,3794000
70827304050,2019,0,0,0
80936209182,2019,63900,102400,166300
80936406069,2019,75900,177400,253300
70931403079,2019,103100,173700,276800
70836210066,2019,11400,115800,127200
71004409027,2019,270000,672500,942500
60801117181,2019,66100,156200,222300
70920113176,2019,111900,204400,316300
71015211106,2019,71800,252800,324600
60905221044,2019,0,0,0
80924101308,2019,106700,260500,367200
70921111062,2019,120900,206900,327800
80925207246,2019,55800,131400,187200
71006406097,2019,54100,206400,260500
71016202055,2019,107300,91000,198300
71006124087,2019,43900,230600,274500
81032411077,2019,62000,173000,235000
71020308047,2019,10200,121800,132000
71007304232,2019,105300,335100,440400
70923305043,2019,133600,155300,288900
70826422118,2019,0,0,0
70923413979,2019,0,5000,5000
71004304243,2019,48000,126500,174500
81030400931,2019,491000,681800,1172800
70922320018,2019,130200,342600,472800
70930101070,2019,81400,172400,253800
71006302170,2019,55300,179100,234400
70912444068,2019,9000,94900,103900
81021405130,2019,57100,183200,240300
60801122205,2019,69500,183200,252700
70833124012,2019,63200,316900,380100
70921305136,2019,162800,345000,507800
71010103168,2019,52400,207000,259400
71010301283,2019,60900,125500,186400
71011405092,2019,107000,235400,342400
71004307180,2019,58800,146700,205500
71001323056,2019,63500,204400,267900
70932409258,2019,80900,165900,246800
60811424063,2019,106800,256600,363400
70835123541,2019,6500,71500,78000
71003218049,2019,12100,69800,81900
70913346099,2019,88400,457600,546000
70823406107,2019,60300,231600,291900
81033209215,2019,255500,28000,283500
60812202244,2019,81700,182900,264600
70913219080,2019,19900,273100,293000
80924435947,2019,400,1600,2000
71006112280,2019,66000,142900,208900
70932115045,2019,152500,321500,474000
71005414265,2019,0,0,0
70918209078,2019,105500,306300,411800
81031406011,2019,38200,164800,203000
71005218162,2019,65100,110400,175500
60802115209,2019,14100,108200,122300
71035116063,2019,64900,228600,293500
70929206245,2019,82000,286000,368000
81034118027,2019,70500,214000,284500
70936403230,2019,64300,115800,180100
71003107143,2019,53100,154900,208000
81032430291,2019,46700,104100,150800
70931208370,2019,125300,105800,231100
70923109099,2019,175000,74000,249000
70816313236,2019,239200,645800,885000
70836418016,2019,74300,172800,247100
81026421024,2019,100,0,100
70913205170,2019,81600,135900,217500
71002107392,2019,9500,167500,177000
80924440821,2019,400,1600,2000
71007226270,2019,14000,1000,15000
81033204413,2019,378500,206300,584800
81030303101,2019,58000,188000,246000
70826417127,2019,21500,125500,147000
80925401062,2019,64500,170600,235100
70921309097,2019,114800,248000,362800
60811406144,2019,75400,168400,243800
70922302131,2019,108900,354400,463300
70913110246,2019,159300,104000,263300
70923173945,2019,3300,11700,15000
70918305074,2019,91000,119000,210000
71006410171,2019,69300,408000,477300
70921414028,2019,150000,313400,463400
70923145275,2019,8000,7000,15000
70922333053,2019,183200,435600,618800
70828311054,2019,75500,358000,433500
70928212011,2019,100900,264700,365600
71015208046,2019,74300,171800,246100
70914436394,2019,75500,615200,690700
70816322063,2019,17300,207700,225000
70822103043,2019,109700,312200,421900
70913106229,2019,91000,126400,217400
71015109062,2019,54700,146800,201500
70921110030,2019,118100,358700,476800
70931410181,2019,0,0,0
70923161255,2019,8000,7000,15000
71016202211,2019,66800,277700,344500
71016403108,2019,63700,133700,197400
70823122117,2019,24400,86800,111200
71006309134,2019,69200,176800,246000
80924308029,2019,71700,225800,297500
70826419305,2019,0,4000,4000
70833202165,2019,100800,220100,320900
80925220032,2019,36300,136600,172900
70921221407,2019,142400,221500,363900
70929123449,2019,21900,422400,444300
71006115226,2019,61800,233700,295500
70923174232,2019,3300,11700,15000
60905214338,2019,0,0,0
81031219050,2019,38100,138100,176200
70828419064,2019,0,0,0
60801413034,2019,74300,208600,282900
71011220086,2019,11300,168700,180000
80924424700,2019,400,1600,2000
70834415147,2019,24000,182100,206100
60812316029,2019,86000,245300,331300
70913111260,2019,92800,250600,343400
71010313436,2019,55700,170300,226000
70921414151,2019,150000,226500,376500
81034207101,2019,65100,147800,212900
70931405067,2019,92700,136300,229000
70836120059,2019,133500,577200,710700
70836410294,2019,58600,130000,188600
70813103101,2019,84600,0,84600
70814426180,2019,87500,333000,420500
70920407016,2019,131300,277500,408800
70920402355,2019,133300,89600,222900
70926202014,2019,80600,193800,274400
70836408132,2019,57800,168200,226000
70823404383,2019,41500,181700,223200
60811415187,2019,73200,172600,245800
70826412292,2019,10000,75400,85400
71006110325,2019,69200,182800,252000
70926206181,2019,0,0,0
60802103147,2019,91100,164300,255400
81019308065,2019,61400,161600,223000
70921127241,2019,13200,161300,174500
70920218455,2019,400,14600,15000
81026424169,2019,100,0,100
70924220357,2019,0,12000,12000
71030208253,2019,86100,104500,190600
81034414186,2019,65900,231000,296900
70925205192,2019,30000,0,30000
60812331019,2019,0,100,100
70931202215,2019,76400,184400,260800
70922114049,2019,0,0,0
70920110099,2019,175600,242200,417800
70929221136,2019,76500,195000,271500
70921223172,2019,141300,218800,360100
80926405039,2019,0,0,0
70923148807,2019,4200,800,5000
71003211051,2019,54300,150700,205000
71002441112,2019,100,0,100
71007107082,2019,96900,303500,400400
60801313028,2019,97400,212400,309800
81023304447,2019,35600,138100,173700
71010101047,2019,55600,194900,250500
71006116175,2019,44600,165900,210500
70918306080,2019,74800,121100,195900
81030308078,2019,62000,106400,168400
70823118265,2019,12800,128500,141300
71001325094,2019,24900,133400,158300
81021307112,2019,53500,191500,245000
71021211083,2019,61800,176600,238400
71001331041,2019,60000,200100,260100
70821114116,2019,61300,250000,311300
81027107045,2019,36700,106700,143400
70826416731,2019,21500,123200,144700
81032420317,2019,41400,154800,196200
70834418183,2019,21500,122900,144400
60812105175,2019,78000,150000,228000
71006102223,2019,44400,156800,201200
71006415014,2019,108800,625100,733900
70923167302,2019,3400,13800,17200
70923116375,2019,160600,167500,328100
70922216126,2019,130700,256800,387500
70921207035,2019,264000,116000,380000
60812404155,2019,91600,162200,253800
80924411939,2019,400,1600,2000
80924404124,2019,8200,128300,136500
70814424069,2019,80700,189700,270400
60812329080,2019,13400,154200,167600
70924219376,2019,0,25000,25000
70826420500,2019,0,4000,4000
70823403070,2019,35900,167800,203700
80935104325,2019,45100,0,45100
70827110019,2019,0,0,0
70932103032,2019,133000,213300,346300
71012224011,2019,170300,0,170300
71009222185,2019,48800,141700,190500
70932105012,2019,79900,194800,274700
60811304174,2019,91600,316800,408400
71006307287,2019,50100,208100,258200
70931303170,2019,99000,195400,294400
70919411250,2019,111000,306400,417400
80925212063,2019,59400,162600,222000
70929209166,2019,83800,184300,268100
70836204100,2019,69800,159300,229100
71009320278,2019,60000,117000,177000
71007224307,2019,95200,189800,285000
70826309043,2019,104000,385400,489400
81023307178,2019,35600,109900,145500
70924221082,2019,29300,87300,116600
70816401437,2019,173400,461300,634700
70823407163,2019,38200,248300,286500
70923125300,2019,411000,5264000,5675000
70912405028,2019,0,0,0
60904102112,2019,84500,270900,355400
71010205089,2019,62500,167200,229700
70923167980,2019,6500,18500,25000
71006116191,2019,60300,100400,160700
81031217111,2019,80600,99100,179700
71010403039,2019,52800,167800,220600
81030316013,2019,62600,106400,169000
70834413109,2019,24200,179500,203700
71003310209,2019,56200,193500,249700
71026402190,2019,75400,336600,412000
70932404125,2019,94000,186000,280000
80926407134,2019,59000,431000,490000
70912437039,2019,9000,91300,100300
60812113095,2019,76900,171600,248500
71014105152,2019,50700,225000,275700
70936309181,2019,59500,204200,263700
70920303173,2019,132200,355200,487400
71010306168,2019,49200,174400,223600
71005329109,2019,104100,308200,412300
70823211374,2019,67700,214800,282500
60812117237,2019,0,0,0
80925410196,2019,52700,187600,240300
80935104078,2019,56500,147200,203700
71006112131,2019,69200,219300,288500
70913125261,2019,95200,116500,211700
70929206047,2019,81000,289000,370000
80924413935,2019,400,1600,2000
60801109071,2019,66100,163200,229300
70920420357,2019,139300,166600,305900
71010312115,2019,51600,115600,167200
71012207067,2019,62300,198600,260900
71022305249,2019,184000,503000,687000
70834428489,2019,20000,95000,115000
80926402142,2019,49900,118100,168000
70826312153,2019,68700,243300,312000
71014201075,2019,54800,148700,203500
70935115141,2019,49900,118400,168300
70923107100,2019,0,0,0
70829406028,2019,9300,0,9300
70824203164,2019,107500,302100,409600
70928219140,2019,104300,144300,248600
70929221285,2019,87900,194400,282300
80925416152,2019,65700,141200,206900
71009401010,2019,0,0,0
71009213150,2019,51900,170700,222600
70834213054,2019,84300,243700,328000
70923318070,2019,55600,160400,216000
70836413074,2019,74700,151400,226100
70834415171,2019,24000,179600,203600
71027405010,2019,55500,221600,277100
60801226255,2019,16200,178700,194900
71016107031,2019,63300,136300,199600
81034416041,2019,54900,163300,218200
80925220115,2019,52300,142500,194800
71005109056,2019,66800,188200,255000
81026428020,2019,700,0,700
71003206185,2019,53100,162900,216000
70923411668,2019,31100,283900,315000
71009219215,2019,52100,174900,227000
60906208330,2019,54600,166500,221100
80925208137,2019,62700,129100,191800
70833303062,2019,145000,431200,576200
80924424982,2019,400,1600,2000
81034104068,2019,67300,165200,232500
70929405053,2019,106800,238300,345100
70936301054,2019,69000,161000,230000
70935109136,2019,0,0,0
60802438015,2019,35500,115300,150800
70834308516,2019,25500,270400,295900
71006446374,2019,3000,35000,38000
70821410100,2019,101400,344300,445700
71014308029,2019,58500,191400,249900
70923133288,2019,153800,196200,350000
70930105171,2019,81400,248600,330000
70834214565,2019,40800,414700,455500
71006421037,2019,44800,138600,183400
70922325026,2019,178100,436900,615000
80926207154,2019,73800,341000,414800
60802204010,2019,0,0,0
70913317066,2019,62800,158400,221200
71001203109,2019,57200,153400,210600
81034414219,2019,69900,252400,322300
81026357170,2019,3600,0,3600
70913422237,2019,119400,414600,534000
70921105049,2019,105000,1202000,1307000
60905213322,2019,4200,43700,47900
70920304238,2019,91700,216200,307900
70921111038,2019,120900,178800,299700
70913346073,2019,92700,481300,574000
80925206090,2019,55200,174800,230000
71010101071,2019,55600,189100,244700
70821105090,2019,0,0,0
70918319984,2019,20500,104500,125000
70923161495,2019,8000,7000,15000
70913313155,2019,85900,571100,657000
70922345272,2019,112900,362300,475200
70920110239,2019,100000,385000,485000
71016112197,2019,54000,107100,161100
70921125112,2019,124400,245800,370200
70931208073,2019,87200,135300,222500
71003416156,2019,47900,194600,242500
70933301081,2019,80800,180000,260800
60801227021,2019,24200,112600,136800
70926204044,2019,81000,236100,317100
81026350091,2019,44700,81900,126600
71005222022,2019,65000,149200,214200
81023307045,2019,35600,171600,207200
70813402503,2019,250000,0,250000
81031212020,2019,35800,118500,154300
81015302029,2019,1879200,0,1879200
60902204069,2019,77000,448200,525200
81034108325,2019,61800,154300,216100
70833107208,2019,119600,174400,294000
70920419194,2019,107800,207400,315200
71006109039,2019,45700,188400,234100
60812219059,2019,20000,108000,128000
70920222117,2019,16400,140300,156700
71021208113,2019,60000,141300,201300
60812103294,2019,79500,168400,247900
81034305088,2019,49400,161100,210500
80924423885,2019,400,1600,2000
70935116058,2019,127400,359700,487100
70923115062,2019,4660700,8591300,13252000
60801117107,2019,66100,156700,222800
71021221115,2019,61200,145800,207000
70926215140,2019,104300,163000,267300
80926206065,2019,65300,165400,230700
80926110117,2019,64000,123800,187800
70822109108,2019,48700,153200,201900
71004318202,2019,56400,168400,224800
60801225231,2019,15000,140000,155000
70923137959,2019,1200,4800,6000
71004318111,2019,59300,226700,286000
71006206215,2019,54100,186300,240400
71014202239,2019,62500,138500,201000
70922423151,2019,115700,140700,256400
71030201108,2019,418000,172000,590000
70813111013,2019,217800,635300,853100
70923152139,2019,35800,551200,587000
81031409065,2019,40400,62100,102500
70932207123,2019,20400,126100,146500
80925219126,2019,57600,151900,209500
80926407069,2019,55600,135000,190600
70936403090,2019,64700,136200,200900
70836306196,2019,0,0,0
60811439046,2019,20000,181800,201800
60802311170,2019,96500,246300,342800
81031417092,2019,39300,154100,193400
70833124129,2019,99000,347400,446400
60812201163,2019,87400,151000,238400
70813112011,2019,0,0,0
71014108338,2019,10700,145500,156200
71005104022,2019,58300,127900,186200
70921112226,2019,124400,232900,357300
70919403041,2019,111400,343900,455300
70813327074,2019,0,0,0
71004408219,2019,57800,114700,172500
71005221123,2019,63800,145600,209400
71010313428,2019,55700,215800,271500
71011402080,2019,92600,239100,331700
80926204027,2019,75800,115100,190900
70921406067,2019,252400,348100,600500
70826422209,2019,0,4000,4000
71021108066,2019,61000,162000,223000
70935205174,2019,36700,96900,133600
71014310082,2019,66700,219400,286100
71006108031,2019,70400,120800,191200
70936409147,2019,68800,178700,247500
70814104067,2019,115200,243000,358200
70918210075,2019,165400,286900,452300
70922316116,2019,125100,342400,467500
70825201042,2019,1177000,1681000,2858000
70932422151,2019,47600,126600,174200
71015102181,2019,57900,134300,192200
71035109018,2019,71700,218300,290000
70923142693,2019,44900,210100,255000
71007219308,2019,115900,273700,389600
70823405125,2019,60300,250000,310300
81021105144,2019,61000,174000,235000
60906105031,2019,64700,165600,230300
70923179240,2019,65500,0,65500
81028102086,2019,59000,140900,199900
70828438098,2019,0,0,0
70836420087,2019,66700,148300,215000
70918302252,2019,74800,214200,289000
60905102046,2019,53600,141400,195000
70914404010,2019,143800,381600,525400
70823121010,2019,20000,86300,106300
70921406059,2019,142900,369600,512500
70922433332,2019,69000,291000,360000
70931303097,2019,90700,209300,300000
81023307144,2019,35600,91400,127000
70921115311,2019,123500,266300,389800
70836202039,2019,69900,179200,249100
71021103131,2019,56500,167700,224200
71015200810,2019,0,0,0
81021111018,2019,63100,179000,242100
71006446184,2019,3000,35000,38000
70921120021,2019,141600,413400,555000
70920107187,2019,126600,161400,288000
70928207145,2019,97800,283200,381000
71006126231,2019,35300,119100,154400
71011119172,2019,53100,219800,272900
71012219046,2019,21400,227700,249100
80926105019,2019,52000,117200,169200
70913433028,2019,10100,231900,242000
70836115191,2019,74700,179200,253900
71006431135,2019,102800,324300,427100
80926112155,2019,57000,161100,218100
70929106106,2019,103200,212600,315800
80924433983,2019,400,1600,2000
71035113100,2019,63800,219200,283000
71003416015,2019,51500,232200,283700
70913210088,2019,91700,126200,217900
70834204136,2019,82900,264100,347000
71009406226,2019,66500,155200,221700
70923156321,2019,5000,10000,15000
70921308180,2019,102200,206200,308400
70913125328,2019,133000,114200,247200
70929413030,2019,90500,212800,303300
71009318249,2019,68800,132600,201400
70826313242,2019,77400,263000,340400
60811103063,2019,106300,203700,310000
71006109063,2019,69200,82400,151600
70918319736,2019,20500,70900,91400
60812313611,2019,33100,201500,234600
70814309188,2019,94200,301100,395300
70917300984,2019,0,0,0
80924402805,2019,400,1600,2000
60801116068,2019,66700,160500,227200
70828422140,2019,0,0,0
71006405081,2019,68000,193800,261800
70928204125,2019,97800,217300,315100
60906203166,2019,92000,183000,275000
70919409263,2019,106200,227300,333500
80924417119,2019,9400,138000,147400
70913310010,2019,79900,1800,81700
71030206116,2019,111600,98900,210500
80936402075,2019,41000,479000,520000
70933201017,2019,161300,485700,647000
70933201190,2019,159300,300700,460000
70825106028,2019,0,0,0
70914436469,2019,58300,413100,471400
81028113265,2019,61800,218000,279800
81028105155,2019,61300,164100,225400
81031223126,2019,54100,190800,244900
81034205254,2019,67100,164900,232000
71007306345,2019,0,0,0
81028115039,2019,57100,154400,211500
70928321193,2019,198100,597200,795300
70923412020,2019,1700,16300,18000
81031418173,2019,37600,145100,182700
70824407021,2019,101500,233100,334600
80924444980,2019,400,1600,2000
80924435012,2019,11400,197600,209000
70836310064,2019,14900,111800,126700
60804106230,2019,185500,464500,650000
60801119179,2019,66700,158900,225600
70816314218,2019,125700,294500,420200
70922439223,2019,77900,334600,412500
70834403283,2019,118900,307500,426400
81032430259,2019,59000,236000,295000
70814101237,2019,120100,301600,421700
70932106276,2019,128300,320900,449200
60803106166,2019,101400,151600,253000
60812307036,2019,85600,180100,265700
70922220119,2019,138000,336600,474600
81028114023,2019,58500,136200,194700
70827401046,2019,0,0,0
71022206017,2019,593000,2747000,3340000
70836412109,2019,69700,159600,229300
71019405193,2019,138700,263900,402600
71005412186,2019,41900,125200,167100
70826419446,2019,0,4000,4000
70914411015,2019,589000,385000,974000
70824310208,2019,13500,130600,144100
70835122957,2019,6500,71800,78300
70820115082,2019,110700,0,110700
71005224200,2019,62600,100700,163300
71014306164,2019,63800,181500,245300
70834307170,2019,0,0,0
70913108069,2019,74400,107200,181600
70922432011,2019,69400,248200,317600
70823105014,2019,89400,217800,307200
70828306203,2019,35000,236000,271000
71015106084,2019,58300,155100,213400
70836406186,2019,55100,148900,204000
80924404158,2019,8200,121800,130000
70931105021,2019,109200,124400,233600
81032424179,2019,7700,0,7700
81034102046,2019,66700,168100,234800
70918309034,2019,86800,204300,291100
60906205146,2019,58200,178300,236500
71026302019,2019,40900,0,40900
81019309162,2019,60900,183700,244600
70923223154,2019,156000,141300,297300
81034409103,2019,69400,252400,321800
71014102075,2019,46500,142900,189400
70923152593,2019,23400,504400,527800
70829105092,2019,47400,236600,284000
80924424685,2019,400,1600,2000
70922429167,2019,201800,315900,517700
71003407189,2019,55300,220600,275900
70835307210,2019,78500,177300,255800
71010415191,2019,63400,182000,245400
71009204208,2019,48000,185000,233000
60906208249,2019,56700,155400,212100
71005333142,2019,100500,269900,370400
81034406232,2019,67100,161600,228700
70836216600,2019,5500,96900,102400
60802310031,2019,96200,234500,330700
71010301332,2019,55400,171600,227000
71030213145,2019,84200,221200,305400
60802100862,2019,168500,0,168500
70930104123,2019,73800,225300,299100
70922345545,2019,75400,252900,328300
71007305058,2019,110400,232400,342800
71027411207,2019,0,0,0
60812117287,2019,0,0,0
71007113188,2019,79800,232200,312000
71014210042,2019,57100,223400,280500
81035108142,2019,11100,0,11100
60801114161,2019,55500,154500,210000
60812111239,2019,78200,205900,284100
70920407040,2019,154300,131200,285500
80926101059,2019,51900,132500,184400
71027416041,2019,0,0,0
71007116348,2019,75700,308900,384600
70931414050,2019,85100,194700,279800
60804107064,2019,83700,248700,332400
71001318114,2019,64400,204900,269300
60903208086,2019,14900,102800,117700
70824203106,2019,114700,355700,470400
81028108258,2019,57200,140200,197400
81023309067,2019,35600,102000,137600
70835123476,2019,6500,75500,82000
70921126110,2019,113800,270700,384500
70821112029,2019,112500,316000,428500
70833302650,2019,190100,583000,773100
60905214031,2019,5600,59600,65200
81026358029,2019,100,0,100
70829110257,2019,81500,341300,422800
71007103056,2019,159300,231000,390300
70933201447,2019,141000,438700,579700
80926112072,2019,59900,183700,243600
70834305091,2019,139700,422300,562000
71001108028,2019,59100,151300,210400
60811109095,2019,99500,270000,369500
70922204064,2019,113100,294300,407400
71007307096,2019,503400,526600,1030000
70823413029,2019,26800,162600,189400
60812405674,2019,73700,176800,250500
70824211018,2019,125100,323000,448100
70929418262,2019,81500,227300,308800
70814102037,2019,113100,300200,413300
80924430848,2019,400,1600,2000
60802316295,2019,18000,0,18000
60812404030,2019,76100,188400,264500
81015105308,2019,57600,192400,250000
70918105010,2019,160800,164300,325100
70921419317,2019,88900,293700,382600
70932410289,2019,78500,111700,190200
81032309149,2019,0,0,0
70829418081,2019,18400,0,18400
71005114047,2019,1000,0,1000
71008103089,2019,46800,132600,179400
81022303276,2019,172000,26500,198500
70913202283,2019,103700,166400,270100
80924413167,2019,9600,139500,149100
70922421056,2019,126700,751000,877700
70828307128,2019,50300,239400,289700
80924416088,2019,9900,140300,150200
70915306017,2019,0,0,0
70825200797,2019,231000,284000,515000
71006414123,2019,76000,744000,820000
81028108282,2019,60100,160200,220300
70919408174,2019,137000,217700,354700
71019403080,2019,313100,252900,566000
70833302064,2019,197600,404600,602200
60812221046,2019,22300,190800,213100
70919216022,2019,89000,127900,216900
70913316018,2019,1223000,1173000,2396000
71034111080,2019,19000,119400,138400
60801103180,2019,57000,143700,200700
71010311133,2019,57400,149500,206900
81031216048,2019,45600,124100,169700
80925105036,2019,51300,132000,183300
70920121046,2019,0,0,0
81034408072,2019,69400,213300,282700
70918415021,2019,9500,33800,43300
71021212099,2019,62400,190600,253000
70814306085,2019,242000,1076000,1318000
70923152072,2019,34100,511100,545200
81032316160,2019,21000,145100,166100
70928116148,2019,112300,210200,322500
71009316079,2019,68800,163300,232100
71011206078,2019,34200,244000,278200
71005401056,2019,65700,158100,223800
71009311102,2019,67100,140600,207700
70922326165,2019,178100,192700,370800
70833413069,2019,44700,458700,503400
71007204086,2019,70800,289800,360600
70828305114,2019,71000,0,71000
60812304165,2019,71700,208200,279900
70922233055,2019,110900,208000,318900
70926117205,2019,80000,318400,398400
70814102136,2019,109900,361500,471400
71014201257,2019,56800,129500,186300
70821210055,2019,121000,317300,438300
60802305462,2019,13800,196200,210000
81031419212,2019,37900,137000,174900
71022304051,2019,66500,81900,148400
70929208085,2019,82000,221300,303300
71003319201,2019,59700,195500,255200
70823405159,2019,64100,268000,332100
71012205102,2019,69500,260600,330100
70912404096,2019,100400,258900,359300
70923126225,2019,59800,405200,465000
70820110165,2019,100,0,100
71035124058,2019,59100,208600,267700
70923160207,2019,8000,7000,15000
70835108030,2019,132300,485800,618100
80924418084,2019,9900,165500,175400
81034202218,2019,66800,190700,257500
70918319687,2019,20500,121000,141500
71006407102,2019,68000,267700,335700
81030204052,2019,48200,147300,195500
81022301303,2019,116000,32000,148000
70919401053,2019,95500,186800,282300
70920219750,2019,0,0,0
70914427038,2019,252000,1162000,1414000
70920217358,2019,400,14600,15000
70932408086,2019,79800,115200,195000
71005345014,2019,51700,134800,186500
70825203098,2019,0,0,0
71027406026,2019,51000,179600,230600
70923165075,2019,39600,170900,210500
70929214032,2019,90100,233200,323300
60812310013,2019,0,0,0
70914439314,2019,1000,4900,5900
70833401197,2019,178800,489800,668600
60801201116,2019,66800,237200,304000
71006305116,2019,65100,151700,216800
81023207112,2019,33600,158100,191700
70921304162,2019,167500,371200,538700
70926229993,2019,350000,2918900,3268900
60801209087,2019,76000,143900,219900
71020309293,2019,23800,163000,186800
81021304192,2019,39400,178400,217800
70922327105,2019,121400,493700,615100
70922333136,2019,171900,441000,612900
71016413090,2019,61600,139800,201400
60812116081,2019,82000,180100,262100
70929211088,2019,88800,170000,258800
81034107179,2019,57900,171100,229000
70913310151,2019,77100,290600,367700
70918312194,2019,107000,316500,423500
70835123335,2019,6500,74200,80700
70913327370,2019,298000,2000,300000
70923148188,2019,4200,800,5000
60812333015,2019,39500,208600,248100
71009214281,2019,50100,159500,209600
70929403221,2019,96100,322600,418700
70814312222,2019,26100,288400,314500
80925113162,2019,11400,227700,239100
60802113039,2019,86200,211800,298000
70821103010,2019,119700,316300,436000
70929221079,2019,87900,134100,222000
80923300993,2019,0,0,0
70923109130,2019,767000,2447900,3214900
71005202090,2019,0,0,0
70813304262,2019,78600,230300,308900
70826418307,2019,0,0,0
70928109325,2019,108200,357800,466000
70918416178,2019,9500,33800,43300
70919408124,2019,109900,226500,336400
80925216180,2019,59400,131600,191000
81031104011,2019,0,0,0
60801312385,2019,101100,243100,344200
80936200916,2019,499800,239000,738800
81028107052,2019,57200,112900,170100
71023402036,2019,0,0,0
70927107073,2019,26400,229200,255600
70923149194,2019,7300,1200,8500
71005402046,2019,47400,179300,226700
70836411094,2019,61000,184300,245300
71022304043,2019,0,0,0
80926106223,2019,54000,115300,169300
70912404038,2019,100400,229700,330100
71027404046,2019,72300,178700,251000
60811303069,2019,83300,218100,301400
70813333112,2019,26300,257800,284100
71014202221,2019,62200,158400,220600
70816408235,2019,207600,357500,565100
70926402151,2019,81900,129900,211800
81034109224,2019,62100,185900,248000
70913111202,2019,103500,388800,492300
70836405104,2019,56400,164400,220800
70928211138,2019,89900,197100,287000
70901108162,2019,51000,124400,175400
70912441030,2019,9000,92900,101900
80924442075,2019,13300,204700,218000
71003310077,2019,56200,195600,251800
60905207250,2019,0,0,0
71006132105,2019,65100,170900,236000
71015202254,2019,45200,220100,265300
70929428170,2019,130600,288400,419000
70836308150,2019,77000,298000,375000
71005340098,2019,99200,325300,424500
70921223198,2019,152600,183400,336000
70928102527,2019,130200,297900,428100
70821102038,2019,117500,317500,435000
70929423071,2019,153500,226900,380400
60812306046,2019,78100,241200,319300
70921207233,2019,60700,213400,274100
70918205109,2019,166100,420000,586100
70826211298,2019,18300,66500,84800
70820117054,2019,100,0,100
60803101083,2019,101000,196800,297800
71016206049,2019,83000,166700,249700
71019401133,2019,325600,197300,522900
70833124137,2019,106400,413200,519600
71015206016,2019,48000,222300,270300
80936209140,2019,63900,100900,164800
70836313159,2019,15700,168700,184400
71004404035,2019,50100,183900,234000
60812305204,2019,77400,156300,233700
70920410134,2019,123900,162200,286100
60812311079,2019,0,0,0
70921318139,2019,78300,187300,265600
81021302063,2019,58500,153000,211500
70835210265,2019,89800,230400,320200
70920115114,2019,70000,345000,415000
70834216149,2019,95600,414100,509700
70923401015,2019,0,0,0
71005318186,2019,94600,189900,284500
71002444059,2019,100,0,100
81021307196,2019,0,0,0
71003311041,2019,48100,181200,229300
70823107268,2019,89400,321400,410800
70814202126,2019,98400,278100,376500
70929221152,2019,87200,149500,236700
70928107030,2019,99100,445300,544400
60906209106,2019,55000,160900,215900
71014204037,2019,54900,140700,195600
70919225114,2019,101500,195700,297200
81031223150,2019,52200,118500,170700
71011108307,2019,30000,225600,255600
70829415061,2019,9500,0,9500
71006213088,2019,66000,186000,252000
60906206095,2019,61800,160800,222600
70936402092,2019,67000,160000,227000
70929124463,2019,0,10000,10000
71007106050,2019,86700,253100,339800
70923163425,2019,44900,378600,423500
81027206227,2019,1874500,5964400,7838900
71006109146,2019,69200,85800,155000
70934307062,2019,473000,827000,1300000
71013203080,2019,37400,72600,110000
70813111089,2019,642200,644100,1286300
70913309203,2019,74500,195600,270100
70929216137,2019,87900,196700,284600
70824212165,2019,198300,363700,562000
71012201100,2019,67100,256400,323500
71009320111,2019,68700,141000,209700
70834426368,2019,23400,98800,122200
60801101100,2019,66600,156200,222800
70931102324,2019,80200,201700,281900
80926402192,2019,42400,124500,166900
71021209088,2019,61000,136200,197200
70922335067,2019,151400,316700,468100
70921407049,2019,142900,261600,404500
60811116058,2019,18800,203700,222500
70926414114,2019,46000,68000,114000
70822107029,2019,47800,147200,195000
70920108119,2019,116100,279600,395700
71010301340,2019,57900,203800,261700
80924414016,2019,23100,229000,252100
70934309092,2019,15700,106300,122000
81031208110,2019,36200,88800,125000
60811412224,2019,111400,246600,358000
70923309219,2019,61200,0,61200
71014210232,2019,57500,169500,227000
70920222125,2019,16400,141600,158000
71012221166,2019,12100,127300,139400
70918319885,2019,20500,73100,93600
71010210111,2019,49900,199700,249600
70816306257,2019,209500,671500,881000
71005337079,2019,101100,283200,384300
70918307377,2019,74800,90400,165200
70836303027,2019,65200,149300,214500
71005225068,2019,48200,166300,214500
70913116202,2019,0,0,0
71006117058,2019,60300,165000,225300
70919110373,2019,132800,77800,210600
70923167568,2019,6500,18500,25000
80924421889,2019,400,1600,2000
71005213162,2019,49400,104800,154200
70821201111,2019,100,0,100
70932209202,2019,20800,131900,152700
70926405030,2019,80600,109500,190100
70836207295,2019,30700,154300,185000
60811409114,2019,77300,183700,261000
70922435057,2019,177100,338200,515300
70928104127,2019,126600,246200,372800
71034104457,2019,72900,207900,280800
70836310303,2019,14900,120100,135000
71005302030,2019,60900,120600,181500
60811103493,2019,117000,273200,390200
70823305127,2019,78100,238100,316200
80925216015,2019,57900,133700,191600
60812120032,2019,75800,210200,286000
70833302262,2019,320000,834000,1154000
70912405250,2019,98400,284600,383000
70821205064,2019,96000,291500,387500
71004404051,2019,48300,193200,241500
71003213015,2019,53100,146900,200000
81023307110,2019,35600,122200,157800
80936117054,2019,14900,93200,108100
80925115738,2019,800,1200,2000
70828306047,2019,35000,176600,211600
70923150399,2019,62000,442700,504700
80926206156,2019,73600,171100,244700
71002312032,2019,11300,0,11300
70912424044,2019,9000,91300,100300
70824415321,2019,16100,111900,128000
70913310086,2019,75900,178400,254300
81030315172,2019,59800,134900,194700
71007116067,2019,84200,210200,294400
81033301178,2019,299000,2526000,2825000
71013203098,2019,65500,167500,233000
71006307055,2019,69200,168500,237700
70833410247,2019,44700,447500,492200
60801303243,2019,71900,147000,218900
70923170206,2019,2500,700,3200
70826420766,2019,0,4000,4000
71007225305,2019,63000,121500,184500
60812121022,2019,78000,226200,304200
70931103249,2019,103100,153700,256800
70923163350,2019,44900,460200,505100
70919228986,2019,400,2600,3000
71005322020,2019,159900,271900,431800
70932107042,2019,156400,228600,385000
70926404248,2019,80600,138400,219000
70913337931,2019,3500,11500,15000
71007240014,2019,0,0,0
70924201290,2019,114000,0,114000
70913337022,2019,36000,154000,190000
70930410166,2019,164500,155500,320000
71006406039,2019,50000,184800,234800
70922304054,2019,87400,284900,372300
81033206021,2019,46700,127000,173700
60812303117,2019,0,0,0
71009306020,2019,68800,106900,175700
70833205284,2019,29200,274800,304000
60812118029,2019,20500,158200,178700
81034404228,2019,74900,200600,275500
70922412138,2019,84000,177900,261900
70922410108,2019,127800,181500,309300
60801121166,2019,70700,135100,205800
70923153426,2019,2700,37300,40000
70834304100,2019,122100,382300,504400
80924424122,2019,9900,170700,180600
70929103053,2019,83200,276000,359200
70913307182,2019,179000,1000,180000
70824213098,2019,115400,260400,375800
81032425044,2019,29400,101600,131000
71002103035,2019,301500,0,301500
60802418140,2019,59700,161800,221500
70836319024,2019,29000,131000,160000
81033205081,2019,44600,136300,180900
81034322016,2019,23900,131600,155500
71006414131,2019,83500,333500,417000
60803105118,2019,109300,202300,311600
70834308722,2019,125000,415000,540000
60802203103,2019,0,0,0
81014301098,2019,1788000,16692000,18480000
80924434014,2019,13300,230600,243900
60811420186,2019,18600,205800,224400
70922346478,2019,0,27000,27000
71002444025,2019,100,0,100
71023300818,2019,200,100,300
70935206148,2019,40900,84900,125800
81026424060,2019,100,0,100
81030304026,2019,68800,192100,260900
70926412316,2019,46100,107900,154000
70907302023,2019,1046700,1158300,2205000
71002411115,2019,100,0,100
71007219192,2019,125200,269800,395000
71003313295,2019,49300,157400,206700
70835106026,2019,17100,91800,108900
70929309065,2019,91400,196900,288300
60802113104,2019,86200,197100,283300
80925412093,2019,67700,161400,229100
70923114014,2019,464000,2976000,3440000
70923145697,2019,8000,7000,15000
70836403299,2019,90300,158800,249100
70826420708,2019,0,4000,4000
70931414323,2019,87500,252600,340100
71014201132,2019,56800,160500,217300
70923212149,2019,72200,395000,467200
60812405187,2019,78000,166700,244700
81021304142,2019,42300,180100,222400
81032403115,2019,44000,119900,163900
70923127124,2019,162800,91400,254200
70824101029,2019,103100,325400,428500
81032305030,2019,58000,122400,180400
70909300992,2019,0,0,0
70914439330,2019,1000,7900,8900
70834418034,2019,19800,122600,142400
70923127041,2019,97900,297700,395600
70907302015,2019,809900,235400,1045300
60905107096,2019,49500,118100,167600
70836215058,2019,132000,629000,761000
71006105011,2019,35700,302900,338600
71010404102,2019,59700,212000,271700
70833210118,2019,114900,0,114900
70822403063,2019,330000,2274000,2604000
70833402054,2019,160100,351200,511300
81032412067,2019,44300,103400,147700
81028302074,2019,54000,536000,590000
81019302158,2019,60000,156200,216200
71006409041,2019,68000,266100,334100
70912443036,2019,9000,91300,100300
80925204151,2019,61400,134900,196300
70922214089,2019,195900,543000,738900
70913402263,2019,97100,208900,306000
70918407052,2019,93200,221000,314200
81028121135,2019,10100,89000,99100
70929309130,2019,93700,205500,299200
70914410067,2019,226000,744000,970000
71009301161,2019,62000,16000,78000
70931403186,2019,106800,246900,353700
71006129029,2019,46300,113700,160000
70923154127,2019,0,7500,7500
71011108638,2019,30000,235400,265400
70919110133,2019,0,0,0
70918211114,2019,440000,1770000,2210000
71008105118,2019,35000,0,35000
70926216255,2019,82100,233900,316000
70919113129,2019,95900,272900,368800
70913128025,2019,14800,205100,219900
71016105027,2019,63300,146700,210000
80925113112,2019,12600,251400,264000
70813320367,2019,14600,102000,116600
70823207183,2019,18100,226400,244500
70827200993,2019,0,0,0
70829102238,2019,103600,232400,336000
60812103161,2019,88400,170000,258400
81034303090,2019,44200,113900,158100
70933205077,2019,185100,475800,660900
71034103491,2019,70800,182800,253600
81020100997,2019,0,0,0
70926304216,2019,71500,198400,269900
60802104385,2019,86600,159600,246200
71007216065,2019,111800,132900,244700
71012214103,2019,19400,203900,223300
60802112263,2019,86200,165900,252100
81026355504,2019,3800,0,3800
80924304267,2019,102100,198200,300300
80926205017,2019,63100,170800,233900
71034102154,2019,70800,254200,325000
70912405036,2019,112800,290800,403600
71006204235,2019,49600,99200,148800
71002403013,2019,71900,282400,354300
70835113071,2019,125100,334000,459100
70923144334,2019,8000,7000,15000
81030100929,2019,342500,110200,452700
70823405175,2019,60300,274700,335000
70913303049,2019,593000,2956000,3549000
80925406137,2019,59200,155900,215100
70920309163,2019,92800,249900,342700
70914411065,2019,190500,441500,632000
71002418187,2019,61800,308200,370000
70921407156,2019,142900,472600,615500
70822105271,2019,0,0,0
70813403048,2019,459700,238400,698100
80925215091,2019,55700,164300,220000
70828312151,2019,78900,306100,385000
70929405219,2019,86100,212500,298600
71005337087,2019,96900,258000,354900
81034112011,2019,229000,2766000,2995000
81031403124,2019,35900,122000,157900
70813404062,2019,215600,182200,397800
60903222010,2019,41900,87800,129700
71010212042,2019,53000,194500,247500
71007304167,2019,0,0,0
71001326018,2019,37000,123400,160400
70913311026,2019,103000,108400,211400
70926411061,2019,49100,128400,177500
70814420091,2019,15200,156800,172000
81033410119,2019,20000,97000,117000
60802103212,2019,91500,170800,262300
71005321121,2019,117200,245500,362700
70932102141,2019,221300,266200,487500
70823310209,2019,11700,124200,135900
60904104043,2019,84200,178500,262700
70920218736,2019,400,14600,15000
70827107040,2019,42000,310000,352000
70923133064,2019,81300,120800,202100
70931310208,2019,98500,191500,290000
70813113051,2019,115200,309100,424300
71021206050,2019,58700,152300,211000
71011304038,2019,59100,182600,241700
70826417557,2019,21500,119600,141100
70826315107,2019,36500,218400,254900
70931407071,2019,70300,182700,253000
71009312019,2019,68800,172900,241700
71005403309,2019,42500,147300,189800
70913340041,2019,46300,219200,265500
80936202235,2019,62200,108100,170300
80927402159,2019,72200,211500,283700
70823404474,2019,37200,183200,220400
71011208123,2019,24800,206200,231000
70822401033,2019,440000,1780000,2220000
71001324111,2019,63100,205400,268500
71005204210,2019,82500,104600,187100
70833116134,2019,96400,223900,320300
71005410239,2019,56800,136000,192800
60804104177,2019,132500,392600,525100
71007216164,2019,63400,322300,385700
71001309204,2019,57900,144600,202500
70934309315,2019,15700,103800,119500
70923211183,2019,65700,455800,521500
81034113027,2019,27500,112500,140000
70828112056,2019,89600,166300,255900
71011220010,2019,11300,185700,197000
71022101069,2019,252500,0,252500
80924425774,2019,400,1600,2000
60802310073,2019,99200,302000,401200
70929111197,2019,100500,244400,344900
70935207287,2019,40900,117200,158100
70836202203,2019,81100,218900,300000
71014113098,2019,22200,133100,155300
71015207064,2019,74400,178500,252900
80936120057,2019,14900,98400,113300
71016104201,2019,63200,131800,195000
71021113487,2019,15100,92200,107300
81028118819,2019,8700,65200,73900
70922201010,2019,0,0,0
70816305267,2019,127500,237100,364600
80925412415,2019,78000,220600,298600
81026360165,2019,100,0,100
70928106199,2019,83000,1032000,1115000
70826404124,2019,69200,156300,225500
70823205145,2019,18100,257100,275200
70923164481,2019,44900,343100,388000
60801402102,2019,83500,220000,303500
80924419735,2019,400,1600,2000
70930305276,2019,0,0,0
80925105169,2019,53500,156200,209700
70932114146,2019,165100,214200,379300
71026201039,2019,800,0,800
80926405055,2019,0,0,0
81030309018,2019,59800,142600,202400
70936303109,2019,64700,137700,202400
71010411199,2019,72500,143700,216200
70914404044,2019,143800,383200,527000
70923409241,2019,42700,210400,253100
70914411081,2019,117600,895100,1012700
70826407128,2019,69000,161500,230500
71006118048,2019,63900,239400,303300
60812405418,2019,83100,170800,253900
70923152014,2019,35800,502400,538200
71034104564,2019,75200,208900,284100
70913353276,2019,66100,293400,359500
81026356130,2019,100,0,100
81015105283,2019,59600,190400,250000
70922430221,2019,80200,205600,285800
81023301104,2019,0,0,0
60811103435,2019,108300,278400,386700
70813334087,2019,26800,135300,162100
60803103039,2019,103200,189300,292500
81031103964,2019,0,1586000,1586000
60802105135,2019,65300,176100,241400
71001409020,2019,57200,179100,236300
70835318192,2019,69400,0,69400
81033305188,2019,47800,130200,178000
70833304151,2019,122700,407300,530000
70823109131,2019,18200,153100,171300
70929415044,2019,82400,260000,342400
70919105134,2019,100900,231600,332500
71003315134,2019,47000,161600,208600
81028121515,2019,10100,91500,101600
71030204194,2019,89900,106100,196000
71015111140,2019,44300,162000,206300
71019403139,2019,329800,390500,720300
70835302070,2019,113700,258200,371900
70921403013,2019,122800,134200,257000
70829413099,2019,14500,0,14500
60812121387,2019,91000,213100,304100
70821217051,2019,0,0,0
70816317056,2019,163400,482300,645700
80936402174,2019,73900,147500,221400
70814309112,2019,154500,316500,471000
71015402094,2019,112500,500500,613000
71011422046,2019,49700,137300,187000
70929123936,2019,0,1000,1000
60801414115,2019,75700,233600,309300
81030307145,2019,61700,139200,200900
71005408044,2019,65200,105700,170900
60812121527,2019,78000,226100,304100
71007224084,2019,53200,176100,229300
70936410029,2019,58900,189800,248700
70829405038,2019,45900,0,45900
71006128237,2019,47000,164600,211600
81032101149,2019,1756000,721700,2477700
70918321103,2019,0,2000,2000
70829105191,2019,47400,289200,336600
71006205192,2019,102300,143700,246000
71009214413,2019,50700,115700,166400
70922225151,2019,181500,479200,660700
81031414064,2019,37600,112200,149800
70923146174,2019,8000,7000,15000
70833401056,2019,196700,476200,672900
81026422022,2019,700,0,700
80924414149,2019,32800,257900,290700
71004301265,2019,61400,149200,210600
70931403285,2019,106800,153200,260000
71005111241,2019,65900,150500,216400
71005403151,2019,41800,185200,227000
70930409250,2019,71100,234400,305500
70919412274,2019,0,0,0
60802419057,2019,73200,233700,306900
60812405161,2019,77100,199300,276400
71016409073,2019,61400,136300,197700
81022306189,2019,8000,64600,72600
71010113068,2019,48500,161000,209500
60812110083,2019,78200,180700,258900
70923411030,2019,30500,281500,312000
70930103092,2019,73900,272600,346500
70823406024,2019,54400,206100,260500
71001107054,2019,100,0,100
70923126184,2019,191000,1108000,1299000
80925303375,2019,52000,158000,210000
70828411010,2019,0,0,0
81032415037,2019,46900,143100,190000
70930404010,2019,4538000,7294500,11832500
81026355025,2019,74700,267100,341800
71034101247,2019,58900,157100,216000
70913406207,2019,287000,1355000,1642000
70921302166,2019,175100,359200,534300
71034101106,2019,72400,169000,241400
71001308165,2019,59100,236200,295300
80925120018,2019,12200,278800,291000
60811116280,2019,18800,200500,219300
70932203113,2019,74200,214700,288900
60906202217,2019,0,0,0
80925220123,2019,55600,121900,177500
71003406214,2019,53400,254400,307800
80926206198,2019,64500,194200,258700
81031407027,2019,48200,168800,217000
70928311053,2019,205800,133500,339300
70913110113,2019,85600,66600,152200
81021302534,2019,51900,159500,211400
70813320929,2019,400,2100,2500
80925206082,2019,55200,176800,232000
71009413114,2019,63200,110800,174000
70923144376,2019,8000,7000,15000
80924408043,2019,8000,133100,141100
70835307343,2019,78800,198700,277500
81031205041,2019,36300,118300,154600
70907300895,2019,1158200,363600,1521800
70921413228,2019,93900,339300,433200
70913119206,2019,82000,157500,239500
80924441986,2019,400,1600,2000
70826410428,2019,67200,182800,250000
70926305016,2019,396000,419000,815000
70823202191,2019,127100,392900,520000
60811421168,2019,19000,196700,215700
71005326121,2019,105800,276200,382000
70932421062,2019,48000,88600,136600
70923165900,2019,29500,177000,206500
80936213018,2019,27200,64800,92000
71011108711,2019,30000,246800,276800
70834426269,2019,23400,89000,112400
81022104088,2019,0,0,0
70815403343,2019,437000,1193000,1630000
70921222083,2019,130000,255300,385300
70932412095,2019,77000,162700,239700
71016415088,2019,85000,180000,265000
71011118356,2019,30500,228700,259200
71006128386,2019,58000,422000,480000
70913202093,2019,96500,283500,380000
70929403297,2019,100800,337400,438200
70835121016,2019,17700,90200,107900
70814306027,2019,0,0,0
70826404017,2019,0,0,0
71005225290,2019,52300,267500,319800
70821110099,2019,112600,302400,415000
70929415094,2019,83500,277500,361000
70921109124,2019,136100,225600,361700
70929402140,2019,72200,260600,332800
70836120025,2019,155700,215500,371200
60811100994,2019,0,0,0
70929309122,2019,99800,223900,323700
60802412283,2019,770000,1813000,2583000
71007102066,2019,133900,404300,538200
70929309106,2019,96000,203800,299800
71011212017,2019,8700,0,8700
70921301184,2019,201200,280100,481300
70813328197,2019,99900,205500,305400
81023207576,2019,33600,90400,124000
71003213263,2019,0,0,0
60903208127,2019,14900,103000,117900
60801234456,2019,15000,137300,152300
60802405072,2019,66300,152300,218600
70923165124,2019,31400,153500,184900
70917100996,2019,0,0,0
60804105084,2019,109000,318900,427900
70913317248,2019,67000,7000,74000
71006312400,2019,55200,207300,262500
81026358011,2019,100,0,100
81031407100,2019,47000,463000,510000
80936122079,2019,13800,93400,107200
70826412333,2019,10000,76700,86700
70932205250,2019,0,0,0
80924409124,2019,9300,139800,149100
70928301062,2019,56700,75400,132100
70834306015,2019,132000,371500,503500
71009210057,2019,65100,214800,279900
70901109251,2019,74500,108100,182600
70913428029,2019,92800,424200,517000
71006411012,2019,0,0,0
71011305367,2019,66400,182700,249100
60812111213,2019,78200,238000,316200
80924407756,2019,400,1600,2000
70926104202,2019,13000,0,13000
81030315049,2019,59000,155500,214500
70921417262,2019,174900,207800,382700
81026352120,2019,45800,237100,282900
70919409304,2019,100600,295400,396000
81031228069,2019,66000,284000,350000
70815401074,2019,858000,5552000,6410000
80924443635,2019,400,1600,2000
60801119145,2019,66100,149200,215300
81023308027,2019,40300,130900,171200
70824108124,2019,106400,243600,350000
70920217192,2019,14500,669200,683700
70918412069,2019,128400,105100,233500
70923173333,2019,3300,5900,9200
70922414134,2019,60800,431100,491900
70926225016,2019,0,0,0
70934309399,2019,15700,103700,119400
71010304055,2019,54600,129500,184100
70912410184,2019,613800,319700,933500
71034101221,2019,67200,153000,220200
81034111055,2019,67000,179000,246000
70913309542,2019,65900,285300,351200
81034313015,2019,88000,782000,870000
70912403288,2019,74300,250200,324500
70923164134,2019,44900,548400,593300
70922437136,2019,70500,249900,320400
81031402035,2019,35000,159700,194700
70901102081,2019,51000,156000,207000
80924427085,2019,10200,171500,181700
71011207175,2019,42900,221300,264200
80935107874,2019,56100,157500,213600
70828423057,2019,0,0,0
70920107111,2019,116900,140500,257400
70923154747,2019,0,2500,2500
70828320021,2019,10100,0,10100
70920420050,2019,120800,94400,215200
70923146562,2019,8000,7000,15000
70930401107,2019,81100,288400,369500
81028119172,2019,10100,87300,97400
70930405133,2019,89000,166700,255700
70912450099,2019,400,3600,4000
70926300967,2019,605000,145000,750000
81019306019,2019,60600,149200,209800
80924445946,2019,400,1600,2000
70923141918,2019,200,500,700
81015402027,2019,273000,752400,1025400
71005414215,2019,48000,124400,172400
60811416028,2019,86500,225600,312100
70826418381,2019,21200,119900,141100
70932112091,2019,92200,167800,260000
70920213265,2019,124800,299800,424600
70918415625,2019,9500,33800,43300
70823314095,2019,156900,362900,519800
71011104090,2019,72800,367500,440300
71014111018,2019,37400,161800,199200
70836407283,2019,60400,156500,216900
70936303224,2019,60400,144900,205300
70931411270,2019,77100,174000,251100
70919113020,2019,96500,263400,359900
70926103296,2019,76100,240300,316400
60801315090,2019,71600,255100,326700
60801210034,2019,64700,161800,226500
70929423013,2019,164300,502200,666500
71005231411,2019,48500,81900,130400
70913323047,2019,155700,336800,492500
70924218542,2019,51300,708700,760000
70923153814,2019,2700,37300,40000
81027102186,2019,41600,0,41600
70822414937,2019,15800,127200,143000
71006112165,2019,38700,186100,224800
70918415378,2019,10500,113000,123500
80936209091,2019,63600,131700,195300
70913354167,2019,0,15000,15000
80935108278,2019,538700,255700,794400
70922226018,2019,229400,567700,797100
71010313494,2019,48700,167300,216000
70922324135,2019,145800,293800,439600
60811302011,2019,86200,241500,327700
80925414156,2019,55200,181700,236900
70835121024,2019,17700,90200,107900
70814203257,2019,114100,342400,456500
70826203047,2019,594000,266000,860000
71003412089,2019,51000,218700,269700
70823117093,2019,76700,138500,215200
71003406256,2019,54700,224900,279600
71021113148,2019,15100,101900,117000
70928320062,2019,161200,413800,575000
71010117094,2019,54100,191200,245300
71008108782,2019,1100,8900,10000
70823208149,2019,140800,301600,442400
70923148576,2019,4200,800,5000
81032108054,2019,0,0,0
71016104079,2019,63300,150500,213800
71027413013,2019,0,0,0
80936101049,2019,14900,98400,113300
70931411246,2019,91600,162400,254000
70912404020,2019,98400,270400,368800
70914427096,2019,316000,1944000,2260000
70913106336,2019,82500,205100,287600
71009207012,2019,57200,141700,198900
70826201067,2019,0,0,0
60802431035,2019,35000,139700,174700
71012215135,2019,17700,257300,275000
70835107214,2019,103900,287700,391600
60903202103,2019,88900,167600,256500
70936403272,2019,64300,127300,191600
81023207063,2019,33600,157400,191000
71009311011,2019,68800,159200,228000
71009407224,2019,63700,103900,167600
70922432053,2019,102300,303000,405300
71001409088,2019,57500,184000,241500
80926205132,2019,65600,179100,244700
71005218146,2019,65100,124900,190000
71007114053,2019,90400,221300,311700
70920308149,2019,99500,275300,374800
60802112081,2019,94300,165100,259400
70923308047,2019,92000,354100,446100
71012207158,2019,62000,193000,255000
80924427134,2019,10200,171500,181700
70933203089,2019,139900,228800,368700
71014303053,2019,59000,294200,353200
71003210037,2019,53100,145900,199000
70923145530,2019,8000,7000,15000
70823209072,2019,147200,308900,456100
71020306083,2019,10200,122100,132300
70913214098,2019,139600,236600,376200
80924421079,2019,10500,173300,183800
70922411114,2019,0,0,0
70914436435,2019,75000,449000,524000
60902103211,2019,20000,99800,119800
71002437187,2019,60000,288500,348500
70932101101,2019,155900,328500,484400
70833301090,2019,116700,423200,539900
60801118064,2019,66700,165900,232600
70814302174,2019,107500,357500,465000
70918319786,2019,18400,76900,95300
80926404148,2019,0,0,0
60811439228,2019,20000,183700,203700
71027410043,2019,24900,157600,182500
71022301015,2019,85000,644500,729500
70835303010,2019,78800,184000,262800
70813333203,2019,26300,224600,250900
71015406020,2019,46400,187300,233700
70821114364,2019,61300,210200,271500
70836207089,2019,73700,197600,271300
80926108055,2019,50800,138500,189300
70931410149,2019,97600,216200,313800
70918404032,2019,84400,407000,491400
70931303188,2019,99000,116200,215200
70828410046,2019,0,0,0
70823122076,2019,24400,83800,108200
70836102065,2019,77100,254900,332000
71011220060,2019,11300,163600,174900
80924402920,2019,400,1600,2000
71003212025,2019,53100,168600,221700
60811412175,2019,76400,217700,294100
60812320054,2019,369000,4220000,4589000
70835301105,2019,123400,305300,428700
70926217071,2019,44000,622000,666000
70935202344,2019,44000,397000,441000
70813329252,2019,18500,192500,211000
71004302205,2019,52800,196000,248800
60812106115,2019,82800,156500,239300
70922117192,2019,55000,220000,275000
70913405176,2019,108200,287900,396100
70932109056,2019,221700,178300,400000
70834214771,2019,40800,437200,478000
70836114317,2019,0,0,0
71003212281,2019,53100,185300,238400
70913331032,2019,1441000,337800,1778800
80925413041,2019,55200,129800,185000
70814312058,2019,26100,278900,305000
81020200995,2019,0,0,0
60905214065,2019,3500,40100,43600
71020306075,2019,13900,132500,146400
80925309117,2019,66000,116800,182800
70919228762,2019,400,2600,3000
70923154432,2019,0,7500,7500
70923168681,2019,3400,13800,17200
70823413342,2019,29100,212300,241400
81033306079,2019,41500,128700,170200
70935207310,2019,40900,76600,117500
70816403061,2019,185700,496500,682200
71016112220,2019,54000,125600,179600
70833121208,2019,95000,251200,346200
70823208181,2019,137300,263400,400700
70935111040,2019,179700,96300,276000
70919110498,2019,118200,180600,298800
70926214118,2019,92300,184800,277100
70922111318,2019,123000,605000,728000
81034405127,2019,74800,190800,265600
70824414448,2019,13900,89800,103700
70918205068,2019,117100,182400,299500
80925214168,2019,54600,131800,186400
71009320137,2019,68800,147900,216700
70824224011,2019,85300,194700,280000
71016201114,2019,71300,129700,201000
70922214104,2019,262500,517500,780000
60802306098,2019,19400,169100,188500
60801311098,2019,74000,228600,302600
80924416822,2019,400,1600,2000
70929111212,2019,113100,262200,375300
70936306062,2019,60400,172500,232900
71010301142,2019,53600,128500,182100
60801307188,2019,80100,269400,349500
80935107931,2019,77100,0,77100
81026207200,2019,4200,0,4200
71014211082,2019,0,0,0
70826313119,2019,66900,39500,106400
80925212104,2019,57100,110200,167300
81030304034,2019,68600,153500,222100
70823211217,2019,76900,191000,267900
70929101148,2019,89900,273000,362900
70929124273,2019,0,10000,10000
70923168889,2019,6500,13500,20000
71002306118,2019,10100,0,10100
70932204062,2019,83600,157800,241400
70820106122,2019,100,0,100
81031217187,2019,38100,114400,152500
70918319596,2019,20500,78500,99000
71006212189,2019,80400,198300,278700
81028120343,2019,0,4000,4000
60801312260,2019,72600,207700,280300
71016113260,2019,54900,77200,132100
71010104223,2019,55600,158300,213900
70836307285,2019,68300,189500,257800
70923171329,2019,1900,1700,3600
71007243084,2019,0,15000,15000
70925208097,2019,0,0,0
60802416144,2019,62900,269800,332700
71009202187,2019,51500,129100,180600
70813304288,2019,90500,206800,297300
70922346204,2019,0,15000,15000
71027414128,2019,0,0,0
70823110138,2019,89400,295600,385000
80936100968,2019,0,0,0
70836114375,2019,79100,129300,208400
70828437016,2019,0,0,0
70929104233,2019,84500,226100,310600
70836215074,2019,66200,196700,262900
70923156206,2019,3300,11700,15000
80936207102,2019,65700,170500,236200
70920111089,2019,87100,194400,281500
70816316016,2019,186400,457000,643400
70923412062,2019,1700,16300,18000
70918201214,2019,164300,552800,717100
70824210086,2019,114800,172600,287400
71007225149,2019,94200,162400,256600
70828427033,2019,0,0,0
70923232030,2019,0,0,0
71006431185,2019,102400,313400,415800
70912407149,2019,116300,270500,386800
71027411166,2019,0,0,0
70826416319,2019,21500,118500,140000
81032301020,2019,47400,171600,219000
81026426040,2019,1000,0,1000
80924104089,2019,87800,263200,351000
70932105062,2019,92000,164800,256800
70833205656,2019,26400,304600,331000
70922306034,2019,141600,375000,516600
71006116018,2019,41400,219300,260700
81023304520,2019,35600,131100,166700
71015301048,2019,124000,361000,485000
70923147370,2019,8000,7000,15000
81034108317,2019,62100,161100,223200
70823202076,2019,123500,359900,483400
70826315222,2019,36600,228600,265200
71005402244,2019,52600,99200,151800
70913406124,2019,143000,82000,225000
71003405050,2019,54300,193600,247900
70823113281,2019,89000,283100,372100
80925216031,2019,57600,144800,202400
71009219140,2019,46800,186500,233300
71006114137,2019,36600,179100,215700
60811204077,2019,102300,280200,382500
70826412581,2019,10000,76700,86700
81021301388,2019,64600,184300,248900
70935202336,2019,66200,177800,244000
60812111479,2019,81000,236500,317500
70914437590,2019,1100,5900,7000
70929106114,2019,103200,190400,293600
71004304079,2019,52800,171400,224200
70935206164,2019,37700,84300,122000
70834427853,2019,0,4500,4500
70923173276,2019,3300,5900,9200
70922317049,2019,127300,190900,318200
71001330150,2019,25200,131700,156900
70936302094,2019,63800,143100,206900
60812107072,2019,79500,180200,259700
71014202437,2019,55900,194400,250300
70836110117,2019,78400,202100,280500
70814423045,2019,101900,231400,333300
71011213073,2019,47700,209100,256800
80925408026,2019,52900,147200,200100
70833301131,2019,116700,291600,408300
80935102080,2019,57000,117800,174800
71005107042,2019,37400,161500,198900
70820106015,2019,100,0,100
81034312215,2019,0,0,0
70913331090,2019,91800,490200,582000
71014113072,2019,22200,144100,166300
60812313588,2019,33100,213900,247000
60812115124,2019,74600,192400,267000
70922438085,2019,70300,228300,298600
81023305156,2019,35600,100100,135700
81014303739,2019,32800,164700,197500
70901108013,2019,54500,3000,57500
70913402255,2019,100300,412600,512900
70922405076,2019,143000,442000,585000
80925211263,2019,55800,136800,192600
70921414242,2019,122800,472700,595500
71030213096,2019,80500,162500,243000
71002438052,2019,43100,362500,405600
81031412084,2019,39300,151000,190300
70826405065,2019,67500,155300,222800
71004201051,2019,607500,6238500,6846000
60903207210,2019,22000,56000,78000
70923148774,2019,4200,800,5000
71015403224,2019,65000,148800,213800
71004406180,2019,48000,172500,220500
70912433037,2019,9000,99400,108400
80936407067,2019,72500,127700,200200
71006304267,2019,83700,145400,229100
80924443924,2019,400,1600,2000
71003401222,2019,51600,211400,263000
71006446449,2019,3000,35000,38000
71005413085,2019,47400,89800,137200
70828420079,2019,0,0,0
81032314031,2019,12000,138900,150900
81034309139,2019,69100,154600,223700
80936411191,2019,64500,133700,198200
70913323170,2019,72000,177000,249000
70922411015,2019,114900,225100,340000
70921221415,2019,129500,341500,471000
70923163029,2019,10600,230400,241000
60801219028,2019,69800,192400,262200
60802413041,2019,1100,0,1100
71005204129,2019,109600,19000,128600
70834301114,2019,170000,316700,486700
70931310042,2019,99000,173000,272000
70923131216,2019,77800,276800,354600
60812308183,2019,89300,0,89300
70816408102,2019,206800,349200,556000
70934400882,2019,42000,0,42000
70923173309,2019,3300,5900,9200
71007201214,2019,90400,284800,375200
70935113054,2019,49300,113700,163000
60811112171,2019,104300,271100,375400
70913347617,2019,2500,12500,15000
70816309152,2019,160200,364800,525000
71011121036,2019,44500,278000,322500
70921408063,2019,144600,383100,527700
80924422986,2019,400,1600,2000
71003311067,2019,52000,143200,195200
80925123947,2019,800,1200,2000
70826420641,2019,0,4000,4000
71005232063,2019,76500,12000,88500
80924407087,2019,7600,128300,135900
81034107111,2019,57400,152700,210100
71003306084,2019,53500,141500,195000
70929418113,2019,85000,242100,327100
70828409023,2019,0,0,0
71009203036,2019,48400,181900,230300
71007242341,2019,12300,250500,262800
71006120209,2019,32200,159900,192100
70828316301,2019,100,0,100
70922440379,2019,45600,231200,276800
60812113160,2019,74600,205400,280000
70913318246,2019,107400,126900,234300
60812203143,2019,84000,190100,274100
70826416088,2019,18400,87600,106000
70928224032,2019,99100,175700,274800
70914422202,2019,254000,3000,257000
70901118111,2019,17200,103100,120300
71003205377,2019,100,0,100
70912436031,2019,9000,93900,102900
71015201090,2019,61100,180500,241600
60812121494,2019,79600,209400,289000
81031211163,2019,140000,12000,152000
70913313163,2019,100400,965600,1066000
70918321898,2019,0,2000,2000
80935101230,2019,51800,168900,220700
71009312085,2019,69800,167800,237600
71011221141,2019,12000,174100,186100
70922346113,2019,0,15000,15000
70920115049,2019,71000,344000,415000
80926404015,2019,0,0,0
70813333237,2019,26300,222500,248800
70923103025,2019,176000,691000,867000
70825302048,2019,330000,1330000,1660000
71014215258,2019,7800,98500,106300
70929110115,2019,110000,271600,381600
70922327220,2019,130200,278400,408600
70823310217,2019,10900,135600,146500
70921407172,2019,142900,393900,536800
71011305052,2019,62600,186200,248800
70814206053,2019,105000,303900,408900
71007223101,2019,99200,275500,374700
60801113452,2019,55500,152100,207600
71027200915,2019,109500,240400,349900
71005318079,2019,79800,211700,291500
70828124069,2019,12900,257000,269900
70918222012,2019,121100,317800,438900
70925205134,2019,0,0,0
70922425149,2019,134100,249700,383800
70836216593,2019,5500,97600,103100
70823102044,2019,89400,297800,387200
60804106107,2019,141000,414800,555800
70929212177,2019,82600,260400,343000
71014215109,2019,7800,134800,142600
81030203070,2019,84700,98200,182900
81034410217,2019,70000,302200,372200
71009411184,2019,58600,107500,166100
60901203096,2019,60500,154800,215300
71009223034,2019,45900,144400,190300
81031214208,2019,38100,102700,140800
70918319108,2019,20500,69100,89600
71003212190,2019,53100,168400,221500
70825209070,2019,13000,36000,49000
71009202137,2019,50800,128700,179500
70913114115,2019,107700,238200,345900
70929112195,2019,100000,331800,431800
70836306104,2019,70000,305000,375000
70919225239,2019,101300,177700,279000
60903208151,2019,14900,92300,107200
71005408101,2019,44400,143500,187900
70923175264,2019,3300,11700,15000
80925113906,2019,800,1200,2000
81034312083,2019,558000,5772000,6330000
60906105099,2019,72100,156900,229000
81031405039,2019,36700,122500,159200
81026369076,2019,5300,0,5300
80925217279,2019,58100,207400,265500
60811416341,2019,78800,192800,271600
70930205012,2019,0,0,0
70921403196,2019,142900,286800,429700
80936411141,2019,49900,98600,148500
71015407101,2019,50600,179700,230300
70912434043,2019,9000,95000,104000
71011406131,2019,88700,297400,386100
81030317285,2019,56000,165900,221900
81028108274,2019,57200,182000,239200
70921205229,2019,67900,126100,194000
70821108177,2019,107500,277400,384900
71016207336,2019,67100,165600,232700
70923164556,2019,44900,650100,695000
70923140374,2019,1500,13500,15000
70836313323,2019,15700,172700,188400
60801234042,2019,15000,135800,150800
80924426722,2019,400,1600,2000
71009411035,2019,63700,148800,212500
70912403246,2019,79900,220700,300600
71007114110,2019,69200,239800,309000
70913125120,2019,91900,418400,510300
81031218101,2019,39200,161700,200900
71019407157,2019,79500,105400,184900
71021224078,2019,70600,219200,289800
80936112012,2019,14900,107500,122400
70823314227,2019,260000,506600,766600
70922207167,2019,135000,166000,301000
70923146661,2019,8000,7000,15000
70815306076,2019,203200,303600,506800
70913349077,2019,35500,218500,254000
60905213215,2019,0,0,0
81034104034,2019,0,0,0
60801415147,2019,98700,245900,344600
71007316097,2019,41300,254700,296000
71006430202,2019,109100,245800,354900
70816309029,2019,202800,567200,770000
80935102270,2019,70300,131800,202100
71014203386,2019,62900,184800,247700
71011403046,2019,77100,262100,339200
71005215093,2019,0,0,0
70901103138,2019,68100,105300,173400
81032401028,2019,10100,1500,11600
70932411154,2019,77000,121500,198500
80925218029,2019,48000,170200,218200
71005401204,2019,55700,112600,168300
81021302261,2019,68800,221400,290200
70932103082,2019,81600,196200,277800
70836404122,2019,61600,209400,271000
60802106191,2019,69300,181100,250400
80924409794,2019,400,1600,2000
70834415121,2019,24000,190600,214600
81031405279,2019,38100,153400,191500
70827403026,2019,0,0,0
60903201030,2019,0,0,0
70823301034,2019,100000,10000,110000
70922404044,2019,127800,321700,449500
70921317024,2019,123600,281600,405200
70834423025,2019,60900,198700,259600
70834417010,2019,25200,146900,172100
70922314095,2019,113300,316300,429600
70921219220,2019,158900,232100,391000
80925308101,2019,73700,86400,160100
71009319122,2019,68800,90700,159500
70918320080,2019,20500,89900,110400
70920220781,2019,0,6400,6400
71022302724,2019,250000,0,250000
70913109306,2019,105900,263300,369200
70824308055,2019,16000,147900,163900
81034310392,2019,0,0,0
71011126036,2019,65300,366400,431700
70920121054,2019,0,0,0
70922234037,2019,136100,248300,384400
70923307156,2019,128400,129300,257700
70835124854,2019,500,1500,2000
70917102017,2019,249100,539500,788600
70824311024,2019,13500,140500,154000
71012215052,2019,17700,244300,262000
71014106019,2019,12500,147800,160300
70921216218,2019,81600,177700,259300
70919108047,2019,100100,154200,254300
70816408201,2019,207600,899500,1107100
60906110220,2019,63000,152600,215600
70920410035,2019,149800,183200,333000
81028121606,2019,10100,93000,103100
70919215157,2019,89000,183500,272500
70816405116,2019,170700,373900,544600
60802410188,2019,0,0,0
71020307065,2019,10200,127800,138000
70913354430,2019,0,2500,2500
71010307207,2019,53600,139500,193100
70919221245,2019,101300,175400,276700
71003203149,2019,54300,152000,206300
71001414079,2019,61000,208200,269200
70920213033,2019,133600,264400,398000
70924218154,2019,31600,420700,452300
70826100847,2019,721000,2392500,3113500
60812405434,2019,79500,167500,247000
80924438107,2019,10600,194400,205000
80925122056,2019,11300,264800,276100
80924415048,2019,37400,400500,437900
70836105415,2019,77100,179000,256100
81030211073,2019,47800,133900,181700
70922429076,2019,183600,457400,641000
70923136943,2019,1400,13600,15000
70921411181,2019,142900,299500,442400
70926114045,2019,80300,263600,343900
70918302179,2019,71700,169800,241500
60801416129,2019,75800,192200,268000
71011125260,2019,60100,261400,321500
80936204083,2019,0,0,0
81021404140,2019,54900,173100,228000
81026427030,2019,900,0,900
70826410569,2019,69100,162600,231700
81034320044,2019,25000,78900,103900
70920118069,2019,149000,1021000,1170000
70824403037,2019,112700,276100,388800
70923163508,2019,44900,424100,469000
81028105064,2019,59000,131300,190300
70922222074,2019,47300,527100,574400
80926114101,2019,18300,100100,118400
70913125245,2019,105300,140500,245800
70914435065,2019,24400,276500,300900
80925110019,2019,57900,117900,175800
70813314047,2019,12600,205400,218000
70923413432,2019,900,6600,7500
70913337890,2019,4200,10800,15000
70920220963,2019,0,2200,2200
70922423193,2019,98700,271200,369900
70923318088,2019,54900,138400,193300
70914420222,2019,448000,1455000,1903000
70926201024,2019,181800,405800,587600
71035207268,2019,43900,198200,242100
81026360389,2019,100,0,100
70912437021,2019,9000,91300,100300
70920301151,2019,125100,317600,442700
71014204045,2019,54900,177000,231900
71009312209,2019,68800,103300,172100
70931103364,2019,113700,258000,371700
60801108081,2019,66100,150000,216100
70836411060,2019,62500,203200,265700
70928214215,2019,94800,290400,385200
70833302030,2019,135500,407100,542600
60801401287,2019,84300,145500,229800
60802106084,2019,69800,146400,216200
81021303087,2019,49600,188200,237800
70920113241,2019,114400,227400,341800
70828311111,2019,64900,274500,339400
60801404041,2019,75100,164200,239300
71003419085,2019,42500,188500,231000
70836203251,2019,75100,207500,282600
70833205135,2019,29500,271900,301400
70935203029,2019,0,0,0
70929112252,2019,100400,247500,347900
80926403033,2019,78200,157200,235400
70815308014,2019,159500,323500,483000
71007316013,2019,50600,309400,360000
71035205064,2019,66900,184300,251200
70813320276,2019,14600,106200,120800
60811204308,2019,107500,223400,330900
71010114016,2019,62700,187200,249900
71003408054,2019,49900,172600,222500
70922316083,2019,115400,289800,405200
60803101140,2019,106100,237300,343400
60905107195,2019,45000,75900,120900
71001306135,2019,0,0,0
70823209163,2019,155100,380500,535600
71006202180,2019,91000,510000,601000
70824411098,2019,102000,350000,452000
70913347039,2019,2500,12500,15000
70816414216,2019,13100,238900,252000
60802427018,2019,15500,122500,138000
71016102106,2019,70500,53500,124000
71011126086,2019,58700,265800,324500
70932115087,2019,181800,297100,478900
71015117122,2019,52500,199600,252100
71004316040,2019,48400,174300,222700
70928321036,2019,164200,426300,590500
70822113034,2019,29600,329400,359000
70836105035,2019,77100,174100,251200
70935300940,2019,0,0,0
80925401228,2019,64500,177500,242000
60812402026,2019,75000,171500,246500
70826310206,2019,111500,365000,476500
60801419454,2019,16600,199600,216200
70913350454,2019,0,15000,15000
70935206205,2019,43100,110400,153500
70922304096,2019,86000,245000,331000
70929416175,2019,94800,227600,322400
70821402040,2019,116400,379500,495900
81026416108,2019,1500,0,1500
70828108089,2019,90300,255500,345800
70929414020,2019,97800,329700,427500
81027105156,2019,36700,114000,150700
70932106226,2019,130900,381600,512500
81026416116,2019,1200,0,1200
70922434025,2019,58200,197500,255700
70822103035,2019,99700,281900,381600
70920220343,2019,0,13100,13100
70932421202,2019,48000,92300,140300
71004312056,2019,57200,126800,184000
81033203126,2019,42100,165200,207300
70922333110,2019,183200,379000,562200
70824204229,2019,125100,370100,495200
70931407112,2019,69200,155200,224400
70828122047,2019,80700,197400,278100
71007105292,2019,78200,338500,416700
70824311131,2019,14100,129000,143100
80924445954,2019,400,1600,2000
71015405296,2019,46900,203600,250500
71005107159,2019,48500,112200,160700
60906106104,2019,69400,202100,271500
71014307138,2019,62000,258000,320000
70836403223,2019,67200,182400,249600
60812404254,2019,78900,217900,296800
60801204037,2019,66100,168100,234200
70813320375,2019,14600,106200,120800
70926108014,2019,48000,185200,233200
71007220248,2019,116100,239900,356000
70826201132,2019,524000,691000,1215000
70936304173,2019,63200,157800,221000
70813103218,2019,65300,258600,323900
70836302095,2019,65200,159300,224500
71006103049,2019,57200,117800,175000
60901201123,2019,59700,158300,218000
80925115978,2019,800,1200,2000
60903209167,2019,11600,105900,117500
80924407904,2019,400,1600,2000
80924103023,2019,82100,303700,385800
60902201156,2019,110000,375700,485700
70926219100,2019,83500,183200,266700
70933205051,2019,144500,367100,511600
71005403226,2019,47900,116900,164800
71021113891,2019,0,1000,1000
81023304231,2019,35600,138800,174400
70932201232,2019,65700,159900,225600
81031219183,2019,38100,122100,160200
70913202275,2019,137300,179700,317000
80924304035,2019,64700,257400,322100
70928110091,2019,108400,286700,395100
70921401140,2019,142900,446100,589000
81030311097,2019,57400,146900,204300
60801301057,2019,71400,155300,226700
81021105128,2019,61000,178100,239100
81031226089,2019,52200,102100,154300
70919108021,2019,94000,184300,278300
70919213044,2019,102300,90300,192600
71006113246,2019,58800,138000,196800
70926114011,2019,79000,191600,270600
71006206273,2019,37600,153900,191500
70923163772,2019,44900,418400,463300
71015112156,2019,47000,179100,226100
71016402241,2019,62700,160600,223300
81021103073,2019,66700,206100,272800
80925405056,2019,51600,132800,184400
71014202445,2019,55900,168300,224200
71007105010,2019,110500,238000,348500
71015202329,2019,47200,203900,251100
71012206019,2019,64800,185600,250400
81034415093,2019,76900,175000,251900
70929107089,2019,0,0,0
70920418352,2019,139300,136100,275400
70931407013,2019,68600,130900,199500
71014209087,2019,67000,132900,199900
80925412192,2019,62100,161100,223200
70929408081,2019,87300,253500,340800
60801419131,2019,16600,190100,206700
70932108123,2019,126500,310300,436800
70813106212,2019,111500,358500,470000
80924402904,2019,400,1600,2000
80936201138,2019,60700,115100,175800
70836207188,2019,0,0,0
70836106108,2019,69300,165000,234300
81023209225,2019,0,1200,1200
70816303021,2019,151200,437400,588600
80925303036,2019,76800,191300,268100
71009318116,2019,67200,104200,171400
60811113096,2019,105500,260200,365700
70922205096,2019,506000,5634000,6140000
80925104038,2019,57600,142000,199600
60811419204,2019,89400,221800,311200
70923164332,2019,44900,160100,205000
81033205023,2019,44900,149600,194500
70836413016,2019,77500,168600,246100
70926201107,2019,170300,333300,503600
71004312197,2019,58500,145700,204200
70814426106,2019,87500,326300,413800
70912404286,2019,99200,257000,356200
70820112070,2019,100,0,100
71007242333,2019,12200,245400,257600
70823113091,2019,89400,294900,384300
70934309274,2019,15700,103700,119400
60905207177,2019,0,0,0
70836117056,2019,70800,186400,257200
80925110283,2019,60500,128100,188600
71001313015,2019,71100,273500,344600
70833118049,2019,89600,219800,309400
70921104091,2019,81900,223000,304900
70923412228,2019,1700,16300,18000
60802305173,2019,13800,198700,212500
60811204233,2019,112000,280100,392100
81021305124,2019,53500,177200,230700
80924407061,2019,8300,146300,154600
71007220090,2019,115300,268300,383600
70913347683,2019,2500,12500,15000
70935201205,2019,40900,100100,141000
70835122246,2019,6500,77100,83600
70835315304,2019,51900,336900,388800
71019402016,2019,330400,553000,883400
70931207116,2019,110100,133700,243800
80925308010,2019,66000,88200,154200
70921417197,2019,89300,290900,380200
70918404040,2019,92400,0,92400
70833106060,2019,139400,326000,465400
70912409286,2019,100500,244600,345100
80924431698,2019,400,1600,2000
70828108071,2019,79500,187800,267300
81031419197,2019,37600,149000,186600
81030212104,2019,48200,117000,165200
70929117153,2019,89900,238700,328600
60812109268,2019,81000,176900,257900
70913401231,2019,32000,199000,231000
71007304216,2019,95200,286700,381900
70912436057,2019,9000,102600,111600
71003412112,2019,50400,199600,250000
60802413588,2019,59600,191700,251300
71006426102,2019,81800,261300,343100
70918216031,2019,100200,260700,360900
70824220019,2019,97500,240900,338400
70835117057,2019,12400,119800,132200
80926104178,2019,53500,113300,166800
70814101055,2019,105700,234300,340000
71012205194,2019,72800,283800,356600
70929206112,2019,78300,146700,225000
70912405383,2019,100400,213300,313700
81028107036,2019,57100,134600,191700
70823405050,2019,60300,200300,260600
81034107161,2019,57700,151900,209600
80924424924,2019,400,1600,2000
70907301041,2019,208200,401000,609200
71027402032,2019,177000,0,177000
71035207292,2019,43900,206100,250000
70923168334,2019,6500,18500,25000
81035114082,2019,100,0,100
60811415252,2019,84600,206600,291200
70901107172,2019,51000,151900,202900
71030213020,2019,80800,274400,355200
70836204134,2019,72700,203000,275700
60811416169,2019,75600,196000,271600
71003418350,2019,57100,244800,301900
71022302914,2019,56400,77500,133900
70913321140,2019,95700,343900,439600
70934100995,2019,0,0,0
70913319088,2019,169700,635300,805000
81026363010,2019,5200,0,5200
60811417042,2019,84500,181400,265900
70918201313,2019,110200,397300,507500
70923175165,2019,3300,11700,15000
81030312136,2019,66900,145200,212100
70922328046,2019,167500,266700,434200
70920217720,2019,400,14600,15000
70930413227,2019,60900,209800,270700
60811116389,2019,18800,222400,241200
71005308228,2019,60300,251100,311400
70826410551,2019,75200,153700,228900
81021109146,2019,76500,220600,297100
70814423053,2019,102200,248000,350200
70931414232,2019,82700,274400,357100
80936118036,2019,13800,98800,112600
70922332097,2019,183200,365800,549000
81026364042,2019,6200,0,6200
70918309092,2019,0,0,0
70926116075,2019,81000,277900,358900
70935300908,2019,0,0,0
70928102056,2019,90000,441800,531800
71034105025,2019,81300,165300,246600
70814419242,2019,15200,175600,190800
70814308057,2019,117000,351000,468000
71011203040,2019,0,0,0
81033207186,2019,49100,139300,188400
70833407088,2019,44700,445700,490400
70824309087,2019,14100,138400,152500
70912435017,2019,9000,93600,102600
80925303127,2019,54400,141600,196000
60811439385,2019,20000,185800,205800
80936112088,2019,14900,95600,110500
71035103250,2019,64600,257400,322000
71006211173,2019,69200,207900,277100
71009217376,2019,65500,0,65500
81033209174,2019,484200,1573500,2057700
71011411031,2019,92200,305200,397400
70923142461,2019,44900,333200,378100
70823405191,2019,58000,218300,276300
70918322276,2019,0,2000,2000
70814301027,2019,117900,209600,327500
81034206145,2019,65300,142700,208000
81028121698,2019,8700,65100,73800
70816314234,2019,125700,296300,422000
70934401012,2019,0,0,0
71007230057,2019,7700,135800,143500
70835210215,2019,105600,161900,267500
70912452011,2019,0,0,0
71005410122,2019,54600,103300,157900
70928318108,2019,159300,428400,587700
71019411356,2019,9000,141000,150000
70912439043,2019,9000,100400,109400
60812109086,2019,77700,207400,285100
70921303023,2019,157900,407100,565000
71022405049,2019,547600,0,547600
70913110296,2019,88900,365900,454800
70913347120,2019,2500,12500,15000
70829104226,2019,47400,256600,304000
60802427042,2019,15500,115900,131400
70917101225,2019,51500,269900,321400
70826419991,2019,0,4000,4000
70821114033,2019,55700,243300,299000
71010308049,2019,55400,138600,194000
70921409102,2019,150000,392800,542800
70823405042,2019,60300,270100,330400
71014302089,2019,58000,206700,264700
70923139012,2019,62100,53000,115100
70918201305,2019,131600,409200,540800
60802416110,2019,70300,274600,344900
80935103278,2019,68500,226200,294700
71027202028,2019,0,0,0
70921403394,2019,142900,292800,435700
80924422796,2019,400,1600,2000
60812326044,2019,26500,188200,214700
70913315119,2019,70500,229800,300300
70913427021,2019,298000,587000,885000
70922438176,2019,65200,208800,274000
70923173747,2019,3300,5900,9200
71011123032,2019,52700,252300,305000
80926104144,2019,53500,122100,175600
71002403055,2019,67600,161800,229400
71002315060,2019,2300,0,2300
70913330034,2019,697000,996000,1693000
81031229108,2019,38100,147100,185200
81015104095,2019,59000,178700,237700
70913337874,2019,3300,11700,15000
70913222166,2019,10900,327500,338400
71015207080,2019,74400,223600,298000
70929217135,2019,128100,182400,310500
70836207154,2019,68200,221000,289200
81026347056,2019,54800,255100,309900
70931408045,2019,67900,128300,196200
70829104151,2019,47400,311900,359300
60904113119,2019,89200,348300,437500
80924407011,2019,7600,129100,136700
80925412382,2019,69200,155000,224200
71001323022,2019,63600,223600,287200
70833108016,2019,80400,267600,348000
70933203229,2019,241900,805800,1047700
70823118190,2019,12800,98700,111500
60902202013,2019,132000,0,132000
80936414137,2019,68000,165000,233000
70816311058,2019,36200,0,36200
70823210467,2019,113400,292900,406300
70935302160,2019,440000,1180000,1620000
70920302315,2019,142300,232900,375200
70828314545,2019,1200,0,1200
70931106029,2019,0,0,0
70824102051,2019,103100,284100,387200
71005107109,2019,39200,141100,180300
70931208560,2019,142300,256700,399000
71006434238,2019,52500,1000,53500
70823104991,2019,0,0,0
70826420633,2019,0,4000,4000
70834214309,2019,27000,338000,365000
70923163227,2019,44900,106000,150900
70836402069,2019,62600,150700,213300
70824405017,2019,100000,239200,339200
81030212146,2019,45600,118800,164400
71005312097,2019,57800,250600,308400
60906109190,2019,71600,187900,259500
71003414027,2019,55900,179100,235000
71003418186,2019,51200,172300,223500
70929410052,2019,87300,257700,345000
70820105174,2019,100,0,100
81027204015,2019,504500,399900,904400
70925206108,2019,82500,234700,317200
60802418273,2019,0,0,0
60811439236,2019,20000,193800,213800
70823310035,2019,13100,168000,181100
81031207021,2019,49800,192300,242100
81026352055,2019,41100,228800,269900
70834101118,2019,52500,220500,273000
60804203086,2019,72000,278000,350000
71015403133,2019,55900,167800,223700
70828314074,2019,88000,251800,339800
60802305503,2019,13800,210900,224700
70920102103,2019,113400,161600,275000
80924432018,2019,11400,191200,202600
60801309069,2019,352000,295000,647000
80924444675,2019,400,1600,2000
80925211156,2019,56900,145800,202700
70813402248,2019,533400,119400,652800
71009207046,2019,50100,158700,208800
70921206144,2019,60400,60000,120400
70929308041,2019,111000,342300,453300
70913210195,2019,80800,263000,343800
70826417143,2019,21500,118500,140000
70932403052,2019,119700,282300,402000
71014307146,2019,59200,191300,250500
70836308192,2019,77000,298000,375000
71004309011,2019,57900,132900,190800
60811102031,2019,104100,293500,397600
60904107120,2019,92500,195600,288100
80924418034,2019,8600,150000,158600
70823211184,2019,78300,216000,294300
80926200885,2019,120600,166600,287200
71015105078,2019,66400,129200,195600
70814303015,2019,93400,232600,326000
81030317061,2019,53800,139500,193300
70923153989,2019,1300,23700,25000
60802112255,2019,86100,170000,256100
70923408467,2019,44600,414400,459000
70825209301,2019,8000,20000,28000
71016201312,2019,97800,136500,234300
81035201011,2019,0,0,0
70922202092,2019,114700,204400,319100
70929421215,2019,160100,449000,609100
60812306153,2019,78100,229900,308000
70929123423,2019,21700,419600,441300
70918322078,2019,0,2000,2000
71009406250,2019,65700,134300,200000
80924302063,2019,56600,297300,353900
71009215049,2019,44200,155500,199700
70929219149,2019,93800,209200,303000
70835113039,2019,117000,374000,491000
70928212160,2019,97800,201400,299200
60802101117,2019,72100,190900,263000
70923156389,2019,5000,10000,15000
71010415050,2019,312000,694000,1006000
70920117061,2019,150300,324400,474700
80925414289,2019,55400,173600,229000
70836111024,2019,76900,176400,253300
81028113025,2019,57100,166300,223400
70932422078,2019,48800,83800,132600
70920222175,2019,16400,133600,150000
81034411140,2019,70000,200100,270100
80924310149,2019,93200,285800,379000
70912415043,2019,9000,91300,100300
70913345091,2019,67900,76400,144300
60811421241,2019,16000,185200,201200
70828413090,2019,0,0,0
70913434539,2019,0,2300,2300
71016402217,2019,61900,161400,223300
71010210153,2019,55900,139800,195700
71011406032,2019,86600,275700,362300
71005223294,2019,63400,187600,251000
71004200897,2019,0,0,0
70921112143,2019,113800,241100,354900
71006303144,2019,50100,210400,260500
70826420609,2019,0,4000,4000
60801203063,2019,66700,145000,211700
70835310205,2019,481100,681300,1162400
80926309091,2019,70300,375500,445800
81034408189,2019,0,0,0
70932410065,2019,74000,123600,197600
71034105306,2019,86900,241100,328000
81033306144,2019,41600,119800,161400
70814429168,2019,40100,285200,325300
71015118089,2019,49800,150300,200100
71004302453,2019,48000,188700,236700
70935116032,2019,497400,2639600,3137000
70926404074,2019,80600,93900,174500
70913350660,2019,0,15000,15000
70828427025,2019,0,0,0
70823202026,2019,137300,202100,339400
71001408030,2019,52700,197100,249800
71010117010,2019,65500,159900,225400
60802413356,2019,0,0,0
70924213039,2019,628000,416500,1044500
70912409400,2019,90100,239500,329600
70833102084,2019,145000,320600,465600
70828306104,2019,35000,244900,279900
80925208038,2019,55200,127900,183100
80926104029,2019,56800,127500,184300
71011206060,2019,34200,243500,277700
70918415534,2019,9500,33800,43300
81035112094,2019,100,0,100
70923106029,2019,182000,1305000,1487000
71014304019,2019,56000,234300,290300
70922232073,2019,140500,314700,455200
70929201188,2019,126000,389100,515100
70821108185,2019,116900,288100,405000
70828316335,2019,100,0,100
80924426871,2019,400,1600,2000
71007106084,2019,102800,276800,379600
70923143401,2019,44900,177900,222800
70826420253,2019,0,4000,4000
70823106088,2019,85400,239600,325000
60801414181,2019,84400,205000,289400
71010112028,2019,53400,196600,250000
70923164382,2019,44900,406000,450900
71034104481,2019,82400,196900,279300
60903201379,2019,84900,221100,306000
70931403045,2019,101800,198200,300000
70836409049,2019,60300,146700,207000
70913305011,2019,0,0,0
70929117161,2019,89900,260000,349900
70929422156,2019,144200,233200,377400
70932110110,2019,158600,372700,531300
71014107174,2019,12300,223900,236200
81031303100,2019,0,0,0
70920410267,2019,115100,193100,308200
70836407043,2019,64600,140500,205100
60904105190,2019,81500,202400,283900
80926403249,2019,86000,284000,370000
70833118106,2019,86700,285300,372000
80926205041,2019,63400,188400,251800
70921111129,2019,127100,273400,400500
80925116976,2019,800,1200,2000
70826422069,2019,0,4000,4000
60802409230,2019,75800,194700,270500
71035103333,2019,64600,267700,332300
71006110375,2019,103800,160600,264400
70821410168,2019,98900,0,98900
70930408062,2019,79700,178300,258000
71009409147,2019,66500,131300,197800
70930101103,2019,73200,244200,317400
70917101332,2019,51500,245400,296900
71012205011,2019,76200,495700,571900
71006432042,2019,106500,196800,303300
60812209159,2019,924000,7686000,8610000
60802433023,2019,15000,92200,107200
70930202034,2019,1200000,3020000,4220000
60903208094,2019,14900,107200,122100
70913338038,2019,0,0,0
80936408148,2019,73800,135600,209400
60812319031,2019,85300,207500,292800
70929308033,2019,120700,344300,465000
80924105095,2019,90400,263200,353600
70813310417,2019,20100,164800,184900
70833103066,2019,129900,385100,515000
70923156123,2019,3300,11700,15000
70928208086,2019,97800,157400,255200
71002436022,2019,61800,102600,164400
81032300824,2019,0,0,0
71003105064,2019,55700,239500,295200
70934300884,2019,16000,0,16000
70834103081,2019,179400,355100,534500
70928108012,2019,112300,379400,491700
60811401136,2019,84500,244500,329000
70923150084,2019,92700,538800,631500
60801303219,2019,79500,157600,237100
71006123162,2019,45700,198300,244000
60802105119,2019,65300,195400,260700
80924416814,2019,400,1600,2000
70813304296,2019,87000,154600,241600
70928306202,2019,53700,161300,215000
70921125013,2019,124400,318500,442900
60905107129,2019,49500,133000,182500
70833123080,2019,107200,380800,488000
70823310043,2019,11700,126900,138600
60906204015,2019,0,0,0
70901118153,2019,18700,126900,145600
71010119115,2019,58700,256100,314800
70922437079,2019,94500,247300,341800
80925404131,2019,40200,168500,208700
60812116015,2019,77200,203600,280800
70923154086,2019,0,7500,7500
81023304588,2019,35600,123200,158800
81030316039,2019,76000,263600,339600
70823112176,2019,80200,304800,385000
70926413116,2019,45600,127500,173100
71005411154,2019,52600,175500,228100
81032301319,2019,28600,173800,202400
70824218113,2019,306800,526900,833700
71005340121,2019,99200,352200,451400
71011120096,2019,46600,253000,299600
70816401320,2019,184700,471000,655700
70914420040,2019,435000,491000,926000
81026355215,2019,19600,0,19600
71009214182,2019,54100,142600,196700
70919405188,2019,108100,288300,396400
70935300875,2019,45000,168700,213700
80924101134,2019,102600,230100,332700
70923164548,2019,44900,768700,813600
71005406296,2019,42800,201100,243900
81014300925,2019,163000,0,163000
60803105241,2019,103200,194100,297300
60812305048,2019,74300,209100,283400
70913112185,2019,62200,381700,443900
71010301358,2019,54300,172200,226500
70920419219,2019,108800,185600,294400
60811202039,2019,95100,192500,287600
70834307188,2019,147500,587500,735000
70928317077,2019,141600,514700,656300
71007206090,2019,48800,146900,195700
70924222014,2019,1890000,13699000,15589000
60801418050,2019,27200,191300,218500
70834427712,2019,0,5000,5000
71010207407,2019,55200,123900,179100
81021107033,2019,60300,190600,250900
80936205122,2019,0,0,0
70829401094,2019,12400,0,12400
81028404226,2019,59400,164000,223400
80926108089,2019,50800,149600,200400
70826201033,2019,0,0,0
70923154151,2019,0,7500,7500
71021215126,2019,56400,164000,220400
70829418239,2019,14300,0,14300
71007114045,2019,125900,181000,306900
80924434949,2019,400,1600,2000
70833116019,2019,85800,217400,303200
70923107126,2019,1133000,650000,1783000
71019401092,2019,325600,314900,640500
71011112142,2019,58700,293000,351700
71007216198,2019,88700,208500,297200
70834403027,2019,124000,471000,595000
70920219669,2019,0,0,0
71015211065,2019,70600,217900,288500
60801315206,2019,73200,248700,321900
70929403023,2019,96500,396000,492500
71009208044,2019,48000,136800,184800
71014106449,2019,12500,166800,179300
70823105048,2019,89400,268700,358100
71001404020,2019,80600,175500,256100
70823208016,2019,86900,202900,289800
71010101089,2019,55600,171400,227000
71007107123,2019,98100,294600,392700
70835207155,2019,88600,245400,334000
71011108216,2019,30000,225600,255600
70929202144,2019,107000,306700,413700
81034320060,2019,25000,81300,106300
70922434083,2019,49800,247200,297000
70920304270,2019,98800,253200,352000
81028102341,2019,60300,150600,210900
80926108310,2019,57600,161100,218700
70821203042,2019,97000,312900,409900
71022202049,2019,263500,744500,1008000
70829407042,2019,8700,0,8700
71010304154,2019,54600,162500,217100
71016209184,2019,73900,118700,192600
81030306197,2019,68500,208600,277100
70922205187,2019,114000,336000,450000
71010413103,2019,54000,139000,193000
71027400937,2019,75200,95500,170700
71015407078,2019,52500,191500,244000
71010407023,2019,57900,199000,256900
70919103138,2019,99500,266900,366400
60802423040,2019,18900,132100,151000
81035111020,2019,100,0,100
80926402978,2019,33700,0,33700
71001403048,2019,0,0,0
70813309171,2019,84000,193500,277500
70823403228,2019,50600,188900,239500
70824406073,2019,100000,250400,350400
60812316037,2019,86000,261800,347800
70920219338,2019,0,0,0
81034108482,2019,61400,123800,185200
71003204014,2019,54300,179900,234200
70913347914,2019,3200,19800,23000
70921219189,2019,149900,512400,662300
60801302203,2019,71900,171500,243400
70913415050,2019,93000,340500,433500
81021303326,2019,45900,194600,240500
81028101195,2019,60100,175400,235500
81034108242,2019,60800,170700,231500
70816303071,2019,175800,424200,600000
71005409117,2019,41800,13000,54800
70913354612,2019,0,2500,2500
70813402412,2019,305900,634100,940000
80924441043,2019,11400,197600,209000
81028113314,2019,72800,250800,323600
70835309141,2019,84700,205300,290000
70921415018,2019,150700,205300,356000
81028102052,2019,59000,137600,196600
71007206040,2019,65400,160700,226100
70826412101,2019,8200,63400,71600
70835202345,2019,106200,311700,417900
70929214157,2019,95200,201500,296700
60812315063,2019,38000,150900,188900
70933204136,2019,152700,363600,516300
70926410013,2019,616000,606400,1222400
71003416247,2019,50400,200400,250800
70923160546,2019,0,0,0
71002436113,2019,58800,216200,275000
71015115035,2019,40600,180500,221100
60803112204,2019,92700,337800,430500
71003205012,2019,53100,141600,194700
70923167146,2019,3400,13800,17200
81028121028,2019,10100,96400,106500
71011104107,2019,72800,266500,339300
70918221105,2019,127900,172700,300600
81034323048,2019,29100,123700,152800
71007108014,2019,0,0,0
70914439025,2019,0,0,0
60811103310,2019,103300,323800,427100
70813307092,2019,122400,257700,380100
70913353292,2019,45000,219700,264700
70924219805,2019,0,25000,25000
70821112136,2019,115000,311000,426000
70926104096,2019,80900,159100,240000
80936207219,2019,55600,168800,224400
71016413032,2019,60800,165900,226700
81030317350,2019,56000,179400,235400
70913349407,2019,36000,234700,270700
70920124149,2019,15200,112100,127300
70823412071,2019,69200,168000,237200
71006404067,2019,45000,445000,490000
70913331206,2019,1280000,21090000,22370000
70936308092,2019,57600,131800,189400
70821114158,2019,61300,221700,283000
70814415034,2019,89000,273900,362900
71015116132,2019,47700,195300,243000
71003307123,2019,54000,171000,225000
71005205250,2019,53700,98700,152400
80926109087,2019,43300,105700,149000
70835307228,2019,79600,215400,295000
71030201281,2019,452100,656900,1109000
81033205156,2019,46200,124500,170700
70920220426,2019,0,8900,8900
60811111115,2019,103300,291700,395000
70823406082,2019,69000,321000,390000
70931403136,2019,103100,242600,345700
71035118126,2019,67900,283500,351400
70914437029,2019,1100,5900,7000
71006106077,2019,61400,177900,239300
70835208088,2019,85900,205000,290900
71005407377,2019,52600,94000,146600
70826416608,2019,21500,128200,149700
70930401066,2019,71000,197100,268100
81034205361,2019,66600,156100,222700
60812402092,2019,74100,222200,296300
71021221206,2019,75000,152700,227700
70923153822,2019,2700,37300,40000
70913347229,2019,0,0,0
70931302338,2019,106900,155400,262300
70918102074,2019,542900,469900,1012800
60811428031,2019,76200,219700,295900
71009108111,2019,57900,180500,238400
60801419503,2019,16600,188700,205300
70920218926,2019,0,0,0
70922405050,2019,39000,231000,270000
71007104070,2019,102800,379200,482000
81030301014,2019,355500,857800,1213300
70926118229,2019,78600,198500,277100
60903214025,2019,17300,74900,92200
71022302740,2019,33000,242000,275000
70931310159,2019,99000,114100,213100
70922206094,2019,117700,207800,325500
60801105201,2019,66100,124000,190100
70919408017,2019,117800,337300,455100
70923141439,2019,200,2200,2400
70923156032,2019,5000,10000,15000
71021102018,2019,215000,827500,1042500
70936403165,2019,66700,115000,181700
70820107039,2019,100,0,100
70923124203,2019,181700,56500,238200
60906105156,2019,67600,163700,231300
70833207074,2019,106900,348100,455000
70836403306,2019,73700,180700,254400
70920220294,2019,0,8600,8600
70919205033,2019,88400,130500,218900
70923133220,2019,74900,235100,310000
70826412820,2019,10200,59800,70000
80926307061,2019,67400,228600,296000
60802441018,2019,35600,101400,137000
81034403014,2019,60700,162800,223500
70932308020,2019,63900,155600,219500
70931412153,2019,89100,235500,324600
70823118083,2019,12800,82600,95400
70833205672,2019,26400,117600,144000
71005214095,2019,47100,115400,162500
70823408286,2019,46900,226400,273300
71003316033,2019,57300,170300,227600
60802314124,2019,98100,281900,380000
81034411223,2019,68800,192000,260800
70928116198,2019,126600,143300,269900
71006113064,2019,63800,154700,218500
81022301048,2019,88000,297000,385000
70813111063,2019,270000,0,270000
70821300997,2019,0,0,0
70920219106,2019,0,0,0
60811109011,2019,103300,255100,358400
70922422252,2019,67900,334900,402800
60811421217,2019,19000,203000,222000
80925112106,2019,10900,236100,247000
71007117122,2019,69500,59700,129200
81030314182,2019,57500,153800,211300
70928103046,2019,106000,361500,467500
70834205043,2019,81600,230400,312000
60811203061,2019,95800,209200,305000
70923173268,2019,3300,5900,9200
70826410452,2019,67200,172300,239500
60812114225,2019,74600,192100,266700
70923130193,2019,452700,5966300,6419000
60906201243,2019,64900,191200,256100
70932411261,2019,74000,48000,122000
70918404107,2019,313000,55100,368100
70934307054,2019,825000,2735000,3560000
70926117073,2019,185700,291900,477600
71005214160,2019,47100,143500,190600
70931402295,2019,118500,250500,369000
81034108218,2019,61600,183400,245000
60801308269,2019,70800,171200,242000
70918322036,2019,0,2000,2000
60904113466,2019,96500,213500,310000
70833119253,2019,101200,239900,341100
81030404032,2019,0,0,0
70824213022,2019,111600,333000,444600
71003211077,2019,53100,134400,187500
71030215018,2019,235000,239500,474500
71005302098,2019,51700,152000,203700
70923318012,2019,129600,190400,320000
70931305100,2019,104200,237500,341700
70823205385,2019,18100,265600,283700
70901105267,2019,47300,153300,200600
70919110290,2019,174700,99000,273700
71005229052,2019,39200,133100,172300
70814420025,2019,15200,167100,182300
70923167493,2019,6500,13500,20000
70923158210,2019,45200,216300,261500
71012303047,2019,0,0,0
70912447054,2019,9000,91300,100300
60904105174,2019,80300,208100,288400
70923201259,2019,1198000,9493000,10691000
81034410142,2019,73400,223000,296400
70826315438,2019,52900,0,52900
70921206243,2019,71500,197700,269200
81023209457,2019,0,1200,1200
70824205037,2019,125100,333400,458500
81028407022,2019,672000,1328000,2000000
70932420014,2019,43200,1000,44200
70926415336,2019,76900,126900,203800
71003402147,2019,46800,156900,203700
81034203125,2019,73900,222900,296800
60812210065,2019,135000,505000,640000
71007313051,2019,107300,403100,510400
70826410494,2019,67400,153200,220600
70920217027,2019,12300,607800,620100
70931414349,2019,64000,162700,226700
80926402986,2019,51300,138600,189900
70929415193,2019,85000,237100,322100
70828412034,2019,0,0,0
70923212206,2019,131000,459000,590000
70918406046,2019,132700,146200,278900
70828119028,2019,112300,212200,324500
70920217366,2019,400,14600,15000
70913328013,2019,0,0,0
70930402163,2019,0,0,0
60801315173,2019,77800,272700,350500
70826420534,2019,0,4000,4000
71009204084,2019,48000,188000,236000
71002418575,2019,100,0,100
70928205199,2019,97800,244200,342000
70929114018,2019,91200,284300,375500
70813313057,2019,23900,206100,230000
70822401059,2019,0,0,0
80936206063,2019,55600,182800,238400
60802100987,2019,47500,213500,261000
80925308086,2019,74400,98900,173300
71005107068,2019,39200,166400,205600
71014208055,2019,67500,170400,237900
70834206108,2019,82100,207000,289100
70835124218,2019,500,1500,2000
70922117027,2019,132000,683000,815000
71003308080,2019,60300,200600,260900
71002306085,2019,53900,220000,273900
81027300855,2019,606000,1231600,1837600
71005411089,2019,56400,101100,157500
70921213222,2019,78800,351400,430200
60801119054,2019,68400,179400,247800
71001313081,2019,88100,203000,291100
80924436052,2019,13300,227600,240900
81034418071,2019,104800,98600,203400
81026425117,2019,100,0,100
70824103041,2019,123100,221900,345000
70928111148,2019,117900,205800,323700
60901203210,2019,60500,147700,208200
70921213024,2019,66800,246800,313600
70824109148,2019,120900,374600,495500
70913108473,2019,82500,117100,199600
60813201998,2019,0,0,0
80925412407,2019,61300,155900,217200
70824306281,2019,83000,427000,510000
80925206040,2019,55800,150000,205800
70921320051,2019,85500,166600,252100
70822107152,2019,51400,154900,206300
70816401065,2019,174300,440800,615100
71011223098,2019,18500,172900,191400
81034316100,2019,24300,122500,146800
71019404179,2019,0,0,0
60811101017,2019,99500,208600,308100
60802309331,2019,91800,212900,304700
70923148766,2019,4200,800,5000
80924445904,2019,400,1600,2000
71007106117,2019,101100,278900,380000
80924105029,2019,65700,369200,434900
71010207118,2019,53600,148700,202300
81026421066,2019,2900,0,2900
70923412202,2019,1700,16300,18000
70918320022,2019,20500,71100,91600
70936309272,2019,59500,163800,223300
71016112311,2019,55900,116900,172800
71007243232,2019,0,15000,15000
80924425724,2019,400,1600,2000
81031302194,2019,50300,122300,172600
81030208038,2019,64000,251000,315000
71006308110,2019,50100,163700,213800
71035206187,2019,67600,188900,256500
70930201036,2019,0,0,0
81035110064,2019,100,0,100
70922317172,2019,151400,385400,536800
70921213090,2019,67300,327200,394500
71005111358,2019,52000,363000,415000
70914424117,2019,2357000,8809000,11166000
70922339069,2019,136900,487900,624800
80924409033,2019,8000,155000,163000
80936203043,2019,53700,135300,189000
70826414339,2019,16100,101800,117900
70816408160,2019,214600,569500,784100
71003105080,2019,55700,221300,277000
70913309146,2019,77000,248300,325300
70928214174,2019,99700,260200,359900
71003305341,2019,52700,128100,180800
80924437042,2019,13300,237000,250300
60802408258,2019,78500,192700,271200
70928220105,2019,108400,210200,318600
70919205075,2019,73400,191600,265000
70827307020,2019,0,0,0
80926205158,2019,65600,186700,252300
71010213074,2019,57900,144600,202500
70929305261,2019,81600,211700,293300
60812115174,2019,82000,179000,261000
70919206099,2019,85500,83700,169200
71015300909,2019,102600,51700,154300
71006204459,2019,54600,196000,250600
70813301101,2019,80000,218000,298000
70828124192,2019,12900,186600,199500
81030211065,2019,40600,104300,144900
70929124554,2019,0,10000,10000
70828113129,2019,90100,171900,262000
81031211329,2019,12000,1500,13500
71012202174,2019,63600,184100,247700
71010210202,2019,53100,172300,225400
70828420178,2019,0,0,0
71009410087,2019,65300,145100,210400
70913354646,2019,0,2500,2500
70835124953,2019,500,1500,2000
70813314039,2019,12600,212400,225000
71012208180,2019,59600,182400,242000
71019405010,2019,82900,93100,176000
81033103045,2019,1000,0,1000
60906204081,2019,86000,204000,290000
70920214221,2019,19000,253200,272200
70913207217,2019,84800,187300,272100
70834408118,2019,0,0,0
70922437178,2019,92000,252800,344800
70918105078,2019,123200,176900,300100
81026355182,2019,15500,0,15500
71005302105,2019,65100,175300,240400
70821402066,2019,116400,317100,433500
70926414031,2019,40500,122700,163200
60812110174,2019,79600,199000,278600
70828107114,2019,92400,179600,272000
70923150753,2019,83600,562200,645800
71005328036,2019,105800,311400,417200
71010205237,2019,53600,146900,200500
70931416121,2019,104500,170500,275000
70920109050,2019,82200,167600,249800
70913103051,2019,100700,101800,202500
71011311025,2019,21600,104500,126100
70928311037,2019,193700,142200,335900
70928203143,2019,89900,246900,336800
70828421019,2019,0,0,0
70920104191,2019,89000,321000,410000
71001336067,2019,28600,268500,297100
81028402014,2019,66400,117800,184200
70914408012,2019,622000,2230000,2852000
70836304067,2019,0,0,0
81033405219,2019,132000,638000,770000
81028118942,2019,8700,69300,78000
81014303721,2019,11300,0,11300
81026344036,2019,5000,0,5000
70928117047,2019,203300,411700,615000
70921304013,2019,187900,314800,502700
71022304035,2019,55900,111600,167500
71006422100,2019,52300,168600,220900
71006109261,2019,22500,122900,145400
71006117131,2019,39600,189900,229500
71001110015,2019,208100,0,208100
80924420716,2019,400,1600,2000
70901102172,2019,71000,108400,179400
70913311068,2019,135900,251100,387000
71005218104,2019,44400,374100,418500
60906209031,2019,55000,189800,244800
71016209100,2019,72300,149700,222000
70922402113,2019,63300,213700,277000
70930207018,2019,733000,5297000,6030000
80935101123,2019,56100,153700,209800
70913313072,2019,119700,225900,345600
70913219072,2019,18900,251600,270500
70835122022,2019,6500,81500,88000
70823405266,2019,54400,257900,312300
80924434907,2019,400,1600,2000
81033204041,2019,64000,306000,370000
70913346221,2019,85600,382400,468000
70923216159,2019,104000,185000,289000
70923165877,2019,57200,285300,342500
70913353151,2019,45000,242400,287400
71035109068,2019,71800,216900,288700
70836404221,2019,61600,142000,203600
80925213079,2019,58000,112100,170100
70922211126,2019,133000,386000,519000
70929115024,2019,108800,170600,279400
81026366014,2019,3800,0,3800
81034106220,2019,0,0,0
70918223242,2019,242000,425000,667000
70826418258,2019,21200,109000,130200
71014308053,2019,54100,163000,217100
70928111015,2019,122500,388700,511200
70929107047,2019,114800,236000,350800
71007315057,2019,103000,234200,337200
81015104079,2019,57000,167500,224500
71005314126,2019,63700,239300,303000
70824104031,2019,236900,378800,615700
70931303071,2019,104200,146400,250600
70914438605,2019,2200,22800,25000
70923171337,2019,2300,1300,3600
60904105314,2019,84200,183600,267800
71003312247,2019,49300,145700,195000
70828122013,2019,86500,197200,283700
70833101060,2019,159200,408300,567500
70823314037,2019,132700,347800,480500
71030201190,2019,504200,539900,1044100
81023207526,2019,33600,130200,163800
71005414249,2019,48000,108100,156100
70923169192,2019,6500,18500,25000
70919407027,2019,113200,241100,354300
71021113453,2019,15100,97100,112200
71027407090,2019,51000,203000,254000
70929409063,2019,83700,218000,301700
81027203249,2019,923500,4886500,5810000
70921221069,2019,125600,314700,440300
71011305242,2019,66900,178600,245500
60811103229,2019,96000,238000,334000
70916300993,2019,0,0,0
70934302129,2019,80600,177900,258500
80924406138,2019,7600,122900,130500
71027404070,2019,66600,187600,254200
71003413037,2019,64200,171800,236000
80936401176,2019,69000,156500,225500
71006212147,2019,38700,283600,322300
71011421197,2019,50700,191300,242000
60802311378,2019,91600,294700,386300
70920408171,2019,186100,223100,409200
70913433086,2019,6800,169100,175900
71006120225,2019,31500,193900,225400
70914438358,2019,2200,22800,25000
71003306018,2019,57800,182200,240000
70921126201,2019,128000,217500,345500
80925110275,2019,54500,132900,187400
70923170652,2019,2100,500,2600
70814422112,2019,94300,195600,289900
70930409010,2019,77200,179400,256600
71003412162,2019,50600,249500,300100
70935109045,2019,45900,115500,161400
80925219150,2019,54500,141600,196100
70922404193,2019,113900,216400,330300
70923402203,2019,0,0,0
60811430094,2019,80700,223900,304600
80925125084,2019,12900,290300,303200
71010203166,2019,54000,235300,289300
70826419595,2019,0,4000,4000
70919109136,2019,94200,157900,252100
70922335158,2019,104500,365700,470200
70823212059,2019,90800,228900,319700
81028403038,2019,60900,150800,211700
70931208255,2019,77000,167400,244400
70834304035,2019,130000,489000,619000
81034412148,2019,69000,209500,278500
70824415066,2019,14600,91600,106200
70829108187,2019,76200,273500,349700
70926216156,2019,143100,321900,465000
70921203140,2019,133000,372000,505000
70929101023,2019,76900,268200,345100
81028121771,2019,8700,68600,77300
71014310016,2019,62200,273000,335200
60904102120,2019,83400,218400,301800
80924309142,2019,71300,245700,317000
70921114206,2019,124400,308200,432600
70926304125,2019,107600,157400,265000
70931403011,2019,125600,175000,300600
71014307360,2019,61900,164000,225900
70922409044,2019,127800,276500,404300
70821201137,2019,100,0,100
70928312069,2019,132900,349900,482800
70924218047,2019,51300,548700,600000
80926404073,2019,0,0,0
70929303314,2019,80600,208700,289300
71009311045,2019,68800,134100,202900
81015104160,2019,61100,175600,236700
71006109196,2019,60600,107300,167900
71010201251,2019,52900,188400,241300
71021222113,2019,61800,170200,232000
70813310201,2019,12600,126300,138900
81027202077,2019,60000,177000,237000
70914412154,2019,99500,476500,576000
70922405167,2019,133500,315600,449100
70919228043,2019,24100,268900,293000
71011118108,2019,30500,212500,243000
81031223077,2019,24200,93600,117800
60801303300,2019,78000,147800,225800
71006410048,2019,68000,221400,289400
71005332144,2019,154200,319600,473800
70913209297,2019,75400,221300,296700
81034316035,2019,24300,126700,151000
71003214138,2019,53100,153200,206300
70834407037,2019,0,0,0
80924402970,2019,400,1600,2000
70930106997,2019,0,0,0
80924311189,2019,64400,244100,308500
80925217120,2019,57100,151700,208800
71005415164,2019,10000,0,10000
70913403089,2019,125000,312900,437900
80925115895,2019,800,1200,2000
70920117037,2019,169800,255700,425500
70913214254,2019,77000,200300,277300
60803401011,2019,1489000,0,1489000
70913108324,2019,55600,250500,306100
60905102111,2019,51000,78500,129500
71009210099,2019,65600,172700,238300
70932103066,2019,126800,218300,345100
71026402067,2019,80100,323900,404000
70828316161,2019,100,0,100
71035103341,2019,64600,264900,329500
70820109126,2019,100,0,100
81021401039,2019,58400,136500,194900
71003416073,2019,48700,189400,238100
71015402010,2019,316000,369000,685000
71002305160,2019,100,0,100
70931104304,2019,163100,204800,367900
60801208328,2019,51100,173400,224500
60903202137,2019,88900,186000,274900
70932411120,2019,79800,123100,202900
81033207045,2019,44900,145600,190500
71027406034,2019,51000,176800,227800
60802410253,2019,72200,176700,248900
70826310157,2019,100200,361500,461700
70901109235,2019,72600,129700,202300
71002303057,2019,33000,199900,232900
70822105106,2019,111200,300200,411400
80925112073,2019,11400,234500,245900
60906107079,2019,67600,133600,201200
70913222083,2019,10000,300900,310900
70835124565,2019,500,1500,2000
70921311167,2019,81000,265300,346300
81028108076,2019,57100,129300,186400
70827107082,2019,42000,365400,407400
70912404187,2019,100400,296200,396600
70926414164,2019,46100,85800,131900
71012205186,2019,77100,301800,378900
70926403109,2019,81900,154200,236100
60812117146,2019,73600,173000,246600
71016202039,2019,101000,10000,111000
70919210090,2019,95000,180800,275800
60811419246,2019,0,0,0
60811424120,2019,100500,218600,319100
70922402098,2019,63300,192300,255600
60903212079,2019,12200,66600,78800
81034325169,2019,30000,98500,128500
70826315248,2019,49200,208800,258000
70923171353,2019,1700,1300,3000
70930401157,2019,0,0,0
70820104019,2019,100,0,100
81021105045,2019,63200,176200,239400
71011212174,2019,47700,183800,231500
71009320038,2019,68600,181400,250000
70923164150,2019,44900,372000,416900
70929112012,2019,101500,205300,306800
70836301146,2019,61600,192800,254400
71010401059,2019,80900,135100,216000
81031406277,2019,38100,167900,206000
71015203236,2019,49600,196500,246100
71003407139,2019,49900,203100,253000
70913202043,2019,138600,205300,343900
81027303015,2019,495000,3945000,4440000
70823407048,2019,59100,190100,249200
81032421026,2019,83000,194000,277000
60812326028,2019,26500,179700,206200
80936404138,2019,78700,144200,222900
80925405329,2019,56100,172700,228800
60812222094,2019,26200,175700,201900
70931201134,2019,81100,135800,216900
70929105174,2019,103200,263800,367000
70924219227,2019,0,25000,25000
80925119045,2019,12200,275600,287800
71010105239,2019,57500,192300,249800
70835208012,2019,96500,234300,330800
81032108997,2019,0,575000,575000
81028118314,2019,10800,96700,107500
71009410095,2019,67100,141100,208200
80936113010,2019,14900,95500,110400
71007304258,2019,111400,429200,540600
70920218231,2019,400,14600,15000
70813402082,2019,655500,418200,1073700
70833302569,2019,216500,296000,512500
71006132197,2019,65100,233400,298500
70828404099,2019,0,0,0
71006131082,2019,49000,266000,315000
71003314095,2019,48400,150400,198800
70816410058,2019,187600,433500,621100
70928202096,2019,95500,210800,306300
70822107178,2019,51400,168200,219600
70913306051,2019,0,0,0
70929413048,2019,90200,213800,304000
80926303176,2019,69700,202500,272200
80924414206,2019,28700,381300,410000
70926215041,2019,79000,301000,380000
70923170371,2019,1500,400,1900
70935115068,2019,49900,124700,174600
70834428439,2019,20300,177700,198000
70920219651,2019,0,0,0
70913303065,2019,0,0,0
81030301139,2019,0,0,0
70814414094,2019,89000,228200,317200
71005112075,2019,65100,214900,280000
81021106019,2019,61100,165500,226600
71002405324,2019,50100,234700,284800
71003314243,2019,48400,165200,213600
71006106051,2019,61400,154100,215500
70914438738,2019,2200,22800,25000
70922408179,2019,56800,425700,482500
60906109249,2019,71700,167400,239100
70823121200,2019,20000,107100,127100
71010207150,2019,59100,141600,200700
60804105266,2019,143100,664200,807300
70923134111,2019,56200,225800,282000
70920414045,2019,123800,226500,350300
60811302037,2019,92200,266400,358600
70923411288,2019,35200,361800,397000
71035121046,2019,58400,204500,262900
70918415261,2019,10500,121400,131900
70931307221,2019,101000,146900,247900
60801113246,2019,59500,158500,218000
81034107236,2019,59700,169300,229000
80936403148,2019,71300,159600,230900
70922213049,2019,179700,548000,727700
70923160520,2019,8000,7000,15000
71005221256,2019,78000,225500,303500
60906105015,2019,69100,163900,233000
70835306212,2019,81800,180400,262200
70921210202,2019,71900,189100,261000
70919219068,2019,90800,193700,284500
71003418136,2019,49000,143600,192600
71003410140,2019,50400,169100,219500
70813103169,2019,110000,420000,530000
81016303034,2019,644500,1546000,2190500
70922217067,2019,158400,397100,555500
70919106033,2019,105600,129400,235000
71002419010,2019,76300,268800,345100
70914435057,2019,24400,271500,295900
71006445011,2019,33700,281700,315400
70931403201,2019,106800,175500,282300
71005409258,2019,41400,177300,218700
70920302092,2019,136700,324600,461300
71006107116,2019,95300,224000,319300
70931403144,2019,103100,183100,286200
60801306081,2019,73300,168200,241500
60801307146,2019,0,0,0
71015111348,2019,50600,174800,225400
60812121428,2019,82000,223800,305800
71009411225,2019,63300,137200,200500
71009413073,2019,63300,144400,207700
71006427100,2019,51000,371000,422000
70929305295,2019,87300,198900,286200
70929424045,2019,114400,220700,335100
70922431162,2019,138500,166900,305400
60812327117,2019,6000,86400,92400
70829418247,2019,14300,0,14300
71020302023,2019,88000,125000,213000
70933201207,2019,140800,324200,465000
81028301050,2019,54000,511000,565000
70923413127,2019,1700,16300,18000
70923168780,2019,6500,18500,25000
70920217134,2019,13700,546300,560000
70921302174,2019,113200,227900,341100
81032103179,2019,32500,97900,130400
70930416130,2019,92300,245400,337700
70929220063,2019,88300,162000,250300
80924418969,2019,400,1600,2000
71007209119,2019,157500,196600,354100
70913433078,2019,7900,199100,207000
71010314111,2019,63500,201300,264800
70836305073,2019,400000,2800000,3200000
70826310298,2019,0,0,0
80925108204,2019,53600,114600,168200
71010305235,2019,53600,130600,184200
70834301148,2019,170000,397100,567100
70822102128,2019,100100,305800,405900
70918319364,2019,20500,62600,83100
81021403324,2019,53100,129400,182500
70923168673,2019,3400,13800,17200
81026355091,2019,0,0,0
71006301180,2019,0,0,0
70918408133,2019,220500,502200,722700
70929115032,2019,113500,187900,301400
70913215129,2019,0,0,0
81028102135,2019,59000,155800,214800
70929215080,2019,87900,222300,310200
71035118027,2019,64600,252900,317500
70833205680,2019,26400,293500,319900
70923154094,2019,0,7500,7500
71021222080,2019,64000,172500,236500
71001317108,2019,69900,265600,335500
70823210243,2019,76800,258500,335300
71016416094,2019,62600,139600,202200
81034109076,2019,61400,185500,246900
70814201011,2019,105000,297800,402800
70921118109,2019,143500,196700,340200
70926213095,2019,101600,247600,349200
70836417216,2019,59600,146400,206000
60811117212,2019,19100,198700,217800
70833410198,2019,44700,445200,489900
70912409153,2019,101300,252200,353500
71001108036,2019,59100,195000,254100
60801111034,2019,65800,125100,190900
70930302131,2019,143000,627000,770000
71035206088,2019,67100,217900,285000
70822113084,2019,29600,326400,356000
81027204065,2019,866000,10000,876000
70923142635,2019,44900,285700,330600
70923413771,2019,0,5000,5000
70923166453,2019,84700,413200,497900
80924443809,2019,400,1600,2000
70923154507,2019,0,7500,7500
70918201199,2019,137800,336400,474200
70836216296,2019,5500,91700,97200
70929209182,2019,83800,242100,325900
70929219131,2019,89300,205800,295100
81028120434,2019,0,5000,5000
70929113200,2019,89800,272000,361800
70833305026,2019,139400,326300,465700
70829418255,2019,14300,0,14300
70913312991,2019,0,254000,254000
70919406053,2019,104500,205400,309900
71001102145,2019,0,0,0
81021302485,2019,49500,159500,209000
71007310271,2019,299500,137400,436900
71005403086,2019,41400,129200,170600
60901203161,2019,60400,154700,215100
80925121024,2019,12200,272600,284800
71005336047,2019,37000,486600,523600
60811116397,2019,18800,208000,226800
81027208017,2019,53800,186800,240600
71002405241,2019,59700,321500,381200
70932302171,2019,160000,70000,230000
70922326058,2019,66000,149000,215000
81026361113,2019,100,0,100
70931404184,2019,102400,144400,246800
70913315036,2019,45100,365500,410600
70926414130,2019,50700,86100,136800
70931403235,2019,106800,179400,286200
70923212074,2019,523000,1113000,1636000
71021209020,2019,60000,148400,208400
81015106033,2019,61500,177700,239200
70932210861,2019,0,5000,5000
71003106278,2019,53100,150400,203500
71007116158,2019,81900,298100,380000
70936309090,2019,59700,155800,215500
70828312044,2019,71000,278000,349000
71002440122,2019,34100,0,34100
71006414032,2019,86900,325200,412100
60904102162,2019,83400,210200,293600
60812308084,2019,105200,283700,388900
71009319106,2019,68800,181200,250000
81021309035,2019,25000,87300,112300
70913353309,2019,37600,187600,225200
71019407115,2019,79900,113600,193500
70919225247,2019,109800,190600,300400
71009304157,2019,68200,105200,173400
60906206300,2019,72100,146700,218800
70924210192,2019,0,0,0
70836310197,2019,14900,111100,126000
70814409029,2019,204000,1636000,1840000
70918321400,2019,0,2000,2000
80925401088,2019,60100,152200,212300
70824309227,2019,14100,138000,152100
71009412067,2019,63500,96400,159900
71010107160,2019,59100,199600,258700
70825101060,2019,220000,345000,565000
60812302276,2019,67900,184600,252500
70929207087,2019,90400,180100,270500
70913426130,2019,333000,432000,765000
70823315168,2019,172000,516300,688300
70929201245,2019,92900,289100,382000
70823202216,2019,128600,303600,432200
71003320266,2019,48000,147200,195200
71009407183,2019,62100,127600,189700
70922216176,2019,193900,326100,520000
60801234117,2019,15000,139100,154100
71009225121,2019,65500,0,65500
70912430067,2019,9000,91900,100900
70836419048,2019,65600,138800,204400
81034110065,2019,65500,161700,227200
80924430905,2019,400,1600,2000
60812101082,2019,77700,157700,235400
81016203185,2019,0,0,0
81034411124,2019,75500,195800,271300
70922229129,2019,224400,430600,655000
70928225121,2019,148200,365400,513600
71010312066,2019,51700,124600,176300
70921209031,2019,71500,147600,219100
60811424097,2019,100100,242000,342100
70923413929,2019,0,5000,5000
71004307320,2019,58900,140600,199500
71002106211,2019,9500,112600,122100
71006129061,2019,47500,129900,177400
71005219011,2019,44000,92900,136900
81031302011,2019,50100,116500,166600
71003314087,2019,49100,152600,201700
70816402310,2019,166900,396100,563000
80924302013,2019,86600,279900,366500
71003415075,2019,55900,224300,280200
70920117186,2019,126100,151800,277900
71005233029,2019,67900,77400,145300
71005313061,2019,48200,252100,300300
70920409088,2019,129500,321100,450600
70919105085,2019,102700,192300,295000
70919217153,2019,88400,164100,252500
70823311059,2019,13100,149200,162300
70821403048,2019,104500,320000,424500
60812404345,2019,90000,186800,276800
70926107131,2019,79900,112300,192200
71011223022,2019,18500,172000,190500
71015208137,2019,0,0,0
81031213094,2019,38500,148500,187000
70922345488,2019,82100,231900,314000
60811304330,2019,84200,214900,299100
60801114096,2019,56200,156800,213000
71004406148,2019,55100,177900,233000
70828316111,2019,100,0,100
71009313033,2019,0,0,0
70919408405,2019,112300,186600,298900
70828302079,2019,15300,0,15300
70919412034,2019,110300,188700,299000
70913106188,2019,82400,401500,483900
70922237172,2019,124600,245300,369900
81034107054,2019,64500,175500,240000
70912409252,2019,91600,185100,276700
71015119300,2019,46000,167300,213300
70921205170,2019,67900,142800,210700
70825402096,2019,0,0,0
80925117768,2019,800,1200,2000
71009107056,2019,57200,148900,206100
70920114132,2019,85300,305100,390400
70817401022,2019,0,0,0
80924416145,2019,8600,134700,143300
70823210194,2019,76900,220100,297000
71010205279,2019,48200,155100,203300
70824414315,2019,11200,78200,89400
70922316166,2019,0,0,0
71011402030,2019,94200,205500,299700
70918221121,2019,120100,323500,443600
81032422032,2019,31500,116700,148200
70834214763,2019,40800,432500,473300
71010112135,2019,0,0,0
70823308072,2019,2277000,2707000,4984000
70821303016,2019,600,0,600
70816403194,2019,162200,518400,680600
70824415090,2019,13900,89900,103800
60801222097,2019,22300,107900,130200
71011221084,2019,12000,201500,213500
81030314158,2019,57600,157700,215300
70822113026,2019,29600,294600,324200
80924438983,2019,400,1600,2000
70833401212,2019,216500,311600,528100
70920124074,2019,15200,112100,127300
81033307027,2019,0,0,0
60811304364,2019,91800,251600,343400
70823121127,2019,20000,53300,73300
71006212220,2019,50600,171600,222200
70828434012,2019,0,0,0
81023207518,2019,33600,148000,181600
70932412178,2019,74800,68100,142900
71009306070,2019,69100,160500,229600
71006307245,2019,69200,129000,198200
70920104141,2019,104700,283900,388600
70931201209,2019,69800,213400,283200
70922226076,2019,241500,570600,812100
71004318161,2019,51500,131500,183000
71007116132,2019,79800,290500,370300
70932113049,2019,85500,130200,215700
71005318061,2019,78200,211000,289200
71006121190,2019,0,0,0
71007214069,2019,0,0,0
71004304160,2019,48000,133700,181700
70823310100,2019,10700,156200,166900
60903209125,2019,11600,110300,121900
70922345206,2019,73400,226600,300000
80936403180,2019,72200,163200,235400
71014214424,2019,8100,129300,137400
81033205247,2019,43100,138000,181100
71015104012,2019,61300,131900,193200
70824415040,2019,18700,120200,138900
81032428030,2019,29400,144000,173400
70920213207,2019,123200,225300,348500
71011210219,2019,2300,0,2300
80935102288,2019,51800,132900,184700
81030314190,2019,57500,108500,166000
70918225131,2019,22700,139100,161800
70929103102,2019,99100,180900,280000
80927402092,2019,72200,101100,173300
70928219116,2019,146500,365500,512000
71003414085,2019,55600,180300,235900
71010307025,2019,53600,163500,217100
60905209016,2019,88000,226000,314000
81031220015,2019,0,0,0
71003409127,2019,48700,177000,225700
70926402185,2019,80600,110400,191000
71007207105,2019,67900,194700,262600
70931204112,2019,70900,144400,215300
71003214039,2019,53100,180000,233100
60811304215,2019,87100,272800,359900
71011212124,2019,54100,191000,245100
71019401068,2019,309900,463000,772900
70935302079,2019,28000,494500,522500
70922404359,2019,127800,284700,412500
70826418026,2019,21500,135400,156900
71001103060,2019,61700,245200,306900
71014216595,2019,7500,117100,124600
81034107187,2019,60600,164400,225000
70828420144,2019,0,0,0
70920416075,2019,179900,141700,321600
70932406155,2019,77700,117700,195400
71014108370,2019,10700,171800,182500
70923170339,2019,1100,100,1200
70913403162,2019,84600,236100,320700
70826315610,2019,41400,207400,248800
71006308045,2019,66000,127600,193600
70928324080,2019,137600,253100,390700
71007109096,2019,94100,280400,374500
60804105125,2019,117900,438500,556400
70833203171,2019,111600,227600,339200
80936203233,2019,18000,129600,147600
70922312015,2019,72400,328000,400400
70933206132,2019,177800,461900,639700
70922441111,2019,13200,147500,160700
70823203149,2019,119100,303300,422400
70829401169,2019,13700,0,13700
71007101068,2019,102800,218500,321300
71035123068,2019,54600,263700,318300
71006117149,2019,39600,190900,230500
71007208088,2019,50200,241900,292100
70923153715,2019,1300,23700,25000
81033304114,2019,49900,148600,198500
71005231156,2019,47500,134100,181600
80925414065,2019,48500,184200,232700
70923159226,2019,8000,7000,15000
71007111249,2019,87900,260500,348400
70833119295,2019,98400,274100,372500
70824414456,2019,15100,107400,122500
71006121017,2019,46200,136000,182200
71016402259,2019,62500,138100,200600
60811421176,2019,18600,196800,215400
60902203136,2019,199300,985700,1185000
80924432852,2019,400,1600,2000
70919212070,2019,91500,154300,245800
70923152337,2019,34100,520400,554500
70834404025,2019,99700,157300,257000
60802305040,2019,13800,198700,212500
80926409221,2019,12000,216800,228800
81032409064,2019,37100,170900,208000
70813323121,2019,166200,385600,551800
70914419374,2019,784000,1585000,2369000
70833103082,2019,126000,375800,501800
70923152551,2019,60000,1314600,1374600
81030306121,2019,52500,161500,214000
70918306163,2019,75400,139300,214700
71005228096,2019,47100,71500,118600
60905112011,2019,36400,119000,155400
70824402170,2019,108900,254200,363100
71005407054,2019,44400,171300,215700
80935101199,2019,51800,154100,205900
71006209128,2019,69200,152000,221200
70813109050,2019,168800,341200,510000
70921401231,2019,190900,380200,571100
71002442061,2019,100,0,100
70824402146,2019,108900,260100,369000
70824310133,2019,13500,120300,133800
71004315290,2019,58900,144600,203500
71007226014,2019,53300,0,53300
70913430024,2019,20000,184600,204600
71005346997,2019,0,1500,1500
71009220022,2019,38000,129700,167700
81022201066,2019,0,0,0
60903206262,2019,81600,190500,272100
81032427074,2019,32300,117700,150000
70930409094,2019,73000,216200,289200
70921301241,2019,148500,355400,503900
81031412133,2019,38000,158900,196900
70923408392,2019,85800,359700,445500
60812327183,2019,6000,96200,102200
70835123096,2019,6500,69600,76100
70901105176,2019,51000,128600,179600
81021111042,2019,63100,181500,244600
70929123613,2019,0,1000,1000
70919403265,2019,115300,270700,386000
71007203187,2019,70000,218400,288400
60904110181,2019,95300,204700,300000
60803105225,2019,107000,263000,370000
70913204255,2019,80300,350100,430400
71012222057,2019,14800,132700,147500
70825206175,2019,234000,144000,378000
70920216649,2019,9200,230700,239900
71010202093,2019,53200,203000,256200
71006126033,2019,47000,263000,310000
81034205303,2019,0,0,0
71021103173,2019,692000,6368000,7060000
81031301055,2019,34700,86500,121200
71009217277,2019,199700,0,199700
70814420190,2019,15200,157300,172500
71007206313,2019,34300,304700,339000
70836303134,2019,66800,176400,243200
70923141538,2019,200,4100,4300
81034114041,2019,62000,177200,239200
80924429867,2019,400,1600,2000
70919303142,2019,94300,236900,331200
70923168136,2019,6500,18500,25000
71010211060,2019,54000,182600,236600
70821114083,2019,55700,253300,309000
80924429940,2019,400,1600,2000
80926115026,2019,21600,140500,162100
70826204037,2019,88000,500000,588000
71020301083,2019,301700,303300,605000
70922417071,2019,64600,224300,288900
71006110119,2019,69200,159900,229100
70922405232,2019,99000,228200,327200
70835107339,2019,216000,471600,687600
70901109144,2019,51000,96300,147300
70923153533,2019,1300,23700,25000
70813325242,2019,20600,181600,202200
70920110073,2019,83800,146200,230000
60906105122,2019,72100,142100,214200
70816403128,2019,197200,452900,650100
70932415164,2019,53000,138000,191000
71003105098,2019,55700,229800,285500
70923163780,2019,44900,99200,144100
71006110309,2019,69200,168800,238000
70923145382,2019,8000,7000,15000
70919301112,2019,100100,213500,313600
71005321048,2019,120800,223500,344300
60811401079,2019,84500,219000,303500
71007228101,2019,84000,679000,763000
70834428116,2019,20300,161700,182000
60802104038,2019,76600,219100,295700
70833102208,2019,133600,281500,415100
81030205357,2019,53500,152200,205700
71007105242,2019,90400,327400,417800
71016207328,2019,67100,218100,285200
71006446100,2019,3000,35000,38000
70921221217,2019,136900,404100,541000
70901106132,2019,54500,105000,159500
70824310266,2019,13500,144500,158000
70826410163,2019,70300,173300,243600
70923132206,2019,129400,373600,503000
70813109068,2019,118600,328300,446900
70929113060,2019,89800,188200,278000
71016105150,2019,63300,143700,207000
70923167683,2019,3400,13800,17200
71003108042,2019,54300,190200,244500
71011419019,2019,0,0,0
70836420219,2019,69600,165300,234900
70922405365,2019,127800,225200,353000
71009104078,2019,54100,140900,195000
70828312052,2019,71000,281700,352700
70931309285,2019,99200,139800,239000
70920416215,2019,135900,101800,237700
71015110051,2019,47700,142200,189900
70922314079,2019,121400,399800,521200
70935302996,2019,11900,3800,15700
71007242218,2019,9700,184500,194200
70833210027,2019,107900,287100,395000
80936201063,2019,69700,99000,168700
70813334045,2019,26800,192200,219000
60901204979,2019,0,0,0
60812330540,2019,0,5000,5000
81019304287,2019,50200,181900,232100
70930413087,2019,75600,207100,282700
80924103114,2019,82700,278400,361100
71010308023,2019,53600,168600,222200
81031103112,2019,0,0,0
81028121482,2019,0,0,0
81035115030,2019,100,0,100
70836204043,2019,67400,214600,282000
70917101118,2019,51500,233500,285000
70814307083,2019,142000,257400,399400
70932108032,2019,134900,386600,521500
60801416103,2019,74300,219600,293900
70926401202,2019,160000,232500,392500
70923413044,2019,1700,16300,18000
70922412154,2019,77200,115400,192600
70929123358,2019,9600,185100,194700
70932106292,2019,156800,442500,599300
71016204043,2019,65000,152500,217500
70919310014,2019,109200,149500,258700
70826206158,2019,0,0,0
81034414277,2019,66300,185300,251600
60906110022,2019,72700,164700,237400
60803101124,2019,106100,203900,310000
81032424111,2019,32300,120000,152300
70919401178,2019,95000,179500,274500
70914436477,2019,183400,1291600,1475000
81027403055,2019,5300,0,5300
70922210011,2019,0,0,0
70923152064,2019,35800,512300,548100
71010410026,2019,56600,141500,198100
71006206190,2019,47600,188100,235700
70931415347,2019,66600,125300,191900
81030312300,2019,56000,142800,198800
70921125203,2019,124400,284100,408500
80935106892,2019,62800,0,62800
70921317058,2019,104600,198600,303200
71022302732,2019,22000,136200,158200
60811416317,2019,77200,235100,312300
80924431713,2019,400,1600,2000
70823101012,2019,81500,183700,265200
71003303288,2019,57900,171900,229800
70824406156,2019,92900,290400,383300
60802316203,2019,18000,205500,223500
70924220050,2019,0,10000,10000
70932209244,2019,20800,133500,154300
70922232130,2019,134700,305300,440000
71009219091,2019,48600,165200,213800
70928108195,2019,144500,180500,325000
70922439281,2019,88800,255200,344000
70922111053,2019,170000,970000,1140000
60812319081,2019,92200,232500,324700
71003301133,2019,53500,206200,259700
70932405090,2019,78100,93900,172000
71003212059,2019,53100,139100,192200
71007107173,2019,94100,309000,403100
70918320212,2019,20500,94700,115200
71009217160,2019,46100,138400,184500
70921318098,2019,95700,170600,266300
71014105011,2019,0,0,0
70928101090,2019,99700,377700,477400
70913210062,2019,72700,159700,232400
60812404064,2019,69100,209600,278700
70922323145,2019,178100,471900,650000
70921308057,2019,111100,401800,512900
80936208077,2019,55600,153800,209400
71005326155,2019,153100,245100,398200
71007215299,2019,99200,238700,337900
80924406162,2019,8300,126800,135100
70914439265,2019,1000,8400,9400
71007117114,2019,69500,196700,266200
80925117825,2019,800,1200,2000
71004304037,2019,52800,162500,215300
70834428497,2019,20000,92500,112500
70926300925,2019,329100,470700,799800
81014303606,2019,32800,167200,200000
80925210299,2019,54000,195800,249800
70836435010,2019,33900,88300,122200
71016412042,2019,61600,144900,206500
70922234087,2019,151400,344200,495600
71010404011,2019,62500,92500,155000
70913307166,2019,0,0,0
71034108178,2019,53800,151900,205700
71034109142,2019,68300,184500,252800
70833302337,2019,313700,731000,1044700
71015407010,2019,82000,378000,460000
70836213606,2019,11600,115900,127500
70828115034,2019,88900,205900,294800
60906206293,2019,69000,157300,226300
80926103071,2019,57600,138300,195900
71002441021,2019,100,0,100
71007104046,2019,93200,233200,326400
70920103200,2019,336000,279000,615000
60802402242,2019,67500,159900,227400
70930408210,2019,77200,227800,305000
70931407203,2019,80200,112300,192500
81026207169,2019,4800,0,4800
80924426061,2019,11000,177000,188000
70921410092,2019,137600,363200,500800
70821109034,2019,109700,265500,375200
71009309016,2019,68800,123200,192000
60811423106,2019,89000,174700,263700
70923210143,2019,0,0,0
70823405208,2019,62000,285700,347700
70918307012,2019,94300,101900,196200
70924213047,2019,1190000,492000,1682000
71006434098,2019,0,0,0
70913110105,2019,97900,200300,298200
70913323302,2019,383000,1217000,1600000
71010212208,2019,59700,158800,218500
60804206048,2019,94900,340000,434900
70823121474,2019,20000,103200,123200
81027209065,2019,12000,104000,116000
70914437607,2019,1100,5900,7000
71011125153,2019,66800,325900,392700
70826416434,2019,21500,109900,131400
70936408040,2019,65600,160200,225800
70931103380,2019,97200,172000,269200
81027106047,2019,36700,117600,154300
70913346411,2019,124800,780000,904800
70918315106,2019,20300,192000,212300
70922208024,2019,0,0,0
70823109090,2019,18200,121200,139400
81026350041,2019,3400,0,3400
70823114023,2019,89400,245100,334500
81030205117,2019,48200,152400,200600
70913434076,2019,0,18000,18000
70919224207,2019,101500,185700,287200
71006418076,2019,55300,210200,265500
70814312199,2019,26100,265800,291900
81019304162,2019,58700,149400,208100
70914426080,2019,287000,1713000,2000000
70931212214,2019,74700,248800,323500
70929123019,2019,0,0,0
60801220075,2019,71000,299000,370000
81031204035,2019,40600,167700,208300
71005212057,2019,61500,97000,158500
80925212170,2019,54500,150500,205000
70930405068,2019,80600,241600,322200
70932105187,2019,84700,108200,192900
60801212527,2019,88800,163900,252700
71005408010,2019,44400,151900,196300
81020300993,2019,0,0,0
71014215422,2019,7800,115800,123600
81026420018,2019,100,0,100
70929308067,2019,105600,379400,485000
71015203096,2019,44800,147600,192400
70913434886,2019,0,2200,2200
80924403754,2019,400,1600,2000
70923150208,2019,55800,339400,395200
70923174290,2019,3300,11700,15000
70929201196,2019,98500,333500,432000
70922214047,2019,147900,293100,441000
70901113096,2019,19400,103600,123000
70833301040,2019,116700,346100,462800
70826315199,2019,39100,253500,292600
70821109141,2019,121300,305600,426900
80924438751,2019,400,1600,2000
70814308073,2019,125200,324200,449400
70918415592,2019,10500,105700,116200
70928224115,2019,138200,328900,467100
71002302116,2019,15200,0,15200
81015101025,2019,65500,0,65500
60803105192,2019,103200,150100,253300
80925206298,2019,52800,114300,167100
60812304230,2019,76400,211600,288000
70930406032,2019,78800,137000,215800
71012214062,2019,19400,183700,203100
70926404066,2019,80600,182500,263100
80924422952,2019,400,1600,2000
80924424841,2019,400,1600,2000
70919110480,2019,118200,163700,281900
70930102101,2019,132000,566000,698000
70834213020,2019,1600,0,1600
71004303112,2019,54600,148000,202600
70923132347,2019,129400,154100,283500
71007112099,2019,87900,243500,331400
60812330342,2019,0,5000,5000
60803105308,2019,101400,192200,293600
71011113033,2019,70700,185700,256400
70834308798,2019,125000,349300,474300
70921111070,2019,122100,385600,507700
70923170644,2019,2100,500,2600
80926307087,2019,70400,242800,313200
70833412061,2019,46200,205800,252000
80926201049,2019,74200,141000,215200
81031405401,2019,38000,133200,171200
70936408115,2019,60800,157000,217800
60812105141,2019,75200,175400,250600
71004304251,2019,47900,130300,178200
60802435029,2019,35000,138000,173000
60906202126,2019,63200,147800,211000
71004314044,2019,54100,162200,216300
70825202024,2019,253000,138000,391000
60904105249,2019,81500,176000,257500
80924406790,2019,400,1600,2000
80924435088,2019,13300,226200,239500
70928221020,2019,108200,345600,453800
70918320048,2019,20500,105500,126000
60812330087,2019,0,5000,5000
71003319194,2019,56400,203900,260300
71009306137,2019,68700,145100,213800
70901102049,2019,51000,174000,225000
81021412169,2019,51700,149400,201100
70932306165,2019,68100,157000,225100
70930413136,2019,82100,276000,358100
71003112019,2019,19900,128800,148700
71010404300,2019,57200,149300,206500
70932210051,2019,22600,87600,110200
71001310061,2019,273500,2238500,2512000
60811415054,2019,76400,180600,257000
70836429021,2019,29000,114200,143200
70919216080,2019,88400,208800,297200
71009403222,2019,64200,121800,186000
70834426178,2019,29000,136000,165000
70833102018,2019,131800,355200,487000
70926204060,2019,77500,237000,314500
71005321064,2019,101100,311100,412200
70918105086,2019,139500,226500,366000
71009311110,2019,69100,156900,226000
70834430046,2019,36900,163000,199900
71011307066,2019,63700,253000,316700
80925413124,2019,66100,118000,184100
81021106217,2019,60900,183500,244400
70926401301,2019,82100,230100,312200
60801208295,2019,51100,172800,223900
70918221048,2019,151100,190000,341100
80925414180,2019,52900,172100,225000
70833204137,2019,121000,237000,358000
71021213154,2019,60000,123700,183700
80925115168,2019,13500,199500,213000
60802304274,2019,91400,231200,322600
80925416144,2019,62300,200400,262700
81019305079,2019,57900,187400,245300
70931412145,2019,93100,315000,408100
70929118010,2019,89900,155400,245300
70836202245,2019,71900,180400,252300
70934301098,2019,341000,1269000,1610000
70823202034,2019,132500,382300,514800
71006134193,2019,57100,94300,151400
70923143948,2019,44900,500800,545700
70912404533,2019,134900,277100,412000
70923164423,2019,44900,469300,514200
60802420038,2019,13100,127200,140300
70931411105,2019,97900,169700,267600
71010313452,2019,45500,199500,245000
70834413141,2019,24200,181000,205200
60801306065,2019,72100,208000,280100
70919407134,2019,92000,185800,277800
70836313422,2019,15700,163300,179000
70924218245,2019,42200,474000,516200
70824212024,2019,107500,258200,365700
71035103226,2019,67600,232400,300000
71011307058,2019,64200,277200,341400
70930101046,2019,81400,196400,277800
81034205353,2019,68800,186300,255100
70920301036,2019,143900,260000,403900
70828438048,2019,0,0,0
80925306163,2019,63800,130000,193800
71015115118,2019,47000,164200,211200
70833210126,2019,114900,0,114900
71002440114,2019,34100,0,34100
71006402136,2019,54100,215300,269400
81026361105,2019,100,0,100
71010108027,2019,53400,158400,211800
71016201130,2019,88600,219900,308500
71006128245,2019,57500,138900,196400
80925206115,2019,55200,118100,173300
70914436021,2019,7000,39000,46000
70932423125,2019,47800,109300,157100
81028103258,2019,58600,149200,207800
70928201254,2019,99000,256000,355000
71009206014,2019,72700,127300,200000
71010211276,2019,55900,146200,202100
60802100995,2019,3197000,1191000,4388000
70823211358,2019,70700,251000,321700
71006108073,2019,80900,133900,214800
71021214235,2019,57800,154600,212400
70914405092,2019,65700,262300,328000
70922423119,2019,95400,151900,247300
70922206127,2019,123200,376200,499400
70922404086,2019,127800,261200,389000
70930414093,2019,85800,223300,309100
71034105059,2019,69700,189900,259600
60811204225,2019,112000,240500,352500
71002411107,2019,100,0,100
70923146132,2019,8000,7000,15000
70813325094,2019,19900,194800,214700
81034111021,2019,61500,163900,225400
80936411125,2019,49900,96300,146200
70921221043,2019,122900,206400,329300
60802423090,2019,18900,177000,195900
71002417030,2019,95000,530000,625000
60811204316,2019,112400,296500,408900
71034102013,2019,66800,198900,265700
70925205085,2019,76500,219500,296000
71010302322,2019,171500,583500,755000
70921127085,2019,13100,168700,181800
80924426665,2019,400,3100,3500
81026424094,2019,100,0,100
70913105221,2019,96500,147500,244000
81032421050,2019,85000,194000,279000
70918321731,2019,0,2000,2000
70928220030,2019,134500,294000,428500
70922204014,2019,77000,918000,995000
70833103024,2019,129900,408800,538700
71005317055,2019,63800,231400,295200
71007201107,2019,118200,366000,484200
70929105215,2019,107000,239300,346300
70918321921,2019,0,2000,2000
80924424693,2019,400,1600,2000
60811204100,2019,117300,305700,423000
60801218038,2019,78100,153200,231300
70919309033,2019,109700,233300,343000
70901101041,2019,51000,147400,198400
70823211267,2019,82200,271900,354100
70929426140,2019,107700,285000,392700
70833121175,2019,95900,268100,364000
81029404027,2019,348000,1059800,1407800
70833119211,2019,111400,315400,426800
81034206161,2019,64800,138000,202800
71005337045,2019,117500,697500,815000
70920408056,2019,124000,163800,287800
70921312230,2019,78300,166600,244900
60801401055,2019,73300,138200,211500
71006119210,2019,77400,129500,206900
71005230124,2019,49100,71600,120700
70925207023,2019,0,0,0
60812406036,2019,88300,167700,256000
81034307050,2019,48800,165500,214300
70814403352,2019,108000,298800,406800
81027403021,2019,38200,0,38200
70813309056,2019,81000,174300,255300
70835101232,2019,0,0,0
80924102132,2019,71200,214900,286100
81022301014,2019,0,0,0
71005205086,2019,110900,109800,220700
71010208108,2019,53600,160100,213700
70928211146,2019,89900,235200,325100
71007215249,2019,82100,221900,304000
70923146554,2019,8000,7000,15000
60802411095,2019,66200,144400,210600
60811437058,2019,93900,174000,267900
71007227096,2019,42600,11000,53600
70926401179,2019,80600,134300,214900
60801212501,2019,98000,163500,261500
71014210331,2019,61200,184000,245200
71022401203,2019,3176400,24051400,27227800
71002305011,2019,11000,0,11000
80924403788,2019,400,1600,2000
71007209078,2019,58700,268900,327600
71006128401,2019,45700,132900,178600
71021210019,2019,63800,130300,194100
70936406391,2019,64800,162200,227000
70919401384,2019,116100,312500,428600
70828408025,2019,0,0,0
60802413281,2019,61700,156600,218300
81034402115,2019,59800,191400,251200
70907302031,2019,1115700,863400,1979100
70922227090,2019,213000,540100,753100
80924412838,2019,400,1600,2000
60802433049,2019,15000,88200,103200
81028300911,2019,28300,184400,212700
70929202110,2019,85600,171700,257300
70926201090,2019,170300,261300,431600
60811113038,2019,118200,299600,417800
81031300875,2019,59500,349000,408500
71010313121,2019,55700,155300,211000
71009413239,2019,63300,94700,158000
70814203025,2019,120200,281800,402000
81031419105,2019,38800,131200,170000
60811417117,2019,82700,190200,272900
81015401095,2019,695000,2789000,3484000
70826309142,2019,110900,431600,542500
70815306018,2019,194800,301600,496400
70813404153,2019,334000,6100,340100
70918225040,2019,35600,184300,219900
70913119024,2019,80800,255400,336200
80926113054,2019,60000,186600,246600
70816414167,2019,13100,238900,252000
81033204116,2019,52000,157200,209200
70923138395,2019,21100,234100,255200
70836115141,2019,78000,158900,236900
70813108143,2019,117200,340500,457700
70823305268,2019,82300,212100,294400
71001410019,2019,57000,203000,260000
71005324034,2019,104100,348000,452100
60812315047,2019,38000,179600,217600
71022202106,2019,344800,635000,979800
70820105132,2019,100,0,100
70823310168,2019,11700,142900,154600
60801414131,2019,74900,249000,323900
71009313116,2019,105500,139500,245000
71004408095,2019,83600,164300,247900
71022305067,2019,26400,0,26400
70913350397,2019,0,15000,15000
70923411551,2019,31100,283900,315000
71022106019,2019,217000,1062100,1279100
80924409877,2019,400,1600,2000
71007243175,2019,0,15000,15000
70932201307,2019,69200,131400,200600
70834415014,2019,24000,192200,216200
70834428124,2019,20300,162200,182500
80935101264,2019,50500,144400,194900
70932305224,2019,0,0,0
71002406265,2019,40500,218700,259200
71007201016,2019,70800,299900,370700
70825401064,2019,1078000,872000,1950000
70825104072,2019,330000,0,330000
71005309218,2019,51700,224300,276000
70823404482,2019,36200,197300,233500
71010212050,2019,53700,244900,298600
70919103039,2019,93800,274000,367800
81034106163,2019,66300,169800,236100
71034105520,2019,69600,188800,258400
70829104127,2019,58400,289600,348000
70820103061,2019,200,0,200
71006433090,2019,110100,256800,366900
71006420071,2019,58700,200000,258700
71006312070,2019,48200,231800,280000
71011410124,2019,50800,169100,219900
81032412124,2019,52500,174400,226900
71009407141,2019,72000,157100,229100
80924406865,2019,400,1600,2000
70919107239,2019,121100,248300,369400
70931308063,2019,99100,159700,258800
70919405047,2019,144600,210200,354800
60904111197,2019,86600,233700,320300
80936203259,2019,18000,127800,145800
71007214118,2019,180100,195400,375500
70814103019,2019,0,0,0
71002434117,2019,13500,0,13500
70923146702,2019,8000,7000,15000
80925110366,2019,61900,134800,196700
70823110097,2019,89400,210000,299400
80924412812,2019,400,1600,2000
70919207112,2019,95500,155500,251000
70929428063,2019,193700,287800,481500
71020306025,2019,10200,109800,120000
70933301031,2019,104500,178000,282500
70919215149,2019,88400,193800,282200
60801104021,2019,67600,196400,264000
70828314511,2019,100,0,100
70935207112,2019,66200,265500,331700
60811403166,2019,86000,179600,265600
60812307218,2019,91600,198400,290000
70936305171,2019,66300,146900,213200
71006405180,2019,68000,325700,393700
71010306126,2019,50100,155700,205800
70835107149,2019,99500,345800,445300
70929123465,2019,19800,386300,406100
71010207184,2019,59100,156900,216000
70929304164,2019,92700,271300,364000
70928110017,2019,108200,249300,357500
80925412390,2019,61300,114600,175900
81033308025,2019,6400,64800,71200
71005308385,2019,57300,151300,208600
71010310218,2019,50100,154700,204800
70926408018,2019,72000,199000,271000
71007101159,2019,74400,315600,390000
80926304207,2019,71300,185700,257000
70936406408,2019,61300,148100,209400
70834201075,2019,159200,617800,777000
81015401079,2019,500,0,500
70914422153,2019,190500,472500,663000
60811304273,2019,102200,310600,412800
60802111166,2019,87900,244900,332800
70928109101,2019,108400,228400,336800
60811112048,2019,101900,294300,396200
70929427164,2019,125100,321800,446900
80926112098,2019,56100,145700,201800
71002107540,2019,9500,135500,145000
71012216092,2019,1500,0,1500
71016202089,2019,103500,217500,321000
70919303134,2019,96700,290300,387000
70823404284,2019,40000,161500,201500
71021202107,2019,62100,187900,250000
70919402168,2019,118300,274900,393200
70932102232,2019,143600,295100,438700
81034108391,2019,67600,157700,225300
70922324143,2019,153800,179100,332900
71011220276,2019,11300,227100,238400
71005403060,2019,41400,171500,212900
70932209161,2019,20800,137200,158000
80924444807,2019,400,1600,2000
70907300027,2019,0,201700,201700
60801234480,2019,15000,141300,156300
70923144011,2019,8000,7000,15000
71005227238,2019,38400,74100,112500
71007226262,2019,57000,326300,383300
81028120468,2019,0,5000,5000
80925120084,2019,12200,275000,287200
70929122102,2019,101300,146300,247600
81034107517,2019,89000,376600,465600
70814201201,2019,0,0,0
70923203114,2019,785000,891000,1676000
70931304087,2019,99000,148600,247600
70921403112,2019,239900,396600,636500
60812313653,2019,33100,214900,248000
71009108020,2019,46400,155700,202100
80924407946,2019,400,1600,2000
70931411030,2019,91100,178900,270000
71005407252,2019,42100,186000,228100
70825105038,2019,275000,735000,1010000
80925212196,2019,54600,139900,194500
70913349259,2019,36000,221900,257900
71005215035,2019,47100,133700,180800
70835122379,2019,6500,71500,78000
71012205235,2019,66100,238400,304500
70930101129,2019,80900,161000,241900
60802104294,2019,88200,212600,300800
81035113026,2019,100,0,100
81033205221,2019,41700,141700,183400
81029400835,2019,977500,6668400,7645900
70913205245,2019,77000,244400,321400
70929214058,2019,100100,160100,260200
71007228359,2019,232300,3110000,3342300
60804203010,2019,74900,240000,314900
81034202185,2019,67800,204200,272000
70918303169,2019,71700,115500,187200
81031216014,2019,63000,247000,310000
70936406292,2019,63700,176200,239900
81028107200,2019,57200,177200,234400
71030204136,2019,84100,105100,189200
71006209029,2019,69200,152200,221400
60801224126,2019,15900,156600,172500
70820110181,2019,100,0,100
71021214045,2019,59400,124100,183500
60812212053,2019,22400,182200,204600
80936107089,2019,14900,105100,120000
70928109010,2019,105300,311600,416900
70834201356,2019,69700,354300,424000
70922426155,2019,100000,195000,295000
80925405262,2019,61300,159200,220500
70935307102,2019,4900,55100,60000
70936303141,2019,64700,185300,250000
70928212079,2019,97800,191400,289200
70929220097,2019,87900,193800,281700
70829413205,2019,14200,0,14200
70923150290,2019,45900,291600,337500
70923173375,2019,3300,5900,9200
80925207212,2019,54600,117700,172300
70922345355,2019,112900,373100,486000
70929305063,2019,89900,220100,310000
71014213236,2019,62900,220200,283100
70920404129,2019,116100,147300,263400
70926113146,2019,80800,176200,257000
70913223198,2019,4600,315300,319900
60811436084,2019,82300,232800,315100
81031202039,2019,52100,144000,196100
71003406074,2019,56000,200500,256500
70923206035,2019,0,0,0
71004311123,2019,54100,166100,220200
71006110292,2019,69200,127700,196900
70823105056,2019,89400,238700,328100
70924219912,2019,0,25000,25000
70931411262,2019,77500,156300,233800
81019302231,2019,60500,168300,228800
60906205120,2019,59200,150800,210000
80925201248,2019,54500,154700,209200
70924221032,2019,32900,86900,119800
81023308035,2019,35600,100100,135700
71004307297,2019,58500,153000,211500
60812330508,2019,0,5000,5000
71010206227,2019,62300,194400,256700
81026364034,2019,2700,0,2700
80925215182,2019,55700,131600,187300
80925114102,2019,12600,253600,266200
70913354498,2019,0,2500,2500
70922321082,2019,205800,317800,523600
70923307205,2019,107600,187900,295500
70826100920,2019,3610000,3922000,7532000
70825203030,2019,352000,353000,705000
80924406039,2019,8300,130900,139200
70913414127,2019,165300,222500,387800
81031218078,2019,38500,108400,146900
70921209081,2019,71500,150000,221500
60801207122,2019,70000,184500,254500
71010403196,2019,59700,180300,240000
70836119094,2019,76400,158900,235300
70932112207,2019,80000,199700,279700
71009110025,2019,75500,382200,457700
70828113012,2019,93900,262600,356500
71009215114,2019,44800,156900,201700
70922410249,2019,106300,206500,312800
70923159234,2019,8000,7000,15000
81033205338,2019,42800,124200,167000
60811116579,2019,18800,219700,238500
71004304045,2019,52000,162000,214000
71014216529,2019,7500,119000,126500
71001323246,2019,63500,211800,275300
70826422176,2019,0,4000,4000
70920410457,2019,127600,285600,413200
70835307070,2019,78700,191300,270000
70823108133,2019,89900,159100,249000
80924417862,2019,400,1600,2000
60803116066,2019,138300,374800,513100
60812304032,2019,78400,217900,296300
81028113306,2019,63700,233700,297400
81032414120,2019,44600,113300,157900
70931201168,2019,74800,183900,258700
71007226163,2019,84500,60500,145000
80936401051,2019,74000,246000,320000
80924426938,2019,400,1600,2000
71015302179,2019,59500,184100,243600
71005229060,2019,37000,159700,196700
70923143831,2019,44900,276400,321300
71009302078,2019,81000,295000,376000
70931309178,2019,99000,133000,232000
60811433030,2019,80700,219900,300600
70923152254,2019,34100,499500,533600
70923142031,2019,44900,297100,342000
60802409272,2019,65300,172600,237900
70814101146,2019,101900,275800,377700
71007112081,2019,74400,296700,371100
71002313072,2019,10700,0,10700
81019305045,2019,60100,167300,227400
70923301108,2019,0,0,0
60804204125,2019,88000,304600,392600
60811116470,2019,18800,208000,226800
60812321177,2019,19600,165400,185000
70923142411,2019,44900,361400,406300
71015208129,2019,65800,178900,244700
70923156933,2019,5000,10000,15000
71010107219,2019,59300,166400,225700
71006431226,2019,89100,335900,425000
81026370130,2019,7500,0,7500
70935202287,2019,0,0,0
70920308280,2019,99600,258600,358200
70936309149,2019,59700,176000,235700
71005221032,2019,59400,136500,195900
81019306035,2019,58600,164000,222600
70814203091,2019,111600,227400,339000
70931201217,2019,67500,355200,422700
71002303015,2019,37300,193300,230600
70826417466,2019,18400,85600,104000
80936207037,2019,55600,197700,253300
80924417896,2019,400,1600,2000
71014205051,2019,51200,216400,267600
70913114280,2019,70100,298300,368400
60904105108,2019,79900,237100,317000
70929415127,2019,81400,194100,275500
70919309067,2019,112200,227000,339200
70828423148,2019,0,0,0
80925306379,2019,62900,91300,154200
70922346238,2019,0,15000,15000
70931203099,2019,67300,254400,321700
70922210029,2019,0,0,0
71010301100,2019,53600,156600,210200
70913125071,2019,121000,175000,296000
70919306120,2019,124100,256200,380300
81034403197,2019,58200,173300,231500
70836308126,2019,0,0,0
81027106013,2019,36700,109800,146500
71011122159,2019,33900,219500,253400
71015102305,2019,57900,151100,209000
70922335140,2019,151400,228100,379500
80926311111,2019,70100,262600,332700
70920308298,2019,99200,198800,298000
70921112284,2019,124400,349800,474200
70921214139,2019,115000,351400,466400
70817402111,2019,0,0,0
71004305035,2019,58500,151300,209800
80925117932,2019,800,1200,2000
80926114200,2019,18300,111700,130000
71007220165,2019,98800,359200,458000
70928217087,2019,95000,197700,292700
70901107122,2019,51000,142800,193800
71001409046,2019,57200,183600,240800
70913354349,2019,0,15000,15000
71012217199,2019,61000,222500,283500
70834426011,2019,21300,68900,90200
71009220072,2019,38000,154400,192400
81030209052,2019,57100,116500,173600
70836416078,2019,65900,176100,242000
70918415154,2019,10500,106100,116600
70919223209,2019,101300,223900,325200
71015116108,2019,53100,173500,226600
71004406023,2019,46800,133800,180600
70929117054,2019,89900,333000,422900
70923158038,2019,45200,225700,270900
60801201174,2019,70200,195700,265900
70920219825,2019,0,0,0
71004307106,2019,54100,149100,203200
70920410332,2019,115100,219900,335000
71007215223,2019,88600,295500,384100
70815308098,2019,166100,436400,602500
70912419061,2019,9000,91300,100300
70914402121,2019,0,0,0
70822414375,2019,11800,108800,120600
60801416070,2019,72200,218500,290700
70826211785,2019,13700,63200,76900
70922211051,2019,133000,358400,491400
71007113336,2019,74400,232700,307100
71028200998,2019,0,0,0
70926402127,2019,81100,140200,221300
70828422025,2019,0,0,0
60802410302,2019,68300,171900,240200
60801419032,2019,16600,182900,199500
70826419058,2019,0,4000,4000
71034101271,2019,56300,142900,199200
60811116587,2019,18800,221100,239900
70922332089,2019,200000,313500,513500
70929216129,2019,87900,177000,264900
70834202106,2019,81200,282800,364000
71006437076,2019,31000,459000,490000
71007111083,2019,86700,229200,315900
70913201110,2019,687400,322400,1009800
70823303064,2019,100500,369500,470000
71002308057,2019,9500,0,9500
60812108161,2019,85900,198700,284600
70928102535,2019,108200,394000,502200
60811304075,2019,86500,251500,338000
81034103010,2019,68700,150100,218800
70912405193,2019,105400,338700,444100
80924430012,2019,11400,189800,201200
81021302328,2019,49400,190700,240100
70828305106,2019,75500,0,75500
70836118088,2019,70600,172500,243100
70931303154,2019,104600,149900,254500
70826412490,2019,10000,78000,88000
60811439260,2019,20000,183700,203700
70836312185,2019,19100,190600,209700
70834416054,2019,22800,193500,216300
70918321690,2019,0,2000,2000
81022103030,2019,0,0,0
70923132230,2019,191000,717000,908000
71016409031,2019,61600,125000,186600
71006130084,2019,47100,89900,137000
70824109172,2019,140600,373500,514100
70922324028,2019,152800,452200,605000
70928314099,2019,164200,440100,604300
70836407085,2019,61600,136600,198200
70816408300,2019,164600,397000,561600
81021301156,2019,51700,147400,199100
70930105155,2019,78300,217200,295500
60811205041,2019,99600,228400,328000
70814312446,2019,26100,236900,263000
71009107030,2019,57200,153000,210200
81014302062,2019,730000,8450000,9180000
70921301308,2019,170200,337800,508000
70919410012,2019,106300,341700,448000
70932112190,2019,92600,214300,306900
81034309189,2019,64600,151800,216400
81026368052,2019,100,0,100
60811430010,2019,92100,202900,295000
71005204137,2019,52400,111000,163400
71011119164,2019,50200,236200,286400
60906110254,2019,59000,158000,217000
70929403057,2019,96500,203100,299600
81034408220,2019,67800,171800,239600
70931417062,2019,87300,221700,309000
70924219087,2019,0,25000,25000
71034103194,2019,70400,178500,248900
70822401017,2019,0,0,0
60812319073,2019,89000,269000,358000
70922315043,2019,131100,482300,613400
70931306075,2019,99000,149800,248800
70919216098,2019,88400,150900,239300
70921420025,2019,89000,290900,379900
60801234381,2019,15000,140900,155900
70836311103,2019,0,0,0
71015211114,2019,77400,254300,331700
70914438308,2019,2200,22800,25000
60811103534,2019,104100,258600,362700
71016201297,2019,107700,132400,240100
70929105257,2019,103600,316000,419600
71020308120,2019,12500,118000,130500
81034404161,2019,30800,0,30800
80936206047,2019,55600,126800,182400
60801112199,2019,59500,150500,210000
70824102085,2019,110600,212800,323400
60902103196,2019,20000,77000,97000
80925303341,2019,59100,129000,188100
70920405218,2019,126600,88300,214900
70813106056,2019,125500,164100,289600
71015205026,2019,43300,157700,201000
70913402065,2019,133000,170600,303600
70823311356,2019,11700,132200,143900
70935207196,2019,48900,105100,154000
70923178036,2019,0,0,0
70918319405,2019,20500,69100,89600
70918414255,2019,4400000,8530000,12930000
60811205091,2019,105200,229700,334900
70923156214,2019,3300,11700,15000
71003103167,2019,54300,220400,274700
60812302250,2019,60700,195100,255800
70929408130,2019,90200,207500,297700
80936110082,2019,14900,114600,129500
71007218160,2019,0,0,0
71020302015,2019,87900,125500,213400
81031222011,2019,38100,168900,207000
70919206106,2019,89000,88600,177600
81028402080,2019,56100,108400,164500
70822107136,2019,51400,182100,233500
70923132058,2019,89000,465600,554600
70826211628,2019,13700,58800,72500
70922215087,2019,193900,505800,699700
71010301316,2019,54100,138300,192400
70921312058,2019,82900,229400,312300
71007315015,2019,140000,376200,516200
70920222183,2019,16400,143500,159900
70833107191,2019,132800,465200,598000
71016203152,2019,106800,237700,344500
70919402209,2019,112300,343500,455800
70922312106,2019,108900,271500,380400
70923161172,2019,8000,7000,15000
71006310024,2019,69200,169200,238400
81023209358,2019,0,1200,1200
60904111022,2019,78900,236900,315800
70922104024,2019,303000,1997000,2300000
70913333020,2019,30500,83000,113500
70929108053,2019,100400,216000,316400
71003307107,2019,59800,196800,256600
60802314166,2019,104000,241300,345300
70920418013,2019,136200,226200,362400
70936402042,2019,64800,128300,193100
70835209226,2019,78500,186100,264600
70919310080,2019,115000,175500,290500
70920409012,2019,129500,437500,567000
71006432050,2019,109100,354000,463100
70923143930,2019,44900,511000,555900
70814102053,2019,103000,310700,413700
70914437037,2019,1100,5900,7000
70822102368,2019,101900,240700,342600
70901118179,2019,25000,143000,168000
70921309154,2019,102200,170000,272200
70822105081,2019,116400,256700,373100
70921112185,2019,113800,266100,379900
70815201010,2019,776000,4699000,5475000
71002403097,2019,93000,223200,316200
70929207061,2019,80000,288000,368000
60801412143,2019,78900,174800,253700
70923171204,2019,1700,1300,3000
70924221173,2019,30000,86600,116600
70836202211,2019,78500,210900,289400
70918321236,2019,0,2000,2000
60812214067,2019,19100,192300,211400
71015117148,2019,52000,242200,294200
80924444013,2019,13400,252700,266100
60904108136,2019,98200,207300,305500
70925206083,2019,82500,209900,292400
71006124102,2019,70000,450000,520000
70901107081,2019,51000,160100,211100
81028120161,2019,0,4000,4000
70921211036,2019,76800,209500,286300
71010118068,2019,56000,207300,263300
70920221094,2019,0,2200,2200
70835309117,2019,86900,197400,284300
60901202048,2019,60500,144400,204900
81022106034,2019,0,0,0
60901103048,2019,59500,169800,229300
71014108114,2019,10700,168800,179500
70836411036,2019,61900,176600,238500
71006122057,2019,35600,190600,226200
70919411135,2019,108200,189300,297500
70931205037,2019,85900,215700,301600
70931101970,2019,583000,2095000,2678000
81021416046,2019,58700,148600,207300
80925215124,2019,56900,148200,205100
70836114169,2019,81100,186500,267600
71016108097,2019,61700,140700,202400
71007204143,2019,70800,301800,372600
70824204154,2019,92900,265200,358100
70921104067,2019,81900,235100,317000
81032310039,2019,38800,195700,234500
70923156199,2019,3300,11700,15000
70826206083,2019,2552000,3847000,6399000
70913119066,2019,100500,0,100500
70928306046,2019,91100,248400,339500
80925112081,2019,11300,232700,244000
70919219159,2019,90800,243100,333900
71010400902,2019,84600,103200,187800
81031404205,2019,38100,138400,176500
70922439124,2019,73900,183100,257000
70923110088,2019,638000,1282000,1920000
70821210089,2019,127000,0,127000
70826410139,2019,66500,170500,237000
80936406051,2019,75500,234500,310000
71005227080,2019,48500,124100,172600
60801216149,2019,70000,185600,255600
71008105134,2019,40700,167000,207700
70820116014,2019,153600,0,153600
80924104047,2019,83700,205200,288900
70932416170,2019,53600,127100,180700
71012220051,2019,19300,162900,182200
70913343102,2019,11100,131500,142600
71016207378,2019,64300,273500,337800
70924221214,2019,175600,294100,469700
70823403252,2019,38200,202300,240500
80925115118,2019,13500,210900,224400
70922221050,2019,158600,303300,461900
80926401102,2019,45100,140100,185200
70828413074,2019,0,0,0
70816314200,2019,125700,263300,389000
60802101042,2019,72100,172900,245000
70920220939,2019,0,2200,2200
70835306197,2019,97100,218000,315100
70921414268,2019,0,0,0
60811410103,2019,79500,210900,290400
80924440904,2019,400,1600,2000
71015114102,2019,53100,161900,215000
81021106150,2019,61300,198200,259500
71003214071,2019,53100,146200,199300
70929403106,2019,86700,218300,305000
70914423995,2019,0,0,0
70929306235,2019,97600,236500,334100
71009412033,2019,63500,50000,113500
70923156602,2019,5000,10000,15000
71007230114,2019,7700,128200,135900
70913332080,2019,76100,221600,297700
70836406178,2019,55100,134600,189700
70923124360,2019,129400,319500,448900
70920117011,2019,152700,181500,334200
71012210151,2019,61300,221600,282900
70914422145,2019,336000,1584000,1920000
70822406124,2019,122100,321900,444000
70922222165,2019,98300,548100,646400
71003408020,2019,49900,197900,247800
80925219085,2019,62100,151200,213300
70922307090,2019,155400,510700,666100
60802103246,2019,86200,163300,249500
81032403082,2019,43700,108000,151700
70922437227,2019,96300,267800,364100
60902205182,2019,130500,0,130500
70835117122,2019,12400,105600,118000
70930409044,2019,75800,183400,259200
70928104135,2019,107000,321900,428900
70836307087,2019,65000,168600,233600
70932407046,2019,77000,149400,226400
70923165067,2019,64600,294900,359500
70923153418,2019,2700,37300,40000
70828437058,2019,0,0,0
70933204201,2019,171500,434500,606000
70913119363,2019,109900,191900,301800
60801215175,2019,70000,205000,275000
70824205128,2019,135900,398100,534000
71007106018,2019,94100,170900,265000
70833302535,2019,216500,370400,586900
60812121204,2019,81900,266700,348600
70920219875,2019,0,0,0
81034312017,2019,82000,364000,446000
70922313013,2019,96900,201300,298200
70923317056,2019,69400,196600,266000
71035111047,2019,71300,225500,296800
60802101076,2019,91100,141600,232700
70813335085,2019,80000,0,80000
70923202190,2019,75000,275000,350000
60812331142,2019,0,100,100
60811439252,2019,20000,190000,210000
60811427041,2019,77800,173400,251200
70922404010,2019,330000,1300000,1630000
70928219041,2019,99100,172300,271400
70826420386,2019,0,4000,4000
60811115125,2019,111900,222900,334800
60906107194,2019,66800,225100,291900
70821109042,2019,109700,325300,435000
70921221382,2019,133500,379100,512600
70928214190,2019,99700,150300,250000
60801411228,2019,74800,136800,211600
60904109184,2019,100200,273100,373300
70923148328,2019,4200,800,5000
70828314404,2019,1200,0,1200
81030210182,2019,52800,117000,169800
70913340033,2019,37600,183500,221100
71009315039,2019,68800,94700,163500
71010413062,2019,57300,150800,208100
81031206081,2019,35200,142000,177200
70826418208,2019,21200,127000,148200
70918305058,2019,85300,120700,206000
81021301289,2019,51300,165000,216300
81031214232,2019,52400,171900,224300
70919305130,2019,111700,324300,436000
71003305234,2019,48800,163000,211800
70923138113,2019,29300,247100,276400
80925205034,2019,57000,155600,212600
71007102074,2019,116800,469400,586200
81032411118,2019,136000,201400,337400
60904106023,2019,86200,223000,309200
70919412117,2019,110900,227100,338000
70928210148,2019,85700,234000,319700
70835306303,2019,102800,214000,316800
60811116602,2019,18800,217000,235800
81027206152,2019,986000,2315000,3301000
80924418018,2019,9900,170700,180600
70901106091,2019,51000,138100,189100
70924220076,2019,0,10000,10000
60812316136,2019,84700,247300,332000
70932424107,2019,51000,109500,160500
71027405078,2019,51000,235200,286200
71006128279,2019,42500,198000,240500
70935113020,2019,44000,359000,403000
81021402110,2019,54600,144700,199300
71003310168,2019,56200,232300,288500
70826410022,2019,64400,148300,212700
80925217063,2019,57900,145900,203800
81028121250,2019,0,0,0
71010107061,2019,55600,182100,237700
70914408054,2019,360300,364700,725000
70933206033,2019,206900,430200,637100
70918415641,2019,10500,114200,124700
71003215011,2019,2799000,14761000,17560000
70836206023,2019,71700,201700,273400
70922301175,2019,0,0,0
70821301052,2019,0,0,0
71006419032,2019,62400,223100,285500
70923136951,2019,1400,13600,15000
80935101222,2019,51800,151400,203200
70913103085,2019,100700,283200,383900
70921316034,2019,109500,224400,333900
70913114066,2019,101400,188900,290300
81034302050,2019,44600,130400,175000
81031406269,2019,38100,130500,168600
71002107665,2019,9500,154400,163900
60802106109,2019,67500,170600,238100
71001320185,2019,64400,204400,268800
70919306013,2019,114600,253900,368500
81035115064,2019,100,0,100
80924445855,2019,400,1600,2000
71007107165,2019,94100,374000,468100
71007224373,2019,74200,140000,214200
80925201123,2019,55700,145200,200900
80936112054,2019,14900,96600,111500
71014214630,2019,8100,129000,137100
71001306094,2019,64900,185500,250400
80924413985,2019,400,1600,2000
71002101071,2019,118200,0,118200
80925112784,2019,800,1200,2000
70921223031,2019,130200,428900,559100
81027108085,2019,36700,117200,153900
81034111063,2019,63300,196200,259500
70935103071,2019,44500,130000,174500
80925202098,2019,56100,119700,175800
70931414183,2019,113400,201600,315000
70926219085,2019,117700,174100,291800
81019304261,2019,58800,173700,232500
70834203021,2019,83700,208500,292200
71010109158,2019,59000,198000,257000
70835114053,2019,164200,252200,416400
60802413091,2019,60100,291000,351100
80925405113,2019,66100,145300,211400
60811406079,2019,74900,169500,244400
70929124281,2019,0,10000,10000
70926216297,2019,85500,141900,227400
81026367062,2019,3200,0,3200
80924442950,2019,400,1600,2000
81028119411,2019,0,0,0
71021109105,2019,60900,141400,202300
71011210160,2019,54300,218800,273100
71027200840,2019,363900,0,363900
70828440217,2019,0,0,0
80925407078,2019,51600,126800,178400
71005406246,2019,47900,188600,236500
60811439278,2019,20000,185200,205200
80925116835,2019,800,1200,2000
81028120781,2019,0,5000,5000
70835202220,2019,101800,263600,365400
70931309251,2019,99000,154400,253400
81033308166,2019,6300,64900,71200
81021304019,2019,45900,166400,212300
80926403091,2019,86000,337000,423000
71006206140,2019,83500,603400,686900
70826412466,2019,10000,76700,86700
60803115042,2019,113500,340400,453900
81030304232,2019,67900,154600,222500
70918320387,2019,20500,140200,160700
70920104290,2019,89000,321000,410000
70919204035,2019,69100,166000,235100
70825209418,2019,6000,16000,22000
70813327032,2019,75000,258100,333100
70836313307,2019,15700,179800,195500
81033402108,2019,54200,0,54200
71007222038,2019,503800,414000,917800
70825203105,2019,704000,2516000,3220000
70816412020,2019,48500,328400,376900
71035103268,2019,64600,254900,319500
70926103098,2019,77500,152800,230300
71009320294,2019,69800,164300,234100
70835309159,2019,88100,190200,278300
70929209059,2019,80900,208300,289200
70919302178,2019,101900,191200,293100
70923317014,2019,106600,342800,449400
71010207449,2019,0,0,0
81032301038,2019,50100,162400,212500
70922418053,2019,98100,253000,351100
71009203086,2019,48400,201600,250000
60802314158,2019,103700,280500,384200
81016304016,2019,78000,0,78000
71010111020,2019,50400,214200,264600
70821404020,2019,104700,0,104700
70922308030,2019,108900,238600,347500
80924403134,2019,8300,125300,133600
70929116220,2019,100000,212200,312200
71019408064,2019,0,0,0
71014301164,2019,58300,201500,259800
70920421016,2019,0,0,0
71002444091,2019,100,0,100
71003416205,2019,50800,229500,280300
71011223014,2019,18500,192500,211000
80924421699,2019,400,1600,2000
70923165405,2019,58100,225900,284000
71007201040,2019,118200,348100,466300
70836213573,2019,11600,136200,147800
70928105068,2019,108200,342600,450800
71003317164,2019,54000,182000,236000
81031405344,2019,38100,133000,171100
71009207070,2019,50700,189000,239700
71019405284,2019,108000,2500,110500
71010311141,2019,57400,151400,208800
70823107044,2019,75500,126100,201600
80935107098,2019,76900,209600,286500
81028119453,2019,10100,94500,104600
70829111031,2019,85200,104800,190000
70828202013,2019,1700,0,1700
80924420807,2019,400,1600,2000
70823121242,2019,20000,73200,93200
70914432037,2019,45100,195200,240300
70923167790,2019,6500,18500,25000
70920420092,2019,124100,109500,233600
70826204110,2019,14400,78100,92500
71006414248,2019,68100,178300,246400
80924431044,2019,13100,221900,235000
71007219168,2019,165200,136600,301800
71006212022,2019,69200,136700,205900
71015215091,2019,23000,260300,283300
60802311196,2019,96700,254100,350800
71014201017,2019,0,0,0
71015115085,2019,39100,160700,199800
70923174654,2019,3300,11700,15000
71021105012,2019,56500,132700,189200
60802425020,2019,18900,131300,150200
70836106033,2019,69800,173300,243100
71034106031,2019,69300,150900,220200
71005306058,2019,93000,297000,390000
81031401152,2019,35900,154400,190300
70829104169,2019,47400,254700,302100
70919407085,2019,90400,223000,313400
70929219074,2019,79500,166800,246300
70828444045,2019,0,0,0
70928107139,2019,107000,340800,447800
70913208067,2019,95100,230300,325400
60811420037,2019,16000,192900,208900
70836213466,2019,11600,118800,130400
70936404030,2019,63700,121100,184800
60812304181,2019,70000,198300,268300
60801111109,2019,62300,159700,222000
70923141934,2019,200,700,900
70836301089,2019,67900,180300,248200
70931404192,2019,103400,196600,300000
70928105034,2019,108400,288500,396900
71015206115,2019,47200,205300,252500
70921408039,2019,142900,616300,759200
71010218222,2019,10900,116000,126900
71007243357,2019,0,15000,15000
70923162211,2019,8000,7000,15000
70923114204,2019,92400,260600,353000
70833118255,2019,75000,303100,378100
70920309246,2019,104700,291600,396300
81019306126,2019,58000,166000,224000
81034316168,2019,24300,124100,148400
71016409198,2019,61800,142500,204300
71035103036,2019,68900,268200,337100
71035120048,2019,60400,198600,259000
70834302047,2019,190900,493500,684400
70826421714,2019,0,4000,4000
80924101259,2019,83000,379000,462000
81028112168,2019,60900,183200,244100
81023307037,2019,35600,101900,137500
70936408016,2019,62200,150300,212500
80935105042,2019,73600,247100,320700
60801314159,2019,165000,2014000,2179000
81030305123,2019,58000,154100,212100
71006122122,2019,0,0,0
81021408134,2019,56200,151700,207900
70918307400,2019,83300,94200,177500
71035208026,2019,71200,209700,280900
60906202100,2019,64300,137600,201900
70913349168,2019,40200,259600,299800
70834424057,2019,318000,0,318000
71016118088,2019,60400,152900,213300
70913201011,2019,513200,686800,1200000
70823108290,2019,89400,315600,405000
70833113114,2019,97700,247300,345000
70836213101,2019,11600,119500,131100
60803106041,2019,103200,157500,260700
60802305256,2019,13800,239100,252900
70923154581,2019,0,7500,7500
81021405057,2019,49900,182900,232800
70836203219,2019,78900,208000,286900
70820119084,2019,100,0,100
71015109054,2019,67900,157100,225000
70923110070,2019,0,0,0
80925118013,2019,12900,196600,209500
81033308124,2019,6300,69100,75400
70823211085,2019,84200,170400,254600
71014113030,2019,22000,130300,152300
70836417109,2019,58600,142100,200700
70924201323,2019,124600,129400,254000
81023304455,2019,35600,155100,190700
80926108245,2019,55000,145000,200000
70834427704,2019,0,5000,5000
80925217203,2019,55900,152300,208200
70826419800,2019,0,4000,4000
71009213192,2019,51500,164400,215900
71004318210,2019,54700,200600,255300
60801122156,2019,70800,157300,228100
70920217712,2019,400,14600,15000
70922335257,2019,151400,356400,507800
70834213046,2019,86500,241200,327700
70934309422,2019,15700,114300,130000
71006426037,2019,51000,269000,320000
70912416067,2019,9000,91300,100300
71007207072,2019,74600,293800,368400
70813113069,2019,115200,284800,400000
81031304033,2019,0,0,0
60802112065,2019,93800,169900,263700
71006310230,2019,69200,159600,228800
60811304348,2019,84400,221600,306000
70919306261,2019,118000,304900,422900
70919310163,2019,111800,295200,407000
70920307109,2019,132600,176800,309400
81026206153,2019,100,0,100
71010116012,2019,52400,218900,271300
81029100956,2019,0,0,0
71006110094,2019,69200,150100,219300
60801101043,2019,71700,160500,232200
70824404134,2019,113600,258600,372200
70919217103,2019,89000,343500,432500
80935103179,2019,60800,123600,184400
81023209150,2019,0,1200,1200
70835304050,2019,78200,183700,261900
70929218026,2019,157500,126300,283800
81033304130,2019,45500,111400,156900
70931414357,2019,63900,202500,266400
81021109021,2019,68300,245000,313300
70932107117,2019,148500,278200,426700
70923138254,2019,34200,316400,350600
81026349094,2019,41100,223700,264800
71003313112,2019,49300,145700,195000
80925117817,2019,800,1200,2000
81034205262,2019,67200,178100,245300
70913354597,2019,0,2500,2500
70829418164,2019,16100,0,16100
70922205111,2019,220000,1380000,1600000
70913414028,2019,0,0,0
70932207074,2019,19500,109000,128500
81031227110,2019,32100,191700,223800
70926213110,2019,86800,187100,273900
81034106197,2019,66000,148800,214800
70923150430,2019,62000,410500,472500
70913117052,2019,532000,1023800,1555800
81033100934,2019,116600,171400,288000
81023209308,2019,0,1200,1200
70925208039,2019,1111000,1123000,2234000
70913402247,2019,116700,257600,374300
70923140308,2019,1500,13500,15000
70922111227,2019,104000,676000,780000
60905107111,2019,49500,171100,220600
70923150828,2019,101000,832900,933900
71011205137,2019,38400,205800,244200
71006111282,2019,45700,155600,201300
81032409030,2019,36400,192900,229300
70920202010,2019,0,0,0
71007218128,2019,126400,338900,465300
80924403100,2019,7100,115000,122100
81021301114,2019,85000,305000,390000
71022305174,2019,218000,721600,939600
60904109217,2019,101000,272000,373000
60903214017,2019,17300,78200,95500
70828204019,2019,2055000,13179000,15234000
60802105218,2019,70700,145300,216000
80925220058,2019,55200,157400,212600
71007230023,2019,7700,128200,135900
71005413291,2019,47400,110700,158100
80924409976,2019,400,1600,2000
70920218091,2019,400,14600,15000
81032404056,2019,44900,131800,176700
81028113299,2019,69100,184700,253800
81021404182,2019,54900,123900,178800
71005346137,2019,8700,176300,185000
80927400971,2019,0,0,0
60801401245,2019,79000,172900,251900
70823104107,2019,90600,288400,379000
70823207159,2019,18100,233400,251500
81019302215,2019,60500,165200,225700
71009219265,2019,40900,149500,190400
70920309254,2019,104700,269700,374400
70929220112,2019,73100,215900,289000
71030201025,2019,334600,40400,375000
70920221078,2019,0,2200,2200
70918321781,2019,0,2000,2000
60801116109,2019,66700,149500,216200
70920309171,2019,97700,226800,324500
81028111227,2019,65100,236600,301700
60801315107,2019,71700,253600,325300
71011303163,2019,65100,171700,236800
71004405231,2019,48000,152000,200000
60812216055,2019,37500,148600,186100
60904104093,2019,85700,192900,278600
80924311056,2019,72300,266300,338600
81019302124,2019,60700,166500,227200
70820104027,2019,100,0,100
70918225024,2019,22700,135000,157700
70935207295,2019,40900,116200,157100
81026358128,2019,100,0,100
71007220347,2019,129200,527700,656900
70913125211,2019,84600,100000,184600
71016110018,2019,63300,119000,182300
71027418138,2019,85800,155200,241000
70813309121,2019,104300,293900,398200
71012102027,2019,1189000,13016000,14205000
70923142338,2019,44900,330100,375000
70922345157,2019,112900,351500,464400
70836216113,2019,5400,96700,102100
81019310143,2019,62600,169500,232100
71006127213,2019,73500,159900,233400
80925105185,2019,52300,135100,187400
81028118132,2019,8700,67300,76000
70921312123,2019,82100,172200,254300
70835122121,2019,6500,71700,78200
71002440081,2019,34100,0,34100
80936207045,2019,55600,213500,269100
70836405112,2019,55100,139700,194800
70922343086,2019,183200,383800,567000
71005404167,2019,73900,136700,210600
71009226228,2019,62000,0,62000
60803113129,2019,139100,381000,520100
70918212154,2019,87000,223800,310800
70833408060,2019,44700,431700,476400
60811421035,2019,16000,197500,213500
70932112140,2019,84700,195900,280600
70931408152,2019,69300,168500,237800
70923166297,2019,88500,561500,650000
70931307156,2019,101000,139600,240600
70828436084,2019,0,0,0
81032104060,2019,23300,140200,163500
81028119320,2019,8700,67000,75700
70816324019,2019,94000,348800,442800
80924427043,2019,8600,166800,175400
70833119154,2019,0,0,0
70923413987,2019,0,5000,5000
