Parcel,Year,Land_Assessment,Improvement_Assessment,Total_Assessment
71002302108,2019,28200,0,28200
71002302116,2019,15200,0,15200
71002302124,2019,15200,0,15200
71002302132,2019,17500,0,17500
71002303015,2019,37300,193300,230600
71002303023,2019,31400,206400,237800
71002303031,2019,34300,197800,232100
71002303049,2019,31000,201100,232100
71002303057,2019,33000,199900,232900
71002303065,2019,33000,215500,248500
71002303073,2019,33000,204000,237000
71002303081,2019,33000,212000,245000
71002303099,2019,33000,215000,248000
71002303106,2019,33000,205700,238700
71002303114,2019,31800,208000,239800
71002303122,2019,33300,194500,227800
71002303130,2019,32500,201800,234300
71002303148,2019,32500,217400,249900
71002303156,2019,31400,202200,233600
71002303164,2019,53500,188500,242000
71002303172,2019,44800,190100,234900
71002303180,2019,34100,200800,234900
71002303198,2019,36000,203400,239400
71002303205,2019,34900,202100,237000
71002303213,2019,32700,204200,236900
71002303221,2019,34800,202700,237500
71002303239,2019,35000,204700,239700
71002303247,2019,36500,209500,246000
71002303255,2019,37300,205500,242800
71002303263,2019,37300,205500,242800
71002303271,2019,36000,210000,246000
71002303289,2019,35900,214600,250500
71002303297,2019,30800,204500,235300
71002303304,2019,35800,201500,237300
71002304013,2019,61800,281300,343100
71002304021,2019,57900,244900,302800
71002304039,2019,57300,325800,383100
71002304047,2019,55400,243500,298900
71002304055,2019,61700,283100,344800
71002305037,2019,64300,224700,289000
71002305045,2019,60100,245100,305200
71002305053,2019,73500,247700,321200
71002305061,2019,71000,337500,408500
71002305079,2019,60500,234600,295100
71002305087,2019,56400,273500,329900
71002305095,2019,59000,239900,298900
71002305227,2019,100,0,100
71002305235,2019,100,0,100
71002306019,2019,64800,252900,317700
71002306027,2019,61400,253600,315000
71002306035,2019,67700,237500,305200
71002306043,2019,57900,197900,255800
71002306051,2019,55400,250600,306000
71002306069,2019,58900,229900,288800
71002306077,2019,63800,234600,298400
71002306085,2019,53900,220000,273900
71002306093,2019,48700,229700,278400
71002307059,2019,55400,213200,268600
71002307067,2019,53600,233200,286800
71002307075,2019,57100,220900,278000
71002308023,2019,9500,0,9500
71002308065,2019,53000,256000,309000
71002308073,2019,57500,262600,320100
71002308081,2019,59300,224100,283400
71002308099,2019,56000,249900,305900
71002308106,2019,56000,243400,299400
71002308114,2019,56000,257500,313500
71002308122,2019,56000,228300,284300
71002308130,2019,53700,226700,280400
71002309013,2019,60900,220000,280900
71002309021,2019,60900,284700,345600
71002309039,2019,68600,254600,323200
71002309047,2019,66200,293800,360000
71002309055,2019,63300,291900,355200
71002309063,2019,63000,244700,307700
71002309071,2019,64300,326000,390300
71002310010,2019,58700,272900,331600
71002310028,2019,51300,300700,352000
71002310036,2019,50400,259500,309900
71002310044,2019,50000,242000,292000
71002310052,2019,49400,253500,302900
71002310060,2019,48800,365800,414600
71002310078,2019,48100,275800,323900
71002310086,2019,45000,266900,311900
71002310094,2019,46800,272800,319600
71002310101,2019,50400,228300,278700
71002310119,2019,47100,233000,280100
71002310127,2019,47000,238000,285000
71002310135,2019,48000,305100,353100
71002310143,2019,48000,252000,300000
71002310151,2019,48700,226100,274800
71002310169,2019,49400,240000,289400
71002310177,2019,50800,221900,272700
71002310185,2019,50800,259100,309900
71002310193,2019,51500,273200,324700
71002310200,2019,57700,260400,318100
71002311018,2019,60100,240800,300900
71002311026,2019,61800,237700,299500
71002311034,2019,62500,286900,349400
71002311042,2019,62500,274400,336900
71002311050,2019,62600,274000,336600
71002311068,2019,62600,278400,341000
71002311076,2019,58700,276600,335300
71002311084,2019,58300,294800,353100
71002311092,2019,60700,265500,326200
71002311109,2019,60700,248900,309600
71002311117,2019,58700,252200,310900
71002311125,2019,58700,246100,304800
71002311133,2019,62600,30000,92600
71002311141,2019,62600,323500,386100
71002311159,2019,62600,257300,319900
71002311167,2019,62600,278100,340700
71002311175,2019,63700,251200,314900
71002311183,2019,61600,284600,346200
71002311191,2019,59000,275900,334900
71002312016,2019,11800,0,11800
71002312024,2019,11100,0,11100
71002312032,2019,11300,0,11300
71002312040,2019,68100,294800,362900
71002312058,2019,65000,325000,390000
71002312066,2019,63700,305800,369500
71002312074,2019,64100,305800,369900
71002312082,2019,61200,288700,349900
71002312090,2019,61200,281600,342800
71002312107,2019,61800,273400,335200
71002312115,2019,61800,297600,359400
71002312123,2019,66800,219700,286500
71002313014,2019,55400,214600,270000
71002313022,2019,55400,258500,313900
71002313030,2019,56900,222500,279400
71002313048,2019,59800,203700,263500
71002313056,2019,61900,243600,305500
71002314038,2019,63200,276500,339700
71002314046,2019,63200,242200,305400
71002314054,2019,63200,298200,361400
71002314062,2019,64800,218700,283500
71002314070,2019,62300,265800,328100
71002314088,2019,55100,215700,270800
71002314286,2019,2100,0,2100
71002315010,2019,2500,0,2500
71002315185,2019,2800,0,2800
71002315193,2019,3000,0,3000
71002315200,2019,3400,0,3400
71002315218,2019,2300,0,2300
71002316018,2019,2400,0,2400
71002316026,2019,2800,0,2800
71002316034,2019,2700,0,2700
71002316117,2019,61200,155200,216400
71002316125,2019,59500,275400,334900
71002316133,2019,59500,310400,369900
71002316141,2019,59500,260400,319900
71002316159,2019,59500,260400,319900
71002316167,2019,9900,0,9900
71002316183,2019,10100,0,10100
71002316191,2019,10600,0,10600
71002316208,2019,10600,0,10600
71002316216,2019,2100,0,2100
71002317016,2019,35600,0,35600
71002317024,2019,100,0,100
71002317032,2019,100,0,100
71002317058,2019,100,0,100
71002401017,2019,82000,218700,300700
71002401025,2019,73400,190900,264300
71002401033,2019,74100,143500,217600
71002401041,2019,72900,223500,296400
71002401059,2019,71000,228700,299700
71002401067,2019,100100,300700,400800
71002401075,2019,71900,238400,310300
71002401083,2019,72300,222600,294900
71002401950,2019,133300,320800,454100
71002402015,2019,70200,250900,321100
71002402023,2019,69600,245700,315300
71002402031,2019,69900,248700,318600
71002402049,2019,70100,205300,275400
71002402057,2019,70200,259800,330000
71002402065,2019,70400,209400,279800
71002402073,2019,70500,225900,296400
71002402081,2019,70700,178900,249600
71002403013,2019,71900,282400,354300
71002403021,2019,11500,0,11500
71002403039,2019,11500,120200,131700
71002403047,2019,67600,108500,176100
71002403055,2019,67600,161800,229400
71002403063,2019,68200,38600,106800
71002403071,2019,83600,317200,400800
71002403089,2019,86200,262300,348500
71002403097,2019,93000,223200,316200
71002403104,2019,87000,316500,403500
71002403120,2019,87800,425500,513300
71002403138,2019,104200,250800,355000
71002403146,2019,94100,307900,402000
71002403162,2019,94100,213700,307800
71002403170,2019,94500,305400,399900
71002403188,2019,71400,257400,328800
71002403196,2019,71700,269300,341000
71002405225,2019,62300,363900,426200
71002405233,2019,59700,306300,366000
71002405241,2019,59700,321500,381200
71002405259,2019,59700,0,59700
71002405267,2019,58300,183400,241700
71002405275,2019,61400,416300,477700
71002405283,2019,59900,0,59900
71002405291,2019,58300,279600,337900
71002405308,2019,53100,220000,273100
71002405316,2019,59000,256700,315700
71002405324,2019,50100,234700,284800
71002405332,2019,57000,239400,296400
71002405340,2019,61700,246200,307900
71002405358,2019,58100,264600,322700
71002405366,2019,58100,288500,346600
71002405374,2019,58100,297400,355500
71002406190,2019,48900,222700,271600
71002406207,2019,46200,216800,263000
71002406215,2019,46200,213700,259900
71002406223,2019,58800,161200,220000
71002406257,2019,41900,259100,301000
71002406265,2019,40500,218700,259200
71002406273,2019,40900,214100,255000
71002406281,2019,41400,206700,248100
71002406299,2019,40300,214100,254400
71002406306,2019,38000,227000,265000
71002406314,2019,37900,222600,260500
71002406322,2019,37900,231300,269200
71002406330,2019,37900,222000,259900
71002406348,2019,37900,229400,267300
71002406356,2019,37900,232500,270400
71002406364,2019,49800,266800,316600
71002411058,2019,50800,234200,285000
71002415018,2019,71600,418400,490000
71002415026,2019,66800,94000,160800
71002415034,2019,67500,117000,184500
71002415042,2019,66800,146500,213300
71002415050,2019,67500,275200,342700
71002415068,2019,66800,279600,346400
71002415076,2019,67500,278800,346300
71002415084,2019,69100,263200,332300
71002415092,2019,72400,338500,410900
71002415109,2019,72400,314500,386900
71002415117,2019,66100,247900,314000
71002415125,2019,97100,210100,307200
71002415133,2019,94100,254400,348500
71002415141,2019,83800,260100,343900
71002415159,2019,81600,304900,386500
71002417098,2019,67400,165300,232700
71002417189,2019,27800,0,27800
71002417197,2019,15500,0,15500
71002417204,2019,15500,0,15500
71002417212,2019,18600,0,18600
71002418012,2019,79500,148500,228000
71002418020,2019,81100,163400,244500
71002418038,2019,74000,194700,268700
71002418046,2019,81100,195200,276300
71002418054,2019,73300,142500,215800
71002418070,2019,77200,168800,246000
71002418088,2019,87000,191300,278300
71002418096,2019,80100,219300,299400
71002418103,2019,88300,203100,291400
71002418111,2019,93900,230300,324200
71002418129,2019,92400,257400,349800
71002418137,2019,70000,347000,417000
71002418145,2019,70600,218600,289200
71002418153,2019,80000,258800,338800
71002418161,2019,82300,283800,366100
71002418179,2019,80000,250000,330000
71002418187,2019,61800,308200,370000
71002418210,2019,84700,333300,418000
71002418244,2019,86700,257500,344200
71002418252,2019,90500,271700,362200
71002418260,2019,88100,265100,353200
71002418278,2019,90100,265200,355300
71002418591,2019,100,0,100
71002418616,2019,100,0,100
71002419010,2019,76300,268800,345100
71002419028,2019,70400,212500,282900
71002419036,2019,69900,153900,223800
71002419044,2019,69300,153200,222500
71002419135,2019,65200,71500,136700
71002419143,2019,65200,71500,136700
71002419151,2019,65200,71500,136700
71002419169,2019,65200,71500,136700
71002421015,2019,82400,227000,309400
71002421023,2019,80000,170700,250700
71002421031,2019,66700,207900,274600
71002421049,2019,99300,256600,355900
71002421057,2019,85800,197500,283300
71002421065,2019,74600,245400,320000
71002421073,2019,94100,307200,401300
71002421081,2019,63700,182800,246500
71002421099,2019,66200,209600,275800
71002421106,2019,70500,167500,238000
71002421114,2019,66600,187800,254400
71002421122,2019,69100,203000,272100
71002434018,2019,10100,0,10100
71002434026,2019,59400,182000,241400
71002434034,2019,10100,0,10100
71002434042,2019,47700,357600,405300
71002434068,2019,10500,0,10500
71002434076,2019,10100,0,10100
71002435016,2019,47900,250500,298400
71002435074,2019,52400,251100,303500
71002435082,2019,50000,149400,199400
71002435090,2019,46500,73000,119500
71002435107,2019,7900,0,7900
71002435115,2019,7900,0,7900
71002435123,2019,8000,0,8000
71002435131,2019,47700,241600,289300
71002435149,2019,54900,250500,305400
71002436014,2019,60300,235600,295900
71002436022,2019,61800,102600,164400
71002436030,2019,10500,0,10500
71002436048,2019,10500,0,10500
71002436056,2019,10500,0,10500
71002436064,2019,72400,68500,140900
71002436072,2019,11800,0,11800
71002436080,2019,65600,333400,399000
71002436098,2019,58900,240700,299600
71002436105,2019,58800,293300,352100
71002436113,2019,58800,216200,275000
71002436121,2019,58800,227100,285900
71002436139,2019,62400,230400,292800
71002436147,2019,59600,259200,318800
71002437012,2019,53800,246100,299900
71002437020,2019,50300,221700,272000
71002437038,2019,48900,242100,291000
71002437046,2019,45600,262600,308200
71002437054,2019,46000,215400,261400
71002437062,2019,46300,245800,292100
71002437070,2019,46700,253600,300300
71002437088,2019,47000,257400,304400
71002437096,2019,47400,262600,310000
71002437103,2019,48900,285200,334100
71002437111,2019,51600,273900,325500
71002437153,2019,37600,224600,262200
71002437161,2019,38300,269200,307500
71002437179,2019,42500,237000,279500
71002437187,2019,60000,288500,348500
71002437195,2019,35500,239500,275000
71002437202,2019,45900,258700,304600
71002438010,2019,54200,234600,288800
71002438028,2019,47700,269600,317300
71002438036,2019,43100,246200,289300
71002438044,2019,43100,280800,323900
71002438052,2019,43100,362500,405600
71002438060,2019,43100,251800,294900
71002438078,2019,43100,246800,289900
71002438086,2019,43100,245700,288800
71002438094,2019,43300,250300,293600
71002438101,2019,45500,288600,334100
71002438119,2019,41600,283400,325000
71002438127,2019,41700,227800,269500
71002439018,2019,51000,259500,310500
71002439026,2019,37500,239100,276600
71002439034,2019,37500,232400,269900
71002439042,2019,37500,257300,294800
71002439050,2019,37500,226000,263500
71002439068,2019,37500,229900,267400
71002439076,2019,37500,234000,271500
71002439084,2019,38800,241500,280300
71002439092,2019,39100,227800,266900
71002439109,2019,40200,217100,257300
71002439117,2019,43200,237200,280400
71002439125,2019,41700,231700,273400
71002440015,2019,52000,0,52000
71002440023,2019,43000,0,43000
71002440031,2019,43000,0,43000
71002440049,2019,34100,0,34100
71002440057,2019,34100,0,34100
71002440065,2019,34100,0,34100
71002440073,2019,34100,0,34100
71002440081,2019,34100,0,34100
71002440099,2019,43000,0,43000
71002440106,2019,34100,0,34100
71002440114,2019,34100,0,34100
71002440122,2019,34100,0,34100
71002440130,2019,34200,0,34200
71002440148,2019,44200,0,44200
71002440156,2019,47700,0,47700
71002440164,2019,48000,0,48000
71002440172,2019,57700,0,57700
71002441021,2019,100,0,100
71002441055,2019,100,0,100
71002441097,2019,100,0,100
71002442011,2019,100,0,100
71002442045,2019,100,0,100
71002442061,2019,100,0,100
71002442102,2019,100,0,100
71003100949,2019,449000,32500,481500
71003105014,2019,55100,108800,163900
71003105105,2019,53100,165200,218300
71003105113,2019,53100,195400,248500
71003105121,2019,53100,165200,218300
71003105139,2019,55600,170800,226400
71003105147,2019,53100,205200,258300
71003105155,2019,53100,173700,226800
71003105163,2019,53100,151300,204400
71003105171,2019,53100,159300,212400
71003105189,2019,53100,176900,230000
71003105197,2019,53100,171900,225000
71003105204,2019,53100,153700,206800
71003106012,2019,53100,179900,233000
71003106020,2019,53100,183900,237000
71003106038,2019,53100,167400,220500
71003106046,2019,53100,177500,230600
71003106054,2019,53100,176800,229900
71003106062,2019,53100,191600,244700
71003106070,2019,53100,181100,234200
71003106088,2019,53100,179200,232300
71003106096,2019,53100,153500,206600
71003106103,2019,54300,161800,216100
71003106111,2019,53100,180500,233600
71003106129,2019,54300,168500,222800
71003106137,2019,53100,180300,233400
71003106145,2019,53100,166000,219100
71003106153,2019,53100,150100,203200
71003106161,2019,53100,174400,227500
71003106179,2019,57300,194600,251900
71003106187,2019,53100,159400,212500
71003106195,2019,56100,182600,238700
71003106202,2019,56100,182000,238100
71003106210,2019,53100,177600,230700
71003106228,2019,53100,178600,231700
71003106236,2019,53100,182900,236000
71003106244,2019,53100,187900,241000
71003106252,2019,57300,151700,209000
71003106260,2019,56100,194600,250700
71003106278,2019,53100,150400,203500
71003106286,2019,57300,169800,227100
71003106294,2019,53100,209500,262600
71003106301,2019,53100,217400,270500
71003107010,2019,53100,186300,239400
71003107028,2019,53100,158000,211100
71003107036,2019,53100,174100,227200
71003107044,2019,53100,217000,270100
71003107052,2019,53100,169800,222900
71003107060,2019,53100,167600,220700
71003107078,2019,53100,171700,224800
71003107086,2019,53100,174900,228000
71003107094,2019,53100,162900,216000
71003107101,2019,53100,224600,277700
71003107119,2019,53100,226000,279100
71003107127,2019,53100,169400,222500
71003107135,2019,53100,167600,220700
71003107143,2019,53100,154900,208000
71003107151,2019,53100,169200,222300
71003107169,2019,53100,195500,248600
71003107177,2019,53100,181600,234700
71003107185,2019,53100,183300,236400
71003107193,2019,53100,210900,264000
71003107200,2019,53100,197200,250300
71003107218,2019,53100,178100,231200
71003107226,2019,53100,188000,241100
71003107234,2019,53100,168200,221300
71003107242,2019,53100,218500,271600
71003107250,2019,53100,139800,192900
71003108018,2019,56100,145300,201400
71003108026,2019,54300,204600,258900
71003108034,2019,54300,164900,219200
71003108042,2019,54300,190200,244500
71003108050,2019,54300,187000,241300
71003108068,2019,53100,173700,226800
71003108076,2019,53100,198900,252000
71003108084,2019,54300,161700,216000
71003108092,2019,56100,168600,224700
71003108109,2019,56100,160300,216400
71003108117,2019,57300,155400,212700
71003108125,2019,56400,181500,237900
71003108133,2019,57300,159800,217100
71003108141,2019,57300,197400,254700
71003201010,2019,53100,122700,175800
71003201028,2019,53100,149200,202300
71003201036,2019,54300,169700,224000
71003201044,2019,53100,159300,212400
71003201052,2019,57300,184000,241300
71003201060,2019,56100,166700,222800
71003201078,2019,56100,131200,187300
71003201086,2019,54300,148800,203100
71003201094,2019,58200,171600,229800
71003201101,2019,53100,150500,203600
71003201119,2019,53100,133000,186100
71003201127,2019,53100,170500,223600
71003201135,2019,57300,160700,218000
71003202068,2019,53100,150400,203500
71003202076,2019,53100,159400,212500
71003202084,2019,53100,151900,205000
71003202092,2019,53100,132300,185400
71003202109,2019,53100,170000,223100
71003202117,2019,50800,161400,212200
71003202125,2019,56500,221700,278200
71003202133,2019,46000,161300,207300
71003202141,2019,46300,132300,178600
71003202159,2019,61800,152100,213900
71003202167,2019,63200,155000,218200
71003202175,2019,73200,170700,243900
71003202183,2019,46300,161000,207300
71003203016,2019,53100,192900,246000
71003203024,2019,53100,137400,190500
71003203032,2019,53100,159900,213000
71003203040,2019,53100,139500,192600
71003203058,2019,53100,163900,217000
71003203066,2019,53100,191900,245000
71003203074,2019,53100,156600,209700
71003203082,2019,53100,152000,205100
71003203090,2019,56100,234500,290600
71003203107,2019,56100,186800,242900
71003203115,2019,54300,156100,210400
71003203123,2019,54300,207900,262200
71003203131,2019,54300,141200,195500
71003203149,2019,54300,152000,206300
71003203157,2019,54300,194800,249100
71003203165,2019,54300,142300,196600
71003203173,2019,54300,174300,228600
71003203181,2019,56100,175600,231700
71003204014,2019,54300,179900,234200
71003204022,2019,53100,246900,300000
71003204030,2019,53100,167900,221000
71003204048,2019,53100,160900,214000
71003204056,2019,53100,154300,207400
71003204064,2019,53100,162000,215100
71003204072,2019,53100,171300,224400
71003204080,2019,53100,143600,196700
71003204098,2019,56100,162600,218700
71003204105,2019,54300,157500,211800
71003204113,2019,53100,176000,229100
71003204121,2019,53100,166900,220000
71003204139,2019,53100,168800,221900
71003204147,2019,53100,163400,216500
71003204155,2019,53100,144400,197500
71003204163,2019,53100,167900,221000
71003204171,2019,53100,192000,245100
71003204189,2019,53100,150100,203200
71003205012,2019,53100,141600,194700
71003205020,2019,53100,128800,181900
71003205038,2019,53100,147200,200300
71003205046,2019,53100,148500,201600
71003205054,2019,53100,144600,197700
71003205062,2019,53100,156000,209100
71003205070,2019,54300,139600,193900
71003205088,2019,53100,186300,239400
71003205096,2019,53100,169000,222100
71003205103,2019,53100,159700,212800
71003205111,2019,57300,186100,243400
71003205129,2019,57300,187800,245100
71003205137,2019,59800,151700,211500
71003205145,2019,58200,139200,197400
71003205153,2019,56100,144100,200200
71003205161,2019,57300,154100,211400
71003205179,2019,57300,170800,228100
71003205187,2019,56100,180600,236700
71003205195,2019,56100,164300,220400
71003205202,2019,56100,131900,188000
71003205236,2019,53100,126100,179200
71003205244,2019,53100,179500,232600
71003205252,2019,53100,148500,201600
71003205260,2019,53100,166500,219600
71003205278,2019,53100,125600,178700
71003205286,2019,50800,169700,220500
71003205294,2019,53100,147100,200200
71003205301,2019,53100,157200,210300
71003205319,2019,63600,138100,201700
71003205327,2019,65300,162700,228000
71003205335,2019,57300,131300,188600
71003205343,2019,53100,121500,174600
71003205351,2019,53100,140800,193900
71003205369,2019,53100,127700,180800
71003206010,2019,53100,169800,222900
71003206028,2019,56100,195400,251500
71003206036,2019,56100,221000,277100
71003206044,2019,57300,188500,245800
71003206052,2019,65700,207500,273200
71003206060,2019,57300,217000,274300
71003206078,2019,54100,210000,264100
71003206086,2019,54300,217300,271600
71003206094,2019,57300,105900,163200
71003206101,2019,60200,99100,159300
71003206143,2019,26400,138600,165000
71003206151,2019,53100,201600,254700
71003206169,2019,53100,159200,212300
71003206177,2019,53100,150600,203700
71003206185,2019,53100,162900,216000
71003206193,2019,54300,181200,235500
71003207018,2019,53100,190800,243900
71003207026,2019,53100,197200,250300
71003207034,2019,54300,160700,215000
71003207042,2019,53100,176800,229900
71003207050,2019,53100,154900,208000
71003207068,2019,53100,118200,171300
71003207076,2019,53100,122700,175800
71003207084,2019,53100,138200,191300
71003207092,2019,53100,174000,227100
71003207109,2019,53100,117900,171000
71003207117,2019,53100,144600,197700
71003207125,2019,53100,131800,184900
71003207133,2019,56100,175700,231800
71003207141,2019,56100,167700,223800
71003207159,2019,53100,201600,254700
71003207167,2019,53100,188200,241300
71003207175,2019,53100,153500,206600
71003207183,2019,53100,187000,240100
71003207191,2019,53100,196600,249700
71003207208,2019,53100,174100,227200
71003207216,2019,53100,185000,238100
71003208016,2019,52000,150800,202800
71003208024,2019,52000,126300,178300
71003208032,2019,52000,144900,196900
71003208040,2019,52000,132300,184300
71003208058,2019,52000,108900,160900
71003208066,2019,52000,155400,207400
71003208074,2019,53100,116900,170000
71003208082,2019,53100,169400,222500
71003208090,2019,53100,171600,224700
71003208107,2019,53100,186900,240000
71003208115,2019,53100,172200,225300
71003208123,2019,53100,173600,226700
71003208131,2019,53100,164400,217500
71003208149,2019,53100,171100,224200
71003209014,2019,53100,147400,200500
71003209022,2019,53100,177800,230900
71003209030,2019,53100,138600,191700
71003209048,2019,52000,117200,169200
71003210011,2019,53100,175900,229000
71003210029,2019,53100,130800,183900
71003210037,2019,53100,145900,199000
71003210045,2019,54300,137400,191700
71003210053,2019,56100,130400,186500
71003210061,2019,53100,159700,212800
71003210079,2019,53100,123100,176200
71003211019,2019,53100,192900,246000
71003211027,2019,53100,144200,197300
71003211035,2019,53100,188200,241300
71003211043,2019,53100,122900,176000
71003211051,2019,54300,150700,205000
71003211069,2019,53100,119400,172500
71003211077,2019,53100,134400,187500
71003212017,2019,56100,174000,230100
71003212025,2019,53100,168600,221700
71003212033,2019,53100,175900,229000
71003212041,2019,53100,169500,222600
71003212059,2019,53100,139100,192200
71003212067,2019,53100,172600,225700
71003212075,2019,53100,173600,226700
71003212083,2019,53100,144600,197700
71003212091,2019,54300,170700,225000
71003212190,2019,53100,168400,221500
71003212207,2019,53100,230900,284000
71003212215,2019,53100,165100,218200
71003212223,2019,53100,161300,214400
71003212231,2019,53100,171700,224800
71003212249,2019,53100,200000,253100
71003213015,2019,53100,146900,200000
71003213023,2019,56100,200200,256300
71003213031,2019,53100,171700,224800
71003213049,2019,57300,161300,218600
71003213057,2019,65300,215800,281100
71003213065,2019,53100,149100,202200
71003213073,2019,56100,149000,205100
71003213081,2019,54300,231300,285600
71003213099,2019,53100,153000,206100
71003213106,2019,53100,142000,195100
71003213114,2019,57300,165300,222600
71003213122,2019,53100,198500,251600
71003213130,2019,53100,138400,191500
71003213148,2019,53100,159600,212700
71003213156,2019,53100,174200,227300
71003213164,2019,56100,186800,242900
71003213172,2019,56100,211300,267400
71003213180,2019,53100,127700,180800
71003213198,2019,53100,127000,180100
71003213205,2019,53100,147400,200500
71003213213,2019,53100,182000,235100
71003213221,2019,53100,177000,230100
71003213239,2019,54300,179600,233900
71003213247,2019,56100,169000,225100
71003213255,2019,56100,179700,235800
71003214055,2019,53100,130600,183700
71003214063,2019,53100,136800,189900
71003214071,2019,53100,146200,199300
71003214089,2019,53100,170500,223600
71003214097,2019,53100,198400,251500
71003214104,2019,53100,181900,235000
71003214112,2019,53100,165500,218600
71003214120,2019,53100,163900,217000
71003214138,2019,53100,153200,206300
71003214146,2019,53100,141000,194100
71003214154,2019,53100,167600,220700
71003214162,2019,53100,154800,207900
71003214170,2019,53100,155200,208300
71003301068,2019,49000,186800,235800
71003301076,2019,49000,196300,245300
71003301084,2019,48500,186500,235000
71003301092,2019,62500,191500,254000
71003301109,2019,55700,202600,258300
71003301117,2019,74000,176100,250100
71003301125,2019,64600,162200,226800
71003301133,2019,53500,206200,259700
71003301141,2019,51600,168200,219800
71003301159,2019,52400,218000,270400
71003301167,2019,57400,143800,201200
71003301175,2019,54100,173900,228000
71003301183,2019,55600,217200,272800
71003301191,2019,53200,244600,297800
71003301208,2019,49500,237800,287300
71003301216,2019,54200,209500,263700
71003301224,2019,66200,177900,244100
71003301232,2019,62300,195500,257800
71003301240,2019,55900,173600,229500
71003301258,2019,46000,219200,265200
71003301266,2019,51800,173400,225200
71003301274,2019,48600,170400,219000
71003303030,2019,57300,106500,163800
71003303048,2019,56300,115600,171900
71003303056,2019,56300,141000,197300
71003303064,2019,56300,107600,163900
71003303072,2019,52600,160000,212600
71003303080,2019,52600,108700,161300
71003303105,2019,52600,148300,200900
71003303113,2019,51700,175500,227200
71003303121,2019,57600,172300,229900
71003303139,2019,62300,141500,203800
71003303147,2019,62400,119000,181400
71003303155,2019,56700,124600,181300
71003303163,2019,52000,148200,200200
71003303171,2019,52000,175400,227400
71003303189,2019,52000,130000,182000
71003303197,2019,51900,146300,198200
71003303204,2019,51900,164600,216500
71003303212,2019,51800,153400,205200
71003303220,2019,56300,187500,243800
71003303238,2019,57600,183800,241400
71003303246,2019,57800,151400,209200
71003303254,2019,57800,209700,267500
71003303262,2019,58400,187700,246100
71003303270,2019,58400,178100,236500
71003303288,2019,57900,171900,229800
71003303329,2019,62400,180000,242400
71003304012,2019,49500,133200,182700
71003304020,2019,50500,112500,163000
71003304038,2019,56700,144000,200700
71003304046,2019,48100,143800,191900
71003304054,2019,49500,116800,166300
71003304062,2019,47100,147800,194900
71003304070,2019,47000,160000,207000
71003304088,2019,47000,145900,192900
71003304096,2019,53600,149000,202600
71003304103,2019,53600,146300,199900
71003304111,2019,62000,163200,225200
71003304161,2019,55300,139700,195000
71003304179,2019,51700,156900,208600
71003304187,2019,49900,151500,201400
71003304195,2019,60100,198400,258500
71003304202,2019,63800,182200,246000
71003304210,2019,58700,186200,244900
71003305010,2019,52900,153300,206200
71003305028,2019,53000,138800,191800
71003305036,2019,53000,169900,222900
71003305044,2019,53000,169600,222600
71003305060,2019,62900,170900,233800
71003305078,2019,59300,158300,217600
71003305086,2019,52600,162400,215000
71003305094,2019,48800,136100,184900
71003305101,2019,48800,156800,205600
71003305119,2019,48800,130200,179000
71003305127,2019,49300,151600,200900
71003305135,2019,49300,147200,196500
71003305143,2019,49300,145300,194600
71003305151,2019,49300,164800,214100
71003305169,2019,49300,161300,210600
71003305177,2019,49300,185900,235200
71003305185,2019,49300,150400,199700
71003305193,2019,49300,180400,229700
71003305200,2019,49300,149100,198400
71003305218,2019,49300,179900,229200
71003305226,2019,48800,156100,204900
71003305234,2019,48800,163000,211800
71003305242,2019,48800,133800,182600
71003305250,2019,49300,141900,191200
71003305268,2019,49300,129900,179200
71003305276,2019,49300,133500,182800
71003305284,2019,49300,133500,182800
71003305292,2019,49300,128400,177700
71003305309,2019,53000,139200,192200
71003305317,2019,53000,146700,199700
71003305325,2019,53000,152400,205400
71003305333,2019,53000,160300,213300
71003305341,2019,52700,128100,180800
71003306018,2019,57800,182200,240000
71003306068,2019,57600,133500,191100
71003306076,2019,57600,131800,189400
71003306084,2019,53500,141500,195000
71003306092,2019,53500,131600,185100
71003306109,2019,53600,159500,213100
71003306117,2019,53700,170800,224500
71003306125,2019,53700,138500,192200
71003306133,2019,53800,149400,203200
71003306141,2019,57800,132400,190200
71003307016,2019,59300,172000,231300
71003307024,2019,60800,163500,224300
71003307032,2019,54000,218300,272300
71003307040,2019,54700,190700,245400
71003307058,2019,54700,163300,218000
71003307066,2019,54000,164500,218500
71003307074,2019,54000,160300,214300
71003307082,2019,54300,149500,203800
71003307090,2019,61300,211300,272600
71003307107,2019,59800,196800,256600
71003307115,2019,54000,167200,221200
71003307123,2019,54000,171000,225000
71003307131,2019,54000,173800,227800
71003307149,2019,54700,164300,219000
71003307157,2019,54700,154300,209000
71003307165,2019,54000,193200,247200
71003307173,2019,54000,172000,226000
71003308014,2019,59600,172500,232100
71003308022,2019,56200,164700,220900
71003308030,2019,55100,173400,228500
71003308048,2019,55300,181600,236900
71003308056,2019,55300,158100,213400
71003308064,2019,55100,196400,251500
71003308072,2019,57000,194600,251600
71003308080,2019,60300,200600,260900
71003308098,2019,57300,222600,279900
71003308105,2019,54000,178700,232700
71003308113,2019,54000,213600,267600
71003308121,2019,56100,216200,272300
71003308139,2019,57900,219300,277200
71003308147,2019,54900,240100,295000
71003308155,2019,54000,178700,232700
71003308163,2019,54900,199900,254800
71003308171,2019,55100,209900,265000
71003308189,2019,55400,201200,256600
71003308197,2019,55400,192600,248000
71003308204,2019,57000,191400,248400
71003308212,2019,54000,191700,245700
71003310019,2019,57900,183200,241100
71003310027,2019,56200,198000,254200
71003310035,2019,56200,254900,311100
71003310043,2019,56200,217400,273600
71003310051,2019,56200,191100,247300
71003310069,2019,56200,179200,235400
71003310077,2019,56200,195600,251800
71003310085,2019,58500,143800,202300
71003310093,2019,60100,223200,283300
71003310100,2019,61700,175200,236900
71003310118,2019,51700,160500,212200
71003310126,2019,51700,162000,213700
71003310134,2019,51700,147300,199000
71003310142,2019,51200,155200,206400
71003310150,2019,58500,160900,219400
71003310168,2019,56200,232300,288500
71003310176,2019,56200,196000,252200
71003310184,2019,56200,201900,258100
71003310192,2019,56200,185200,241400
71003310209,2019,56200,193500,249700
71003310217,2019,56200,219400,275600
71003310225,2019,56200,167500,223700
71003310233,2019,56200,174300,230500
71003310241,2019,57600,216900,274500
71003311017,2019,51700,166300,218000
71003311025,2019,52000,171000,223000
71003311033,2019,53000,165700,218700
71003311041,2019,48100,181200,229300
71003311059,2019,47200,163800,211000
71003311067,2019,52000,143200,195200
71003311075,2019,50600,147100,197700
71003311083,2019,49900,170100,220000
71003311091,2019,49900,166000,215900
71003311108,2019,49900,139100,189000
71003311116,2019,49500,155500,205000
71003311124,2019,49500,169800,219300
71003311132,2019,49500,116400,165900
71003311140,2019,49500,148000,197500
71003311158,2019,49500,135600,185100
71003311166,2019,49500,135700,185200
71003311174,2019,49200,140200,189400
71003311182,2019,49200,157000,206200
71003311190,2019,49100,141800,190900
71003311207,2019,47400,166200,213600
71003311215,2019,47600,175000,222600
71003311223,2019,47600,137700,185300
71003311231,2019,48000,146800,194800
71003311249,2019,48000,141900,189900
71003311257,2019,48000,174800,222800
71003311265,2019,48000,135800,183800
71003311273,2019,48000,160100,208100
71003311281,2019,51800,159300,211100
71003311299,2019,51800,171900,223700
71003311306,2019,51800,120400,172200
71003311314,2019,51800,154500,206300
71003311322,2019,52600,159400,212000
71003311330,2019,53000,123100,176100
71003311348,2019,51700,154900,206600
71003311356,2019,51700,178800,230500
71003312015,2019,53700,147300,201000
71003312023,2019,49200,138700,187900
71003312031,2019,49300,152900,202200
71003312049,2019,49300,152400,201700
71003312057,2019,49300,171600,220900
71003312065,2019,49300,173900,223200
71003312073,2019,49100,152000,201100
71003312081,2019,49100,142200,191300
71003312099,2019,49100,140800,189900
71003312106,2019,49300,168600,217900
71003312114,2019,49300,189100,238400
71003312122,2019,49300,131700,181000
71003312130,2019,49300,145800,195100
71003312148,2019,49300,152500,201800
71003312156,2019,49100,157500,206600
71003312164,2019,49100,154700,203800
71003312172,2019,48800,141300,190100
71003312180,2019,48800,140900,189700
71003312198,2019,49100,142900,192000
71003312205,2019,49100,156100,205200
71003312213,2019,49300,141900,191200
71003312221,2019,49300,172800,222100
71003312239,2019,49300,136300,185600
71003312247,2019,49300,145700,195000
71003312255,2019,49300,76400,125700
71003312263,2019,49100,167500,216600
71003312271,2019,49100,132700,181800
71003312289,2019,49100,157900,207000
71003312297,2019,49300,155800,205100
71003312304,2019,49500,140200,189700
71003312312,2019,50100,153800,203900
71003312320,2019,52500,183200,235700
71003313013,2019,49100,168000,217100
71003313021,2019,49300,148000,197300
71003313039,2019,49300,133700,183000
71003313047,2019,49300,137000,186300
71003313055,2019,49300,160000,209300
71003313063,2019,49300,197600,246900
71003313071,2019,49100,168800,217900
71003313089,2019,49100,144600,193700
71003313097,2019,49100,160700,209800
71003313104,2019,49300,144100,193400
71003313112,2019,49300,145700,195000
71003313120,2019,49300,132100,181400
71003313138,2019,49300,165600,214900
71003313146,2019,49300,140800,190100
71003313154,2019,49100,165700,214800
71003313162,2019,49100,181100,230200
71003313170,2019,48400,155400,203800
71003313188,2019,49100,132300,181400
71003313196,2019,49100,144400,193500
71003313203,2019,49100,142400,191500
71003313211,2019,49300,132700,182000
71003313229,2019,49300,144100,193400
71003313237,2019,49300,138800,188100
71003313245,2019,49300,171200,220500
71003313253,2019,49300,161800,211100
71003313261,2019,49100,168800,217900
71003313279,2019,49100,152900,202000
71003313287,2019,49100,164400,213500
71003313295,2019,49300,157400,206700
71003313302,2019,49300,160000,209300
71003313310,2019,49100,156100,205200
71003313328,2019,49300,187000,236300
71003314029,2019,48400,201300,249700
71003314037,2019,48400,177600,226000
71003314045,2019,48400,146200,194600
71003314053,2019,48400,140600,189000
71003314061,2019,48400,174700,223100
71003314079,2019,49100,171300,220400
71003314087,2019,49100,152600,201700
71003314095,2019,48400,150400,198800
71003314102,2019,48400,165000,213400
71003314110,2019,48400,166000,214400
71003314128,2019,48400,167700,216100
71003314136,2019,48400,156000,204400
71003314144,2019,48100,150300,198400
71003314152,2019,48100,139500,187600
71003314160,2019,48400,133000,181400
71003314178,2019,48400,148200,196600
71003314186,2019,48400,184900,233300
71003314194,2019,48400,132100,180500
71003314201,2019,48400,156700,205100
71003314219,2019,49100,161900,211000
71003314227,2019,49100,147000,196100
71003314235,2019,48400,164900,213300
71003314243,2019,48400,165200,213600
71003314251,2019,48400,170900,219300
71003314269,2019,48400,155200,203600
71003314277,2019,48400,182000,230400
71003314285,2019,46800,131100,177900
71003315019,2019,0,0,0
71003315027,2019,47400,147700,195100
71003315035,2019,47200,124700,171900
71003315043,2019,47200,136000,183200
71003315051,2019,47100,142800,189900
71003315069,2019,47100,148200,195300
71003315077,2019,47100,164400,211500
71003315085,2019,47000,148300,195300
71003315093,2019,47000,169600,216600
71003315100,2019,47100,187100,234200
71003315118,2019,47000,156300,203300
71003315126,2019,47000,146900,193900
71003315134,2019,47000,161600,208600
71003315142,2019,46500,137900,184400
71003315150,2019,58000,175000,233000
71003315168,2019,58000,165100,223100
71003315176,2019,58000,153200,211200
71003315184,2019,58000,250900,308900
71003315192,2019,58000,172100,230100
71003315209,2019,58000,181800,239800
71003315217,2019,53800,167200,221000
71003315225,2019,53800,152700,206500
71003315233,2019,53800,113700,167500
71003315241,2019,53800,182400,236200
71003315259,2019,48300,191500,239800
71003315267,2019,48300,168700,217000
71003316017,2019,55300,207900,263200
71003316025,2019,57300,182000,239300
71003316033,2019,57300,170300,227600
71003316041,2019,57300,197900,255200
71003316059,2019,57300,273000,330300
71003316067,2019,57300,184000,241300
71003316075,2019,57300,188200,245500
71003316083,2019,57300,179600,236900
71003316091,2019,56400,166200,222600
71003316108,2019,57300,190100,247400
71003316116,2019,57300,182300,239600
71003316124,2019,57300,217200,274500
71003316132,2019,57300,199000,256300
71003316140,2019,57300,224200,281500
71003316158,2019,57300,209300,266600
71003316166,2019,55600,189300,244900
71003317015,2019,56400,169400,225800
71003317023,2019,56200,238100,294300
71003317031,2019,56200,185700,241900
71003317049,2019,58400,189400,247800
71003317057,2019,58400,183300,241700
71003317065,2019,58400,186100,244500
71003317073,2019,58400,207600,266000
71003317081,2019,58400,161900,220300
71003317099,2019,54300,167700,222000
71003317106,2019,54000,171000,225000
71003317114,2019,54000,152200,206200
71003317122,2019,54000,162600,216600
71003317130,2019,54000,118400,172400
71003317148,2019,54000,193500,247500
71003317156,2019,54000,191400,245400
71003317164,2019,54000,182000,236000
71003317172,2019,53600,224600,278200
71003318013,2019,62000,191800,253800
71003318021,2019,58000,148300,206300
71003318039,2019,57800,205900,263700
71003318047,2019,62500,147000,209500
71003318055,2019,55900,227400,283300
71003319011,2019,55600,216900,272500
71003319029,2019,56200,187600,243800
71003319037,2019,54000,196400,250400
71003319045,2019,54000,182300,236300
71003319053,2019,54000,208500,262500
71003319061,2019,54000,169000,223000
71003319079,2019,54000,180400,234400
71003319087,2019,54000,162600,216600
71003319095,2019,54000,154600,208600
71003319102,2019,54900,158700,213600
71003319110,2019,57300,197900,255200
71003319128,2019,56400,159700,216100
71003319136,2019,56400,180300,236700
71003319144,2019,56400,233000,289400
71003319152,2019,56400,163900,220300
71003319160,2019,56400,204500,260900
71003319178,2019,56400,188200,244600
71003319186,2019,56400,219100,275500
71003319194,2019,56400,203900,260300
71003319201,2019,59700,195500,255200
71003320018,2019,48400,134900,183300
71003320026,2019,48400,185000,233400
71003320034,2019,48400,144600,193000
71003320042,2019,48400,159400,207800
71003320050,2019,48300,135600,183900
71003320068,2019,48000,159800,207800
71003320076,2019,48000,151400,199400
71003320084,2019,48000,158700,206700
71003320092,2019,48000,158400,206400
71003320109,2019,48000,141200,189200
71003320117,2019,48000,134800,182800
71003320125,2019,48800,149500,198300
71003320133,2019,50700,182600,233300
71003320141,2019,49500,168100,217600
71003320159,2019,48300,168800,217100
71003320167,2019,48000,171700,219700
71003320175,2019,48000,168500,216500
71003320183,2019,48000,173200,221200
71003320191,2019,48000,159000,207000
71003320208,2019,48000,174000,222000
71003320216,2019,48000,134600,182600
71003320224,2019,48300,153900,202200
71003320232,2019,48400,181600,230000
71003320240,2019,48400,167100,215500
71003320258,2019,48400,153900,202300
71003320266,2019,48000,147200,195200
71003401016,2019,64600,136400,201000
71003401024,2019,54800,156200,211000
71003401032,2019,50500,168700,219200
71003401040,2019,50800,166100,216900
71003401058,2019,48200,158300,206500
71003401066,2019,60700,169200,229900
71003401074,2019,49300,160700,210000
71003401082,2019,62900,162900,225800
71003401090,2019,51200,196400,247600
71003401107,2019,55000,179300,234300
71003401115,2019,59300,177700,237000
71003401123,2019,67900,147900,215800
71003401131,2019,72700,176200,248900
71003401149,2019,52400,206800,259200
71003401157,2019,57400,236600,294000
71003401165,2019,58700,194500,253200
71003401173,2019,74700,184700,259400
71003401181,2019,59100,231100,290200
71003401199,2019,74600,216000,290600
71003401206,2019,57800,280200,338000
71003401214,2019,60200,225600,285800
71003401222,2019,51600,211400,263000
71003401230,2019,63300,278400,341700
71003401248,2019,53600,224100,277700
71003401256,2019,57800,168800,226600
71003401264,2019,104400,325400,429800
71003402014,2019,62700,182900,245600
71003402022,2019,57800,150300,208100
71003402030,2019,60200,160100,220300
71003402048,2019,61900,203600,265500
71003402056,2019,69000,158100,227100
71003402064,2019,71200,232000,303200
71003402072,2019,70000,165000,235000
71003402080,2019,51500,168000,219500
71003402098,2019,47900,151300,199200
71003402105,2019,46200,171500,217700
71003402113,2019,45800,240600,286400
71003402121,2019,46800,156500,203300
71003402139,2019,46800,151700,198500
71003402147,2019,46800,156900,203700
71003402155,2019,46800,157800,204600
71003402163,2019,46800,173700,220500
71003402171,2019,47100,159300,206400
71003402189,2019,46800,166700,213500
71003402197,2019,51500,173100,224600
71003403012,2019,57400,196300,253700
71003403020,2019,55900,191600,247500
71003403038,2019,51000,199600,250600
71003403046,2019,51000,180300,231300
71003403054,2019,51000,184000,235000
71003403062,2019,59800,210800,270600
71003403070,2019,51000,165600,216600
71003403096,2019,52100,181000,233100
71003403103,2019,52100,167500,219600
71003403111,2019,52100,179900,232000
71003403129,2019,51200,192400,243600
71003403137,2019,52600,166400,219000
71003403145,2019,53200,159100,212300
71003403153,2019,78400,234400,312800
71003404010,2019,59200,169400,228600
71003404028,2019,55300,191400,246700
71003404036,2019,55300,184900,240200
71003404044,2019,55300,224400,279700
71003404052,2019,53600,219000,272600
71003404060,2019,57600,247700,305300
71003405018,2019,59600,188700,248300
71003405026,2019,54300,176300,230600
71003405034,2019,54300,190800,245100
71003405042,2019,54300,169900,224200
71003405050,2019,54300,193600,247900
71003405068,2019,54300,196700,251000
71003405076,2019,54300,239200,293500
71003405084,2019,54300,198000,252300
71003405092,2019,54300,160800,215100
71003405109,2019,54300,178000,232300
71003405117,2019,58700,216100,274800
71003406016,2019,54300,168900,223200
71003406024,2019,64200,193900,258100
71003406032,2019,74600,164800,239400
71003406040,2019,68800,189800,258600
71003406058,2019,56000,195000,251000
71003406066,2019,56000,203500,259500
71003406074,2019,56000,200500,256500
71003406082,2019,56000,192400,248400
71003406090,2019,56000,225000,281000
71003406107,2019,56000,224700,280700
71003406115,2019,56000,196300,252300
71003406123,2019,56000,226200,282200
71003406131,2019,56000,187300,243300
71003406149,2019,59800,221400,281200
71003406165,2019,54800,216300,271100
71003406173,2019,56100,258700,314800
71003406181,2019,56100,229000,285100
71003406199,2019,55000,213200,268200
71003406206,2019,57200,169200,226400
71003406214,2019,53400,254400,307800
71003406222,2019,53400,193700,247100
71003406230,2019,53400,217800,271200
71003406248,2019,53400,188400,241800
71003406256,2019,54700,224900,279600
71003406264,2019,50500,228500,279000
71003406272,2019,51900,176200,228100
71003406280,2019,54700,180600,235300
71003407014,2019,57400,229100,286500
71003407022,2019,53000,209400,262400
71003407030,2019,53900,195000,248900
71003407048,2019,51600,199700,251300
71003407056,2019,50500,223100,273600
71003407064,2019,52400,159900,212300
71003407072,2019,52400,200300,252700
71003407080,2019,49900,216400,266300
71003407098,2019,49900,221900,271800
71003407105,2019,50300,182400,232700
71003407113,2019,49900,207900,257800
71003407121,2019,49900,244600,294500
71003407139,2019,49900,203100,253000
71003407147,2019,50600,197700,248300
71003407155,2019,50600,235600,286200
71003407163,2019,50500,179400,229900
71003407171,2019,50500,206300,256800
71003407189,2019,55300,220600,275900
71003407197,2019,55100,266800,321900
71003407204,2019,53400,182400,235800
71003407212,2019,53400,212400,265800
71003407220,2019,53400,215600,269000
71003407238,2019,53400,189300,242700
71003407246,2019,51500,211200,262700
71003407254,2019,53000,191800,244800
71003407262,2019,53000,199000,252000
71003407270,2019,53000,200000,253000
71003407288,2019,53000,152100,205100
71003407296,2019,53000,183200,236200
71003407303,2019,55000,213400,268400
71003407311,2019,55000,161000,216000
71003407329,2019,53400,239300,292700
71003407337,2019,55300,215900,271200
71003407345,2019,55300,167400,222700
71003407353,2019,55300,166100,221400
71003407361,2019,62600,196800,259400
71003408012,2019,49300,174800,224100
71003408020,2019,49900,197900,247800
71003408038,2019,49900,206300,256200
71003408046,2019,49900,192700,242600
71003408054,2019,49900,172600,222500
71003408062,2019,49900,194500,244400
71003408070,2019,53600,215900,269500
71003408088,2019,54100,208600,262700
71003408096,2019,50500,249700,300200
71003408103,2019,50800,207100,257900
71003408111,2019,50800,202400,253200
71003408129,2019,46100,201100,247200
71003408137,2019,53400,176600,230000
71003408145,2019,51600,187800,239400
71003409010,2019,54700,187200,241900
71003409028,2019,53500,188300,241800
71003409036,2019,46200,224400,270600
71003409044,2019,50500,224800,275300
71003409052,2019,50500,160500,211000
71003409060,2019,50500,195800,246300
71003409078,2019,54100,172100,226200
71003409086,2019,54100,188800,242900
71003409094,2019,50500,221400,271900
71003409101,2019,50500,169700,220200
71003409119,2019,49500,162700,212200
71003409127,2019,48700,177000,225700
71003409135,2019,54700,206800,261500
71003409143,2019,57200,178900,236100
71003410017,2019,64900,190100,255000
71003410025,2019,51000,152400,203400
71003410033,2019,49000,161600,210600
71003410041,2019,49300,208200,257500
71003410059,2019,50500,226600,277100
71003410067,2019,50500,198400,248900
71003410075,2019,54100,156100,210200
71003410083,2019,52400,173300,225700
71003410091,2019,49900,185400,235300
71003410108,2019,49900,186700,236600
71003410116,2019,49900,207200,257100
71003410124,2019,49900,186700,236600
71003410132,2019,49600,170400,220000
71003410140,2019,50400,169100,219500
71003410158,2019,48500,171500,220000
71003411015,2019,48400,203900,252300
71003411023,2019,52100,177700,229800
71003411031,2019,50600,175900,226500
71003411049,2019,50600,187200,237800
71003411057,2019,50600,233700,284300
71003411065,2019,50300,160300,210600
71003411073,2019,51500,189000,240500
71003411081,2019,53500,177500,231000
71003411099,2019,50600,167100,217700
71003411106,2019,54800,163100,217900
71003412013,2019,55900,174400,230300
71003412021,2019,49500,168100,217600
71003412039,2019,50300,176800,227100
71003412047,2019,49500,154800,204300
71003412055,2019,50300,185700,236000
71003412063,2019,50600,197800,248400
71003412071,2019,50600,199900,250500
71003412089,2019,51000,218700,269700
71003412097,2019,49900,214200,264100
71003412104,2019,51000,157700,208700
71003412112,2019,50400,199600,250000
71003412120,2019,49600,132900,182500
71003412138,2019,50600,180200,230800
71003412146,2019,50600,202800,253400
71003412154,2019,50600,160300,210900
71003412162,2019,50600,249500,300100
71003412170,2019,51000,286500,337500
71003412188,2019,53500,194600,248100
71003412196,2019,52400,178700,231100
71003412203,2019,53600,192500,246100
71003412211,2019,48500,186300,234800
71003413011,2019,69700,224700,294400
71003413029,2019,55600,199700,255300
71003413037,2019,64200,171800,236000
71003413045,2019,68800,213600,282400
71003413053,2019,75700,207500,283200
71003413061,2019,72100,241900,314000
71003413079,2019,53600,180800,234400
71003413087,2019,55600,209300,264900
71003413102,2019,69200,199600,268800
71003413110,2019,60200,213300,273500
71003413128,2019,57100,170500,227600
71003413136,2019,53000,252100,305100
71003413144,2019,54100,177200,231300
71003414019,2019,59100,206300,265400
71003414027,2019,55900,179100,235000
71003414035,2019,76000,150800,226800
71003414043,2019,66000,241500,307500
71003414051,2019,64200,224600,288800
71003414069,2019,59300,194800,254100
71003414077,2019,55900,120200,176100
71003414085,2019,55600,180300,235900
71003414093,2019,55600,199900,255500
71003415017,2019,59800,203600,263400
71003415025,2019,58000,198000,256000
71003415033,2019,55900,215600,271500
71003415041,2019,57100,210400,267500
71003415059,2019,53600,238000,291600
71003415067,2019,54700,236300,291000
71003415075,2019,55900,224300,280200
71003415083,2019,54700,215200,269900
71003415091,2019,57200,194500,251700
71003415140,2019,62000,210100,272100
71003415158,2019,61400,197800,259200
71003415166,2019,58200,215700,273900
71003415174,2019,63700,238200,301900
71003415207,2019,58000,208700,266700
71003415215,2019,58000,255600,313600
71003415223,2019,59600,231500,291100
71003415231,2019,58000,219600,277600
71003415249,2019,86500,169800,256300
71003416015,2019,51500,232200,283700
71003416023,2019,0,0,0
71003416031,2019,47900,181300,229200
71003416049,2019,48700,221700,270400
71003416057,2019,47900,205300,253200
71003416065,2019,51200,175800,227000
71003416073,2019,48700,189400,238100
71003416081,2019,53900,182500,236400
71003416099,2019,47900,180100,228000
71003416106,2019,49900,202600,252500
71003416114,2019,48400,194600,243000
71003416122,2019,49100,206200,255300
71003416130,2019,51200,157900,209100
71003416148,2019,55000,197800,252800
71003416156,2019,47900,194600,242500
71003416164,2019,49900,216400,266300
71003416172,2019,47900,179000,226900
71003416180,2019,53900,193500,247400
71003416198,2019,48500,200400,248900
71003416205,2019,50800,229500,280300
71003416213,2019,47900,200700,248600
71003416221,2019,48700,208300,257000
71003416239,2019,47900,173100,221000
71003416247,2019,50400,200400,250800
71003416255,2019,53400,268300,321700
71003417013,2019,55700,226400,282100
71003417021,2019,49300,291500,340800
71003417039,2019,48300,209800,258100
71003417047,2019,47900,195100,243000
71003417055,2019,50800,219600,270400
71003417063,2019,53900,201400,255300
71003417071,2019,47900,175800,223700
71003417089,2019,49900,207900,257800
71003417097,2019,47900,162200,210100
71003417104,2019,48500,200200,248700
71003417112,2019,47900,190100,238000
71003417120,2019,55000,207700,262700
71003417138,2019,53400,147500,200900
71003417146,2019,47900,160300,208200
71003417154,2019,48700,175100,223800
71003417162,2019,47900,155800,203700
71003417170,2019,50400,163500,213900
71003417188,2019,46800,168300,215100
71003417196,2019,53900,193300,247200
71003417203,2019,50600,168100,218700
71003417211,2019,47900,159900,207800
71003417229,2019,47900,176500,224400
71003417237,2019,46300,167600,213900
71003417245,2019,49600,264700,314300
71003417253,2019,49900,181400,231300
71003418011,2019,59100,151500,210600
71003418029,2019,51000,146600,197600
71003418037,2019,47300,150900,198200
71003418045,2019,46100,163900,210000
71003418053,2019,45800,149400,195200
71003418061,2019,49000,139500,188500
71003418079,2019,51600,164600,216200
71003418087,2019,45800,149200,195000
71003418095,2019,46100,178500,224600
71003418102,2019,49000,158000,207000
71003418110,2019,51200,144200,195400
71003418128,2019,45800,157000,202800
71003418136,2019,49000,143600,192600
71003418144,2019,46100,144400,190500
71003418152,2019,52400,154000,206400
71003418160,2019,55700,168500,224200
71003418178,2019,48600,148500,197100
71003418186,2019,51200,172300,223500
71003418194,2019,45500,160300,205800
71003418201,2019,53400,156600,210000
71003418219,2019,51200,171000,222200
71003418227,2019,48600,198800,247400
71003418235,2019,47900,176000,223900
71003418243,2019,53900,168300,222200
71003418251,2019,51200,147600,198800
71003418269,2019,56100,234700,290800
71003418277,2019,65900,218900,284800
71003418285,2019,77700,312600,390300
71003418293,2019,70000,320900,390900
71003418300,2019,0,0,0
71003418318,2019,51800,225100,276900
71003418326,2019,55000,226600,281600
71003418334,2019,53000,253500,306500
71003418342,2019,54300,222800,277100
71003418350,2019,57100,244800,301900
71003419051,2019,45000,223200,268200
71003419069,2019,44600,203500,248100
71003419077,2019,43500,191700,235200
71003419085,2019,42500,188500,231000
71003419093,2019,42700,184400,227100
71003419100,2019,50600,182100,232700
71003419118,2019,45000,188700,233700
71003419126,2019,45000,172700,217700
71003419134,2019,45300,207200,252500
71003419142,2019,45300,178800,224100
71003419150,2019,49300,176900,226200
71003419168,2019,53000,194800,247800
71003419176,2019,57100,176600,233700
71003419184,2019,46000,191900,237900
71003419192,2019,45300,153600,198900
71003419209,2019,64800,175400,240200
71003419217,2019,59600,178900,238500
71003419225,2019,46300,178200,224500
71003419233,2019,46300,171400,217700
71003419241,2019,46300,204000,250300
71003419259,2019,46300,188200,234500
71003419267,2019,46300,177900,224200
71003419275,2019,48400,170200,218600
71003419283,2019,52100,171900,224000
71003419291,2019,54800,188200,243000
71003419308,2019,51600,154700,206300
71003419316,2019,56000,163100,219100
71004301017,2019,62700,143700,206400
71004301025,2019,59400,158600,218000
71004301033,2019,59400,149100,208500
71004301041,2019,59300,137100,196400
71004301059,2019,60700,166300,227000
71004301067,2019,62200,154200,216400
71004301075,2019,62200,181500,243700
71004301083,2019,63200,124400,187600
71004301091,2019,62700,160600,223300
71004301108,2019,69100,117600,186700
71004301116,2019,45700,27600,73300
71004301124,2019,62700,138400,201100
71004301132,2019,62200,171300,233500
71004301140,2019,62200,131700,193900
71004301158,2019,54700,185900,240600
71004301166,2019,58700,138400,197100
71004301174,2019,54100,132900,187000
71004301182,2019,50700,150800,201500
71004301190,2019,58500,128200,186700
71004301207,2019,58500,159600,218100
71004301215,2019,54100,139700,193800
71004301223,2019,54700,175800,230500
71004301231,2019,58900,183100,242000
71004301249,2019,62100,162400,224500
71004301257,2019,58500,142900,201400
71004301265,2019,61400,149200,210600
71004301273,2019,58500,144500,203000
71004301281,2019,58900,113400,172300
71004301299,2019,58500,166600,225100
71004301306,2019,58500,172900,231400
71004301314,2019,58500,161500,220000
71004301322,2019,58900,134600,193500
71004301330,2019,58500,157100,215600
71004302015,2019,43800,145600,189400
71004302023,2019,59700,139800,199500
71004302031,2019,56800,143700,200500
71004302049,2019,54200,134000,188200
71004302057,2019,50100,134900,185000
71004302065,2019,50100,149600,199700
71004302073,2019,50100,139200,189300
71004302099,2019,49200,150500,199700
71004302106,2019,49200,157600,206800
71004302114,2019,55500,161200,216700
71004302122,2019,55500,155000,210500
71004302130,2019,49200,173600,222800
71004302148,2019,52000,169200,221200
71004302156,2019,52800,177500,230300
71004302164,2019,52800,147400,200200
71004302172,2019,49200,180800,230000
71004302180,2019,64600,139900,204500
71004302198,2019,88100,222100,310200
71004302205,2019,52800,196000,248800
71004302213,2019,59400,129600,189000
71004302221,2019,58900,129100,188000
71004302239,2019,70800,196500,267300
71004302247,2019,73600,111400,185000
71004302255,2019,83800,184300,268100
71004302263,2019,56100,186400,242500
71004302271,2019,49200,185600,234800
71004302289,2019,68000,135500,203500
71004302297,2019,57500,173500,231000
71004302304,2019,73600,159800,233400
71004302312,2019,49200,154600,203800
71004302320,2019,68000,141000,209000
71004302338,2019,57500,136100,193600
71004302346,2019,57500,151200,208700
71004302354,2019,63400,154900,218300
71004302362,2019,48000,148300,196300
71004302370,2019,48000,172900,220900
71004302388,2019,58500,163000,221500
71004302396,2019,48000,167000,215000
71004302403,2019,48000,150100,198100
71004302411,2019,48000,145500,193500
71004302429,2019,68000,162300,230300
71004302437,2019,47900,180900,228800
71004302445,2019,48000,237800,285800
71004302453,2019,48000,188700,236700
71004302461,2019,47900,145900,193800
71004302479,2019,67800,122000,189800
71004302487,2019,48000,169000,217000
71004302495,2019,48000,146500,194500
71004302502,2019,48000,136600,184600
71004302510,2019,63400,103500,166900
71004302528,2019,54700,163500,218200
71004302536,2019,54700,129900,184600
71004302544,2019,54700,148700,203400
71004302552,2019,56400,159400,215800
71004302560,2019,56400,174100,230500
71004302578,2019,54700,126200,180900
71004302586,2019,47900,172600,220500
71004302594,2019,54700,124300,179000
71004302601,2019,50100,128700,178800
71004302619,2019,54700,187500,242200
71004302627,2019,54700,142300,197000
71004302635,2019,50700,177800,228500
71004302643,2019,56400,135900,192300
71004302651,2019,54700,161700,216400
71004302669,2019,54700,120600,175300
71004303013,2019,49200,145000,194200
71004303021,2019,59400,149600,209000
71004303039,2019,58500,154900,213400
71004303047,2019,54700,141500,196200
71004303055,2019,57500,177700,235200
71004303063,2019,49200,166100,215300
71004303071,2019,54700,134800,189500
71004303089,2019,59400,149600,209000
71004303097,2019,49200,159600,208800
71004303104,2019,49700,169200,218900
71004303112,2019,54600,148000,202600
71004303120,2019,67800,136700,204500
71004303138,2019,49200,145000,194200
71004303146,2019,73600,170600,244200
71004303154,2019,49200,175800,225000
71004303162,2019,58500,151700,210200
71004303170,2019,58500,164500,223000
71004303188,2019,49200,149600,198800
71004304011,2019,54700,152600,207300
71004304029,2019,52800,160300,213100
71004304037,2019,52800,162500,215300
71004304045,2019,52000,162000,214000
71004304053,2019,52800,146700,199500
71004304061,2019,52800,188100,240900
71004304079,2019,52800,171400,224200
71004304087,2019,52800,135000,187800
71004304095,2019,52800,141200,194000
71004304102,2019,52800,136900,189700
71004304110,2019,52800,150400,203200
71004304128,2019,52800,150400,203200
71004304136,2019,52800,149200,202000
71004304144,2019,49200,140100,189300
71004304152,2019,48000,141600,189600
71004304160,2019,48000,133700,181700
71004304178,2019,48000,87700,135700
71004304186,2019,48000,171500,219500
71004304194,2019,48000,143000,191000
71004304201,2019,47900,162000,209900
71004304219,2019,48000,138700,186700
71004304227,2019,47000,110000,157000
71004304235,2019,47900,141000,188900
71004304243,2019,48000,126500,174500
71004304251,2019,47900,130300,178200
71004304269,2019,48000,120800,168800
71004304277,2019,47900,104300,152200
71004304285,2019,48000,115000,163000
71004304293,2019,49200,110700,159900
71004305019,2019,58500,137600,196100
71004305027,2019,58900,169300,228200
71004305035,2019,58500,151300,209800
71004305043,2019,58500,125800,184300
71004305051,2019,58900,159000,217900
71004305069,2019,58500,153200,211700
71004305077,2019,58500,139400,197900
71004305085,2019,58500,132700,191200
71004305093,2019,52800,140800,193600
71004305100,2019,52800,157500,210300
71004305118,2019,52800,135900,188700
71004305126,2019,52800,138300,191100
71004305134,2019,52800,157100,209900
71004305142,2019,52800,154300,207100
71004305150,2019,49200,159800,209000
71004305168,2019,52800,151400,204200
71004305176,2019,52800,163900,216700
71004305184,2019,52800,169600,222400
71004305192,2019,52800,151600,204400
71004305209,2019,52800,185000,237800
71004305217,2019,52800,143400,196200
71004305225,2019,52800,177000,229800
71004305233,2019,58500,123700,182200
71004305241,2019,58900,171600,230500
71004305259,2019,58900,134400,193300
71004305267,2019,49200,198800,248000
71004306017,2019,63400,141300,204700
71004306025,2019,58900,133600,192500
71004306033,2019,52000,142500,194500
71004306041,2019,52800,151500,204300
71004306059,2019,52800,155700,208500
71004306067,2019,52800,140800,193600
71004306075,2019,52800,168300,221100
71004306083,2019,52800,135100,187900
71004306091,2019,52800,166500,219300
71004306108,2019,52800,138300,191100
71004306116,2019,49200,168800,218000
71004306124,2019,49200,160400,209600
71004306132,2019,44700,158300,203000
71004306140,2019,52800,148900,201700
71004306158,2019,49200,161300,210500
71004306166,2019,64600,162200,226800
71004306174,2019,60700,147400,208100
71004306182,2019,57900,143900,201800
71004306190,2019,56900,149600,206500
71004306207,2019,56700,153800,210500
71004306215,2019,56900,155200,212100
71004306223,2019,56900,163200,220100
71004306231,2019,58500,133700,192200
71004306249,2019,58500,160400,218900
71004307015,2019,58500,151300,209800
71004307023,2019,58500,143800,202300
71004307031,2019,58500,159500,218000
71004307049,2019,58500,145700,204200
71004307057,2019,58500,150300,208800
71004307065,2019,58900,149900,208800
71004307073,2019,58500,175200,233700
71004307081,2019,63400,165400,228800
71004307099,2019,62100,160800,222900
71004307106,2019,54100,149100,203200
71004307114,2019,54100,148700,202800
71004307122,2019,58900,189100,248000
71004307130,2019,54100,152700,206800
71004307148,2019,59300,185600,244900
71004307156,2019,54100,148100,202200
71004307164,2019,57900,166500,224400
71004307172,2019,58900,150500,209400
71004307180,2019,58800,146700,205500
71004307198,2019,58800,140100,198900
71004307205,2019,54100,132400,186500
71004307213,2019,59300,131800,191100
71004307221,2019,54100,155800,209900
71004307239,2019,56700,140400,197100
71004307247,2019,54100,168800,222900
71004307255,2019,58900,170400,229300
71004307263,2019,57900,160900,218800
71004307271,2019,62700,147800,210500
71004307289,2019,58500,204600,263100
71004307297,2019,58500,153000,211500
71004307304,2019,58500,153400,211900
71004307312,2019,58500,141500,200000
71004307320,2019,58900,140600,199500
71004307338,2019,58500,148300,206800
71004307346,2019,58500,159500,218000
71004308013,2019,58500,219000,277500
71004308021,2019,58900,174000,232900
71004308039,2019,58500,178700,237200
71004308047,2019,58500,166100,224600
71004308055,2019,58500,140100,198600
71004308063,2019,58500,131400,189900
71004308071,2019,58500,142400,200900
71004308089,2019,57200,138800,196000
71004308097,2019,57200,156000,213200
71004309011,2019,57900,132900,190800
71004309029,2019,58900,178000,236900
71004309037,2019,57200,142300,199500
71004309045,2019,54100,126800,180900
71004309053,2019,56400,137100,193500
71004309061,2019,57200,118300,175500
71004309079,2019,57200,140400,197600
71004309087,2019,54700,149800,204500
71004309095,2019,68000,132200,200200
71004309102,2019,86700,128300,215000
71004309152,2019,58500,110500,169000
71004310018,2019,54100,143800,197900
71004310026,2019,54100,127500,181600
71004310034,2019,54100,132000,186100
71004310042,2019,54100,141100,195200
71004310050,2019,54100,173200,227300
71004310068,2019,54100,138800,192900
71004310076,2019,54100,135300,189400
71004310084,2019,54100,150700,204800
71004310092,2019,54100,132900,187000
71004310109,2019,54100,141300,195400
71004310117,2019,54100,149500,203600
71004310125,2019,54100,153000,207100
71004310133,2019,53100,164100,217200
71004310141,2019,52000,109000,161000
71004310159,2019,53100,132500,185600
71004310167,2019,53100,129300,182400
71004310175,2019,53100,152400,205500
71004310183,2019,53100,163900,217000
71004310191,2019,53100,153100,206200
71004310208,2019,53100,146300,199400
71004310216,2019,53100,161500,214600
71004310224,2019,53100,147900,201000
71004311016,2019,54100,133200,187300
71004311024,2019,54100,157600,211700
71004311032,2019,54100,128100,182200
71004311040,2019,54100,130900,185000
71004311058,2019,54100,133200,187300
71004311066,2019,51900,161700,213600
71004311074,2019,54100,160200,214300
71004311082,2019,54100,127600,181700
71004311090,2019,54100,129600,183700
71004311107,2019,54100,158800,212900
71004311115,2019,54100,138200,192300
71004311123,2019,54100,166100,220200
71004311131,2019,54100,154100,208200
71004311149,2019,54100,125200,179300
71004311157,2019,54100,133500,187600
71004311165,2019,54100,147800,201900
71004311173,2019,54100,131500,185600
71004311181,2019,54100,122700,176800
71004311199,2019,54100,130200,184300
71004311206,2019,54100,150900,205000
71004311214,2019,54100,151100,205200
71004311222,2019,54100,160500,214600
71004312014,2019,62300,115300,177600
71004312022,2019,87900,187100,275000
71004312030,2019,57200,181100,238300
71004312048,2019,57200,137600,194800
71004312056,2019,57200,126800,184000
71004312064,2019,57200,115900,173100
71004312072,2019,56100,110400,166500
71004312080,2019,58200,122800,181000
71004312098,2019,63600,149300,212900
71004312105,2019,58900,147900,206800
71004312113,2019,49700,167100,216800
71004312121,2019,54100,133900,188000
71004312139,2019,54100,128000,182100
71004312147,2019,54100,107300,161400
71004312155,2019,58900,150500,209400
71004312163,2019,58900,136800,195700
71004312171,2019,58500,158100,216600
71004312189,2019,58500,146500,205000
71004312197,2019,58500,145700,204200
71004312204,2019,58500,199500,258000
71004312212,2019,58500,145700,204200
71004312220,2019,58500,156900,215400
71004312238,2019,58500,158600,217100
71004312246,2019,58900,188700,247600
71004312254,2019,54100,164700,218800
71004312262,2019,56400,155600,212000
71004312270,2019,54100,172800,226900
71004312288,2019,50100,167800,217900
71004312296,2019,59300,128500,187800
71004312303,2019,59400,140300,199700
71004312311,2019,58900,137500,196400
71004312329,2019,58900,130500,189400
71004312337,2019,62300,114200,176500
71004313012,2019,58500,184200,242700
71004313020,2019,58500,163400,221900
71004313038,2019,58500,158700,217200
71004313046,2019,58500,153200,211700
71004313054,2019,58500,213500,272000
71004313062,2019,58500,157800,216300
71004313070,2019,58500,133700,192200
71004313088,2019,62700,127300,190000
71004313096,2019,59300,168800,228100
71004313103,2019,57200,160700,217900
71004313111,2019,57200,142900,200100
71004313129,2019,57200,165900,223100
71004313137,2019,57200,139500,196700
71004313145,2019,57200,157100,214300
71004313153,2019,57200,158700,215900
71004313161,2019,58900,157100,216000
71004313179,2019,58500,138100,196600
71004313187,2019,60300,161100,221400
71004313195,2019,57200,172400,229600
71004313202,2019,54100,156200,210300
71004313210,2019,54100,199400,253500
71004313228,2019,54100,171700,225800
71004313236,2019,54100,148900,203000
71004313244,2019,54100,186800,240900
71004313252,2019,54100,189800,243900
71004313260,2019,58500,168600,227100
71004313278,2019,59400,147500,206900
71004313286,2019,54100,152100,206200
71004313294,2019,54100,148500,202600
71004313301,2019,54100,152900,207000
71004313319,2019,54100,156300,210400
71004313327,2019,54100,167300,221400
71004313335,2019,54100,160400,214500
71004313343,2019,54100,144200,198300
71004313351,2019,54100,152100,206200
71004314010,2019,54100,145800,199900
71004314028,2019,54100,147100,201200
71004314036,2019,54100,144600,198700
71004314044,2019,54100,162200,216300
71004314052,2019,54100,160200,214300
71004314060,2019,54100,126000,180100
71004314078,2019,50700,159100,209800
71004314086,2019,51500,193500,245000
71004314094,2019,58900,139000,197900
71004314101,2019,60700,139400,200100
71004314119,2019,54700,162400,217100
71004314127,2019,54700,140300,195000
71004314135,2019,56400,176900,233300
71004314143,2019,54700,145600,200300
71004314151,2019,54100,147100,201200
71004314169,2019,58500,96600,155100
71004314177,2019,58500,161400,219900
71004314185,2019,58500,151800,210300
71004314193,2019,58500,156500,215000
71004314200,2019,54700,146500,201200
71004314218,2019,54700,145500,200200
71004314226,2019,54700,175300,230000
71004314234,2019,56100,230900,287000
71004314242,2019,54700,221900,276600
71004314250,2019,58900,158300,217200
71004314268,2019,62200,138400,200600
71004314276,2019,58500,133600,192100
71004314284,2019,58500,179900,238400
71004314292,2019,58500,141200,199700
71004314309,2019,58500,150900,209400
71004314317,2019,58500,171300,229800
71004314325,2019,58500,172000,230500
71004314333,2019,50500,175100,225600
71004315018,2019,54700,155100,209800
71004315026,2019,58500,150100,208600
71004315034,2019,58500,136800,195300
71004315042,2019,54700,173900,228600
71004315050,2019,58500,168500,227000
71004315068,2019,58500,154700,213200
71004315076,2019,58500,157800,216300
71004315084,2019,63400,139100,202500
71004315092,2019,60700,163900,224600
71004315109,2019,54700,162100,216800
71004315117,2019,54700,147600,202300
71004315125,2019,56400,172800,229200
71004315133,2019,54700,163200,217900
71004315141,2019,54700,144300,199000
71004315159,2019,58500,182100,240600
71004315167,2019,58500,163000,221500
71004315175,2019,58500,224500,283000
71004315183,2019,58500,130400,188900
71004315191,2019,54700,231800,286500
71004315208,2019,54700,191400,246100
71004315216,2019,56100,142800,198900
71004315224,2019,54700,187800,242500
71004315232,2019,54700,155600,210300
71004315240,2019,62100,125300,187400
71004315258,2019,58900,143700,202600
71004315266,2019,58500,159300,217800
71004315274,2019,57200,175700,232900
71004315282,2019,58500,164800,223300
71004315290,2019,58900,144600,203500
71004315307,2019,58500,138600,197100
71004315315,2019,58500,150300,208800
71004315323,2019,58900,165900,224800
71004316024,2019,49200,133000,182200
71004316032,2019,48300,181500,229800
71004316040,2019,48400,174300,222700
71004316058,2019,48400,140200,188600
71004316066,2019,48300,167600,215900
71004316074,2019,48400,163300,211700
71004316082,2019,60700,183700,244400
71004316090,2019,64600,161400,226000
71004316107,2019,68000,159200,227200
71004316115,2019,73600,149500,223100
71004316123,2019,53400,191200,244600
71004316131,2019,48300,190000,238300
71004316149,2019,48300,153200,201500
71004316157,2019,48300,161700,210000
71004316165,2019,59600,132900,192500
71004317014,2019,54700,153400,208100
71004317022,2019,59000,128500,187500
71004317030,2019,58500,134000,192500
71004317048,2019,56100,148200,204300
71004317056,2019,54700,126700,181400
71004317064,2019,58500,164500,223000
71004317072,2019,65100,155100,220200
71004317080,2019,63200,177100,240300
71004317098,2019,60700,120700,181400
71004317105,2019,54700,155700,210400
71004317113,2019,56400,137800,194200
71004317121,2019,54700,196100,250800
71004317139,2019,54700,155300,210000
71004317147,2019,58500,160800,219300
71004317155,2019,58900,135000,193900
71004317163,2019,58100,197000,255100
71004317171,2019,58900,144100,203000
71004317189,2019,58800,139600,198400
71004317197,2019,63400,177200,240600
71004317204,2019,59300,160000,219300
71004317212,2019,59300,140700,200000
71004317220,2019,54700,193100,247800
71004317238,2019,54100,142900,197000
71004317246,2019,56400,148800,205200
71004317254,2019,65100,161100,226200
71004317262,2019,63200,137900,201100
71004317270,2019,58500,151800,210300
71004317288,2019,54100,156200,210300
71004317296,2019,54700,123400,178100
71004317303,2019,58900,161200,220100
71004317311,2019,54100,155800,209900
71004317329,2019,58500,153400,211900
71004318012,2019,56100,164200,220300
71004318020,2019,56100,167400,223500
71004318038,2019,56100,159200,215300
71004318046,2019,54700,169800,224500
71004318054,2019,51500,218800,270300
71004318062,2019,54700,127000,181700
71004318070,2019,57200,193500,250700
71004318088,2019,77200,176700,253900
71004318096,2019,77700,173300,251000
71004318103,2019,59400,202200,261600
71004318111,2019,59300,226700,286000
71004318129,2019,59400,157500,216900
71004318137,2019,63300,138200,201500
71004318145,2019,73600,164200,237800
71004318153,2019,57200,162900,220100
71004318161,2019,51500,131500,183000
71004318179,2019,50800,117600,168400
71004318187,2019,50700,179400,230100
71004318195,2019,54700,172600,227300
71004318202,2019,56400,168400,224800
71004318210,2019,54700,200600,255300
71004318228,2019,54100,141100,195200
71004318236,2019,59300,197300,256600
71004318244,2019,58100,149700,207800
71004318252,2019,58100,151900,210000
71004401015,2019,56700,163000,219700
71004401023,2019,45800,134400,180200
71004401031,2019,44100,166400,210500
71004401049,2019,44700,150600,195300
71004401057,2019,44400,138300,182700
71004401065,2019,45200,153200,198400
71004401073,2019,47000,140300,187300
71004401081,2019,49100,135200,184300
71004401099,2019,47600,132600,180200
71004401106,2019,44900,166000,210900
71004401114,2019,44900,141800,186700
71004401122,2019,44900,134500,179400
71004401130,2019,44900,115500,160400
71004401172,2019,49700,145300,195000
71004401180,2019,38100,154400,192500
71004401198,2019,49500,125400,174900
71004401205,2019,48000,141000,189000
71004401213,2019,48300,151100,199400
71004401221,2019,49900,179000,228900
71004401239,2019,50900,166400,217300
71004401247,2019,50100,172000,222100
71004401263,2019,55300,206700,262000
71004401271,2019,49200,156000,205200
71004401289,2019,51700,155100,206800
71004401297,2019,53700,164300,218000
71004401304,2019,55200,150000,205200
71004401312,2019,52700,146300,199000
71004401320,2019,50400,157100,207500
71004401338,2019,52900,128600,181500
71004401346,2019,48100,183300,231400
71004401354,2019,52500,160700,213200
71004401362,2019,49700,153300,203000
71004401370,2019,57900,163000,220900
71004402021,2019,47800,152200,200000
71004402039,2019,46400,136400,182800
71004402047,2019,49200,150900,200100
71004402055,2019,47000,142400,189400
71004402063,2019,46800,179100,225900
71004402071,2019,46800,128500,175300
71004402089,2019,46800,136000,182800
71004402097,2019,47000,163700,210700
71004402104,2019,47600,130500,178100
71004402112,2019,48300,146700,195000
71004402120,2019,48800,151000,199800
71004402138,2019,48000,162000,210000
71004402146,2019,50400,142500,192900
71004402154,2019,49700,149300,199000
71004402162,2019,51900,178100,230000
71004402170,2019,47400,166800,214200
71004402188,2019,46800,173300,220100
71004402196,2019,46800,140200,187000
71004403095,2019,45200,133000,178200
71004403102,2019,45300,177400,222700
71004403110,2019,45300,138400,183700
71004403128,2019,45300,169400,214700
71004403136,2019,45300,130000,175300
71004403144,2019,45300,136400,181700
71004403152,2019,46500,118900,165400
71004403160,2019,52000,140500,192500
71004404019,2019,51400,189100,240500
71004404027,2019,49500,173100,222600
71004404035,2019,50100,183900,234000
71004404043,2019,48300,174900,223200
71004404051,2019,48300,193200,241500
71004404069,2019,51900,136300,188200
71004404077,2019,54900,136700,191600
71004404085,2019,50500,145500,196000
71004404093,2019,51800,140700,192500
71004404100,2019,58600,147800,206400
71004404118,2019,48800,182800,231600
71004404126,2019,47100,170800,217900
71004404134,2019,52700,155100,207800
71004404142,2019,55200,144100,199300
71004404150,2019,52600,183700,236300
71004404168,2019,49600,159000,208600
71004404176,2019,50500,159900,210400
71004404184,2019,49700,145600,195300
71004404192,2019,60600,149900,210500
71004404209,2019,47400,179800,227200
71004404217,2019,47400,170600,218000
71004404225,2019,48800,161000,209800
71004404233,2019,48300,140100,188400
71004404241,2019,51400,173600,225000
71004404259,2019,54300,181100,235400
71004404267,2019,53800,152200,206000
71004404275,2019,50400,144900,195300
71004404283,2019,48100,140400,188500
71004404291,2019,47000,138100,185100
71004404308,2019,47100,199200,246300
71004404316,2019,48800,131200,180000
71004404324,2019,47600,149900,197500
71004404332,2019,48400,129400,177800
71004404340,2019,49300,144500,193800
71004404358,2019,45300,175200,220500
71004404366,2019,53000,149200,202200
71004405017,2019,49500,150000,199500
71004405025,2019,50500,142400,192900
71004405033,2019,44400,184000,228400
71004405041,2019,48000,168100,216100
71004405059,2019,48300,144300,192600
71004405067,2019,51400,188400,239800
71004405075,2019,50600,148700,199300
71004405083,2019,52000,160100,212100
71004405091,2019,51700,146600,198300
71004405108,2019,52700,129800,182500
71004405116,2019,49200,148600,197800
71004405124,2019,46800,132200,179000
71004405132,2019,46800,169200,216000
71004405140,2019,51200,151100,202300
71004405158,2019,51800,166000,217800
71004405166,2019,46800,157100,203900
71004405174,2019,46800,188200,235000
71004405182,2019,46800,159300,206100
71004405190,2019,47000,159700,206700
71004405207,2019,46500,170200,216700
71004405215,2019,48100,178300,226400
71004405223,2019,47700,139300,187000
71004405231,2019,48000,152000,200000
71004405249,2019,47700,132600,180300
71004405257,2019,47700,142800,190500
71004405265,2019,48000,137600,185600
71004405273,2019,49600,155400,205000
71004405281,2019,49300,137600,186900
71004405299,2019,47000,158700,205700
71004405306,2019,46800,177100,223900
71004405314,2019,46800,172000,218800
71004405322,2019,46800,160200,207000
71004405330,2019,48800,158200,207000
71004405348,2019,49600,159600,209200
71004405356,2019,48800,144200,193000
71004405364,2019,49200,170100,219300
71004406015,2019,51700,160400,212100
71004406023,2019,46800,133800,180600
71004406031,2019,46800,165400,212200
71004406049,2019,46800,188200,235000
71004406057,2019,46800,167100,213900
71004406065,2019,48000,151500,199500
71004406073,2019,50500,132500,183000
71004406081,2019,57900,185600,243500
71004406099,2019,54000,148000,202000
71004406106,2019,53600,133100,186700
71004406114,2019,50100,165900,216000
71004406122,2019,52700,193300,246000
71004406130,2019,50100,148800,198900
71004406148,2019,55100,177900,233000
71004406156,2019,54300,131000,185300
71004406164,2019,51900,148400,200300
71004406172,2019,50500,178100,228600
71004406180,2019,48000,172500,220500
71004406198,2019,46800,165400,212200
71004406205,2019,46800,192100,238900
71004406213,2019,46800,165400,212200
71004406221,2019,46800,166200,213000
71004406239,2019,46800,146300,193100
71004406247,2019,47600,142400,190000
71004407013,2019,55200,131500,186700
71004407021,2019,47700,155600,203300
71004407039,2019,47700,155800,203500
71004407047,2019,50700,164400,215100
71004407055,2019,49700,149600,199300
71004407063,2019,55400,143500,198900
71004407071,2019,60800,165400,226200
71004407089,2019,52900,132100,185000
71004407097,2019,47700,141100,188800
71004407104,2019,58500,146700,205200
71004407112,2019,57900,167900,225800
71004407120,2019,57800,167400,225200
71004407138,2019,57900,152300,210200
71004407146,2019,57300,157800,215100
71004407154,2019,57900,174100,232000
71004407162,2019,48800,183300,232100
71004407170,2019,49900,145100,195000
71004407188,2019,60800,120200,181000
71004407196,2019,55100,146700,201800
71004407203,2019,49900,153600,203500
71004407211,2019,47000,191700,238700
71004407229,2019,46500,133200,179700
71004407237,2019,46500,146000,192500
71004407245,2019,45800,149600,195400
71004407253,2019,45800,170900,216700
71004407261,2019,45800,143400,189200
71004407279,2019,45300,166900,212200
71004407287,2019,45300,190700,236000
71004407295,2019,45300,156400,201700
71004407302,2019,45300,169400,214700
71004407310,2019,45300,164500,209800
71004407328,2019,45300,143700,189000
71004407336,2019,45300,148100,193400
71004407344,2019,45300,145000,190300
71004408045,2019,70100,149100,219200
71004408079,2019,76400,149600,226000
71004408087,2019,89900,115800,205700
71004408095,2019,83600,164300,247900
71004408102,2019,74000,232800,306800
71004408110,2019,59400,183800,243200
71004408128,2019,60600,162400,223000
71004408136,2019,52100,92900,145000
71004408144,2019,61700,148000,209700
71004408178,2019,59600,166000,225600
71004408186,2019,59400,126900,186300
71004408194,2019,61300,143100,204400
71004408201,2019,61300,124000,185300
71004408227,2019,75400,127700,203100
71004408235,2019,68000,160800,228800
71004408243,2019,61700,146900,208600
71004408251,2019,77800,124700,202500
71004408269,2019,62100,158000,220100
71004408277,2019,62200,140300,202500
71004408285,2019,58900,162000,220900
71004408293,2019,64500,157500,222000
71004408300,2019,58500,156200,214700
71004408318,2019,62700,150500,213200
71004408326,2019,64500,138200,202700
71004408334,2019,69100,148900,218000
71004408342,2019,61700,241100,302800
71004408368,2019,59400,189400,248800
71004408376,2019,50800,217300,268100
71005101036,2019,34300,173500,207800
71005101044,2019,34300,168900,203200
71005101052,2019,54200,166200,220400
71005104014,2019,59700,138000,197700
71005104022,2019,58300,127900,186200
71005104030,2019,66600,135400,202000
71005105062,2019,50600,119900,170500
71005105070,2019,44400,108000,152400
71005105088,2019,34300,134600,168900
71005105096,2019,38700,123300,162000
71005105103,2019,39500,107900,147400
71005105111,2019,39500,103400,142900
71005105129,2019,39500,95000,134500
71005105137,2019,39500,111900,151400
71005107034,2019,39200,172700,211900
71005107068,2019,39200,166400,205600
71005107076,2019,39200,264700,303900
71005107084,2019,39200,101900,141100
71005107109,2019,39200,141100,180300
71005107125,2019,36100,145200,181300
71005107133,2019,44400,107400,151800
71005107141,2019,48500,139700,188200
71005107159,2019,48500,112200,160700
71005107167,2019,62200,228200,290400
71005107183,2019,48500,122600,171100
71005107216,2019,56400,127900,184300
71005107232,2019,33200,175600,208800
71005107240,2019,35000,0,35000
71005108016,2019,50600,201000,251600
71005108024,2019,50600,117000,167600
71005108032,2019,50600,48400,99000
71005108058,2019,50600,129900,180500
71005108066,2019,50600,117200,167800
71005108074,2019,50600,123000,173600
71005108082,2019,52800,100400,153200
71005108123,2019,50600,116200,166800
71005108131,2019,50600,191400,242000
71005108149,2019,65700,133300,199000
71005108157,2019,63700,111100,174800
71005108165,2019,53000,145600,198600
71005108181,2019,38700,138600,177300
71005108199,2019,47100,127900,175000
71005108206,2019,40700,149500,190200
71005109014,2019,50600,130800,181400
71005109048,2019,50600,97100,147700
71005109056,2019,66800,188200,255000
71005109064,2019,48500,145200,193700
71005109072,2019,48200,134400,182600
71005109080,2019,41300,155200,196500
71005109139,2019,40700,149500,190200
71005110011,2019,35100,156600,191700
71005110029,2019,30900,68800,99700
71005110037,2019,30500,104500,135000
71005110045,2019,38300,83500,121800
71005110053,2019,48100,134700,182800
71005110061,2019,44800,68800,113600
71005110079,2019,47500,126400,173900
71005110087,2019,38700,96900,135600
71005110095,2019,47100,182800,229900
71005110102,2019,44800,141900,186700
71005110128,2019,50600,120000,170600
71005110136,2019,37700,94300,132000
71005110144,2019,39200,169800,209000
71005111019,2019,60600,157400,218000
71005111027,2019,60600,106600,167200
71005111035,2019,60600,109700,170300
71005111043,2019,60600,130400,191000
71005111051,2019,60600,150600,211200
71005111077,2019,60600,189400,250000
71005111085,2019,60600,153400,214000
71005111118,2019,60600,209000,269600
71005111126,2019,60600,119400,180000
71005111168,2019,60600,108500,169100
71005111176,2019,60600,146300,206900
71005111184,2019,65100,166200,231300
71005111192,2019,65100,172900,238000
71005111209,2019,65100,138900,204000
71005111217,2019,65100,169900,235000
71005111225,2019,65100,103500,168600
71005111233,2019,65100,141500,206600
71005111241,2019,65900,150500,216400
71005111259,2019,63200,153000,216200
71005111267,2019,65100,141400,206500
71005111275,2019,65100,127400,192500
71005111283,2019,65100,128500,193600
71005111291,2019,65100,172500,237600
71005111308,2019,65100,178900,244000
71005111324,2019,65100,160200,225300
71005111340,2019,56300,160500,216800
71005112017,2019,58700,100300,159000
71005112025,2019,65100,170800,235900
71005112033,2019,65100,162100,227200
71005112041,2019,65100,133900,199000
71005112059,2019,65100,147700,212800
71005112067,2019,65100,249900,315000
71005112075,2019,65100,214900,280000
71005112083,2019,65100,135800,200900
71005112091,2019,65100,101400,166500
71005112108,2019,65100,143900,209000
71005112116,2019,65100,149900,215000
71005112124,2019,65100,171300,236400
71005112132,2019,65100,167300,232400
71005112140,2019,65100,160700,225800
71005112166,2019,78000,183200,261200
71005112174,2019,65100,131300,196400
71005112182,2019,62900,142100,205000
71005112190,2019,59100,148200,207300
71005112207,2019,57800,113200,171000
71005113031,2019,68400,126200,194600
71005113049,2019,65400,106400,171800
71005113057,2019,62000,181800,243800
71005113065,2019,63400,141700,205100
71005113073,2019,57200,83100,140300
71005113081,2019,57800,101600,159400
71005113099,2019,58700,128900,187600
71005113106,2019,65100,162800,227900
71005113114,2019,66100,163100,229200
71005113130,2019,109100,284900,394000
71005201026,2019,51400,116200,167600
71005201034,2019,51400,99100,150500
71005201042,2019,50900,68200,119100
71005201076,2019,53100,115100,168200
71005202066,2019,38300,152700,191000
71005202074,2019,37100,130000,167100
71005202082,2019,57200,149200,206400
71005204012,2019,46900,87700,134600
71005204020,2019,47300,117700,165000
71005204038,2019,47300,127900,175200
71005204046,2019,75000,54400,129400
71005204062,2019,75000,123500,198500
71005204070,2019,47000,75500,122500
71005204088,2019,53700,98600,152300
71005204096,2019,73300,153600,226900
71005204103,2019,73200,99500,172700
71005204111,2019,73100,163300,236400
71005204129,2019,109600,19000,128600
71005204137,2019,52400,111000,163400
71005204145,2019,52300,99700,152000
71005204153,2019,61400,78700,140100
71005204161,2019,61400,143900,205300
71005204179,2019,60200,92800,153000
71005204202,2019,82400,69300,151700
71005204210,2019,82500,104600,187100
71005204228,2019,52500,111800,164300
71005204236,2019,52600,109100,161700
71005204252,2019,113700,60500,174200
71005204260,2019,53700,116500,170200
71005204278,2019,53700,94600,148300
71005205010,2019,47000,103900,150900
71005205028,2019,47900,107100,155000
71005205044,2019,47900,116600,164500
71005205052,2019,47900,228900,276800
71005205060,2019,47900,98600,146500
71005205078,2019,47000,124900,171900
71005205094,2019,61500,126100,187600
71005205127,2019,112800,109800,222600
71005205135,2019,62600,115300,177900
71005205143,2019,59500,134400,193900
71005205151,2019,60200,129700,189900
71005205169,2019,60200,121000,181200
71005205177,2019,60200,145300,205500
71005205185,2019,59500,165600,225100
71005205193,2019,92900,114000,206900
71005205200,2019,86200,121700,207900
71005205218,2019,86200,138600,224800
71005205226,2019,86200,118300,204500
71005205234,2019,52600,118000,170600
71005205242,2019,52600,102500,155100
71005205250,2019,53700,98700,152400
71005206018,2019,51000,94400,145400
71005206026,2019,51100,75000,126100
71005206068,2019,45400,153600,199000
71005206076,2019,44600,255000,299600
71005206109,2019,65500,77100,142600
71005206125,2019,60900,125400,186300
71005206133,2019,78000,115900,193900
71005206141,2019,76400,111200,187600
71005206159,2019,75900,106600,182500
71005206167,2019,60200,114500,174700
71005206175,2019,31100,89200,120300
71005206266,2019,150800,33100,183900
71005207024,2019,105300,123600,228900
71005207066,2019,50300,110700,161000
71005207074,2019,50300,103800,154100
71005212015,2019,66900,136100,203000
71005212049,2019,61500,87300,148800
71005212057,2019,61500,97000,158500
71005212106,2019,56000,127200,183200
71005212114,2019,49000,141400,190400
71005212122,2019,49000,82400,131400
71005212130,2019,49000,115200,164200
71005212148,2019,49000,120600,169600
71005212156,2019,49000,209900,258900
71005212164,2019,49000,155700,204700
71005212172,2019,49000,92900,141900
71005213013,2019,56400,133000,189400
71005213021,2019,58300,104200,162500
71005213039,2019,61500,97500,159000
71005213047,2019,61500,99000,160500
71005213063,2019,50700,122100,172800
71005213089,2019,63600,102700,166300
71005213097,2019,66100,105500,171600
71005213104,2019,49400,144800,194200
71005213112,2019,49400,118000,167400
71005213138,2019,49400,112000,161400
71005213146,2019,49400,140500,189900
71005213154,2019,49400,107700,157100
71005213162,2019,49400,104800,154200
71005213170,2019,55200,169100,224300
71005213196,2019,49400,128700,178100
71005213211,2019,66100,143300,209400
71005214029,2019,48500,156200,204700
71005214037,2019,48500,157100,205600
71005214045,2019,48500,168200,216700
71005214053,2019,48500,86000,134500
71005214061,2019,48500,167700,216200
71005214079,2019,48500,130400,178900
71005214087,2019,48500,98400,146900
71005214095,2019,47100,115400,162500
71005214102,2019,47100,89200,136300
71005214110,2019,47100,96800,143900
71005214136,2019,57600,133100,190700
71005214144,2019,47100,83100,130200
71005214152,2019,47100,120100,167200
71005214160,2019,47100,143500,190600
71005214178,2019,47100,113200,160300
71005214194,2019,35100,102400,137500
71005214201,2019,83500,123000,206500
71005214219,2019,49400,138700,188100
71005214235,2019,52800,127700,180500
71005214243,2019,44800,136200,181000
71005214251,2019,38300,105800,144100
71005215019,2019,47100,134600,181700
71005215027,2019,47100,129200,176300
71005215035,2019,47100,133700,180800
71005215100,2019,47100,104200,151300
71005217015,2019,60600,141000,201600
71005217023,2019,60600,183400,244000
71005217031,2019,60600,114500,175100
71005217049,2019,60600,64400,125000
71005217057,2019,60600,113300,173900
71005217099,2019,78000,91300,169300
71005217106,2019,63200,118500,181700
71005217130,2019,63200,134400,197600
71005217148,2019,65100,156800,221900
71005217156,2019,65100,137800,202900
71005217164,2019,65100,195600,260700
71005217172,2019,65100,193700,258800
71005218013,2019,65100,90900,156000
71005218021,2019,65100,112400,177500
71005218039,2019,65100,94800,159900
71005218047,2019,65100,91900,157000
71005218055,2019,65100,109500,174600
71005218063,2019,72000,124400,196400
71005218071,2019,76700,98300,175000
71005218097,2019,68100,119500,187600
71005218112,2019,72000,92900,164900
71005218120,2019,65100,86900,152000
71005218138,2019,65100,108900,174000
71005218146,2019,65100,124900,190000
71005218154,2019,65100,116300,181400
71005218162,2019,65100,110400,175500
71005218170,2019,65100,126100,191200
71005219053,2019,74000,106700,180700
71005219061,2019,63400,131100,194500
71005220018,2019,60600,100300,160900
71005220026,2019,60600,67900,128500
71005220034,2019,60600,96100,156700
71005220042,2019,60600,73600,134200
71005220050,2019,60600,131900,192500
71005220068,2019,60600,172000,232600
71005220109,2019,65100,165600,230700
71005220117,2019,65100,172200,237300
71005220125,2019,65100,157400,222500
71005220133,2019,65100,65800,130900
71005220141,2019,76400,299600,376000
71005221016,2019,66300,194400,260700
71005221032,2019,59400,136500,195900
71005221040,2019,60600,197700,258300
71005221066,2019,63800,273500,337300
71005221074,2019,63800,154600,218400
71005221082,2019,63800,143900,207700
71005221090,2019,63800,239100,302900
71005221107,2019,63800,113700,177500
71005221115,2019,63800,133300,197100
71005221123,2019,63800,145600,209400
71005221131,2019,63800,112200,176000
71005221149,2019,63800,101800,165600
71005221157,2019,75400,145600,221000
71005221165,2019,63800,233900,297700
71005221181,2019,65100,177900,243000
71005221199,2019,65100,123400,188500
71005221206,2019,65100,197400,262500
71005221214,2019,65100,201200,266300
71005221222,2019,65100,211600,276700
71005221230,2019,65100,126400,191500
71005221248,2019,65100,116700,181800
71005221256,2019,78000,225500,303500
71005222014,2019,89500,270800,360300
71005222022,2019,65000,149200,214200
71005222030,2019,65000,123700,188700
71005222048,2019,75900,182000,257900
71005222056,2019,72000,61500,133500
71005222064,2019,72000,196000,268000
71005222072,2019,72000,161200,233200
71005222080,2019,72000,149400,221400
71005222098,2019,72000,198400,270400
71005222105,2019,72000,275500,347500
71005222113,2019,72000,128800,200800
71005222121,2019,72000,117300,189300
71005222139,2019,72400,187600,260000
71005222147,2019,72400,204600,277000
71005222155,2019,72400,82000,154400
71005222163,2019,70300,123800,194100
71005222171,2019,63800,329800,393600
71005222197,2019,63800,106400,170200
71005222204,2019,63800,147600,211400
71005222212,2019,63800,184900,248700
71005222220,2019,63800,125900,189700
71005222238,2019,63800,195100,258900
71005222246,2019,63800,98000,161800
71005222254,2019,63800,198300,262100
71005222270,2019,76700,250800,327500
71005223020,2019,67900,217100,285000
71005223038,2019,60600,207800,268400
71005223046,2019,60600,194700,255300
71005223054,2019,60600,184300,244900
71005223062,2019,62900,170900,233800
71005223070,2019,62900,134400,197300
71005223088,2019,62900,179500,242400
71005223096,2019,62900,146800,209700
71005223103,2019,62900,152700,215600
71005223111,2019,62900,271000,333900
71005223129,2019,62900,156000,218900
71005223137,2019,62900,145700,208600
71005223145,2019,62900,187100,250000
71005223161,2019,62400,122300,184700
71005223260,2019,63200,188600,251800
71005223278,2019,63200,112700,175900
71005223286,2019,63400,139600,203000
71005223294,2019,63400,187600,251000
71005223301,2019,63400,202300,265700
71005223319,2019,63800,145700,209500
71005223327,2019,63400,193900,257300
71005223335,2019,63400,94600,158000
71005224052,2019,65300,94200,159500
71005224060,2019,65300,103000,168300
71005224078,2019,65300,249700,315000
71005224086,2019,65300,194300,259600
71005224094,2019,65300,189900,255200
71005224119,2019,65300,171000,236300
71005224135,2019,65300,104700,170000
71005224143,2019,65300,125300,190600
71005224151,2019,65000,118300,183300
71005224169,2019,63400,118100,181500
71005224177,2019,73800,118100,191900
71005224185,2019,62400,159800,222200
71005224193,2019,62000,109200,171200
71005224200,2019,62600,100700,163300
71005224218,2019,63100,209900,273000
71005224226,2019,63100,174900,238000
71005224234,2019,63100,145200,208300
71005224250,2019,63100,212900,276000
71005224268,2019,63100,182000,245100
71005224276,2019,63100,248900,312000
71005224284,2019,63100,128500,191600
71005224292,2019,63100,149800,212900
71005224309,2019,63100,229400,292500
71005225018,2019,47100,249700,296800
71005225026,2019,47100,212000,259100
71005225050,2019,48500,75300,123800
71005225068,2019,48200,166300,214500
71005225076,2019,48200,162600,210800
71005225084,2019,59700,99800,159500
71005225109,2019,48100,96900,145000
71005225125,2019,48200,93600,141800
71005225159,2019,49000,57400,106400
71005225175,2019,58100,229900,288000
71005225183,2019,43300,216700,260000
71005225191,2019,41300,223000,264300
71005225208,2019,42600,192300,234900
71005225216,2019,42600,238300,280900
71005225224,2019,41300,169200,210500
71005225258,2019,38700,173700,212400
71005225266,2019,41700,200900,242600
71005225274,2019,41700,159600,201300
71005226024,2019,48500,148200,196700
71005226032,2019,48500,87500,136000
71005226040,2019,55900,220200,276100
71005226066,2019,48500,66500,115000
71005226074,2019,48500,137300,185800
71005226082,2019,48500,135500,184000
71005226090,2019,48500,65200,113700
71005226107,2019,48500,158500,207000
71005226115,2019,38400,195400,233800
71005226149,2019,38400,167400,205800
71005226157,2019,38400,164600,203000
71005226165,2019,38400,93200,131600
71005226173,2019,44400,178200,222600
71005226181,2019,62800,208100,270900
71005227014,2019,53000,238000,291000
71005227022,2019,62200,214500,276700
71005227030,2019,48500,130300,178800
71005227048,2019,48500,119100,167600
71005227056,2019,48500,132500,181000
71005227064,2019,48500,116500,165000
71005227072,2019,48500,149500,198000
71005227080,2019,48500,124100,172600
71005227098,2019,48500,157600,206100
71005227105,2019,48500,151800,200300
71005227113,2019,48500,102800,151300
71005227121,2019,91300,136600,227900
71005227139,2019,57600,150600,208200
71005227147,2019,47100,125700,172800
71005227155,2019,47100,127900,175000
71005227163,2019,47100,195900,243000
71005227189,2019,39200,77400,116600
71005227197,2019,36700,147300,184000
71005227204,2019,36700,144100,180800
71005227212,2019,38400,226600,265000
71005227220,2019,38400,153300,191700
71005227238,2019,38400,74100,112500
71005227246,2019,38400,132100,170500
71005227270,2019,38400,148400,186800
71005227288,2019,38400,131800,170200
71005227296,2019,38400,187800,226200
71005227311,2019,38400,122900,161300
71005227329,2019,38400,125900,164300
71005227337,2019,38400,159900,198300
71005227345,2019,42600,100300,142900
71005228012,2019,61500,145700,207200
71005228020,2019,47100,120100,167200
71005228038,2019,47100,125300,172400
71005228046,2019,47100,142800,189900
71005228054,2019,47100,97300,144400
71005228070,2019,47100,104400,151500
71005228088,2019,47100,138400,185500
71005228096,2019,47100,71500,118600
71005228103,2019,47100,180900,228000
71005228111,2019,53900,202500,256400
71005228137,2019,47100,172900,220000
71005228145,2019,47100,187800,234900
71005228153,2019,47100,141300,188400
71005228161,2019,47100,146500,193600
71005228179,2019,53900,186900,240800
71005228187,2019,47100,149300,196400
71005228195,2019,47100,142800,189900
71005228202,2019,41700,145400,187100
71005228228,2019,47100,141400,188500
71005228236,2019,47100,127100,174200
71005228244,2019,47100,82900,130000
71005228252,2019,47100,99100,146200
71005228260,2019,47100,72900,120000
71005228278,2019,47100,108000,155100
71005228286,2019,47100,131500,178600
71005228294,2019,42500,182600,225100
71005229028,2019,39200,101700,140900
71005229036,2019,39200,131000,170200
71005229044,2019,39200,125800,165000
71005229052,2019,39200,133100,172300
71005229060,2019,37000,159700,196700
71005229078,2019,53900,158500,212400
71005229086,2019,53900,81800,135700
71005229094,2019,53900,208000,261900
71005229101,2019,50900,101300,152200
71005229119,2019,47100,88600,135700
71005229127,2019,47100,125400,172500
71005229135,2019,47500,147500,195000
71005229143,2019,48500,95400,143900
71005229151,2019,48500,116800,165300
71005229169,2019,48500,130300,178800
71005229177,2019,48500,136600,185100
71005229185,2019,44400,120400,164800
71005229200,2019,63700,132800,196500
71005229218,2019,48500,119100,167600
71005230017,2019,0,0,0
71005230041,2019,54100,70800,124900
71005230059,2019,54100,114900,169000
71005230075,2019,54100,72800,126900
71005230091,2019,54100,146500,200600
71005230108,2019,65900,124800,190700
71005230116,2019,50100,129500,179600
71005230124,2019,49100,71600,120700
71005231049,2019,46300,136600,182900
71005231057,2019,46300,122000,168300
71005231065,2019,47500,130700,178200
71005231073,2019,47500,164800,212300
71005231081,2019,47500,165900,213400
71005231106,2019,47500,131800,179300
71005231114,2019,47500,144100,191600
71005231122,2019,47500,115700,163200
71005231130,2019,47500,103000,150500
71005231156,2019,47500,134100,181600
71005231172,2019,38400,86600,125000
71005231180,2019,48100,104400,152500
71005231198,2019,48100,152200,200300
71005231205,2019,51700,118600,170300
71005231213,2019,51700,170700,222400
71005231221,2019,51700,135100,186800
71005231247,2019,64700,123700,188400
71005231263,2019,48500,124400,172900
71005231271,2019,61500,142300,203800
71005231289,2019,48500,185800,234300
71005231297,2019,48500,108800,157300
71005231304,2019,48500,180300,228800
71005231312,2019,48500,154100,202600
71005231320,2019,48500,147200,195700
71005231338,2019,48500,104200,152700
71005231346,2019,48500,103900,152400
71005231354,2019,56400,109500,165900
71005231362,2019,56400,149300,205700
71005231370,2019,48500,143200,191700
71005231388,2019,48500,110800,159300
71005231396,2019,48500,114900,163400
71005231403,2019,48500,72000,120500
71005231411,2019,48500,81900,130400
71005231429,2019,48500,78400,126900
71005231437,2019,48500,140500,189000
71005231445,2019,48500,96500,145000
71005231453,2019,48500,105000,153500
71005232013,2019,47100,98900,146000
71005232021,2019,46300,146300,192600
71005232039,2019,46300,192200,238500
71005232047,2019,46300,130800,177100
71005232055,2019,46300,102800,149100
71005232071,2019,47200,191300,238500
71005232089,2019,47200,85100,132300
71005232104,2019,47100,109200,156300
71005232112,2019,47100,92500,139600
71005232120,2019,47100,112400,159500
71005232146,2019,46300,127200,173500
71005232154,2019,46300,176500,222800
71005232162,2019,46300,118600,164900
71005232170,2019,46300,152500,198800
71005232188,2019,46300,71100,117400
71005232196,2019,47100,171300,218400
71005232211,2019,42600,118800,161400
71005232229,2019,42600,124200,166800
71005232237,2019,42600,132700,175300
71005232245,2019,42600,125800,168400
71005233011,2019,81300,152700,234000
71005233029,2019,67900,77400,145300
71005233037,2019,71100,149500,220600
71005301016,2019,57700,209200,266900
71005301024,2019,61800,253700,315500
71005301032,2019,64500,145500,210000
71005301040,2019,65200,281700,346900
71005301058,2019,65200,162000,227200
71005301066,2019,65200,164800,230000
71005301074,2019,65200,237900,303100
71005301082,2019,65200,232800,298000
71005301090,2019,65200,251200,316400
71005301107,2019,61900,178500,240400
71005301115,2019,61900,152900,214800
71005301123,2019,61900,181300,243200
71005301131,2019,61900,168700,230600
71005301149,2019,61900,158800,220700
71005301157,2019,61900,184000,245900
71005301165,2019,61900,147700,209600
71005301173,2019,61900,186800,248700
71005301181,2019,54400,179400,233800
71005302014,2019,57300,125300,182600
71005302022,2019,60500,93900,154400
71005302030,2019,60900,120600,181500
71005302048,2019,65100,174600,239700
71005302064,2019,65100,211300,276400
71005302072,2019,65100,353100,418200
71005302080,2019,57900,204500,262400
71005302105,2019,65100,175300,240400
71005302139,2019,57800,148700,206500
71005303012,2019,38500,105600,144100
71005303020,2019,57600,164400,222000
71005303038,2019,65100,196700,261800
71005303046,2019,65100,262700,327800
71005303054,2019,65100,261400,326500
71005303070,2019,59700,191300,251000
71005303103,2019,59700,293500,353200
71005303111,2019,59700,275100,334800
71005303129,2019,57600,279800,337400
71005304010,2019,68000,198600,266600
71005304028,2019,68000,241300,309300
71005304036,2019,68000,246400,314400
71005304044,2019,68000,156400,224400
71005304052,2019,68000,151700,219700
71005304060,2019,68000,221300,289300
71005304078,2019,68000,189800,257800
71005304086,2019,68000,274500,342500
71005304094,2019,68000,221900,289900
71005304101,2019,68000,295300,363300
71005304127,2019,59100,208900,268000
71005304135,2019,60500,104400,164900
71005304151,2019,65100,204600,269700
71005304169,2019,65100,137900,203000
71005304177,2019,65100,254900,320000
71005304193,2019,65100,208600,273700
71005304218,2019,65100,241800,306900
71005307048,2019,65100,45200,110300
71005307056,2019,65100,210700,275800
71005307064,2019,65100,140900,206000
71005307072,2019,65100,204000,269100
71005307080,2019,65100,167900,233000
71005307105,2019,65900,234500,300400
71005307147,2019,59200,194800,254000
71005307155,2019,55000,149600,204600
71005307189,2019,60900,145600,206500
71005307212,2019,54000,166000,220000
71005307220,2019,60600,136200,196800
71005307246,2019,60600,106900,167500
71005307254,2019,60600,344400,405000
71005307262,2019,60600,177900,238500
71005307270,2019,60600,185400,246000
71005307288,2019,60600,226400,287000
71005307311,2019,60600,225100,285700
71005308020,2019,63300,170300,233600
71005308038,2019,63300,66700,130000
71005308046,2019,57600,168200,225800
71005308054,2019,57600,139400,197000
71005308062,2019,57600,209500,267100
71005308070,2019,43800,107700,151500
71005308088,2019,57600,159700,217300
71005308161,2019,60300,223700,284000
71005308179,2019,60300,212400,272700
71005308187,2019,60300,250700,311000
71005308210,2019,60300,212800,273100
71005308228,2019,60300,251100,311400
71005308236,2019,60300,164700,225000
71005308244,2019,60300,124200,184500
71005308252,2019,60300,234900,295200
71005308260,2019,60300,222000,282300
71005308278,2019,60300,206500,266800
71005308294,2019,60300,114700,175000
71005308301,2019,60300,256700,317000
71005308319,2019,60300,248000,308300
71005308327,2019,60300,125700,186000
71005308335,2019,60300,239000,299300
71005308343,2019,57800,213900,271700
71005308369,2019,59400,176300,235700
71005308377,2019,59100,196800,255900
71005308385,2019,57300,151300,208600
71005309010,2019,60600,147700,208300
71005309028,2019,61400,200700,262100
71005309036,2019,62400,199700,262100
71005309044,2019,62900,207700,270600
71005309052,2019,62900,43300,106200
71005309060,2019,62900,211100,274000
71005309078,2019,62900,229400,292300
71005309101,2019,62900,224600,287500
71005309119,2019,62900,208800,271700
71005309127,2019,60300,278400,338700
71005309135,2019,62900,210000,272900
71005309143,2019,62900,218800,281700
71005309151,2019,65100,221500,286600
71005309177,2019,65100,157900,223000
71005309185,2019,65100,185600,250700
71005309193,2019,65100,202900,268000
71005309226,2019,65100,220800,285900
71005309234,2019,65100,235200,300300
71005309242,2019,63800,233600,297400
71005309250,2019,63200,155800,219000
71005309268,2019,68000,158300,226300
71005310017,2019,59400,192300,251700
71005310025,2019,63200,247800,311000
71005310033,2019,63800,204800,268600
71005310041,2019,65100,195400,260500
71005310067,2019,65100,222300,287400
71005310075,2019,65100,162200,227300
71005310091,2019,59700,198700,258400
71005310108,2019,47500,217500,265000
71005310116,2019,59700,217300,277000
71005310124,2019,65100,301800,366900
71005310166,2019,65100,166500,231600
71005310174,2019,63800,228900,292700
71005310182,2019,60300,171700,232000
71005310190,2019,67400,145700,213100
71005311015,2019,63200,129700,192900
71005311023,2019,59400,222300,281700
71005311031,2019,57300,109800,167100
71005311049,2019,62400,152500,214900
71005311057,2019,57300,101700,159000
71005311065,2019,57800,165800,223600
71005311073,2019,57800,103900,161700
71005312013,2019,63100,220400,283500
71005312021,2019,60600,305000,365600
71005312039,2019,59100,185900,245000
71005312047,2019,57200,209400,266600
71005312055,2019,60900,186600,247500
71005312063,2019,53600,218500,272100
71005312089,2019,57300,175900,233200
71005312097,2019,57800,250600,308400
71005312104,2019,55800,179800,235600
71005312112,2019,57800,157700,215500
71005313011,2019,62900,194900,257800
71005313029,2019,62900,188700,251600
71005313037,2019,62900,189400,252300
71005313079,2019,62000,180100,242100
71005313160,2019,65100,168200,233300
71005313178,2019,63200,217600,280800
71005313186,2019,65100,217800,282900
71005313201,2019,65100,243600,308700
71005313235,2019,59700,212100,271800
71005314019,2019,60900,201600,262500
71005314027,2019,60900,241400,302300
71005314035,2019,60900,219300,280200
71005314043,2019,60900,157200,218100
71005314069,2019,61400,194300,255700
71005314077,2019,61400,158500,219900
71005314085,2019,61400,208000,269400
71005314118,2019,57800,205800,263600
71005314134,2019,65100,138700,203800
71005314142,2019,68000,286500,354500
71005314150,2019,68000,191800,259800
71005314176,2019,68000,224500,292500
71005314184,2019,68000,241300,309300
71005314192,2019,68000,220000,288000
71005314209,2019,68000,171600,239600
71005314217,2019,68000,264900,332900
71005314225,2019,68000,114900,182900
71005314241,2019,70300,226400,296700
71005314259,2019,67000,282800,349800
71005314267,2019,67000,185900,252900
71005315017,2019,76600,88400,165000
71005315025,2019,68000,164800,232800
71005315033,2019,68000,190200,258200
71005315041,2019,68000,224500,292500
71005315059,2019,60600,263000,323600
71005315067,2019,68000,233000,301000
71005315075,2019,68000,316700,384700
71005315083,2019,68000,232000,300000
71005315091,2019,68000,259900,327900
71005315116,2019,68000,105000,173000
71005315124,2019,65100,210300,275400
71005315140,2019,57800,169900,227700
71005315158,2019,55600,197100,252700
71005315166,2019,56200,195900,252100
71005315174,2019,63100,259700,322800
71005315182,2019,60900,204500,265400
71005315190,2019,68000,140000,208000
71005315207,2019,68000,145900,213900
71005315215,2019,68000,248600,316600
71005315223,2019,68000,197600,265600
71005315249,2019,68000,103800,171800
71005315257,2019,68000,213900,281900
71005315265,2019,68000,231600,299600
71005315299,2019,69900,219500,289400
71005316023,2019,66300,230300,296600
71005316031,2019,67400,206000,273400
71005316049,2019,67400,242400,309800
71005316057,2019,67400,230600,298000
71005316065,2019,67400,222300,289700
71005316081,2019,67400,231600,299000
71005316099,2019,67400,198600,266000
71005316106,2019,67400,186600,254000
71005316114,2019,67400,202500,269900
71005316122,2019,67400,215700,283100
71005316130,2019,67400,224800,292200
71005316148,2019,67400,266500,333900
71005316156,2019,53300,175100,228400
71005316164,2019,53300,146400,199700
71005316172,2019,54400,206900,261300
71005316180,2019,55000,177500,232500
71005316255,2019,75900,274100,350000
71005316263,2019,63200,241800,305000
71005316271,2019,63200,240300,303500
71005316297,2019,63200,234300,297500
71005316304,2019,63200,246300,309500
71005316312,2019,63200,300800,364000
71005316320,2019,63200,206800,270000
71005316338,2019,63200,226800,290000
71005316346,2019,67000,233000,300000
71005317013,2019,63400,255000,318400
71005317039,2019,65900,255300,321200
71005317047,2019,65300,199700,265000
71005317055,2019,63800,231400,295200
71005317063,2019,63800,206300,270100
71005317071,2019,63800,247200,311000
71005317089,2019,63800,241600,305400
71005317097,2019,63800,187600,251400
71005317104,2019,63800,278200,342000
71005317112,2019,66300,209800,276100
71005318011,2019,84900,179100,264000
71005318029,2019,81900,182100,264000
71005318037,2019,84100,240400,324500
71005318045,2019,112700,162300,275000
71005318053,2019,97500,443500,541000
71005318061,2019,78200,211000,289200
71005318079,2019,79800,211700,291500
71005318087,2019,94100,178500,272600
71005318095,2019,94600,220200,314800
71005318102,2019,90400,227900,318300
71005318110,2019,90400,247300,337700
71005318128,2019,84900,279100,364000
71005318136,2019,87500,290900,378400
71005318144,2019,87500,319500,407000
71005318152,2019,109100,238900,348000
71005318160,2019,109100,195800,304900
71005318186,2019,94600,189900,284500
71005318194,2019,87500,225500,313000
71005318201,2019,87500,225100,312600
71005318219,2019,84900,190900,275800
71005318227,2019,76600,201800,278400
71005318235,2019,84900,197400,282300
71005318243,2019,84100,101300,185400
71005319019,2019,98100,217400,315500
71005319027,2019,109100,170300,279400
71005319035,2019,109100,157000,266100
71005319043,2019,98100,197000,295100
71005319051,2019,114800,162200,277000
71005319077,2019,105800,181500,287300
71005319085,2019,95500,255600,351100
71005319093,2019,109100,242900,352000
71005319100,2019,109100,198700,307800
71005319118,2019,109100,309500,418600
71005319126,2019,109100,209100,318200
71005319134,2019,90400,194500,284900
71005320016,2019,89900,215900,305800
71005320024,2019,104100,212200,316300
71005320032,2019,90400,296300,386700
71005320040,2019,90400,236500,326900
71005320058,2019,90400,259000,349400
71005320066,2019,105800,174400,280200
71005320074,2019,105800,226500,332300
71005320082,2019,120600,313900,434500
71005320090,2019,110100,290700,400800
71005320107,2019,109100,297400,406500
71005320115,2019,125000,289000,414000
71005320123,2019,133900,269900,403800
71005320131,2019,104100,195900,300000
71005320149,2019,105800,273200,379000
71005320157,2019,90400,222700,313100
71005320165,2019,90400,212500,302900
71005321014,2019,114100,334400,448500
71005321022,2019,121800,187600,309400
71005321030,2019,120600,189600,310200
71005321048,2019,120800,223500,344300
71005321056,2019,116700,276000,392700
71005321064,2019,101100,311100,412200
71005321072,2019,133900,373300,507200
71005321080,2019,167300,409700,577000
71005321098,2019,154300,412300,566600
71005321105,2019,106300,175900,282200
71005321113,2019,109300,422400,531700
71005321147,2019,101500,230300,331800
71005321163,2019,109100,217800,326900
71005321171,2019,98100,257300,355400
71005321189,2019,90400,215200,305600
71005321197,2019,99200,408600,507800
71005321204,2019,139400,337900,477300
71005321212,2019,101400,0,101400
71005322012,2019,280000,451000,731000
71005322020,2019,159900,271900,431800
71005322038,2019,150700,244100,394800
71005322046,2019,90400,160000,250400
71005322054,2019,110100,282400,392500
71005322062,2019,105800,277800,383600
71005322070,2019,140200,450700,590900
71005322088,2019,133900,441200,575100
71005322096,2019,131400,385100,516500
71005322103,2019,126600,315500,442100
71005322111,2019,147200,360900,508100
71005322129,2019,168100,246900,415000
71005323010,2019,70800,243400,314200
71005323028,2019,79800,289400,369200
71005323036,2019,90400,271300,361700
71005323044,2019,109100,221800,330900
71005323052,2019,105800,295200,401000
71005323060,2019,105800,149600,255400
71005323078,2019,105800,278700,384500
71005323086,2019,104100,349900,454000
71005323094,2019,126600,252500,379100
71005323101,2019,164900,243800,408700
71005323119,2019,114800,390800,505600
71005323127,2019,114800,353700,468500
71005323135,2019,87600,212200,299800
71005323143,2019,77700,253800,331500
71005323151,2019,84200,250400,334600
71005323177,2019,105800,339500,445300
71005323185,2019,105800,275800,381600
71005323193,2019,105800,189300,295100
71005323200,2019,104100,256300,360400
71005323218,2019,105800,285500,391300
71005323226,2019,105800,202800,308600
71005323234,2019,84900,208700,293600
71005323242,2019,84100,307900,392000
71005324026,2019,105800,200800,306600
71005324034,2019,104100,348000,452100
71005324042,2019,105800,215400,321200
71005324068,2019,105800,312200,418000
71005324084,2019,106500,291000,397500
71005324092,2019,109100,414100,523200
71005324109,2019,109100,325800,434900
71005324117,2019,110100,345100,455200
71005324125,2019,109100,265300,374400
71005324133,2019,109100,370800,479900
71005324141,2019,110100,187200,297300
71005324159,2019,109100,224400,333500
71005324167,2019,105800,260000,365800
71005324175,2019,106300,316900,423200
71005324183,2019,105800,215700,321500
71005324191,2019,105800,286800,392600
71005324208,2019,105800,317000,422800
71005326064,2019,105800,278700,384500
71005326098,2019,104100,245900,350000
71005326105,2019,105800,323500,429300
71005326113,2019,104100,285100,389200
71005326121,2019,105800,276200,382000
71005326139,2019,110100,216800,326900
71005326155,2019,153100,245100,398200
71005326171,2019,102800,258100,360900
71005326189,2019,106500,258500,365000
71005326197,2019,106300,234200,340500
71005326204,2019,104100,222400,326500
71005326212,2019,105800,249700,355500
71005326246,2019,96900,109200,206100
71005327062,2019,90400,279500,369900
71005327088,2019,90400,243200,333600
71005327111,2019,79800,277200,357000
71005327145,2019,90400,271100,361500
71005328028,2019,106300,202000,308300
71005328036,2019,105800,311400,417200
71005328044,2019,105800,198300,304100
71005328060,2019,90400,325700,416100
71005328078,2019,90400,306900,397300
71005328094,2019,105800,311100,416900
71005328101,2019,105800,211600,317400
71005328119,2019,105800,261700,367500
71005328127,2019,99200,430200,529400
71005328135,2019,84900,218300,303200
71005328143,2019,118200,335100,453300
71005328151,2019,87900,314600,402500
71005329018,2019,106500,261000,367500
71005329026,2019,105800,274700,380500
71005329050,2019,110100,360700,470800
71005329076,2019,105800,266400,372200
71005329084,2019,104100,255000,359100
71005329092,2019,104100,209700,313800
71005329109,2019,104100,308200,412300
71005329117,2019,105800,217800,323600
71005329125,2019,102800,224900,327700
71005329133,2019,77100,245100,322200
71005329141,2019,110100,253800,363900
71005330015,2019,90400,203000,293400
71005330023,2019,98100,287800,385900
71005330031,2019,98100,222900,321000
71005330049,2019,99200,139300,238500
71005330065,2019,105800,254200,360000
71005330073,2019,109100,364700,473800
71005330081,2019,101100,253200,354300
71005330099,2019,101100,311200,412300
71005330106,2019,101100,286900,388000
71005330114,2019,102800,268700,371500
71005330122,2019,110100,235000,345100
71005330130,2019,106500,271000,377500
71005330148,2019,110100,370000,480100
71005330156,2019,133900,164300,298200
71005331013,2019,84200,237800,322000
71005331021,2019,84100,170900,255000
71005331039,2019,98100,149900,248000
71005331047,2019,98100,244400,342500
71005331055,2019,116700,280100,396800
71005331063,2019,116700,318800,435500
71005331071,2019,114800,337300,452100
71005331089,2019,114100,308800,422900
71005331097,2019,147200,487400,634600
71005331104,2019,147900,364500,512400
71005331112,2019,147200,541800,689000
71005331138,2019,147900,390400,538300
71005331146,2019,147200,393300,540500
71005331154,2019,140200,397400,537600
71005332011,2019,78200,178000,256200
71005332029,2019,61300,246400,307700
71005332037,2019,120600,213600,334200
71005332045,2019,101100,401300,502400
71005332053,2019,104100,367500,471600
71005332061,2019,95000,398000,493000
71005332079,2019,98100,326500,424600
71005332087,2019,176900,360600,537500
71005332095,2019,163200,364300,527500
71005332102,2019,133900,384900,518800
71005332110,2019,182700,363100,545800
71005332128,2019,154200,404200,558400
71005332136,2019,154300,368400,522700
71005332144,2019,154200,319600,473800
71005332152,2019,98100,273500,371600
71005332160,2019,98100,218600,316700
71005333019,2019,90400,258300,348700
71005333027,2019,90400,292400,382800
71005333035,2019,90400,298600,389000
71005333051,2019,90400,111800,202200
71005333069,2019,90400,225900,316300
71005333077,2019,98100,279500,377600
71005333085,2019,99200,203500,302700
71005333093,2019,99200,274100,373300
71005333126,2019,98100,398000,496100
71005333134,2019,99200,271700,370900
71005333142,2019,100500,269900,370400
71005333150,2019,75700,230600,306300
71005333168,2019,76600,315600,392200
71005333176,2019,76600,254200,330800
71005334041,2019,110100,265900,376000
71005334059,2019,110100,303100,413200
71005334067,2019,110100,285900,396000
71005334075,2019,109100,287800,396900
71005334083,2019,109100,300400,409500
71005334108,2019,110100,371500,481600
71005334116,2019,110100,309100,419200
71005334124,2019,110100,324800,434900
71005334132,2019,110100,252200,362300
71005334140,2019,110100,293600,403700
71005334158,2019,109100,336900,446000
71005334166,2019,90400,213100,303500
71005334174,2019,90400,295500,385900
71005335015,2019,87900,348100,436000
71005335049,2019,87500,390300,477800
71005335057,2019,84900,376600,461500
71005335106,2019,107200,309200,416400
71005335114,2019,106500,331700,438200
71005335122,2019,87500,319800,407300
71005335130,2019,87500,337100,424600
71005335148,2019,89900,356100,446000
71005336089,2019,106500,203500,310000
71005336104,2019,100700,374600,475300
71005336112,2019,100700,408600,509300
71005336120,2019,99100,271600,370700
71005336154,2019,100700,256500,357200
71005336162,2019,101100,245500,346600
71005337079,2019,101100,283200,384300
71005337102,2019,98100,316900,415000
71005337110,2019,124200,272400,396600
71005337128,2019,94100,247500,341600
71005337136,2019,94600,187600,282200
71005337144,2019,94100,193000,287100
71005338019,2019,100500,324800,425300
71005338027,2019,102800,218300,321100
71005338035,2019,102800,250000,352800
71005338043,2019,101100,272300,373400
71005338051,2019,101100,372700,473800
71005338069,2019,136300,286700,423000
71005338077,2019,109100,381800,490900
71005338100,2019,109100,343800,452900
71005338118,2019,105500,292200,397700
71005338126,2019,109100,248800,357900
71005338134,2019,81900,266500,348400
71005338142,2019,99200,266100,365300
71005338168,2019,100700,219600,320300
71005339017,2019,101100,354700,455800
71005339025,2019,102800,331300,434100
71005339041,2019,100500,315000,415500
71005339059,2019,100500,205500,306000
71005339067,2019,95500,217500,313000
71005339083,2019,110100,321500,431600
71005339091,2019,161000,282700,443700
71005339108,2019,104100,360600,464700
71005339116,2019,105800,428500,534300
71005339124,2019,106500,330400,436900
71005339132,2019,105800,303300,409100
71005339140,2019,106300,327400,433700
71005340014,2019,99200,375000,474200
71005340022,2019,100500,226400,326900
71005340030,2019,98100,203500,301600
71005340048,2019,99100,299100,398200
71005340056,2019,99200,253700,352900
71005340064,2019,105500,262200,367700
71005340072,2019,84200,239900,324100
71005340080,2019,84900,285800,370700
71005340098,2019,99200,325300,424500
71005340105,2019,98100,288600,386700
71005340113,2019,98100,344600,442700
71005340121,2019,99200,352200,451400
71005341012,2019,93200,284600,377800
71005341020,2019,102800,313300,416100
71005341038,2019,109100,224700,333800
71005341046,2019,105800,237700,343500
71005341054,2019,105800,214800,320600
71005341062,2019,100500,221000,321500
71005341070,2019,102800,368000,470800
71005341088,2019,125000,240700,365700
71005341096,2019,121800,394200,516000
71005341103,2019,129600,296400,426000
71005341111,2019,109100,290500,399600
71005341129,2019,183200,333300,516500
71005341145,2019,195200,396200,591400
71005341153,2019,196900,393100,590000
71005341161,2019,131400,467800,599200
71005345030,2019,68100,116700,184800
71005345048,2019,78600,181400,260000
71005345056,2019,75800,184200,260000
71005345064,2019,72500,197500,270000
71005345072,2019,65100,118100,183200
71005345080,2019,55800,116300,172100
71005345098,2019,65100,113600,178700
71005345113,2019,65100,107000,172100
71005345121,2019,65100,145100,210200
71005401022,2019,65200,149500,214700
71005401030,2019,44000,85400,129400
71005401048,2019,44000,147000,191000
71005401056,2019,65700,158100,223800
71005401064,2019,65700,144900,210600
71005401072,2019,65700,133300,199000
71005401098,2019,65700,106300,172000
71005401105,2019,65700,106300,172000
71005401113,2019,65700,134300,200000
71005401121,2019,65700,154400,220100
71005401139,2019,65700,137900,203600
71005401155,2019,57400,106400,163800
71005401163,2019,56800,83600,140400
71005401171,2019,56800,156400,213200
71005401189,2019,55100,114300,169400
71005401197,2019,55100,114300,169400
71005401204,2019,55700,112600,168300
71005401212,2019,55100,89800,144900
71005401220,2019,55100,106700,161800
71005401238,2019,55100,83100,138200
71005401246,2019,55100,128400,183500
71005401254,2019,55100,146800,201900
71005401262,2019,55100,104500,159600
71005401270,2019,55700,133600,189300
71005401288,2019,55100,87800,142900
71005401296,2019,65700,99100,164800
71005402012,2019,41900,170400,212300
71005402020,2019,44400,113800,158200
71005402038,2019,44400,203000,247400
71005402046,2019,47400,179300,226700
71005402054,2019,39100,159200,198300
71005402062,2019,39300,149100,188400
71005402070,2019,39100,95300,134400
71005402096,2019,32300,133300,165600
71005402103,2019,39100,156100,195200
71005402111,2019,39100,157200,196300
71005402129,2019,39300,178200,217500
71005402145,2019,39100,173200,212300
71005402153,2019,39100,178400,217500
71005402161,2019,39100,190900,230000
71005402179,2019,39300,155300,194600
71005402187,2019,39100,168700,207800
71005402202,2019,47900,121300,169200
71005402210,2019,47400,117200,164600
71005402228,2019,47900,165600,213500
71005402236,2019,47900,141100,189000
71005402244,2019,52600,99200,151800
71005402252,2019,47400,168500,215900
71005402260,2019,42500,120000,162500
71005402278,2019,41400,107900,149300
71005402286,2019,41400,112900,154300
71005402294,2019,33300,134500,167800
71005402301,2019,33300,136100,169400
71005402319,2019,44400,164100,208500
71005402327,2019,41900,146500,188400
71005402335,2019,41900,206600,248500
71005403010,2019,57400,130200,187600
71005403028,2019,41900,159400,201300
71005403036,2019,41900,144900,186800
71005403044,2019,41900,149100,191000
71005403052,2019,41800,129900,171700
71005403060,2019,41400,171500,212900
71005403078,2019,41800,163200,205000
71005403086,2019,41400,129200,170600
71005403094,2019,41900,188900,230800
71005403101,2019,41900,184800,226700
71005403119,2019,41800,186400,228200
71005403127,2019,63100,176400,239500
71005403135,2019,63100,125800,188900
71005403143,2019,41800,130500,172300
71005403151,2019,41800,185200,227000
71005403169,2019,44400,166600,211000
71005403177,2019,47400,151900,199300
71005403185,2019,47300,162500,209800
71005403193,2019,47900,93800,141700
71005403200,2019,59000,144800,203800
71005403218,2019,59100,165500,224600
71005403226,2019,47900,116900,164800
71005403234,2019,47400,170600,218000
71005403242,2019,47300,184800,232100
71005403250,2019,48300,165300,213600
71005403268,2019,47900,187900,235800
71005403276,2019,44400,175100,219500
71005403284,2019,44400,137400,181800
71005403292,2019,47400,186200,233600
71005403309,2019,42500,147300,189800
71005404034,2019,42100,196000,238100
71005404050,2019,41900,75200,117100
71005404076,2019,41900,153100,195000
71005404084,2019,44400,155400,199800
71005404092,2019,72900,163800,236700
71005404109,2019,41900,159000,200900
71005404117,2019,43300,162900,206200
71005404125,2019,38800,123500,162300
71005404167,2019,73900,136700,210600
71005404175,2019,63200,181200,244400
71005404183,2019,79900,110600,190500
71005404191,2019,81000,120100,201100
71005405016,2019,54800,153400,208200
71005405066,2019,52600,198200,250800
71005405074,2019,41400,124100,165500
71005405082,2019,41400,112100,153500
71005405090,2019,41400,105400,146800
71005405107,2019,41400,68600,110000
71005405115,2019,41900,123000,164900
71005405123,2019,41800,108800,150600
71005405131,2019,41800,119000,160800
71005405149,2019,41800,130200,172000
71005405157,2019,37300,170000,207300
71005406014,2019,72000,119300,191300
71005406022,2019,41400,116100,157500
71005406030,2019,41800,120000,161800
71005406048,2019,41900,143100,185000
71005406056,2019,41900,99800,141700
71005406064,2019,41400,93000,134400
71005406072,2019,41800,135000,176800
71005406080,2019,41900,127500,169400
71005406098,2019,41900,162100,204000
71005406105,2019,41900,143100,185000
71005406113,2019,41800,117300,159100
71005406139,2019,59200,149300,208500
71005406163,2019,44400,160300,204700
71005406171,2019,47900,135800,183700
71005406189,2019,68600,149400,218000
71005406197,2019,68600,162700,231300
71005406204,2019,47400,193600,241000
71005406220,2019,47400,148500,195900
71005406238,2019,47900,179700,227600
71005406246,2019,47900,188600,236500
71005406254,2019,47400,101400,148800
71005406262,2019,47400,169200,216600
71005406270,2019,44400,151800,196200
71005406288,2019,42800,174900,217700
71005406296,2019,42800,201100,243900
71005406303,2019,35100,146400,181500
71005407012,2019,51400,87900,139300
71005407020,2019,44400,128500,172900
71005407038,2019,43400,116800,160200
71005407046,2019,43400,176600,220000
71005407054,2019,44400,171300,215700
71005407062,2019,43400,134700,178100
71005407070,2019,43400,150600,194000
71005407088,2019,45600,112700,158300
71005407096,2019,44400,184500,228900
71005407103,2019,44400,149600,194000
71005407111,2019,69300,137300,206600
71005407137,2019,65000,157100,222100
71005407145,2019,44400,138700,183100
71005407153,2019,47400,160400,207800
71005407161,2019,47400,158600,206000
71005407179,2019,47300,185500,232800
71005407187,2019,44000,175100,219100
71005407202,2019,42100,118500,160600
71005407210,2019,42100,159200,201300
71005407228,2019,42100,178200,220300
71005407236,2019,42100,108900,151000
71005407244,2019,42100,123900,166000
71005407252,2019,42100,186000,228100
71005407260,2019,42100,145600,187700
71005407278,2019,39100,157300,196400
71005407286,2019,41800,145000,186800
71005407294,2019,41800,128500,170300
71005407301,2019,41400,152300,193700
71005407319,2019,41800,136100,177900
71005407327,2019,41400,129900,171300
71005407335,2019,41400,139400,180800
71005407343,2019,44400,150600,195000
71005407351,2019,44400,110800,155200
71005407369,2019,44400,135800,180200
71005407377,2019,52600,94000,146600
71005408010,2019,44400,151900,196300
71005408028,2019,44400,137600,182000
71005408036,2019,44000,172700,216700
71005408044,2019,65200,105700,170900
71005408052,2019,44000,148200,192200
71005408060,2019,52700,167800,220500
71005408078,2019,51400,149700,201100
71005408086,2019,52000,153400,205400
71005408094,2019,49900,174100,224000
71005408101,2019,44400,143500,187900
71005409018,2019,47400,138000,185400
71005409026,2019,44400,160200,204600
71005409034,2019,44400,157600,202000
71005409042,2019,78000,161600,239600
71005409050,2019,50900,163100,214000
71005409068,2019,41800,166100,207900
71005409076,2019,41900,99600,141500
71005409084,2019,68400,154200,222600
71005409092,2019,41800,101700,143500
71005409117,2019,41800,13000,54800
71005409125,2019,41800,164000,205800
71005409133,2019,41900,121100,163000
71005409141,2019,41900,132300,174200
71005409159,2019,41900,117600,159500
71005409167,2019,41800,92200,134000
71005409175,2019,41400,127900,169300
71005409183,2019,41400,170400,211800
71005409191,2019,41900,154300,196200
71005409208,2019,41900,163800,205700
71005409216,2019,41400,183200,224600
71005409224,2019,41800,164800,206600
71005409232,2019,41800,150300,192100
71005409240,2019,41800,187700,229500
71005409258,2019,41400,177300,218700
71005409266,2019,41900,121300,163200
71005409274,2019,41900,96600,138500
71005410015,2019,54200,88900,143100
71005410023,2019,54600,117700,172300
71005410031,2019,54600,138400,193000
71005410049,2019,54600,88100,142700
71005410057,2019,54600,136200,190800
71005410065,2019,54600,91600,146200
71005410073,2019,54600,106500,161100
71005410081,2019,54600,141300,195900
71005410099,2019,54600,117400,172000
71005410106,2019,54600,109700,164300
71005410114,2019,54600,124300,178900
71005410122,2019,54600,103300,157900
71005410130,2019,54600,116200,170800
71005410148,2019,54600,100800,155400
71005410156,2019,58300,115900,174200
71005410164,2019,57600,133400,191000
71005410172,2019,56300,89500,145800
71005410180,2019,56300,77000,133300
71005410198,2019,56100,84400,140500
71005410205,2019,56300,132300,188600
71005410213,2019,54300,93800,148100
71005410221,2019,56300,115700,172000
71005410239,2019,56800,136000,192800
71005410247,2019,56300,126800,183100
71005410255,2019,56300,126500,182800
71005410263,2019,56300,130000,186300
71005410271,2019,56300,140300,196600
71005410289,2019,56300,112500,168800
71005410297,2019,56300,117900,174200
71005410304,2019,56300,106400,162700
71005411013,2019,56400,160000,216400
71005411021,2019,55300,129900,185200
71005411039,2019,58300,142800,201100
71005411047,2019,55300,132800,188100
71005411055,2019,56400,139100,195500
71005411063,2019,56200,154600,210800
71005411071,2019,58200,169800,228000
71005411089,2019,56400,101100,157500
71005411097,2019,58300,181500,239800
71005411104,2019,76200,215700,291900
71005411112,2019,56400,157700,214100
71005411120,2019,51000,174200,225200
71005411138,2019,51400,149200,200600
71005411146,2019,51400,148400,199800
71005411154,2019,52600,175500,228100
71005411162,2019,51400,158800,210200
71005411170,2019,51400,150900,202300
71005411188,2019,51700,125300,177000
71005411196,2019,52600,133000,185600
71005412011,2019,41800,153100,194900
71005412029,2019,42600,197200,239800
71005412037,2019,41800,123200,165000
71005412045,2019,41800,151000,192800
71005412053,2019,41800,92900,134700
71005412061,2019,41800,166700,208500
71005412079,2019,41800,164500,206300
71005412087,2019,41400,86600,128000
71005412095,2019,47400,112300,159700
71005412102,2019,57400,130800,188200
71005412110,2019,41800,136300,178100
71005412128,2019,41400,119600,161000
71005412136,2019,41800,111300,153100
71005412144,2019,63100,162000,225100
71005412160,2019,41800,88100,129900
71005412178,2019,41800,89200,131000
71005412186,2019,41900,125200,167100
71005413035,2019,47400,114600,162000
71005413069,2019,48300,128100,176400
71005413085,2019,47400,89800,137200
71005413093,2019,47900,102700,150600
71005413100,2019,47400,132700,180100
71005413118,2019,47900,107000,154900
71005413126,2019,55900,140400,196300
71005413134,2019,51000,148000,199000
71005413142,2019,44400,130200,174600
71005413150,2019,44400,111700,156100
71005413168,2019,44400,113700,158100
71005413176,2019,44400,120600,165000
71005413184,2019,44400,153100,197500
71005413192,2019,44400,122700,167100
71005413209,2019,44400,116500,160900
71005413217,2019,44400,179300,223700
71005413225,2019,44400,109400,153800
71005413233,2019,44400,159600,204000
71005413241,2019,44400,149100,193500
71005413259,2019,44400,140600,185000
71005413267,2019,55100,125700,180800
71005413275,2019,42800,126000,168800
71005413283,2019,55300,88100,143400
71005413291,2019,47400,110700,158100
71005413316,2019,51400,136800,188200
71005413324,2019,47400,126600,174000
71005413332,2019,49500,126000,175500
71005414025,2019,51900,94700,146600
71005414033,2019,43800,111500,155300
71005414041,2019,48000,102900,150900
71005414059,2019,48000,135700,183700
71005414067,2019,48000,115200,163200
71005414075,2019,48000,120400,168400
71005414083,2019,48000,137000,185000
71005414091,2019,48000,129600,177600
71005414108,2019,48000,126800,174800
71005414116,2019,48000,148200,196200
71005414124,2019,48000,149600,197600
71005414132,2019,48000,150700,198700
71005414140,2019,48000,135000,183000
71005414158,2019,48000,116500,164500
71005414166,2019,48000,140900,188900
71005414174,2019,48000,129800,177800
71005414182,2019,48000,145700,193700
71005414190,2019,48000,124400,172400
71005414207,2019,48000,120500,168500
71005414215,2019,48000,124400,172400
71005414223,2019,48000,170200,218200
71005414231,2019,48000,135000,183000
71005414249,2019,48000,108100,156100
71005414257,2019,48300,148700,197000
71005415023,2019,96900,116000,212900
71005415049,2019,62400,135600,198000
71005415057,2019,67900,101300,169200
71005415065,2019,65100,105500,170600
71005415073,2019,60600,99400,160000
71005415081,2019,60600,117500,178100
71005415106,2019,60600,134200,194800
71005415114,2019,76400,227700,304100
71005415122,2019,62000,144900,206900
71005415130,2019,58700,231300,290000
71005415148,2019,57300,172300,229600
71005416039,2019,65100,157500,222600
71005416047,2019,65100,227100,292200
71005416055,2019,59200,136600,195800
71006101019,2019,46900,86000,132900
71006101027,2019,46900,128100,175000
71006101035,2019,46900,185200,232100
71006101051,2019,46900,108400,155300
71006101077,2019,44400,151400,195800
71006101085,2019,59400,138400,197800
71006101093,2019,81700,132500,214200
71006101100,2019,44400,92000,136400
71006101118,2019,44400,120600,165000
71006101126,2019,54700,111200,165900
71006101134,2019,54700,127100,181800
71006101142,2019,54700,107200,161900
71006101150,2019,54700,131600,186300
71006101168,2019,56200,123400,179600
71006101176,2019,56200,151800,208000
71006101192,2019,54700,127400,182100
71006101209,2019,54700,117900,172600
71006101217,2019,96700,103400,200100
71006101225,2019,44400,116800,161200
71006101233,2019,96700,77700,174400
71006101241,2019,44400,95300,139700
71006102017,2019,46900,155100,202000
71006102025,2019,46900,113900,160800
71006102033,2019,46900,77600,124500
71006102041,2019,46900,82800,129700
71006102059,2019,46900,154300,201200
71006102067,2019,47200,128700,175900
71006102075,2019,47000,176400,223400
71006102083,2019,76200,135300,211500
71006102091,2019,68700,150400,219100
71006102108,2019,77300,117600,194900
71006102116,2019,85300,96700,182000
71006102124,2019,85700,108900,194600
71006102132,2019,47000,85800,132800
71006102140,2019,47200,54700,101900
71006102166,2019,71400,121500,192900
71006102174,2019,71400,132600,204000
71006102182,2019,44400,108800,153200
71006102190,2019,96700,86100,182800
71006102207,2019,44400,130600,175000
71006102215,2019,44400,130600,175000
71006102223,2019,44400,156800,201200
71006102231,2019,44400,152900,197300
71006102249,2019,44400,223700,268100
71006102257,2019,44400,147100,191500
71006103015,2019,47300,131200,178500
71006103023,2019,77800,79300,157100
71006103031,2019,59800,155500,215300
71006103049,2019,57200,117800,175000
71006103057,2019,58300,123700,182000
71006103065,2019,58300,103900,162200
71006103073,2019,58300,103600,161900
71006103081,2019,58300,91900,150200
71006103099,2019,58300,122700,181000
71006103106,2019,36200,144400,180600
71006103114,2019,36200,173400,209600
71006103122,2019,36200,171200,207400
71006104089,2019,35300,189400,224700
71006104097,2019,35300,154100,189400
71006104104,2019,35300,163600,198900
71006104112,2019,35300,141500,176800
71006104120,2019,35300,174300,209600
71006104138,2019,35300,139200,174500
71006104146,2019,57200,139800,197000
71006104154,2019,57200,128900,186100
71006104162,2019,57200,114800,172000
71006105053,2019,62800,108900,171700
71006105061,2019,65500,174800,240300
71006105079,2019,62800,137500,200300
71006105087,2019,62800,257500,320300
71006105095,2019,39300,205100,244400
71006105102,2019,39300,179100,218400
71006105110,2019,39300,169000,208300
71006106019,2019,62800,115400,178200
71006106035,2019,62800,140000,202800
71006106043,2019,62800,127300,190100
71006106085,2019,62800,144900,207700
71006106100,2019,62800,189600,252400
71006106118,2019,62800,187000,249800
71006107033,2019,51400,162800,214200
71006107059,2019,51400,161500,212900
71006107067,2019,51400,301900,353300
71006107075,2019,51400,116400,167800
71006107083,2019,51400,126800,178200
71006107091,2019,51400,157000,208400
71006107108,2019,51400,157300,208700
71006107116,2019,95300,224000,319300
71006107124,2019,42500,109500,152000
71006107140,2019,57500,194100,251600
71006107158,2019,54100,146500,200600
71006107166,2019,54100,108900,163000
71006107174,2019,54100,150700,204800
71006107182,2019,54100,146000,200100
71006107190,2019,54100,158900,213000
71006107207,2019,54100,162800,216900
71006107215,2019,54100,168400,222500
71006107223,2019,51400,131700,183100
71006107231,2019,54100,145100,199200
71006107257,2019,54100,127900,182000
71006108023,2019,70400,68200,138600
71006108031,2019,70400,120800,191200
71006108049,2019,70400,99600,170000
71006108057,2019,70400,98800,169200
71006108065,2019,70400,118100,188500
71006108081,2019,59500,88600,148100
71006108106,2019,70400,102600,173000
71006108122,2019,46300,143600,189900
71006108130,2019,43800,140100,183900
71006108148,2019,98400,115800,214200
71006108156,2019,55400,132200,187600
71006108164,2019,70400,157200,227600
71006108180,2019,67200,112100,179300
71006108198,2019,67200,79700,146900
71006108205,2019,70400,130300,200700
71006108221,2019,67200,132100,199300
71006108239,2019,67200,119300,186500
71006108271,2019,67200,121600,188800
71006109013,2019,38700,137900,176600
71006109021,2019,45700,137100,182800
71006109039,2019,45700,188400,234100
71006109047,2019,69200,125200,194400
71006109055,2019,69200,115400,184600
71006109063,2019,69200,82400,151600
71006109071,2019,69200,164700,233900
71006109089,2019,107600,97200,204800
71006109097,2019,107600,118900,226500
71006109104,2019,69200,136400,205600
71006109112,2019,69200,144100,213300
71006109120,2019,69200,63500,132700
71006109138,2019,69200,122500,191700
71006109146,2019,69200,85800,155000
71006109154,2019,69200,144100,213300
71006109188,2019,69200,127300,196500
71006109203,2019,65300,132700,198000
71006109211,2019,70400,131900,202300
71006109229,2019,70400,79600,150000
71006109237,2019,70400,49100,119500
71006109245,2019,70400,119400,189800
71006109253,2019,70400,83100,153500
71006110028,2019,69200,87600,156800
71006110044,2019,69200,155800,225000
71006110052,2019,67200,134700,201900
71006110086,2019,69200,163800,233000
71006110094,2019,69200,150100,219300
71006110101,2019,69200,118700,187900
71006110119,2019,69200,159900,229100
71006110127,2019,69200,142000,211200
71006110135,2019,69200,151600,220800
71006110143,2019,69200,142900,212100
71006110151,2019,43600,145600,189200
71006110169,2019,43600,244100,287700
71006110177,2019,43600,146200,189800
71006110185,2019,69200,123200,192400
71006110193,2019,43600,187300,230900
71006110200,2019,43600,182100,225700
71006110218,2019,43600,191300,234900
71006110226,2019,69200,195800,265000
71006110234,2019,69200,148400,217600
71006110242,2019,69200,220800,290000
71006110268,2019,69200,137600,206800
71006110276,2019,69200,132900,202100
71006110284,2019,69200,136100,205300
71006110292,2019,69200,127700,196900
71006110309,2019,69200,168800,238000
71006110317,2019,69200,85100,154300
71006110325,2019,69200,182800,252000
71006110333,2019,69200,153300,222500
71006110341,2019,103900,146100,250000
71006110359,2019,45400,113700,159100
71006110375,2019,103800,160600,264400
71006110408,2019,66000,154000,220000
71006111018,2019,45700,168700,214400
71006111026,2019,45700,148900,194600
71006111034,2019,69200,164900,234100
71006111042,2019,69200,119000,188200
71006111050,2019,49600,65900,115500
71006111076,2019,69200,103700,172900
71006111084,2019,69200,139000,208200
71006111109,2019,69200,147800,217000
71006111117,2019,69200,134700,203900
71006111125,2019,69200,204500,273700
71006111133,2019,69200,118300,187500
71006111141,2019,69200,140100,209300
71006111159,2019,66000,154700,220700
71006111167,2019,69200,215300,284500
71006111175,2019,69200,158800,228000
71006111183,2019,69200,210400,279600
71006111208,2019,69200,173100,242300
71006111216,2019,69200,116200,185400
71006111224,2019,69200,149700,218900
71006111232,2019,69200,123700,192900
71006111240,2019,69200,97100,166300
71006111266,2019,69200,132500,201700
71006111274,2019,69200,118800,188000
71006111282,2019,45700,155600,201300
71006111290,2019,45700,171300,217000
71006111307,2019,38700,221300,260000
71006111315,2019,38700,154000,192700
71006112024,2019,61800,219300,281100
71006112032,2019,69200,139800,209000
71006112040,2019,69200,183800,253000
71006112058,2019,69200,141800,211000
71006112066,2019,69200,149500,218700
71006112074,2019,69200,144000,213200
71006112090,2019,69200,296300,365500
71006112107,2019,69200,143300,212500
71006112115,2019,69200,181300,250500
71006112131,2019,69200,219300,288500
71006112149,2019,45700,233500,279200
71006112157,2019,45700,245000,290700
71006112165,2019,38700,186100,224800
71006112173,2019,30500,209500,240000
71006112181,2019,29200,211900,241100
71006112199,2019,29200,217000,246200
71006112206,2019,29200,187500,216700
71006112222,2019,70100,220500,290600
71006112256,2019,66000,218700,284700
71006112264,2019,66000,153300,219300
71006112272,2019,64000,249400,313400
71006112280,2019,66000,142900,208900
71006112321,2019,66000,218700,284700
71006113014,2019,33400,147800,181200
71006113022,2019,31500,137200,168700
71006113030,2019,55000,164000,219000
71006113056,2019,61800,152700,214500
71006113072,2019,61800,150100,211900
71006113080,2019,61800,202100,263900
71006113098,2019,61800,131400,193200
71006113105,2019,60300,210500,270800
71006113113,2019,61800,172700,234500
71006113121,2019,61800,177900,239700
71006113139,2019,61800,180900,242700
71006113147,2019,39700,215400,255100
71006113155,2019,39700,201300,241000
71006113163,2019,39200,197300,236500
71006113171,2019,58700,124700,183400
71006113189,2019,56300,183300,239600
71006113197,2019,37000,178200,215200
71006113204,2019,38100,185600,223700
71006113212,2019,38000,172000,210000
71006113220,2019,58800,179700,238500
71006113246,2019,58800,138000,196800
71006113254,2019,58800,167300,226100
71006113262,2019,56500,263600,320100
71006113288,2019,58800,165800,224600
71006113296,2019,58800,222300,281100
71006113303,2019,56500,207000,263500
71006113311,2019,58800,167400,226200
71006113329,2019,33400,160600,194000
71006113337,2019,32200,202700,234900
71006113361,2019,58800,205500,264300
71006113379,2019,58800,143400,202200
71006113387,2019,38100,154500,192600
71006113395,2019,51500,152900,204400
71006114038,2019,47200,165800,213000
71006114096,2019,60400,166900,227300
71006114111,2019,60400,110900,171300
71006114129,2019,59400,151900,211300
71006114145,2019,32000,184300,216300
71006114153,2019,30200,167000,197200
71006114161,2019,56300,229300,285600
71006114179,2019,56300,181900,238200
71006114187,2019,32300,189000,221300
71006114195,2019,26700,213900,240600
71006114202,2019,27100,231100,258200
71006114210,2019,47200,204200,251400
71006114236,2019,61800,154900,216700
71006114244,2019,61800,170700,232500
71006114252,2019,61800,243600,305400
71006114260,2019,61800,155300,217100
71006114278,2019,61800,145700,207500
71006115010,2019,23400,184600,208000
71006115028,2019,42700,225900,268600
71006115036,2019,61800,165800,227600
71006115052,2019,61800,157500,219300
71006115078,2019,61800,185300,247100
71006115094,2019,63000,201200,264200
71006115101,2019,34700,240300,275000
71006115127,2019,34700,230800,265500
71006115135,2019,56300,73700,130000
71006115143,2019,56300,256800,313100
71006115151,2019,27900,145800,173700
71006115169,2019,29200,198500,227700
71006115177,2019,28200,218800,247000
71006115185,2019,47200,162600,209800
71006115193,2019,63000,203300,266300
71006115200,2019,66800,205700,272500
71006115218,2019,61800,164400,226200
71006115226,2019,61800,233700,295500
71006115234,2019,61800,144900,206700
71006115250,2019,67600,75700,143300
71006115268,2019,45400,188100,233500
71006115276,2019,29200,170000,199200
71006115284,2019,32200,186000,218200
71006116018,2019,41400,219300,260700
71006116042,2019,69200,241600,310800
71006116050,2019,69200,176900,246100
71006116092,2019,61800,191200,253000
71006116109,2019,66000,179300,245300
71006116117,2019,47200,199600,246800
71006116125,2019,34300,222600,256900
71006116141,2019,96600,159200,255800
71006116159,2019,69200,165100,234300
71006116167,2019,43600,123300,166900
71006116183,2019,43600,248700,292300
71006116191,2019,60300,100400,160700
71006116216,2019,59400,273600,333000
71006116224,2019,61800,201700,263500
71006116232,2019,61800,218400,280200
71006116240,2019,61800,163500,225300
71006116258,2019,61800,179100,240900
71006116266,2019,47200,164000,211200
71006116274,2019,47200,107600,154800
71006116282,2019,46500,195000,241500
71006117024,2019,58600,326400,385000
71006117032,2019,60300,205800,266100
71006117040,2019,60300,275100,335400
71006117058,2019,60300,165000,225300
71006117066,2019,60300,180900,241200
71006117074,2019,58800,179000,237800
71006117082,2019,60300,221800,282100
71006117090,2019,27400,195100,222500
71006117107,2019,27900,210000,237900
71006117115,2019,27900,213700,241600
71006117123,2019,27900,198900,226800
71006117131,2019,39600,189900,229500
71006117149,2019,39600,190900,230500
71006117157,2019,39000,183600,222600
71006117165,2019,63900,223900,287800
71006117173,2019,63900,160700,224600
71006117181,2019,63900,220500,284400
71006117206,2019,60300,251300,311600
71006117248,2019,39000,222100,261100
71006117264,2019,39600,177800,217400
71006117272,2019,41000,183400,224400
71006117280,2019,39600,175600,215200
71006117298,2019,38700,286300,325000
71006118014,2019,18000,96700,114700
71006118030,2019,63900,205200,269100
71006118048,2019,63900,239400,303300
71006118056,2019,63900,169500,233400
71006118064,2019,63900,185400,249300
71006118072,2019,63900,195800,259700
71006118080,2019,63900,212900,276800
71006118098,2019,27400,178300,205700
71006118105,2019,27900,167100,195000
71006118113,2019,27900,169600,197500
71006118139,2019,45600,199400,245000
71006118147,2019,27900,223800,251700
71006118155,2019,27900,194300,222200
71006118163,2019,27400,241800,269200
71006118171,2019,45600,200600,246200
71006118189,2019,63900,267100,331000
71006118197,2019,61400,302200,363600
71006118204,2019,63900,276400,340300
71006118212,2019,63900,288600,352500
71006118220,2019,63900,82300,146200
71006118238,2019,63900,183700,247600
71006118246,2019,42000,229300,271300
71006118254,2019,42000,215600,257600
71006118296,2019,39600,224700,264300
71006119012,2019,34700,203600,238300
71006119020,2019,79400,173300,252700
71006119038,2019,79400,168000,247400
71006119046,2019,79400,140600,220000
71006119054,2019,79400,138800,218200
71006119088,2019,73200,231300,304500
71006119096,2019,20400,190000,210400
71006119103,2019,56500,246700,303200
71006119111,2019,64100,235700,299800
71006119129,2019,64100,236900,301000
71006119145,2019,64100,204100,268200
71006119161,2019,55100,204400,259500
71006119236,2019,34300,191100,225400
71006119252,2019,58700,183300,242000
71006119260,2019,58700,224200,282900
71006119278,2019,36700,206500,243200
71006119286,2019,36700,219200,255900
71006120019,2019,30200,173700,203900
71006120027,2019,49300,183600,232900
71006120035,2019,49400,178900,228300
71006120043,2019,49400,133500,182900
71006120051,2019,49400,214400,263800
71006120077,2019,58700,166800,225500
71006120085,2019,58700,167900,226600
71006120192,2019,51500,174600,226100
71006120209,2019,32200,159900,192100
71006120217,2019,24900,200100,225000
71006120225,2019,31500,193900,225400
71006121025,2019,51400,127000,178400
71006121041,2019,70200,56000,126200
71006121059,2019,70400,65600,136000
71006121067,2019,40200,137800,178000
71006121075,2019,53900,156800,210700
71006121083,2019,53900,172400,226300
71006121091,2019,97800,122500,220300
71006121174,2019,27200,105700,132900
71006122015,2019,35300,134200,169500
71006122023,2019,35300,120900,156200
71006122031,2019,35300,158200,193500
71006122049,2019,35300,144100,179400
71006122057,2019,35600,190600,226200
71006122065,2019,35600,136100,171700
71006122073,2019,35600,115600,151200
71006122081,2019,61500,173700,235200
71006122106,2019,51700,140700,192400
71006122114,2019,95000,57000,152000
71006122130,2019,35300,145900,181200
71006122148,2019,57200,116200,173400
71006122156,2019,57200,113800,171000
71006122164,2019,57200,129700,186900
71006122172,2019,57200,71500,128700
71006122180,2019,57200,100400,157600
71006122198,2019,57200,139600,196800
71006122205,2019,57200,100000,157200
71006122213,2019,57200,178500,235700
71006122221,2019,57200,86000,143200
71006122239,2019,53700,155300,209000
71006122247,2019,50500,199900,250400
71006122255,2019,50300,230900,281200
71006123013,2019,44000,108100,152100
71006123021,2019,44600,126700,171300
71006123047,2019,44600,186200,230800
71006123055,2019,44600,214000,258600
71006123063,2019,44600,193500,238100
71006123089,2019,44600,159600,204200
71006123104,2019,44600,155400,200000
71006123112,2019,44600,199700,244300
71006123120,2019,44600,172000,216600
71006123162,2019,45700,198300,244000
71006123170,2019,37900,129600,167500
71006123188,2019,35300,84500,119800
71006123196,2019,35300,136400,171700
71006123203,2019,35300,134600,169900
71006123211,2019,35300,144900,180200
71006123229,2019,35300,114600,149900
71006123253,2019,108800,135000,243800
71006124011,2019,44400,147200,191600
71006124029,2019,45200,64800,110000
71006124037,2019,43200,181900,225100
71006124053,2019,44600,147300,191900
71006126017,2019,65500,112700,178200
71006126083,2019,64100,140000,204100
71006126091,2019,64100,114900,179000
71006126108,2019,35600,97600,133200
71006126116,2019,36100,132000,168100
71006126124,2019,36600,138300,174900
71006126132,2019,36100,131700,167800
71006126166,2019,52000,97500,149500
71006126174,2019,52000,106600,158600
71006126182,2019,52000,89800,141800
71006126190,2019,52000,67400,119400
71006126207,2019,52000,109000,161000
71006126215,2019,52000,74100,126100
71006126231,2019,35300,119100,154400
71006126249,2019,52000,119300,171300
71006126257,2019,52000,123500,175500
71006126265,2019,52000,129800,181800
71006127015,2019,88100,119300,207400
71006127081,2019,47200,198600,245800
71006127099,2019,46300,111100,157400
71006127106,2019,55500,95800,151300
71006127114,2019,50500,117100,167600
71006127122,2019,54100,167000,221100
71006127130,2019,53900,110400,164300
71006128021,2019,57200,166300,223500
71006128039,2019,57200,139200,196400
71006128047,2019,54100,121000,175100
71006128055,2019,48700,87600,136300
71006128063,2019,51000,141900,192900
71006128071,2019,111500,150200,261700
71006128089,2019,57500,140400,197900
71006128104,2019,127500,116100,243600
71006128112,2019,78100,201200,279300
71006128120,2019,58700,179400,238100
71006128138,2019,51400,149300,200700
71006128146,2019,51400,181500,232900
71006128154,2019,103400,154400,257800
71006128162,2019,58000,217300,275300
71006128170,2019,44400,164300,208700
71006128188,2019,53700,165400,219100
71006128196,2019,55400,180900,236300
71006128203,2019,51400,181300,232700
71006128211,2019,51400,184900,236300
71006128237,2019,47000,164600,211600
71006128245,2019,57500,138900,196400
71006128253,2019,51400,160800,212200
71006128261,2019,51400,158200,209600
71006128279,2019,42500,198000,240500
71006128287,2019,46100,131500,177600
71006128295,2019,48000,156000,204000
71006128310,2019,95300,162700,258000
71006128328,2019,64800,129300,194100
71006128401,2019,45700,132900,178600
71006128419,2019,45700,165100,210800
71006128427,2019,46200,178300,224500
71006128435,2019,46400,201000,247400
71006128443,2019,46400,162000,208400
71006128451,2019,47200,139700,186900
71006128469,2019,47200,164300,211500
71006128485,2019,48000,126900,174900
71006128493,2019,48800,157400,206200
71006128500,2019,48800,157700,206500
71006128518,2019,48800,202900,251700
71006128526,2019,49200,166100,215300
71006128534,2019,49800,107000,156800
71006128568,2019,89600,85300,174900
71006128584,2019,114300,110300,224600
71006129011,2019,47100,117900,165000
71006129029,2019,46300,113700,160000
71006129037,2019,40700,179700,220400
71006129053,2019,42600,111400,154000
71006129061,2019,47500,129900,177400
71006129079,2019,47500,131700,179200
71006129087,2019,47500,155700,203200
71006129095,2019,47500,116400,163900
71006129102,2019,47500,69500,117000
71006129110,2019,47500,89300,136800
71006129128,2019,47500,80800,128300
71006129136,2019,47500,106000,153500
71006129144,2019,47500,108300,155800
71006129160,2019,43300,54900,98200
71006129178,2019,43300,114400,157700
71006129186,2019,43300,76900,120200
71006129194,2019,43300,113100,156400
71006129201,2019,43300,128700,172000
71006129219,2019,43300,83700,127000
71006129227,2019,41300,134200,175500
71006129235,2019,41300,112900,154200
71006129251,2019,42600,199200,241800
71006129269,2019,41700,148500,190200
71006129277,2019,41700,139600,181300
71006129285,2019,44400,177700,222100
71006129293,2019,44400,150100,194500
71006129300,2019,44400,158800,203200
71006129318,2019,44400,105300,149700
71006129326,2019,39500,210100,249600
71006130068,2019,47100,73900,121000
71006130076,2019,47100,129000,176100
71006130084,2019,47100,89900,137000
71006130092,2019,47100,187900,235000
71006130109,2019,52800,102600,155400
71006130117,2019,52800,84800,137600
71006130125,2019,47100,89200,136300
71006130133,2019,47100,66900,114000
71006130141,2019,43300,93900,137200
71006130216,2019,40700,110900,151600
71006130232,2019,40700,168300,209000
71006131016,2019,60600,159500,220100
71006131024,2019,60600,199400,260000
71006131032,2019,60600,183600,244200
71006131040,2019,60600,138100,198700
71006131066,2019,60600,156000,216600
71006131090,2019,94100,106100,200200
71006131107,2019,62600,262400,325000
71006131115,2019,62600,202200,264800
71006131131,2019,65100,175400,240500
71006131149,2019,65100,163700,228800
71006131165,2019,65100,178800,243900
71006131173,2019,65100,156300,221400
71006131199,2019,65100,168300,233400
71006132014,2019,65100,159800,224900
71006132030,2019,65100,232700,297800
71006132048,2019,65100,185700,250800
71006132056,2019,62600,175200,237800
71006132064,2019,62600,189600,252200
71006132072,2019,62600,161800,224400
71006132080,2019,65100,261900,327000
71006132098,2019,65100,158600,223700
71006132105,2019,65100,170900,236000
71006132113,2019,73000,131900,204900
71006132121,2019,60500,147800,208300
71006132139,2019,61400,83600,145000
71006132147,2019,57200,144800,202000
71006132155,2019,57200,101800,159000
71006132163,2019,59700,120300,180000
71006132171,2019,65100,161400,226500
71006132197,2019,65100,233400,298500
71006132204,2019,65100,198900,264000
71006133012,2019,62500,158900,221400
71006133020,2019,63100,127500,190600
71006133038,2019,62900,149000,211900
71006134036,2019,59100,164700,223800
71006134044,2019,46000,182700,228700
71006134052,2019,57800,128800,186600
71006134078,2019,62600,213800,276400
71006134086,2019,63100,179500,242600
71006134094,2019,65400,224600,290000
71006134101,2019,65400,131300,196700
71006134169,2019,59000,121500,180500
71006134177,2019,59000,120200,179200
71006134185,2019,57800,164600,222400
71006134193,2019,57100,94300,151400
71006134250,2019,61400,138800,200200
71006134292,2019,67900,193400,261300
71006204029,2019,67100,94700,161800
71006204045,2019,86700,80500,167200
71006204061,2019,47800,110800,158600
71006204079,2019,50100,97500,147600
71006204087,2019,52100,117200,169300
71006204095,2019,106100,185400,291500
71006204102,2019,56200,101100,157300
71006204110,2019,56600,133400,190000
71006204136,2019,57400,85700,143100
71006204144,2019,56100,116300,172400
71006204152,2019,57400,103100,160500
71006204160,2019,50500,116700,167200
71006204178,2019,49800,117400,167200
71006204186,2019,49000,87300,136300
71006204194,2019,49800,37000,86800
71006204201,2019,52900,53300,106200
71006204219,2019,51400,108900,160300
71006204235,2019,49600,99200,148800
71006204243,2019,48000,110500,158500
71006204251,2019,46700,137100,183800
71006204277,2019,44100,176500,220600
71006204285,2019,42600,135600,178200
71006204293,2019,41600,93400,135000
71006204300,2019,59000,88600,147600
71006204318,2019,38700,154900,193600
71006204326,2019,58200,117600,175800
71006204334,2019,56400,107900,164300
71006204342,2019,58100,136800,194900
71006204350,2019,61300,147500,208800
71006204368,2019,63200,118100,181300
71006204409,2019,54000,149000,203000
71006204417,2019,52100,195000,247100
71006204459,2019,54600,196000,250600
71006205051,2019,56000,126900,182900
71006205069,2019,56000,151000,207000
71006205077,2019,86700,115900,202600
71006205093,2019,44100,105700,149800
71006205100,2019,56000,112400,168400
71006205118,2019,45900,137900,183800
71006205134,2019,45900,85700,131600
71006205142,2019,45900,133400,179300
71006205150,2019,45900,147400,193300
71006205168,2019,102300,72500,174800
71006205192,2019,102300,143700,246000
71006205209,2019,37600,81900,119500
71006205217,2019,22300,150700,173000
71006205225,2019,37600,108200,145800
71006205233,2019,37600,108800,146400
71006205241,2019,37600,157500,195100
71006205259,2019,37600,152800,190400
71006206025,2019,51700,195800,247500
71006206033,2019,51700,206700,258400
71006206059,2019,56000,140600,196600
71006206108,2019,45900,218400,264300
71006206116,2019,45900,193800,239700
71006206158,2019,44400,122700,167100
71006206166,2019,42600,139900,182500
71006206174,2019,52100,136300,188400
71006206182,2019,47600,121700,169300
71006206190,2019,47600,188100,235700
71006206207,2019,47600,119100,166700
71006206223,2019,37600,146800,184400
71006206231,2019,37600,163200,200800
71006206249,2019,37600,128700,166300
71006206257,2019,37600,147800,185400
71006206265,2019,37600,136800,174400
71006206273,2019,37600,153900,191500
71006206299,2019,33200,127100,160300
71006206306,2019,32400,105400,137800
71006207015,2019,40700,171800,212500
71006207023,2019,49800,185500,235300
71006207057,2019,54500,151200,205700
71006207065,2019,57400,103100,160500
71006207073,2019,57400,153700,211100
71006207081,2019,57400,118900,176300
71006207099,2019,61000,135600,196600
71006209011,2019,112700,119800,232500
71006209029,2019,69200,152200,221400
71006209037,2019,69200,146400,215600
71006209045,2019,69200,191700,260900
71006209061,2019,69200,179200,248400
71006209079,2019,66500,157900,224400
71006209087,2019,69200,162400,231600
71006209095,2019,69200,132900,202100
71006209102,2019,69200,117800,187000
71006209110,2019,69200,119600,188800
71006209128,2019,69200,152000,221200
71006209136,2019,69200,153200,222400
71006209144,2019,69200,151600,220800
71006209152,2019,69200,75500,144700
71006209178,2019,28400,185300,213700
71006210034,2019,69200,142700,211900
71006210042,2019,69200,136500,205700
71006210068,2019,69200,94700,163900
71006210076,2019,69200,203600,272800
71006210084,2019,69200,164700,233900
71006210092,2019,69200,41100,110300
71006210109,2019,43600,153700,197300
71006210125,2019,48700,185400,234100
71006210133,2019,117000,50400,167400
71006211016,2019,84900,129300,214200
71006211024,2019,69200,134600,203800
71006211040,2019,69200,143700,212900
71006211058,2019,69200,148800,218000
71006211066,2019,69200,135400,204600
71006211074,2019,69200,185200,254400
71006211082,2019,69200,151400,220600
71006211090,2019,69200,179100,248300
71006211107,2019,69200,171000,240200
71006211115,2019,76300,177600,253900
71006211123,2019,45400,154400,199800
71006211131,2019,69200,242400,311600
71006211149,2019,69200,55000,124200
71006211157,2019,69200,151600,220800
71006211165,2019,69200,155100,224300
71006211173,2019,69200,207900,277100
71006211181,2019,69200,146500,215700
71006211199,2019,103500,69200,172700
71006211214,2019,107600,141700,249300
71006211222,2019,84900,142300,227200
71006212014,2019,69200,169500,238700
71006212022,2019,69200,136700,205900
71006212030,2019,69200,78500,147700
71006212048,2019,69200,130100,199300
71006212056,2019,69200,167300,236500
71006212064,2019,69200,181800,251000
71006212072,2019,69200,219200,288400
71006212098,2019,79400,164000,243400
71006212113,2019,66000,176100,242100
71006212121,2019,44000,151000,195000
71006212139,2019,66000,225700,291700
71006212163,2019,63500,239000,302500
71006212197,2019,38100,183100,221200
71006212212,2019,43700,224600,268300
71006212246,2019,46200,174600,220800
71006213020,2019,66000,267000,333000
71006213038,2019,66000,130800,196800
71006213046,2019,66000,150400,216400
71006213054,2019,66000,126200,192200
71006213062,2019,66000,184700,250700
71006213070,2019,66000,228100,294100
71006213088,2019,66000,186000,252000
71006213111,2019,40500,163000,203500
71006213129,2019,42100,188900,231000
71006213137,2019,39400,172300,211700
71006213145,2019,43600,166700,210300
71006213153,2019,42100,228400,270500
71006213161,2019,43600,194700,238300
71006301122,2019,66000,99800,165800
71006302021,2019,66000,176600,242600
71006302039,2019,66000,119900,185900
71006302047,2019,66000,159900,225900
71006302055,2019,66000,98500,164500
71006302071,2019,47900,295400,343300
71006302097,2019,66000,123900,189900
71006302104,2019,66000,147500,213500
71006302112,2019,66000,167800,233800
71006302120,2019,50800,125100,175900
71006302138,2019,50100,240000,290100
71006302146,2019,50100,249700,299800
71006302154,2019,50100,161300,211400
71006302162,2019,50100,241500,291600
71006302170,2019,55300,179100,234400
71006302188,2019,69200,102400,171600
71006302196,2019,69200,147200,216400
71006302203,2019,69200,99800,169000
71006302229,2019,69200,194500,263700
71006302237,2019,69200,220700,289900
71006302245,2019,69200,164100,233300
71006302253,2019,64500,209300,273800
71006302261,2019,64100,192900,257000
71006302279,2019,36900,173500,210400
71006302287,2019,35500,271600,307100
71006302295,2019,37600,185000,222600
71006302302,2019,37600,150000,187600
71006303011,2019,39800,213000,252800
71006303029,2019,69200,114500,183700
71006303037,2019,69200,156200,225400
71006303045,2019,69200,191400,260600
71006303053,2019,69200,162700,231900
71006303061,2019,69200,197400,266600
71006303079,2019,69200,211600,280800
71006303095,2019,69200,143500,212700
71006303110,2019,69200,213200,282400
71006303128,2019,49300,227000,276300
71006303136,2019,50100,232500,282600
71006303144,2019,50100,210400,260500
71006303152,2019,35400,197400,232800
71006303186,2019,35400,284900,320300
71006303194,2019,69200,218900,288100
71006303201,2019,69200,235600,304800
71006303219,2019,69200,204200,273400
71006303235,2019,69200,161600,230800
71006303243,2019,69200,172900,242100
71006303251,2019,69200,169000,238200
71006303269,2019,69200,156500,225700
71006303277,2019,69200,190200,259400
71006303285,2019,67200,212800,280000
71006303300,2019,27100,172400,199500
71006303318,2019,39900,230700,270600
71006304019,2019,88000,203500,291500
71006304027,2019,88000,314800,402800
71006304035,2019,88000,191300,279300
71006304069,2019,88000,158200,246200
71006304077,2019,88000,244500,332500
71006304093,2019,88000,194800,282800
71006304100,2019,49300,252800,302100
71006304118,2019,50100,215800,265900
71006304126,2019,50100,215300,265400
71006304134,2019,35400,188900,224300
71006304142,2019,51700,223400,275100
71006304150,2019,35400,211600,247000
71006304192,2019,83700,126600,210300
71006304233,2019,83700,186000,269700
71006304241,2019,83700,198800,282500
71006304259,2019,83700,231900,315600
71006304267,2019,83700,145400,229100
71006304275,2019,51500,162100,213600
71006304308,2019,44500,135900,180400
71006304316,2019,42100,162800,204900
71006304324,2019,44500,237300,281800
71006304340,2019,50500,211400,261900
71006305041,2019,55800,153200,209000
71006305059,2019,55800,139300,195100
71006305116,2019,65100,151700,216800
71006305249,2019,59400,265900,325300
71006305265,2019,54200,219400,273600
71006305273,2019,57100,173700,230800
71006305306,2019,62500,211200,273700
71006305314,2019,62400,173800,236200
71006305322,2019,61400,190500,251900
71006305348,2019,60300,175400,235700
71006305380,2019,60900,196500,257400
71006305405,2019,54500,166700,221200
71006305413,2019,57100,165100,222200
71006305421,2019,56300,162500,218800
71006305439,2019,55800,190800,246600
71006305447,2019,59200,198600,257800
71006305463,2019,59000,216000,275000
71006305471,2019,59000,170000,229000
71006305497,2019,57800,243200,301000
71006305504,2019,57600,218100,275700
71006305512,2019,57600,137800,195400
71006305538,2019,54000,206400,260400
71006306015,2019,46200,275300,321500
71006306023,2019,32000,236200,268200
71006306031,2019,32000,248800,280800
71006306049,2019,32000,204900,236900
71006306057,2019,32000,239000,271000
71006306065,2019,32000,225400,257400
71006306073,2019,32000,252100,284100
71006306081,2019,36100,272800,308900
71006306099,2019,39900,260300,300200
71006306106,2019,39900,258400,298300
71006306114,2019,32000,165800,197800
71006306122,2019,35000,209400,244400
71006306130,2019,32600,198200,230800
71006306148,2019,19400,225700,245100
71006306156,2019,32000,217600,249600
71006306164,2019,32000,237900,269900
71006306172,2019,32000,244400,276400
71006306180,2019,46200,223200,269400
71006306213,2019,32000,225000,257000
71006306239,2019,32000,228900,260900
71006306247,2019,32000,234200,266200
71006306263,2019,35400,239600,275000
71006306271,2019,41100,254400,295500
71006306289,2019,38700,229800,268500
71006306297,2019,33000,216200,249200
71006306304,2019,30400,181600,212000
71006306312,2019,30400,154600,185000
71006306320,2019,30400,167500,197900
71006306338,2019,30400,171300,201700
71006306346,2019,30400,185800,216200
71006306354,2019,30400,198700,229100
71006307013,2019,69200,182900,252100
71006307021,2019,69200,248000,317200
71006307047,2019,69200,174800,244000
71006307055,2019,69200,168500,237700
71006307063,2019,69200,75300,144500
71006307071,2019,69200,180500,249700
71006307089,2019,69200,127200,196400
71006307112,2019,39700,202300,242000
71006307120,2019,39600,166000,205600
71006307138,2019,50100,179400,229500
71006307146,2019,30500,197200,227700
71006307154,2019,29600,195000,224600
71006307162,2019,30500,173200,203700
71006307170,2019,69200,214400,283600
71006307196,2019,69200,143700,212900
71006307203,2019,69200,146000,215200
71006307211,2019,69200,213600,282800
71006307229,2019,69200,143000,212200
71006307237,2019,69200,97100,166300
71006307245,2019,69200,129000,198200
71006307253,2019,69200,121800,191000
71006307279,2019,69200,263100,332300
71006307287,2019,50100,208100,258200
71006307295,2019,50100,205500,255600
71006307302,2019,23700,232900,256600
71006308011,2019,66000,137800,203800
71006308037,2019,66000,132600,198600
71006308045,2019,66000,127600,193600
71006308053,2019,66000,166000,232000
71006308061,2019,66000,119900,185900
71006308079,2019,65200,141700,206900
71006308087,2019,66000,155300,221300
71006308095,2019,112700,138200,250900
71006308102,2019,50100,63900,114000
71006308110,2019,50100,163700,213800
71006308128,2019,50100,162100,212200
71006308136,2019,50100,138200,188300
71006308144,2019,49300,236100,285400
71006308152,2019,69200,230400,299600
71006308160,2019,69200,185800,255000
71006308178,2019,69200,128500,197700
71006308194,2019,69200,118700,187900
71006308201,2019,69200,130900,200100
71006308219,2019,69200,114600,183800
71006308227,2019,69200,119200,188400
71006308235,2019,69200,167100,236300
71006308243,2019,47600,155000,202600
71006308251,2019,69200,163800,233000
71006308269,2019,50100,146400,196500
71006308277,2019,69200,247700,316900
71006308293,2019,49300,176600,225900
71006309027,2019,32800,138800,171600
71006309051,2019,45700,121100,166800
71006309069,2019,69200,155600,224800
71006309077,2019,67200,232000,299200
71006309085,2019,69200,151100,220300
71006309093,2019,69200,154800,224000
71006309100,2019,67200,212200,279400
71006309118,2019,69200,128100,197300
71006309126,2019,66500,181000,247500
71006309134,2019,69200,176800,246000
71006309142,2019,69200,146400,215600
71006309150,2019,69200,180100,249300
71006309168,2019,87500,225500,313000
71006310016,2019,69200,168800,238000
71006310024,2019,69200,169200,238400
71006310032,2019,69200,129100,198300
71006310058,2019,69200,131600,200800
71006310066,2019,69200,90100,159300
71006310074,2019,69200,139000,208200
71006310090,2019,69200,212300,281500
71006310107,2019,69200,133400,202600
71006310115,2019,21300,117100,138400
71006310123,2019,19300,178700,198000
71006310131,2019,19700,158300,178000
71006310149,2019,33000,131200,164200
71006310157,2019,33000,179000,212000
71006310165,2019,47200,88000,135200
71006310173,2019,37000,98200,135200
71006310199,2019,69200,107800,177000
71006310206,2019,69200,218700,287900
71006310214,2019,69200,239000,308200
71006310222,2019,69200,128500,197700
71006310230,2019,69200,159600,228800
71006310256,2019,69200,155400,224600
71006310264,2019,69200,158500,227700
71006310272,2019,69200,177800,247000
71006310280,2019,69200,228600,297800
71006310298,2019,39600,148700,188300
71006310305,2019,39900,115200,155100
71006310313,2019,39900,180800,220700
71006310321,2019,39600,189200,228800
71006311014,2019,88000,41900,129900
71006311022,2019,88000,176700,264700
71006311030,2019,88000,154800,242800
71006311048,2019,79400,121400,200800
71006311056,2019,79400,169300,248700
71006311064,2019,76300,169400,245700
71006311072,2019,79400,157000,236400
71006311080,2019,79400,174800,254200
71006311098,2019,40700,153300,194000
71006311105,2019,38700,145300,184000
71006311113,2019,39000,140100,179100
71006311121,2019,39000,148100,187100
71006311171,2019,75600,216900,292500
71006311189,2019,75600,164400,240000
71006311197,2019,75600,146300,221900
71006311204,2019,75600,140800,216400
71006311220,2019,60900,161200,222100
71006311246,2019,60900,150600,211500
71006312012,2019,56300,198100,254400
71006312038,2019,60600,194400,255000
71006312046,2019,60600,143500,204100
71006312054,2019,60600,187500,248100
71006312062,2019,60600,187800,248400
71006312096,2019,60600,173300,233900
71006312103,2019,60600,185800,246400
71006312137,2019,59400,286400,345800
71006312161,2019,59400,257300,316700
71006312195,2019,60600,209200,269800
71006312236,2019,63200,311200,374400
71006312260,2019,63200,260000,323200
71006312301,2019,63200,190200,253400
71006312319,2019,63200,200800,264000
71006312369,2019,63200,224500,287700
71006312377,2019,63200,211900,275100
71006312393,2019,57800,188700,246500
71006312418,2019,57800,258500,316300
71006312426,2019,57300,215700,273000
71006313036,2019,52300,190600,242900
71006313044,2019,59400,234400,293800
71006313052,2019,62000,219700,281700
71006313060,2019,70600,242100,312700
71006401013,2019,65000,72500,137500
71006401021,2019,63200,239400,302600
71006401039,2019,63800,176000,239800
71006401047,2019,65100,181100,246200
71006401055,2019,65100,174500,239600
71006401063,2019,65100,240200,305300
71006401097,2019,59700,248300,308000
71006401104,2019,59700,174600,234300
71006401112,2019,59700,94100,153800
71006401120,2019,65100,176900,242000
71006401138,2019,65100,165000,230100
71006401146,2019,65100,132700,197800
71006401154,2019,65100,160400,225500
71006401162,2019,59700,177300,237000
71006401170,2019,59200,172800,232000
71006401188,2019,62600,168400,231000
71006402011,2019,60300,136300,196600
71006402029,2019,63200,182700,245900
71006402037,2019,63800,325800,389600
71006402045,2019,65100,217800,282900
71006402053,2019,72000,205900,277900
71006402061,2019,62000,173100,235100
71006402087,2019,60600,238600,299200
71006402095,2019,65100,207900,273000
71006402110,2019,65100,261500,326600
71006402144,2019,59400,140400,199800
71006402152,2019,59400,164700,224100
71006403027,2019,62600,169700,232300
71006403035,2019,57800,158500,216300
71006403043,2019,60300,249700,310000
71006403051,2019,62600,224400,287000
71006403077,2019,70300,228500,298800
71006403093,2019,59700,167100,226800
71006403100,2019,59700,189800,249500
71006403118,2019,59700,163900,223600
71006403126,2019,59700,197300,257000
71006403134,2019,57800,222200,280000
71006403142,2019,63400,233100,296500
71006403150,2019,65100,170600,235700
71006403168,2019,62700,286300,349000
71006403176,2019,63200,191100,254300
71006403184,2019,57600,199500,257100
71006404017,2019,67400,159900,227300
71006404025,2019,68000,251600,319600
71006404033,2019,68000,192400,260400
71006404091,2019,66300,376500,442800
71006404158,2019,68000,190200,258200
71006404166,2019,68000,297000,365000
71006404174,2019,68000,288000,356000
71006404190,2019,68000,310200,378200
71006404207,2019,68000,287300,355300
71006404215,2019,68000,172100,240100
71006404223,2019,68000,192800,260800
71006404249,2019,68000,294000,362000
71006404257,2019,68000,282500,350500
71006404273,2019,66300,343700,410000
71006405015,2019,68000,271000,339000
71006405023,2019,68000,169400,237400
71006405031,2019,68000,272600,340600
71006405049,2019,68000,257200,325200
71006405073,2019,68000,306900,374900
71006405081,2019,68000,193800,261800
71006405114,2019,66300,316300,382600
71006405148,2019,68000,315400,383400
71006405172,2019,68000,152100,220100
71006405180,2019,68000,325700,393700
71006405198,2019,68000,201600,269600
71006405205,2019,68000,280800,348800
71006405213,2019,68000,276600,344600
71006405221,2019,68000,276700,344700
71006405239,2019,66600,205900,272500
71006405247,2019,68000,245500,313500
71006405255,2019,68000,281800,349800
71006405263,2019,68000,152900,220900
71006405271,2019,68000,187900,255900
71006406013,2019,62900,137100,200000
71006406021,2019,62900,181600,244500
71006406047,2019,68000,186000,254000
71006406055,2019,68000,245200,313200
71006406063,2019,68000,268500,336500
71006406071,2019,68000,288800,356800
71006406104,2019,68000,236500,304500
71006406112,2019,68000,201000,269000
71006406120,2019,68100,200600,268700
71006406138,2019,67900,139200,207100
71006406146,2019,68000,224800,292800
71006406154,2019,68000,301600,369600
71006406162,2019,68000,340500,408500
71006406170,2019,68000,209400,277400
71006406188,2019,54100,238100,292200
71006406196,2019,68000,167200,235200
71006406203,2019,68000,252000,320000
71006406245,2019,68000,247200,315200
71006406253,2019,68000,223900,291900
71006406261,2019,68000,252400,320400
71006406279,2019,68000,254600,322600
71006407011,2019,68000,242000,310000
71006407037,2019,68000,276000,344000
71006407045,2019,68000,138000,206000
71006407053,2019,68000,258000,326000
71006407079,2019,68000,185200,253200
71006407102,2019,68000,267700,335700
71006407110,2019,68000,222200,290200
71006407128,2019,68000,342100,410100
71006407136,2019,68000,249000,317000
71006407152,2019,62900,244700,307600
71006407160,2019,60900,229400,290300
71006407178,2019,62900,242900,305800
71006407186,2019,68000,297000,365000
71006407194,2019,68000,324500,392500
71006407219,2019,68000,221600,289600
71006407227,2019,68000,196400,264400
71006407235,2019,68000,229200,297200
71006407243,2019,68000,197000,265000
71006407277,2019,68000,217700,285700
71006408035,2019,66300,312300,378600
71006408051,2019,68000,291700,359700
71006408069,2019,68000,264200,332200
71006408085,2019,63400,206100,269500
71006408093,2019,62600,156300,218900
71006408142,2019,62900,210800,273700
71006408192,2019,62900,248800,311700
71006409017,2019,68000,259100,327100
71006409025,2019,68000,237000,305000
71006409033,2019,68000,231900,299900
71006409041,2019,68000,266100,334100
71006409059,2019,68000,232400,300400
71006409067,2019,68000,296200,364200
71006409075,2019,68000,243200,311200
71006409083,2019,68000,264500,332500
71006409116,2019,68000,212600,280600
71006409124,2019,68000,241000,309000
71006409132,2019,68000,282900,350900
71006409158,2019,56200,271700,327900
71006409174,2019,65900,242400,308300
71006409190,2019,68000,301900,369900
71006409207,2019,68000,286300,354300
71006409215,2019,68000,259400,327400
71006409265,2019,68000,285000,353000
71006410014,2019,68000,327800,395800
71006410030,2019,68000,247000,315000
71006410048,2019,68000,221400,289400
71006410064,2019,68000,302500,370500
71006410072,2019,68000,261900,329900
71006410098,2019,68000,287700,355700
71006410105,2019,68000,240200,308200
71006410121,2019,68000,327700,395700
71006410155,2019,68000,268600,336600
71006410163,2019,68000,261000,329000
71006410197,2019,68000,297900,365900
71006410204,2019,68000,307100,375100
71006410212,2019,62900,305100,368000
71006410220,2019,62900,271300,334200
71006410238,2019,62900,261500,324400
71006411020,2019,63400,194400,257800
71006411038,2019,62900,322900,385800
71006412036,2019,60900,187500,248400
71006412127,2019,68000,294500,362500
71006412135,2019,65100,262300,327400
71006412143,2019,67400,358700,426100
71006412151,2019,63200,331700,394900
71006412169,2019,80800,326200,407000
71006412177,2019,68000,313700,381700
71006412185,2019,77700,222900,300600
71006412193,2019,63400,192100,255500
71006412200,2019,65400,301000,366400
71006413026,2019,62400,148800,211200
71006413050,2019,62900,291400,354300
71006414024,2019,51100,159200,210300
71006414040,2019,58700,136900,195600
71006414058,2019,58700,204000,262700
71006414066,2019,58700,214000,272700
71006414230,2019,69400,286300,355700
71006414248,2019,68100,178300,246400
71006414264,2019,68000,269300,337300
71006414280,2019,69400,415400,484800
71006414305,2019,69400,251600,321000
71006416012,2019,65000,199300,264300
71006416062,2019,61000,107600,168600
71006416070,2019,0,0,0
71006416088,2019,52300,149900,202200
71006416096,2019,52300,151500,203800
71006416111,2019,65100,203900,269000
71006416129,2019,55000,302100,357100
71006416137,2019,54400,163800,218200
71006416153,2019,55600,228600,284200
71006416161,2019,54200,203300,257500
71006416179,2019,54500,177100,231600
71006417036,2019,60600,208400,269000
71006417052,2019,60600,139400,200000
71006417060,2019,60600,180300,240900
71006417078,2019,60500,195500,256000
71006417094,2019,60600,209100,269700
71006417101,2019,60600,195300,255900
71006417119,2019,65100,223900,289000
71006417127,2019,60600,274900,335500
71006417177,2019,62900,187100,250000
71006417185,2019,62900,284600,347500
71006417193,2019,66100,279800,345900
71006417226,2019,71100,327700,398800
71006417250,2019,71100,255200,326300
71006417284,2019,71100,303200,374300
71006417292,2019,71100,290700,361800
71006417309,2019,71100,329100,400200
71006417325,2019,72800,295400,368200
71006417333,2019,72800,261800,334600
71006418026,2019,65100,231900,297000
71006418050,2019,63200,284700,347900
71006418068,2019,69400,315600,385000
71006418084,2019,69400,285400,354800
71006419016,2019,61400,195100,256500
71006419024,2019,62400,210200,272600
71006419032,2019,62400,223100,285500
71006419040,2019,65000,330000,395000
71006419058,2019,67000,249800,316800
71006419066,2019,71000,253300,324300
71006419074,2019,63400,217300,280700
71006419082,2019,63200,212200,275400
71006420047,2019,59200,104300,163500
71006420071,2019,58700,200000,258700
71006420104,2019,62600,249400,312000
71006420146,2019,63100,168200,231300
71006420188,2019,65400,235800,301200
71006420196,2019,62500,218100,280600
71006421029,2019,59100,170500,229600
71006421045,2019,49700,173200,222900
71006421087,2019,62600,211300,273900
71006421144,2019,69000,165000,234000
71006421152,2019,68400,185200,253600
71006421178,2019,68000,161700,229700
71006421186,2019,67900,186300,254200
71006421194,2019,67900,179500,247400
71006421201,2019,67900,154500,222400
71006421219,2019,67900,108200,176100
71006421235,2019,58700,260400,319100
71006421251,2019,59700,142700,202400
71006421269,2019,57300,157300,214600
71006421277,2019,50400,129000,179400
71006421285,2019,51300,118700,170000
71006421293,2019,50200,188100,238300
71006421334,2019,49700,243500,293200
71006421342,2019,47600,164300,211900
71006421350,2019,53800,150600,204400
71006421417,2019,57800,297200,355000
71006422100,2019,52300,168600,220900
71006422192,2019,51200,135600,186800
71006423025,2019,57000,162300,219300
71006423033,2019,59900,300600,360500
71006423059,2019,58400,222700,281100
71006423067,2019,79400,199900,279300
71006423075,2019,79400,233000,312400
71006423083,2019,79400,227500,306900
71006423091,2019,79400,185600,265000
71006423108,2019,79400,181300,260700
71006423116,2019,79900,139000,218900
71006423124,2019,59800,153200,213000
71006423132,2019,59800,178600,238400
71006423140,2019,58400,190600,249000
71006423158,2019,56200,185400,241600
71006423166,2019,57000,186000,243000
71006423174,2019,15000,125400,140400
71006423182,2019,34300,159100,193400
71006423207,2019,55300,195800,251100
71006423231,2019,75800,175700,251500
71006423249,2019,75800,168600,244400
71006423273,2019,55300,152400,207700
71006424015,2019,27600,207100,234700
71006424031,2019,30000,272400,302400
71006424049,2019,31200,237800,269000
71006424057,2019,31200,225700,256900
71006424065,2019,31200,184400,215600
71006424073,2019,31200,122900,154100
71006424081,2019,31200,178700,209900
71006424099,2019,70000,132300,202300
71006424106,2019,48700,167000,215700
71006424122,2019,41900,186500,228400
71006425047,2019,78200,201700,279900
71006425063,2019,84100,254000,338100
71006425071,2019,84900,249500,334400
71006425089,2019,94600,274000,368600
71006425097,2019,93200,106800,200000
71006425104,2019,109100,253500,362600
71006425112,2019,90400,264300,354700
71006425120,2019,90400,273000,363400
71006425138,2019,90400,266600,357000
71006425146,2019,90400,165000,255400
71006426061,2019,101100,255100,356200
71006426087,2019,100700,290700,391400
71006426095,2019,81900,227500,309400
71006426102,2019,81800,261300,343100
71006426110,2019,81900,252800,334700
71006427209,2019,100700,274200,374900
71006427225,2019,100700,280500,381200
71006427233,2019,100700,346000,446700
71006427241,2019,101100,366400,467500
71006428033,2019,109100,285600,394700
71006428041,2019,109100,170800,279900
71006428075,2019,89100,349300,438400
71006428091,2019,114800,458500,573300
71006428108,2019,114800,315400,430200
71006428116,2019,114800,221800,336600
71006428124,2019,114800,365900,480700
71006428132,2019,114800,273300,388100
71006428158,2019,114800,276300,391100
71006429015,2019,108000,395700,503700
71006429031,2019,107200,405700,512900
71006429065,2019,108000,378700,486700
71006429073,2019,109100,270700,379800
71006429081,2019,109100,294800,403900
71006429099,2019,109100,237500,346600
71006429106,2019,109100,349900,459000
71006430038,2019,109100,237400,346500
71006430046,2019,109100,247100,356200
71006430054,2019,109100,194600,303700
71006430062,2019,109100,208000,317100
71006430070,2019,101100,72800,173900
71006430088,2019,98100,234200,332300
71006430096,2019,110100,207300,317400
71006430145,2019,109100,234000,343100
71006430161,2019,109100,279400,388500
71006430195,2019,110500,319600,430100
71006430202,2019,109100,245800,354900
71006430210,2019,109100,271300,380400
71006430228,2019,109100,311500,420600
71006431010,2019,98100,322500,420600
71006431028,2019,98100,274300,372400
71006431036,2019,100500,242900,343400
71006431044,2019,110100,245200,355300
71006431078,2019,109100,262100,371200
71006431086,2019,109100,198700,307800
71006431101,2019,109100,251700,360800
71006431119,2019,100500,389000,489500
71006431127,2019,101100,275600,376700
71006431135,2019,102800,324300,427100
71006431151,2019,116700,232200,348900
71006431169,2019,87500,265500,353000
71006431177,2019,104100,401200,505300
71006431185,2019,102400,313400,415800
71006431193,2019,100500,336500,437000
71006431218,2019,90400,399200,489600
71006431226,2019,89100,335900,425000
71006431234,2019,110100,307900,418000
71006432018,2019,110500,381700,492200
71006432050,2019,109100,354000,463100
71006432084,2019,109100,270900,380000
71006432092,2019,109100,317600,426700
71006432109,2019,109100,234100,343200
71006432125,2019,109100,203400,312500
71006432133,2019,110500,330900,441400
71006432141,2019,109100,344400,453500
71006433024,2019,110100,235500,345600
71006433032,2019,110100,327900,438000
71006433040,2019,110100,260700,370800
71006433074,2019,114100,302800,416900
71006433090,2019,110100,256800,366900
71006433107,2019,110100,191500,301600
71006433115,2019,110100,264200,374300
71006433123,2019,110100,230600,340700
71006433131,2019,110100,295600,405700
71006433149,2019,110100,399200,509300
71006434361,2019,62400,181800,244200
71006436010,2019,62000,313100,375100
71006436028,2019,59200,207400,266600
71006436036,2019,57600,203100,260700
71006436044,2019,63800,151700,215500
71007101026,2019,102800,296200,399000
71007101034,2019,102800,289300,392100
71007101042,2019,102800,224700,327500
71007101050,2019,102800,350800,453600
71007101068,2019,102800,218500,321300
71007101084,2019,114800,337000,451800
71007101092,2019,114800,422700,537500
71007101109,2019,114800,273400,388200
71007101117,2019,114800,246200,361000
71007101125,2019,114800,345200,460000
71007101133,2019,114800,205500,320300
71007101141,2019,109100,387000,496100
71007101159,2019,74400,315600,390000
71007101167,2019,120800,317400,438200
71007101175,2019,121800,326700,448500
71007101183,2019,121800,396500,518300
71007101191,2019,120800,415500,536300
71007101208,2019,122900,402300,525200
71007102024,2019,172700,518500,691200
71007102040,2019,136300,474800,611100
71007102066,2019,133900,404300,538200
71007102074,2019,116800,469400,586200
71007103014,2019,98100,320900,419000
71007103022,2019,98100,326400,424500
71007103030,2019,101100,302100,403200
71007103048,2019,100500,331800,432300
71007103056,2019,159300,231000,390300
71007103064,2019,149800,417200,567000
71007103072,2019,144300,295300,439600
71007103080,2019,137500,359400,496900
71007103098,2019,193800,428200,622000
71007103105,2019,105800,357100,462900
71007103113,2019,104100,330600,434700
71007104012,2019,93200,239100,332300
71007104020,2019,94600,237000,331600
71007104046,2019,93200,233200,326400
71007104062,2019,102800,255400,358200
71007104070,2019,102800,379200,482000
71007104088,2019,101100,257700,358800
71007104103,2019,100500,206100,306600
71007104111,2019,101100,354700,455800
71007104129,2019,101100,316200,417300
71007105010,2019,110500,238000,348500
71007105078,2019,100700,258500,359200
71007105151,2019,78200,209600,287800
71007105169,2019,101100,418400,519500
71007105185,2019,122500,246900,369400
71007105200,2019,131100,300000,431100
71007105218,2019,131400,265700,397100
71007105226,2019,137900,378100,516000
71007105234,2019,90400,208900,299300
71007105242,2019,90400,327400,417800
71007105250,2019,87900,423000,510900
71007105268,2019,94600,326700,421300
71007105276,2019,94600,429700,524300
71007105292,2019,78200,338500,416700
71007105309,2019,79800,272000,351800
71007105317,2019,77100,329300,406400
71007105325,2019,78200,261400,339600
71007106018,2019,94100,170900,265000
71007106026,2019,94600,201700,296300
71007106034,2019,93200,234900,328100
71007106068,2019,78200,92400,170600
71007106076,2019,94600,174700,269300
71007106084,2019,102800,276800,379600
71007106092,2019,99100,334400,433500
71007106109,2019,99200,354800,454000
71007106117,2019,101100,278900,380000
71007106125,2019,101100,348700,449800
71007107016,2019,109100,416800,525900
71007107024,2019,110100,398900,509000
71007107032,2019,110100,246100,356200
71007107040,2019,110100,208900,319000
71007107058,2019,114800,228800,343600
71007107066,2019,131400,203000,334400
71007107074,2019,114800,314500,429300
71007107082,2019,96900,303500,400400
71007107090,2019,99200,329100,428300
71007107107,2019,98100,361300,459400
71007107115,2019,100500,292100,392600
71007107123,2019,98100,294600,392700
71007107131,2019,98100,274900,373000
71007107149,2019,98100,239500,337600
71007107157,2019,99200,288900,388100
71007107165,2019,94100,374000,468100
71007107173,2019,94100,309000,403100
71007107181,2019,149800,368400,518200
71007107199,2019,149800,418200,568000
71007107206,2019,154800,426600,581400
71007107214,2019,154800,426600,581400
71007107222,2019,207600,391800,599400
71007107230,2019,154800,349700,504500
71007107248,2019,154800,442500,597300
71007107256,2019,183200,240200,423400
71007107264,2019,217700,394700,612400
71007107272,2019,187000,352700,539700
71007107280,2019,183500,234900,418400
71007107298,2019,176900,273100,450000
71007107305,2019,168100,308900,477000
71007109012,2019,94600,99400,194000
71007109020,2019,93200,248700,341900
71007109038,2019,94600,360400,455000
71007109046,2019,94600,339700,434300
71007109054,2019,93200,299500,392700
71007109062,2019,94100,287800,381900
71007109070,2019,94600,368800,463400
71007109088,2019,94100,340400,434500
71007109096,2019,94100,280400,374500
71007109103,2019,94600,269000,363600
71007109111,2019,90600,320900,411500
71007109129,2019,100500,238400,338900
71007109145,2019,334900,368300,703200
71007109153,2019,147200,337900,485100
71007109161,2019,147200,363800,511000
71007109179,2019,147200,330000,477200
71007109195,2019,213400,577700,791100
71007109202,2019,228000,564700,792700
71007109210,2019,149800,425800,575600
71007109228,2019,149800,451400,601200
71007110019,2019,84900,274600,359500
71007110027,2019,84900,255000,339900
71007110035,2019,87900,281600,369500
71007110043,2019,87500,342400,429900
71007110051,2019,84900,294200,379100
71007110069,2019,84900,265800,350700
71007110077,2019,84900,275600,360500
71007110085,2019,84900,264900,349800
71007110093,2019,84900,244100,329000
71007110100,2019,106000,544000,650000
71007110118,2019,119100,345700,464800
71007110126,2019,168100,526900,695000
71007110134,2019,167000,408600,575600
71007110142,2019,144300,360700,505000
71007110150,2019,144300,430800,575100
71007110168,2019,144300,495700,640000
71007110176,2019,144300,357400,501700
71007110184,2019,144300,480000,624300
71007110192,2019,144300,481200,625500
71007110209,2019,144300,408900,553200
71007110217,2019,144300,305700,450000
71007110225,2019,144300,281500,425800
71007111025,2019,87900,217000,304900
71007111033,2019,84900,272700,357600
71007111041,2019,87900,281100,369000
71007111059,2019,87900,341100,429000
71007111075,2019,87900,232100,320000
71007111091,2019,87900,398200,486100
71007111108,2019,87900,270900,358800
71007111116,2019,87900,292800,380700
71007111124,2019,89900,402800,492700
71007111132,2019,84100,218400,302500
71007111140,2019,81900,333100,415000
71007111158,2019,81900,293100,375000
71007111166,2019,81900,495600,577500
71007111174,2019,64100,215400,279500
71007111182,2019,69500,230500,300000
71007111190,2019,78200,326700,404900
71007111207,2019,87900,398100,486000
71007111215,2019,87900,287000,374900
71007111223,2019,87900,199300,287200
71007111231,2019,87900,266500,354400
71007111249,2019,87900,260500,348400
71007111257,2019,87900,216100,304000
71007111265,2019,87900,320100,408000
71007111273,2019,87900,401000,488900
71007111281,2019,87900,276200,364100
71007111299,2019,76600,295400,372000
71007112015,2019,84200,279400,363600
71007112023,2019,87900,224900,312800
71007112031,2019,78200,264900,343100
71007112049,2019,78200,174400,252600
71007112057,2019,78200,241800,320000
71007112065,2019,84100,285900,370000
71007112073,2019,84100,407500,491600
71007112081,2019,74400,296700,371100
71007112099,2019,87900,243500,331400
71007112106,2019,84900,327800,412700
71007112114,2019,84900,236400,321300
71007112122,2019,84900,242100,327000
71007112130,2019,90400,133300,223700
71007112148,2019,90400,347900,438300
71007112172,2019,131400,458600,590000
71007112180,2019,93200,277200,370400
71007112205,2019,94600,331300,425900
71007112213,2019,94600,301100,395700
71007112221,2019,94600,277100,371700
71007112239,2019,94100,322700,416800
71007112247,2019,90400,295900,386300
71007112255,2019,90400,310200,400600
71007112263,2019,90400,313600,404000
71007112271,2019,90400,362800,453200
71007112289,2019,90400,361600,452000
71007112297,2019,87100,422900,510000
71007112304,2019,87900,321100,409000
71007112312,2019,84100,209500,293600
71007112320,2019,84100,363100,447200
71007112338,2019,87500,340400,427900
71007112346,2019,90400,292600,383000
71007112354,2019,79800,318200,398000
71007113013,2019,69500,289700,359200
71007113021,2019,69500,260900,330400
71007113047,2019,76600,213900,290500
71007113055,2019,75700,266700,342400
71007113063,2019,75700,205300,281000
71007113071,2019,78200,174400,252600
71007113089,2019,79800,283400,363200
71007113097,2019,84100,356700,440800
71007113104,2019,78200,293700,371900
71007113112,2019,81900,314100,396000
71007113120,2019,78200,279400,357600
71007113138,2019,85900,243300,329200
71007113146,2019,90400,426000,516400
71007113154,2019,84900,290400,375300
71007113162,2019,79800,341300,421100
71007113170,2019,69500,256300,325800
71007113188,2019,79800,232200,312000
71007113196,2019,84100,244200,328300
71007113203,2019,84100,257500,341600
71007113245,2019,79800,207700,287500
71007113261,2019,78200,250100,328300
71007113279,2019,79800,166300,246100
71007113287,2019,75700,288700,364400
71007113295,2019,76600,293900,370500
71007113302,2019,75700,263600,339300
71007113310,2019,79800,273400,353200
71007113328,2019,76600,362300,438900
71007113344,2019,76600,249000,325600
71007114045,2019,125900,181000,306900
71007114053,2019,90400,221300,311700
71007114061,2019,90400,364600,455000
71007114087,2019,78200,338600,416800
71007114095,2019,79800,361100,440900
71007114102,2019,75700,326300,402000
71007114110,2019,69200,239800,309000
71007114128,2019,78200,342600,420800
71007114136,2019,79800,315500,395300
71007114144,2019,78200,247900,326100
71007114152,2019,84200,319600,403800
71007114160,2019,99200,289900,389100
71007114178,2019,98100,342800,440900
71007114186,2019,96800,414400,511200
71007114194,2019,90600,332600,423200
71007114201,2019,90400,270000,360400
71007114219,2019,84900,291800,376700
71007114227,2019,70800,268700,339500
71007114235,2019,75700,251400,327100
71007114243,2019,78200,185700,263900
71007115043,2019,81900,266100,348000
71007115051,2019,81900,227300,309200
71007115069,2019,81900,224200,306100
71007115085,2019,84100,263600,347700
71007115118,2019,75700,258800,334500
71007115126,2019,76600,261500,338100
71007115134,2019,76600,146400,223000
71007115142,2019,76600,235900,312500
71007115150,2019,76600,298600,375200
71007115168,2019,76600,213000,289600
71007115184,2019,82600,231300,313900
71007115209,2019,81800,350600,432400
71007115217,2019,95500,234500,330000
71007116017,2019,84100,281100,365200
71007116025,2019,84200,198400,282600
71007116033,2019,84100,284400,368500
71007116041,2019,84200,213900,298100
71007116059,2019,84200,210800,295000
71007116067,2019,84200,210200,294400
71007116075,2019,84200,319000,403200
71007116083,2019,84200,361500,445700
71007116091,2019,84200,204400,288600
71007116108,2019,87900,312600,400500
71007116116,2019,87500,318700,406200
71007116124,2019,90400,285700,376100
71007116132,2019,79800,290500,370300
71007116140,2019,78200,326500,404700
71007116158,2019,81900,298100,380000
71007116166,2019,81900,267600,349500
71007116174,2019,81900,218600,300500
71007116190,2019,98100,346900,445000
71007116207,2019,84900,253500,338400
71007116215,2019,84100,283200,367300
71007116223,2019,84100,233500,317600
71007116231,2019,81800,298300,380100
71007116249,2019,84200,299900,384100
71007116257,2019,84200,292400,376600
71007116265,2019,84100,281600,365700
71007116273,2019,84100,371000,455100
71007116281,2019,84100,153000,237100
71007116299,2019,84200,304900,389100
71007116306,2019,85400,303100,388500
71007116314,2019,75700,334400,410100
71007116322,2019,76600,263900,340500
71007116330,2019,76600,356900,433500
71007116348,2019,75700,308900,384600
71007116356,2019,76600,303900,380500
71007116364,2019,58700,286800,345500
71007117015,2019,61300,134100,195400
71007117023,2019,54200,115800,170000
71007117031,2019,54200,258800,313000
71007117065,2019,69500,274700,344200
71007117073,2019,69500,230500,300000
71007117081,2019,69500,206200,275700
71007117099,2019,69500,284500,354000
71007117114,2019,69500,196700,266200
71007117122,2019,69500,59700,129200
71007117130,2019,69500,59700,129200
71007117148,2019,69500,60200,129700
71007117156,2019,69500,99200,168700
71007117164,2019,69500,146300,215800
71007118013,2019,417900,544800,962700
71007118021,2019,498000,179400,677400
71007118039,2019,446700,279900,726600
71007118047,2019,535300,323300,858600
71007118055,2019,489900,178000,667900
71007118063,2019,489900,163600,653500
71007118071,2019,533500,183400,716900
71007201016,2019,70800,299900,370700
71007201024,2019,101100,366800,467900
71007201032,2019,102800,345500,448300
71007201040,2019,118200,348100,466300
71007201058,2019,118200,404300,522500
71007201066,2019,118200,398700,516900
71007201074,2019,118200,363800,482000
71007201082,2019,118200,333800,452000
71007201090,2019,118200,271200,389400
71007201107,2019,118200,366000,484200
71007201115,2019,118200,304500,422700
71007201123,2019,118200,354000,472200
71007201131,2019,118200,341900,460100
71007201149,2019,118200,332000,450200
71007201157,2019,109100,309900,419000
71007201165,2019,105800,279200,385000
71007201173,2019,81900,250100,332000
71007201181,2019,84200,250600,334800
71007201199,2019,90400,306500,396900
71007201206,2019,90400,393000,483400
71007201214,2019,90400,284800,375200
71007201222,2019,90400,482600,573000
71007201230,2019,90400,327000,417400
71007201248,2019,90400,278300,368700
71007201264,2019,90400,279800,370200
71007201272,2019,90400,319500,409900
71007201298,2019,90400,236500,326900
71007201305,2019,90400,317000,407400
71007201313,2019,90400,261300,351700
71007201321,2019,90400,443200,533600
71007202072,2019,110100,442000,552100
71007202080,2019,110100,371800,481900
71007202113,2019,94600,382500,477100
71007202121,2019,116300,409800,526100
71007202139,2019,70800,330900,401700
71007202147,2019,75700,314200,389900
71007202163,2019,87900,299300,387200
71007202189,2019,87900,397100,485000
71007202197,2019,87900,272100,360000
71007202204,2019,87900,341800,429700
71007202212,2019,87900,227100,315000
71007202220,2019,89000,273200,362200
71007203012,2019,61300,242200,303500
71007203020,2019,61300,282600,343900
71007203038,2019,78200,208600,286800
71007203046,2019,81800,311300,393100
71007203054,2019,84900,313100,398000
71007203062,2019,61300,325200,386500
71007203070,2019,69500,387400,456900
71007203096,2019,81900,402800,484700
71007203103,2019,84100,390900,475000
71007203111,2019,78200,341600,419800
71007203137,2019,87500,230700,318200
71007203145,2019,84100,340900,425000
71007203153,2019,70800,274000,344800
71007203161,2019,70800,257300,328100
71007203179,2019,70800,331600,402400
71007204010,2019,61300,196500,257800
71007204028,2019,54200,311000,365200
71007204036,2019,44200,297800,342000
71007204044,2019,70800,305300,376100
71007204078,2019,64600,210900,275500
71007204086,2019,70800,289800,360600
71007204094,2019,70800,308700,379500
71007204101,2019,70800,284200,355000
71007204119,2019,70800,298300,369100
71007204127,2019,70800,275300,346100
71007204135,2019,70800,339500,410300
71007204143,2019,70800,301800,372600
71007204151,2019,70800,215700,286500
71007204169,2019,70000,367500,437500
71007204177,2019,70800,329700,400500
71007204185,2019,80700,308400,389100
71007204193,2019,66900,228400,295300
71007204200,2019,76600,352500,429100
71007204218,2019,76600,256400,333000
71007204226,2019,54200,174700,228900
71007204234,2019,61300,200700,262000
71007204242,2019,61300,266700,328000
71007205034,2019,66300,151800,218100
71007205042,2019,66800,341600,408400
71007205068,2019,59700,190300,250000
71007205092,2019,59400,247000,306400
71007206016,2019,66800,215700,282500
71007206032,2019,67000,236500,303500
71007206040,2019,65400,160700,226100
71007206058,2019,60300,256700,317000
71007206066,2019,60300,142000,202300
71007206074,2019,60300,258900,319200
71007206082,2019,60900,239700,300600
71007206107,2019,59200,172200,231400
71007206165,2019,56300,152500,208800
71007206173,2019,58700,198600,257300
71007206206,2019,60300,178600,238900
71007206214,2019,60900,228600,289500
71007206222,2019,60300,271200,331500
71007206248,2019,59200,237800,297000
71007206264,2019,59700,234700,294400
71007206305,2019,57100,221400,278500
71007206339,2019,54500,205500,260000
71007206347,2019,57100,112100,169200
71007207064,2019,88600,248800,337400
71007207098,2019,75700,205500,281200
71007207105,2019,67900,194700,262600
71007208012,2019,56200,138800,195000
71007208020,2019,54200,62400,116600
71007208096,2019,69100,99500,168600
71007208103,2019,59400,176800,236200
71007208111,2019,60300,134700,195000
71007208129,2019,60500,242800,303300
71007208153,2019,63400,252000,315400
71007208161,2019,62000,200800,262800
71007208179,2019,63800,151800,215600
71007208195,2019,60300,220900,281200
71007208210,2019,65400,144600,210000
71007208228,2019,65300,147200,212500
71007208236,2019,65000,176300,241300
71007209010,2019,54400,181300,235700
71007209028,2019,57300,138500,195800
71007209036,2019,57800,169600,227400
71007209044,2019,55800,161200,217000
71007209052,2019,55800,178600,234400
71007209060,2019,54500,196600,251100
71007209078,2019,58700,268900,327600
71007209094,2019,55000,154100,209100
71007209101,2019,51700,177000,228700
71007214126,2019,177500,108000,285500
71007214134,2019,174400,72800,247200
71007214142,2019,232800,52700,285500
71007214150,2019,160900,199900,360800
71007214184,2019,201100,83200,284300
71007214209,2019,113300,54300,167600
71007214217,2019,104000,163100,267100
71007214275,2019,183200,58300,241500
71007215017,2019,109400,119500,228900
71007215025,2019,104700,159600,264300
71007215091,2019,69500,98100,167600
71007215207,2019,93000,277000,370000
71007215215,2019,93000,210900,303900
71007215223,2019,88600,295500,384100
71007215231,2019,82700,219700,302400
71007215249,2019,82100,221900,304000
71007215257,2019,83500,219200,302700
71007215265,2019,84000,225000,309000
71007215273,2019,99200,199200,298400
71007215299,2019,99200,238700,337900
71007215306,2019,99200,228100,327300
71007215314,2019,99200,182100,281300
71007215322,2019,99200,199600,298800
71007215330,2019,99200,215800,315000
71007215380,2019,95200,298200,393400
71007215398,2019,90600,254500,345100
71007215439,2019,87200,232700,319900
71007216031,2019,106200,240100,346300
71007216049,2019,106100,136800,242900
71007216057,2019,105300,144700,250000
71007216065,2019,111800,132900,244700
71007216106,2019,87400,192600,280000
71007216180,2019,79200,155800,235000
71007216198,2019,88700,208500,297200
71007216247,2019,90600,187700,278300
71007216255,2019,90600,241700,332300
71007218029,2019,129400,343800,473200
71007218037,2019,126400,311700,438100
71007218053,2019,106400,383000,489400
71007218061,2019,120100,346400,466500
71007218079,2019,104700,251200,355900
71007218087,2019,128100,207700,335800
71007218095,2019,115300,313700,429000
71007218102,2019,126400,236900,363300
71007218110,2019,126400,360200,486600
71007218128,2019,126400,338900,465300
71007218136,2019,126400,338600,465000
71007218144,2019,144800,334100,478900
71007218178,2019,150200,371800,522000
71007218186,2019,161200,298100,459300
71007219019,2019,126400,327700,454100
71007219027,2019,126400,358400,484800
71007219051,2019,126400,313500,439900
71007219069,2019,126400,343200,469600
71007219085,2019,126400,323300,449700
71007219093,2019,126400,243100,369500
71007219100,2019,121100,267500,388600
71007219118,2019,111300,217700,329000
71007219126,2019,116000,242200,358200
71007219134,2019,116000,209300,325300
71007219142,2019,132100,250800,382900
71007219150,2019,132100,222200,354300
71007219176,2019,136300,327100,463400
71007219184,2019,136300,322800,459100
71007219209,2019,136300,360400,496700
71007219217,2019,136300,360700,497000
71007219225,2019,133400,346600,480000
71007219233,2019,133400,301600,435000
71007219241,2019,129400,358900,488300
71007219259,2019,133400,229900,363300
71007219267,2019,111900,328800,440700
71007219275,2019,119900,331400,451300
71007219283,2019,106400,315500,421900
71007219291,2019,128100,256900,385000
71007219308,2019,115900,273700,389600
71007220016,2019,179700,279900,459600
71007220032,2019,120300,275400,395700
71007220040,2019,120300,377700,498000
71007220066,2019,120300,242500,362800
71007220074,2019,120300,273300,393600
71007220082,2019,120300,290700,411000
71007220090,2019,115300,268300,383600
71007220107,2019,120300,218400,338700
71007220115,2019,120300,276500,396800
71007220123,2019,115300,99400,214700
71007220131,2019,133400,319200,452600
71007220149,2019,124400,304300,428700
71007220173,2019,86700,265800,352500
71007220181,2019,96600,282700,379300
71007220199,2019,92800,251200,344000
71007220206,2019,92800,269600,362400
71007220214,2019,126400,164600,291000
71007220222,2019,126400,228800,355200
71007220256,2019,116100,265300,381400
71007220264,2019,126400,219800,346200
71007220272,2019,126400,282500,408900
71007220305,2019,126400,339600,466000
71007220321,2019,126400,277000,403400
71007220355,2019,108600,293000,401600
71007220363,2019,126400,365600,492000
71007221030,2019,121100,277700,398800
71007221048,2019,112900,378600,491500
71007221056,2019,114900,188300,303200
71007221072,2019,115900,257100,373000
71007221080,2019,115900,303100,419000
71007221098,2019,205900,343500,549400
71007221121,2019,114900,316200,431100
71007221139,2019,124500,262600,387100
71007221155,2019,127600,293000,420600
71007221163,2019,124500,335400,459900
71007221171,2019,123600,411400,535000
71007222012,2019,380600,385200,765800
71007222020,2019,431400,338400,769800
71007222038,2019,503800,414000,917800
71007222046,2019,492000,162500,654500
71007222054,2019,391400,334600,726000
71007222070,2019,596500,235200,831700
71007222096,2019,389300,468700,858000
71007222129,2019,438700,276300,715000
71007222137,2019,415600,447900,863500
71007222145,2019,438700,237000,675700
71007222153,2019,359700,536300,896000
71007222161,2019,340600,349400,690000
71007222179,2019,438700,243100,681800
71007222187,2019,442800,177300,620100
71007222195,2019,108700,268300,377000
71007222202,2019,324400,248800,573200
71007223010,2019,85600,285500,371100
71007223028,2019,86500,236100,322600
71007223036,2019,93000,314200,407200
71007223052,2019,99200,339300,438500
71007223060,2019,99200,401800,501000
71007223078,2019,99200,385700,484900
71007223094,2019,172000,215800,387800
71007223101,2019,99200,275500,374700
71007223127,2019,99200,280400,379600
71007223143,2019,99200,294800,394000
71007223151,2019,99200,208200,307400
71007223177,2019,83500,312300,395800
71007223193,2019,83500,311400,394900
71007223200,2019,90300,212100,302400
71007223226,2019,100600,356400,457000
71007223234,2019,75800,317800,393600
71007223242,2019,95200,274500,369700
71007223284,2019,94500,361100,455600
71007223292,2019,150500,399800,550300
71007223309,2019,94500,285800,380300
71007223317,2019,94500,270800,365300
71007223341,2019,83500,301500,385000
71007223359,2019,83500,307500,391000
71007223367,2019,86500,298500,385000
71007223375,2019,86500,278000,364500
71007223383,2019,93000,261300,354300
71007223391,2019,83600,173900,257500
71007224068,2019,97800,299700,397500
71007224084,2019,53200,176100,229300
71007224208,2019,124400,412600,537000
71007224232,2019,113000,150800,263800
71007224315,2019,95200,385000,480200
71007224331,2019,99200,245900,345100
71007224349,2019,91500,254600,346100
71007224357,2019,91500,354100,445600
71007224365,2019,89800,215600,305400
71007225016,2019,97900,172700,270600
71007225024,2019,105200,184000,289200
71007225032,2019,99200,88800,188000
71007225040,2019,99200,114800,214000
71007225058,2019,99200,138700,237900
71007225066,2019,99200,381600,480800
71007225074,2019,99200,137500,236700
71007225082,2019,99200,124000,223200
71007225090,2019,99200,151400,250600
71007225107,2019,99200,210800,310000
71007225115,2019,99200,150800,250000
71007225123,2019,99200,165800,265000
71007225131,2019,99200,243100,342300
71007225157,2019,82700,147000,229700
71007225230,2019,119600,91100,210700
71007226022,2019,77800,124200,202000
71007226030,2019,93000,109000,202000
71007226064,2019,89600,217700,307300
71007226072,2019,0,0,0
71007226105,2019,0,0,0
71007226121,2019,86500,182800,269300
71007226139,2019,89600,140400,230000
71007226147,2019,86500,190700,277200
71007226171,2019,89600,125400,215000
71007226189,2019,89600,157400,247000
71007226197,2019,89600,125500,215100
71007226204,2019,89600,140500,230100
71007226303,2019,86500,130500,217000
71007226311,2019,86900,136400,223300
71007226337,2019,81100,167900,249000
71007226353,2019,97900,185900,283800
71007226379,2019,84600,217400,302000
71007226387,2019,85600,122200,207800
71007226395,2019,84500,180500,265000
71007226410,2019,86500,133700,220200
71007226428,2019,86500,178900,265400
71007226436,2019,85600,90400,176000
71007226444,2019,86500,149900,236400
71007226452,2019,86500,86700,173200
71007228010,2019,99200,120000,219200
71007228028,2019,99200,144200,243400
71007228036,2019,99200,167900,267100
71007228044,2019,99200,161900,261100
71007228060,2019,94200,206600,300800
71007228143,2019,86500,199100,285600
71007228151,2019,87200,132700,219900
71007228341,2019,83600,169500,253100
71007228375,2019,83600,0,83600
71007301048,2019,376800,288800,665600
71007301080,2019,505800,270900,776700
71007301105,2019,371000,609000,980000
71007302012,2019,103300,296800,400100
71007302020,2019,103300,301700,405000
71007302038,2019,163500,338000,501500
71007302088,2019,205000,494000,699000
71007302103,2019,112900,302700,415600
71007302111,2019,104000,306100,410100
71007302145,2019,113100,305100,418200
71007302153,2019,108300,242500,350800
71007302161,2019,160900,419100,580000
71007302195,2019,111900,369000,480900
71007303010,2019,115300,319200,434500
71007303036,2019,108700,314500,423200
71007303052,2019,172000,278600,450600
71007303060,2019,115300,316700,432000
71007303094,2019,115300,273800,389100
71007303101,2019,115300,275100,390400
71007303127,2019,108700,141300,250000
71007303135,2019,86700,263800,350500
71007303185,2019,171900,392700,564600
71007303218,2019,120300,147900,268200
71007303250,2019,108700,309800,418500
71007303268,2019,120300,288100,408400
71007303317,2019,120300,343600,463900
71007303325,2019,91500,118000,209500
71007303333,2019,91500,164300,255800
71007303341,2019,96000,244100,340100
71007303359,2019,101200,277100,378300
71007304026,2019,96100,188200,284300
71007304068,2019,95600,290900,386500
71007304125,2019,96100,223300,319400
71007304175,2019,88600,444600,533200
71007304183,2019,80200,360500,440700
71007304191,2019,105300,360900,466200
71007304208,2019,105300,280300,385600
71007304216,2019,95200,286700,381900
71007304224,2019,95200,232100,327300
71007304232,2019,105300,335100,440400
71007304258,2019,111400,429200,540600
71007304266,2019,122600,341300,463900
71007304331,2019,87400,359700,447100
71007304349,2019,88700,386300,475000
71007305040,2019,0,0,0
71007305082,2019,108700,247700,356400
71007305090,2019,108700,146300,255000
71007305131,2019,120300,220400,340700
71007305149,2019,101500,300900,402400
71007305157,2019,108300,376500,484800
71007305165,2019,104700,365700,470400
71007305173,2019,119100,305000,424100
71007305199,2019,172400,377600,550000
71007305206,2019,106400,285900,392300
71007305214,2019,120300,163800,284100
71007305222,2019,120300,282600,402900
71007305280,2019,120300,270700,391000
71007305298,2019,120300,276600,396900
71007305305,2019,179700,279500,459200
71007305313,2019,128100,398900,527000
71007305347,2019,91500,170900,262400
71007306014,2019,425200,320600,745800
71007306022,2019,376000,293200,669200
71007306030,2019,373700,251900,625600
71007306163,2019,343500,191300,534800
71007306262,2019,585900,265800,851700
71007306379,2019,606900,582800,1189700
71007307012,2019,304300,227900,532200
71007307020,2019,304300,187100,491400
71007307038,2019,308900,187000,495900
71007307046,2019,397400,236100,633500
71007307103,2019,682300,281900,964200
71007307145,2019,411400,377900,789300
71007307153,2019,407900,404200,812100
71007307179,2019,417800,523700,941500
71007309018,2019,106700,181800,288500
71007309042,2019,96100,128400,224500
71007309050,2019,96100,325000,421100
71007309076,2019,91100,299400,390500
71007309117,2019,95600,255400,351000
71007309133,2019,96100,55900,152000
71007309167,2019,200000,335000,535000
71007309175,2019,150000,423200,573200
71007309183,2019,128500,342700,471200
71007309191,2019,128500,361500,490000
71007309208,2019,128500,390100,518600
71007309232,2019,128500,379400,507900
71007309240,2019,105300,385200,490500
71007309258,2019,110700,302700,413400
71007309274,2019,128500,455500,584000
71007309282,2019,96500,496500,593000
71007309290,2019,88900,304900,393800
71007310023,2019,459500,211900,671400
71007310031,2019,430500,168100,598600
71007310049,2019,450300,274900,725200
71007310057,2019,394900,182400,577300
71007310255,2019,541100,310700,851800
71007313027,2019,189600,334600,524200
71007313043,2019,126400,413600,540000
71007313085,2019,114900,402300,517200
71007313093,2019,136300,301100,437400
71007313134,2019,109200,390800,500000
71007313142,2019,115900,351600,467500
71007313150,2019,106600,573400,680000
71007314017,2019,112900,337100,450000
71007314025,2019,112900,310700,423600
71007314041,2019,112900,373200,486100
71007315015,2019,140000,376200,516200
71007315023,2019,153100,349800,502900
71007315065,2019,113000,397000,510000
71007315073,2019,123500,311400,434900
71007315081,2019,123500,325600,449100
71007315106,2019,99200,370600,469800
71007315122,2019,172100,290100,462200
71007315156,2019,143600,401500,545100
71007315164,2019,93800,342000,435800
71008102015,2019,42800,219400,262200
71008102023,2019,38000,136100,174100
71008102031,2019,38000,130000,168000
71008102049,2019,38000,140000,178000
71008102057,2019,38000,148300,186300
71008102065,2019,43200,155000,198200
71008102073,2019,43200,143300,186500
71008102081,2019,43200,135100,178300
71008102099,2019,44200,128600,172800
71008102106,2019,43200,170100,213300
71008102114,2019,43900,148900,192800
71008102122,2019,43200,201300,244500
71008102130,2019,43900,166300,210200
71008102148,2019,60300,177500,237800
71008102156,2019,62600,140800,203400
71008102164,2019,60500,168600,229100
71008102172,2019,36400,206000,242400
71008102180,2019,36400,169600,206000
71008102198,2019,38000,132600,170600
71008102205,2019,37500,175300,212800
71008102213,2019,37500,178700,216200
71008102221,2019,37500,177700,215200
71008102239,2019,40700,172300,213000
71008102247,2019,54800,236700,291500
71008102255,2019,37500,103000,140500
71008102271,2019,71800,133900,205700
71008103055,2019,40400,221500,261900
71008103063,2019,40400,161900,202300
71008103071,2019,40400,127300,167700
71008103089,2019,46800,132600,179400
71008104011,2019,41300,188900,230200
71008104029,2019,43200,213000,256200
71008104037,2019,38600,162900,201500
71008104045,2019,40900,171700,212600
71008104053,2019,46200,177800,224000
71008104061,2019,43200,142800,186000
71008104079,2019,41100,162100,203200
71008104087,2019,40900,189100,230000
71008104095,2019,52300,206700,259000
71008104102,2019,54100,159700,213800
71008105019,2019,43200,144700,187900
71008105027,2019,38000,168600,206600
71008105035,2019,38400,161600,200000
71008105043,2019,38000,168300,206300
71008105051,2019,70600,152100,222700
71008105077,2019,38000,199300,237300
71008105085,2019,38400,173100,211500
71008105093,2019,38000,159900,197900
71008105126,2019,40400,176300,216700
71008105134,2019,40700,167000,207700
71008105142,2019,40400,175100,215500
71008105150,2019,40400,241500,281900
71008105168,2019,38600,271500,310100
71008105176,2019,40400,175400,215800
71008106017,2019,52000,176400,228400
71008106025,2019,45900,135100,181000
71008106033,2019,45900,152600,198500
71008106041,2019,45100,169900,215000
71008106059,2019,45900,152500,198400
71008106067,2019,45100,148600,193700
71008106075,2019,45900,155600,201500
71008106083,2019,46800,160700,207500
71008106091,2019,38000,184000,222000
71008106108,2019,38000,195000,233000
71008106116,2019,38400,181300,219700
71008106124,2019,50300,226300,276600
71008106132,2019,43200,207400,250600
71008106140,2019,40900,252600,293500
71008106158,2019,43900,201300,245200
71008106166,2019,63300,170600,233900
71008106174,2019,45900,209300,255200
71008106182,2019,45900,262000,307900
71008106190,2019,46100,169100,215200
71008106207,2019,44300,320700,365000
71009104010,2019,53100,186700,239800
71009104028,2019,54100,152700,206800
71009104036,2019,54100,155900,210000
71009104044,2019,54100,167800,221900
71009104052,2019,54100,170700,224800
71009104060,2019,54100,161800,215900
71009104078,2019,54100,140900,195000
71009104086,2019,54100,144500,198600
71009104094,2019,54100,137400,191500
71009104101,2019,54100,142600,196700
71009104119,2019,58900,143000,201900
71009104127,2019,58500,154100,212600
71009104135,2019,59300,141600,200900
71009104143,2019,54100,128600,182700
71009104151,2019,58900,89800,148700
71009104169,2019,54100,190900,245000
71009104177,2019,54100,151400,205500
71009104185,2019,54100,133900,188000
71009104193,2019,54100,130200,184300
71009104200,2019,54100,137000,191100
71009104218,2019,54100,139000,193100
71009104226,2019,54100,142500,196600
71009104234,2019,54100,149100,203200
71009107014,2019,56900,166700,223600
71009107022,2019,57200,159200,216400
71009107030,2019,57200,153000,210200
71009107048,2019,57200,148000,205200
71009107056,2019,57200,148900,206100
71009107064,2019,57200,184600,241800
71009107072,2019,57200,161000,218200
71009107080,2019,57200,161800,219000
71009107098,2019,57200,146400,203600
71009107105,2019,57200,178200,235400
71009107113,2019,57200,172000,229200
71009107121,2019,57900,146300,204200
71009107139,2019,51900,176900,228800
71009107147,2019,54100,135900,190000
71009107155,2019,54100,136500,190600
71009107163,2019,54600,163900,218500
71009107171,2019,54100,120100,174200
71009107189,2019,54100,169800,223900
71009107197,2019,54100,171300,225400
71009107204,2019,54100,164200,218300
71009107212,2019,54100,169000,223100
71009107220,2019,50500,140500,191000
71009107238,2019,54100,157500,211600
71009107246,2019,54100,156400,210500
71009107254,2019,53100,131500,184600
71009108012,2019,46100,182100,228200
71009108020,2019,46400,155700,202100
71009108038,2019,45100,182500,227600
71009108046,2019,46100,140700,186800
71009108054,2019,45100,177700,222800
71009108062,2019,45100,141000,186100
71009108070,2019,45100,141900,187000
71009108088,2019,45100,123800,168900
71009108096,2019,48300,175300,223600
71009108103,2019,56400,145700,202100
71009108111,2019,57900,180500,238400
71009108129,2019,70100,137400,207500
71009108137,2019,63600,143500,207100
71009108145,2019,57200,139000,196200
71009108153,2019,57200,153300,210500
71009108161,2019,57200,158200,215400
71009108179,2019,57200,160800,218000
71009108187,2019,57200,185500,242700
71009108195,2019,57200,140900,198100
71009108202,2019,57200,158100,215300
71009108210,2019,57200,179500,236700
71009108228,2019,57200,132100,189300
71009108236,2019,57200,134600,191800
71009108244,2019,56900,140100,197000
71009201014,2019,52000,193300,245300
71009201022,2019,50700,122600,173300
71009201030,2019,50800,168100,218900
71009201048,2019,65100,117300,182400
71009201056,2019,65100,156500,221600
71009201064,2019,51500,95800,147300
71009201072,2019,51900,154500,206400
71009201080,2019,51500,165800,217300
71009201098,2019,50700,167400,218100
71009201105,2019,0,0,0
71009201113,2019,50800,143000,193800
71009201121,2019,50800,144500,195300
71009201139,2019,51900,149400,201300
71009201147,2019,50800,228900,279700
71009201155,2019,50800,138600,189400
71009201163,2019,65100,163000,228100
71009201171,2019,65100,156900,222000
71009202012,2019,65100,155000,220100
71009202020,2019,65100,156900,222000
71009202038,2019,65600,120900,186500
71009202046,2019,65600,144100,209700
71009202054,2019,51900,121200,173100
71009202062,2019,51500,164500,216000
71009202070,2019,51900,112900,164800
71009202088,2019,50800,180600,231400
71009202096,2019,50700,126400,177100
71009202103,2019,51500,147300,198800
71009202111,2019,51900,139200,191100
71009202129,2019,50800,140400,191200
71009202137,2019,50800,128700,179500
71009202145,2019,51500,129300,180800
71009202153,2019,51900,100700,152600
71009202161,2019,51900,130600,182500
71009202179,2019,51500,134500,186000
71009202187,2019,51500,129100,180600
71009202195,2019,50500,149500,200000
71009202202,2019,51500,142100,193600
71009203010,2019,50100,172700,222800
71009203028,2019,50800,184000,234800
71009203036,2019,48400,181900,230300
71009203044,2019,48300,152000,200300
71009203052,2019,48300,132200,180500
71009203060,2019,48300,131100,179400
71009203078,2019,48300,208200,256500
71009203086,2019,48400,201600,250000
71009203094,2019,78300,143400,221700
71009204018,2019,47900,147300,195200
71009204026,2019,48000,139300,187300
71009204034,2019,48000,227600,275600
71009204042,2019,48000,142300,190300
71009204050,2019,48000,167900,215900
71009204068,2019,48000,147400,195400
71009204076,2019,48000,139800,187800
71009204084,2019,48000,188000,236000
71009204092,2019,48000,189700,237700
71009204109,2019,47900,135100,183000
71009204117,2019,50500,176300,226800
71009204125,2019,50500,129000,179500
71009204133,2019,51500,192200,243700
71009204141,2019,50100,137500,187600
71009204159,2019,50800,199900,250700
71009204167,2019,47900,172600,220500
71009204175,2019,48000,171000,219000
71009204183,2019,47900,123300,171200
71009204191,2019,48000,157400,205400
71009204208,2019,48000,185000,233000
71009204216,2019,45100,156200,201300
71009204224,2019,45100,175700,220800
71009204232,2019,46100,146700,192800
71009204240,2019,45100,151100,196200
71009204258,2019,45100,144600,189700
71009206014,2019,72700,127300,200000
71009206030,2019,38400,232100,270500
71009206048,2019,38000,177800,215800
71009206056,2019,38000,148200,186200
71009206064,2019,38000,227000,265000
71009206072,2019,38000,177000,215000
71009206080,2019,38000,172200,210200
71009206098,2019,38400,132200,170600
71009206105,2019,38000,131500,169500
71009206113,2019,38000,138300,176300
71009206121,2019,43200,156800,200000
71009206139,2019,40700,125700,166400
71009207012,2019,57200,141700,198900
71009207020,2019,45100,150900,196000
71009207038,2019,50800,118400,169200
71009207046,2019,50100,158700,208800
71009207054,2019,50800,183000,233800
71009207062,2019,50100,86100,136200
71009207070,2019,50700,189000,239700
71009207088,2019,48000,162300,210300
71009207096,2019,48000,141900,189900
71009207103,2019,75400,178000,253400
71009207129,2019,48000,177000,225000
71009207137,2019,52500,272500,325000
71009208028,2019,48400,152800,201200
71009208036,2019,48300,142300,190600
71009208044,2019,48000,136800,184800
71009208052,2019,49200,113300,162500
71009208060,2019,48400,168600,217000
71009208078,2019,48300,132800,181100
71009208086,2019,51900,107800,159700
71009208094,2019,50500,169700,220200
71009208101,2019,73600,164600,238200
71009209018,2019,83100,172200,255300
71009209026,2019,65600,130500,196100
71009209034,2019,65100,164700,229800
71009209042,2019,65600,150000,215600
71009209050,2019,63400,160500,223900
71009209068,2019,65100,150500,215600
71009209076,2019,68200,128500,196700
71009209084,2019,51500,116100,167600
71009209092,2019,50800,181900,232700
71009209109,2019,65100,134500,199600
71009209117,2019,65100,193000,258100
71009209125,2019,50800,164700,215500
71009209133,2019,50700,94300,145000
71009209141,2019,50800,162400,213200
71009209167,2019,51900,136200,188100
71009209175,2019,51500,199000,250500
71009210015,2019,65100,142700,207800
71009210023,2019,65100,133700,198800
71009210031,2019,65100,135400,200500
71009210049,2019,65100,151200,216300
71009210057,2019,65100,214800,279900
71009210065,2019,65100,121000,186100
71009210073,2019,49300,190500,239800
71009210081,2019,83100,142400,225500
71009210099,2019,65600,172700,238300
71009210106,2019,65600,120500,186100
71009210114,2019,83100,124300,207400
71009210122,2019,65100,139200,204300
71009210130,2019,65100,123100,188200
71009211013,2019,54700,165300,220000
71009211021,2019,54700,152900,207600
71009211039,2019,54700,149500,204200
71009211047,2019,54700,143200,197900
71009211055,2019,54700,147600,202300
71009211063,2019,56100,133300,189400
71009211071,2019,54700,127300,182000
71009211089,2019,54700,141400,196100
71009211097,2019,57100,142300,199400
71009211104,2019,51500,175400,226900
71009211112,2019,65100,138100,203200
71009211120,2019,65100,198500,263600
71009211138,2019,65100,189900,255000
71009211146,2019,65600,224400,290000
71009211154,2019,65100,179900,245000
71009211162,2019,65600,172200,237800
71009212011,2019,62200,124300,186500
71009212029,2019,58900,135300,194200
71009212037,2019,58500,145700,204200
71009212045,2019,50800,166300,217100
71009212053,2019,50700,153600,204300
71009212061,2019,51900,144500,196400
71009212079,2019,51500,155400,206900
71009212087,2019,50800,127200,178000
71009212095,2019,50500,176800,227300
71009212102,2019,51500,205500,257000
71009212110,2019,65600,117300,182900
71009212128,2019,65100,184400,249500
71009212136,2019,65100,137000,202100
71009212144,2019,65600,145800,211400
71009212152,2019,51500,212500,264000
71009212160,2019,51500,177200,228700
71009212178,2019,50700,188100,238800
71009212186,2019,51500,170000,221500
71009212194,2019,51500,172000,223500
71009213019,2019,51900,148600,200500
71009213027,2019,51900,119500,171400
71009213035,2019,50800,154100,204900
71009213043,2019,51900,157900,209800
71009213051,2019,51500,189100,240600
71009213069,2019,51500,159700,211200
71009213077,2019,51500,129300,180800
71009213085,2019,51900,162000,213900
71009213093,2019,52000,152200,204200
71009213100,2019,49900,156200,206100
71009213118,2019,49700,170900,220600
71009213126,2019,50800,158800,209600
71009213134,2019,51900,162400,214300
71009213142,2019,50800,119000,169800
71009213150,2019,51900,170700,222600
71009213168,2019,51500,171500,223000
71009213176,2019,51500,151200,202700
71009213184,2019,50800,132500,183300
71009213192,2019,51500,164400,215900
71009213209,2019,51500,168400,219900
71009214017,2019,62300,172100,234400
71009214025,2019,61000,215900,276900
71009214033,2019,51500,188600,240100
71009214041,2019,50500,122000,172500
71009214059,2019,49300,140000,189300
71009214067,2019,49200,161900,211100
71009214075,2019,50100,140900,191000
71009214083,2019,51900,181700,233600
71009214091,2019,51900,160600,212500
71009214108,2019,50800,123900,174700
71009214116,2019,50800,143200,194000
71009214124,2019,50700,147200,197900
71009214132,2019,51500,149700,201200
71009214140,2019,60700,121400,182100
71009214158,2019,57200,158100,215300
71009214166,2019,45100,153700,198800
71009214174,2019,57200,147600,204800
71009214182,2019,54100,142600,196700
71009214190,2019,51900,154400,206300
71009214207,2019,50700,118900,169600
71009214215,2019,51900,156700,208600
71009214223,2019,50100,154400,204500
71009214231,2019,51900,198300,250200
71009214257,2019,50800,152400,203200
71009214265,2019,50700,169400,220100
71009214273,2019,50100,200600,250700
71009214281,2019,50100,159500,209600
71009214299,2019,50800,196000,246800
71009214306,2019,50700,177200,227900
71009214314,2019,50100,144000,194100
71009214322,2019,51500,138100,189600
71009214330,2019,51500,142000,193500
71009214348,2019,50500,182500,233000
71009214356,2019,50500,122900,173400
71009214364,2019,50700,132300,183000
71009214372,2019,54100,209400,263500
71009214380,2019,57000,144200,201200
71009214398,2019,58500,132900,191400
71009214405,2019,62700,120200,182900
71009214413,2019,50700,115700,166400
71009214421,2019,50700,120900,171600
71009214439,2019,58500,144200,202700
71009214447,2019,58500,167600,226100
71009214455,2019,48400,175800,224200
71009214463,2019,48300,120900,169200
71009214471,2019,48300,111500,159800
71009214489,2019,48300,125500,173800
71009215023,2019,42700,166000,208700
71009215031,2019,42700,151800,194500
71009215049,2019,44200,155500,199700
71009215065,2019,60300,205300,265600
71009215073,2019,42700,124500,167200
71009215081,2019,48800,145000,193800
71009215099,2019,45100,167300,212400
71009215106,2019,44300,172300,216600
71009215114,2019,44800,156900,201700
71009215122,2019,44200,137500,181700
71009215130,2019,44800,143100,187900
71009215148,2019,44300,163100,207400
71009215156,2019,44800,200000,244800
71009215164,2019,47300,128400,175700
71009215172,2019,51000,128900,179900
71009216013,2019,46800,173200,220000
71009216021,2019,46800,122700,169500
71009216039,2019,46100,172200,218300
71009216047,2019,45900,147200,193100
71009216055,2019,55700,135000,190700
71009216063,2019,52000,127200,179200
71009216071,2019,50300,171700,222000
71009216089,2019,45900,190900,236800
71009216097,2019,45900,151900,197800
71009216104,2019,45900,161100,207000
71009216112,2019,45900,152500,198400
71009216120,2019,50300,187200,237500
71009216138,2019,47300,132100,179400
71009216146,2019,45900,131700,177600
71009216154,2019,46200,134300,180500
71009216162,2019,45100,141900,187000
71009216170,2019,45900,186100,232000
71009216188,2019,46100,133000,179100
71009216196,2019,46800,123600,170400
71009216203,2019,46800,129500,176300
71009217045,2019,43900,185600,229500
71009217053,2019,40700,131100,171800
71009217061,2019,38800,130900,169700
71009217079,2019,40700,157500,198200
71009217087,2019,40400,164800,205200
71009217095,2019,37500,130900,168400
71009217102,2019,37500,134500,172000
71009217110,2019,38000,212000,250000
71009217128,2019,52000,135200,187200
71009217136,2019,52000,218500,270500
71009217144,2019,52300,164000,216300
71009217152,2019,46800,171500,218300
71009217160,2019,46100,138400,184500
71009217178,2019,46100,155400,201500
71009217186,2019,45900,139300,185200
71009217194,2019,46800,169400,216200
71009217201,2019,50300,135800,186100
71009217219,2019,50300,140300,190600
71009217227,2019,50300,152000,202300
71009217235,2019,47200,110000,157200
71009217243,2019,60000,139600,199600
71009217376,2019,65500,0,65500
71009217409,2019,65500,0,65500
71009217441,2019,65500,164900,230400
71009218077,2019,54800,170900,225700
71009218085,2019,47300,141200,188500
71009218093,2019,45900,159400,205300
71009218100,2019,45100,148200,193300
71009218118,2019,45900,148300,194200
71009218126,2019,45900,164500,210400
71009218134,2019,45900,138200,184100
71009218142,2019,45100,159800,204900
71009218150,2019,45900,127000,172900
71009218168,2019,45900,159800,205700
71009218176,2019,50300,142800,193100
71009218184,2019,45100,213300,258400
71009218192,2019,45900,192400,238300
71009218209,2019,45100,161700,206800
71009218217,2019,45900,129300,175200
71009218225,2019,45100,166100,211200
71009218233,2019,45900,187100,233000
71009218241,2019,45900,185800,231700
71009218259,2019,45900,146400,192300
71009218267,2019,45100,151000,196100
71009218275,2019,45100,147100,192200
71009218283,2019,42700,169300,212000
71009218291,2019,50300,201300,251600
71009218308,2019,50300,134700,185000
71009218324,2019,52000,177100,229100
71009219017,2019,44800,156700,201500
71009219025,2019,46800,127800,174600
71009219033,2019,45100,147700,192800
71009219041,2019,45900,158000,203900
71009219059,2019,45100,155100,200200
71009219067,2019,45900,160600,206500
71009219075,2019,45900,231000,276900
71009219083,2019,46200,180100,226300
71009219091,2019,48600,165200,213800
71009219108,2019,51000,139900,190900
71009219116,2019,50300,180100,230400
71009219124,2019,46800,133900,180700
71009219132,2019,50300,138700,189000
71009219140,2019,46800,186500,233300
71009219158,2019,47300,156200,203500
71009219166,2019,46800,155200,202000
71009219174,2019,50300,210300,260600
71009219182,2019,45900,143600,189500
71009219190,2019,45900,161800,207700
71009219207,2019,50300,154400,204700
71009219215,2019,52100,174900,227000
71009219223,2019,44300,142200,186500
71009219231,2019,40700,184300,225000
71009219249,2019,41100,168100,209200
71009219257,2019,41100,177300,218400
71009219265,2019,40900,149500,190400
71009219273,2019,40900,164200,205100
71009220022,2019,38000,129700,167700
71009220030,2019,38000,143800,181800
71009220048,2019,55700,97800,153500
71009220056,2019,38000,119700,157700
71009220064,2019,38000,102000,140000
71009220072,2019,38000,154400,192400
71009220080,2019,38000,192200,230200
71009220098,2019,38000,144700,182700
71009220105,2019,38000,188400,226400
71009220113,2019,38000,206100,244100
71009220121,2019,38000,144700,182700
71009220139,2019,38000,192500,230500
71009220147,2019,38000,190700,228700
71009220155,2019,38000,153200,191200
71009220163,2019,37700,197300,235000
71009220171,2019,64500,178200,242700
71009220220,2019,25300,183600,208900
71009220238,2019,25100,214200,239300
71009221012,2019,44300,156700,201000
71009221020,2019,38000,149200,187200
71009221038,2019,43200,193600,236800
71009221046,2019,43200,151400,194600
71009221054,2019,41600,195000,236600
71009221062,2019,56400,60200,116600
71009221070,2019,57100,194900,252000
71009221088,2019,57100,65100,122200
71009221103,2019,46100,123400,169500
71009221111,2019,38400,137900,176300
71009221129,2019,38000,149000,187000
71009221137,2019,38000,149900,187900
71009221145,2019,38000,133200,171200
71009221153,2019,38000,141200,179200
71009221161,2019,43200,152500,195700
71009221179,2019,42700,162600,205300
71009221187,2019,42700,202400,245100
71009221195,2019,43900,174900,218800
71009221202,2019,41300,197400,238700
71009222010,2019,41300,139700,181000
71009222028,2019,45900,135100,181000
71009222036,2019,45900,153700,199600
71009222044,2019,45900,178600,224500
71009222052,2019,45900,176400,222300
71009222060,2019,45900,197100,243000
71009222078,2019,45900,182200,228100
71009222086,2019,50300,194200,244500
71009222094,2019,45900,154200,200100
71009222101,2019,46800,190300,237100
71009222119,2019,54800,190400,245200
71009222127,2019,45900,190800,236700
71009222135,2019,45900,167400,213300
71009222143,2019,45900,180400,226300
71009222151,2019,45900,176400,222300
71009222169,2019,45900,178000,223900
71009222177,2019,45900,140600,186500
71009222185,2019,48800,141700,190500
71009222193,2019,40400,119600,160000
71009222200,2019,40900,100400,141300
71009222218,2019,40700,174900,215600
71009222226,2019,40700,169900,210600
71009223018,2019,45900,192800,238700
71009223026,2019,41300,151900,193200
71009223034,2019,45900,144400,190300
71009223042,2019,45100,174700,219800
71009223050,2019,45900,171400,217300
71009223068,2019,45900,116800,162700
71009223076,2019,41100,190300,231400
71009223084,2019,45900,132600,178500
71009223092,2019,55700,156400,212100
71009223191,2019,51000,155000,206000
71009223208,2019,35900,60000,95900
71009223216,2019,45900,167000,212900
71009223224,2019,45100,189000,234100
71009223232,2019,45100,194300,239400
71009223240,2019,45900,166800,212700
71009223258,2019,45100,176700,221800
71009223266,2019,45900,188800,234700
71009223274,2019,45100,194700,239800
71009223282,2019,45100,181500,226600
71009224016,2019,44800,350500,395300
71009224024,2019,40900,132800,173700
71009224032,2019,44800,131900,176700
71009224040,2019,44300,180800,225100
71009224058,2019,44800,142400,187200
71009224115,2019,52300,180500,232800
71009224123,2019,40700,169400,210100
71009224131,2019,45900,219700,265600
71009224149,2019,45100,151100,196200
71009224157,2019,45100,154900,200000
71009224165,2019,45900,191400,237300
71009224173,2019,45900,146000,191900
71009224181,2019,45100,198200,243300
71009225121,2019,65500,0,65500
71009225147,2019,67500,258900,326400
71009225155,2019,69500,181700,251200
71009225163,2019,69500,0,69500
71009225189,2019,69500,100400,169900
71009226062,2019,62500,215900,278400
71009226244,2019,62000,0,62000
71009301012,2019,68700,107300,176000
71009301020,2019,68600,121000,189600
71009301038,2019,68600,163400,232000
71009301046,2019,68600,6400,75000
71009301054,2019,68600,109700,178300
71009301062,2019,68600,139400,208000
71009301070,2019,64300,137400,201700
71009301088,2019,64200,133300,197500
71009301096,2019,64200,112800,177000
71009301103,2019,64500,163500,228000
71009301195,2019,68000,95000,163000
71009302010,2019,68100,225700,293800
71009302028,2019,68100,127000,195100
71009302036,2019,68100,139000,207100
71009302044,2019,68200,117200,185400
71009302052,2019,68200,118000,186200
71009303092,2019,65500,119100,184600
71009303109,2019,68100,136700,204800
71009304024,2019,67800,137800,205600
71009304032,2019,67700,138600,206300
71009304040,2019,67100,112900,180000
71009304074,2019,68800,147400,216200
71009304082,2019,69600,145400,215000
71009304115,2019,67200,133600,200800
71009304123,2019,67200,131300,198500
71009304131,2019,67600,143700,211300
71009304149,2019,67900,126800,194700
71009304157,2019,68200,105200,173400
71009304165,2019,68400,122700,191100
71009304173,2019,68900,148700,217600
71009305014,2019,66800,88200,155000
71009305022,2019,68800,117200,186000
71009305030,2019,68800,139200,208000
71009305048,2019,68800,136200,205000
71009305056,2019,68700,121300,190000
71009305064,2019,68700,78700,147400
71009305072,2019,68900,131400,200300
71009305080,2019,69100,136800,205900
71009305098,2019,68800,143800,212600
71009305105,2019,69000,158200,227200
71009305121,2019,68800,121300,190100
71009305139,2019,68800,103700,172500
71009305147,2019,68800,101200,170000
71009305155,2019,69100,137300,206400
71009305163,2019,70300,137900,208200
71009306012,2019,66900,128600,195500
71009306020,2019,68800,106900,175700
71009306038,2019,68800,101100,169900
71009306046,2019,69000,129000,198000
71009306054,2019,69300,100700,170000
71009306062,2019,69400,151800,221200
71009306070,2019,69100,160500,229600
71009306088,2019,66600,152100,218700
71009306096,2019,67800,147700,215500
71009306103,2019,68800,163500,232300
71009306111,2019,68800,96800,165600
71009306129,2019,68700,130300,199000
71009306137,2019,68700,145100,213800
71009306145,2019,68800,101700,170500
71009306153,2019,69200,124300,193500
71009307010,2019,66700,83300,150000
71009307028,2019,69100,193000,262100
71009307036,2019,75800,165000,240800
71009307052,2019,68900,162100,231000
71009307060,2019,64000,135400,199400
71009307078,2019,70700,133300,204000
71009307086,2019,68800,140600,209400
71009307094,2019,67200,147300,214500
71009307101,2019,74000,124500,198500
71009308018,2019,71000,110000,181000
71009308026,2019,71000,109800,180800
71009308034,2019,66000,150700,216700
71009308042,2019,68800,121200,190000
71009308050,2019,68800,155500,224300
71009308068,2019,68800,135200,204000
71009308076,2019,68800,127000,195800
71009308084,2019,68800,101200,170000
71009308092,2019,68900,143900,212800
71009308117,2019,67000,163700,230700
71009308125,2019,66300,121700,188000
71009308133,2019,66000,173700,239700
71009308141,2019,66000,130000,196000
71009308159,2019,66000,153300,219300
71009308167,2019,68800,141800,210600
71009308175,2019,68800,113700,182500
71009308183,2019,68500,121800,190300
71009308191,2019,55900,139100,195000
71009308208,2019,66400,138800,205200
71009309016,2019,68800,123200,192000
71009309024,2019,68400,126600,195000
71009309032,2019,68300,105400,173700
71009309040,2019,68600,119400,188000
71009309058,2019,68400,144100,212500
71009309066,2019,61700,123700,185400
71009309074,2019,71400,115900,187300
71009309082,2019,69100,129900,199000
71009309090,2019,69300,90700,160000
71009309107,2019,69200,148900,218100
71009309115,2019,62800,98200,161000
71009309123,2019,62300,164700,227000
71009309131,2019,62300,115500,177800
71009310013,2019,68800,134000,202800
71009310021,2019,68800,99100,167900
71009310039,2019,68800,106300,175100
71009310047,2019,68800,153200,222000
71009310055,2019,68700,162300,231000
71009310063,2019,68800,135800,204600
71009310071,2019,69400,148400,217800
71009310089,2019,59800,138200,198000
71009310097,2019,68800,148900,217700
71009310104,2019,69100,117400,186500
71009310112,2019,69100,86200,155300
71009310120,2019,68900,121200,190100
71009310138,2019,68800,188800,257600
71009310146,2019,68800,130600,199400
71009310154,2019,68800,99400,168200
71009311011,2019,68800,159200,228000
71009311029,2019,68800,129400,198200
71009311037,2019,68800,106000,174800
71009311045,2019,68800,134100,202900
71009311053,2019,68400,116400,184800
71009311061,2019,68400,152200,220600
71009311079,2019,68800,134100,202900
71009311087,2019,72500,177500,250000
71009311095,2019,69400,139800,209200
71009311102,2019,67100,140600,207700
71009311110,2019,69100,156900,226000
71009311128,2019,69000,147000,216000
71009311136,2019,68700,163300,232000
71009311144,2019,68800,172300,241100
71009311152,2019,68800,120900,189700
71009311160,2019,68800,106000,174800
71009311178,2019,68800,128700,197500
71009312019,2019,68800,172900,241700
71009312027,2019,68800,172200,241000
71009312035,2019,68800,115400,184200
71009312043,2019,68800,165000,233800
71009312051,2019,68800,193200,262000
71009312069,2019,68800,154600,223400
71009312077,2019,69200,147600,216800
71009312085,2019,69800,167800,237600
71009312093,2019,70300,191800,262100
71009312100,2019,68800,200000,268800
71009312118,2019,72000,199700,271700
71009312126,2019,68800,144400,213200
71009312134,2019,68800,131900,200700
71009312142,2019,68800,123100,191900
71009312150,2019,68800,177800,246600
71009312168,2019,68800,141400,210200
71009312176,2019,68800,98000,166800
71009312184,2019,68800,109800,178600
71009312192,2019,68800,130700,199500
71009312209,2019,68800,103300,172100
71009313033,2019,0,0,0
71009313041,2019,106400,127400,233800
71009313059,2019,106400,181100,287500
71009313075,2019,106400,198500,304900
71009313083,2019,106400,145700,252100
71009313091,2019,105800,93900,199700
71009313108,2019,106000,223600,329600
71009313116,2019,105500,139500,245000
71009313124,2019,67000,175700,242700
71009313132,2019,107800,186700,294500
71009313140,2019,143400,336600,480000
71009313158,2019,117700,147300,265000
71009313166,2019,107000,174200,281200
71009313174,2019,65300,131900,197200
71009313182,2019,107300,205000,312300
71009313190,2019,107000,111000,218000
71009313215,2019,69300,188000,257300
71009313223,2019,66500,242000,308500
71009313231,2019,68100,200200,268300
71009314015,2019,66800,121600,188400
71009314023,2019,66800,142400,209200
71009314031,2019,66800,139100,205900
71009314049,2019,66800,176500,243300
71009314057,2019,66800,144500,211300
71009314073,2019,66800,141200,208000
71009314081,2019,66800,133200,200000
71009314099,2019,66800,102700,169500
71009314106,2019,66800,98900,165700
71009314114,2019,66800,148200,215000
71009314122,2019,0,0,0
71009315013,2019,64100,119000,183100
71009315021,2019,68800,61200,130000
71009315039,2019,68800,94700,163500
71009315047,2019,68800,114700,183500
71009315055,2019,68800,206200,275000
71009315063,2019,68800,151200,220000
71009315071,2019,68800,96700,165500
71009315089,2019,68700,144800,213500
71009315097,2019,68700,123500,192200
71009315104,2019,68800,161600,230400
71009315112,2019,68800,92200,161000
71009315120,2019,68800,117100,185900
71009315138,2019,68800,132900,201700
71009315146,2019,68800,149500,218300
71009315154,2019,68800,125700,194500
71009315162,2019,64100,176300,240400
71009316011,2019,64100,203400,267500
71009316029,2019,68800,191200,260000
71009316037,2019,68800,159500,228300
71009316045,2019,68800,181700,250500
71009316053,2019,68800,119600,188400
71009316061,2019,68800,156200,225000
71009316079,2019,68800,163300,232100
71009316087,2019,68700,189700,258400
71009316095,2019,68700,96900,165600
71009316102,2019,68800,89200,158000
71009316110,2019,68800,143400,212200
71009316128,2019,68800,156500,225300
71009316136,2019,68800,148900,217700
71009316144,2019,68800,162600,231400
71009316152,2019,67900,140400,208300
71009316160,2019,66000,144500,210500
71009317019,2019,69500,161700,231200
71009317027,2019,62300,87200,149500
71009317035,2019,68800,103100,171900
71009317043,2019,68800,140200,209000
71009317051,2019,68800,99400,168200
71009317069,2019,68800,115300,184100
71009317077,2019,68800,147100,215900
71009317085,2019,68700,122300,191000
71009317093,2019,67500,150500,218000
71009317100,2019,68800,168300,237100
71009317118,2019,68800,108200,177000
71009317126,2019,68800,162500,231300
71009317134,2019,68800,189700,258500
71009317142,2019,68800,144200,213000
71009317150,2019,66800,159900,226700
71009317168,2019,67100,103100,170200
71009318017,2019,68700,125300,194000
71009318025,2019,68800,115700,184500
71009318033,2019,68800,145900,214700
71009318041,2019,68800,191200,260000
71009318059,2019,68800,137300,206100
71009318067,2019,68800,128200,197000
71009318075,2019,68800,123500,192300
71009318083,2019,64100,90600,154700
71009318091,2019,67500,142000,209500
71009318108,2019,66000,70000,136000
71009318116,2019,67200,104200,171400
71009318124,2019,64400,139700,204100
71009318132,2019,64400,135600,200000
71009318140,2019,64400,140600,205000
71009318158,2019,64300,163400,227700
71009318166,2019,66500,110600,177100
71009318174,2019,66300,163700,230000
71009318182,2019,66600,141400,208000
71009318190,2019,62400,119900,182300
71009318207,2019,68800,108300,177100
71009318215,2019,72300,113900,186200
71009318223,2019,68800,135000,203800
71009318231,2019,68800,188500,257300
71009318249,2019,68800,132600,201400
71009318257,2019,68700,157300,226000
71009319015,2019,68700,126700,195400
71009319023,2019,69800,149400,219200
71009319031,2019,67500,203000,270500
71009319049,2019,68800,139500,208300
71009319057,2019,68800,155400,224200
71009319065,2019,68800,108300,177100
71009319073,2019,73000,139500,212500
71009319081,2019,69400,161900,231300
71009319099,2019,68800,124400,193200
71009319106,2019,68800,181200,250000
71009319114,2019,68800,123200,192000
71009319122,2019,68800,90700,159500
71009319130,2019,68800,123200,192000
71009319148,2019,68800,155500,224300
71009319156,2019,68800,128300,197100
71009319164,2019,68700,151500,220200
71009320012,2019,69700,133200,202900
71009320020,2019,69300,148600,217900
71009320038,2019,68600,181400,250000
71009320046,2019,65900,132100,198000
71009320054,2019,66200,163800,230000
71009320062,2019,65800,162700,228500
71009320070,2019,67400,155500,222900
71009320088,2019,68800,148700,217500
71009320096,2019,68800,145700,214500
71009320103,2019,68800,133000,201800
71009320111,2019,68700,141000,209700
71009320129,2019,68700,123000,191700
71009320137,2019,68800,147900,216700
71009320145,2019,66000,97300,163300
71009320153,2019,69500,114100,183600
71009320161,2019,73500,146500,220000
71009320179,2019,58500,91000,149500
71009320187,2019,64800,84700,149500
71009320195,2019,0,0,0
71009320202,2019,63300,105800,169100
71009320210,2019,63300,101200,164500
71009320228,2019,63200,106900,170100
71009320244,2019,68300,111800,180100
71009320252,2019,66300,102200,168500
71009320260,2019,58100,129500,187600
71009320278,2019,60000,117000,177000
71009320286,2019,67800,157200,225000
71009320294,2019,69800,164300,234100
71009320301,2019,66900,109300,176200
71009320319,2019,63000,78500,141500
71009320327,2019,71700,164900,236600
71009400921,2019,72200,92300,164500
71009401036,2019,63300,107800,171100
71009401044,2019,63300,103700,167000
71009401052,2019,63300,117500,180800
71009401060,2019,63300,138700,202000
71009401078,2019,62400,125700,188100
71009403024,2019,61500,79400,140900
71009403032,2019,61500,151500,213000
71009403040,2019,61500,82000,143500
71009403058,2019,61200,135800,197000
71009403066,2019,61500,176700,238200
71009403074,2019,61500,118000,179500
71009403082,2019,64200,125300,189500
71009403090,2019,63900,151500,215400
71009403107,2019,63900,106800,170700
71009403115,2019,64100,95400,159500
71009403123,2019,65200,106400,171600
71009403131,2019,65300,134600,199900
71009403149,2019,65300,117100,182400
71009403157,2019,65300,94700,160000
71009404014,2019,66700,131900,198600
71009404022,2019,63300,91700,155000
71009404030,2019,63300,97900,161200
71009404048,2019,63300,86700,150000
71009404056,2019,63300,123200,186500
71009404064,2019,63300,115800,179100
71009404072,2019,63200,58800,122000
71009404080,2019,63200,99800,163000
71009404098,2019,63300,160200,223500
71009404105,2019,63300,131700,195000
71009404113,2019,63300,161300,224600
71009404121,2019,63300,99900,163200
71009404139,2019,63300,115000,178300
71009404147,2019,66700,133300,200000
71009405012,2019,66700,111000,177700
71009405020,2019,63300,138200,201500
71009405038,2019,63300,121700,185000
71009405046,2019,63300,128400,191700
71009405054,2019,63300,115600,178900
71009405062,2019,63200,137800,201000
71009405070,2019,63300,129200,192500
71009405088,2019,63300,93500,156800
71009405096,2019,63200,142400,205600
71009405103,2019,63300,97700,161000
71009405111,2019,63300,144200,207500
71009405129,2019,63300,44200,107500
71009405137,2019,63300,146700,210000
71009405145,2019,66700,107200,173900
71009406010,2019,61200,87800,149000
71009406028,2019,61500,147500,209000
71009406036,2019,61500,125200,186700
71009406044,2019,62400,137600,200000
71009406052,2019,64200,136300,200500
71009406060,2019,66000,100700,166700
71009406078,2019,66900,143000,209900
71009406086,2019,67800,125000,192800
71009406094,2019,68700,136300,205000
71009406101,2019,66700,140100,206800
71009406119,2019,63300,122900,186200
71009406127,2019,63300,149100,212400
71009406135,2019,63300,146700,210000
71009406143,2019,63300,138900,202200
71009406151,2019,63300,104600,167900
71009406169,2019,63200,168900,232100
71009406177,2019,60200,153500,213700
71009406185,2019,61600,104000,165600
71009406193,2019,70000,103600,173600
71009406200,2019,68300,123000,191300
71009406218,2019,67000,133000,200000
71009406226,2019,66500,155200,221700
71009406234,2019,66400,141900,208300
71009406242,2019,66200,113900,180100
71009406250,2019,65700,134300,200000
71009406268,2019,67200,155200,222400
71009407018,2019,69000,104600,173600
71009407026,2019,69600,37400,107000
71009407034,2019,60300,120800,181100
71009407042,2019,60200,135400,195600
71009407050,2019,67600,158600,226200
71009407068,2019,68300,134200,202500
71009407076,2019,61900,161500,223400
71009407084,2019,58000,158500,216500
71009407092,2019,71000,155700,226700
71009407109,2019,61000,126300,187300
71009407117,2019,66100,123900,190000
71009407125,2019,62800,139100,201900
71009407133,2019,64700,133900,198600
71009407141,2019,72000,157100,229100
71009407159,2019,62600,142100,204700
71009407167,2019,62100,111200,173300
71009407175,2019,62400,126800,189200
71009407183,2019,62100,127600,189700
71009407191,2019,61500,159100,220600
71009407208,2019,62100,95700,157800
71009407216,2019,61600,131300,192900
71009407224,2019,63700,103900,167600
71009407232,2019,61900,121200,183100
71009407240,2019,63200,100800,164000
71009407258,2019,63200,142700,205900
71009408016,2019,61900,99100,161000
71009408024,2019,65500,111300,176800
71009408032,2019,66000,110100,176100
71009408040,2019,66000,124200,190200
71009408058,2019,65900,109100,175000
71009408066,2019,65700,176600,242300
71009408074,2019,65400,113200,178600
71009408082,2019,65300,159700,225000
71009408090,2019,65400,128600,194000
71009408107,2019,65700,140000,205700
71009408115,2019,67300,109600,176900
71009408123,2019,68300,150200,218500
71009408131,2019,66100,143700,209800
71009408149,2019,64100,158200,222300
71009408157,2019,66000,135500,201500
71009408165,2019,66000,143000,209000
71009408173,2019,66000,101900,167900
71009408181,2019,74500,153400,227900
71009408199,2019,66000,95000,161000
71009408206,2019,65100,127200,192300
71009408214,2019,61300,145700,207000
71009409014,2019,68700,133900,202600
71009409022,2019,68500,136500,205000
71009409030,2019,70900,175100,246000
71009409048,2019,68500,101600,170100
71009409056,2019,67000,114100,181100
71009409064,2019,67000,128000,195000
71009409072,2019,64100,131700,195800
71009409080,2019,63900,128000,191900
71009409098,2019,60000,153300,213300
71009409105,2019,60000,126000,186000
71009409113,2019,60600,139400,200000
71009409121,2019,65500,122500,188000
71009409139,2019,65200,167900,233100
71009409147,2019,66500,131300,197800
71009409155,2019,66200,81600,147800
71009409163,2019,65700,134200,199900
71009409171,2019,61800,159800,221600
71009409189,2019,53800,0,53800
71009409197,2019,61600,159100,220700
71009410011,2019,65100,116600,181700
71009410029,2019,65300,103400,168700
71009410037,2019,65300,100000,165300
71009410045,2019,65300,133300,198600
71009410053,2019,65200,149100,214300
71009410061,2019,65800,100400,166200
71009410079,2019,65000,127500,192500
71009410087,2019,65300,145100,210400
71009410095,2019,67100,141100,208200
71009410102,2019,62200,147100,209300
71009411019,2019,63200,139100,202300
71009411027,2019,65800,174200,240000
71009411035,2019,63700,148800,212500
71009411043,2019,62900,112000,174900
71009411051,2019,63900,132600,196500
71009411069,2019,63700,98800,162500
71009411077,2019,62700,127800,190500
71009411085,2019,63800,133900,197700
71009411093,2019,64400,132600,197000
71009411100,2019,64800,115200,180000
71009411118,2019,64900,146700,211600
71009411126,2019,65000,137700,202700
71009411134,2019,61400,111600,173000
71009411142,2019,63900,135700,199600
71009411150,2019,62500,127300,189800
71009411168,2019,63900,82700,146600
71009411176,2019,72500,131500,204000
71009411184,2019,58600,107500,166100
71009411192,2019,60500,109200,169700
71009411209,2019,61600,88600,150200
71009411217,2019,62000,167400,229400
71009411225,2019,63300,137200,200500
71009411233,2019,63700,149900,213600
71009411241,2019,63800,101200,165000
71009411259,2019,64000,119000,183000
71009411267,2019,63800,97200,161000
71009411275,2019,63600,123300,186900
71009411283,2019,63700,129400,193100
71009411291,2019,62700,102300,165000
71009411308,2019,62900,100800,163700
71009411316,2019,62500,94600,157100
71009412017,2019,72800,62200,135000
71009412025,2019,69400,75600,145000
71009412033,2019,63500,50000,113500
71009412041,2019,63500,110500,174000
71009412059,2019,63500,50000,113500
71009412067,2019,63500,96400,159900
71009412075,2019,63500,130600,194100
71009412083,2019,63500,98500,162000
71009412091,2019,63500,124500,188000
71009412108,2019,63500,94400,157900
71009412116,2019,63500,128900,192400
71009412124,2019,63500,39000,102500
71009412132,2019,63500,95000,158500
71009412140,2019,63500,112500,176000
71009412158,2019,63500,147100,210600
71009412174,2019,63400,56600,120000
71009412182,2019,97100,150200,247300
71009412190,2019,94600,135400,230000
71009412207,2019,177000,118000,295000
71009412215,2019,75200,141900,217100
71009412223,2019,73800,187100,260900
71009412231,2019,66900,122500,189400
71009413015,2019,68600,155200,223800
71009413023,2019,63300,107000,170300
71009413031,2019,63300,131400,194700
71009413049,2019,63300,155900,219200
71009413057,2019,63300,124700,188000
71009413065,2019,63300,141300,204600
71009413073,2019,63300,144400,207700
71009413081,2019,63300,120200,183500
71009413099,2019,63300,116500,179800
71009413106,2019,63300,128100,191400
71009413114,2019,63200,110800,174000
71009413122,2019,63200,148600,211800
71009413130,2019,63300,151800,215100
71009413148,2019,63300,135100,198400
71009413156,2019,63300,140400,203700
71009413164,2019,63300,77700,141000
71009413172,2019,63300,101100,164400
71009413180,2019,63300,143700,207000
71009413198,2019,63300,91700,155000
71009413205,2019,63300,119100,182400
71009413213,2019,63300,120400,183700
71009413221,2019,63300,135100,198400
71009413239,2019,63300,94700,158000
71009413247,2019,61800,122700,184500
71009413255,2019,55100,89800,144900
71009414013,2019,63100,134000,197100
71009414021,2019,62400,88300,150700
71009414039,2019,62600,132100,194700
71009414047,2019,60900,170300,231200
71009414055,2019,34000,99400,133400
71009415011,2019,65100,115900,181000
71009415029,2019,65100,124000,189100
71009415037,2019,65300,164700,230000
71009415045,2019,65300,107200,172500
71009415053,2019,65300,138400,203700
71009415061,2019,65200,145300,210500
71009415079,2019,65200,117700,182900
71009415087,2019,65300,97800,163100
71009415095,2019,65300,125000,190300
71009415102,2019,65300,98100,163400
71009416027,2019,72200,81300,153500
71010101013,2019,50600,184600,235200
71010101021,2019,54800,248400,303200
71010101039,2019,53000,220800,273800
71010101047,2019,55600,194900,250500
71010101055,2019,55600,203400,259000
71010101063,2019,55600,177600,233200
71010101071,2019,55600,189100,244700
71010101089,2019,55600,171400,227000
71010101097,2019,55600,177800,233400
71010101104,2019,55600,167600,223200
71010101112,2019,55600,156100,211700
71010101120,2019,55600,191100,246700
71010101138,2019,55600,195200,250800
71010101146,2019,55100,153700,208800
71010101154,2019,56400,167400,223800
71010101162,2019,53900,207900,261800
71010101170,2019,59100,207100,266200
71010101188,2019,55600,220800,276400
71010101196,2019,55600,204400,260000
71010101203,2019,57500,239500,297000
71010101211,2019,55600,173000,228600
71010101229,2019,55600,164200,219800
71010101237,2019,55100,210000,265100
71010101245,2019,55600,240400,296000
71010101253,2019,58900,189100,248000
71010101261,2019,53200,254300,307500
71010102029,2019,52400,189800,242200
71010102037,2019,52400,242300,294700
71010102045,2019,55100,200400,255500
71010102053,2019,55100,198300,253400
71010102061,2019,55200,196400,251600
71010102079,2019,55100,190500,245600
71010102087,2019,58700,169900,228600
71010102095,2019,55100,209400,264500
71010102102,2019,55100,217700,272800
71010102110,2019,55100,132100,187200
71010102128,2019,57600,229700,287300
71010103019,2019,58200,171600,229800
71010103027,2019,59300,165800,225100
71010103035,2019,59100,203000,262100
71010103043,2019,67500,165200,232700
71010103051,2019,70700,187100,257800
71010103069,2019,59800,179600,239400
71010103077,2019,43600,186300,229900
71010103085,2019,58200,165400,223600
71010103093,2019,59000,204300,263300
71010103100,2019,58900,175200,234100
71010103118,2019,58900,158500,217400
71010103126,2019,58000,236700,294700
71010103134,2019,53000,200600,253600
71010103142,2019,51500,186600,238100
71010103150,2019,53600,195200,248800
71010103168,2019,52400,207000,259400
71010103176,2019,51200,194700,245900
71010103184,2019,53600,139100,192700
71010103192,2019,53600,191000,244600
71010103209,2019,53600,185300,238900
71010103217,2019,53600,182500,236100
71010103225,2019,53600,161500,215100
71010103233,2019,53600,163900,217500
71010103241,2019,58000,167400,225400
71010104017,2019,61600,208400,270000
71010104025,2019,55600,152200,207800
71010104033,2019,54300,163800,218100
71010104041,2019,54300,188800,243100
71010104059,2019,54300,157200,211500
71010104067,2019,54300,144500,198800
71010104075,2019,54300,162000,216300
71010104083,2019,51600,219600,271200
71010104091,2019,49500,172300,221800
71010104108,2019,50300,142000,192300
71010104116,2019,49900,208100,258000
71010104124,2019,50300,167900,218200
71010104132,2019,49500,191700,241200
71010104140,2019,49300,172700,222000
71010104158,2019,53500,189700,243200
71010104166,2019,53500,230300,283800
71010104174,2019,53500,161200,214700
71010104182,2019,53500,163500,217000
71010104190,2019,52100,193600,245700
71010104207,2019,54300,188400,242700
71010104215,2019,54200,172800,227000
71010104223,2019,55600,158300,213900
71010104231,2019,55600,229100,284700
71010104249,2019,55600,164000,219600
71010104257,2019,55600,163300,218900
71010104265,2019,59000,170100,229100
71010104273,2019,57600,180000,237600
71010104281,2019,57800,162000,219800
71010104299,2019,61800,156700,218500
71010104306,2019,57500,185000,242500
71010104314,2019,57500,230200,287700
71010104322,2019,57500,146200,203700
71010104330,2019,57500,220400,277900
71010104348,2019,57500,147900,205400
71010104356,2019,51200,163100,214300
71010105015,2019,55700,165700,221400
71010105023,2019,55600,190900,246500
71010105031,2019,57500,177700,235200
71010105049,2019,55600,160700,216300
71010105057,2019,57500,151800,209300
71010105065,2019,55600,191500,247100
71010105073,2019,55600,198600,254200
71010105081,2019,55600,204600,260200
71010105099,2019,55600,176500,232100
71010105106,2019,55600,185600,241200
71010105114,2019,55600,203100,258700
71010105122,2019,55600,161500,217100
71010105130,2019,57600,253000,310600
71010105148,2019,58000,229100,287100
71010105156,2019,58700,186100,244800
71010105164,2019,59300,201500,260800
71010105172,2019,59300,269100,328400
71010105180,2019,59300,206300,265600
71010105198,2019,59300,158900,218200
71010105205,2019,59300,185100,244400
71010105213,2019,59300,209700,269000
71010105221,2019,55600,170100,225700
71010105239,2019,57500,192300,249800
71010105247,2019,55600,199600,255200
71010105255,2019,57500,178500,236000
71010105263,2019,55100,155800,210900
71010105271,2019,55600,210400,266000
71010105289,2019,50400,183600,234000
71010105297,2019,50400,160600,211000
71010105304,2019,50400,187300,237700
71010106013,2019,59300,171900,231200
71010106021,2019,59300,205000,264300
71010106039,2019,57500,149300,206800
71010106047,2019,57500,148000,205500
71010106055,2019,57500,167200,224700
71010106063,2019,57500,184200,241700
71010106071,2019,57500,216000,273500
71010106089,2019,57500,182700,240200
71010106097,2019,57500,210900,268400
71010106104,2019,57500,181100,238600
71010106112,2019,58200,178300,236500
71010106120,2019,61600,211600,273200
71010106138,2019,53200,207900,261100
71010106146,2019,52400,190500,242900
71010106154,2019,51200,189700,240900
71010106162,2019,51200,183300,234500
71010106170,2019,51200,198500,249700
71010106188,2019,53900,203000,256900
71010106196,2019,48600,181400,230000
71010106203,2019,51200,181000,232200
71010106211,2019,51200,190600,241800
71010106229,2019,53900,199900,253800
71010106237,2019,48600,210400,259000
71010106245,2019,56100,195900,252000
71010107011,2019,55100,212700,267800
71010107029,2019,55100,192700,247800
71010107037,2019,57200,206100,263300
71010107045,2019,55600,226300,281900
71010107053,2019,57200,167700,224900
71010107061,2019,55600,182100,237700
71010107079,2019,57200,172200,229400
71010107087,2019,57500,157200,214700
71010107095,2019,57500,194700,252200
71010107102,2019,55600,176300,231900
71010107110,2019,57500,206200,263700
71010107128,2019,55600,196300,251900
71010107136,2019,54100,200900,255000
71010107144,2019,55900,267900,323800
71010107152,2019,55300,197900,253200
71010107160,2019,59100,199600,258700
71010107178,2019,58900,236000,294900
71010107186,2019,59300,170600,229900
71010107194,2019,59300,195400,254700
71010107201,2019,59300,185500,244800
71010107219,2019,59300,166400,225700
71010107227,2019,59300,189100,248400
71010107235,2019,57200,217900,275100
71010107243,2019,55600,210100,265700
71010107251,2019,57200,169900,227100
71010107269,2019,55600,206900,262500
71010107277,2019,57200,197200,254400
71010107285,2019,55100,220500,275600
71010107293,2019,55100,169000,224100
71010107300,2019,51200,187200,238400
71010107318,2019,51200,152500,203700
71010108019,2019,48400,222600,271000
71010108027,2019,53400,158400,211800
71010108035,2019,54200,152600,206800
71010108043,2019,56000,183100,239100
71010108051,2019,54200,184700,238900
71010108069,2019,56000,195700,251700
71010108077,2019,54200,229900,284100
71010108085,2019,56000,219000,275000
71010108093,2019,58000,186100,244100
71010108100,2019,58000,197300,255300
71010108118,2019,58000,215500,273500
71010108126,2019,58000,200900,258900
71010108134,2019,58000,205200,263200
71010108142,2019,57100,170000,227100
71010108150,2019,60400,171500,231900
71010108168,2019,57200,158700,215900
71010108176,2019,55300,188200,243500
71010108184,2019,58000,189800,247800
71010108192,2019,57800,202600,260400
71010108209,2019,56000,219400,275400
71010108217,2019,56000,151700,207700
71010108225,2019,56000,181800,237800
71010108233,2019,56000,219900,275900
71010108241,2019,56000,189100,245100
71010108259,2019,56000,192300,248300
71010108267,2019,54200,190400,244600
71010108275,2019,56000,203100,259100
71010108283,2019,54200,221200,275400
71010108291,2019,56000,220200,276200
71010108308,2019,54200,178600,232800
71010108316,2019,51500,188000,239500
71010108324,2019,49500,201700,251200
71010109025,2019,56400,181600,238000
71010109033,2019,64100,169400,233500
71010109041,2019,60700,212400,273100
71010109059,2019,66800,183700,250500
71010109067,2019,61900,170100,232000
71010109075,2019,59100,174600,233700
71010109083,2019,63900,212800,276700
71010109091,2019,66300,212700,279000
71010109108,2019,59200,186700,245900
71010109116,2019,59000,243400,302400
71010109124,2019,57400,180600,238000
71010109158,2019,59000,198000,257000
71010109166,2019,64200,249000,313200
71010110014,2019,49300,189600,238900
71010110022,2019,49300,211500,260800
71010110030,2019,53200,189200,242400
71010110048,2019,54200,180100,234300
71010110056,2019,56000,207000,263000
71010110064,2019,54200,212300,266500
71010110072,2019,56000,171600,227600
71010110080,2019,54200,174400,228600
71010110098,2019,56000,224800,280800
71010110105,2019,54200,207200,261400
71010110113,2019,54200,202600,256800
71010110121,2019,56000,174000,230000
71010110139,2019,57100,202300,259400
71010110147,2019,54700,217700,272400
71010110155,2019,56000,217600,273600
71010110163,2019,56100,211500,267600
71010110171,2019,54200,182500,236700
71010110189,2019,54200,218800,273000
71010110197,2019,54200,185900,240100
71010110204,2019,54200,177800,232000
71010110212,2019,56000,226600,282600
71010110220,2019,54200,212600,266800
71010110238,2019,56000,162900,218900
71010110246,2019,54200,211600,265800
71010110254,2019,56000,191600,247600
71010110262,2019,56000,198700,254700
71010110270,2019,55700,123200,178900
71010110288,2019,49600,197900,247500
71010111012,2019,48200,238300,286500
71010111020,2019,50400,214200,264600
71010111038,2019,48500,164300,212800
71010111046,2019,48600,163900,212500
71010111054,2019,51800,175300,227100
71010111062,2019,51600,169700,221300
71010111070,2019,54800,199100,253900
71010111088,2019,54800,135200,190000
71010111096,2019,54800,163300,218100
71010111103,2019,53400,161700,215100
71010111111,2019,48600,166500,215100
71010111129,2019,56000,218100,274100
71010111137,2019,50400,200300,250700
71010111145,2019,63900,206500,270400
71010111153,2019,53400,261100,314500
71010111161,2019,63700,226200,289900
71010111179,2019,73700,222800,296500
71010111187,2019,61800,248800,310600
71010111195,2019,66800,196100,262900
71010111202,2019,57500,195400,252900
71010111210,2019,53500,240300,293800
71010112010,2019,65000,221700,286700
71010112028,2019,53400,196600,250000
71010112036,2019,53400,186000,239400
71010112044,2019,55300,187200,242500
71010112052,2019,54800,144600,199400
71010112060,2019,53200,168800,222000
71010112078,2019,51000,145300,196300
71010112086,2019,51500,165600,217100
71010112094,2019,49300,151100,200400
71010112119,2019,76400,234200,310600
71010112127,2019,78500,344800,423300
71010113018,2019,48200,160200,208400
71010113026,2019,48300,221700,270000
71010113034,2019,48400,160500,208900
71010113042,2019,48400,171600,220000
71010113050,2019,48500,165300,213800
71010113068,2019,48500,161000,209500
71010113076,2019,48600,162400,211000
71010113084,2019,48600,169600,218200
71010113092,2019,48700,162200,210900
71010113109,2019,48700,194300,243000
71010113117,2019,49000,169500,218500
71010113125,2019,49000,168500,217500
71010113133,2019,49100,189100,238200
71010113141,2019,49100,158300,207400
71010113159,2019,49100,185900,235000
71010114016,2019,62700,187200,249900
71010114024,2019,53400,166900,220300
71010114032,2019,57000,192300,249300
71010114040,2019,57000,248100,305100
71010114058,2019,57000,207600,264600
71010114066,2019,57000,168000,225000
71010114074,2019,57000,201100,258100
71010114082,2019,57000,152100,209100
71010114090,2019,57000,182900,239900
71010114107,2019,57000,174900,231900
71010114115,2019,57000,214000,271000
71010114123,2019,57000,156900,213900
71010114131,2019,57400,210800,268200
71010114149,2019,55700,174100,229800
71010114157,2019,56000,213700,269700
71010114165,2019,55900,183600,239500
71010114173,2019,58200,181300,239500
71010114181,2019,57800,195800,253600
71010114199,2019,57800,220900,278700
71010114206,2019,57800,171600,229400
71010114214,2019,57800,173400,231200
71010114222,2019,57800,166000,223800
71010114230,2019,57800,219500,277300
71010114248,2019,57800,209700,267500
71010114256,2019,59000,177600,236600
71010114264,2019,65500,174000,239500
71010115014,2019,54800,148900,203700
71010116012,2019,52400,218900,271300
71010116020,2019,59000,170900,229900
71010116038,2019,58900,191300,250200
71010116046,2019,58900,169300,228200
71010116054,2019,58900,189000,247900
71010116062,2019,58900,218000,276900
71010116070,2019,59300,211100,270400
71010116088,2019,57800,188100,245900
71010116096,2019,58900,189800,248700
71010116103,2019,58900,143400,202300
71010116111,2019,54100,158800,212900
71010117010,2019,65500,159900,225400
71010117028,2019,56000,272100,328100
71010117036,2019,56100,284300,340400
71010117044,2019,56100,287600,343700
71010117052,2019,56100,192500,248600
71010117060,2019,56100,225900,282000
71010117078,2019,56100,270800,326900
71010117086,2019,56100,193200,249300
71010117094,2019,54100,191200,245300
71010117101,2019,56100,221000,277100
71010117119,2019,53600,203100,256700
71010118018,2019,63700,271600,335300
71010118026,2019,59600,253500,313100
71010118034,2019,60600,245800,306400
71010118042,2019,56000,204100,260100
71010118050,2019,56000,186000,242000
71010118068,2019,56000,207300,263300
71010118076,2019,58900,250700,309600
71010118084,2019,58700,296600,355300
71010118092,2019,58000,162000,220000
71010118109,2019,58000,243300,301300
71010118117,2019,58000,250400,308400
71010118125,2019,58000,234400,292400
71010118133,2019,62300,200700,263000
71010118141,2019,57800,215800,273600
71010118159,2019,60200,223000,283200
71010119115,2019,58700,256100,314800
71010119165,2019,66000,200700,266700
71010119173,2019,61400,279200,340600
71010119181,2019,66800,225200,292000
71010119199,2019,58700,210300,269000
71010119206,2019,55300,197300,252600
71010120013,2019,55000,216600,271600
71010120021,2019,74600,164800,239400
71010120039,2019,74600,175100,249700
71010120047,2019,76400,151800,228200
71010120055,2019,76400,154500,230900
71010120063,2019,76400,164800,241200
71010120071,2019,76400,154800,231200
71010120089,2019,76800,99400,176200
71010120097,2019,76800,175900,252700
71010120104,2019,76400,143100,219500
71010120112,2019,50300,152200,202500
71010120120,2019,50400,158800,209200
71010120138,2019,76400,221200,297600
71010120146,2019,78100,150500,228600
71010120154,2019,76600,171500,248100
71010120162,2019,62000,202500,264500
71010120170,2019,52100,163000,215100
71010120188,2019,53600,163300,216900
71010200930,2019,74300,218400,292700
71010200948,2019,58400,137500,195900
71010200956,2019,58400,172500,230900
71010200964,2019,156000,291600,447600
71010201011,2019,54300,181800,236100
71010201029,2019,54300,215800,270100
71010201037,2019,54300,180400,234700
71010201045,2019,54000,183500,237500
71010201053,2019,57000,193800,250800
71010201061,2019,54300,184400,238700
71010201079,2019,54000,189000,243000
71010201087,2019,59100,190500,249600
71010201095,2019,59100,147500,206600
71010201102,2019,58400,152200,210600
71010201110,2019,57800,177200,235000
71010201128,2019,61300,182400,243700
71010201136,2019,59300,170600,229900
71010201144,2019,52900,162700,215600
71010201152,2019,52600,161800,214400
71010201160,2019,52600,157700,210300
71010201178,2019,54900,154900,209800
71010201186,2019,54300,173700,228000
71010201194,2019,55100,172900,228000
71010201201,2019,52600,185700,238300
71010201219,2019,53100,166400,219500
71010201227,2019,52900,212200,265100
71010201235,2019,52600,208000,260600
71010201243,2019,52600,169000,221600
71010201251,2019,52900,188400,241300
71010201269,2019,52900,158500,211400
71010201277,2019,52700,180300,233000
71010201285,2019,54000,216300,270300
71010202019,2019,54900,183800,238700
71010202027,2019,54900,226000,280900
71010202035,2019,54900,227200,282100
71010202043,2019,54700,256500,311200
71010202051,2019,55200,212800,268000
71010202069,2019,56400,141800,198200
71010202077,2019,59600,206900,266500
71010202085,2019,53600,217300,270900
71010202093,2019,53200,203000,256200
71010202100,2019,55100,159100,214200
71010202118,2019,53800,165900,219700
71010202126,2019,53600,156900,210500
71010202134,2019,54300,229100,283400
71010202142,2019,54700,190100,244800
71010202150,2019,54900,220100,275000
71010202168,2019,54900,170100,225000
71010202176,2019,54900,162300,217200
71010202184,2019,54700,142000,196700
71010202192,2019,54700,182800,237500
71010203017,2019,54000,187900,241900
71010203025,2019,54000,182300,236300
71010203033,2019,54000,165000,219000
71010203041,2019,54000,218200,272200
71010203059,2019,54000,207500,261500
71010203067,2019,54700,190300,245000
71010203075,2019,53600,188400,242000
71010203083,2019,51200,166100,217300
71010203091,2019,49500,181500,231000
71010203108,2019,51400,234800,286200
71010203116,2019,53000,183700,236700
71010203124,2019,53800,198000,251800
71010203132,2019,54000,206000,260000
71010203140,2019,54000,197600,251600
71010203158,2019,54000,192200,246200
71010203166,2019,54000,235300,289300
71010203174,2019,54000,181200,235200
71010204015,2019,56100,149900,206000
71010204023,2019,56100,162300,218400
71010204031,2019,58000,133900,191900
71010204049,2019,56200,135300,191500
71010204057,2019,56200,185000,241200
71010204065,2019,56200,173700,229900
71010204073,2019,56300,163200,219500
71010204081,2019,56300,147300,203600
71010204099,2019,58000,200300,258300
71010204106,2019,59300,155500,214800
71010204114,2019,56300,210600,266900
71010204122,2019,58500,212000,270500
71010204130,2019,55300,226200,281500
71010204148,2019,53800,198800,252600
71010204156,2019,53600,179700,233300
71010204164,2019,53700,195900,249600
71010204172,2019,53700,187400,241100
71010204180,2019,53100,158300,211400
71010204198,2019,59600,125400,185000
71010204205,2019,61300,147400,208700
71010205013,2019,63100,171300,234400
71010205021,2019,61300,147900,209200
71010205039,2019,61300,177400,238700
71010205047,2019,59600,154600,214200
71010205055,2019,59600,131300,190900
71010205063,2019,61500,177200,238700
71010205071,2019,61800,166700,228500
71010205089,2019,62500,167200,229700
71010205097,2019,63400,155500,218900
71010205104,2019,61000,169000,230000
71010205112,2019,58600,156200,214800
71010205120,2019,61000,169300,230300
71010205138,2019,51400,203400,254800
71010205146,2019,50900,192400,243300
71010205154,2019,58400,193200,251600
71010205170,2019,58700,159300,218000
71010205188,2019,58000,151800,209800
71010205196,2019,53600,187100,240700
71010205203,2019,53600,152400,206000
71010205211,2019,53600,141500,195100
71010205229,2019,53600,158600,212200
71010205237,2019,53600,146900,200500
71010205245,2019,53600,155100,208700
71010205253,2019,53600,171900,225500
71010205261,2019,48200,167700,215900
71010205279,2019,48200,155100,203300
71010205287,2019,48000,153400,201400
71010205295,2019,47900,189400,237300
71010205302,2019,47900,189100,237000
71010206144,2019,57500,141500,199000
71010206152,2019,57900,160900,218800
71010206160,2019,57900,172700,230600
71010206178,2019,57900,128400,186300
71010206186,2019,58700,162700,221400
71010206194,2019,59700,180100,239800
71010206201,2019,62000,148500,210500
71010206219,2019,64000,181600,245600
71010206227,2019,62300,194400,256700
71010206235,2019,62300,139900,202200
71010206243,2019,59600,162500,222100
71010206251,2019,58600,206700,265300
71010206269,2019,62400,158200,220600
71010206285,2019,63400,148600,212000
71010206293,2019,61700,170900,232600
71010206300,2019,57300,152500,209800
71010206318,2019,54000,146900,200900
71010207077,2019,53600,157900,211500
71010207085,2019,53600,196000,249600
71010207093,2019,53600,166100,219700
71010207100,2019,53600,179600,233200
71010207118,2019,53600,148700,202300
71010207126,2019,53700,178000,231700
71010207134,2019,60100,198400,258500
71010207142,2019,59700,179900,239600
71010207150,2019,59100,141600,200700
71010207168,2019,59100,173700,232800
71010207176,2019,59100,183600,242700
71010207184,2019,59100,156900,216000
71010207192,2019,59100,156800,215900
71010207209,2019,58700,166300,225000
71010207217,2019,55600,183700,239300
71010207225,2019,51800,171300,223100
71010207233,2019,58000,171200,229200
71010207241,2019,59700,169200,228900
71010207259,2019,55300,207200,262500
71010207267,2019,55200,201100,256300
71010207275,2019,54900,178100,233000
71010207283,2019,54000,154800,208800
71010207291,2019,55600,174900,230500
71010207308,2019,58700,184700,243400
71010207316,2019,60600,155900,216500
71010207324,2019,59700,154500,214200
71010207332,2019,59600,179300,238900
71010207340,2019,59300,168300,227600
71010207358,2019,55600,162300,217900
71010207366,2019,52900,157000,209900
71010207374,2019,52900,205900,258800
71010207382,2019,52900,158200,211100
71010208017,2019,55000,182200,237200
71010208025,2019,54000,158200,212200
71010208033,2019,54000,146000,200000
71010208041,2019,54000,140900,194900
71010208059,2019,55900,145600,201500
71010208067,2019,55900,159400,215300
71010208075,2019,55900,175400,231300
71010208083,2019,53500,173100,226600
71010208091,2019,53600,143000,196600
71010208108,2019,53600,160100,213700
71010208116,2019,53500,170000,223500
71010208124,2019,53200,203900,257100
71010208132,2019,53200,165500,218700
71010208140,2019,54000,176600,230600
71010208158,2019,59100,205800,264900
71010208166,2019,59100,198700,257800
71010208174,2019,58900,173300,232200
71010208182,2019,58600,182700,241300
71010208190,2019,58600,206500,265100
71010209015,2019,52900,185400,238300
71010209023,2019,56700,147600,204300
71010209031,2019,58000,154000,212000
71010209049,2019,60100,164500,224600
71010209057,2019,53800,153000,206800
71010209065,2019,59600,165900,225500
71010209073,2019,61100,151800,212900
71010209081,2019,59700,150200,209900
71010209099,2019,62600,170600,233200
71010209106,2019,53800,150100,203900
71010209114,2019,54000,165000,219000
71010209122,2019,54000,175900,229900
71010209130,2019,54000,162000,216000
71010209148,2019,54000,196400,250400
71010209156,2019,54000,155600,209600
71010209164,2019,54000,180700,234700
71010209172,2019,54000,149700,203700
71010209180,2019,54000,195200,249200
71010209198,2019,55900,207200,263100
71010209205,2019,55300,170100,225400
71010209213,2019,55400,162500,217900
71010209221,2019,57600,170400,228000
71010209239,2019,59100,158500,217600
71010209247,2019,59800,147400,207200
71010209255,2019,62300,225900,288200
71010209263,2019,64000,172100,236100
71010209271,2019,56200,147200,203400
71010209289,2019,56200,195800,252000
71010209297,2019,56200,161900,218100
71010209304,2019,56200,167500,223700
71010209312,2019,54300,152400,206700
71010209320,2019,18000,154900,172900
71010209338,2019,53600,154200,207800
71010209346,2019,54300,141200,195500
71010209354,2019,56300,127300,183600
71010210038,2019,53700,164600,218300
71010210046,2019,53700,164100,217800
71010210054,2019,55100,218300,273400
71010210062,2019,57600,176900,234500
71010210070,2019,52700,178500,231200
71010210088,2019,54300,180500,234800
71010210096,2019,56300,191800,248100
71010210103,2019,56300,145900,202200
71010210111,2019,49900,199700,249600
71010210129,2019,54900,166700,221600
71010210137,2019,60600,158700,219300
71010210145,2019,56700,154800,211500
71010210153,2019,55900,139800,195700
71010210161,2019,55100,194800,249900
71010210179,2019,59100,174100,233200
71010210187,2019,58400,169500,227900
71010210195,2019,59300,155200,214500
71010210202,2019,53100,172300,225400
71010211044,2019,54000,153100,207100
71010211052,2019,53600,175600,229200
71010211060,2019,54000,182600,236600
71010211078,2019,58700,174000,232700
71010211086,2019,53600,135400,189000
71010211094,2019,56100,148800,204900
71010211101,2019,58000,174200,232200
71010211119,2019,62500,163000,225500
71010211127,2019,58600,157800,216400
71010211135,2019,55600,194700,250300
71010211143,2019,53000,148100,201100
71010211151,2019,53100,146700,199800
71010211169,2019,53600,151400,205000
71010211177,2019,57500,164500,222000
71010211185,2019,54000,179300,233300
71010211193,2019,57800,161700,219500
71010211200,2019,60700,149500,210200
71010211218,2019,55900,143900,199800
71010211226,2019,59600,142700,202300
71010211234,2019,61700,164800,226500
71010211242,2019,59800,184800,244600
71010211250,2019,55900,151700,207600
71010211268,2019,55400,155700,211100
71010211276,2019,55900,146200,202100
71010211284,2019,61700,171000,232700
71010211292,2019,59300,196700,256000
71010211309,2019,54000,168700,222700
71010211317,2019,54000,165200,219200
71010211325,2019,52600,151000,203600
71010212018,2019,57000,191600,248600
71010212026,2019,48800,214300,263100
71010212034,2019,50500,186700,237200
71010212042,2019,53000,194500,247500
71010212050,2019,53700,244900,298600
71010212068,2019,55300,170300,225600
71010212076,2019,52600,249900,302500
71010212084,2019,58900,212400,271300
71010212092,2019,59600,228700,288300
71010212109,2019,62300,231900,294200
71010212117,2019,55200,181400,236600
71010212125,2019,55400,184700,240100
71010212133,2019,52000,175500,227500
71010212141,2019,50400,176200,226600
71010212159,2019,50500,201000,251500
71010212167,2019,50700,257800,308500
71010212175,2019,59600,179300,238900
71010212183,2019,54300,194700,249000
71010212191,2019,53700,175600,229300
71010212208,2019,59700,158800,218500
71010212216,2019,54000,168700,222700
71010212224,2019,54000,143500,197500
71010212232,2019,54000,134700,188700
71010212240,2019,54000,140700,194700
71010212258,2019,54000,159200,213200
71010212266,2019,53700,154100,207800
71010212274,2019,58700,142300,201000
71010212282,2019,60100,174500,234600
71010212290,2019,57400,209800,267200
71010212307,2019,55400,212600,268000
71010212315,2019,57800,213800,271600
71010212323,2019,61400,178600,240000
71010212331,2019,60600,211000,271600
71010212349,2019,55900,205900,261800
71010212357,2019,52900,226500,279400
71010212365,2019,62400,275500,337900
71010212373,2019,64200,205200,269400
71010212381,2019,56400,207900,264300
71010213016,2019,52000,146700,198700
71010213024,2019,55600,149400,205000
71010213032,2019,52900,172000,224900
71010213040,2019,52900,191800,244700
71010213058,2019,52000,170000,222000
71010213066,2019,53000,163500,216500
71010213074,2019,57900,144600,202500
71010213082,2019,58000,156800,214800
71010213090,2019,53000,178800,231800
71010214014,2019,57400,205600,263000
71010214022,2019,57600,214700,272300
71010214030,2019,58400,195500,253900
71010214048,2019,49700,225300,275000
71010214056,2019,52000,225000,277000
71010214064,2019,46800,200200,247000
71010301035,2019,55400,132200,187600
71010301043,2019,55400,142500,197900
71010301051,2019,53600,127400,181000
71010301069,2019,53600,132900,186500
71010301077,2019,53600,133200,186800
71010301085,2019,53600,128800,182400
71010301093,2019,53600,149300,202900
71010301100,2019,53600,156600,210200
71010301118,2019,49800,149800,199600
71010301126,2019,52100,144800,196900
71010301134,2019,55400,133500,188900
71010301142,2019,53600,128500,182100
71010301150,2019,52100,149100,201200
71010301168,2019,49800,160400,210200
71010301176,2019,49800,153200,203000
71010301184,2019,58900,155300,214200
71010301209,2019,49800,166700,216500
71010301217,2019,49800,162300,212100
71010301225,2019,52100,163000,215100
71010301233,2019,54300,139100,193400
71010301241,2019,58100,134400,192500
71010301259,2019,56700,122500,179200
71010301267,2019,54300,165500,219800
71010301275,2019,62100,141300,203400
71010301283,2019,60900,125500,186400
71010301291,2019,60200,154800,215000
71010301308,2019,54100,181900,236000
71010301316,2019,54100,138300,192400
71010301324,2019,54600,159000,213600
71010301332,2019,55400,171600,227000
71010301340,2019,57900,203800,261700
71010301358,2019,54300,172200,226500
71010301366,2019,58200,147300,205500
71010301374,2019,53300,197700,251000
71010301382,2019,52000,162200,214200
71010301390,2019,52100,194100,246200
71010301407,2019,65200,165700,230900
71010301415,2019,63500,179500,243000
71010301423,2019,54600,185500,240100
71010301431,2019,53500,168500,222000
71010302017,2019,54500,120400,174900
71010302025,2019,54600,125700,180300
71010302033,2019,54600,140700,195300
71010302041,2019,54600,133000,187600
71010302059,2019,54600,171900,226500
71010302067,2019,54600,193800,248400
71010302075,2019,54600,126800,181400
71010302083,2019,54600,134900,189500
71010302091,2019,54600,127500,182100
71010302108,2019,54600,141900,196500
71010302116,2019,54600,146600,201200
71010302124,2019,54600,143000,197600
71010302132,2019,54600,122300,176900
71010302140,2019,54600,157000,211600
71010302158,2019,54200,139700,193900
71010302166,2019,54200,128000,182200
71010302174,2019,54600,130100,184700
71010302182,2019,54600,156900,211500
71010302190,2019,54600,119500,174100
71010302207,2019,54600,143800,198400
71010302215,2019,54600,143500,198100
71010302223,2019,54600,173500,228100
71010302231,2019,54600,129300,183900
71010302249,2019,54200,134300,188500
71010302257,2019,68100,153800,221900
71010302265,2019,61500,178000,239500
71010302273,2019,57100,134100,191200
71010302281,2019,54600,158700,213300
71010302299,2019,55600,131100,186700
71010303023,2019,52700,150700,203400
71010303031,2019,53600,137800,191400
71010303049,2019,63000,127100,190100
71010303057,2019,63000,130200,193200
71010303065,2019,63000,155200,218200
71010303073,2019,63000,134100,197100
71010303081,2019,63000,141300,204300
71010303099,2019,63000,130300,193300
71010303106,2019,63000,126000,189000
71010303114,2019,63000,143500,206500
71010303122,2019,63000,144600,207600
71010303130,2019,63000,131400,194400
71010303148,2019,63000,141600,204600
71010303156,2019,63000,126000,189000
71010304013,2019,54200,135300,189500
71010304021,2019,54200,134300,188500
71010304039,2019,54600,133200,187800
71010304047,2019,54600,135900,190500
71010304055,2019,54600,129500,184100
71010304063,2019,54600,127200,181800
71010304071,2019,54600,145000,199600
71010304089,2019,54600,145200,199800
71010304097,2019,54600,131600,186200
71010304104,2019,55600,127000,182600
71010304112,2019,54600,168700,223300
71010304120,2019,56400,147200,203600
71010304138,2019,54600,135200,189800
71010304146,2019,54600,125200,179800
71010304154,2019,54600,162500,217100
71010304162,2019,54600,167900,222500
71010304170,2019,54600,117100,171700
71010304188,2019,54600,153000,207600
71010304196,2019,54600,153200,207800
71010305011,2019,54800,166300,221100
71010305029,2019,54800,142700,197500
71010305037,2019,55200,134800,190000
71010305045,2019,53600,129400,183000
71010305053,2019,53600,173200,226800
71010305061,2019,53600,134500,188100
71010305079,2019,53600,146700,200300
71010305087,2019,53600,163300,216900
71010305095,2019,53600,151600,205200
71010305102,2019,57100,134500,191600
71010305110,2019,58900,130900,189800
71010305128,2019,56400,146400,202800
71010305136,2019,53600,142100,195700
71010305144,2019,52100,152500,204600
71010305152,2019,50500,150200,200700
71010305160,2019,49600,162600,212200
71010305178,2019,51000,141200,192200
71010305186,2019,52100,135100,187200
71010305194,2019,50500,130900,181400
71010305201,2019,53600,128100,181700
71010305219,2019,53600,127000,180600
71010305227,2019,53600,146400,200000
71010305235,2019,53600,130600,184200
71010305243,2019,53600,141900,195500
71010305251,2019,53600,149500,203100
71010305269,2019,55200,183800,239000
71010306019,2019,52100,158200,210300
71010306027,2019,51600,151700,203300
71010306035,2019,53200,129200,182400
71010306043,2019,56300,159800,216100
71010306051,2019,50100,145100,195200
71010306069,2019,50100,169900,220000
71010306077,2019,50100,133700,183800
71010306085,2019,50100,162000,212100
71010306093,2019,50100,187500,237600
71010306100,2019,50100,143500,193600
71010306118,2019,50100,160200,210300
71010306126,2019,50100,155700,205800
71010306134,2019,51600,176400,228000
71010306142,2019,50500,139600,190100
71010306150,2019,49400,153400,202800
71010306168,2019,49200,174400,223600
71010306176,2019,50100,165800,215900
71010306184,2019,51600,178000,229600
71010306192,2019,54700,176300,231000
71010306209,2019,52500,203400,255900
71010306217,2019,50100,160400,210500
71010306225,2019,50500,144300,194800
71010306233,2019,54200,148900,203100
71010306241,2019,50500,170100,220600
71010306259,2019,50500,179600,230100
71010306267,2019,50500,137900,188400
71010306275,2019,50500,141400,191900
71010306283,2019,50500,135300,185800
71010306291,2019,50500,136300,186800
71010306308,2019,50500,165500,216000
71010306316,2019,50100,190300,240400
71010306324,2019,50100,147300,197400
71010306332,2019,50100,142800,192900
71010306340,2019,49600,156000,205600
71010306358,2019,49800,142900,192700
71010306366,2019,52100,122300,174400
71010307017,2019,53600,130600,184200
71010307025,2019,53600,163500,217100
71010307033,2019,53600,180600,234200
71010307041,2019,53600,149100,202700
71010307059,2019,56400,127800,184200
71010307067,2019,54200,166700,220900
71010307075,2019,57000,155800,212800
71010307083,2019,57000,160600,217600
71010307091,2019,55400,155300,210700
71010307108,2019,55600,128600,184200
71010307116,2019,53100,149900,203000
71010307124,2019,51700,168500,220200
71010307132,2019,50100,143900,194000
71010307140,2019,52100,185100,237200
71010307158,2019,58300,134600,192900
71010307166,2019,50500,131400,181900
71010307174,2019,52500,157500,210000
71010307182,2019,52500,181900,234400
71010307190,2019,54600,173400,228000
71010307207,2019,53600,139500,193100
71010307215,2019,53600,138000,191600
71010307223,2019,53600,142900,196500
71010307231,2019,54200,140600,194800
71010307249,2019,53600,149500,203100
71010308015,2019,54800,120900,175700
71010308023,2019,53600,168600,222200
71010308031,2019,54800,121800,176600
71010308049,2019,55400,138600,194000
71010308057,2019,55200,130800,186000
71010308065,2019,54800,149800,204600
71010308073,2019,54600,148400,203000
71010308081,2019,52500,150400,202900
71010308099,2019,54800,176400,231200
71010308106,2019,53600,121900,175500
71010308114,2019,53600,147600,201200
71010308122,2019,53600,128400,182000
71010308130,2019,52500,159700,212200
71010308148,2019,57000,197200,254200
71010308156,2019,57200,181900,239100
71010308164,2019,53600,141700,195300
71010308172,2019,53600,147600,201200
71010308180,2019,53600,145100,198700
71010308198,2019,57200,148800,206000
71010308205,2019,59400,143900,203300
71010308213,2019,59700,172700,232400
71010308221,2019,54600,156000,210600
71010308239,2019,54800,107300,162100
71010308247,2019,53600,119400,173000
71010309013,2019,54600,149500,204100
71010309021,2019,54600,169100,223700
71010309039,2019,54800,171200,226000
71010309047,2019,53600,133000,186600
71010310010,2019,58300,157100,215400
71010310028,2019,57000,134400,191400
71010310036,2019,54800,143600,198400
71010310044,2019,53600,130000,183600
71010310052,2019,53600,168300,221900
71010310060,2019,53600,150700,204300
71010310078,2019,53600,146300,199900
71010310086,2019,53600,132700,186300
71010310094,2019,50100,141800,191900
71010310101,2019,50100,135400,185500
71010310119,2019,50100,162400,212500
71010310127,2019,50100,148700,198800
71010310135,2019,50100,168500,218600
71010310143,2019,50100,132900,183000
71010310151,2019,50100,151100,201200
71010310169,2019,49400,130000,179400
71010310177,2019,49800,159700,209500
71010310185,2019,56400,185700,242100
71010310193,2019,55400,183200,238600
71010310200,2019,50100,156600,206700
71010310218,2019,50100,154700,204800
71010310226,2019,50100,152600,202700
71010310234,2019,50100,174600,224700
71010310242,2019,50100,152600,202700
71010310250,2019,48200,171800,220000
71010310268,2019,53600,170000,223600
71010310276,2019,53600,158200,211800
71010310284,2019,53600,193600,247200
71010310292,2019,54200,149900,204100
71010310309,2019,54200,171000,225200
71010310317,2019,58700,133500,192200
71010310325,2019,60000,139000,199000
71010310333,2019,56400,141200,197600
71010310341,2019,55400,133200,188600
71010310359,2019,56400,145800,202200
71010311018,2019,50500,139300,189800
71010311026,2019,54600,171200,225800
71010311034,2019,54600,142400,197000
71010311042,2019,0,0,0
71010311050,2019,54600,155100,209700
71010311068,2019,54600,175000,229600
71010311076,2019,54600,202700,257300
71010311084,2019,54600,157100,211700
71010311125,2019,57400,151000,208400
71010311133,2019,57400,149500,206900
71010311141,2019,57400,151400,208800
71010311159,2019,57400,158700,216100
71010311167,2019,53100,138700,191800
71010311175,2019,59200,146500,205700
71010311183,2019,59000,168700,227700
71010311191,2019,62700,120300,183000
71010311208,2019,50100,168800,218900
71010311216,2019,51000,156900,207900
71010311224,2019,52400,141100,193500
71010311232,2019,51000,143000,194000
71010311240,2019,51000,152000,203000
71010311258,2019,51000,148200,199200
71010311266,2019,51000,151000,202000
71010311274,2019,51000,200500,251500
71010311282,2019,54600,146900,201500
71010311290,2019,54600,187900,242500
71010311307,2019,54600,150000,204600
71010311315,2019,54600,164400,219000
71010311323,2019,54600,160400,215000
71010311331,2019,54600,151700,206300
71010311349,2019,54600,133300,187900
71010311357,2019,54600,128600,183200
71010311365,2019,54600,123900,178500
71010311373,2019,52400,152800,205200
71010311381,2019,52400,194500,246900
71010311399,2019,57400,162100,219500
71010312016,2019,51600,151500,203100
71010312024,2019,53200,138300,191500
71010312032,2019,53200,140200,193400
71010312040,2019,51700,144300,196000
71010312058,2019,51700,130500,182200
71010312066,2019,51700,124600,176300
71010312074,2019,51700,130000,181700
71010312082,2019,51700,135200,186900
71010312090,2019,51700,135500,187200
71010312107,2019,51700,164200,215900
71010312115,2019,51600,115600,167200
71010313014,2019,52800,162700,215500
71010313022,2019,51200,197800,249000
71010313030,2019,48700,173900,222600
71010313048,2019,48700,150500,199200
71010313056,2019,48700,171800,220500
71010313064,2019,48700,141400,190100
71010313072,2019,48700,149300,198000
71010313080,2019,48700,194800,243500
71010313098,2019,48700,152300,201000
71010313105,2019,55700,187900,243600
71010313113,2019,55700,203100,258800
71010313121,2019,55700,155300,211000
71010313139,2019,55700,150700,206400
71010313147,2019,55700,256300,312000
71010313155,2019,55700,172100,227800
71010313163,2019,55700,208000,263700
71010313171,2019,55700,180300,236000
71010313189,2019,55700,207700,263400
71010313197,2019,55700,176500,232200
71010313204,2019,59500,201900,261400
71010313212,2019,59500,182400,241900
71010313220,2019,59100,147800,206900
71010313238,2019,63500,164500,228000
71010313246,2019,57000,176100,233100
71010313254,2019,58300,187100,245400
71010313262,2019,56700,104500,161200
71010313270,2019,56700,172200,228900
71010313288,2019,56700,171700,228400
71010313296,2019,62300,156500,218800
71010313303,2019,62600,129700,192300
71010313311,2019,62100,146000,208100
71010313329,2019,63500,192800,256300
71010313337,2019,58700,189500,248200
71010313345,2019,57000,205000,262000
71010313353,2019,55700,174300,230000
71010313361,2019,55700,164100,219800
71010313379,2019,55700,155300,211000
71010313387,2019,55700,158700,214400
71010313395,2019,55700,132500,188200
71010313402,2019,55700,175200,230900
71010313410,2019,55700,157100,212800
71010313428,2019,55700,215800,271500
71010313436,2019,55700,170300,226000
71010313444,2019,45500,190600,236100
71010313452,2019,45500,199500,245000
71010313460,2019,48700,143100,191800
71010313478,2019,48700,143300,192000
71010313486,2019,48700,143400,192100
71010313494,2019,48700,167300,216000
71010313501,2019,48700,129500,178200
71010313519,2019,48700,141700,190400
71010313527,2019,48700,183500,232200
71010313535,2019,49600,133300,182900
71010313543,2019,50500,133700,184200
71010314012,2019,57200,132900,190100
71010314020,2019,66000,175900,241900
71010314046,2019,66100,223700,289800
71010314054,2019,56700,198000,254700
71010314062,2019,56700,202700,259400
71010314070,2019,56700,194800,251500
71010314088,2019,56800,209100,265900
71010314096,2019,62100,212800,274900
71010314103,2019,62100,181900,244000
71010314111,2019,63500,201300,264800
71010314129,2019,62500,202900,265400
71010314137,2019,48700,158900,207600
71010314145,2019,46400,161800,208200
71010314153,2019,53400,136900,190300
71010314161,2019,48700,199100,247800
71010314179,2019,56000,152500,208500
71010314187,2019,56100,156900,213000
71010314195,2019,56100,151500,207600
71010314202,2019,75800,229500,305300
71010314210,2019,56700,195300,252000
71010314228,2019,56700,183300,240000
71010314236,2019,56700,205000,261700
71010314244,2019,56700,129300,186000
71010314252,2019,56700,167300,224000
71010314260,2019,56700,170100,226800
71010315010,2019,59100,151300,210400
71010315028,2019,59100,143900,203000
71010315036,2019,59100,153100,212200
71010315044,2019,59100,131500,190600
71010315052,2019,59100,132200,191300
71010315060,2019,59100,169900,229000
71010315078,2019,48700,206400,255100
71010315086,2019,59100,212400,271500
71010315094,2019,58600,175800,234400
71010315101,2019,59000,153800,212800
71010315119,2019,59000,143300,202300
71010315127,2019,57100,163200,220300
71010315135,2019,48700,150500,199200
71010315143,2019,48700,142900,191600
71010315151,2019,48700,146900,195600
71010315169,2019,48700,162400,211100
71010315177,2019,48500,142700,191200
71010315185,2019,48700,146600,195300
71010315193,2019,49300,194200,243500
71010315200,2019,48700,138800,187500
71010315218,2019,51200,134400,185600
71010315226,2019,54200,159600,213800
71010315234,2019,55000,180200,235200
71010316018,2019,63500,197800,261300
71010316026,2019,48400,216200,264600
71010316034,2019,48400,194200,242600
71010316042,2019,50000,156000,206000
71010400720,2019,76000,165200,241200
71010400754,2019,76500,131700,208200
71010400762,2019,80200,140300,220500
71010400796,2019,75900,141900,217800
71010400803,2019,99000,145700,244700
71010400811,2019,100300,127600,227900
71010400829,2019,122400,123300,245700
71010400837,2019,104700,147800,252500
71010400845,2019,102600,186500,289100
71010400853,2019,79600,122500,202100
71010400861,2019,123500,25900,149400
71010400879,2019,102600,114200,216800
71010400895,2019,97700,118600,216300
71010400902,2019,84600,103200,187800
71010400910,2019,74700,229100,303800
71010400928,2019,99500,123000,222500
71010400936,2019,76000,159000,235000
71010401017,2019,45700,155100,200800
71010401025,2019,53400,156700,210100
71010401033,2019,55700,161700,217400
71010401041,2019,59600,163300,222900
71010401059,2019,80900,135100,216000
71010401067,2019,65700,190500,256200
71010401075,2019,59900,173500,233400
71010401083,2019,57200,199100,256300
71010401091,2019,59700,167100,226800
71010401108,2019,59700,160300,220000
71010401116,2019,59700,179400,239100
71010401124,2019,59700,171300,231000
71010401132,2019,59700,170100,229800
71010401140,2019,57900,181200,239100
71010401158,2019,56400,202000,258400
71010402015,2019,72000,190500,262500
71010402023,2019,72000,166600,238600
71010402031,2019,69500,173200,242700
71010402049,2019,73200,171100,244300
71010402057,2019,72200,149000,221200
71010402065,2019,76000,140200,216200
71010402073,2019,64700,185200,249900
71010402081,2019,53400,147900,201300
71010402099,2019,54100,176400,230500
71010402106,2019,49900,152000,201900
71010402114,2019,41300,166600,207900
71010403013,2019,56400,162200,218600
71010403021,2019,55700,179000,234700
71010403039,2019,52800,167800,220600
71010403047,2019,55700,185600,241300
71010403055,2019,55700,162900,218600
71010403063,2019,55700,187300,243000
71010403071,2019,52800,171200,224000
71010403089,2019,55700,148400,204100
71010403097,2019,52800,205800,258600
71010403104,2019,50700,205300,256000
71010403112,2019,55100,187800,242900
71010403120,2019,57000,155600,212600
71010403138,2019,59700,207000,266700
71010403146,2019,57000,146300,203300
71010403154,2019,59700,153500,213200
71010403162,2019,59700,199400,259100
71010403170,2019,59700,166900,226600
71010403188,2019,57300,188700,246000
71010403196,2019,59700,180300,240000
71010403203,2019,54400,180800,235200
71010404011,2019,62500,92500,155000
71010404029,2019,62300,142600,204900
71010404037,2019,58500,183500,242000
71010404045,2019,59000,183700,242700
71010404053,2019,59700,160400,220100
71010404061,2019,59700,187400,247100
71010404079,2019,59400,201900,261300
71010404087,2019,58700,148200,206900
71010404095,2019,59700,158700,218400
71010404102,2019,59700,212000,271700
71010404110,2019,59700,214200,273900
71010404128,2019,59700,182900,242600
71010404136,2019,66300,183600,249900
71010404144,2019,62500,192900,255400
71010404152,2019,60100,173900,234000
71010404160,2019,60100,172900,233000
71010404178,2019,59600,153400,213000
71010404186,2019,58700,171300,230000
71010404194,2019,56100,144800,200900
71010404243,2019,56600,169500,226100
71010404251,2019,59700,175000,234700
71010404269,2019,57900,173700,231600
71010404277,2019,60100,160800,220900
71010404285,2019,60100,162900,223000
71010404293,2019,57200,163300,220500
71010404300,2019,57200,149300,206500
71010404318,2019,60200,167800,228000
71010404326,2019,60200,190500,250700
71010404334,2019,60200,181300,241500
71010404342,2019,60100,181900,242000
71010404350,2019,59600,181900,241500
71010404368,2019,57300,181300,238600
71010404376,2019,59000,170700,229700
71010404384,2019,62700,225700,288400
71010404392,2019,64700,180100,244800
71010404409,2019,52000,169700,221700
71010404417,2019,55700,167700,223400
71010404425,2019,52800,174100,226900
71010404433,2019,53400,146400,199800
71010405019,2019,63400,150500,213900
71010405027,2019,76000,133700,209700
71010405035,2019,77600,169400,247000
71010405043,2019,79700,163500,243200
71010405051,2019,84500,171800,256300
71010405069,2019,84500,145200,229700
71010405077,2019,83400,113500,196900
71010405085,2019,77600,154000,231600
71010405093,2019,56100,182700,238800
71010405100,2019,80000,153400,233400
71010405118,2019,79900,191100,271000
71010405126,2019,75700,155800,231500
71010405134,2019,76500,152300,228800
71010405142,2019,72500,184000,256500
71010405150,2019,75900,175500,251400
71010405176,2019,77400,141000,218400
71010405184,2019,77400,138800,216200
71010405192,2019,77400,167900,245300
71010405209,2019,56500,149100,205600
71010405217,2019,77600,160900,238500
71010405225,2019,77600,171500,249100
71010405233,2019,71100,199400,270500
71010405241,2019,67000,188000,255000
71010405259,2019,66600,131100,197700
71010405267,2019,64900,128100,193000
71010406017,2019,56400,173100,229500
71010406025,2019,57900,117500,175400
71010406033,2019,57900,146100,204000
71010406041,2019,56400,139100,195500
71010406059,2019,55900,144900,200800
71010406067,2019,59000,209500,268500
71010406075,2019,55700,141900,197600
71010406083,2019,56500,168400,224900
71010406091,2019,59400,171700,231100
71010406108,2019,56500,218900,275400
71010406116,2019,59400,190500,249900
71010406124,2019,55900,158800,214700
71010406132,2019,58500,156300,214800
71010406140,2019,53200,171600,224800
71010406158,2019,57200,178000,235200
71010406166,2019,56500,159300,215800
71010406174,2019,56500,144700,201200
71010406182,2019,56500,146800,203300
71010406190,2019,56600,172400,229000
71010406207,2019,57600,171400,229000
71010406215,2019,59400,181600,241000
71010407015,2019,58600,158800,217400
71010407023,2019,57900,199000,256900
71010407031,2019,60400,183400,243800
71010407049,2019,60400,184600,245000
71010407057,2019,60400,191500,251900
71010407065,2019,57200,176800,234000
71010407073,2019,59900,183900,243800
71010407081,2019,60100,188600,248700
71010407099,2019,57300,148600,205900
71010407106,2019,57900,242500,300400
71010407114,2019,57000,157400,214400
71010407122,2019,59700,225400,285100
71010407130,2019,56100,145700,201800
71010407148,2019,58700,143600,202300
71010407156,2019,60400,185000,245400
71010407164,2019,59600,192400,252000
71010407172,2019,62400,191700,254100
71010407180,2019,52400,170100,222500
71010407198,2019,53400,136700,190100
71010407205,2019,51900,143900,195800
71010407213,2019,51900,142000,193900
71010407221,2019,55800,189200,245000
71010407239,2019,53000,146100,199100
71010407247,2019,55800,189200,245000
71010407255,2019,55800,170000,225800
71010407263,2019,55800,192300,248100
71010407271,2019,55800,206500,262300
71010407289,2019,52800,155300,208100
71010407297,2019,55700,182800,238500
71010407304,2019,55700,205600,261300
71010407312,2019,52800,177700,230500
71010407320,2019,52800,213300,266100
71010407338,2019,55700,193000,248700
71010407346,2019,52800,166900,219700
71010407354,2019,48200,139200,187400
71010408013,2019,52600,154100,206700
71010408021,2019,55700,174000,229700
71010408039,2019,52000,147100,199100
71010408047,2019,54400,221200,275600
71010408055,2019,52000,141600,193600
71010408063,2019,53000,155000,208000
71010408071,2019,52000,158400,210400
71010408089,2019,54400,143800,198200
71010408097,2019,53400,141500,194900
71010408104,2019,53400,152100,205500
71010408112,2019,51200,171400,222600
71010408120,2019,51200,169200,220400
71010408138,2019,48800,160000,208800
71010408146,2019,53400,167100,220500
71010408154,2019,58100,155600,213700
71010408162,2019,56600,137400,194000
71010408170,2019,58100,193900,252000
71010408188,2019,58100,196900,255000
71010408196,2019,56400,158600,215000
71010408203,2019,59000,186500,245500
71010408211,2019,59000,162400,221400
71010408229,2019,59000,141600,200600
71010408237,2019,56400,139600,196000
71010408245,2019,59000,187200,246200
71010408253,2019,59000,135000,194000
71010408261,2019,55700,232100,287800
71010409011,2019,57900,175000,232900
71010409029,2019,59000,185100,244100
71010409037,2019,59000,161300,220300
71010409045,2019,56400,152400,208800
71010409053,2019,59000,174100,233100
71010409061,2019,56400,141200,197600
71010409079,2019,56400,158600,215000
71010409087,2019,56400,156500,212900
71010409095,2019,55800,134300,190100
71010409102,2019,55800,150700,206500
71010409110,2019,58100,148600,206700
71010409128,2019,58100,179700,237800
71010409136,2019,55700,186000,241700
71010409144,2019,55700,164800,220500
71010409152,2019,56600,141700,198300
71010409160,2019,56600,179100,235700
71010409178,2019,51200,159600,210800
71010410018,2019,56600,160200,216800
71010410026,2019,56600,141500,198100
71010410034,2019,56600,148400,205000
71010410042,2019,56600,155200,211800
71010410050,2019,56600,164600,221200
71010410068,2019,54900,175400,230300
71010410076,2019,51900,159500,211400
71010410084,2019,53200,129200,182400
71010410092,2019,65600,125600,191200
71010410109,2019,74200,164300,238500
71010410117,2019,66400,181000,247400
71010410125,2019,51300,170500,221800
71010410133,2019,57600,131200,188800
71010410141,2019,57900,161300,219200
71010410159,2019,59000,131400,190400
71010410167,2019,55900,119100,175000
71010410175,2019,55100,117100,172200
71010410183,2019,67700,117800,185500
71010410191,2019,67700,132300,200000
71010410208,2019,97700,149800,247500
71010410216,2019,67000,143000,210000
71010410224,2019,57900,149400,207300
71010410232,2019,53200,197100,250300
71010410240,2019,59000,152800,211800
71010410258,2019,65100,199800,264900
71010411016,2019,56400,135300,191700
71010411024,2019,56400,136300,192700
71010411032,2019,56400,169400,225800
71010411040,2019,56100,159900,216000
71010411058,2019,55700,179600,235300
71010411066,2019,53700,160800,214500
71010411074,2019,50900,158400,209300
71010411082,2019,52400,176600,229000
71010411090,2019,59600,133500,193100
71010411107,2019,59900,173300,233200
71010411115,2019,63400,206200,269600
71010411123,2019,68900,129600,198500
71010411131,2019,71400,182300,253700
71010411149,2019,73700,138800,212500
71010411157,2019,74700,147400,222100
71010411165,2019,73800,156000,229800
71010411173,2019,73200,151800,225000
71010411181,2019,71100,190900,262000
71010411199,2019,72500,143700,216200
71010412014,2019,53700,175300,229000
71010412022,2019,59000,145200,204200
71010412030,2019,56400,158900,215300
71010412048,2019,59000,149000,208000
71010412056,2019,56400,160300,216700
71010412064,2019,56400,164100,220500
71010412072,2019,59000,151000,210000
71010412080,2019,59000,152700,211700
71010412098,2019,59000,165700,224700
71010412105,2019,50700,191300,242000
71010412113,2019,54000,177000,231000
71010412121,2019,50700,154800,205500
71010412139,2019,60400,132200,192600
71010412147,2019,58700,184600,243300
71010412155,2019,59000,126200,185200
71010412163,2019,59000,144800,203800
71010412171,2019,59000,155700,214700
71010412189,2019,59000,168300,227300
71010412197,2019,56500,139000,195500
71010413012,2019,54400,217600,272000
71010413020,2019,53700,157800,211500
71010413038,2019,53700,143700,197400
71010413046,2019,52000,163800,215800
71010413054,2019,58100,164700,222800
71010413062,2019,57300,150800,208100
71010413070,2019,56600,199300,255900
71010413088,2019,56600,216800,273400
71010413096,2019,54000,194900,248900
71010413103,2019,54000,139000,193000
71010413111,2019,56600,196100,252700
71010413129,2019,53200,129400,182600
71010413137,2019,54000,151800,205800
71010413145,2019,57300,152100,209400
71010413153,2019,58500,140400,198900
71010413161,2019,56100,147200,203300
71010413179,2019,56100,147700,203800
71010413187,2019,55700,184300,240000
71010413195,2019,55700,201600,257300
71010413202,2019,58700,157300,216000
71010413210,2019,56100,166900,223000
71010413228,2019,58100,159800,217900
71010413236,2019,58100,155700,213800
71010413244,2019,54000,140900,194900
71010413252,2019,56600,142900,199500
71010413260,2019,56600,148500,205100
71010413278,2019,54000,142000,196000
71010413286,2019,56600,184700,241300
71010413294,2019,56600,142200,198800
71010413301,2019,56600,141000,197600
71010413319,2019,57300,148900,206200
71010413327,2019,58100,157600,215700
71010415018,2019,63200,223000,286200
71010415026,2019,70600,222400,293000
71010415034,2019,73800,183700,257500
71010415042,2019,64900,248200,313100
71010415068,2019,82400,203800,286200
71010415076,2019,72600,182800,255400
71010415084,2019,63400,261900,325300
71010415092,2019,63400,215400,278800
71010415109,2019,75600,82400,158000
71010415117,2019,80000,215100,295100
71010415125,2019,76300,252200,328500
71010415133,2019,65500,232100,297600
71010415141,2019,105500,305700,411200
71010415159,2019,73900,224300,298200
71010415167,2019,73800,220900,294700
71010415175,2019,78500,204300,282800
71010415183,2019,66400,213300,279700
71010415191,2019,63400,182000,245400
71010415208,2019,72500,205000,277500
71010415216,2019,74700,197000,271700
71010415224,2019,75600,182200,257800
71010415232,2019,77700,212200,289900
71010415240,2019,80500,226600,307100
71011102060,2019,83600,271000,354600
71011103068,2019,65100,336000,401100
71011103084,2019,61500,316900,378400
71011103092,2019,60400,290300,350700
71011103109,2019,59300,245000,304300
71011103117,2019,59200,246900,306100
71011103125,2019,60100,284900,345000
71011103133,2019,58600,203300,261900
71011104074,2019,73000,302200,375200
71011104082,2019,72800,343800,416600
71011104090,2019,72800,367500,440300
71011104107,2019,72800,266500,339300
71011104115,2019,72800,326300,399100
71011104123,2019,73000,260600,333600
71011105056,2019,92500,202500,295000
71011105064,2019,73700,364400,438100
71011105072,2019,72900,348000,420900
71011105080,2019,72900,364600,437500
71011105098,2019,72900,336100,409000
71011105105,2019,73500,326500,400000
71011110013,2019,72300,203400,275700
71011110021,2019,71300,192900,264200
71011110039,2019,70300,205100,275400
71011110047,2019,70700,220300,291000
71011110055,2019,70500,188700,259200
71011110063,2019,71100,172500,243600
71011111011,2019,73500,165800,239300
71011111029,2019,71400,188600,260000
71011111037,2019,72100,221000,293100
71011111061,2019,73000,186300,259300
71011111079,2019,72400,204600,277000
71011111087,2019,71400,193300,264700
71011111095,2019,72500,200500,273000
71011112019,2019,72100,199000,271100
71011112027,2019,70500,184500,255000
71011112035,2019,70700,176200,246900
71011112043,2019,70500,201900,272400
71011112051,2019,70500,183400,253900
71011112069,2019,70500,231900,302400
71011112077,2019,71300,207800,279100
71011112085,2019,70700,201300,272000
71011112093,2019,59300,298300,357600
71011112100,2019,57300,268100,325400
71011112118,2019,57400,257500,314900
71011112126,2019,57400,233400,290800
71011112134,2019,57400,337600,395000
71011112142,2019,58700,293000,351700
71011112150,2019,62500,190600,253100
71011112168,2019,60700,209700,270400
71011112176,2019,58800,249100,307900
71011112184,2019,56100,282800,338900
71011112192,2019,46200,232100,278300
71011112209,2019,46200,195800,242000
71011112217,2019,50300,299200,349500
71011112225,2019,54400,245600,300000
71011112233,2019,60100,249200,309300
71011112241,2019,60500,392600,453100
71011112259,2019,57400,249600,307000
71011112267,2019,57400,287800,345200
71011112275,2019,57400,231700,289100
71011112283,2019,57400,275900,333300
71011112291,2019,60400,234100,294500
71011113017,2019,70200,175000,245200
71011113025,2019,70200,184800,255000
71011113033,2019,70700,185700,256400
71011113041,2019,71100,221800,292900
71011113059,2019,72900,176700,249600
71011113067,2019,71100,163900,235000
71011113075,2019,71300,209500,280800
71011113083,2019,72700,206200,278900
71011113091,2019,72700,279800,352500
71011113108,2019,72700,263300,336000
71011113116,2019,74000,262100,336100
71011113124,2019,73400,208300,281700
71011113132,2019,71900,223000,294900
71011113140,2019,65200,292500,357700
71011113158,2019,65100,253700,318800
71011113166,2019,65700,261500,327200
71011113174,2019,66400,260400,326800
71011113182,2019,63000,262500,325500
71011113190,2019,61500,242400,303900
71011113207,2019,69100,274400,343500
71011113215,2019,63300,225500,288800
71011113223,2019,67800,313000,380800
71011113231,2019,69300,306300,375600
71011113249,2019,71200,303800,375000
71011113257,2019,62200,280300,342500
71011114015,2019,71400,227300,298700
71011114023,2019,71000,244000,315000
71011114031,2019,72800,216000,288800
71011114049,2019,71000,215500,286500
71011114057,2019,71100,208900,280000
71011114065,2019,73400,249600,323000
71011114073,2019,71000,211700,282700
71011114081,2019,71000,208300,279300
71011114099,2019,71000,228600,299600
71011114106,2019,71000,199500,270500
71011114114,2019,71100,243700,314800
71011114122,2019,66100,298000,364100
71011114130,2019,65200,291300,356500
71011114148,2019,65200,245100,310300
71011114156,2019,65800,232200,298000
71011114164,2019,65800,255600,321400
71011114172,2019,65200,265200,330400
71011114180,2019,65200,218900,284100
71011114198,2019,65800,281200,347000
71011115013,2019,71100,260400,331500
71011115021,2019,71000,155700,226700
71011115039,2019,71000,187900,258900
71011115047,2019,71000,169200,240200
71011115055,2019,71000,211100,282100
71011115063,2019,71300,174500,245800
71011115071,2019,71100,171500,242600
71011115089,2019,72100,192900,265000
71011115097,2019,71000,211900,282900
71011115104,2019,71000,210600,281600
71011115112,2019,71000,247600,318600
71011115120,2019,71900,246900,318800
71011115138,2019,71100,211100,282200
71011115146,2019,70200,217100,287300
71011116011,2019,70400,200700,271100
71011116029,2019,70500,217800,288300
71011116037,2019,70500,176300,246800
71011116045,2019,70500,225900,296400
71011116053,2019,70500,178800,249300
71011116061,2019,70500,216700,287200
71011116079,2019,70500,210300,280800
71011116087,2019,71100,210300,281400
71011116095,2019,66600,286600,353200
71011116102,2019,65400,344600,410000
71011116110,2019,65400,274500,339900
71011116128,2019,65800,359400,425200
71011117019,2019,71600,184800,256400
71011117027,2019,70500,201100,271600
71011117035,2019,70500,187400,257900
71011117043,2019,71100,202400,273500
71011117051,2019,71900,214700,286600
71011119015,2019,48000,213100,261100
71011119023,2019,45300,204800,250100
71011119031,2019,45300,248500,293800
71011119049,2019,55600,203100,258700
71011119057,2019,53200,209200,262400
71011119065,2019,51500,235200,286700
71011119073,2019,51000,262100,313100
71011119081,2019,50500,213300,263800
71011119099,2019,49800,261200,311000
71011119106,2019,55900,240800,296700
71011119114,2019,54400,229500,283900
71011119122,2019,49500,251600,301100
71011119130,2019,49500,274900,324400
71011119148,2019,49600,203200,252800
71011119156,2019,49900,221700,271600
71011119164,2019,50200,236200,286400
71011119172,2019,53100,219800,272900
71011119180,2019,55500,256900,312400
71011119198,2019,44500,237800,282300
71011119205,2019,44500,244800,289300
71011119213,2019,48000,212400,260400
71011119221,2019,53400,283500,336900
71011119239,2019,57100,243500,300600
71011119247,2019,51700,247700,299400
71011119255,2019,51700,269200,320900
71011119263,2019,51400,285400,336800
71011119271,2019,52400,247100,299500
71011119289,2019,51700,251000,302700
71011119297,2019,51700,229600,281300
71011119304,2019,51000,243900,294900
71011119312,2019,52400,256800,309200
71011119320,2019,53300,251500,304800
71011120020,2019,48600,230500,279100
71011120038,2019,48600,237200,285800
71011120046,2019,48500,238000,286500
71011120054,2019,48300,198200,246500
71011120062,2019,48000,252000,300000
71011120070,2019,47700,224100,271800
71011120088,2019,47200,291300,338500
71011120096,2019,46600,253000,299600
71011120103,2019,48000,207900,255900
71011120111,2019,57000,294500,351500
71011120129,2019,41100,219700,260800
71011120137,2019,43800,273600,317400
71011120145,2019,47500,268300,315800
71011120153,2019,42400,222600,265000
71011120161,2019,42700,246200,288900
71011120179,2019,42800,269600,312400
71011120187,2019,42800,225700,268500
71011120195,2019,42700,224700,267400
71011120202,2019,42500,235600,278100
71011120210,2019,42200,264100,306300
71011120228,2019,41700,228500,270200
71011120236,2019,41200,228800,270000
71011120244,2019,52800,262900,315700
71011120294,2019,37900,272800,310700
71011120301,2019,39200,252700,291900
71011120319,2019,58000,254200,312200
71011120327,2019,35700,237800,273500
71011120335,2019,43500,211500,255000
71011120343,2019,36400,241600,278000
71011121010,2019,46700,206100,252800
71011121028,2019,44500,246500,291000
71011121036,2019,44500,278000,322500
71011121044,2019,44500,243200,287700
71011121052,2019,44500,223000,267500
71011121060,2019,44500,250600,295100
71011121078,2019,47600,227100,274700
71011121086,2019,47300,217500,264800
71011121094,2019,34900,242400,277300
71011121101,2019,34600,215800,250400
71011121119,2019,34300,221300,255600
71011121127,2019,40600,229900,270500
71011121135,2019,38300,236400,274700
71011121143,2019,35900,282100,318000
71011121151,2019,35900,231600,267500
71011121169,2019,35900,237600,273500
71011121177,2019,35900,214500,250400
71011121185,2019,35900,212400,248300
71011121193,2019,35900,239000,274900
71011121200,2019,35900,212100,248000
71011121218,2019,38700,226200,264900
71011122018,2019,42000,243700,285700
71011122026,2019,34200,229800,264000
71011122034,2019,34200,212800,247000
71011122042,2019,34200,232900,267100
71011122050,2019,34200,223800,258000
71011122068,2019,34200,233300,267500
71011122076,2019,34200,232700,266900
71011122084,2019,34200,203000,237200
71011122092,2019,33900,213700,247600
71011122109,2019,39200,224400,263600
71011122117,2019,35800,247800,283600
71011122125,2019,33700,212800,246500
71011122133,2019,33400,246600,280000
71011122141,2019,45900,213800,259700
71011122159,2019,33900,219500,253400
71011122167,2019,34200,230500,264700
71011122175,2019,34200,225700,259900
71011122183,2019,34200,230800,265000
71011122191,2019,34200,224700,258900
71011122208,2019,34200,209100,243300
71011122216,2019,34200,252800,287000
71011122224,2019,34200,238200,272400
71011122232,2019,41100,228900,270000
71011123016,2019,52100,234800,286900
71011123024,2019,56900,258800,315700
71011123032,2019,52700,252300,305000
71011123040,2019,53000,247300,300300
71011123058,2019,43100,246900,290000
71011123066,2019,42900,217900,260800
71011123074,2019,42900,217100,260000
71011123082,2019,42900,253700,296600
71011123090,2019,45200,275800,321000
71011123107,2019,47500,219700,267200
71011123115,2019,34100,231700,265800
71011123123,2019,34100,240500,274600
71011123131,2019,34100,244300,278400
71011123149,2019,34100,254200,288300
71011123157,2019,45800,292900,338700
71011123165,2019,52700,342900,395600
71011123173,2019,36600,252700,289300
71011124014,2019,56000,312000,368000
71011124022,2019,55700,301700,357400
71011124030,2019,56800,270700,327500
71011124048,2019,57300,266300,323600
71011124056,2019,56700,355500,412200
71011124064,2019,57400,242200,299600
71011124072,2019,55700,254300,310000
71011124080,2019,56300,260200,316500
71011124098,2019,44500,239000,283500
71011124105,2019,41300,272900,314200
71011124113,2019,41300,215900,257200
71011124121,2019,41300,307100,348400
71011124139,2019,41300,246200,287500
71011124147,2019,42900,221700,264600
71011124155,2019,45700,251800,297500
71011124163,2019,43800,316700,360500
71011124171,2019,44300,230400,274700
71011124189,2019,45900,212100,258000
71011124197,2019,50600,193900,244500
71011124212,2019,55100,213600,268700
71011124220,2019,54500,282600,337100
71011125046,2019,71300,322100,393400
71011125054,2019,68300,261200,329500
71011125062,2019,64700,238200,302900
71011125070,2019,65500,257500,323000
71011125088,2019,64800,205200,270000
71011125096,2019,65500,244400,309900
71011125103,2019,64800,216100,280900
71011125111,2019,65300,285700,351000
71011125129,2019,64600,274100,338700
71011125137,2019,65200,255400,320600
71011125145,2019,65500,181200,246700
71011125153,2019,66800,325900,392700
71011125179,2019,65400,239400,304800
71011125187,2019,56900,228100,285000
71011125195,2019,56800,237300,294100
71011125202,2019,56700,241600,298300
71011125210,2019,56600,275100,331700
71011125228,2019,56500,259000,315500
71011125236,2019,56500,257400,313900
71011125244,2019,56500,283500,340000
71011125252,2019,60100,237900,298000
71011125260,2019,60100,261400,321500
71011126036,2019,65300,366400,431700
71011126044,2019,67100,351800,418900
71011126078,2019,62300,247500,309800
71011126086,2019,58700,265800,324500
71011126094,2019,60000,220300,280300
71011126101,2019,66500,321300,387800
71011126119,2019,72700,481200,553900
71011126127,2019,70400,255600,326000
71011126135,2019,69500,0,69500
71011126143,2019,72200,224100,296300
71011127018,2019,73600,321700,395300
71011127026,2019,74500,334200,408700
71011127034,2019,75500,372000,447500
71011127042,2019,73400,287700,361100
71011127050,2019,70000,248300,318300
71011127068,2019,72200,272800,345000
71011127076,2019,73400,296400,369800
71011127084,2019,71300,334100,405400
71011127092,2019,72200,446800,519000
71011127109,2019,73000,339300,412300
71011128016,2019,73300,350400,423700
71011128024,2019,73300,313000,386300
71011128032,2019,73300,308700,382000
71011128040,2019,75100,334900,410000
71011128058,2019,71900,296300,368200
71011128066,2019,73100,258900,332000
71011128074,2019,74000,230100,304100
71011128082,2019,75100,313600,388700
71011128090,2019,73800,287900,361700
71011128107,2019,72600,331200,403800
71011128115,2019,73900,248100,322000
71011204014,2019,40300,177100,217400
71011204022,2019,43300,204200,247500
71011204030,2019,44900,236100,281000
71011204048,2019,45500,207100,252600
71011204056,2019,48700,243400,292100
71011204064,2019,31900,213200,245100
71011204072,2019,31400,203600,235000
71011204080,2019,31400,245700,277100
71011204098,2019,31400,228600,260000
71011204105,2019,31400,217500,248900
71011204113,2019,31400,207900,239300
71011204121,2019,35200,206500,241700
71011204139,2019,37300,254300,291600
71011204147,2019,34400,230100,264500
71011204155,2019,34200,215800,250000
71011204163,2019,37000,207200,244200
71011204171,2019,38000,288700,326700
71011204189,2019,32800,203300,236100
71011204197,2019,32800,200700,233500
71011204204,2019,32800,209200,242000
71011204212,2019,32800,192000,224800
71011204220,2019,32800,214800,247600
71011204238,2019,32800,208100,240900
71011204246,2019,32800,205500,238300
71011204254,2019,38000,222300,260300
71011205012,2019,36600,236300,272900
71011205020,2019,36400,241700,278100
71011205038,2019,41400,213300,254700
71011205046,2019,32900,207100,240000
71011205054,2019,32900,237300,270200
71011205062,2019,32900,240900,273800
71011205070,2019,32900,222400,255300
71011205088,2019,32900,244200,277100
71011205096,2019,36300,222200,258500
71011205103,2019,40700,202500,243200
71011205111,2019,34000,212100,246100
71011205129,2019,33800,218300,252100
71011205137,2019,38400,205800,244200
71011205145,2019,36200,232200,268400
71011205153,2019,32900,230400,263300
71011205161,2019,32900,198600,231500
71011205179,2019,32900,202600,235500
71011205187,2019,32900,201400,234300
71011205195,2019,43400,220400,263800
71011206010,2019,31000,254500,285500
71011206028,2019,31400,204400,235800
71011206036,2019,31400,214000,245400
71011206044,2019,43700,222300,266000
71011206052,2019,47400,243000,290400
71011206060,2019,34200,243500,277700
71011206078,2019,34200,244000,278200
71011206086,2019,34200,237700,271900
71011206094,2019,34200,202500,236700
71011206101,2019,35200,239800,275000
71011206119,2019,41000,223800,264800
71011206127,2019,36000,260200,296200
71011206135,2019,36100,249900,286000
71011206143,2019,41200,229600,270800
71011207018,2019,41400,225600,267000
71011207026,2019,37000,188400,225400
71011207034,2019,37200,225500,262700
71011207042,2019,42800,234500,277300
71011207050,2019,39300,205000,244300
71011207068,2019,31400,208100,239500
71011207076,2019,31400,210200,241600
71011207084,2019,35400,205500,240900
71011207092,2019,37800,233900,271700
71011207109,2019,39100,213700,252800
71011207117,2019,39700,237000,276700
71011207125,2019,39500,189300,228800
71011207133,2019,42600,237100,279700
71011207141,2019,47500,176600,224100
71011207159,2019,45400,202000,247400
71011207167,2019,48000,234600,282600
71011207175,2019,42900,221300,264200
71011207183,2019,34200,211000,245200
71011207191,2019,36200,207800,244000
71011207208,2019,36500,199100,235600
71011207216,2019,35100,202100,237200
71011207224,2019,32000,216000,248000
71011207232,2019,31400,195000,226400
71011207240,2019,39300,206700,246000
71011208016,2019,39500,225500,265000
71011208024,2019,34200,240700,274900
71011208032,2019,36000,217600,253600
71011208040,2019,46600,179200,225800
71011208058,2019,21300,189600,210900
71011208066,2019,21400,175600,197000
71011208074,2019,21200,213800,235000
71011208082,2019,22800,165100,187900
71011208090,2019,23000,196900,219900
71011208107,2019,23600,163000,186600
71011208115,2019,23900,192600,216500
71011208123,2019,24800,206200,231000
71011208131,2019,24000,168500,192500
71011208149,2019,23300,168000,191300
71011208157,2019,43400,236300,279700
71011208165,2019,38900,203200,242100
71011208173,2019,43700,223900,267600
71011208181,2019,38400,234700,273100
71011208199,2019,34200,221000,255200
71011208206,2019,35100,205900,241000
71011208214,2019,35000,177500,212500
71011208222,2019,34500,206800,241300
71011208230,2019,33900,210800,244700
71011208248,2019,33400,219400,252800
71011208256,2019,32900,215000,247900
71011208264,2019,31900,202300,234200
71011208272,2019,31400,196200,227600
71011208280,2019,31400,214700,246100
71011208298,2019,36600,226900,263500
71011208313,2019,21100,189800,210900
71011208321,2019,21200,167700,188900
71011208339,2019,22700,165200,187900
71011208347,2019,21300,194000,215300
71011208355,2019,23300,171800,195100
71011208363,2019,23200,183400,206600
71011208371,2019,23900,211700,235600
71011208389,2019,24600,194200,218800
71011208397,2019,23900,184800,208700
71011208404,2019,22700,201400,224100
71011209014,2019,65300,229600,294900
71011209022,2019,61000,265700,326700
71011209030,2019,60300,271100,331400
71011209048,2019,61000,246800,307800
71011209056,2019,60300,302200,362500
71011209064,2019,61000,272800,333800
71011209072,2019,60300,284800,345100
71011209080,2019,61100,267400,328500
71011210011,2019,9200,0,9200
71011210029,2019,54300,220700,275000
71011210037,2019,54300,255800,310100
71011210045,2019,54300,208000,262300
71011210053,2019,54300,221800,276100
71011210061,2019,54300,202400,256700
71011210079,2019,54300,220700,275000
71011210087,2019,54300,200400,254700
71011210095,2019,51100,234800,285900
71011210102,2019,47800,231700,279500
71011210110,2019,51300,269700,321000
71011210128,2019,54300,205900,260200
71011210136,2019,54300,187600,241900
71011210144,2019,54300,249700,304000
71011210152,2019,54300,256200,310500
71011210160,2019,54300,218800,273100
71011210178,2019,54300,194300,248600
71011210186,2019,54300,253300,307600
71011210194,2019,9100,0,9100
71011210201,2019,2300,0,2300
71011210219,2019,2300,0,2300
71011211019,2019,53300,209500,262800
71011211027,2019,54300,221800,276100
71011211035,2019,54300,200500,254800
71011211043,2019,54300,233300,287600
71011211051,2019,54300,191100,245400
71011211069,2019,54300,204400,258700
71011211077,2019,54300,233700,288000
71011211085,2019,54300,185600,239900
71011211093,2019,51600,257200,308800
71011211100,2019,48300,212900,261200
71011211118,2019,51900,204000,255900
71011211126,2019,54300,182900,237200
71011211134,2019,54300,214600,268900
71011211142,2019,54300,230700,285000
71011211150,2019,54300,196800,251100
71011211168,2019,54300,190700,245000
71011211176,2019,54300,198700,253000
71011211184,2019,54300,171100,225400
71011211192,2019,53000,280800,333800
71011211209,2019,2300,0,2300
71011211217,2019,2300,0,2300
71011212025,2019,50600,241000,291600
71011212033,2019,50600,246900,297500
71011212041,2019,50600,229700,280300
71011212059,2019,50600,186600,237200
71011212067,2019,50600,196400,247000
71011212075,2019,50600,208300,258900
71011212083,2019,58300,257400,315700
71011212091,2019,50700,216100,266800
71011212108,2019,55700,224300,280000
71011212116,2019,58300,226700,285000
71011212124,2019,54100,191000,245100
71011212132,2019,57700,194500,252200
71011212140,2019,57800,188100,245900
71011212158,2019,52800,211900,264700
71011212166,2019,47700,242300,290000
71011212174,2019,47700,183800,231500
71011212182,2019,47700,183000,230700
71011212190,2019,47700,212300,260000
71011212223,2019,2100,0,2100
71011213015,2019,48000,204100,252100
71011213023,2019,47700,220500,268200
71011213031,2019,47700,224900,272600
71011213049,2019,47700,209600,257300
71011213057,2019,47700,222400,270100
71011213065,2019,58100,221800,279900
71011213073,2019,47700,209100,256800
71011213081,2019,44400,200100,244500
71011213099,2019,45200,212900,258100
71011213106,2019,56900,187800,244700
71011213114,2019,52300,207200,259500
71011213122,2019,47700,201000,248700
71011213130,2019,47700,297100,344800
71011213148,2019,47700,222300,270000
71011214021,2019,47700,202700,250400
71011214039,2019,52700,221000,273700
71011214047,2019,53100,199800,252900
71011214055,2019,47900,189900,237800
71011214063,2019,52100,229500,281600
71011214071,2019,47700,187600,235300
71011301018,2019,58000,137600,195600
71011301026,2019,56400,140100,196500
71011301034,2019,56400,153600,210000
71011301042,2019,56400,156700,213100
71011301050,2019,56400,146500,202900
71011301068,2019,56400,197200,253600
71011301076,2019,56400,145700,202100
71011301084,2019,56400,166500,222900
71011301092,2019,56400,161000,217400
71011301109,2019,57000,175500,232500
71011301125,2019,59700,141000,200700
71011301133,2019,59700,150200,209900
71011301141,2019,61300,163700,225000
71011301159,2019,61200,143400,204600
71011301167,2019,62400,142200,204600
71011301175,2019,60100,142900,203000
71011301183,2019,61500,157200,218700
71011302016,2019,59000,165300,224300
71011302024,2019,62200,143800,206000
71011302032,2019,64500,157300,221800
71011302040,2019,67000,158300,225300
71011302058,2019,62500,164400,226900
71011302066,2019,67000,155900,222900
71011302074,2019,61600,155400,217000
71011302082,2019,60200,171900,232100
71011302090,2019,66700,155200,221900
71011302107,2019,62600,195600,258200
71011302115,2019,61200,149400,210600
71011302123,2019,61200,175700,236900
71011302131,2019,61200,151600,212800
71011302149,2019,61200,158500,219700
71011303014,2019,55800,164900,220700
71011303022,2019,55800,167200,223000
71011303030,2019,55800,131400,187200
71011303048,2019,56100,160100,216200
71011303056,2019,57600,151300,208900
71011303064,2019,61300,139900,201200
71011303072,2019,60100,143200,203300
71011303080,2019,64400,165100,229500
71011303098,2019,64000,156700,220700
71011303105,2019,63800,154900,218700
71011303113,2019,66100,140400,206500
71011303121,2019,65000,161500,226500
71011303163,2019,65100,171700,236800
71011303220,2019,60100,149400,209500
71011303238,2019,60100,175500,235600
71011303246,2019,60100,138800,198900
71011303254,2019,60100,130700,190800
71011303262,2019,60100,129000,189100
71011303288,2019,62600,188900,251500
71011303303,2019,88000,0,88000
71011304012,2019,66800,191300,258100
71011304020,2019,61900,128200,190100
71011304038,2019,59100,182600,241700
71011304046,2019,61400,161500,222900
71011304054,2019,60400,182900,243300
71011304062,2019,59100,154900,214000
71011309020,2019,151000,192800,343800
71011309070,2019,62000,120100,182100
71011401016,2019,78800,227700,306500
71011401024,2019,81200,289700,370900
71011401032,2019,78300,284000,362300
71011401040,2019,83900,255800,339700
71011401058,2019,80200,266800,347000
71011401066,2019,111400,373300,484700
71011401074,2019,107700,277700,385400
71011401082,2019,97900,256000,353900
71011401090,2019,94200,307400,401600
71011402014,2019,81200,222700,303900
71011402022,2019,80600,248800,329400
71011402030,2019,94200,205500,299700
71011402048,2019,65800,283000,348800
71011402056,2019,96500,265800,362300
71011402064,2019,90800,227700,318500
71011402072,2019,92800,277500,370300
71011402080,2019,92600,239100,331700
71011402098,2019,90000,291300,381300
71011402105,2019,82100,290700,372800
71011402113,2019,84000,249200,333200
71011402121,2019,118500,271400,389900
71011402139,2019,106700,250900,357600
71011402147,2019,87000,321000,408000
71011402155,2019,88600,290800,379400
71011402163,2019,84900,227100,312000
71011402171,2019,86700,306400,393100
71011402197,2019,81400,307800,389200
71011402204,2019,84400,304800,389200
71011402212,2019,80700,298800,379500
71011402220,2019,95300,219100,314400
71011402238,2019,78500,268300,346800
71011403012,2019,93100,236100,329200
71011403020,2019,100000,264600,364600
71011403038,2019,77100,213100,290200
71011403046,2019,77100,262100,339200
71011403054,2019,82800,229700,312500
71011403062,2019,73700,214000,287700
71011403070,2019,80700,269700,350400
71011403088,2019,78000,225600,303600
71011403096,2019,78000,243300,321300
71011403103,2019,79000,265300,344300
71011404010,2019,81200,281100,362300
71011404028,2019,80700,268400,349100
71011404036,2019,88800,237900,326700
71011404044,2019,81200,245700,326900
71011404052,2019,80500,243300,323800
71011404060,2019,91900,271000,362900
71011404078,2019,92600,310000,402600
71011404086,2019,101600,283400,385000
71011404094,2019,85100,308400,393500
71011404101,2019,82200,318700,400900
71011404119,2019,92500,296900,389400
71011404127,2019,116800,221900,338700
71011404135,2019,103700,291100,394800
71011404143,2019,84700,228000,312700
71011404151,2019,90500,315700,406200
71011404169,2019,85100,270900,356000
71011404177,2019,82500,323100,405600
71011405018,2019,88800,228700,317500
71011405026,2019,72600,303800,376400
71011405034,2019,76300,285700,362000
71011405042,2019,93100,253400,346500
71011405050,2019,81400,299600,381000
71011405068,2019,93700,303900,397600
71011405076,2019,96600,276600,373200
71011405084,2019,96600,262200,358800
71011405092,2019,107000,235400,342400
71011405109,2019,99300,317000,416300
71011405117,2019,90800,272000,362800
71011405125,2019,88100,301100,389200
71011405133,2019,87900,292400,380300
71011405141,2019,90800,303800,394600
71011405159,2019,92200,268800,361000
71011405167,2019,92600,288900,381500
71011405175,2019,101600,256100,357700
71011405183,2019,103000,242600,345600
71011405191,2019,95700,265500,361200
71011405208,2019,104200,284200,388400
71011405216,2019,91200,269000,360200
71011406016,2019,80500,262300,342800
71011406024,2019,84900,234500,319400
71011406032,2019,86600,275700,362300
71011406040,2019,96500,281800,378300
71011406058,2019,92500,294300,386800
71011406066,2019,88900,300000,388900
71011406074,2019,88900,247700,336600
71011406082,2019,86600,267000,353600
71011406090,2019,88800,320300,409100
71011406107,2019,99100,233100,332200
71011406115,2019,103700,293700,397400
71011406123,2019,94100,269500,363600
71011406131,2019,88700,297400,386100
71011407014,2019,87900,311300,399200
71011407022,2019,96600,285800,382400
71011407030,2019,104600,285600,390200
71011407048,2019,93700,289000,382700
71011407056,2019,80500,306100,386600
71011407064,2019,96600,297000,393600
71011407072,2019,103000,251900,354900
71011407080,2019,120500,262200,382700
71011407098,2019,123500,268700,392200
71011407105,2019,115700,264600,380300
71011407113,2019,93800,275000,368800
71011407121,2019,92800,274900,367700
71011407139,2019,90900,294700,385600
71011407147,2019,90600,284000,374600
71011407155,2019,102200,255300,357500
71011407163,2019,104100,273800,377900
71011407171,2019,100900,291100,392000
71011407189,2019,117200,289300,406500
71011407197,2019,119600,278200,397800
71011407204,2019,102500,307000,409500
71011407212,2019,111400,293000,404400
71011407220,2019,106800,265100,371900
71011408012,2019,119600,363800,483400
71011408038,2019,157200,279600,436800
71011408046,2019,92800,346000,438800
71011408054,2019,106300,259500,365800
71011408062,2019,136700,301900,438600
71011408070,2019,110700,289100,399800
71011408088,2019,107300,226800,334100
71011408096,2019,107600,366400,474000
71011408103,2019,107300,291100,398400
71011409010,2019,118400,292000,410400
71011409036,2019,178300,437000,615300
71011409044,2019,103200,242700,345900
71011409052,2019,101500,296900,398400
71011409060,2019,97800,340200,438000
71011409078,2019,90600,287300,377900
71011409086,2019,118300,278000,396300
71011409094,2019,113500,303100,416600
71011409101,2019,126600,276200,402800
71011409119,2019,122200,281100,403300
71011410041,2019,50800,163400,214200
71011410075,2019,46800,171300,218100
71011410116,2019,46600,147500,194100
71011410124,2019,50800,169100,219900
71011411015,2019,101600,262400,364000
71011411023,2019,95300,297700,393000
71011411031,2019,92200,305200,397400
71011411049,2019,100900,301800,402700
71011411057,2019,97600,269500,367100
71011413011,2019,90000,216000,306000
71011417021,2019,42900,115200,158100
71011418110,2019,38500,95500,134000
71011418128,2019,39700,115700,155400
71011418136,2019,45300,135700,181000
71011423028,2019,49300,151700,201000
71012101011,2019,153500,77500,231000
71012101037,2019,168000,393800,561800
71012102077,2019,80800,192000,272800
71012201019,2019,95300,112800,208100
71012201043,2019,66000,234000,300000
71012201051,2019,66200,195000,261200
71012201069,2019,72800,270000,342800
71012201077,2019,68300,261400,329700
71012201085,2019,72800,210200,283000
71012201093,2019,67300,251900,319200
71012201100,2019,67100,256400,323500
71012201118,2019,65900,215700,281600
71012201126,2019,65400,250500,315900
71012201134,2019,72100,215700,287800
71012201142,2019,70100,255500,325600
71012201150,2019,72700,247400,320100
71012201168,2019,67200,220000,287200
71012201176,2019,67000,220900,287900
71012201184,2019,68900,243900,312800
71012201192,2019,68700,291900,360600
71012201209,2019,71600,253500,325100
71012201217,2019,70500,261000,331500
71012201225,2019,72200,316300,388500
71012201233,2019,67300,240900,308200
71012201241,2019,65100,231200,296300
71012201259,2019,65800,220900,286700
71012201267,2019,68400,253500,321900
71012201275,2019,76100,237600,313700
71012201283,2019,68200,299800,368000
71012201291,2019,68200,235100,303300
71012201308,2019,68100,165900,234000
71012201316,2019,118200,224000,342200
71012202132,2019,65300,197800,263100
71012202140,2019,63200,179800,243000
71012202158,2019,63600,182600,246200
71012202166,2019,63200,194300,257500
71012202174,2019,63600,184100,247700
71012202182,2019,63200,176800,240000
71012202190,2019,63600,196400,260000
71012202207,2019,63200,191800,255000
71012202215,2019,63600,202600,266200
71012202223,2019,63200,293700,356900
71012202231,2019,67800,211400,279200
71012205011,2019,76200,495700,571900
71012205037,2019,76200,278700,354900
71012205045,2019,69500,324100,393600
71012205053,2019,70600,253100,323700
71012205061,2019,70600,287600,358200
71012205079,2019,69500,286600,356100
71012205087,2019,69500,223700,293200
71012205095,2019,69500,395100,464600
71012205102,2019,69500,260600,330100
71012205110,2019,69500,259400,328900
71012205136,2019,69900,298700,368600
71012205144,2019,68800,267100,335900
71012205152,2019,70900,276100,347000
71012205160,2019,72800,249300,322100
71012205178,2019,76600,373100,449700
71012205186,2019,77100,301800,378900
71012205194,2019,72800,283800,356600
71012205201,2019,76600,280600,357200
71012205219,2019,77100,255100,332200
71012205227,2019,67300,307900,375200
71012205235,2019,66100,238400,304500
71012205243,2019,64200,232800,297000
71012205251,2019,61900,230100,292000
71012205277,2019,61600,204600,266200
71012205285,2019,68100,190000,258100
71012205293,2019,64400,179200,243600
71012205300,2019,63600,200900,264500
71012205318,2019,63600,189500,253100
71012205326,2019,63200,200000,263200
71012206019,2019,64800,185600,250400
71012206027,2019,64100,183500,247600
71012206035,2019,68000,195200,263200
71012206043,2019,62000,204500,266500
71012206069,2019,62000,244600,306600
71012206077,2019,63100,246000,309100
71012206085,2019,64700,249100,313800
71012206093,2019,64500,245000,309500
71012206100,2019,64500,226200,290700
71012206118,2019,64100,214300,278400
71012206126,2019,63000,234400,297400
71012206134,2019,62400,241900,304300
71012206142,2019,62700,233300,296000
71012206168,2019,61300,284400,345700
71012206176,2019,61600,238300,299900
71012206184,2019,61300,288500,349800
71012206192,2019,61300,242900,304200
71012206209,2019,61300,256600,317900
71012206217,2019,62500,275100,337600
71012206225,2019,62500,216400,278900
71012206233,2019,61300,236100,297400
71012206241,2019,61600,246300,307900
71012206259,2019,61300,230500,291800
71012206267,2019,61600,224300,285900
71012206275,2019,61600,209600,271200
71012206283,2019,61600,235800,297400
71012206291,2019,62100,227900,290000
71012206308,2019,63700,252500,316200
71012206316,2019,64200,219200,283400
71012206324,2019,64400,251500,315900
71012206332,2019,64600,245200,309800
71012206340,2019,61000,262000,323000
71012206358,2019,67900,209300,277200
71012206366,2019,64500,234600,299100
71012206374,2019,61700,204200,265900
71012207017,2019,65200,178600,243800
71012207025,2019,62300,198200,260500
71012207033,2019,63600,215400,279000
71012207041,2019,60000,217800,277800
71012207059,2019,62000,164000,226000
71012207067,2019,62300,198600,260900
71012207075,2019,58400,185200,243600
71012207083,2019,58400,221100,279500
71012207091,2019,61900,194200,256100
71012207108,2019,58700,197000,255700
71012207116,2019,58400,198700,257100
71012207124,2019,58400,199200,257600
71012207132,2019,58400,196800,255200
71012207140,2019,61800,182300,244100
71012207158,2019,62000,193000,255000
71012207166,2019,58400,216700,275100
71012207174,2019,58400,240900,299300
71012207182,2019,58400,191600,250000
71012207190,2019,61100,174300,235400
71012208015,2019,59600,179600,239200
71012208023,2019,58500,189700,248200
71012208031,2019,58500,191300,249800
71012208049,2019,58500,190600,249100
71012208057,2019,62000,183800,245800
71012208065,2019,63400,196000,259400
71012208073,2019,59400,188200,247600
71012208081,2019,59400,187400,246800
71012208099,2019,60500,191500,252000
71012208106,2019,60600,192900,253500
71012208114,2019,59400,223500,282900
71012208122,2019,59400,186800,246200
71012208130,2019,59400,215100,274500
71012208148,2019,62500,246600,309100
71012208156,2019,58500,201500,260000
71012208164,2019,58500,237000,295500
71012208172,2019,58500,191500,250000
71012208180,2019,59600,182400,242000
71012209013,2019,59600,208000,267600
71012209021,2019,58500,203500,262000
71012209039,2019,58500,194000,252500
71012209047,2019,58500,173600,232100
71012209055,2019,62200,201600,263800
71012209063,2019,63300,225500,288800
71012209071,2019,58700,207300,266000
71012209089,2019,58700,216100,274800
71012209097,2019,59500,200700,260200
71012209104,2019,59500,190500,250000
71012209112,2019,58700,214400,273100
71012209120,2019,58700,197500,256200
71012209138,2019,63100,181800,244900
71012209146,2019,62300,189800,252100
71012209154,2019,58500,211500,270000
71012209162,2019,58500,206500,265000
71012209170,2019,58500,193300,251800
71012209188,2019,60700,225100,285800
71012210010,2019,58700,186600,245300
71012210028,2019,58000,194000,252000
71012210036,2019,58000,177000,235000
71012210044,2019,58000,195200,253200
71012210052,2019,58000,189500,247500
71012210060,2019,61100,198000,259100
71012210078,2019,62900,202000,264900
71012210086,2019,58700,189100,247800
71012210094,2019,58700,212200,270900
71012210101,2019,59400,187200,246600
71012210119,2019,58500,203500,262000
71012210127,2019,58000,199600,257600
71012210135,2019,58000,199500,257500
71012210143,2019,61000,184100,245100
71012210151,2019,61300,221600,282900
71012210169,2019,58000,190300,248300
71012210177,2019,58000,194000,252000
71012210185,2019,58000,197800,255800
71012210193,2019,58000,196900,254900
71012210200,2019,58800,211600,270400
71012211018,2019,60000,202000,262000
71012211026,2019,59100,195900,255000
71012211034,2019,59100,207900,267000
71012211042,2019,59100,198700,257800
71012211050,2019,59100,220200,279300
71012211068,2019,62900,222000,284900
71012211076,2019,64300,217400,281700
71012211084,2019,59100,201700,260800
71012211092,2019,60800,201000,261800
71012211109,2019,63700,213600,277300
71012211117,2019,71400,185300,256700
71012211125,2019,71400,180100,251500
71012211133,2019,64800,209700,274500
71012211141,2019,60900,215100,276000
71012211159,2019,64400,296600,361000
71012211167,2019,62400,245800,308200
71012211175,2019,62400,251400,313800
71012211183,2019,63400,271700,335100
71012212016,2019,66200,239100,305300
71012212024,2019,63400,217500,280900
71012212032,2019,63400,186700,250100
71012212040,2019,63400,182800,246200
71012212058,2019,64100,246200,310300
71012213022,2019,54000,177900,231900
71012213080,2019,54000,229500,283500
71012216018,2019,67300,308700,376000
71012216026,2019,67300,226700,294000
71012216034,2019,67300,225100,292400
71012216042,2019,67300,216200,283500
71012216050,2019,67400,244300,311700
71012216068,2019,67000,262900,329900
71012216076,2019,67000,266700,333700
71012216084,2019,66800,222900,289700
71012217024,2019,67000,222600,289600
71012217032,2019,67000,226800,293800
71012217040,2019,68100,251900,320000
71012217058,2019,68400,260000,328400
71012217066,2019,67000,213900,280900
71012217074,2019,67000,243500,310500
71012217082,2019,69000,215800,284800
71012217123,2019,64300,185800,250100
71012217131,2019,64400,158900,223300
71012217181,2019,70900,193900,264800
71012217199,2019,61000,222500,283500
71012217214,2019,62600,181800,244400
71012217222,2019,66100,191500,257600
71012217230,2019,62500,200000,262500
71012217248,2019,62500,187400,249900
71012303063,2019,60100,129900,190000
71012303071,2019,44200,178600,222800
71012303089,2019,180000,250000,430000
71013201042,2019,80000,400000,480000
71013203064,2019,50700,65300,116000
71013203080,2019,37400,72600,110000
71013203147,2019,0,0,0
71014102017,2019,42000,179100,221100
71014102075,2019,46500,142900,189400
71014102124,2019,42000,165500,207500
71014102132,2019,46500,143900,190400
71014105160,2019,56700,1000,57700
71014105178,2019,53400,76600,130000
71014119012,2019,34600,65400,100000
71014119020,2019,63000,132000,195000
71014119038,2019,46300,103700,150000
71014120019,2019,70800,148200,219000
71014120043,2019,66600,101400,168000
71014120051,2019,47500,105500,153000
71014201025,2019,54800,144900,199700
71014201033,2019,55600,202800,258400
71014201041,2019,54300,158200,212500
71014201059,2019,55100,150700,205800
71014201067,2019,54700,155800,210500
71014201075,2019,54800,148700,203500
71014201083,2019,54300,156700,211000
71014201091,2019,56800,184400,241200
71014201108,2019,54000,145700,199700
71014201116,2019,54300,134300,188600
71014201124,2019,54000,151500,205500
71014201132,2019,56800,160500,217300
71014201140,2019,54000,133500,187500
71014201158,2019,54100,148200,202300
71014201166,2019,55900,191100,247000
71014201182,2019,54900,171800,226700
71014201190,2019,54100,150100,204200
71014201207,2019,54000,155300,209300
71014201215,2019,56800,128300,185100
71014201223,2019,56800,127300,184100
71014201231,2019,54300,131500,185800
71014201249,2019,54000,143700,197700
71014201257,2019,56800,129500,186300
71014201265,2019,54300,132000,186300
71014201273,2019,54800,141700,196500
71014201281,2019,54700,150700,205400
71014201299,2019,55100,146600,201700
71014201306,2019,54300,156900,211200
71014201314,2019,55100,162400,217500
71014201322,2019,61200,130800,192000
71014201356,2019,60100,138500,198600
71014201364,2019,58500,156600,215100
71014201372,2019,61300,140000,201300
71014201380,2019,57100,189900,247000
71014201398,2019,56800,182700,239500
71014201405,2019,55100,179300,234400
71014202015,2019,55900,169700,225600
71014202023,2019,53900,152100,206000
71014202031,2019,53900,135700,189600
71014202049,2019,53900,150300,204200
71014202057,2019,61500,131600,193100
71014202065,2019,56100,149500,205600
71014202073,2019,54700,156300,211000
71014202081,2019,59100,144200,203300
71014202099,2019,63100,147600,210700
71014202106,2019,62800,166300,229100
71014202114,2019,63400,155300,218700
71014202122,2019,66700,170500,237200
71014202130,2019,64200,161100,225300
71014202148,2019,67500,133500,201000
71014202156,2019,64000,176300,240300
71014202164,2019,59600,178400,238000
71014202172,2019,55700,144100,199800
71014202180,2019,55700,149100,204800
71014202198,2019,54300,160000,214300
71014202205,2019,54100,148400,202500
71014202213,2019,57500,140000,197500
71014202221,2019,62200,158400,220600
71014202239,2019,62500,138500,201000
71014202247,2019,58200,168700,226900
71014202255,2019,54800,167100,221900
71014202263,2019,54900,152400,207300
71014202271,2019,56100,153200,209300
71014202289,2019,57800,128500,186300
71014202297,2019,55900,114800,170700
71014202304,2019,55400,136000,191400
71014202312,2019,56800,145800,202600
71014202320,2019,58300,133700,192000
71014202338,2019,59100,152600,211700
71014202346,2019,55900,158600,214500
71014202354,2019,55900,206800,262700
71014202362,2019,55900,180400,236300
71014202370,2019,55900,154100,210000
71014202388,2019,55900,170100,226000
71014202396,2019,55900,218700,274600
71014202403,2019,55900,195300,251200
71014202411,2019,55900,169400,225300
71014202429,2019,55900,217800,273700
71014202437,2019,55900,194400,250300
71014202445,2019,55900,168300,224200
71014202453,2019,54300,205300,259600
71014202461,2019,55900,186900,242800
71014202479,2019,56800,180300,237100
71014203039,2019,55700,191000,246700
71014203047,2019,54300,188700,243000
71014203055,2019,54300,172000,226300
71014203063,2019,54300,147100,201400
71014203071,2019,54300,145000,199300
71014203089,2019,54300,190500,244800
71014203097,2019,54300,176600,230900
71014203104,2019,55700,184600,240300
71014203112,2019,58300,172700,231000
71014203120,2019,55800,181500,237300
71014203138,2019,55400,165400,220800
71014203146,2019,59200,169400,228600
71014203154,2019,58300,173600,231900
71014203162,2019,0,0,0
71014203170,2019,61500,234800,296300
71014203188,2019,0,0,0
71014203203,2019,60200,146400,206600
71014203229,2019,55800,172700,228500
71014203237,2019,60300,194800,255100
71014203245,2019,60300,219600,279900
71014203253,2019,60300,204400,264700
71014203261,2019,60300,207100,267400
71014203279,2019,62900,202100,265000
71014203287,2019,62900,184400,247300
71014203295,2019,62900,194800,257700
71014203302,2019,62900,251300,314200
71014203310,2019,62900,214500,277400
71014203328,2019,62900,166500,229400
71014203336,2019,62900,293900,356800
71014203344,2019,62900,341000,403900
71014203352,2019,62900,202100,265000
71014203360,2019,62900,195000,257900
71014203378,2019,62900,202000,264900
71014203386,2019,62900,184800,247700
71014203394,2019,62900,187000,249900
71014203401,2019,58700,213100,271800
71014203419,2019,58700,209200,267900
71014203427,2019,58700,214300,273000
71014203435,2019,58700,202900,261600
71014203443,2019,58700,168100,226800
71014203451,2019,63400,207200,270600
71014203469,2019,58700,199800,258500
71014203477,2019,58700,186500,245200
71014203485,2019,58700,209400,268100
71014203493,2019,58700,204000,262700
71014203500,2019,57400,172500,229900
71014203518,2019,54600,208300,262900
71014204011,2019,58200,196700,254900
71014204029,2019,54900,176000,230900
71014204037,2019,54900,140700,195600
71014204045,2019,54900,177000,231900
71014204053,2019,54900,206800,261700
71014204061,2019,54900,190400,245300
71014204079,2019,54900,205000,259900
71014204087,2019,56900,179800,236700
71014204095,2019,54800,173200,228000
71014204102,2019,55100,162800,217900
71014204110,2019,54100,166100,220200
71014204128,2019,54700,200100,254800
71014204136,2019,54100,176100,230200
71014204144,2019,54700,195300,250000
71014204152,2019,54100,169200,223300
71014204160,2019,56400,139400,195800
71014205019,2019,55000,178200,233200
71014205027,2019,54800,187700,242500
71014205035,2019,54800,243300,298100
71014205043,2019,56800,221000,277800
71014205051,2019,51200,216400,267600
71014205069,2019,54800,242300,297100
71014205077,2019,56100,196500,252600
71014206017,2019,56100,195400,251500
71014206025,2019,56100,197100,253200
71014207031,2019,60400,144500,204900
71014207049,2019,60200,161600,221800
71014207057,2019,55600,178400,234000
71014207065,2019,55800,182200,238000
71014207073,2019,55900,171200,227100
71014207081,2019,57500,173900,231400
71014207099,2019,62000,143100,205100
71014207106,2019,61300,157500,218800
71014207114,2019,65700,156900,222600
71014207122,2019,61400,149800,211200
71014207130,2019,63100,157200,220300
71014207148,2019,66700,174400,241100
71014207156,2019,63600,149600,213200
71014207164,2019,58500,197000,255500
71014207172,2019,56100,167000,223100
71014207180,2019,56800,176600,233400
71014208013,2019,57200,147500,204700
71014208021,2019,54100,149200,203300
71014208039,2019,54800,183300,238100
71014208047,2019,56100,193000,249100
71014208055,2019,67500,170400,237900
71014208063,2019,64100,179100,243200
71014208071,2019,66700,167600,234300
71014208089,2019,57200,213100,270300
71014208097,2019,54100,115900,170000
71014208104,2019,55100,189900,245000
71014208112,2019,55100,167900,223000
71014208120,2019,56400,159900,216300
71014209011,2019,58200,177500,235700
71014209029,2019,55100,178100,233200
71014209037,2019,55100,188500,243600
71014209045,2019,55100,167900,223000
71014209053,2019,56800,146800,203600
71014209061,2019,64500,150200,214700
71014209079,2019,62600,139200,201800
71014209087,2019,67000,132900,199900
71014209095,2019,55900,168500,224400
71014209102,2019,54900,180500,235400
71014209110,2019,55600,187400,243000
71014209128,2019,55600,162300,217900
71014209136,2019,58000,156700,214700
71014210042,2019,57100,223400,280500
71014210050,2019,56800,171600,228400
71014210068,2019,56800,192900,249700
71014210076,2019,63800,193100,256900
71014210084,2019,61600,166400,228000
71014210092,2019,65000,220300,285300
71014210109,2019,59600,158900,218500
71014210117,2019,55400,182300,237700
71014210125,2019,57500,217900,275400
71014210133,2019,57500,175100,232600
71014210141,2019,56900,165200,222100
71014210159,2019,55400,186700,242100
71014210167,2019,64100,160500,224600
71014210175,2019,64900,165900,230800
71014210183,2019,66300,145800,212100
71014210191,2019,61200,148600,209800
71014210208,2019,55600,152500,208100
71014210216,2019,55100,152400,207500
71014210224,2019,57500,151400,208900
71014210232,2019,57500,169500,227000
71014210240,2019,55100,177500,232600
71014210258,2019,55800,175400,231200
71014210266,2019,55100,184900,240000
71014210274,2019,62200,153700,215900
71014210282,2019,64400,146100,210500
71014210290,2019,66700,128700,195400
71014210307,2019,60200,180500,240700
71014210315,2019,57100,184000,241100
71014210323,2019,59100,190200,249300
71014210331,2019,61200,184000,245200
71014210349,2019,63100,164800,227900
71014213012,2019,61600,172600,234200
71014213020,2019,54600,181200,235800
71014213038,2019,54600,169900,224500
71014213046,2019,54600,187300,241900
71014213054,2019,58500,174700,233200
71014213062,2019,54600,182700,237300
71014213070,2019,60100,164400,224500
71014213088,2019,55100,166200,221300
71014213096,2019,55100,224200,279300
71014213103,2019,55100,167600,222700
71014213111,2019,55100,156700,211800
71014213129,2019,55100,184500,239600
71014213137,2019,55100,168000,223100
71014213145,2019,58700,174000,232700
71014213153,2019,58700,187500,246200
71014213161,2019,58700,178200,236900
71014213179,2019,58700,179300,238000
71014213187,2019,60300,166700,227000
71014213195,2019,60300,204800,265100
71014213202,2019,60300,189000,249300
71014213210,2019,60300,214000,274300
71014213228,2019,60300,222200,282500
71014213236,2019,62900,220200,283100
71014213244,2019,62900,202700,265600
71014213252,2019,62900,202600,265500
71014213260,2019,62900,252400,315300
71014213278,2019,62900,200600,263500
71014213286,2019,62900,214300,277200
71014213294,2019,61600,181800,243400
71014213301,2019,60300,211200,271500
71014213319,2019,60300,157600,217900
71014213327,2019,58700,155400,214100
71014301023,2019,56900,242000,298900
71014301031,2019,56400,216400,272800
71014301049,2019,57000,207700,264700
71014301057,2019,55600,201300,256900
71014301065,2019,54700,165100,219800
71014301073,2019,61900,169000,230900
71014301081,2019,55700,209300,265000
71014301099,2019,55900,197600,253500
71014301106,2019,55700,156500,212200
71014301122,2019,55700,190400,246100
71014301130,2019,55100,181900,237000
71014301148,2019,57000,172900,229900
71014301156,2019,57600,171100,228700
71014301164,2019,58300,201500,259800
71014301172,2019,59200,165800,225000
71014301180,2019,60100,188500,248600
71014301198,2019,59700,183000,242700
71014301205,2019,61600,221800,283400
71014301213,2019,57200,183100,240300
71014301221,2019,55400,275200,330600
71014301239,2019,56100,220000,276100
71014301247,2019,57600,245100,302700
71014301255,2019,62500,208900,271400
71014301263,2019,63100,246100,309200
71014301271,2019,63100,227400,290500
71014301289,2019,61200,234200,295400
71014301297,2019,58200,246200,304400
71014301304,2019,57800,175000,232800
71014301312,2019,61600,248200,309800
71014301320,2019,60300,201400,261700
71014301338,2019,57000,195000,252000
71014302013,2019,57500,173500,231000
71014302021,2019,59100,205400,264500
71014302039,2019,60100,145000,205100
71014302047,2019,61500,226600,288100
71014302055,2019,62600,204600,267200
71014302063,2019,59600,220100,279700
71014302071,2019,59000,188700,247700
71014302089,2019,58000,206700,264700
71014302097,2019,58300,194800,253100
71014302104,2019,60900,161800,222700
71014302112,2019,56100,169700,225800
71014302120,2019,57800,226800,284600
71014302138,2019,55900,183800,239700
71014302146,2019,56900,259200,316100
71014303029,2019,59000,231300,290300
71014303037,2019,59000,268200,327200
71014303045,2019,59100,295700,354800
71014303053,2019,59000,294200,353200
71014303061,2019,57600,288200,345800
71014303079,2019,61200,258000,319200
71014303087,2019,59600,250600,310200
71014303095,2019,60900,216900,277800
71014303128,2019,58000,231400,289400
71014303136,2019,59200,301100,360300
71014303144,2019,58500,222600,281100
71014303152,2019,59100,225600,284700
71014303160,2019,57200,217100,274300
71014303178,2019,58300,201700,260000
71014303186,2019,54800,190500,245300
71014303194,2019,54800,207700,262500
71014303201,2019,54800,229300,284100
71014303219,2019,54800,216300,271100
71014303227,2019,57200,192400,249600
71014304019,2019,56000,234300,290300
71014304027,2019,56300,179200,235500
71014304035,2019,56300,215200,271500
71014304043,2019,58000,219700,277700
71014304051,2019,58000,249900,307900
71014304069,2019,56200,203200,259400
71014304077,2019,54200,189500,243700
71014304085,2019,53600,203900,257500
71014304093,2019,56000,188600,244600
71014304100,2019,56200,210300,266500
71014304176,2019,58300,276600,334900
71014304184,2019,52800,215300,268100
71014304192,2019,52300,238700,291000
71014304209,2019,57600,243200,300800
71014304217,2019,56200,196400,252600
71014304225,2019,55200,226800,282000
71014304233,2019,53900,200700,254600
71014304241,2019,54500,250600,305100
71014304259,2019,57400,210000,267400
71014306015,2019,60200,145400,205600
71014306023,2019,57600,173500,231100
71014306031,2019,57600,170900,228500
71014306049,2019,57000,160500,217500
71014306057,2019,64600,181700,246300
71014306065,2019,65000,137100,202100
71014306073,2019,66800,143800,210600
71014306081,2019,59400,183400,242800
71014306099,2019,56400,173300,229700
71014306106,2019,55800,193500,249300
71014306114,2019,55900,177200,233100
71014306122,2019,55700,164600,220300
71014306130,2019,54100,182800,236900
71014306148,2019,54900,149200,204100
71014306156,2019,57200,169800,227000
71014306164,2019,63800,181500,245300
71014306172,2019,67500,230500,298000
71014306180,2019,64000,140900,204900
71014306198,2019,57800,129700,187500
71014306205,2019,57100,198000,255100
71014306213,2019,57100,139900,197000
71014306221,2019,57100,163300,220400
71014306239,2019,57100,180600,237700
71014306247,2019,57100,161400,218500
71014306255,2019,57100,159900,217000
71014306263,2019,57100,162100,219200
71014306271,2019,57000,148700,205700
71014306289,2019,62000,163200,225200
71014306297,2019,66600,167700,234300
71014306304,2019,67500,187200,254700
71014306312,2019,63100,220900,284000
71014306320,2019,59100,195600,254700
71014306338,2019,57000,258200,315200
71014306346,2019,57000,219100,276100
71014306354,2019,57000,208000,265000
71014306362,2019,57000,209500,266500
71014306370,2019,59600,191400,251000
71014306388,2019,59600,222000,281600
71014306396,2019,62200,235700,297900
71014307013,2019,55100,224300,279400
71014307021,2019,56100,200100,256200
71014307039,2019,56900,217400,274300
71014307047,2019,54900,189500,244400
71014307055,2019,55700,202300,258000
71014307063,2019,55700,172800,228500
71014307071,2019,61600,173900,235500
71014307097,2019,57600,139400,197000
71014307104,2019,56400,231900,288300
71014307112,2019,55900,190800,246700
71014307120,2019,58500,182900,241400
71014307138,2019,62000,258000,320000
71014307146,2019,59200,191300,250500
71014307154,2019,61200,161300,222500
71014307162,2019,63600,172900,236500
71014307170,2019,64600,191400,256000
71014307188,2019,54700,209400,264100
71014307196,2019,55800,236800,292600
71014307203,2019,59700,216600,276300
71014307211,2019,55900,241600,297500
71014307229,2019,54100,230900,285000
71014307237,2019,54800,247500,302300
71014307253,2019,55400,179900,235300
71014307261,2019,55900,184500,240400
71014307279,2019,55400,242100,297500
71014307287,2019,54700,173800,228500
71014307295,2019,58200,193800,252000
71014307302,2019,63800,279000,342800
71014307310,2019,55700,189000,244700
71014307328,2019,54900,183400,238300
71014307336,2019,54300,174900,229200
71014307344,2019,54300,186400,240700
71014307352,2019,54900,192400,247300
71014307360,2019,61900,164000,225900
71014307378,2019,55100,191600,246700
71014307386,2019,55100,186700,241800
71014308011,2019,58500,150900,209400
71014308029,2019,58500,191400,249900
71014308037,2019,54300,190700,245000
71014308045,2019,54300,178700,233000
71014308053,2019,54100,163000,217100
71014308061,2019,54300,185400,239700
71014308079,2019,56400,154800,211200
71014308087,2019,57500,165500,223000
71014308095,2019,55600,173600,229200
71014308102,2019,55400,182500,237900
71014308110,2019,56100,203800,259900
71014310016,2019,62200,273000,335200
71014310024,2019,58300,175400,233700
71014310032,2019,66700,181400,248100
71014310040,2019,63100,223200,286300
71014310058,2019,63600,196200,259800
71014310066,2019,62200,205600,267800
71014310074,2019,64100,231700,295800
71014310082,2019,66700,219400,286100
71015101018,2019,52400,143900,196300
71015101026,2019,56300,180600,236900
71015101034,2019,56700,163900,220600
71015101042,2019,56700,150000,206700
71015101050,2019,54700,158300,213000
71015101068,2019,56900,123400,180300
71015101076,2019,56900,128600,185500
71015101084,2019,56900,129700,186600
71015101092,2019,54800,138400,193200
71015101109,2019,57500,148700,206200
71015101117,2019,57500,152500,210000
71015101125,2019,53400,131200,184600
71015101133,2019,57700,133700,191400
71015101141,2019,57700,138300,196000
71015101159,2019,48600,148900,197500
71015101167,2019,52300,131200,183500
71015101175,2019,52600,161400,214000
71015101191,2019,50300,131200,181500
71015101208,2019,50300,139700,190000
71015101216,2019,48500,155500,204000
71015101224,2019,88000,177400,265400
71015101232,2019,84000,104500,188500
71015101240,2019,84000,101100,185100
71015101258,2019,89800,143900,233700
71015101266,2019,105600,145900,251500
71015101274,2019,105600,136400,242000
71015101282,2019,83600,126000,209600
71015101290,2019,83600,131700,215300
71015101307,2019,78200,114400,192600
71015101315,2019,105600,105900,211500
71015101323,2019,80900,112600,193500
71015102016,2019,66100,146600,212700
71015102024,2019,66100,142700,208800
71015102032,2019,66100,124700,190800
71015102040,2019,66100,208500,274600
71015102058,2019,66100,126500,192600
71015102066,2019,66100,143300,209400
71015102074,2019,66100,122600,188700
71015102082,2019,66100,123800,189900
71015102090,2019,66100,150000,216100
71015102107,2019,66100,174300,240400
71015102115,2019,66100,137400,203500
71015102123,2019,63500,126400,189900
71015102131,2019,66100,203400,269500
71015102149,2019,52300,204700,257000
71015102157,2019,56500,146500,203000
71015102165,2019,52400,177600,230000
71015102181,2019,57900,134300,192200
71015102199,2019,53000,155700,208700
71015102206,2019,55300,159300,214600
71015102214,2019,57900,135600,193500
71015102222,2019,57900,121200,179100
71015102230,2019,57900,132300,190200
71015102248,2019,57900,130600,188500
71015102256,2019,55300,139400,194700
71015102264,2019,57900,137600,195500
71015102272,2019,57900,132700,190600
71015102280,2019,57900,148400,206300
71015102298,2019,57900,156300,214200
71015102305,2019,57900,151100,209000
71015102313,2019,54000,147700,201700
71015102321,2019,62500,135900,198400
71015103014,2019,64100,123300,187400
71015103022,2019,67900,201100,269000
71015103030,2019,67900,189800,257700
71015103048,2019,67900,233800,301700
71015103056,2019,67900,109600,177500
71015103064,2019,67900,140000,207900
71015103072,2019,67900,127600,195500
71015103080,2019,67900,138200,206100
71015103098,2019,67900,145000,212900
71015103105,2019,67900,138700,206600
71015103113,2019,67900,132900,200800
71015103121,2019,67900,168600,236500
71015103139,2019,64600,148100,212700
71015103147,2019,84100,146900,231000
71015103155,2019,61500,153500,215000
71015103163,2019,56600,168900,225500
71015103171,2019,68600,167300,235900
71015103189,2019,64300,139200,203500
71015103197,2019,67300,134200,201500
71015103204,2019,67300,141700,209000
71015103212,2019,67300,120600,187900
71015103220,2019,67300,147300,214600
71015103238,2019,67300,120900,188200
71015103246,2019,67300,125000,192300
71015103254,2019,67300,113900,181200
71015103262,2019,67300,141200,208500
71015103270,2019,67300,130700,198000
71015103288,2019,67300,144300,211600
71015103296,2019,63500,134500,198000
71015104012,2019,61300,131900,193200
71015104020,2019,61300,214000,275300
71015104038,2019,61300,145200,206500
71015104046,2019,57500,163300,220800
71015104054,2019,53000,171700,224700
71015104062,2019,61300,139500,200800
71015104070,2019,61300,167900,229200
71015104088,2019,61300,154300,215600
71015104096,2019,56900,185200,242100
71015104103,2019,56900,180900,237800
71015105010,2019,60700,168900,229600
71015105028,2019,61100,152400,213500
71015105036,2019,61100,166800,227900
71015105044,2019,66400,183900,250300
71015105052,2019,63700,158800,222500
71015105060,2019,66400,168500,234900
71015105078,2019,66400,129200,195600
71015105086,2019,66400,119800,186200
71015105094,2019,66400,142700,209100
71015105101,2019,61100,121100,182200
71015105119,2019,61100,142400,203500
71015105127,2019,61100,134400,195500
71015105135,2019,56700,133400,190100
71015105143,2019,59000,133000,192000
71015105151,2019,48600,138400,187000
71015105169,2019,46000,144000,190000
71015105177,2019,61100,144700,205800
71015105185,2019,61100,143200,204300
71015105193,2019,61100,145100,206200
71015105200,2019,61100,142200,203300
71015105218,2019,61100,177600,238700
71015105226,2019,61100,126300,187400
71015105234,2019,61100,128400,189500
71015105242,2019,61100,130100,191200
71015105250,2019,61100,159400,220500
71015105268,2019,61100,152700,213800
71015105276,2019,61100,147900,209000
71015105284,2019,61100,185400,246500
71015105292,2019,63700,157300,221000
71015105309,2019,57500,209500,267000
71015106018,2019,50300,165900,216200
71015106026,2019,61100,131400,192500
71015106034,2019,66400,114800,181200
71015106042,2019,66400,166600,233000
71015106050,2019,66400,143400,209800
71015106068,2019,61100,134700,195800
71015106076,2019,66400,125900,192300
71015106084,2019,58300,155100,213400
71015106092,2019,66400,129100,195500
71015106109,2019,61100,157000,218100
71015106117,2019,61100,132900,194000
71015106125,2019,66400,117900,184300
71015106133,2019,66400,145100,211500
71015106141,2019,66400,136200,202600
71015106159,2019,61200,163500,224700
71015106167,2019,58700,133800,192500
71015106175,2019,64600,196400,261000
71015106183,2019,66400,153200,219600
71015106191,2019,66400,182400,248800
71015106208,2019,61100,114900,176000
71015106216,2019,66400,157900,224300
71015106224,2019,66400,135800,202200
71015106232,2019,61100,155000,216100
71015106240,2019,58300,141600,199900
71015106258,2019,61100,132100,193200
71015106266,2019,66400,146900,213300
71015106274,2019,61100,156800,217900
71015106282,2019,61100,188900,250000
71015106290,2019,59200,119100,178300
71015106307,2019,47300,125100,172400
71015107016,2019,57500,184400,241900
71015107024,2019,61300,233000,294300
71015107032,2019,61300,157000,218300
71015107040,2019,61300,129200,190500
71015107058,2019,56900,149800,206700
71015107066,2019,55500,157400,212900
71015107074,2019,61300,125100,186400
71015107082,2019,61300,139900,201200
71015107090,2019,61300,178500,239800
71015107107,2019,53000,159500,212500
71015108014,2019,57500,136000,193500
71015108022,2019,61300,175600,236900
71015108030,2019,61300,145000,206300
71015108048,2019,61300,129700,191000
71015108056,2019,56900,152500,209400
71015108064,2019,56900,170000,226900
71015108072,2019,61300,203000,264300
71015108080,2019,61300,141900,203200
71015108098,2019,61300,137200,198500
71015108105,2019,57500,154700,212200
71015109012,2019,58300,134100,192400
71015109020,2019,62400,214600,277000
71015109038,2019,62400,177600,240000
71015109046,2019,63900,137600,201500
71015109054,2019,67900,157100,225000
71015109062,2019,54700,146800,201500
71015109070,2019,53100,165400,218500
71015109088,2019,50300,116700,167000
71015109096,2019,53100,174400,227500
71015110019,2019,46500,188400,234900
71015110027,2019,46900,169900,216800
71015110035,2019,47100,181900,229000
71015110043,2019,47600,139800,187400
71015110051,2019,47700,142200,189900
71015110069,2019,48600,137400,186000
71015110077,2019,48800,165700,214500
71015110085,2019,49000,156000,205000
71015110093,2019,49700,174500,224200
71015110142,2019,41100,170800,211900
71015110150,2019,41100,172800,213900
71015110168,2019,38200,165200,203400
71015110176,2019,38200,161300,199500
71015110184,2019,41100,176700,217800
71015110192,2019,38200,133500,171700
71015110209,2019,38200,145600,183800
71015110217,2019,41100,150200,191300
71015110225,2019,41600,131700,173300
71015110233,2019,40600,189500,230100
71015110241,2019,43200,165300,208500
71015110259,2019,41900,191000,232900
71015110267,2019,53600,179900,233500
71015110275,2019,52500,202500,255000
71015111041,2019,46200,186000,232200
71015111059,2019,43100,101900,145000
71015111067,2019,45200,169800,215000
71015111075,2019,45200,174900,220100
71015111083,2019,45200,180800,226000
71015111091,2019,46200,161600,207800
71015111108,2019,44000,190700,234700
71015111116,2019,50500,175300,225800
71015111124,2019,50700,167300,218000
71015111132,2019,43600,155100,198700
71015111140,2019,44300,162000,206300
71015111158,2019,43800,151300,195100
71015111166,2019,46200,188000,234200
71015111174,2019,43600,153100,196700
71015111182,2019,46200,177100,223300
71015111190,2019,46000,170200,216200
71015111207,2019,46000,154000,200000
71015111215,2019,45200,160400,205600
71015111223,2019,47600,172700,220300
71015111231,2019,46500,144400,190900
71015111249,2019,44300,183000,227300
71015111257,2019,52600,163500,216100
71015111265,2019,53100,184100,237200
71015111273,2019,45200,191800,237000
71015111281,2019,49000,159100,208100
71015111299,2019,43800,199800,243600
71015111306,2019,49700,182100,231800
71015111314,2019,48700,201100,249800
71015111322,2019,44200,141800,186000
71015111330,2019,46500,156600,203100
71015111348,2019,50600,174800,225400
71015112015,2019,47600,157200,204800
71015112023,2019,50600,173500,224100
71015112031,2019,50600,152900,203500
71015112049,2019,44700,191200,235900
71015112057,2019,40600,179500,220100
71015112065,2019,39900,235800,275700
71015112073,2019,37400,180400,217800
71015112081,2019,39900,189500,229400
71015112099,2019,47000,173100,220100
71015112106,2019,44000,159200,203200
71015112114,2019,45200,145400,190600
71015112122,2019,47100,203900,251000
71015112130,2019,43800,149300,193100
71015112148,2019,43300,152400,195700
71015112156,2019,47000,179100,226100
71015112164,2019,40300,157400,197700
71015112172,2019,39900,147900,187800
71015113013,2019,47000,153800,200800
71015113021,2019,47000,221000,268000
71015113039,2019,47000,166100,213100
71015113047,2019,46500,170500,217000
71015113055,2019,46400,144600,191000
71015113063,2019,47600,148100,195700
71015113071,2019,46500,166400,212900
71015113089,2019,43800,147900,191700
71015113097,2019,43300,144800,188100
71015113104,2019,43800,167400,211200
71015114011,2019,39600,163500,203100
71015114029,2019,43800,162700,206500
71015114037,2019,44200,145300,189500
71015114045,2019,43800,167500,211300
71015114053,2019,44200,155900,200100
71015114061,2019,43800,142300,186100
71015114079,2019,44000,155900,199900
71015114087,2019,45200,215700,260900
71015114095,2019,47700,179300,227000
71015114102,2019,53100,161900,215000
71015114110,2019,48800,141800,190600
71015114128,2019,43800,151300,195100
71015114136,2019,43200,175700,218900
71015114144,2019,43200,156300,199500
71015114152,2019,43200,148100,191300
71015114160,2019,46900,191400,238300
71015114178,2019,52700,212400,265100
71015114186,2019,49000,180700,229700
71015114194,2019,57200,213000,270200
71015114201,2019,56300,180500,236800
71015114219,2019,45200,187900,233100
71015114227,2019,51000,186700,237700
71015114235,2019,48600,152900,201500
71015114243,2019,45200,214300,259500
71015114251,2019,43200,211800,255000
71015114269,2019,45200,155700,200900
71015114277,2019,47100,142900,190000
71015114285,2019,71100,136400,207500
71015114293,2019,57800,146400,204200
71015114300,2019,51400,152000,203400
71015114318,2019,48700,198100,246800
71015114326,2019,46900,149900,196800
71015114334,2019,49700,192900,242600
71015114342,2019,46500,150200,196700
71015115019,2019,46500,161700,208200
71015115027,2019,41500,180500,222000
71015115035,2019,40600,180500,221100
71015115043,2019,39400,176700,216100
71015115051,2019,39100,171400,210500
71015115069,2019,39100,192700,231800
71015115077,2019,39100,174700,213800
71015115085,2019,39100,160700,199800
71015115093,2019,42400,161100,203500
71015115100,2019,48800,155700,204500
71015115118,2019,47000,164200,211200
71015115126,2019,50700,158600,209300
71015115134,2019,51000,192400,243400
71015115142,2019,53600,195200,248800
71015115150,2019,49700,138400,188100
71015115168,2019,50500,138900,189400
71015115176,2019,53000,185300,238300
71015115184,2019,53100,154400,207500
71015115192,2019,53200,214100,267300
71015116017,2019,44600,160000,204600
71015116025,2019,40600,186700,227300
71015116033,2019,47200,165000,212200
71015116041,2019,41800,168500,210300
71015116059,2019,48700,147000,195700
71015116067,2019,50600,165200,215800
71015116075,2019,50700,176300,227000
71015116083,2019,52000,157000,209000
71015116091,2019,54100,168200,222300
71015116108,2019,53100,173500,226600
71015116116,2019,50600,160600,211200
71015116124,2019,48700,164600,213300
71015116132,2019,47700,195300,243000
71015116140,2019,47600,189100,236700
71015116158,2019,47100,170500,217600
71015116166,2019,48800,192100,240900
71015116174,2019,51400,164400,215800
71015116182,2019,55400,177800,233200
71015116190,2019,45200,206200,251400
71015116207,2019,45200,211200,256400
71015116215,2019,46200,256800,303000
71015116223,2019,46200,193800,240000
71015116231,2019,46400,179000,225400
71015116249,2019,46400,169800,216200
71015116257,2019,46400,172500,218900
71015116265,2019,47000,186000,233000
71015116273,2019,49000,175300,224300
71015116281,2019,52000,196900,248900
71015116299,2019,49800,196100,245900
71015116306,2019,52500,184500,237000
71015116314,2019,53100,207600,260700
71015116322,2019,47700,192200,239900
71015117023,2019,56300,187500,243800
71015117031,2019,66200,204000,270200
71015117049,2019,56400,182100,238500
71015117057,2019,55100,169200,224300
71015117065,2019,54100,273400,327500
71015117073,2019,52700,155200,207900
71015117081,2019,53000,178200,231200
71015117099,2019,55400,181500,236900
71015117106,2019,53000,225700,278700
71015117114,2019,52000,227800,279800
71015117122,2019,52500,199600,252100
71015117130,2019,47100,167900,215000
71015117148,2019,52000,242200,294200
71015117156,2019,51400,162400,213800
71015117164,2019,50700,186500,237200
71015117172,2019,50600,162600,213200
71015117180,2019,51000,205100,256100
71015117198,2019,50700,163800,214500
71015117205,2019,50600,159700,210300
71015117213,2019,49700,191200,240900
71015117221,2019,50500,248200,298700
71015117239,2019,52700,241500,294200
71015117247,2019,55400,210200,265600
71015118013,2019,51000,184300,235300
71015118021,2019,56100,162700,218800
71015118039,2019,52000,168600,220600
71015118047,2019,52500,186000,238500
71015118055,2019,51400,153300,204700
71015118063,2019,52000,158900,210900
71015118071,2019,51400,159800,211200
71015118089,2019,49800,150300,200100
71015118097,2019,49000,141500,190500
71015118104,2019,48800,168900,217700
71015118112,2019,47600,156000,203600
71015118120,2019,47000,192600,239600
71015118138,2019,50700,195800,246500
71015118146,2019,49800,188100,237900
71015118154,2019,51000,195900,246900
71015118162,2019,49800,213800,263600
71015118170,2019,48600,180200,228800
71015118188,2019,52500,196500,249000
71015118196,2019,50700,163000,213700
71015118203,2019,53600,155200,208800
71015118211,2019,50500,181900,232400
71015118229,2019,47000,161900,208900
71015118237,2019,46200,155700,201900
71015118245,2019,47100,159200,206300
71015118253,2019,51400,174400,225800
71015118261,2019,57600,165700,223300
71015118279,2019,58700,226200,284900
71015118287,2019,53000,189200,242200
71015118295,2019,49000,223000,272000
71015118302,2019,47100,161000,208100
71015119011,2019,51400,191200,242600
71015119029,2019,45200,179400,224600
71015119037,2019,55400,178600,234000
71015119045,2019,49000,157000,206000
71015119053,2019,48600,175500,224100
71015119061,2019,50500,203200,253700
71015119079,2019,49000,183200,232200
71015119087,2019,41600,149800,191400
71015119095,2019,40600,167900,208500
71015119102,2019,46500,157100,203600
71015119110,2019,43300,178400,221700
71015119128,2019,40300,183000,223300
71015119136,2019,40300,183900,224200
71015119144,2019,40300,181800,222100
71015119152,2019,40300,174300,214600
71015119160,2019,40300,154100,194400
71015119178,2019,40300,166300,206600
71015119186,2019,40300,170600,210900
71015119194,2019,41600,184300,225900
71015119285,2019,45200,166400,211600
71015119293,2019,46000,204600,250600
71015119300,2019,46000,167300,213300
71015119318,2019,46000,199500,245500
71015119326,2019,46000,181800,227800
71015119334,2019,46000,150400,196400
71015119342,2019,46000,189800,235800
71015119350,2019,46000,164900,210900
71015119368,2019,46000,184800,230800
71015119376,2019,46000,178300,224300
71015119384,2019,46900,211400,258300
71015119392,2019,50700,179300,230000
71015119409,2019,50600,198600,249200
71015119417,2019,53000,174000,227000
71015200919,2019,60800,78100,138900
71015200927,2019,82600,114400,197000
71015201016,2019,49600,147400,197000
71015201024,2019,62300,122800,185100
71015201032,2019,61100,181300,242400
71015201040,2019,61100,154100,215200
71015201058,2019,61100,139200,200300
71015201066,2019,61100,141300,202400
71015201074,2019,66400,157700,224100
71015201082,2019,66400,127700,194100
71015201090,2019,61100,180500,241600
71015201107,2019,61100,129000,190100
71015201115,2019,66400,122200,188600
71015201123,2019,66400,141200,207600
71015201131,2019,66400,186700,253100
71015201149,2019,63700,141200,204900
71015201157,2019,51400,198400,249800
71015201165,2019,81600,195500,277100
71015201173,2019,74900,221900,296800
71015201181,2019,74700,202300,277000
71015201199,2019,74900,199100,274000
71015201206,2019,77800,214000,291800
71015201214,2019,85200,217700,302900
71015201222,2019,83100,228800,311900
71015201230,2019,74200,214700,288900
71015201248,2019,74200,203600,277800
71015201256,2019,76100,220600,296700
71015201264,2019,72900,272600,345500
71015201272,2019,71900,206300,278200
71015201280,2019,71200,232500,303700
71015201298,2019,63900,181800,245700
71015201305,2019,74900,263800,338700
71015201313,2019,84000,194800,278800
71015201321,2019,76200,257400,333600
71015201339,2019,77600,232700,310300
71015201347,2019,88200,242300,330500
71015201355,2019,77800,282300,360100
71015201363,2019,77600,243200,320800
71015201371,2019,84400,270300,354700
71015201389,2019,80500,256100,336600
71015201397,2019,71900,223400,295300
71015201404,2019,71200,264400,335600
71015201412,2019,64300,317700,382000
71015201420,2019,46000,224500,270500
71015201438,2019,52600,167400,220000
71015201446,2019,43200,239800,283000
71015201454,2019,51400,192600,244000
71015201462,2019,53000,174500,227500
71015201470,2019,58200,227800,286000
71015202014,2019,50800,158200,209000
71015202022,2019,49600,203700,253300
71015202030,2019,49600,199700,249300
71015202048,2019,49600,195400,245000
71015202056,2019,49600,234000,283600
71015202064,2019,49600,172000,221600
71015202072,2019,49600,174500,224100
71015202080,2019,49600,163300,212900
71015202098,2019,49600,177200,226800
71015202105,2019,49600,174100,223700
71015202113,2019,49600,178700,228300
71015202121,2019,49600,180000,229600
71015202139,2019,47200,218200,265400
71015202147,2019,49600,161400,211000
71015202155,2019,49600,198700,248300
71015202163,2019,34700,181300,216000
71015202171,2019,44500,144500,189000
71015202189,2019,31700,160300,192000
71015202197,2019,34300,184700,219000
71015202204,2019,45200,224200,269400
71015202212,2019,52400,161400,213800
71015202220,2019,63500,200000,263500
71015202238,2019,54700,213300,268000
71015202246,2019,50200,208200,258400
71015202254,2019,45200,220100,265300
71015202262,2019,47300,193500,240800
71015202270,2019,47300,231300,278600
71015202288,2019,47300,154300,201600
71015202296,2019,47200,206400,253600
71015202303,2019,47200,198600,245800
71015202311,2019,47200,215900,263100
71015202329,2019,47200,203900,251100
71015202337,2019,47200,247100,294300
71015202345,2019,44900,208400,253300
71015202353,2019,47300,221500,268800
71015203012,2019,48600,201400,250000
71015203020,2019,48000,157100,205100
71015203038,2019,48000,140300,188300
71015203046,2019,48000,151400,199400
71015203054,2019,48000,137200,185200
71015203062,2019,48000,161200,209200
71015203070,2019,48000,154200,202200
71015203088,2019,48000,131200,179200
71015203096,2019,44800,147600,192400
71015203103,2019,50000,184700,234700
71015203111,2019,48000,136700,184700
71015203129,2019,48000,149100,197100
71015203137,2019,48000,167400,215400
71015203145,2019,48600,150300,198900
71015203153,2019,48600,136600,185200
71015203161,2019,35700,164800,200500
71015203179,2019,35200,211300,246500
71015203187,2019,49600,155000,204600
71015203195,2019,49600,167400,217000
71015203202,2019,49600,207300,256900
71015203210,2019,49600,199700,249300
71015203228,2019,49600,181500,231100
71015203236,2019,49600,196500,246100
71015203244,2019,49600,175300,224900
71015203252,2019,49600,190400,240000
71015203260,2019,49600,195000,244600
71015203278,2019,49600,168100,217700
71015203286,2019,49600,173100,222700
71015203294,2019,49600,183000,232600
71015203301,2019,49600,168500,218100
71015203319,2019,49600,175600,225200
71015203327,2019,49800,172500,222300
71015204010,2019,39400,170600,210000
71015204028,2019,48600,131400,180000
71015204036,2019,48600,152900,201500
71015204044,2019,48600,147000,195600
71015204052,2019,48600,203500,252100
71015204060,2019,46300,185200,231500
71015204078,2019,48600,168300,216900
71015204086,2019,48600,121700,170300
71015204094,2019,48600,147000,195600
71015204101,2019,48600,162600,211200
71015204119,2019,48600,158700,207300
71015204127,2019,48600,135100,183700
71015204135,2019,48600,159500,208100
71015204143,2019,48600,171400,220000
71015204151,2019,47500,149500,197000
71015204169,2019,47500,152200,199700
71015204177,2019,59200,231500,290700
71015204185,2019,64600,181300,245900
71015204193,2019,64600,188900,253500
71015204200,2019,71800,181000,252800
71015204218,2019,71900,216700,288600
71015204226,2019,71900,188100,260000
71015204234,2019,71900,179300,251200
71015204242,2019,71800,275700,347500
71015204250,2019,71200,184100,255300
71015204268,2019,70600,193300,263900
71015204276,2019,63900,236100,300000
71015204284,2019,69000,284600,353600
71015204292,2019,72500,206600,279100
71015204309,2019,83000,219800,302800
71015204317,2019,80700,194700,275400
71015204325,2019,75100,266700,341800
71015204333,2019,69900,155100,225000
71015204341,2019,47500,199500,247000
71015204359,2019,54100,228900,283000
71015205018,2019,42600,197000,239600
71015205026,2019,43300,157700,201000
71015205034,2019,51600,201400,253000
71015205042,2019,63500,183500,247000
71015205050,2019,51600,204400,256000
71015205068,2019,50400,164300,214700
71015205076,2019,71200,184100,255300
71015205084,2019,71200,155600,226800
71015205092,2019,69800,222500,292300
71015205109,2019,71200,155900,227100
71015206016,2019,48000,222300,270300
71015206024,2019,46700,187300,234000
71015206032,2019,47200,195800,243000
71015206040,2019,47200,191200,238400
71015206058,2019,47200,169500,216700
71015206066,2019,47200,169200,216400
71015206074,2019,47200,182900,230100
71015206082,2019,47200,188400,235600
71015206090,2019,47200,179300,226500
71015206107,2019,47200,160300,207500
71015206115,2019,47200,205300,252500
71015206123,2019,41900,191000,232900
71015206131,2019,66400,247300,313700
71015206149,2019,128300,293100,421400
71015206165,2019,81700,300400,382100
71015206173,2019,80000,251500,331500
71015206181,2019,83000,321400,404400
71015206199,2019,84000,220500,304500
71015206206,2019,81700,367100,448800
71015206214,2019,98500,281100,379600
71015206222,2019,80000,247000,327000
71015206230,2019,89600,276300,365900
71015206248,2019,81900,276600,358500
71015206256,2019,76300,287500,363800
71015206264,2019,72200,219200,291400
71015206272,2019,67300,271000,338300
71015206280,2019,74700,227400,302100
71015206298,2019,74700,252300,327000
71015206305,2019,76200,191500,267700
71015206313,2019,75100,300500,375600
71015206321,2019,76300,207300,283600
71015206339,2019,71300,223500,294800
71015206347,2019,76100,198900,275000
71015206355,2019,74500,211200,285700
71015206363,2019,74500,230000,304500
71015206371,2019,74600,191300,265900
71015206389,2019,74600,178400,253000
71015207014,2019,75100,210200,285300
71015207022,2019,74900,166600,241500
71015207030,2019,74200,181100,255300
71015207048,2019,74400,201000,275400
71015207056,2019,74400,202100,276500
71015207064,2019,74400,178500,252900
71015207072,2019,74400,193400,267800
71015207080,2019,74400,223600,298000
71015207098,2019,74400,177400,251800
71015207105,2019,74400,170700,245100
71015207113,2019,74300,153400,227700
71015207121,2019,75100,221900,297000
71015207139,2019,72700,182500,255200
71015207147,2019,74900,208800,283700
71015207155,2019,74200,159300,233500
71015207163,2019,74200,203400,277600
71015207171,2019,74200,180000,254200
71015207189,2019,74200,193800,268000
71015207197,2019,74400,248300,322700
71015207204,2019,75100,213800,288900
71015207212,2019,75100,161700,236800
71015207220,2019,75900,198100,274000
71015207238,2019,75100,298500,373600
71015207246,2019,75300,214700,290000
71015208012,2019,75900,201300,277200
71015208020,2019,74300,210700,285000
71015208038,2019,74300,171800,246100
71015208046,2019,74300,171800,246100
71015208054,2019,74300,164000,238300
71015208062,2019,74300,168700,243000
71015208070,2019,74300,181500,255800
71015208088,2019,74300,161600,235900
71015208096,2019,51100,164800,215900
71015208103,2019,64500,210100,274600
71015208111,2019,64600,161600,226200
71015208129,2019,65800,178900,244700
71015208145,2019,79500,262300,341800
71015208153,2019,79000,264500,343500
71015208161,2019,74200,206800,281000
71015208179,2019,76100,230300,306400
71015208187,2019,86100,282600,368700
71015208195,2019,78400,179100,257500
71015208202,2019,79100,193300,272400
71015208210,2019,71700,202800,274500
71015208228,2019,70800,266000,336800
71015208236,2019,74500,242800,317300
71015208244,2019,40200,191800,232000
71015208252,2019,61500,160500,222000
71015209010,2019,31600,156400,188000
71015209028,2019,31600,169400,201000
71015209036,2019,46400,214900,261300
71015209044,2019,49200,184000,233200
71015209052,2019,47100,320400,367500
71015210017,2019,42700,224800,267500
71015210025,2019,63900,178000,241900
71015210033,2019,63500,223500,287000
71015211015,2019,64800,200800,265600
71015211023,2019,58400,217100,275500
71015211031,2019,73900,388300,462200
71015211049,2019,73900,265500,339400
71015211057,2019,71800,219600,291400
71015211065,2019,70600,217900,288500
71015211073,2019,71000,208300,279300
71015211081,2019,68300,252500,320800
71015211099,2019,70800,284100,354900
71015211106,2019,71800,252800,324600
71015211114,2019,77400,254300,331700
71015211122,2019,77200,281900,359100
71015211130,2019,74900,233100,308000
71015211148,2019,83100,264900,348000
71015211164,2019,82300,268500,350800
71015211172,2019,74400,185300,259700
71015211180,2019,73800,301300,375100
71015211205,2019,72600,281900,354500
71015212013,2019,66200,198200,264400
71015212021,2019,64200,222100,286300
71015212039,2019,74400,250100,324500
71015212047,2019,62200,275100,337300
71015212055,2019,67000,231900,298900
71015212063,2019,71900,234200,306100
71015212071,2019,71900,243300,315200
71015212089,2019,73900,271800,345700
71015212097,2019,74100,291400,365500
71015300909,2019,102600,51700,154300
71015300917,2019,67500,59600,127100
71015403018,2019,57400,142000,199400
71015403133,2019,55900,167800,223700
71015403141,2019,48800,197100,245900
71015403159,2019,47600,157200,204800
71015403167,2019,48700,208600,257300
71015403175,2019,47600,215400,263000
71015403183,2019,50700,211000,261700
71015403191,2019,50600,160400,211000
71015403208,2019,56400,165500,221900
71015403216,2019,53200,179300,232500
71015403224,2019,65000,148800,213800
71015403232,2019,50700,176900,227600
71015403240,2019,55400,166000,221400
71015403258,2019,55900,246400,302300
71015403266,2019,53200,203300,256500
71015403274,2019,52000,174100,226100
71015403282,2019,52000,179200,231200
71015403290,2019,50700,177300,228000
71015403307,2019,52000,211600,263600
71015405022,2019,43600,149100,192700
71015405030,2019,41100,186500,227600
71015405048,2019,41100,185000,226100
71015405072,2019,0,0,0
71015405080,2019,43600,212800,256400
71015405098,2019,46400,245000,291400
71015405105,2019,46000,219600,265600
71015405113,2019,45200,186900,232100
71015405121,2019,49700,240800,290500
71015405139,2019,56300,167300,223600
71015405147,2019,55100,216900,272000
71015405155,2019,54100,203800,257900
71015405163,2019,52500,215600,268100
71015405171,2019,54100,156500,210600
71015405189,2019,47100,210500,257600
71015405197,2019,51400,139300,190700
71015405204,2019,51000,164000,215000
71015405212,2019,51000,202100,253100
71015405220,2019,46900,152900,199800
71015405238,2019,48700,183500,232200
71015405246,2019,55400,178500,233900
71015405254,2019,53600,192700,246300
71015405262,2019,50700,199900,250600
71015405270,2019,59400,222300,281700
71015405288,2019,50500,208400,258900
71015405296,2019,46900,203600,250500
71015405303,2019,48700,176500,225200
71015405311,2019,53600,213500,267100
71015406012,2019,49300,188400,237700
71015406020,2019,46400,187300,233700
71015406038,2019,46400,203400,249800
71015406046,2019,46400,209200,255600
71015406054,2019,46500,241000,287500
71015406062,2019,46500,206500,253000
71015406070,2019,46500,160700,207200
71015406088,2019,46500,214500,261000
71015406096,2019,48700,204400,253100
71015406103,2019,51000,153700,204700
71015406111,2019,50700,175100,225800
71015406129,2019,61900,128100,190000
71015406137,2019,56100,234500,290600
71015406145,2019,48800,259900,308700
71015406153,2019,46400,210100,256500
71015406161,2019,49700,188200,237900
71015406179,2019,57600,234700,292300
71015407028,2019,49800,181400,231200
71015407036,2019,53100,182200,235300
71015407044,2019,52500,184200,236700
71015407052,2019,52500,191700,244200
71015407060,2019,52500,226700,279200
71015407078,2019,52500,191500,244000
71015407086,2019,48800,181500,230300
71015407094,2019,55400,229400,284800
71015407101,2019,50600,179700,230300
71015407119,2019,50700,170600,221300
71015407127,2019,56100,165100,221200
71015407135,2019,55100,237100,292200
71015407143,2019,53000,271600,324600
71015407151,2019,55900,232100,288000
71016101017,2019,72600,106400,179000
71016101025,2019,75800,120700,196500
71016102049,2019,60400,80100,140500
71016102073,2019,55700,131800,187500
71016102099,2019,60000,81000,141000
71016102106,2019,70500,53500,124000
71016103013,2019,89000,71000,160000
71016103021,2019,75800,110300,186100
71016103039,2019,75800,124200,200000
71016103047,2019,63400,126400,189800
71016103055,2019,63500,121500,185000
71016103063,2019,63500,144700,208200
71016103071,2019,63500,146800,210300
71016103089,2019,63500,131000,194500
71016103097,2019,63500,50500,114000
71016103104,2019,63500,116000,179500
71016103112,2019,63500,158300,221800
71016103120,2019,63500,129200,192700
71016103146,2019,69100,93900,163000
71016103154,2019,73700,105400,179100
71016103170,2019,51900,119900,171800
71016103188,2019,75800,116700,192500
71016103196,2019,75800,168100,243900
71016104011,2019,63200,128600,191800
71016104029,2019,63300,87400,150700
71016104037,2019,63300,125900,189200
71016104045,2019,63300,101700,165000
71016104053,2019,63300,124400,187700
71016104061,2019,63300,130700,194000
71016104079,2019,63300,150500,213800
71016104087,2019,63300,133700,197000
71016104095,2019,63400,94500,157900
71016104102,2019,64800,130100,194900
71016104128,2019,66800,149400,216200
71016104136,2019,64600,164800,229400
71016104144,2019,62000,116900,178900
71016104152,2019,64000,124300,188300
71016104160,2019,62600,126000,188600
71016104178,2019,63300,151700,215000
71016104186,2019,63300,148300,211600
71016104194,2019,63300,103600,166900
71016104201,2019,63200,131800,195000
71016105019,2019,63200,142100,205300
71016105027,2019,63300,146700,210000
71016105035,2019,63300,119900,183200
71016105043,2019,60000,148300,208300
71016105051,2019,66300,134900,201200
71016105069,2019,63300,85700,149000
71016105077,2019,63300,81700,145000
71016105085,2019,66300,89700,156000
71016105093,2019,67000,159800,226800
71016105100,2019,60200,105800,166000
71016105118,2019,61000,117000,178000
71016105134,2019,63300,120900,184200
71016105142,2019,63300,151700,215000
71016105150,2019,63300,143700,207000
71016105168,2019,63300,121700,185000
71016105176,2019,63300,106700,170000
71016105184,2019,63300,95500,158800
71016105192,2019,63200,117800,181000
71016106017,2019,63800,79700,143500
71016106025,2019,63600,132100,195700
71016106033,2019,63300,186700,250000
71016106041,2019,63300,136700,200000
71016106059,2019,63300,134700,198000
71016106067,2019,63200,170800,234000
71016106075,2019,63300,103000,166300
71016106083,2019,63200,104100,167300
71016106116,2019,71400,113600,185000
71016106124,2019,61100,122900,184000
71016106132,2019,61500,146000,207500
71016106140,2019,61500,120300,181800
71016106158,2019,61400,88100,149500
71016107015,2019,63200,166500,229700
71016107023,2019,63200,145400,208600
71016107031,2019,63300,136300,199600
71016107049,2019,63300,181100,244400
71016107057,2019,63300,106900,170200
71016107065,2019,66500,168000,234500
71016107073,2019,66500,102600,169100
71016107081,2019,63300,87400,150700
71016107099,2019,63300,146700,210000
71016107106,2019,63300,92000,155300
71016108013,2019,61000,120900,181900
71016108021,2019,63600,109400,173000
71016108039,2019,58100,132200,190300
71016108047,2019,61700,106900,168600
71016108055,2019,61700,123300,185000
71016108063,2019,62100,127300,189400
71016108071,2019,62000,162000,224000
71016108089,2019,61000,158200,219200
71016108097,2019,61700,140700,202400
71016108104,2019,61700,128600,190300
71016108112,2019,62400,128000,190400
71016108120,2019,63900,142100,206000
71016108138,2019,61600,102000,163600
71016108146,2019,61500,125500,187000
71016108154,2019,61500,114800,176300
71016108162,2019,61500,91500,153000
71016108170,2019,61500,158200,219700
71016108188,2019,61500,156100,217600
71016108196,2019,62400,181400,243800
71016108203,2019,61500,158500,220000
71016108211,2019,61500,3500,65000
71016108229,2019,63400,132700,196100
71016109011,2019,57200,134800,192000
71016109029,2019,61400,145800,207200
71016109037,2019,63300,162200,225500
71016109045,2019,63300,99000,162300
71016109053,2019,63300,118900,182200
71016109061,2019,63200,93400,156600
71016109079,2019,50700,108100,158800
71016109087,2019,63300,125900,189200
71016109095,2019,63300,89200,152500
71016109102,2019,63300,179700,243000
71016109110,2019,63300,125600,188900
71016109128,2019,63200,138300,201500
71016109136,2019,63900,92900,156800
71016109144,2019,60700,98000,158700
71016109152,2019,70000,138300,208300
71016110026,2019,63300,134000,197300
71016110034,2019,63300,90800,154100
71016110042,2019,61700,163300,225000
71016110050,2019,58400,116600,175000
71016110076,2019,64500,145500,210000
71016110084,2019,60200,96600,156800
71016110092,2019,60300,151700,212000
71016110109,2019,67700,96900,164600
71016110117,2019,68400,130100,198500
71016110125,2019,62400,119900,182300
71016110133,2019,60800,138700,199500
71016110141,2019,61300,124400,185700
71016110159,2019,63900,126100,190000
71016110167,2019,61700,155800,217500
71016110175,2019,61100,91100,152200
71016110183,2019,60800,119400,180200
71016110191,2019,61700,128100,189800
71016110208,2019,63700,155300,219000
71016110216,2019,65000,114500,179500
71016111016,2019,45500,119000,164500
71016111024,2019,49500,158300,207800
71016111032,2019,49500,147100,196600
71016111040,2019,62000,131500,193500
71016111058,2019,59400,151500,210900
71016111066,2019,59700,136300,196000
71016111074,2019,58800,127000,185800
71016111082,2019,58800,143700,202500
71016111107,2019,59300,135700,195000
71016111115,2019,59300,145200,204500
71016111131,2019,54900,144400,199300
71016111149,2019,54900,123200,178100
71016111157,2019,47900,141000,188900
71016111165,2019,54200,122500,176700
71016112014,2019,57300,167500,224800
71016112022,2019,54800,88100,142900
71016112030,2019,54900,154200,209100
71016112048,2019,54900,139300,194200
71016112056,2019,54900,123700,178600
71016112064,2019,54900,132100,187000
71016112072,2019,54900,146500,201400
71016112080,2019,54900,90200,145100
71016112098,2019,54900,128700,183600
71016112105,2019,54900,87700,142600
71016112113,2019,54900,145100,200000
71016112121,2019,54900,170100,225000
71016112139,2019,54800,94900,149700
71016112147,2019,54600,150500,205100
71016112155,2019,54400,168700,223100
71016112171,2019,63700,110600,174300
71016112189,2019,54000,95100,149100
71016112197,2019,54000,107100,161100
71016112204,2019,54000,124400,178400
71016112212,2019,54000,158500,212500
71016112220,2019,54000,125600,179600
71016112238,2019,54000,149400,203400
71016112246,2019,54000,116800,170800
71016112254,2019,54000,160000,214000
71016112262,2019,54000,131000,185000
71016112270,2019,54000,117900,171900
71016112288,2019,54000,87800,141800
71016112296,2019,54000,139100,193100
71016112303,2019,64400,129600,194000
71016112311,2019,55900,116900,172800
71016112329,2019,56800,84200,141000
71016112337,2019,57500,102900,160400
71016113012,2019,54900,126100,181000
71016113020,2019,54900,132800,187700
71016113038,2019,54900,149900,204800
71016113046,2019,54600,151500,206100
71016113054,2019,55200,115400,170600
71016113062,2019,54900,117000,171900
71016113070,2019,54900,112700,167600
71016113088,2019,54900,97200,152100
71016113096,2019,26400,75700,102100
71016113103,2019,54900,119100,174000
71016113111,2019,54900,107100,162000
71016113129,2019,63400,152100,215500
71016113137,2019,60000,173100,233100
71016113153,2019,59600,126500,186100
71016113161,2019,54900,164900,219800
71016113179,2019,54900,202100,257000
71016113187,2019,54900,113600,168500
71016113195,2019,54900,143900,198800
71016113202,2019,54900,123500,178400
71016113210,2019,54900,120600,175500
71016113228,2019,54900,173100,228000
71016113236,2019,54900,135200,190100
71016113244,2019,54900,118200,173100
71016113252,2019,54900,122200,177100
71016113260,2019,54900,77200,132100
71016113278,2019,53800,113000,166800
71016113286,2019,54900,100700,155600
71016113294,2019,55600,169200,224800
71016113319,2019,55000,66400,121400
71016114010,2019,64000,46000,110000
71016114028,2019,54900,124600,179500
71016114036,2019,54900,160600,215500
71016114044,2019,54900,108700,163600
71016114052,2019,64000,148000,212000
71016114078,2019,54900,171900,226800
71016114086,2019,54900,153700,208600
71016114094,2019,54900,121700,176600
71016114101,2019,46700,84000,130700
71016114119,2019,60100,173000,233100
71016114127,2019,59600,173100,232700
71016114135,2019,51500,116500,168000
71016114143,2019,50900,69300,120200
71016114151,2019,54900,140700,195600
71016114169,2019,62900,108200,171100
71016114177,2019,54900,93200,148100
71016114185,2019,54900,139600,194500
71016114193,2019,64000,96000,160000
71016114218,2019,54900,118400,173300
71016114226,2019,54900,138600,193500
71016114234,2019,54900,141300,196200
71016114242,2019,54900,109100,164000
71016114250,2019,51200,131700,182900
71016114268,2019,54500,127500,182000
71016114276,2019,55800,148200,204000
71016114284,2019,56800,105100,161900
71016114292,2019,55700,143600,199300
71016115018,2019,59000,105000,164000
71016115026,2019,61200,137600,198800
71016115034,2019,59100,115900,175000
71016115042,2019,59100,138400,197500
71016115050,2019,59100,123900,183000
71016115068,2019,59100,83000,142100
71016115076,2019,59100,98100,157200
71016115084,2019,59100,86700,145800
71016115092,2019,59100,105700,164800
71016115109,2019,59100,90100,149200
71016115117,2019,60000,140000,200000
71016115125,2019,59900,106600,166500
71016116016,2019,60100,131200,191300
71016116024,2019,60100,149600,209700
71016116032,2019,59300,142200,201500
71016116040,2019,60900,144400,205300
71016116058,2019,61400,135700,197100
71016116107,2019,59300,112000,171300
71016116115,2019,59300,144600,203900
71016117014,2019,59800,107600,167400
71016117022,2019,59500,145500,205000
71016117030,2019,60000,142600,202600
71016117048,2019,60200,124800,185000
71016117056,2019,62400,148200,210600
71016117064,2019,64200,156300,220500
71016117072,2019,62200,123000,185200
71016117080,2019,61700,169400,231100
71016117098,2019,61100,148600,209700
71016117105,2019,60500,161000,221500
71016117113,2019,59000,163200,222200
71016117121,2019,59000,133800,192800
71016118012,2019,59500,143600,203100
71016118020,2019,60000,160000,220000
71016118038,2019,60300,142100,202400
71016118046,2019,60600,135500,196100
71016118054,2019,62600,126800,189400
71016118062,2019,62600,131800,194400
71016118070,2019,60600,132400,193000
71016118088,2019,60400,152900,213300
71016118096,2019,60500,129000,189500
71016118103,2019,59100,126400,185500
71016118111,2019,59000,105900,164900
71016118129,2019,59000,111000,170000
71016119010,2019,62300,141600,203900
71016119028,2019,62400,143300,205700
71016119036,2019,63100,120400,183500
71016119044,2019,63100,154500,217600
71016119052,2019,61700,128100,189800
71016119060,2019,61700,143400,205100
71016119078,2019,62400,134200,196600
71016119086,2019,62800,145000,207800
71016119094,2019,64000,141700,205700
71016119101,2019,65100,138000,203100
71016119119,2019,66200,145800,212000
71016119127,2019,67400,135600,203000
71016119135,2019,59000,142900,201900
71016119143,2019,62300,139300,201600
71016201015,2019,110300,207500,317800
71016201023,2019,69200,137900,207100
71016201031,2019,68100,146900,215000
71016201049,2019,67300,138200,205500
71016201057,2019,67500,145000,212500
71016201065,2019,66000,130900,196900
71016201073,2019,66600,164400,231000
71016201081,2019,66300,124600,190900
71016201099,2019,65400,132500,197900
71016201106,2019,65600,153600,219200
71016201114,2019,71300,129700,201000
71016201122,2019,81200,134900,216100
71016201130,2019,88600,219900,308500
71016201148,2019,71300,137600,208900
71016201156,2019,69500,175400,244900
71016201164,2019,69500,235500,305000
71016201172,2019,69500,163700,233200
71016201198,2019,62700,156600,219300
71016201205,2019,62800,162200,225000
71016201213,2019,62400,130400,192800
71016201221,2019,62400,142800,205200
71016201239,2019,62400,125100,187500
71016201271,2019,104400,162000,266400
71016201289,2019,107700,135300,243000
71016201297,2019,107700,132400,240100
71016201304,2019,64600,131500,196100
71016201312,2019,97800,136500,234300
71016201320,2019,69400,166800,236200
71016201338,2019,61000,170400,231400
71016201346,2019,61000,157900,218900
71016202013,2019,64800,166200,231000
71016202047,2019,107600,118200,225800
71016202055,2019,107300,91000,198300
71016202063,2019,107300,79900,187200
71016202071,2019,105900,116600,222500
71016202089,2019,103500,217500,321000
71016202120,2019,0,0,0
71016202138,2019,107700,151800,259500
71016202146,2019,107700,111200,218900
71016202154,2019,107700,135000,242700
71016202162,2019,107700,118900,226600
71016202170,2019,107700,262800,370500
71016202188,2019,73800,140500,214300
71016202196,2019,139300,140100,279400
71016202203,2019,107800,148700,256500
71016202211,2019,66800,277700,344500
71016202229,2019,0,0,0
71016202237,2019,59000,198100,257100
71016202245,2019,62100,300400,362500
71016203011,2019,66700,152900,219600
71016203029,2019,106800,229800,336600
71016203037,2019,106800,151300,258100
71016203045,2019,106800,133000,239800
71016203053,2019,106800,208800,315600
71016203061,2019,106800,188300,295100
71016203079,2019,106800,225500,332300
71016203087,2019,106800,143200,250000
71016203095,2019,67100,226700,293800
71016203102,2019,71100,113900,185000
71016203110,2019,126000,272200,398200
71016203128,2019,85700,102600,188300
71016203136,2019,106800,167500,274300
71016203144,2019,106800,115800,222600
71016203152,2019,106800,237700,344500
71016203160,2019,106800,134100,240900
71016203178,2019,106800,116600,223400
71016203186,2019,66600,146700,213300
71016203194,2019,64900,202500,267400
71016203201,2019,68800,232600,301400
71016203219,2019,66700,304300,371000
71016203227,2019,66800,277700,344500
71016203235,2019,63600,176500,240100
71016203243,2019,63600,204400,268000
71016204019,2019,67600,178300,245900
71016204027,2019,67600,157500,225100
71016204035,2019,67600,133800,201400
71016204043,2019,65000,152500,217500
71016204051,2019,66500,167200,233700
71016204069,2019,77700,183200,260900
71016204077,2019,104500,94900,199400
71016204085,2019,100800,112500,213300
71016204093,2019,91400,122100,213500
71016204100,2019,118400,111600,230000
71016204118,2019,65900,140500,206400
71016204126,2019,58300,138900,197200
71016204134,2019,58800,150200,209000
71016204142,2019,59000,108800,167800
71016204150,2019,59200,134700,193900
71016204168,2019,59000,92800,151800
71016204176,2019,64700,137100,201800
71016204184,2019,60100,134900,195000
71016204192,2019,96100,176300,272400
71016204209,2019,79200,126400,205600
71016205017,2019,64800,133700,198500
71016205025,2019,67300,155600,222900
71016205033,2019,62700,156300,219000
71016205041,2019,69200,137200,206400
71016205059,2019,68600,198000,266600
71016205067,2019,68500,101600,170100
71016205075,2019,64300,133200,197500
71016205083,2019,64400,178600,243000
71016205091,2019,63700,178200,241900
71016205108,2019,63600,234200,297800
71016206015,2019,62400,133600,196000
71016206023,2019,62700,99800,162500
71016206031,2019,65100,139300,204400
71016206049,2019,83000,166700,249700
71016206057,2019,67100,131100,198200
71016206065,2019,71600,168300,239900
71016206073,2019,68900,141100,210000
71016206081,2019,67700,165400,233100
71016206099,2019,69000,168700,237700
71016206106,2019,67500,139800,207300
71016206114,2019,65700,127800,193500
71016206122,2019,68200,151800,220000
71016206130,2019,68600,146200,214800
71016206148,2019,66000,177000,243000
71016206156,2019,84000,29400,113400
71016206164,2019,69100,164500,233600
71016206172,2019,66700,140000,206700
71016206180,2019,68000,161100,229100
71016206198,2019,68000,120600,188600
71016206205,2019,75500,134100,209600
71016206221,2019,60400,189600,250000
71016206239,2019,60700,211600,272300
71016206247,2019,64200,134300,198500
71016206255,2019,64700,237400,302100
71016207055,2019,59300,100800,160100
71016207104,2019,62700,158000,220700
71016207112,2019,61800,100900,162700
71016207120,2019,66600,108500,175100
71016207138,2019,66900,147100,214000
71016207146,2019,67900,225400,293300
71016207154,2019,75300,115400,190700
71016207162,2019,65600,144500,210100
71016207170,2019,85200,140700,225900
71016207188,2019,85200,124800,210000
71016207196,2019,76400,127100,203500
71016207203,2019,76200,128600,204800
71016207211,2019,76200,142100,218300
71016207229,2019,76200,175600,251800
71016207237,2019,76200,155300,231500
71016207245,2019,64600,164600,229200
71016207253,2019,69500,180600,250100
71016207261,2019,68700,165600,234300
71016207279,2019,85200,57900,143100
71016207287,2019,87900,202100,290000
71016207295,2019,71400,130700,202100
71016207302,2019,96400,121300,217700
71016207310,2019,75000,137200,212200
71016207328,2019,67100,218100,285200
71016207336,2019,67100,165600,232700
71016207344,2019,62600,204900,267500
71016207352,2019,59900,236500,296400
71016207386,2019,62700,99500,162200
71016208011,2019,67700,161800,229500
71016208029,2019,76600,138500,215100
71016208037,2019,76600,165300,241900
71016208045,2019,68000,151300,219300
71016208053,2019,68000,138100,206100
71016208061,2019,68000,247900,315900
71016208079,2019,68000,212900,280900
71016208087,2019,66800,136900,203700
71016208095,2019,62100,146400,208500
71016208102,2019,65800,169600,235400
71016208110,2019,63600,157300,220900
71016208128,2019,64700,149800,214500
71016208136,2019,62900,154700,217600
71016208144,2019,69000,181900,250900
71016208152,2019,69000,177600,246600
71016208160,2019,86100,176500,262600
71016209019,2019,88800,146800,235600
71016209027,2019,123900,158400,282300
71016209035,2019,71000,141000,212000
71016209043,2019,65800,263000,328800
71016209051,2019,83400,180900,264300
71016209069,2019,83600,190800,274400
71016209077,2019,67200,148200,215400
71016209085,2019,67300,148000,215300
71016209093,2019,103900,127600,231500
71016209100,2019,72300,149700,222000
71016209118,2019,66200,140000,206200
71016209126,2019,73900,151200,225100
71016209134,2019,73900,175200,249100
71016209142,2019,89800,132200,222000
71016209150,2019,89800,133200,223000
71016209168,2019,73900,201100,275000
71016209176,2019,73900,125100,199000
71016209184,2019,73900,118700,192600
71016209192,2019,73900,133900,207800
71016209209,2019,73900,140000,213900
71016209217,2019,73900,149900,223800
71016209225,2019,70800,176600,247400
71016209233,2019,68600,183300,251900
71016401029,2019,64600,133600,198200
71016402019,2019,62600,118100,180700
71016402027,2019,61800,121200,183000
71016402035,2019,61800,144900,206700
71016402043,2019,61900,143600,205500
71016402051,2019,61900,170500,232400
71016402069,2019,61800,165000,226800
71016402077,2019,61800,124200,186000
71016402085,2019,61800,135900,197700
71016402093,2019,61800,137200,199000
71016402100,2019,61800,143500,205300
71016402118,2019,61800,153100,214900
71016402259,2019,62500,138100,200600
71016402267,2019,62600,157800,220400
71016402283,2019,59200,162000,221200
71016402291,2019,59200,147500,206700
71016402308,2019,61800,129500,191300
71016403017,2019,62400,146100,208500
71016403025,2019,61700,155800,217500
71016403033,2019,61700,161700,223400
71016403041,2019,63100,144000,207100
71016403059,2019,63100,144100,207200
71016403067,2019,62400,140300,202700
71016403075,2019,62400,145600,208000
71016403083,2019,61900,137600,199500
71016403091,2019,62300,132700,195000
71016403108,2019,63700,133700,197400
71016403116,2019,65000,142200,207200
71016403124,2019,66400,147600,214000
71016403132,2019,62700,209700,272400
71016403140,2019,62600,139900,202500
71016404015,2019,62300,164100,226400
71016404023,2019,61700,159700,221400
71016404031,2019,61700,135300,197000
71016404049,2019,61700,148800,210500
71016404057,2019,61700,175100,236800
71016404065,2019,62400,158300,220700
71016404073,2019,62300,121900,184200
71016404081,2019,62300,136200,198500
71016404099,2019,62400,149600,212000
71016404106,2019,63100,136900,200000
71016404114,2019,61700,143500,205200
71016404122,2019,61700,149200,210900
71016404130,2019,61700,147800,209500
71016404148,2019,62300,128200,190500
71016405013,2019,62300,163700,226000
71016405021,2019,62400,142500,204900
71016405039,2019,62400,139700,202100
71016405047,2019,62400,138200,200600
71016405055,2019,62400,170200,232600
71016405063,2019,62400,136600,199000
71016405071,2019,62400,232500,294900
71016405089,2019,62400,143500,205900
71016406011,2019,62300,163800,226100
71016406029,2019,62400,140700,203100
71016406037,2019,62400,112700,175100
71016406045,2019,62400,131200,193600
71016406053,2019,62400,131600,194000
71016406061,2019,62400,136600,199000
71016406079,2019,62400,141700,204100
71016406087,2019,62300,140700,203000
71016406095,2019,62300,141600,203900
71016406102,2019,62400,177800,240200
71016406110,2019,62400,134200,196600
71016406128,2019,62400,131100,193500
71016406136,2019,62400,136300,198700
71016406144,2019,62400,112700,175100
71016406152,2019,62400,134100,196500
71016406160,2019,62300,113900,176200
71016407019,2019,62400,212400,274800
71016407027,2019,62400,156500,218900
71016407035,2019,62400,131200,193600
71016407043,2019,62400,154900,217300
71016407051,2019,62400,137600,200000
71016407069,2019,62400,147500,209900
71016407077,2019,62400,136100,198500
71016407085,2019,62400,116700,179100
71016407093,2019,61900,157300,219200
71016407100,2019,61900,160800,222700
71016407118,2019,61900,165000,226900
71016407126,2019,61900,133800,195700
71016407134,2019,61900,138100,200000
71016407142,2019,61900,137100,199000
71016407150,2019,61900,150300,212200
71016407168,2019,61900,160000,221900
71016409015,2019,61500,144200,205700
71016409023,2019,61600,143600,205200
71016409031,2019,61600,125000,186600
71016409049,2019,61600,156400,218000
71016409057,2019,61600,144500,206100
71016409065,2019,61400,143800,205200
71016409073,2019,61400,136300,197700
71016409081,2019,61400,166600,228000
71016409099,2019,61400,138800,200200
71016409106,2019,62000,137000,199000
71016409114,2019,61500,156500,218000
71016409122,2019,61500,128000,189500
71016409130,2019,61800,129500,191300
71016409148,2019,61800,152500,214300
71016409156,2019,61800,140900,202700
71016409164,2019,61800,144700,206500
71016409172,2019,61800,138200,200000
71016409180,2019,61800,142800,204600
71016409198,2019,61800,142500,204300
71016409205,2019,61700,156700,218400
71016410012,2019,62400,154800,217200
71016410020,2019,62200,143200,205400
71016410038,2019,0,0,0
71016410046,2019,61800,123200,185000
71016410054,2019,61600,129200,190800
71016410062,2019,61800,156900,218700
71016410070,2019,61900,116600,178500
71016410088,2019,62200,151400,213600
71016410096,2019,61600,138400,200000
71016410103,2019,61900,144600,206500
71016410111,2019,61900,139700,201600
71016410129,2019,61500,144100,205600
71016410137,2019,61500,155800,217300
71016410145,2019,61500,160400,221900
71016410153,2019,61500,145600,207100
71016410161,2019,61500,159300,220800
71016410179,2019,61500,131500,193000
71016410187,2019,61500,133300,194800
71016410195,2019,61500,124000,185500
71016410202,2019,61500,167600,229100
71016411010,2019,62300,126400,188700
71016411028,2019,61600,165900,227500
71016411036,2019,61600,136700,198300
71016411044,2019,61600,136100,197700
71016411052,2019,61600,129200,190800
71016411060,2019,61600,174900,236500
71016411078,2019,61600,145500,207100
71016411086,2019,61600,126400,188000
71016411094,2019,61600,170400,232000
71016411101,2019,61900,134400,196300
71016411119,2019,62200,147500,209700
71016411127,2019,61600,138400,200000
71016411135,2019,61600,126000,187600
71016411143,2019,61600,131400,193000
71016411151,2019,61600,142300,203900
71016411169,2019,61600,153600,215200
71016411177,2019,61700,129100,190800
71016411185,2019,62200,115000,177200
71016411193,2019,61700,127000,188700
71016411200,2019,61400,150900,212300
71016412018,2019,61600,131000,192600
71016412026,2019,61600,168400,230000
71016412034,2019,61600,138300,199900
71016412042,2019,61600,144900,206500
71016412050,2019,61600,151000,212600
71016412068,2019,61600,147800,209400
71016412076,2019,61600,154200,215800
71016412084,2019,61600,139200,200800
71016412092,2019,61600,140000,201600
71016412109,2019,61600,151400,213000
71016413040,2019,64800,130700,195500
71016413058,2019,64200,141900,206100
71016413066,2019,61900,176600,238500
71016413074,2019,61600,156900,218500
71016413082,2019,61600,178300,239900
71016413090,2019,61600,139800,201400
71016414014,2019,61600,150000,211600
71016414022,2019,61600,135000,196600
71016414030,2019,61600,162900,224500
71016414048,2019,61500,146200,207700
71016414056,2019,62200,147700,209900
71016414064,2019,63400,153400,216800
71016414072,2019,62600,140000,202600
71016414080,2019,62000,143100,205100
71016414105,2019,62900,146100,209000
71016414113,2019,62200,144300,206500
71016414121,2019,61700,167800,229500
71016414139,2019,61600,220400,282000
71016414147,2019,0,0,0
71016415012,2019,63900,135100,199000
71016415020,2019,62700,196700,259400
71016415038,2019,62700,155900,218600
71016415046,2019,63300,144700,208000
71016415054,2019,61700,146300,208000
71016415070,2019,63800,140100,203900
71016415096,2019,61700,134400,196100
71016415103,2019,66300,132000,198300
71016415111,2019,64100,153900,218000
71016415129,2019,63000,162300,225300
71016415137,2019,63100,150300,213400
71016415145,2019,61900,172100,234000
71016416010,2019,62000,156000,218000
71016416028,2019,62400,165500,227900
71016416036,2019,62600,195400,258000
71016416044,2019,62600,143500,206100
71016416052,2019,62600,140400,203000
71016416060,2019,62600,162200,224800
71016416078,2019,62500,149800,212300
71016416086,2019,62500,123000,185500
71016416094,2019,62600,139600,202200
71016416101,2019,62600,150000,212600
71016416119,2019,62600,140600,203200
71016416127,2019,62600,116500,179100
71016416135,2019,62400,144000,206400
71016416143,2019,61400,140700,202100
71019401018,2019,336600,288800,625400
71019401026,2019,326900,193000,519900
71019401034,2019,315800,484200,800000
71019401042,2019,315800,558900,874700
71019401050,2019,321500,228500,550000
71019401068,2019,309900,463000,772900
71019401076,2019,360700,358200,718900
71019401084,2019,311200,142600,453800
71019401092,2019,325600,314900,640500
71019401117,2019,322200,437200,759400
71019401125,2019,322200,617800,940000
71019401133,2019,325600,197300,522900
71019401141,2019,439600,522500,962100
71019402016,2019,330400,553000,883400
71019402024,2019,381500,335700,717200
71019402040,2019,572000,210400,782400
71019402058,2019,284700,363700,648400
71019402066,2019,284300,218900,503200
71019402074,2019,287300,771100,1058400
71019402082,2019,297600,587400,885000
71019402090,2019,396800,605400,1002200
71019402107,2019,406800,1088200,1495000
71019402123,2019,300100,650200,950300
71019402131,2019,391900,933100,1325000
71019403014,2019,304500,297500,602000
71019403022,2019,310200,272600,582800
71019403030,2019,278400,276900,555300
71019403048,2019,425400,474600,900000
71019403056,2019,387300,481700,869000
71019403064,2019,281800,578200,860000
71019403072,2019,276200,435300,711500
71019403080,2019,313100,252900,566000
71019403098,2019,472700,505900,978600
71019403105,2019,315800,151500,467300
71019403113,2019,320700,216900,537600
71019403121,2019,326100,28900,355000
71019403139,2019,329800,390500,720300
71019404012,2019,86000,158400,244400
71019404020,2019,115000,129900,244900
71019404038,2019,91200,147100,238300
71019404046,2019,87800,241800,329600
71019404054,2019,91900,124500,216400
71019404062,2019,92500,232500,325000
71019404070,2019,92900,118200,211100
71019404088,2019,106100,89900,196000
71019404096,2019,95100,274900,370000
71019404103,2019,94800,155200,250000
71019404111,2019,94000,137700,231700
71019404129,2019,93400,157800,251200
71019404137,2019,90400,123600,214000
71019404145,2019,89300,111000,200300
71019404153,2019,81600,164500,246100
71019404161,2019,81600,115800,197400
71019405010,2019,82900,93100,176000
71019405028,2019,82900,91700,174600
71019405044,2019,78300,98800,177100
71019405052,2019,78300,107300,185600
71019405060,2019,79200,123800,203000
71019405078,2019,77100,101600,178700
71019405086,2019,77100,100100,177200
71019405135,2019,81500,87600,169100
71019405143,2019,92300,351800,444100
71019405151,2019,94300,233700,328000
71019405169,2019,92600,226400,319000
71019405185,2019,235000,198400,433400
71019405193,2019,138700,263900,402600
71019405200,2019,130500,261100,391600
71019405218,2019,94100,140900,235000
71019405226,2019,131700,180700,312400
71019405234,2019,88400,150400,238800
71019405242,2019,83500,186500,270000
71019405250,2019,82900,99500,182400
71019405268,2019,18000,111200,129200
71019405276,2019,18000,143300,161300
71019405284,2019,108000,2500,110500
71019406026,2019,87300,223500,310800
71019406034,2019,91800,177000,268800
71019406042,2019,87200,157800,245000
71019406050,2019,87200,119800,207000
71019406068,2019,87200,162300,249500
71019406076,2019,87200,160700,247900
71019406084,2019,87200,107800,195000
71019406092,2019,87200,157800,245000
71019406109,2019,81500,178500,260000
71019406117,2019,82200,107300,189500
71019406125,2019,80400,150600,231000
71019406133,2019,82700,149600,232300
71019406141,2019,81500,132000,213500
71019406159,2019,81400,103700,185100
71019406167,2019,81000,148500,229500
71019406175,2019,80700,114800,195500
71019406183,2019,80300,110200,190500
71019406191,2019,80200,101300,181500
71019406208,2019,81800,157700,239500
71019407107,2019,78700,120200,198900
71019407115,2019,79900,113600,193500
71019407123,2019,80500,117800,198300
71019407131,2019,79500,131000,210500
71019407149,2019,79500,117100,196600
71019407157,2019,79500,105400,184900
71019407165,2019,79500,92900,172400
71019407173,2019,79400,92100,171500
71019407181,2019,79400,110700,190100
71019409111,2019,78900,87600,166500
71019409179,2019,18000,86100,104100
71019409187,2019,78200,123500,201700
71019409195,2019,78200,104200,182400
71019409202,2019,78200,119800,198000
71019409210,2019,78200,131600,209800
71019409228,2019,82800,93000,175800
71019409236,2019,82800,128200,211000
71019410019,2019,81300,102100,183400
71019410027,2019,81300,84700,166000
71019410051,2019,77300,96700,174000
71019410100,2019,81400,84200,165600
71020301017,2019,303600,206900,510500
71020301025,2019,386400,453600,840000
71020301041,2019,372100,346100,718200
71020301059,2019,295700,198600,494300
71020301067,2019,305200,252100,557300
71020301075,2019,311100,213900,525000
71020301083,2019,301700,303300,605000
71020301108,2019,483100,374600,857700
71020301116,2019,308000,90000,398000
71020301124,2019,151900,159200,311100
71020301132,2019,428300,310000,738300
71020301140,2019,385000,345000,730000
71020302015,2019,87900,125500,213400
71020302023,2019,88000,125000,213000
71020302031,2019,88600,147200,235800
71020302049,2019,90700,198800,289500
71020302065,2019,91800,187600,279400
71020302081,2019,89800,236700,326500
71020302099,2019,87500,126300,213800
71020302106,2019,87500,370500,458000
71020302114,2019,87500,105100,192600
71020302122,2019,87500,140100,227600
71020302130,2019,87300,111400,198700
71020302148,2019,86700,130300,217000
71020302164,2019,104900,101600,206500
71020305019,2019,81300,130000,211300
71020305027,2019,78600,134400,213000
71020305035,2019,77800,146800,224600
71020305043,2019,78300,143600,221900
71020305051,2019,78900,133600,212500
71020305069,2019,78300,114300,192600
71020305077,2019,81500,110000,191500
71020305085,2019,83100,116200,199300
71020305093,2019,83200,121300,204500
71020305100,2019,79100,120000,199100
71020305118,2019,83900,100100,184000
71020305126,2019,79300,94400,173700
71021104014,2019,61000,139700,200700
71021104022,2019,56500,165600,222100
71021104030,2019,61000,159600,220600
71021104048,2019,61000,139200,200200
71021104056,2019,60900,146600,207500
71021104064,2019,60900,144800,205700
71021104072,2019,61000,142200,203200
71021104080,2019,61000,130600,191600
71021104098,2019,60100,132600,192700
71021104105,2019,60900,145900,206800
71021105012,2019,56500,132700,189200
71021105020,2019,60100,149900,210000
71021105038,2019,60100,152200,212300
71021105046,2019,60100,135300,195400
71021105054,2019,60000,136900,196900
71021105062,2019,60000,190000,250000
71021105070,2019,60100,150300,210400
71021105088,2019,60100,141200,201300
71021105096,2019,60100,175300,235400
71021105103,2019,62700,153700,216400
71021106010,2019,56500,133700,190200
71021106028,2019,60100,152500,212600
71021106036,2019,60100,131300,191400
71021106044,2019,60100,120800,180900
71021106052,2019,60000,152700,212700
71021106060,2019,60100,123500,183600
71021106078,2019,60100,128100,188200
71021106086,2019,60100,142100,202200
71021106094,2019,60100,132500,192600
71021106101,2019,56500,117700,174200
71021107018,2019,64500,166900,231400
71021107026,2019,61000,146500,207500
71021107034,2019,61000,148000,209000
71021107042,2019,61000,153600,214600
71021107050,2019,61000,142700,203700
71021107068,2019,64000,145600,209600
71021107076,2019,63100,163500,226600
71021107084,2019,60100,157900,218000
71021107092,2019,60100,142900,203000
71021107109,2019,60000,125600,185600
71021107117,2019,63300,140000,203300
71021107125,2019,61000,135700,196700
71021107133,2019,61000,130600,191600
71021107141,2019,61000,154000,215000
71021107159,2019,61000,140800,201800
71021107167,2019,61000,145200,206200
71021107175,2019,61000,147500,208500
71021107183,2019,61000,148200,209200
71021107191,2019,61000,140600,201600
71021107208,2019,64200,167200,231400
71021108016,2019,64000,161000,225000
71021108024,2019,61000,129000,190000
71021108032,2019,61000,143300,204300
71021108040,2019,61000,128900,189900
71021108058,2019,61000,130600,191600
71021108066,2019,61000,162000,223000
71021108074,2019,61000,151200,212200
71021108082,2019,61000,133300,194300
71021108090,2019,61000,138000,199000
71021108107,2019,63300,153100,216400
71021108115,2019,63300,138100,201400
71021108123,2019,61000,158200,219200
71021108131,2019,61000,137000,198000
71021108149,2019,61000,133700,194700
71021108157,2019,61000,156400,217400
71021108165,2019,61000,144800,205800
71021108173,2019,61000,147500,208500
71021108181,2019,61000,128800,189800
71021108199,2019,61000,156000,217000
71021108206,2019,63600,143400,207000
71021109014,2019,65800,144900,210700
71021109022,2019,61000,131000,192000
71021109030,2019,61000,202200,263200
71021109048,2019,61000,122600,183600
71021109056,2019,61000,178300,239300
71021109064,2019,61000,154900,215900
71021109072,2019,61000,142000,203000
71021109080,2019,61000,137000,198000
71021109098,2019,61000,137100,198100
71021109105,2019,60900,141400,202300
71021109113,2019,60900,147100,208000
71021109121,2019,61000,151000,212000
71021109139,2019,61000,158900,219900
71021109147,2019,61000,136500,197500
71021109155,2019,61000,143400,204400
71021109163,2019,61000,134000,195000
71021109171,2019,61000,130300,191300
71021109189,2019,61000,144500,205500
71021109197,2019,61000,123700,184700
71021109204,2019,65800,125200,191000
71021110011,2019,62400,153400,215800
71021110029,2019,61000,157300,218300
71021110037,2019,63700,154300,218000
71021110045,2019,63000,157300,220300
71021110053,2019,61800,120700,182500
71021110061,2019,65900,140700,206600
71021111019,2019,65800,174200,240000
71021111027,2019,63900,197600,261500
71021111035,2019,63900,155300,219200
71021111043,2019,62700,153100,215800
71021111051,2019,62400,142200,204600
71021111069,2019,63800,150200,214000
71021111077,2019,63900,155300,219200
71021111085,2019,62600,141700,204300
71021111093,2019,62400,145000,207400
71021111100,2019,62400,130200,192600
71021111118,2019,62400,144200,206600
71021111126,2019,72300,135300,207600
71021111134,2019,64800,138500,203300
71021111142,2019,62400,183000,245400
71021111150,2019,62400,143800,206200
71021111168,2019,62500,144100,206600
71021111176,2019,67100,111400,178500
71021111184,2019,64000,131400,195400
71021111192,2019,66100,165300,231400
71021111209,2019,66800,155500,222300
71021111217,2019,60500,157100,217600
71021111225,2019,60300,175100,235400
71021111233,2019,61600,140300,201900
71021111241,2019,61600,159900,221500
71021111259,2019,63500,136700,200200
71021112017,2019,72400,115200,187600
71021112025,2019,70600,164200,234800
71021112033,2019,70600,173000,243600
71021112041,2019,70500,144600,215100
71021112059,2019,70800,141900,212700
71021112067,2019,69900,126400,196300
71021112075,2019,68400,182800,251200
71021201018,2019,58700,270000,328700
71021201026,2019,61800,116100,177900
71021201034,2019,61800,136200,198000
71021201042,2019,60700,149300,210000
71021201050,2019,60900,135300,196200
71021201068,2019,60000,149000,209000
71021201076,2019,60100,133700,193800
71021201084,2019,60100,171100,231200
71021201092,2019,60100,160200,220300
71021201109,2019,56500,146700,203200
71021202016,2019,58600,124300,182900
71021202024,2019,58100,142700,200800
71021202032,2019,58100,120300,178400
71021202040,2019,58100,139100,197200
71021202058,2019,59100,133200,192300
71021202066,2019,58000,164100,222100
71021202074,2019,66200,135100,201300
71021202082,2019,64100,128400,192500
71021202090,2019,62300,141600,203900
71021202107,2019,62100,187900,250000
71021202115,2019,62100,113400,175500
71021202123,2019,62100,148400,210500
71021202131,2019,62100,119500,181600
71021202149,2019,67100,146500,213600
71021202157,2019,67300,139100,206400
71021202165,2019,62100,143100,205200
71021202181,2019,60900,143700,204600
71021203014,2019,60300,118100,178400
71021203022,2019,62500,148800,211300
71021203030,2019,61500,150400,211900
71021203048,2019,60500,155600,216100
71021203056,2019,60500,144100,204600
71021203064,2019,60500,157700,218200
71021203072,2019,60500,164500,225000
71021203080,2019,60500,132600,193100
71021203098,2019,60500,164400,224900
71021203105,2019,60700,139400,200100
71021203113,2019,60500,161500,222000
71021203121,2019,60500,174500,235000
71021203139,2019,64700,118100,182800
71021203147,2019,62700,141900,204600
71021203155,2019,62700,159400,222100
71021203163,2019,62700,131500,194200
71021203171,2019,59200,146800,206000
71021203189,2019,56400,120200,176600
71021203197,2019,88400,160900,249300
71021203204,2019,60900,179100,240000
71021203212,2019,56900,142100,199000
71021203220,2019,92400,154100,246500
71021203238,2019,90600,140200,230800
71021203246,2019,53400,91900,145300
71021203254,2019,53000,185500,238500
71021203262,2019,88100,273200,361300
71021204012,2019,57700,117900,175600
71021204020,2019,56400,160900,217300
71021204038,2019,56400,152900,209300
71021204046,2019,56400,130300,186700
71021204054,2019,56400,135900,192300
71021204062,2019,56400,159600,216000
71021204070,2019,56400,116300,172700
71021204088,2019,56400,119500,175900
71021204096,2019,56400,139200,195600
71021204103,2019,56400,174400,230800
71021204111,2019,56400,159700,216100
71021204129,2019,56400,179000,235400
71021204137,2019,52000,149500,201500
71021204145,2019,52000,125600,177600
71021206018,2019,58600,132700,191300
71021206026,2019,58600,133100,191700
71021206034,2019,58600,159600,218200
71021206042,2019,58600,155800,214400
71021206050,2019,58700,152300,211000
71021206068,2019,58600,154800,213400
71021206076,2019,58600,149100,207700
71021206084,2019,58600,156700,215300
71021206092,2019,58600,138700,197300
71021206109,2019,58600,141200,199800
71021206117,2019,58600,151700,210300
71021206125,2019,58600,129400,188000
71021207016,2019,58600,126500,185100
71021207024,2019,58600,123000,181600
71021207032,2019,58600,140700,199300
71021207040,2019,58600,132600,191200
71021207058,2019,58600,135800,194400
71021207066,2019,58700,142600,201300
71021207074,2019,58600,122600,181200
71021207082,2019,58600,153900,212500
71021207090,2019,58600,164900,223500
71021207107,2019,58600,150300,208900
71021207115,2019,57600,148200,205800
71021207123,2019,59800,150100,209900
71021208014,2019,58600,143700,202300
71021208022,2019,58600,149400,208000
71021208030,2019,58600,139200,197800
71021208048,2019,58600,147300,205900
71021208056,2019,58600,142900,201500
71021208064,2019,58600,155400,214000
71021208072,2019,59400,132700,192100
71021208080,2019,59500,145500,205000
71021208098,2019,59600,160600,220200
71021208105,2019,59800,155300,215100
71021208113,2019,60000,141300,201300
71021208121,2019,60200,135200,195400
71021209012,2019,60000,170400,230400
71021209020,2019,60000,148400,208400
71021209038,2019,60000,143300,203300
71021209046,2019,60000,157000,217000
71021209054,2019,60000,192600,252600
71021209062,2019,60000,138700,198700
71021209070,2019,60900,139200,200100
71021209088,2019,61000,136200,197200
71021209096,2019,61000,190500,251500
71021209103,2019,61000,125700,186700
71021209111,2019,61000,139000,200000
71021209129,2019,57700,135100,192800
71021210019,2019,63800,130300,194100
71021210027,2019,62400,158000,220400
71021210035,2019,62400,136400,198800
71021210043,2019,62400,128900,191300
71021210051,2019,65500,120700,186200
71021210069,2019,66700,137500,204200
71021210077,2019,62700,146500,209200
71021210085,2019,63000,132700,195700
71021210093,2019,63200,140100,203300
71021210100,2019,64900,219900,284800
71021211017,2019,66900,124500,191400
71021211025,2019,62500,156700,219200
71021211033,2019,62500,153600,216100
71021211041,2019,62500,151400,213900
71021211059,2019,62500,132500,195000
71021211067,2019,67000,122400,189400
71021211075,2019,61800,150000,211800
71021211083,2019,61800,176600,238400
71021211091,2019,61800,201300,263100
71021211108,2019,62000,170700,232700
71021211116,2019,60000,153300,213300
71021211124,2019,60100,156300,216400
71021211132,2019,60100,144700,204800
71021211140,2019,63100,165300,228400
71021211158,2019,64000,149500,213500
71021211166,2019,61000,139000,200000
71021211174,2019,61000,142000,203000
71021211182,2019,61000,128300,189300
71021211190,2019,61000,131100,192100
71021211207,2019,64800,174300,239100
71021212015,2019,63800,137100,200900
71021212023,2019,62400,122000,184400
71021212031,2019,62400,119200,181600
71021212049,2019,62400,114800,177200
71021212057,2019,64400,115900,180300
71021212065,2019,65300,138400,203700
71021212073,2019,62400,129700,192100
71021212081,2019,62400,145500,207900
71021212099,2019,62400,190600,253000
71021212106,2019,63800,130100,193900
71021213013,2019,62600,165700,228300
71021213021,2019,62700,175300,238000
71021213039,2019,64100,154000,218100
71021213047,2019,61000,184000,245000
71021213055,2019,60100,136600,196700
71021213063,2019,60100,172100,232200
71021213071,2019,60100,146400,206500
71021213089,2019,60100,135800,195900
71021213097,2019,60100,137100,197200
71021213104,2019,59800,117100,176900
71021213112,2019,62100,120700,182800
71021213120,2019,66100,141500,207600
71021213138,2019,66300,144500,210800
71021213146,2019,60000,132100,192100
71021213154,2019,60000,123700,183700
71021213162,2019,60000,125900,185900
71021213170,2019,60000,156100,216100
71021213188,2019,60000,126100,186100
71021213196,2019,60000,129400,189400
71021213203,2019,72400,149900,222300
71021214011,2019,56700,177000,233700
71021214029,2019,60000,136800,196800
71021214037,2019,59400,129800,189200
71021214045,2019,59400,124100,183500
71021214053,2019,59400,146400,205800
71021214061,2019,59400,137800,197200
71021214079,2019,59400,140500,199900
71021214087,2019,60300,148600,208900
71021214095,2019,60300,134800,195100
71021214102,2019,60300,153700,214000
71021214110,2019,61700,139400,201100
71021214128,2019,59700,174000,233700
71021214136,2019,54600,163900,218500
71021214144,2019,64100,143700,207800
71021214152,2019,54600,146200,200800
71021214160,2019,57800,161600,219400
71021214178,2019,57800,141500,199300
71021214186,2019,57800,141600,199400
71021214194,2019,57800,150900,208700
71021214201,2019,57800,168200,226000
71021214219,2019,57800,147200,205000
71021214227,2019,57800,161000,218800
71021214235,2019,57800,154600,212400
71021215051,2019,60800,140000,200800
71021215069,2019,59400,125000,184400
71021215077,2019,60100,120400,180500
71021215085,2019,60100,144200,204300
71021215093,2019,60000,143000,203000
71021215100,2019,62400,138900,201300
71021215118,2019,56400,120500,176900
71021215126,2019,56400,164000,220400
71021215134,2019,56400,128300,184700
71021215142,2019,56400,146600,203000
71021215150,2019,52400,131400,183800
71021215168,2019,56400,154000,210400
71021215176,2019,56400,153500,209900
71021217015,2019,63800,119700,183500
71021217023,2019,63800,137700,201500
71021217031,2019,63800,156600,220400
71021217049,2019,59600,147400,207000
71021217057,2019,59300,122100,181400
71021218013,2019,59600,142800,202400
71021218021,2019,60600,119300,179900
71021218039,2019,60600,131700,192300
71021218047,2019,61700,152200,213900
71021218055,2019,61500,150100,211600
71021218063,2019,60600,145400,206000
71021218071,2019,60600,139700,200300
71021218089,2019,59600,129900,189500
71021218097,2019,59300,124500,183800
71021219011,2019,59600,140600,200200
71021219029,2019,60600,163600,224200
71021219037,2019,60600,116000,176600
71021219045,2019,61100,158300,219400
71021219053,2019,60800,143200,204000
71021219061,2019,60600,184900,245500
71021219079,2019,60600,139500,200100
71021219087,2019,59600,168800,228400
71021219095,2019,59300,142900,202200
71021220018,2019,62600,223500,286100
71021220026,2019,63200,260400,323600
71021220034,2019,63200,177000,240200
71021220042,2019,63000,170700,233700
71021220050,2019,63000,217600,280600
71021220068,2019,63200,161600,224800
71021220076,2019,63200,164200,227400
71021220084,2019,64800,193600,258400
71021221016,2019,0,0,0
71021221024,2019,64100,169100,233200
71021221032,2019,64000,129200,193200
71021221040,2019,64200,155800,220000
71021221058,2019,69700,243100,312800
71021221066,2019,72500,175200,247700
71021221074,2019,69000,161400,230400
71021221082,2019,68200,148400,216600
71021221090,2019,68400,171900,240300
71021221107,2019,61200,151700,212900
71021221115,2019,61200,145800,207000
71021221123,2019,59400,179700,239100
71021221131,2019,61000,191500,252500
71021221149,2019,60900,147600,208500
71021221157,2019,79100,208700,287800
71021221165,2019,83200,213800,297000
71021221173,2019,75000,163600,238600
71021221181,2019,75000,184400,259400
71021221199,2019,75000,168600,243600
71021221206,2019,75000,152700,227700
71021221214,2019,94700,187800,282500
71021221222,2019,82000,132900,214900
71021221256,2019,55300,151500,206800
71021221264,2019,55300,147100,202400
71021222014,2019,68100,331900,400000
71021222022,2019,84000,235000,319000
71021222030,2019,105900,223300,329200
71021222048,2019,72900,181800,254700
71021222056,2019,64400,137800,202200
71021222064,2019,64100,140100,204200
71021222072,2019,64400,162400,226800
71021222080,2019,64000,172500,236500
71021222098,2019,61600,135700,197300
71021222105,2019,62000,146500,208500
71021222113,2019,61800,170200,232000
71021222121,2019,62100,156900,219000
71021222139,2019,64000,150400,214400
71021222147,2019,64000,151600,215600
71021222155,2019,64000,172500,236500
71021222163,2019,64000,147300,211300
71021222171,2019,64000,222000,286000
71021222189,2019,68800,220200,289000
71021222197,2019,68800,207600,276400
71021222204,2019,68800,151200,220000
71021222212,2019,68800,227600,296400
71021222220,2019,72000,240400,312400
71021222238,2019,73200,228500,301700
71021222246,2019,125200,217300,342500
71021222254,2019,122300,147000,269300
71021222262,2019,68100,185600,253700
71021222270,2019,69300,166600,235900
71021222288,2019,69600,203000,272600
71021223012,2019,66300,195000,261300
71021223020,2019,66300,207500,273800
71021223038,2019,66300,190000,256300
71021223046,2019,66300,196700,263000
71021223054,2019,63900,227000,290900
71021223062,2019,64500,148900,213400
71021223070,2019,62900,145500,208400
71021223088,2019,63800,155800,219600
71021223096,2019,64100,152300,216400
71021223103,2019,64000,186000,250000
71021223111,2019,63500,130300,193800
71021223129,2019,62600,166100,228700
71021223137,2019,62600,188900,251500
71021224010,2019,95700,225300,321000
71021224028,2019,64800,158900,223700
71021224036,2019,64800,169300,234100
71021224044,2019,65600,177400,243000
71021224052,2019,66100,189400,255500
71021224060,2019,69800,199500,269300
71021224078,2019,70600,219200,289800
71021224086,2019,83400,223300,306700
71021224094,2019,64900,274600,339500
71021224101,2019,65500,212400,277900
71021224119,2019,66400,306800,373200
71021224127,2019,66800,222500,289300
71021224135,2019,67100,212200,279300
71021224143,2019,66000,274500,340500
71021224169,2019,74200,306900,381100
71021225042,2019,108300,304600,412900
71021225050,2019,109800,211900,321700
71021225068,2019,127100,299800,426900
71021225084,2019,146500,303500,450000
71021225109,2019,114000,181400,295400
71021225117,2019,122900,390200,513100
71021225125,2019,64400,250000,314400
71021225133,2019,109200,210800,320000
71021225141,2019,107300,185700,293000
71021225159,2019,116800,174700,291500
71021225167,2019,69300,319100,388400
71021225175,2019,67500,227900,295400
71021225183,2019,67500,237800,305300
71022301940,2019,31900,102900,134800
71022302914,2019,56400,77500,133900
71022302956,2019,30500,93000,123500
71022302972,2019,50900,171600,222500
71022302980,2019,84400,118000,202400
71022303029,2019,34000,88500,122500
71022303045,2019,68300,69700,138000
71022303053,2019,34000,118000,152000
71022303061,2019,34000,170000,204000
71022303079,2019,58300,86200,144500
71022303087,2019,50700,61400,112100
71022304027,2019,80400,38900,119300
71022304069,2019,57500,85900,143400
71022305083,2019,44500,99000,143500
71022305091,2019,31600,105400,137000
71022305116,2019,31600,127300,158900
71022305124,2019,31600,98700,130300
71022306015,2019,0,0,0
71022401146,2019,39300,98500,137800
71022401154,2019,46200,106000,152200
71023300959,2019,117800,31500,149300
71023400973,2019,132300,12700,145000
71026200974,2019,138500,3500,142000
71026402017,2019,72100,324900,397000
71026402025,2019,72400,301600,374000
71026402033,2019,79900,364700,444600
71026402041,2019,84200,310800,395000
71026402059,2019,83100,365900,449000
71026402067,2019,80100,323900,404000
71026402075,2019,77400,358500,435900
71026402083,2019,76100,347900,424000
71026402091,2019,78300,290700,369000
71026402108,2019,80100,319900,400000
71026402116,2019,78300,381100,459400
71026402124,2019,79300,320700,400000
71026402132,2019,73800,384900,458700
71026402140,2019,73800,389200,463000
71026402158,2019,73800,295400,369200
71026402166,2019,73500,309300,382800
71026402182,2019,77000,254100,331100
71026402190,2019,75400,336600,412000
71026403015,2019,71400,336800,408200
71026403023,2019,71300,308700,380000
71026403031,2019,71300,315600,386900
71026403049,2019,71300,280200,351500
71026403057,2019,80800,358400,439200
71026403065,2019,71900,272700,344600
71026403073,2019,71300,274500,345800
71026403081,2019,71300,312100,383400
71026403099,2019,71300,280500,351800
71026403106,2019,71300,313700,385000
71026403114,2019,71400,323600,395000
71026404013,2019,72800,262900,335700
71026404021,2019,72000,309000,381000
71026404039,2019,72100,310900,383000
71026404047,2019,72200,339700,411900
71026404055,2019,72200,357200,429400
71026404063,2019,72800,300700,373500
71027100925,2019,41700,117300,159000
71027100933,2019,102600,34600,137200
71027100941,2019,39800,110000,149800
71027100975,2019,138500,77400,215900
71027200866,2019,47100,73700,120800
71027200931,2019,67600,101400,169000
71027200949,2019,50100,111400,161500
71027200957,2019,125000,78500,203500
71027400937,2019,75200,95500,170700
71027400945,2019,92900,49200,142100
71027400953,2019,159900,81700,241600
71027400961,2019,129700,111300,241000
71027400979,2019,109000,76400,185400
71027400987,2019,93400,116700,210100
71027403147,2019,61300,171200,232500
71027403155,2019,52000,219900,271900
71027403163,2019,52200,203200,255400
71027403171,2019,51600,247400,299000
71027403189,2019,51000,175000,226000
71027403197,2019,51000,226200,277200
71027403204,2019,51000,212000,263000
71027403212,2019,51000,232900,283900
71027403220,2019,51000,207000,258000
71027403238,2019,51000,189000,240000
71027403246,2019,51000,175800,226800
71027404038,2019,69100,197900,267000
71027404046,2019,72300,178700,251000
71027404054,2019,71500,183100,254600
71027404062,2019,67400,201200,268600
71027404070,2019,66600,187600,254200
71027404088,2019,66100,177700,243800
71027404096,2019,65100,178200,243300
71027404103,2019,68200,205800,274000
71027404111,2019,69600,201800,271400
71027404129,2019,68900,213900,282800
71027404137,2019,65500,209900,275400
71027404145,2019,65300,193200,258500
71027405010,2019,55500,221600,277100
71027405028,2019,51000,201700,252700
71027405036,2019,51000,199000,250000
71027405044,2019,51000,215300,266300
71027405052,2019,51000,190900,241900
71027405060,2019,51000,173200,224200
71027405078,2019,51000,235200,286200
71027405086,2019,54600,187400,242000
71027405094,2019,54600,198300,252900
71027405101,2019,51000,181200,232200
71027405119,2019,51000,198600,249600
71027405127,2019,51000,196500,247500
71027405135,2019,51000,205100,256100
71027405143,2019,51000,196500,247500
71027405151,2019,51000,195000,246000
71027405169,2019,64500,174400,238900
71027406018,2019,69200,165300,234500
71027406026,2019,51000,179600,230600
71027406034,2019,51000,176800,227800
71027406042,2019,51000,193900,244900
71027406050,2019,51000,220900,271900
71027406068,2019,51000,189900,240900
71027406076,2019,51000,193300,244300
71027406084,2019,54600,177900,232500
71027406092,2019,54600,195400,250000
71027406109,2019,51000,174400,225400
71027406117,2019,51000,207400,258400
71027406125,2019,51000,181400,232400
71027406133,2019,51000,170700,221700
71027406141,2019,51000,198600,249600
71027406159,2019,51000,186800,237800
71027406167,2019,61200,217800,279000
71027407016,2019,64700,186500,251200
71027407024,2019,51000,198600,249600
71027407032,2019,51000,191000,242000
71027407040,2019,51000,194000,245000
71027407058,2019,51000,188000,239000
71027407066,2019,51000,196000,247000
71027407074,2019,54600,212400,267000
71027407082,2019,54600,195700,250300
71027407090,2019,51000,203000,254000
71027407107,2019,51000,183100,234100
71027407115,2019,51000,219000,270000
71027407123,2019,51000,187000,238000
71027407131,2019,51000,188700,239700
71027407149,2019,56200,213800,270000
71027408014,2019,67300,188100,255400
71027408022,2019,62600,234400,297000
71027408030,2019,62500,177500,240000
71027408048,2019,62300,223100,285400
71027408056,2019,62200,183800,246000
71027408064,2019,62100,199300,261400
71027408072,2019,63800,206200,270000
71027409012,2019,59300,157900,217200
71027409020,2019,56500,192400,248900
71027409038,2019,56500,184700,241200
71027409046,2019,56500,207500,264000
71027409054,2019,56500,193100,249600
71027409062,2019,56500,199400,255900
71027409070,2019,56500,211000,267500
71027409088,2019,56500,181900,238400
71027409096,2019,56500,211700,268200
71027409103,2019,56700,194500,251200
71027409111,2019,60300,209700,270000
71027409129,2019,64600,174700,239300
71027409137,2019,76100,178900,255000
71027411017,2019,89200,91200,180400
71027411067,2019,78000,158800,236800
71027411075,2019,78400,186600,265000
71027411158,2019,77800,193200,271000
71027411223,2019,62100,220900,283000
71027411231,2019,76500,123500,200000
71027412057,2019,72100,161200,233300
71027412065,2019,72000,194300,266300
71027412073,2019,78900,136200,215100
71027413039,2019,53900,144100,198000
71027413047,2019,53400,151600,205000
71027413138,2019,52400,145600,198000
71027413146,2019,53300,144700,198000
71027414061,2019,71500,172500,244000
71027415051,2019,73800,177000,250800
71027416033,2019,82000,230700,312700
71027417015,2019,88100,265900,354000
71027417031,2019,76400,219600,296000
71027417049,2019,76000,202100,278100
71027417081,2019,80900,178700,259600
71027417099,2019,79100,189000,268100
71027417114,2019,75000,151500,226500
71027417122,2019,77800,163200,241000
71027417130,2019,78100,141600,219700
71027417148,2019,77700,152900,230600
71027418013,2019,77800,187900,265700
71027418097,2019,77500,153500,231000
71027418138,2019,85800,155200,241000
71030201017,2019,327000,88000,415000
71030201025,2019,334600,40400,375000
71030201033,2019,304800,95200,400000
71030201041,2019,350200,19800,370000
71030201059,2019,371700,18300,390000
71030201067,2019,382900,198600,581500
71030201075,2019,404400,175600,580000
71030201083,2019,328200,191800,520000
71030201091,2019,389700,360300,750000
71030201108,2019,418000,172000,590000
71030201116,2019,438000,312000,750000
71030201124,2019,415800,184200,600000
71030201132,2019,458200,191800,650000
71030201140,2019,474300,218200,692500
71030201158,2019,344300,225700,570000
71030201166,2019,362400,440300,802700
71030201174,2019,587600,554900,1142500
71030201182,2019,486900,563100,1050000
71030201190,2019,504200,539900,1044100
71030201207,2019,300700,564400,865100
71030201215,2019,303100,344900,648000
71030201223,2019,577000,467500,1044500
71030201231,2019,558800,408800,967600
71030201249,2019,528700,472600,1001300
71030201257,2019,323600,282400,606000
71030201265,2019,303600,352100,655700
71030201273,2019,251000,198500,449500
71030201281,2019,452100,656900,1109000
71030201306,2019,285900,144600,430500
71030201314,2019,446800,221400,668200
71030201322,2019,450000,526500,976500
71030201330,2019,500900,245000,745900
71030201348,2019,493200,239900,733100
71030202023,2019,319600,555400,875000
71030202049,2019,419300,312000,731300
71030202057,2019,287500,542000,829500
71030202065,2019,260500,345900,606400
71030202073,2019,259900,269200,529100
71030202081,2019,305200,286600,591800
71030202099,2019,305200,225700,530900
71030202106,2019,320300,680100,1000400
71030202114,2019,291400,667800,959200
71030202122,2019,314600,251200,565800
71030202130,2019,302900,226100,529000
71030202148,2019,286400,387300,673700
71030202156,2019,212800,201200,414000
71030202164,2019,322000,883000,1205000
71030202172,2019,315900,355100,671000
71030202180,2019,324300,447500,771800
71030202213,2019,380900,354100,735000
71030202221,2019,312600,262500,575100
71030202239,2019,306900,411100,718000
71030203013,2019,86100,162400,248500
71030203021,2019,87400,193600,281000
71030203039,2019,73700,194000,267700
71030203047,2019,76000,226300,302300
71030203055,2019,85400,160800,246200
71030203063,2019,87700,169300,257000
71030203071,2019,87700,155800,243500
71030203089,2019,89700,147100,236800
71030203097,2019,81600,139400,221000
71030203104,2019,81000,105000,186000
71030203112,2019,79600,113100,192700
71030203120,2019,78800,131600,210400
71030203138,2019,79500,93200,172700
71030203146,2019,78600,88700,167300
71030203162,2019,84700,116300,201000
71030204011,2019,86500,104400,190900
71030204029,2019,98200,94600,192800
71030204037,2019,98200,98300,196500
71030204045,2019,98100,90400,188500
71030204053,2019,98300,154100,252400
71030204087,2019,98300,70200,168500
71030204095,2019,98400,82200,180600
71030204136,2019,84100,105100,189200
71030204144,2019,84300,147900,232200
71030204152,2019,84300,176700,261000
71030204160,2019,82200,154700,236900
71030204178,2019,79400,81700,161100
71030204186,2019,81900,160500,242400
71030204194,2019,89900,106100,196000
71030205077,2019,83900,146200,230100
71030205085,2019,79100,130000,209100
71030205093,2019,79100,128900,208000
71030206017,2019,72200,131900,204100
71030206025,2019,75000,108400,183400
71030206033,2019,75000,121100,196100
71030206041,2019,75000,120000,195000
71030206116,2019,111600,98900,210500
71030207015,2019,83900,214800,298700
71030207023,2019,83900,151500,235400
71030207031,2019,83900,131100,215000
71030207049,2019,83900,142700,226600
71030207057,2019,81600,115100,196700
71030207065,2019,80100,124900,205000
71030207073,2019,83900,156100,240000
71030207081,2019,78900,147700,226600
71030207099,2019,78800,85200,164000
71030207106,2019,86400,32200,118600
71030207114,2019,84500,106100,190600
71030207122,2019,91300,193700,285000
71030208021,2019,85700,231700,317400
71030208039,2019,88300,243400,331700
71030208047,2019,85900,231000,316900
71030208055,2019,83800,343700,427500
71030208063,2019,88600,199800,288400
71030208071,2019,84000,225000,309000
71030208089,2019,87600,218300,305900
71030208097,2019,87100,242900,330000
71030208104,2019,84700,210300,295000
71030208112,2019,81700,174000,255700
71030208120,2019,82500,216500,299000
71030208138,2019,125400,214500,339900
71030208146,2019,101600,191600,293200
71030208154,2019,99300,129500,228800
71030208162,2019,87600,212300,299900
71030208170,2019,89600,170200,259800
71030208188,2019,90500,135800,226300
71030208196,2019,109700,258000,367700
71030208211,2019,94300,180500,274800
71030208229,2019,105200,189900,295100
71030208237,2019,130400,207400,337800
71030208245,2019,120600,110000,230600
71030208253,2019,86100,104500,190600
71030208261,2019,87100,213200,300300
71030208279,2019,80900,269300,350200
71030208287,2019,80900,311100,392000
71030208295,2019,80500,243300,323800
71030208302,2019,80600,329400,410000
71030208310,2019,81000,302300,383300
71030208328,2019,80800,301000,381800
71030208336,2019,82000,237100,319100
71030208344,2019,82300,142700,225000
71030208352,2019,110300,88100,198400
71030208360,2019,83800,153400,237200
71030208378,2019,81700,159000,240700
71030208386,2019,79800,144000,223800
71030208394,2019,80400,173600,254000
71030210018,2019,93600,231400,325000
71030210026,2019,87100,296100,383200
71030210034,2019,89100,333200,422300
71030210042,2019,87800,222200,310000
71030210050,2019,85800,241000,326800
71030210068,2019,86700,283100,369800
71030210076,2019,92900,218500,311400
71030210084,2019,88600,245900,334500
71030210092,2019,85200,207800,293000
71030210109,2019,87200,207800,295000
71030210117,2019,79600,130100,209700
71030210125,2019,80100,142400,222500
71030210133,2019,82000,180900,262900
71030210141,2019,84800,124700,209500
71030210159,2019,87700,144700,232400
71030210167,2019,88100,141800,229900
71030210175,2019,81000,145900,226900
71030210183,2019,79600,166100,245700
71030210191,2019,81400,124600,206000
71030210208,2019,83200,139500,222700
71030210216,2019,82100,143900,226000
71030210224,2019,87100,216200,303300
71030210232,2019,84800,155400,240200
71030210240,2019,83600,384000,467600
71030210258,2019,91700,265700,357400
71030211032,2019,87600,232700,320300
71030211040,2019,88800,186300,275100
71030211058,2019,89200,126000,215200
71030212064,2019,87500,136000,223500
71030212072,2019,84100,125500,209600
71030213012,2019,81100,255300,336400
71030213020,2019,80800,274400,355200
71030213038,2019,81100,265400,346500
71030213046,2019,81400,294700,376100
71030213054,2019,81600,271900,353500
71030213070,2019,88500,201200,289700
71030213088,2019,79100,131100,210200
71030213096,2019,80500,162500,243000
71030213103,2019,82500,107400,189900
71030213111,2019,83200,126800,210000
71030213129,2019,87100,147900,235000
71030213137,2019,84500,97600,182100
71030213145,2019,84200,221200,305400
71030213153,2019,90100,170100,260200
71030213161,2019,91500,219500,311000
71031100945,2019,273000,382000,655000
71031100987,2019,0,0,0
71031200935,2019,0,0,0
71034101023,2019,74300,190800,265100
71034101031,2019,81100,179200,260300
71034101049,2019,76400,172300,248700
71034101057,2019,59300,214700,274000
71034101065,2019,56900,184300,241200
71034101073,2019,58000,199000,257000
71034101081,2019,69800,171200,241000
71034101099,2019,74300,187700,262000
71034101106,2019,72400,169000,241400
71034101114,2019,60100,147100,207200
71034101122,2019,79300,147900,227200
71034101130,2019,63400,169200,232600
71034101148,2019,58800,192800,251600
71034101156,2019,55700,169400,225100
71034101164,2019,56500,169900,226400
71034101172,2019,75100,169900,245000
71034101180,2019,71700,146300,218000
71034101198,2019,64000,164300,228300
71034101205,2019,73400,166300,239700
71034101213,2019,0,0,0
71034101221,2019,67200,153000,220200
71034101239,2019,67900,161500,229400
71034101247,2019,58900,157100,216000
71034101255,2019,57600,120400,178000
71034101263,2019,57100,143300,200400
71034101271,2019,56300,142900,199200
71034101289,2019,56300,188700,245000
71034101297,2019,55600,171200,226800
71034101304,2019,101100,228900,330000
71034102013,2019,66800,198900,265700
71034102021,2019,59900,236000,295900
71034102039,2019,53700,204700,258400
71034102047,2019,57500,186700,244200
71034102055,2019,56200,215600,271800
71034102063,2019,46700,199000,245700
71034102071,2019,46700,216300,263000
71034102089,2019,46700,199500,246200
71034102097,2019,46700,197400,244100
71034102104,2019,46700,229600,276300
71034102112,2019,46700,210700,257400
71034102120,2019,48700,246400,295100
71034102138,2019,60300,170100,230400
71034102146,2019,57700,184700,242400
71034102154,2019,70800,254200,325000
71034102162,2019,63900,231000,294900
71034102170,2019,74200,198400,272600
71034102188,2019,49400,209600,259000
71034102196,2019,51800,205700,257500
71034102203,2019,49200,210800,260000
71034102211,2019,47000,247100,294100
71034102229,2019,46700,213300,260000
71034102237,2019,46700,223300,270000
71034102245,2019,46700,216500,263200
71034102253,2019,46700,209900,256600
71034102261,2019,46700,203200,249900
71034102279,2019,54500,221000,275500
71034102287,2019,54000,215200,269200
71034102295,2019,47400,199600,247000
71034102302,2019,47400,203500,250900
71034102310,2019,48000,197700,245700
71034102328,2019,49100,219500,268600
71034102336,2019,50300,205500,255800
71034102344,2019,66800,202300,269100
71034102360,2019,70100,164900,235000
71034102378,2019,56400,194200,250600
71034102386,2019,56400,175000,231400
71034102394,2019,56400,179500,235900
71034102401,2019,57800,171400,229200
71034103011,2019,82200,191400,273600
71034103029,2019,77900,187100,265000
71034103037,2019,86000,223000,309000
71034103045,2019,73400,203200,276600
71034103053,2019,76000,187500,263500
71034103061,2019,76100,205200,281300
71034103079,2019,76900,158700,235600
71034103087,2019,71400,223500,294900
71034103095,2019,69300,208700,278000
71034103102,2019,67700,166300,234000
71034103110,2019,67700,162000,229700
71034103128,2019,67700,187900,255600
71034103136,2019,67700,198600,266300
71034103144,2019,67900,221000,288900
71034103152,2019,73600,208900,282500
71034103160,2019,78900,208500,287400
71034103178,2019,76000,187400,263400
71034103186,2019,68500,188500,257000
71034103194,2019,70400,178500,248900
71034103201,2019,70300,171700,242000
71034103219,2019,60800,189600,250400
71034103227,2019,63000,193700,256700
71034103235,2019,60100,183900,244000
71034103243,2019,60100,178800,238900
71034103251,2019,61400,201300,262700
71034103269,2019,70400,207700,278100
71034103285,2019,85500,195300,280800
71034103293,2019,86700,205400,292100
71034103300,2019,78100,216900,295000
71034103318,2019,73600,237100,310700
71034103326,2019,72700,244300,317000
71034103334,2019,70500,187300,257800
71034103342,2019,69900,243000,312900
71034103350,2019,70700,243200,313900
71034103368,2019,71600,193300,264900
71034103376,2019,73700,202800,276500
71034103384,2019,74800,226000,300800
71034103392,2019,78000,225300,303300
71034103409,2019,82800,248500,331300
71034103425,2019,73000,220700,293700
71034103433,2019,70900,199100,270000
71034103441,2019,71700,231100,302800
71034103459,2019,69700,181800,251500
71034103467,2019,70100,199300,269400
71034103475,2019,70100,202500,272600
71034103483,2019,70100,204900,275000
71034103491,2019,70800,182800,253600
71034103516,2019,80100,188500,268600
71034103524,2019,85100,217200,302300
71034104019,2019,66900,200100,267000
71034104027,2019,70400,187600,258000
71034104035,2019,68200,163100,231300
71034104043,2019,66000,191500,257500
71034104051,2019,76100,224200,300300
71034104069,2019,76800,211800,288600
71034104077,2019,80900,227000,307900
71034104085,2019,85000,195800,280800
71034104093,2019,73400,202000,275400
71034104100,2019,75000,167700,242700
71034104118,2019,87300,222900,310200
71034104126,2019,80000,176500,256500
71034104134,2019,77300,190200,267500
71034104142,2019,78100,173800,251900
71034104150,2019,84400,230400,314800
71034104168,2019,85500,230400,315900
71034104176,2019,70800,201000,271800
71034104184,2019,73300,211400,284700
71034104192,2019,71000,205400,276400
71034104209,2019,71000,186300,257300
71034104217,2019,73000,187000,260000
71034104225,2019,81500,180800,262300
71034104233,2019,78600,220000,298600
71034104241,2019,75500,170600,246100
71034104259,2019,79900,225600,305500
71034104267,2019,79900,236500,316400
71034104275,2019,83500,205400,288900
71034104283,2019,82100,180400,262500
71034104291,2019,73400,210200,283600
71034104308,2019,72100,183600,255700
71034104316,2019,70800,204200,275000
71034104324,2019,74800,192600,267400
71034104332,2019,73600,185400,259000
71034104340,2019,82500,171700,254200
71034104358,2019,74000,220400,294400
71034104366,2019,73000,209500,282500
71034104374,2019,75600,177800,253400
71034104382,2019,68500,180500,249000
71034104390,2019,68500,210800,279300
71034104407,2019,68500,188100,256600
71034104415,2019,70600,236000,306600
71034104423,2019,70600,195000,265600
71034104431,2019,70600,211100,281700
71034104449,2019,70600,168800,239400
71034104457,2019,72900,207900,280800
71034104465,2019,68600,231500,300100
71034104473,2019,68400,197600,266000
71034104481,2019,82400,196900,279300
71034104499,2019,84700,190600,275300
71034104506,2019,70100,217700,287800
71034104514,2019,70100,186700,256800
71034104522,2019,70100,211200,281300
71034104530,2019,70100,206900,277000
71034104548,2019,70100,184300,254400
71034104556,2019,74800,190200,265000
71034104564,2019,75200,208900,284100
71034105017,2019,84500,210500,295000
71034105025,2019,81300,165300,246600
71034105033,2019,80300,222500,302800
71034105041,2019,82200,179000,261200
71034105059,2019,69700,189900,259600
71034105067,2019,76000,191300,267300
71034105083,2019,74000,168200,242200
71034105091,2019,66900,195300,262200
71034105108,2019,67500,207500,275000
71034105116,2019,73800,206400,280200
71034105124,2019,84900,211600,296500
71034105132,2019,79100,217500,296600
71034105140,2019,78500,200000,278500
71034105158,2019,80800,215300,296100
71034105166,2019,81000,162400,243400
71034105174,2019,66900,170600,237500
71034105182,2019,77100,193600,270700
71034105190,2019,68300,197000,265300
71034105207,2019,69200,197100,266300
71034105215,2019,69300,194900,264200
71034105223,2019,84900,203400,288300
71034105231,2019,72800,204500,277300
71034105249,2019,78300,196800,275100
71034105257,2019,93100,210200,303300
71034105265,2019,86300,192400,278700
71034105273,2019,83600,225400,309000
71034105281,2019,79200,210800,290000
71034105299,2019,73700,208100,281800
71034105306,2019,86900,241100,328000
71034105314,2019,85100,206600,291700
71034105330,2019,69900,187100,257000
71034105348,2019,71800,189500,261300
71034105356,2019,76300,213600,289900
71034105364,2019,77100,205800,282900
71034105372,2019,74900,183100,258000
71034105380,2019,70100,200000,270100
71034105398,2019,79600,175400,255000
71034105413,2019,73900,169100,243000
71034105421,2019,52500,185300,237800
71034105439,2019,50900,216600,267500
71034105447,2019,50800,214900,265700
71034105455,2019,55400,200400,255800
71034105471,2019,55400,199700,255100
71034105489,2019,53100,212300,265400
71034105497,2019,53100,195800,248900
71034105504,2019,56500,198700,255200
71034105512,2019,61800,183700,245500
71034105520,2019,69600,188800,258400
71034105554,2019,70700,209700,280400
71034105562,2019,72700,188400,261100
71034106015,2019,69200,217300,286500
71034106023,2019,69200,187600,256800
71034106031,2019,69300,150900,220200
71034106049,2019,68300,166600,234900
71034106057,2019,61200,169800,231000
71034106065,2019,59900,207400,267300
71034106073,2019,60300,209000,269300
71034106081,2019,62600,178200,240800
71034106099,2019,67300,171000,238300
71034106106,2019,53900,172000,225900
71034106114,2019,58600,214600,273200
71034106122,2019,58600,172000,230600
71034106130,2019,56400,153100,209500
71034106148,2019,58600,157100,215700
71034107013,2019,63900,149400,213300
71034107021,2019,65900,140900,206800
71034107039,2019,61800,141600,203400
71034107047,2019,56200,192400,248600
71034107055,2019,56200,173400,229600
71034107063,2019,56200,207800,264000
71034107071,2019,52600,193400,246000
71034107089,2019,53700,165700,219400
71034107097,2019,65400,154600,220000
71034107104,2019,66600,145800,212400
71034107112,2019,68100,175000,243100
71034107120,2019,56500,206200,262700
71034107138,2019,54000,153800,207800
71034107146,2019,54000,164400,218400
71034107162,2019,54200,147000,201200
71034108029,2019,70200,164200,234400
71034108037,2019,57400,149100,206500
71034108045,2019,56300,143800,200100
71034108053,2019,56800,165200,222000
71034108061,2019,52700,155100,207800
71034108079,2019,56400,213200,269600
71034108087,2019,56400,177400,233800
71034108095,2019,56400,176200,232600
71034108102,2019,56400,184700,241100
71034108110,2019,56400,215500,271900
71034108128,2019,56400,185200,241600
71034108136,2019,58000,161100,219100
71034108144,2019,67700,151400,219100
71034108160,2019,67200,158400,225600
71034108178,2019,53800,151900,205700
71034108186,2019,63000,158600,221600
71034108194,2019,66900,164500,231400
71034108201,2019,67100,193600,260700
71034108219,2019,62800,136400,199200
71034108227,2019,67300,151800,219100
71034108235,2019,58700,171300,230000
71034109019,2019,55700,150200,205900
71034109027,2019,52800,154400,207200
71034109035,2019,58000,149200,207200
71034109043,2019,56400,144100,200500
71034109051,2019,56400,129000,185400
71034109069,2019,54700,136600,191300
71034109077,2019,58500,154000,212500
71034109085,2019,60300,146900,207200
71034109093,2019,57600,148100,205700
71034109118,2019,67300,185800,253100
71034109126,2019,66000,172800,238800
71034109134,2019,70100,189500,259600
71034109142,2019,68300,184500,252800
71034109150,2019,80400,146900,227300
71034109168,2019,62600,172600,235200
71034109176,2019,61300,157300,218600
71034109184,2019,57900,158300,216200
71034109192,2019,70900,145300,216200
71034109217,2019,89600,67400,157000
71035101014,2019,79100,271300,350400
71035101022,2019,73500,265000,338500
71035101030,2019,72000,251300,323300
71035101048,2019,78400,288000,366400
71035102012,2019,75600,275800,351400
71035102020,2019,72000,316800,388800
71035102038,2019,72000,292600,364600
71035102046,2019,71300,288500,359800
71035102054,2019,72000,267100,339100
71035102062,2019,71300,350700,422000
71035102070,2019,72000,288100,360100
71035102088,2019,72000,287600,359600
71035102096,2019,72000,255900,327900
71035102103,2019,72000,285200,357200
71035102111,2019,72000,303900,375900
71035102129,2019,71300,340400,411700
71035102137,2019,72000,281000,353000
71035102145,2019,72000,309900,381900
71035102153,2019,71800,274600,346400
71035103010,2019,68900,331100,400000
71035103028,2019,69700,335300,405000
71035103036,2019,68900,268200,337100
71035103044,2019,69700,288000,357700
71035103052,2019,68900,329700,398600
71035103060,2019,69500,268000,337500
71035103078,2019,70700,373000,443700
71035103086,2019,71000,410200,481200
71035103094,2019,71000,335400,406400
71035103101,2019,70300,332500,402800
71035103119,2019,70400,342000,412400
71035103127,2019,74200,374400,448600
71035103135,2019,79900,424900,504800
71035103143,2019,81000,338700,419700
71035103151,2019,77900,413700,491600
71035103169,2019,68900,318200,387100
71035103177,2019,69500,326100,395600
71035103185,2019,69500,284200,353700
71035103193,2019,68900,336000,404900
71035103200,2019,69600,293200,362800
71035103218,2019,76300,335200,411500
71035103226,2019,67600,232400,300000
71035103234,2019,65000,259000,324000
71035103242,2019,63800,261400,325200
71035103250,2019,64600,257400,322000
71035103268,2019,64600,254900,319500
71035103276,2019,64600,246400,311000
71035103284,2019,64600,240400,305000
71035103292,2019,64600,271400,336000
71035103309,2019,64600,303900,368500
71035103317,2019,64600,276700,341300
71035103325,2019,64600,280000,344600
71035103333,2019,64600,267700,332300
71035103341,2019,64600,264900,329500
71035103359,2019,65200,217300,282500
71035104026,2019,80200,198900,279100
71035104034,2019,73600,260900,334500
71035104042,2019,82400,228100,310500
71035105016,2019,84800,249500,334300
71035105032,2019,75900,221100,297000
71035105040,2019,73200,286300,359500
71035106014,2019,67500,206000,273500
71035106022,2019,68200,230700,298900
71035106030,2019,67100,218600,285700
71035106048,2019,67100,219500,286600
71035106056,2019,67300,217400,284700
71035106064,2019,68200,205200,273400
71035106072,2019,70700,269100,339800
71035106080,2019,68200,253300,321500
71035106098,2019,67500,217500,285000
71035107012,2019,67500,204600,272100
71035107020,2019,68200,247800,316000
71035107038,2019,68200,249300,317500
71035107046,2019,68200,265700,333900
71035107054,2019,68200,229300,297500
71035107062,2019,68200,216700,284900
71035107070,2019,68200,295100,363300
71035107088,2019,68100,247900,316000
71035108010,2019,74200,240800,315000
71035108028,2019,73800,268400,342200
71035109018,2019,71700,218300,290000
71035109026,2019,72100,192900,265000
71035109034,2019,72100,237900,310000
71035109042,2019,72100,258900,331000
71035109050,2019,72100,192900,265000
71035109068,2019,71800,216900,288700
71035109076,2019,72100,207500,279600
71035109084,2019,74700,197300,272000
71035111021,2019,75000,250000,325000
71035111039,2019,72600,248900,321500
71035111047,2019,71300,225500,296800
71035111055,2019,71100,221700,292800
71035111063,2019,70700,224100,294800
71035111071,2019,70300,289700,360000
71035112011,2019,72400,262200,334600
71035112029,2019,69700,268400,338100
71035112037,2019,69700,307300,377000
71035112045,2019,69700,322500,392200
71035112053,2019,69700,417700,487400
71035112061,2019,70600,307300,377900
71035112079,2019,70600,311300,381900
71035112087,2019,70500,281100,351600
71035112095,2019,72600,293500,366100
71035112102,2019,70900,283400,354300
71035112128,2019,71800,252700,324500
71035112136,2019,70600,281400,352000
71035112144,2019,71200,315200,386400
71035112152,2019,70600,262200,332800
71035112160,2019,70600,232800,303400
71035112178,2019,70600,226400,297000
71035112186,2019,73500,277400,350900
71035113019,2019,70500,257000,327500
71035113027,2019,68900,277100,346000
71035113035,2019,69700,275100,344800
71035113043,2019,69700,245500,315200
71035113051,2019,69700,261900,331600
71035113069,2019,69700,253600,323300
71035113077,2019,70200,322600,392800
71035113093,2019,65900,240700,306600
71035113100,2019,63800,219200,283000
71035113118,2019,63800,216200,280000
71035113126,2019,63800,236200,300000
71035113134,2019,67700,229300,297000
71035113142,2019,70900,224100,295000
71035113150,2019,71300,316700,388000
71035113168,2019,75600,205300,280900
71035113176,2019,74900,255100,330000
71035114017,2019,68100,189500,257600
71035114025,2019,66900,224600,291500
71035114033,2019,66900,192800,259700
71035114041,2019,64600,214300,278900
71035114059,2019,66900,186000,252900
71035114067,2019,68800,210800,279600
71035114075,2019,68900,222100,291000
71035114083,2019,67400,215600,283000
71035114091,2019,67600,217500,285100
71035114108,2019,65800,258700,324500
71035114116,2019,69300,268700,338000
71035114124,2019,75200,213300,288500
71035114132,2019,66900,308700,375600
71035114140,2019,66900,213900,280800
71035114158,2019,66900,196300,263200
71035114166,2019,67300,269100,336400
71035114174,2019,66500,233600,300100
71035114182,2019,64600,352400,417000
71035114190,2019,64600,299100,363700
71035114207,2019,64600,343900,408500
71035114215,2019,64600,259800,324400
71035114223,2019,64600,254900,319500
71035114231,2019,64600,241500,306100
71035114249,2019,64100,239600,303700
71035114257,2019,64400,245100,309500
71035114265,2019,64600,237700,302300
71035114273,2019,64600,220900,285500
71035114281,2019,72200,260800,333000
71035114299,2019,82000,279700,361700
71035114306,2019,77700,247900,325600
71035114314,2019,65100,275200,340300
71035114322,2019,71100,244200,315300
71035114330,2019,64600,220200,284800
71035114348,2019,64400,224600,289000
71035114356,2019,66700,270200,336900
71035114364,2019,67500,254000,321500
71035114380,2019,65100,256600,321700
71035114398,2019,67200,256700,323900
71035115015,2019,64100,221600,285700
71035115023,2019,64600,265600,330200
71035115031,2019,63800,265100,328900
71035115049,2019,64700,327500,392200
71035115057,2019,63800,251200,315000
71035115065,2019,64700,262500,327200
71035115073,2019,63800,247700,311500
71035115081,2019,64700,270700,335400
71035115099,2019,64000,233800,297800
71035115106,2019,64400,222500,286900
71035115114,2019,64700,269500,334200
71035115122,2019,63800,218300,282100
71035115130,2019,64700,230800,295500
71035115148,2019,63800,246200,310000
71035115156,2019,64700,266600,331300
71035115164,2019,63800,272700,336500
71035115172,2019,64600,240000,304600
71035115180,2019,64400,229000,293400
71035116013,2019,67300,254800,322100
71035116021,2019,67500,237000,304500
71035116039,2019,67200,234900,302100
71035116047,2019,66100,269400,335500
71035116055,2019,64900,279900,344800
71035116063,2019,64900,228600,293500
71035116071,2019,67000,236200,303200
71035116089,2019,64700,216200,280900
71035116097,2019,69300,203000,272300
71035116104,2019,65100,235900,301000
71035116112,2019,65200,223800,289000
71035116120,2019,66300,247800,314100
71035116146,2019,67500,241500,309000
71035116154,2019,67500,190000,257500
71035116162,2019,67500,223500,291000
71035116170,2019,67300,218400,285700
71035117011,2019,64400,220400,284800
71035117029,2019,64600,230800,295400
71035117037,2019,64600,202500,267100
71035117045,2019,64600,261600,326200
71035117053,2019,65200,270900,336100
71035117061,2019,65200,237100,302300
71035117079,2019,68300,221700,290000
71035117087,2019,69600,197000,266600
71035117095,2019,69200,235400,304600
71035117110,2019,64600,268400,333000
71035117128,2019,64600,238900,303500
71035117136,2019,64600,232500,297100
71035117144,2019,64400,224900,289300
71035118019,2019,64600,318700,383300
71035118027,2019,64600,252900,317500
71035118035,2019,64600,287100,351700
71035118043,2019,64600,238900,303500
71035118051,2019,65700,231900,297600
71035118069,2019,69700,230300,300000
71035118077,2019,64300,347000,411300
71035118085,2019,64300,229600,293900
71035118093,2019,64300,239200,303500
71035118118,2019,76100,241400,317500
71035118126,2019,67900,283500,351400
71035118134,2019,67900,292700,360600
71035118142,2019,67900,290600,358500
71035118150,2019,67900,291100,359000
71035118168,2019,68800,247100,315900
71035118176,2019,67900,232900,300800
71035118184,2019,67900,192200,260100
71035118192,2019,74000,199500,273500
71035119017,2019,64700,236000,300700
71035119025,2019,60600,218000,278600
71035119033,2019,59100,225700,284800
71035119041,2019,59000,191900,250900
71035119059,2019,57900,205700,263600
71035119067,2019,60000,190300,250300
71035120014,2019,61600,228400,290000
71035120022,2019,60400,237400,297800
71035120030,2019,60400,254600,315000
71035120048,2019,60400,198600,259000
71035120056,2019,60400,233300,293700
71035120064,2019,64900,266900,331800
71035121012,2019,64600,192500,257100
71035121020,2019,58400,252600,311000
71035121038,2019,58400,219100,277500
71035121046,2019,58400,204500,262900
71035121054,2019,58400,223100,281500
71035121062,2019,58400,221100,279500
71035121070,2019,59900,219300,279200
71035122010,2019,56400,247300,303700
71035122028,2019,54300,264400,318700
71035122036,2019,56300,238600,294900
71035122044,2019,54300,209700,264000
71035122052,2019,56300,215200,271500
71035122060,2019,56300,198300,254600
71035122078,2019,56300,222500,278800
71035122086,2019,64700,244400,309100
71035123018,2019,74000,232200,306200
71035123026,2019,54300,241200,295500
71035123034,2019,54300,230700,285000
71035123042,2019,54300,205100,259400
71035123050,2019,54300,202300,256600
71035123068,2019,54600,263700,318300
71035123076,2019,57600,219100,276700
71035123084,2019,62900,213100,276000
71035123092,2019,66100,227700,293800
71035124016,2019,63900,206100,270000
71035124024,2019,64800,249600,314400
71035124032,2019,65200,227800,293000
71035124040,2019,64300,225000,289300
71035124058,2019,59100,208600,267700
71035200981,2019,177500,232300,409800
71035203125,2019,69300,229900,299200
71035203133,2019,69000,217200,286200
71035203141,2019,70300,291800,362100
71035203183,2019,87700,217300,305000
71035204115,2019,69100,242900,312000
71035204123,2019,64000,226000,290000
71035204131,2019,64000,233500,297500
71035204149,2019,64000,219800,283800
71035204157,2019,67200,223000,290200
71035204165,2019,67200,225800,293000
71035204173,2019,64000,216800,280800
71035204181,2019,64000,219100,283100
71035204199,2019,64900,225100,290000
71035204206,2019,70600,211100,281700
71035205014,2019,66900,172300,239200
71035205022,2019,66900,164600,231500
71035205030,2019,66900,172800,239700
71035205048,2019,66900,176500,243400
71035205056,2019,66900,194100,261000
71035205064,2019,66900,184300,251200
71035205072,2019,66900,189100,256000
71035205080,2019,67500,201300,268800
71035205098,2019,78400,205400,283800
71035205105,2019,72400,203500,275900
71035205113,2019,66800,224700,291500
71035205121,2019,66800,202300,269100
71035205139,2019,66800,233200,300000
71035205147,2019,66800,223100,289900
71035205155,2019,66800,218200,285000
71035205163,2019,66800,236100,302900
71035205171,2019,66800,243900,310700
71035205189,2019,66800,236100,302900
71035205197,2019,67000,239700,306700
71035205204,2019,71500,226100,297600
71035205212,2019,71400,204300,275700
71035205220,2019,71400,198200,269600
71035205238,2019,71400,241600,313000
71035205246,2019,73800,218000,291800
71035205254,2019,67600,222100,289700
71035205262,2019,63900,217300,281200
71035205270,2019,63800,227300,291100
71035205288,2019,62300,191500,253800
71035205296,2019,64600,210400,275000
71035206012,2019,71500,200800,272300
71035206020,2019,66800,178800,245600
71035206038,2019,66900,191800,258700
71035206046,2019,66900,178100,245000
71035206054,2019,67000,178100,245100
71035206062,2019,67000,174400,241400
71035206070,2019,67100,199300,266400
71035206088,2019,67100,217900,285000
71035206096,2019,67200,227800,295000
71035206103,2019,67600,216900,284500
71035206111,2019,68400,214800,283200
71035206129,2019,67300,197100,264400
71035206137,2019,67400,194000,261400
71035206145,2019,67400,172300,239700
71035206153,2019,67500,163400,230900
71035206161,2019,67500,197600,265100
71035206179,2019,67600,197600,265200
71035206187,2019,67600,188900,256500
71035206195,2019,67700,180200,247900
71035206202,2019,67700,201100,268800
71035206210,2019,67700,238200,305900
71035208018,2019,73800,210900,284700
71035208026,2019,71200,209700,280900
71035208034,2019,71200,192000,263200
71035208042,2019,71200,242800,314000
71035208050,2019,71100,188500,259600
71035300971,2019,80900,122600,203500
80924101019,2019,82600,265400,348000
80924101027,2019,76700,331600,408300
80924101035,2019,75600,299800,375400
80924101043,2019,79500,280100,359600
80924101051,2019,82100,222600,304700
80924101069,2019,79300,241300,320600
80924101077,2019,80400,366400,446800
80924101085,2019,85500,284600,370100
80924101093,2019,77800,274500,352300
80924101100,2019,68400,243500,311900
80924101118,2019,74900,234600,309500
80924101126,2019,92200,212300,304500
80924101134,2019,102600,230100,332700
80924101142,2019,88600,251200,339800
80924101150,2019,82000,234900,316900
80924101168,2019,79500,263500,343000
80924101176,2019,80400,266100,346500
80924101184,2019,85200,377500,462700
80924101192,2019,90500,331400,421900
80924101209,2019,85500,305100,390600
80924101217,2019,93800,374400,468200
80924101225,2019,90200,239000,329200
80924101233,2019,87300,307300,394600
80924101241,2019,87800,360400,448200
80924101259,2019,83000,379000,462000
80924101267,2019,74400,351000,425400
80924101275,2019,71700,262700,334400
80924101283,2019,104800,253400,358200
80924101291,2019,96200,240100,336300
80924101308,2019,106700,260500,367200
80924101316,2019,91900,230200,322100
80924101324,2019,94500,247500,342000
80924101332,2019,72300,229600,301900
80924101340,2019,78100,266000,344100
80924101358,2019,78100,308300,386400
80924101366,2019,78100,251300,329400
80924101374,2019,78100,251100,329200
80924101382,2019,78100,255000,333100
80924101390,2019,78100,401200,479300
80924101407,2019,77800,266700,344500
80924101415,2019,88300,320000,408300
80924101423,2019,86600,292100,378700
80924101431,2019,85500,426800,512300
80924101530,2019,155000,201600,356600
80924101548,2019,155000,233700,388700
80924101556,2019,174900,65000,239900
80924102017,2019,95800,266100,361900
80924102025,2019,86600,253900,340500
80924102033,2019,93500,284200,377700
80924102041,2019,87400,304700,392100
80924102059,2019,82200,271900,354100
80924102067,2019,80400,292400,372800
80924102075,2019,78000,297500,375500
80924102083,2019,85600,287200,372800
80924102091,2019,87800,254500,342300
80924102108,2019,80600,226700,307300
80924102116,2019,71400,191400,262800
80924102124,2019,75700,220300,296000
80924102132,2019,71200,214900,286100
80924102140,2019,71200,386600,457800
80924102158,2019,71200,303000,374200
80924102166,2019,85500,400300,485800
80924102174,2019,82200,319700,401900
80924102182,2019,96200,282600,378800
80924103015,2019,79200,246900,326100
80924103023,2019,82100,303700,385800
80924103031,2019,82000,213900,295900
80924103049,2019,82000,264400,346400
80924103057,2019,78000,244000,322000
80924103065,2019,83600,258000,341600
80924103073,2019,99200,248700,347900
80924103081,2019,97700,303500,401200
80924103099,2019,83700,346000,429700
80924103106,2019,82700,321300,404000
80924103114,2019,82700,278400,361100
80924103122,2019,85600,192000,277600
80924103130,2019,85100,227200,312300
80924103148,2019,90400,290300,380700
80924104013,2019,78300,249200,327500
80924104021,2019,79300,215400,294700
80924104039,2019,73200,261800,335000
80924104047,2019,83700,205200,288900
80924104055,2019,85100,223400,308500
80924104063,2019,75100,232600,307700
80924104071,2019,74600,313600,388200
80924104089,2019,87800,263200,351000
80924104097,2019,65100,229900,295000
80924104104,2019,71300,210500,281800
80924104112,2019,74600,316000,390600
80924104120,2019,74800,202600,277400
80924104138,2019,72700,295400,368100
80924104146,2019,74800,285700,360500
80924105011,2019,61700,214500,276200
80924105029,2019,65700,369200,434900
80924105037,2019,79100,246800,325900
80924105045,2019,79200,230600,309800
80924105053,2019,77700,257300,335000
80924105061,2019,80100,196700,276800
80924105079,2019,77700,281100,358800
80924105087,2019,81700,329900,411600
80924105095,2019,90400,263200,353600
80924105102,2019,104900,238000,342900
80924105110,2019,103800,222500,326300
80924105128,2019,95000,306900,401900
80924105136,2019,83000,290700,373700
80924105144,2019,81500,305700,387200
80924105152,2019,104900,310800,415700
80924105160,2019,75100,292500,367600
80924302013,2019,86600,279900,366500
80924302021,2019,81500,207100,288600
80924302047,2019,93100,294600,387700
80924302055,2019,71900,344200,416100
80924302063,2019,56600,297300,353900
80924302071,2019,71400,333800,405200
80924302089,2019,71400,325000,396400
80924302097,2019,68000,242700,310700
80924302104,2019,54200,283500,337700
80924302112,2019,72300,285800,358100
80924303029,2019,62400,292200,354600
80924303037,2019,71400,276600,348000
80924303045,2019,71400,262500,333900
80924303053,2019,71400,220700,292100
80924303061,2019,65700,204300,270000
80924303087,2019,66800,251400,318200
80924303095,2019,81100,253900,335000
80924303102,2019,67700,265300,333000
80924303110,2019,67700,234400,302100
80924303128,2019,72700,319600,392300
80924304019,2019,59900,215100,275000
80924304027,2019,65100,214600,279700
80924304035,2019,64700,257400,322100
80924304043,2019,69200,216400,285600
80924304051,2019,69200,219600,288800
80924304069,2019,69200,270800,340000
80924304077,2019,69200,232300,301500
80924304085,2019,69200,208000,277200
80924304093,2019,69200,235900,305100
80924304100,2019,69200,315700,384900
80924304118,2019,69200,210700,279900
80924304126,2019,77700,236700,314400
80924304134,2019,73200,242300,315500
80924304150,2019,71200,291700,362900
80924304168,2019,71200,249100,320300
80924304176,2019,71200,200100,271300
80924304184,2019,71200,277000,348200
80924304192,2019,65100,271300,336400
80924304217,2019,65100,334900,400000
80924304225,2019,71200,263800,335000
80924304233,2019,71200,362200,433400
80924304259,2019,88100,296800,384900
80924304267,2019,102100,198200,300300
80924305017,2019,71400,307400,378800
80924305025,2019,71200,225300,296500
80924305033,2019,71400,264700,336100
80924305041,2019,72500,291000,363500
80924305059,2019,72500,288800,361300
80924305067,2019,78300,220300,298600
80924305075,2019,78300,261100,339400
80924305083,2019,78300,293200,371500
80924305091,2019,78300,204400,282700
80924305108,2019,79300,226500,305800
80924305116,2019,81500,248800,330300
80924305124,2019,80500,227500,308000
80924305132,2019,80100,253600,333700
80924305140,2019,72700,223500,296200
80924305158,2019,69200,233000,302200
80924306015,2019,67200,288000,355200
80924306023,2019,71900,239200,311100
80924306031,2019,76900,225200,302100
80924306049,2019,77300,196800,274100
80924306057,2019,66700,288300,355000
80924306065,2019,64400,249400,313800
80924306073,2019,74800,200500,275300
80924306081,2019,64400,260600,325000
80924306099,2019,0,0,0
80924306106,2019,67200,241100,308300
80924306114,2019,68400,222600,291000
80924306122,2019,67700,233600,301300
80924306130,2019,65500,196500,262000
80924306148,2019,64100,205000,269100
80924306156,2019,63000,210900,273900
80924306164,2019,63100,239600,302700
80924306172,2019,66500,229500,296000
80924306180,2019,64400,236300,300700
80924306198,2019,64400,218200,282600
80924306205,2019,64400,287400,351800
80924306213,2019,64400,260100,324500
80924306221,2019,64400,249700,314100
80924306239,2019,65300,212000,277300
80924306247,2019,47500,271400,318900
80924306255,2019,62400,209000,271400
80924307013,2019,77800,271700,349500
80924307021,2019,71700,207700,279400
80924307039,2019,65100,247500,312600
80924307047,2019,67500,211600,279100
80924307055,2019,67200,197600,264800
80924307063,2019,67700,247900,315600
80924307071,2019,66600,225600,292200
80924307089,2019,66600,209700,276300
80924307097,2019,67500,221400,288900
80924307104,2019,67700,207600,275300
80924307112,2019,64100,228100,292200
80924307120,2019,65300,229400,294700
80924307138,2019,63300,208500,271800
80924307146,2019,64400,245100,309500
80924307154,2019,65500,242400,307900
80924307162,2019,72300,259200,331500
80924307170,2019,75600,259400,335000
80924307188,2019,74800,205600,280400
80924308011,2019,71200,269500,340700
80924308029,2019,71700,225800,297500
80924308037,2019,68600,211300,279900
80924308045,2019,66700,242700,309400
80924308053,2019,66700,231300,298000
80924308061,2019,65000,177600,242600
80924308079,2019,69600,181100,250700
80924308087,2019,65700,231100,296800
80924308095,2019,65400,215900,281300
80924308102,2019,65300,210600,275900
80924308110,2019,65700,206000,271700
80924308128,2019,65300,206200,271500
80924308136,2019,65300,212900,278200
80924308144,2019,65300,207500,272800
80924308152,2019,71500,267200,338700
80924308160,2019,68700,274700,343400
80924309019,2019,71400,327500,398900
80924309027,2019,72900,196300,269200
80924309035,2019,65700,238300,304000
80924309043,2019,65300,239900,305200
80924309051,2019,65300,215600,280900
80924309069,2019,71500,245700,317200
80924309077,2019,71000,238300,309300
80924309085,2019,63000,198500,261500
80924309093,2019,65700,176900,242600
80924309100,2019,65700,241800,307500
80924309118,2019,65700,241800,307500
80924309126,2019,64800,224000,288800
80924309134,2019,71200,293800,365000
80924309142,2019,71300,245700,317000
80924310016,2019,64400,275900,340300
80924310024,2019,64400,221500,285900
80924310032,2019,64400,259000,323400
80924310040,2019,64400,233200,297600
80924310058,2019,64400,224100,288500
80924310066,2019,66500,221500,288000
80924310074,2019,72300,247200,319500
80924310082,2019,64100,225500,289600
80924310090,2019,63900,241100,305000
80924310107,2019,73700,310700,384400
80924310115,2019,74600,316500,391100
80924310123,2019,79200,253800,333000
80924310131,2019,91600,212400,304000
80924310149,2019,93200,285800,379000
80924310157,2019,91600,206000,297600
80924310165,2019,74400,214400,288800
80924310173,2019,71300,267300,338600
80924311014,2019,72500,304800,377300
80924311022,2019,72500,361800,434300
80924311030,2019,72500,264800,337300
80924311048,2019,70600,261100,331700
80924311056,2019,72300,266300,338600
80924311064,2019,71400,266500,337900
80924311072,2019,65300,206900,272200
80924311080,2019,80400,209300,289700
80924311098,2019,76900,193500,270400
80924311105,2019,82000,192200,274200
80924311113,2019,79200,229500,308700
80924311121,2019,82200,227000,309200
80924311139,2019,73200,200000,273200
80924311147,2019,65300,217500,282800
80924311155,2019,64700,210900,275600
80924311163,2019,63400,195700,259100
80924311171,2019,68300,237500,305800
80924311189,2019,64400,244100,308500
80924311197,2019,64400,216900,281300
80924312012,2019,97000,397300,494300
80924312020,2019,99500,377000,476500
80924312038,2019,80400,385000,465400
80924446069,2019,132000,443000,575000
80924446093,2019,143900,0,143900
80924448015,2019,117700,0,117700
80925101018,2019,54500,171600,226100
80925101026,2019,53200,154900,208100
80925101034,2019,53200,175800,229000
80925101042,2019,53600,175400,229000
80925101050,2019,0,0,0
80925101068,2019,39200,223300,262500
80925102016,2019,51800,158200,210000
80925102024,2019,50800,128500,179300
80925102032,2019,50800,127600,178400
80925102040,2019,50800,136600,187400
80925102058,2019,50800,139300,190100
80925102066,2019,51800,143100,194900
80925102074,2019,60000,164400,224400
80925103014,2019,51300,163400,214700
80925103022,2019,52300,146100,198400
80925103030,2019,53200,161800,215000
80925103048,2019,54700,120900,175600
80925103056,2019,0,0,0
80925103064,2019,53200,123300,176500
80925103072,2019,54600,133900,188500
80925103080,2019,54700,166400,221100
80925103098,2019,58400,146300,204700
80925103105,2019,58100,140700,198800
80925103113,2019,58400,130500,188900
80925103121,2019,58400,171800,230200
80925103139,2019,57100,131900,189000
80925103155,2019,58800,162700,221500
80925103163,2019,58000,127000,185000
80925103171,2019,53500,106100,159600
80925103189,2019,51300,193600,244900
80925103197,2019,51300,135900,187200
80925103204,2019,51800,160200,212000
80925103212,2019,50900,128200,179100
80925103220,2019,54300,125800,180100
80925103238,2019,56900,124900,181800
80925103246,2019,54500,148700,203200
80925103254,2019,53000,133100,186100
80925103262,2019,52800,155100,207900
80925104012,2019,55700,140900,196600
80925104020,2019,55700,126500,182200
80925104038,2019,57600,142000,199600
80925104046,2019,57600,132400,190000
80925104054,2019,57600,119700,177300
80925104062,2019,57600,122300,179900
80925104070,2019,57600,128600,186200
80925104088,2019,59200,131000,190200
80925104096,2019,62300,128200,190500
80925104103,2019,66100,138500,204600
80925104111,2019,65300,130900,196200
80925104129,2019,61900,138600,200500
80925104137,2019,57600,120500,178100
80925104145,2019,53600,129700,183300
80925104153,2019,54000,125000,179000
80925104161,2019,50900,126000,176900
80925104179,2019,51300,125800,177100
80925104187,2019,51900,121800,173700
80925104195,2019,51300,131600,182900
80925104202,2019,52000,147900,199900
80925104210,2019,53000,135000,188000
80925104228,2019,53600,119800,173400
80925104236,2019,54700,154900,209600
80925104244,2019,55700,137400,193100
80925104252,2019,50800,126300,177100
80925104260,2019,50600,126700,177300
80925104278,2019,57400,137700,195100
80925104286,2019,57100,149800,206900
80925104294,2019,57000,135400,192400
80925104301,2019,56900,177100,234000
80925104319,2019,56800,156500,213300
80925104327,2019,56500,165900,222400
80925104335,2019,55900,157000,212900
80925104343,2019,64700,158000,222700
80925104351,2019,64500,171900,236400
80925104369,2019,61900,148000,209900
80925104377,2019,59700,200400,260100
80925104385,2019,59700,176800,236500
80925104393,2019,57600,123700,181300
80925104400,2019,55600,179300,234900
80925104418,2019,57000,151000,208000
80925104426,2019,53600,170800,224400
80925104434,2019,58100,158900,217000
80925104442,2019,59600,161100,220700
80925104450,2019,57900,158800,216700
80925104468,2019,60300,175500,235800
80925104476,2019,57900,189900,247800
80925104484,2019,57000,139700,196700
80925104492,2019,57000,167600,224600
80925104509,2019,57000,158300,215300
80925105010,2019,50900,117000,167900
80925105028,2019,50800,141500,192300
80925105036,2019,51300,132000,183300
80925105044,2019,52500,124700,177200
80925105052,2019,50800,128500,179300
80925105060,2019,50800,157400,208200
80925105078,2019,50800,138100,188900
80925105086,2019,50800,152800,203600
80925105094,2019,50800,129600,180400
80925105101,2019,50800,124700,175500
80925105119,2019,51800,137000,188800
80925105127,2019,50900,132700,183600
80925105135,2019,50600,151100,201700
80925105143,2019,51800,143300,195100
80925105151,2019,52300,144200,196500
80925105169,2019,53500,156200,209700
80925105177,2019,52500,117300,169800
80925105185,2019,52300,135100,187400
80925105193,2019,53100,119600,172700
80925105200,2019,53100,132300,185400
80925105218,2019,53100,126000,179100
80925105226,2019,52000,149100,201100
80925105234,2019,52000,129900,181900
80925105242,2019,53000,117500,170500
80925106018,2019,53500,129600,183100
80925106026,2019,53500,176900,230400
80925106034,2019,53500,128200,181700
80925106042,2019,53500,134500,188000
80925106050,2019,53500,135500,189000
80925106068,2019,53500,141600,195100
80925106076,2019,53500,148500,202000
80925106084,2019,54000,115300,169300
80925106092,2019,57100,180300,237400
80925106109,2019,54500,126800,181300
80925106117,2019,56500,132500,189000
80925106125,2019,53500,133900,187400
80925106133,2019,53500,160000,213500
80925106141,2019,53500,151700,205200
80925106159,2019,53500,134400,187900
80925106167,2019,53500,161500,215000
80925106175,2019,53500,154000,207500
80925106183,2019,54000,127400,181400
80925106191,2019,56500,113600,170100
80925106208,2019,54900,134000,188900
80925106216,2019,54600,144900,199500
80925107016,2019,53600,121000,174600
80925107024,2019,53600,136700,190300
80925107032,2019,53600,114200,167800
80925107040,2019,53600,124600,178200
80925107058,2019,53600,152800,206400
80925107066,2019,53600,162800,216400
80925107074,2019,53600,161700,215300
80925107082,2019,55000,153200,208200
80925107090,2019,57100,135300,192400
80925107107,2019,62100,122300,184400
80925107115,2019,64000,133500,197500
80925107123,2019,58800,140700,199500
80925107131,2019,55200,140700,195900
80925107149,2019,54300,122900,177200
80925107157,2019,54300,114500,168800
80925107165,2019,54300,148000,202300
80925107173,2019,54300,116000,170300
80925107181,2019,54300,138600,192900
80925107199,2019,52000,130000,182000
80925107206,2019,49900,124500,174400
80925107214,2019,49600,158900,208500
80925107222,2019,49400,144200,193600
80925107230,2019,49400,132300,181700
80925107248,2019,49400,130300,179700
80925107256,2019,49800,137800,187600
80925107264,2019,49900,129600,179500
80925107272,2019,49900,135400,185300
80925107280,2019,49900,137800,187700
80925107298,2019,49900,120800,170700
80925108014,2019,53500,183000,236500
80925108022,2019,50600,164300,214900
80925108030,2019,52300,119800,172100
80925108048,2019,51900,142100,194000
80925108056,2019,51300,122400,173700
80925108064,2019,51300,134000,185300
80925108072,2019,51800,159600,211400
80925108080,2019,51800,131300,183100
80925108098,2019,51800,145800,197600
80925108105,2019,51800,135200,187000
80925108113,2019,51300,113200,164500
80925108121,2019,51300,133800,185100
80925108139,2019,50900,143900,194800
80925108147,2019,52300,108400,160700
80925108155,2019,53400,121300,174700
80925108163,2019,56900,155200,212100
80925108171,2019,55700,126200,181900
80925108189,2019,53600,141000,194600
80925108197,2019,53600,175400,229000
80925108204,2019,53600,114600,168200
80925108212,2019,53600,116100,169700
80925108220,2019,53600,129600,183200
80925108238,2019,54300,119800,174100
80925108246,2019,53600,133600,187200
80925108254,2019,55600,109100,164700
80925109012,2019,52500,115500,168000
80925109020,2019,54700,130600,185300
80925109038,2019,54900,176200,231100
80925109046,2019,54300,176800,231100
80925109054,2019,53500,133200,186700
80925109062,2019,53500,147300,200800
80925109070,2019,53500,157200,210700
80925109088,2019,53500,149200,202700
80925109096,2019,53500,158800,212300
80925109103,2019,53500,158600,212100
80925109111,2019,53500,136600,190100
80925109129,2019,54900,128400,183300
80925109137,2019,57400,119700,177100
80925109145,2019,56100,108400,164500
80925109153,2019,54900,119300,174200
80925109161,2019,52500,128300,180800
80925109179,2019,53200,164900,218100
80925109187,2019,52000,132400,184400
80925109195,2019,51800,98600,150400
80925109202,2019,50900,144900,195800
80925109210,2019,50800,132300,183100
80925109228,2019,50800,152400,203200
80925109236,2019,50800,111600,162400
80925109244,2019,50600,156500,207100
80925109252,2019,50900,144500,195400
80925110019,2019,57900,117900,175800
80925110027,2019,61900,124400,186300
80925110035,2019,55000,126400,181400
80925110043,2019,57100,127100,184200
80925110051,2019,54500,125000,179500
80925110069,2019,54500,198700,253200
80925110077,2019,54500,121500,176000
80925110085,2019,54500,128500,183000
80925110093,2019,54500,139500,194000
80925110100,2019,53500,120200,173700
80925110118,2019,53500,127100,180600
80925110126,2019,53500,125500,179000
80925110134,2019,53500,134100,187600
80925110142,2019,53500,126400,179900
80925110150,2019,53500,131600,185100
80925110168,2019,55200,137000,192200
80925110176,2019,55900,127000,182900
80925110184,2019,56900,138100,195000
80925110192,2019,53500,126600,180100
80925110209,2019,53500,135400,188900
80925110217,2019,53500,129000,182500
80925110225,2019,53500,119900,173400
80925110233,2019,53500,123000,176500
80925110241,2019,55900,129700,185600
80925110259,2019,55200,132400,187600
80925110267,2019,54000,145500,199500
80925110275,2019,54500,132900,187400
80925110283,2019,60500,128100,188600
80925110291,2019,54000,100500,154500
80925110308,2019,62700,131500,194200
80925110316,2019,62300,141500,203800
80925110324,2019,57600,133800,191400
80925110332,2019,54500,106300,160800
80925110340,2019,54300,141800,196100
80925110358,2019,57600,119300,176900
80925110366,2019,61900,134800,196700
80925111017,2019,53400,158700,212100
80925111025,2019,53500,141300,194800
80925111033,2019,53500,135000,188500
80925111041,2019,53500,152300,205800
80925111059,2019,42200,42200,84400
80925111067,2019,53500,120400,173900
80925111075,2019,53500,132200,185700
80925111083,2019,53500,134300,187800
80925111091,2019,53600,142500,196100
80925111108,2019,56500,144200,200700
80925111116,2019,56800,127600,184400
80925111124,2019,57000,140300,197300
80925111132,2019,56900,143600,200500
80925111140,2019,56900,123100,180000
80925111158,2019,59200,120900,180100
80925111166,2019,38200,136800,175000
80925111174,2019,67600,105800,173400
80925111182,2019,57600,104900,162500
80925111190,2019,54700,129200,183900
80925111207,2019,54900,128800,183700
80925111215,2019,55800,129900,185700
80925111223,2019,56800,144900,201700
80925111231,2019,56500,135200,191700
80925111249,2019,54900,127100,182000
80925111257,2019,53500,148200,201700
80925111265,2019,53500,132500,186000
80925111273,2019,53500,132800,186300
80925111281,2019,53500,137500,191000
80925111299,2019,53500,127700,181200
80925111306,2019,53400,179600,233000
80925201024,2019,52500,140100,192600
80925201032,2019,55600,142300,197900
80925201040,2019,56900,137100,194000
80925201058,2019,56900,131300,188200
80925201066,2019,56900,156800,213700
80925201074,2019,56900,152600,209500
80925201082,2019,56900,141900,198800
80925201090,2019,56900,129800,186700
80925201107,2019,56900,124500,181400
80925201115,2019,55600,135200,190800
80925201123,2019,55700,145200,200900
80925201131,2019,51800,117900,169700
80925201149,2019,51800,165700,217500
80925201157,2019,50800,168500,219300
80925201165,2019,51800,148400,200200
80925201173,2019,54500,129100,183600
80925201181,2019,54500,134100,188600
80925201199,2019,55700,123800,179500
80925201206,2019,55700,142100,197800
80925201214,2019,55700,132700,188400
80925201222,2019,55800,129400,185200
80925201230,2019,55800,139500,195300
80925201248,2019,54500,154700,209200
80925201256,2019,55800,140100,195900
80925202014,2019,53600,138100,191700
80925202022,2019,56500,137500,194000
80925202030,2019,57100,143600,200700
80925202048,2019,57100,142700,199800
80925202056,2019,58400,127900,186300
80925202064,2019,58400,130300,188700
80925202072,2019,58400,142800,201200
80925202080,2019,56500,142000,198500
80925202098,2019,56100,119700,175800
80925202105,2019,56100,165800,221900
80925202113,2019,56100,145800,201900
80925202121,2019,56100,132100,188200
80925202139,2019,56100,137700,193800
80925202147,2019,56100,167400,223500
80925202155,2019,53200,137800,191000
80925202163,2019,54700,138900,193600
80925202171,2019,54700,128300,183000
80925202189,2019,54700,167700,222400
80925202197,2019,54700,152400,207100
80925202204,2019,54700,130900,185600
80925202212,2019,54900,125000,179900
80925202220,2019,54900,140200,195100
80925202238,2019,54500,137100,191600
80925202246,2019,55800,134300,190100
80925202254,2019,55800,127600,183400
80925202262,2019,55800,131900,187700
80925204010,2019,57600,155800,213400
80925204028,2019,47300,146900,194200
80925204036,2019,55600,166800,222400
80925204044,2019,56900,126200,183100
80925204052,2019,57000,141500,198500
80925204060,2019,58000,147900,205900
80925204078,2019,57600,165100,222700
80925204086,2019,57100,189500,246600
80925204094,2019,56800,151200,208000
80925204101,2019,55900,135500,191400
80925204119,2019,54700,127800,182500
80925204127,2019,60300,145900,206200
80925204135,2019,59600,154300,213900
80925204143,2019,59700,155200,214900
80925204151,2019,61400,134900,196300
80925204169,2019,60100,162200,222300
80925204177,2019,55600,138100,193700
80925205018,2019,58000,140500,198500
80925205026,2019,57900,142100,200000
80925205034,2019,57000,155600,212600
80925205042,2019,57400,122700,180100
80925205050,2019,54900,139300,194200
80925205068,2019,57100,146700,203800
80925205076,2019,60100,153400,213500
80925205084,2019,55200,109600,164800
80925205092,2019,55200,138400,193600
80925205109,2019,55200,116600,171800
80925205117,2019,55200,175200,230400
80925205125,2019,55200,134900,190100
80925205133,2019,55200,143700,198900
80925205141,2019,55000,115500,170500
80925205159,2019,56500,159800,216300
80925205167,2019,55700,156400,212100
80925205175,2019,55700,116400,172100
80925205183,2019,55700,163100,218800
80925205191,2019,55700,120200,175900
80925205208,2019,55700,117600,173300
80925205216,2019,55700,122800,178500
80925205224,2019,55900,149200,205100
80925205232,2019,57100,140400,197500
80925205240,2019,57400,133700,191100
80925205258,2019,57400,134100,191500
80925205266,2019,56800,148300,205100
80925206016,2019,52500,130400,182900
80925206024,2019,55600,120500,176100
80925206032,2019,56900,134200,191100
80925206040,2019,55800,150000,205800
80925206058,2019,55600,141900,197500
80925206066,2019,55200,160800,216000
80925206074,2019,55200,158200,213400
80925206082,2019,55200,176800,232000
80925206090,2019,55200,174800,230000
80925206107,2019,55200,153600,208800
80925206115,2019,55200,118100,173300
80925206123,2019,55200,148300,203500
80925206131,2019,55900,121000,176900
80925206149,2019,55800,124300,180100
80925206157,2019,55900,144700,200600
80925206165,2019,55900,133000,188900
80925206173,2019,55900,177500,233400
80925206181,2019,55900,139500,195400
80925206199,2019,56100,151500,207600
80925206206,2019,57600,118000,175600
80925206214,2019,59600,163900,223500
80925206222,2019,62200,129500,191700
80925206230,2019,62100,104800,166900
80925206248,2019,60700,125600,186300
80925206256,2019,57600,157900,215500
80925206264,2019,56100,129500,185600
80925206272,2019,56900,106700,163600
80925206280,2019,56500,155500,212000
80925206298,2019,52800,114300,167100
80925206305,2019,53400,135500,188900
80925206313,2019,53500,138200,191700
80925206321,2019,55900,134700,190600
80925207014,2019,53500,156100,209600
80925207022,2019,54000,139300,193300
80925207030,2019,54000,140600,194600
80925207048,2019,54000,125900,179900
80925207056,2019,54000,124000,178000
80925207064,2019,53600,136700,190300
80925207072,2019,54500,116100,170600
80925207080,2019,54500,176500,231000
80925207098,2019,54500,171100,225600
80925207105,2019,56100,123800,179900
80925207113,2019,55900,140200,196100
80925207121,2019,56500,145200,201700
80925207139,2019,54300,140600,194900
80925207147,2019,38100,42900,81000
80925207155,2019,53100,139500,192600
80925207163,2019,55800,118600,174400
80925207171,2019,53400,117700,171100
80925207189,2019,52000,142800,194800
80925207197,2019,54500,132700,187200
80925207204,2019,55800,127100,182900
80925207212,2019,54600,117700,172300
80925207220,2019,53200,118900,172100
80925207238,2019,60000,143800,203800
80925207246,2019,55800,131400,187200
80925207254,2019,51200,134000,185200
80925207262,2019,53400,123200,176600
80925208012,2019,53000,153200,206200
80925208020,2019,56100,145600,201700
80925208038,2019,55200,127900,183100
80925208046,2019,57400,167100,224500
80925208054,2019,59600,166500,226100
80925208062,2019,62300,141500,203800
80925208070,2019,54500,125800,180300
80925208088,2019,55600,129700,185300
80925208096,2019,57900,122400,180300
80925208103,2019,56900,134500,191400
80925208111,2019,54700,120900,175600
80925208129,2019,54600,148300,202900
80925208137,2019,62700,129100,191800
80925208145,2019,61600,146400,208000
80925208153,2019,60100,123800,183900
80925208161,2019,56100,157200,213300
80925208179,2019,55200,118100,173300
80925209010,2019,54900,146100,201000
80925209028,2019,54700,146200,200900
80925209036,2019,54700,129900,184600
80925209044,2019,54700,154500,209200
80925209052,2019,54700,148600,203300
80925209060,2019,54700,125300,180000
80925209078,2019,54300,144500,198800
80925209086,2019,55000,163500,218500
80925209094,2019,53000,160900,213900
80925209101,2019,51600,141100,192700
80925209119,2019,52000,146800,198800
80925209127,2019,52000,131700,183700
80925209135,2019,52000,138600,190600
80925209143,2019,52000,167400,219400
80925209151,2019,52000,134300,186300
80925209169,2019,52300,138600,190900
80925210017,2019,51900,164400,216300
80925210025,2019,52000,139100,191100
80925210033,2019,52000,139100,191100
80925210041,2019,52000,138100,190100
80925210059,2019,51900,139700,191600
80925210067,2019,51900,159600,211500
80925210075,2019,51900,143100,195000
80925210083,2019,51800,131200,183000
80925210091,2019,54600,157400,212000
80925210108,2019,54500,148200,202700
80925210116,2019,54500,131200,185700
80925210124,2019,55600,148200,203800
80925210132,2019,57900,125200,183100
80925210140,2019,58400,138500,196900
80925210158,2019,57000,147700,204700
80925210166,2019,58100,142500,200600
80925210174,2019,59200,120000,179200
80925210182,2019,62700,142300,205000
80925210190,2019,59600,145400,205000
80925210207,2019,58500,128900,187400
80925210215,2019,54900,151500,206400
80925210223,2019,62600,123600,186200
80925210231,2019,54600,228900,283500
80925210249,2019,54000,199300,253300
80925210257,2019,55200,179900,235100
80925210265,2019,55800,192200,248000
80925210273,2019,55800,198000,253800
80925210281,2019,55800,186700,242500
80925210299,2019,54000,195800,249800
80925210306,2019,54000,184900,238900
80925210314,2019,58000,118100,176100
80925210330,2019,56900,200100,257000
80925211015,2019,53100,135500,188600
80925211023,2019,48200,131500,179700
80925211031,2019,48400,138800,187200
80925211049,2019,54000,144400,198400
80925211057,2019,55600,139700,195300
80925211065,2019,55800,117500,173300
80925211073,2019,56100,119800,175900
80925211081,2019,56100,142300,198400
80925211099,2019,54900,161600,216500
80925211106,2019,54900,139100,194000
80925211114,2019,54900,153800,208700
80925211122,2019,59400,122300,181700
80925211130,2019,55800,117400,173200
80925211148,2019,55600,139800,195400
80925211156,2019,56900,145800,202700
80925211164,2019,55700,155500,211200
80925211172,2019,54700,126600,181300
80925211180,2019,54300,137100,191400
80925211198,2019,54700,150300,205000
80925211205,2019,54900,149000,203900
80925211213,2019,54900,130900,185800
80925211221,2019,54900,185100,240000
80925211239,2019,54900,130300,185200
80925211247,2019,55200,122100,177300
80925211255,2019,53500,154300,207800
80925211263,2019,55800,136800,192600
80925211271,2019,54000,163000,217000
80925212013,2019,55800,134700,190500
80925212021,2019,54600,155400,210000
80925212039,2019,54300,156800,211100
80925212047,2019,54500,131100,185600
80925212055,2019,55200,127700,182900
80925212063,2019,59400,162600,222000
80925212071,2019,57100,150900,208000
80925212089,2019,55300,158600,213900
80925212097,2019,57000,117100,174100
80925212104,2019,57100,110200,167300
80925212112,2019,56100,146700,202800
80925212120,2019,57900,164500,222400
80925212138,2019,54900,175600,230500
80925212146,2019,54500,133200,187700
80925212154,2019,54500,138200,192700
80925212162,2019,54500,123000,177500
80925212170,2019,54500,150500,205000
80925212188,2019,54500,128000,182500
80925212196,2019,54600,139900,194500
80925212203,2019,58500,127800,186300
80925212211,2019,55600,142300,197900
80925212229,2019,55600,121100,176700
80925212237,2019,55600,117400,173000
80925212245,2019,55600,142300,197900
80925212253,2019,54300,142300,196600
80925212261,2019,53500,150300,203800
80925212279,2019,54300,155200,209500
80925212287,2019,54500,131200,185700
80925212295,2019,54500,170900,225400
80925212302,2019,54500,130600,185100
80925212310,2019,54900,138000,192900
80925212328,2019,58100,179600,237700
80925212336,2019,57600,118300,175900
80925212344,2019,60000,175000,235000
80925212352,2019,62600,133800,196400
80925212360,2019,62800,127200,190000
80925213011,2019,55200,146300,201500
80925213029,2019,54900,174900,229800
80925213037,2019,55900,133100,189000
80925213045,2019,55900,112200,168100
80925213053,2019,58000,163300,221300
80925213061,2019,58000,202200,260200
80925213079,2019,58000,112100,170100
80925213087,2019,58000,142900,200900
80925213095,2019,58000,147100,205100
80925213102,2019,58000,140500,198500
80925213110,2019,56900,117000,173900
80925213128,2019,56900,136600,193500
80925213136,2019,56900,138900,195800
80925213144,2019,56900,152600,209500
80925213152,2019,56900,135700,192600
80925213160,2019,56500,152700,209200
80925213178,2019,56900,145900,202800
80925213186,2019,55000,130600,185600
80925214019,2019,57900,145400,203300
80925214027,2019,56500,129200,185700
80925214035,2019,56100,143500,199600
80925214043,2019,56100,161600,217700
80925214051,2019,56100,155600,211700
80925214069,2019,56100,166300,222400
80925214077,2019,56100,153300,209400
80925214085,2019,56100,163900,220000
80925214093,2019,56100,143800,199900
80925214100,2019,56100,115500,171600
80925214118,2019,56100,177600,233700
80925214126,2019,56100,167400,223500
80925214134,2019,56100,141400,197500
80925214142,2019,56100,131700,187800
80925214150,2019,55900,129100,185000
80925214168,2019,54600,131800,186400
80925214176,2019,52300,153700,206000
80925214184,2019,56100,127200,183300
80925214192,2019,59000,133600,192600
80925214209,2019,62700,157300,220000
80925214217,2019,62600,163900,226500
80925214225,2019,55900,127500,183400
80925214233,2019,60700,115400,176100
80925214241,2019,61400,130200,191600
80925214259,2019,57600,140800,198400
80925214267,2019,55700,153800,209500
80925214275,2019,54500,166200,220700
80925214283,2019,54300,125800,180100
80925214291,2019,54300,168400,222700
80925214308,2019,54300,125600,179900
80925214316,2019,54300,123200,177500
80925214324,2019,58700,151800,210500
80925215017,2019,56100,152200,208300
80925215025,2019,55700,152300,208000
80925215033,2019,55700,153800,209500
80925215041,2019,55700,163900,219600
80925215059,2019,55700,155400,211100
80925215067,2019,55700,157600,213300
80925215075,2019,55700,129300,185000
80925215083,2019,55700,158000,213700
80925215091,2019,55700,164300,220000
80925215108,2019,55700,156400,212100
80925215116,2019,56900,144800,201700
80925215124,2019,56900,148200,205100
80925215132,2019,55700,134800,190500
80925215140,2019,55700,191400,247100
80925215158,2019,55700,140800,196500
80925215166,2019,55700,145700,201400
80925215174,2019,55700,149400,205100
80925215182,2019,55700,131600,187300
80925215190,2019,55700,127500,183200
80925215207,2019,55700,152500,208200
80925215215,2019,55700,136200,191900
80925215223,2019,56100,153400,209500
80925216015,2019,57900,133700,191600
80925216023,2019,57600,131300,188900
80925216031,2019,57600,144800,202400
80925216049,2019,57600,180900,238500
80925216057,2019,57600,133000,190600
80925216065,2019,57600,145600,203200
80925216073,2019,57600,166000,223600
80925216081,2019,57600,122700,180300
80925216099,2019,57600,136400,194000
80925216106,2019,57600,156500,214100
80925216114,2019,57600,144200,201800
80925216130,2019,59200,153500,212700
80925216148,2019,57400,165700,223100
80925216164,2019,62800,150500,213300
80925216172,2019,60700,145400,206100
80925216180,2019,59400,131600,191000
80925216198,2019,58000,147700,205700
80925216205,2019,57900,130600,188500
80925216213,2019,58100,143700,201800
80925216221,2019,57900,117900,175800
80925216239,2019,57600,163300,220900
80925216247,2019,59600,124000,183600
80925217013,2019,57000,174700,231700
80925217021,2019,58000,162200,220200
80925217039,2019,57600,139400,197000
80925217047,2019,58500,164200,222700
80925217055,2019,57600,143300,200900
80925217063,2019,57900,145900,203800
80925217071,2019,57600,165900,223500
80925217089,2019,57400,157900,215300
80925217097,2019,57400,142100,199500
80925217104,2019,57900,147900,205800
80925217112,2019,57400,160800,218200
80925217120,2019,57100,151700,208800
80925217138,2019,57000,233200,290200
80925217146,2019,57000,138200,195200
80925217154,2019,56800,126800,183600
80925217162,2019,55600,176200,231800
80925217170,2019,55600,113700,169300
80925217188,2019,55600,123700,179300
80925217196,2019,55200,146700,201900
80925217203,2019,55900,152300,208200
80925217211,2019,55700,214100,269800
80925217229,2019,55800,153400,209200
80925217237,2019,55800,163600,219400
80925217245,2019,55900,149700,205600
80925217253,2019,57900,155000,212900
80925217261,2019,57600,158700,216300
80925217279,2019,58100,207400,265500
80925217287,2019,59400,171900,231300
80925217295,2019,59000,136400,195400
80925217302,2019,59600,134600,194200
80925217310,2019,59600,156000,215600
80925217328,2019,57600,194700,252300
80925217336,2019,57900,160000,217900
80925218011,2019,47800,128200,176000
80925218029,2019,48000,170200,218200
80925218037,2019,47900,199600,247500
80925218045,2019,48500,233000,281500
80925218053,2019,48500,200700,249200
80925218061,2019,48500,170700,219200
80925218079,2019,48900,203600,252500
80925218087,2019,49900,165800,215700
80925218095,2019,48500,182300,230800
80925218102,2019,48900,173400,222300
80925218110,2019,48000,177900,225900
80925219019,2019,59200,120000,179200
80925219027,2019,59200,100800,160000
80925219035,2019,60500,142200,202700
80925219043,2019,60800,110500,171300
80925219051,2019,57600,130800,188400
80925219069,2019,64200,123100,187300
80925219077,2019,66800,145500,212300
80925219085,2019,62100,151200,213300
80925219093,2019,64600,115000,179600
80925219100,2019,54900,130300,185200
80925219118,2019,55900,133000,188900
80925219126,2019,57600,151900,209500
80925219134,2019,57100,113200,170300
80925219142,2019,54300,147700,202000
80925219150,2019,54500,141600,196100
80925219168,2019,54500,179700,234200
80925219176,2019,54500,157600,212100
80925219184,2019,54500,146600,201100
80925219192,2019,54500,144000,198500
80925219209,2019,55800,131800,187600
80925219217,2019,55600,126900,182500
80925219225,2019,55600,165500,221100
80925219233,2019,57100,152800,209900
80925219241,2019,56900,135000,191900
80925219259,2019,53600,120600,174200
80925219267,2019,58000,145800,203800
80925219275,2019,57600,137800,195400
80925219283,2019,60700,144300,205000
80925219291,2019,59700,167400,227100
80925219308,2019,58500,121500,180000
80925219316,2019,57400,133000,190400
80925220016,2019,54500,138400,192900
80925220024,2019,54500,113300,167800
80925220032,2019,36300,136600,172900
80925220040,2019,54500,128600,183100
80925220058,2019,55200,157400,212600
80925220066,2019,54500,124800,179300
80925220074,2019,54500,128000,182500
80925220082,2019,54500,145500,200000
80925220090,2019,54500,154800,209300
80925220107,2019,54600,165400,220000
80925220115,2019,52300,142500,194800
80925220123,2019,55600,121900,177500
80925220131,2019,54600,179600,234200
80925220149,2019,54500,145700,200200
80925220157,2019,54500,127000,181500
80925220165,2019,54500,138200,192700
80925220173,2019,54500,149900,204400
80925220181,2019,54600,146800,201400
80925300959,2019,93700,132600,226300
80925301014,2019,49900,182800,232700
80925301022,2019,51600,197700,249300
80925301030,2019,58900,162100,221000
80925301048,2019,60300,163700,224000
80925301056,2019,54300,141000,195300
80925301064,2019,43300,149800,193100
80925302012,2019,62100,162100,224200
80925302020,2019,49600,179200,228800
80925302038,2019,48900,181400,230300
80925302046,2019,48900,193200,242100
80925302054,2019,60300,167400,227700
80925302062,2019,49900,157600,207500
80925302070,2019,45700,132900,178600
80925302088,2019,60600,84100,144700
80925302096,2019,55300,113200,168500
80925302103,2019,41400,146600,188000
80925302111,2019,56700,129700,186400
80925303010,2019,49900,102600,152500
80925303028,2019,49900,132000,181900
80925303036,2019,76800,191300,268100
80925303044,2019,67700,152100,219800
80925303052,2019,78200,114600,192800
80925303060,2019,67600,159800,227400
80925303078,2019,56100,130400,186500
80925303086,2019,56100,146700,202800
80925303094,2019,58600,140400,199000
80925303101,2019,69700,116400,186100
80925303119,2019,54400,169300,223700
80925303127,2019,54400,141600,196000
80925303143,2019,43500,153700,197200
80925303151,2019,44300,110900,155200
80925303169,2019,70900,125700,196600
80925303177,2019,42600,148800,191400
80925303185,2019,57700,144600,202300
80925303193,2019,57000,166700,223700
80925303200,2019,127700,115400,243100
80925303218,2019,52900,139000,191900
80925303226,2019,145600,131400,277000
80925303234,2019,131600,119000,250600
80925303242,2019,90300,247900,338200
80925303250,2019,74100,185600,259700
80925303268,2019,69700,113400,183100
80925303276,2019,69700,143000,212700
80925303284,2019,56100,163100,219200
80925303292,2019,56100,165500,221600
80925303309,2019,56100,149800,205900
80925303317,2019,58400,167300,225700
80925303325,2019,51600,180200,231800
80925303333,2019,73300,124100,197400
80925303341,2019,59100,129000,188100
80925303359,2019,79300,132100,211400
80925303367,2019,37800,199500,237300
80925303375,2019,52000,158000,210000
80925303383,2019,53800,175500,229300
80925303391,2019,53800,175500,229300
80925304018,2019,47800,132800,180600
80925304026,2019,64900,89300,154200
80925304034,2019,64200,212100,276300
80925304042,2019,64500,238700,303200
80925304050,2019,64500,152600,217100
80925304068,2019,73900,136900,210800
80925304076,2019,57200,116700,173900
80925304084,2019,0,0,0
80925304092,2019,58400,112400,170800
80925304109,2019,58400,136800,195200
80925304117,2019,68400,115200,183600
80925304125,2019,47400,74500,121900
80925304133,2019,45500,106300,151800
80925304141,2019,55200,152900,208100
80925304159,2019,53800,136000,189800
80925304167,2019,53800,140800,194600
80925304175,2019,53800,151900,205700
80925304183,2019,53800,150000,203800
80925304191,2019,78100,168300,246400
80925304208,2019,73900,145500,219400
80925304216,2019,68400,173300,241700
80925304224,2019,73900,216600,290500
80925304232,2019,73900,158900,232800
80925304240,2019,74100,164500,238600
80925304258,2019,49900,139500,189400
80925304266,2019,52700,171500,224200
80925304274,2019,47800,147500,195300
80925304282,2019,47800,150200,198000
80925304290,2019,47800,135500,183300
80925304307,2019,47800,140900,188700
80925304315,2019,47800,156200,204000
80925304323,2019,53100,150200,203300
80925304331,2019,94100,158500,252600
80925305016,2019,56100,123900,180000
80925305024,2019,62800,141100,203900
80925305032,2019,61100,112700,173800
80925305040,2019,60800,118500,179300
80925305058,2019,60800,163800,224600
80925305066,2019,60800,148000,208800
80925305074,2019,60800,102300,163100
80925305082,2019,68600,116700,185300
80925305090,2019,68600,107700,176300
80925305107,2019,61100,104200,165300
80925305115,2019,61100,106000,167100
80925305123,2019,60800,115000,175800
80925305131,2019,60700,157800,218500
80925305149,2019,63900,133000,196900
80925305157,2019,63900,129300,193200
80925305165,2019,64200,97200,161400
80925305173,2019,64200,107000,171200
80925305181,2019,72400,117100,189500
80925305199,2019,72400,150000,222400
80925305206,2019,63900,144300,208200
80925305214,2019,63900,111800,175700
80925305222,2019,63900,148900,212800
80925305230,2019,63900,126900,190800
80925305248,2019,64500,102600,167100
80925305256,2019,59800,132900,192700
80925306014,2019,65500,100800,166300
80925306022,2019,72200,98000,170200
80925306030,2019,63800,128900,192700
80925306048,2019,63900,88100,152000
80925306056,2019,63900,107800,171700
80925306064,2019,63900,152100,216000
80925306072,2019,63900,118100,182000
80925306080,2019,63900,133700,197600
80925306098,2019,63800,138700,202500
80925306105,2019,57800,102800,160600
80925306113,2019,57900,9600,67500
80925306121,2019,60500,108800,169300
80925306139,2019,63900,119800,183700
80925306147,2019,63900,118800,182700
80925306155,2019,63900,122600,186500
80925306163,2019,63800,130000,193800
80925306171,2019,63900,137000,200900
80925306189,2019,63700,91800,155500
80925306197,2019,60200,114800,175000
80925306204,2019,68100,85400,153500
80925306212,2019,67900,122200,190100
80925306220,2019,66400,81900,148300
80925306238,2019,64600,109100,173700
80925306246,2019,66900,99000,165900
80925306254,2019,63400,87700,151100
80925306262,2019,62900,137800,200700
80925306270,2019,78200,74100,152300
80925306288,2019,78200,70700,148900
80925306296,2019,78200,115600,193800
80925306303,2019,74500,79800,154300
80925306311,2019,75400,70400,145800
80925306329,2019,71700,102500,174200
80925306337,2019,74500,92500,167000
80925306345,2019,61100,103900,165000
80925306353,2019,59600,91100,150700
80925306361,2019,57000,100200,157200
80925306379,2019,62900,91300,154200
80925306387,2019,74600,119400,194000
80925306395,2019,52600,129100,181700
80925306402,2019,52400,110700,163100
80925306410,2019,55700,70900,126600
80925306436,2019,53400,122500,175900
80925306444,2019,57200,94400,151600
80925306452,2019,67100,90500,157600
80925306460,2019,62400,72500,134900
80925306478,2019,59500,97100,156600
80925306486,2019,53800,93100,146900
80925306494,2019,57500,74500,132000
80925307012,2019,58300,78500,136800
80925307020,2019,61900,111300,173200
80925307038,2019,73300,99300,172600
80925307046,2019,71600,83100,154700
80925307054,2019,71800,86300,158100
80925307062,2019,71400,100100,171500
80925307070,2019,70800,81900,152700
80925307088,2019,73300,120200,193500
80925307096,2019,74500,84400,158900
80925307103,2019,69900,102500,172400
80925307111,2019,68500,97300,165800
80925307129,2019,69000,92200,161200
80925307137,2019,65600,91600,157200
80925307145,2019,66000,81300,147300
80925307153,2019,66700,108100,174800
80925307161,2019,71200,113300,184500
80925307179,2019,67700,77200,144900
80925307187,2019,68500,104900,173400
80925307195,2019,68500,127100,195600
80925307202,2019,64200,133800,198000
80925307210,2019,61100,105300,166400
80925307228,2019,76800,107400,184200
80925307236,2019,65200,109800,175000
80925307327,2019,70000,132000,202000
80925307335,2019,61600,89000,150600
80925307343,2019,61100,76800,137900
80925307351,2019,61100,96800,157900
80925307369,2019,61100,58500,119600
80925308010,2019,66000,88200,154200
80925308028,2019,66000,107000,173000
80925308036,2019,66000,118100,184100
80925308044,2019,66000,108900,174900
80925308052,2019,66000,122400,188400
80925308060,2019,62800,136700,199500
80925308078,2019,74400,112100,186500
80925308086,2019,74400,98900,173300
80925308094,2019,89900,153200,243100
80925308101,2019,73700,86400,160100
80925308119,2019,73700,109600,183300
80925308127,2019,73700,97300,171000
80925308135,2019,76800,117800,194600
80925308143,2019,77100,104700,181800
80925308151,2019,76300,80800,157100
80925308169,2019,76800,101600,178400
80925308177,2019,70000,140300,210300
80925308185,2019,67700,81800,149500
80925308193,2019,71200,66500,137700
80925308200,2019,72200,98700,170900
80925308218,2019,69500,85300,154800
80925308226,2019,70000,135500,205500
80925308234,2019,77900,97700,175600
80925308242,2019,79000,80800,159800
80925308250,2019,79000,115400,194400
80925308268,2019,78900,101500,180400
80925308276,2019,78500,103500,182000
80925308284,2019,74100,81000,155100
80925308292,2019,74000,108200,182200
80925308309,2019,73700,90700,164400
80925308317,2019,73300,133100,206400
80925308325,2019,72200,89700,161900
80925308333,2019,71200,108000,179200
80925308341,2019,70000,86600,156600
80925309018,2019,62800,109000,171800
80925309026,2019,62800,85500,148300
80925309034,2019,62800,95600,158400
80925309042,2019,62800,126200,189000
80925309050,2019,62800,99700,162500
80925309068,2019,62800,79200,142000
80925309076,2019,62800,109700,172500
80925309084,2019,66000,118900,184900
80925309092,2019,66000,107300,173300
80925309109,2019,66000,116500,182500
80925309117,2019,66000,116800,182800
80925309125,2019,66000,148200,214200
80925401012,2019,53000,132600,185600
80925401020,2019,54900,124300,179200
80925401038,2019,56100,122900,179000
80925401046,2019,55600,130600,186200
80925401054,2019,57400,140400,197800
80925401062,2019,64500,170600,235100
80925401070,2019,59600,175300,234900
80925401088,2019,60100,152200,212300
80925401096,2019,59400,162200,221600
80925401103,2019,59400,173100,232500
80925401111,2019,53400,137800,191200
80925401129,2019,53500,151000,204500
80925401137,2019,53400,124100,177500
80925401145,2019,54300,150700,205000
80925401153,2019,53500,128400,181900
80925401161,2019,57600,145100,202700
80925401179,2019,57600,161400,219000
80925401187,2019,57000,155900,212900
80925401195,2019,58100,146200,204300
80925401202,2019,61900,166700,228600
80925401210,2019,60800,164700,225500
80925401228,2019,64500,177500,242000
80925401236,2019,60100,162600,222700
80925401244,2019,64700,154800,219500
80925401252,2019,60500,208600,269100
80925401260,2019,56800,171600,228400
80925401278,2019,57100,189600,246700
80925401286,2019,60500,162500,223000
80925401294,2019,64400,178000,242400
80925402010,2019,57600,133500,191100
80925402028,2019,57600,128000,185600
80925402036,2019,54000,122000,176000
80925402044,2019,53400,170100,223500
80925402052,2019,53600,160500,214100
80925402060,2019,57600,142600,200200
80925402078,2019,57600,139400,197000
80925402086,2019,57900,113800,171700
80925402094,2019,53500,134500,188000
80925402101,2019,56900,159400,216300
80925402119,2019,55200,128700,183900
80925402127,2019,64600,176400,241000
80925402135,2019,60300,167300,227600
80925402143,2019,66800,161300,228100
80925402151,2019,66100,173700,239800
80925402169,2019,62300,129600,191900
80925402177,2019,59400,131200,190600
80925402185,2019,56500,139400,195900
80925402193,2019,59700,149800,209500
80925402200,2019,60800,128200,189000
80925402218,2019,58400,155100,213500
80925402226,2019,62200,128200,190400
80925402234,2019,56900,164600,221500
80925402242,2019,57400,185700,243100
80925402250,2019,58800,176500,235300
80925402268,2019,64500,157900,222400
80925402276,2019,59000,180500,239500
80925402284,2019,57600,168100,225700
80925403018,2019,53800,125700,179500
80925403026,2019,55200,136700,191900
80925403034,2019,53800,120200,174000
80925403042,2019,53800,113400,167200
80925403050,2019,56400,155500,211900
80925403068,2019,58600,152900,211500
80925403076,2019,58600,174200,232800
80925403084,2019,55700,188200,243900
80925403092,2019,59200,154500,213700
80925403109,2019,54800,128100,182900
80925403117,2019,56300,148100,204400
80925403125,2019,56300,171800,228100
80925403133,2019,65400,111300,176700
80925403141,2019,66200,125200,191400
80925403159,2019,78900,173100,252000
80925403167,2019,78900,148300,227200
80925403175,2019,85400,177800,263200
80925403183,2019,61100,128200,189300
80925403191,2019,62100,134200,196300
80925403208,2019,58600,111500,170100
80925403216,2019,54800,176700,231500
80925403224,2019,54500,148700,203200
80925403232,2019,54500,146400,200900
80925403240,2019,54500,130200,184700
80925403258,2019,54500,168900,223400
80925403266,2019,54500,173400,227900
80925403274,2019,54300,125500,179800
80925403282,2019,58900,151400,210300
80925403290,2019,54500,192100,246600
80925403307,2019,54500,170200,224700
80925403315,2019,54300,120600,174900
80925403323,2019,54300,147000,201300
80925404016,2019,56300,166900,223200
80925404024,2019,56200,161500,217700
80925404032,2019,58600,178400,237000
80925404040,2019,60000,140300,200300
80925404058,2019,56200,127800,184000
80925404066,2019,56100,150400,206500
80925404074,2019,59100,223400,282500
80925404082,2019,40200,185500,225700
80925404090,2019,40200,147500,187700
80925404107,2019,40200,148500,188700
80925404115,2019,40200,154600,194800
80925404123,2019,51500,153900,205400
80925404131,2019,40200,168500,208700
80925405014,2019,55200,133500,188700
80925405022,2019,55200,164700,219900
80925405030,2019,51600,148400,200000
80925405048,2019,56100,176500,232600
80925405056,2019,51600,132800,184400
80925405064,2019,51600,152500,204100
80925405072,2019,61300,140500,201800
80925405080,2019,61300,171000,232300
80925405098,2019,64500,196000,260500
80925405105,2019,66100,168100,234200
80925405113,2019,66100,145300,211400
80925405171,2019,76200,173300,249500
80925405212,2019,75200,203300,278500
80925405220,2019,59200,182700,241900
80925405238,2019,62900,175900,238800
80925405246,2019,57900,183200,241100
80925405254,2019,61300,152500,213800
80925405262,2019,61300,159200,220500
80925405270,2019,61300,163500,224800
80925405288,2019,56300,211800,268100
80925405296,2019,56200,171100,227300
80925405303,2019,59900,221500,281400
80925405311,2019,59200,173400,232600
80925405329,2019,56100,172700,228800
80925405337,2019,48200,125700,173900
80925405345,2019,47900,136900,184800
80925406012,2019,56300,242400,298700
80925406020,2019,56300,203600,259900
80925406038,2019,62100,173000,235100
80925406046,2019,62100,243900,306000
80925406054,2019,62100,177400,239500
80925406062,2019,62400,197400,259800
80925406070,2019,56100,210200,266300
80925406088,2019,56200,171400,227600
80925406096,2019,56300,133600,189900
80925406103,2019,56200,152900,209100
80925406111,2019,108600,207800,316400
80925406129,2019,84100,165100,249200
80925406137,2019,59200,155900,215100
80925406145,2019,59100,187700,246800
80925406153,2019,60000,144200,204200
80925407010,2019,59200,181800,241000
80925407028,2019,58400,114100,172500
80925407036,2019,52800,179300,232100
80925407044,2019,59200,161000,220200
80925407052,2019,51600,141900,193500
80925407060,2019,55300,174600,229900
80925407078,2019,51600,126800,178400
80925407086,2019,51600,198400,250000
80925407094,2019,56100,167100,223200
80925407101,2019,56100,239000,295100
80925407119,2019,51600,206400,258000
80925407127,2019,55300,110200,165500
80925407135,2019,51600,129900,181500
80925407143,2019,51600,166500,218100
80925407151,2019,51600,126100,177700
80925407169,2019,52900,153300,206200
80925408018,2019,52900,130100,183000
80925408026,2019,52900,147200,200100
80925408034,2019,52900,158700,211600
80925408042,2019,52900,178300,231200
80925408050,2019,52900,159100,212000
80925408068,2019,52900,118800,171700
80925408076,2019,54800,138300,193100
80925408084,2019,52900,132600,185500
80925408092,2019,52900,147300,200200
80925408109,2019,52900,178900,231800
80925408117,2019,56100,161400,217500
80925408125,2019,55200,140200,195400
80925408133,2019,55200,135800,191000
80925408141,2019,52900,132600,185500
80925408159,2019,52700,81100,133800
80925408167,2019,63700,137800,201500
80925408175,2019,60000,151400,211400
80925408183,2019,59200,134400,193600
80925408191,2019,59900,153500,213400
80925408208,2019,59900,129300,189200
80925408216,2019,59900,155100,215000
80925408224,2019,59900,132100,192000
80925408232,2019,59900,152800,212700
80925408240,2019,59500,133600,193100
80925408258,2019,59900,106600,166500
80925408266,2019,59900,136100,196000
80925408274,2019,59500,109500,169000
80925408282,2019,59900,115900,175800
80925408290,2019,59900,139300,199200
80925408307,2019,59900,123900,183800
80925408315,2019,52900,163900,216800
80925409016,2019,52900,169900,222800
80925409024,2019,52900,220100,273000
80925409032,2019,52900,136300,189200
80925409040,2019,52900,125000,177900
80925409058,2019,45700,162600,208300
80925409066,2019,48900,145100,194000
80925409074,2019,52700,152400,205100
80925409082,2019,59900,143100,203000
80925409090,2019,59900,131800,191700
80925409107,2019,59900,131700,191600
80925409115,2019,59900,94800,154700
80925409123,2019,59900,129700,189600
80925409131,2019,71400,165000,236400
80925409149,2019,59100,124000,183100
80925409157,2019,59100,213400,272500
80925409165,2019,62400,160100,222500
80925409173,2019,62400,151400,213800
80925409181,2019,55200,144600,199800
80925409199,2019,56100,192000,248100
80925409206,2019,56200,127000,183200
80925409214,2019,60300,132900,193200
80925409222,2019,59100,136600,195700
80925409230,2019,58600,143400,202000
80925409248,2019,66500,151100,217600
80925409256,2019,58600,141700,200300
80925409264,2019,56200,137800,194000
80925409272,2019,67500,186300,253800
80925409280,2019,62100,164600,226700
80925409298,2019,62400,161500,223900
80925409305,2019,62100,144200,206300
80925409313,2019,62100,151300,213400
80925409339,2019,62100,176300,238400
80925410013,2019,51200,152000,203200
80925410021,2019,51200,155000,206200
80925410039,2019,52700,131800,184500
80925410047,2019,52700,128800,181500
80925410055,2019,57000,226100,283100
80925410063,2019,52700,200700,253400
80925410071,2019,48900,163700,212600
80925410089,2019,58300,190600,248900
80925410097,2019,56100,159200,215300
80925410104,2019,59100,180500,239600
80925410112,2019,59100,154400,213500
80925410120,2019,58600,213100,271700
80925410138,2019,66000,225100,291100
80925410146,2019,51600,156900,208500
80925410154,2019,51600,145900,197500
80925410162,2019,66500,191500,258000
80925410170,2019,59900,145500,205400
80925410188,2019,52700,143400,196100
80925410196,2019,52700,187600,240300
80925410203,2019,52700,138800,191500
80925410211,2019,69200,111100,180300
80925410229,2019,55200,146800,202000
80925410237,2019,55200,178200,233400
80925410245,2019,70000,173300,243300
80925410253,2019,70000,166500,236500
80925410261,2019,57200,148800,206000
80925410279,2019,55200,119200,174400
80925410287,2019,53900,175100,229000
80925410295,2019,48000,167100,215100
80925410302,2019,48500,174700,223200
80925411011,2019,48500,164200,212700
80925411029,2019,62100,171200,233300
80925411037,2019,54500,143800,198300
80925411045,2019,45700,157500,203200
80925411053,2019,51600,165400,217000
80925411061,2019,51600,206500,258100
80925411079,2019,68700,146400,215100
80925411087,2019,45500,183800,229300
80925411095,2019,45100,122900,168000
80925411102,2019,45100,134400,179500
80925411110,2019,56200,125200,181400
80925411128,2019,129600,128600,258200
80925411136,2019,56200,179100,235300
80925411144,2019,63800,237300,301100
80925411152,2019,56300,214700,271000
80925411160,2019,56200,178700,234900
80925411194,2019,46700,234400,281100
80925411201,2019,46700,125600,172300
80925411219,2019,73000,121000,194000
80925411227,2019,73000,149500,222500
80925411235,2019,54400,169600,224000
80925411243,2019,54400,129700,184100
80925411251,2019,62100,205400,267500
80925412019,2019,64500,229400,293900
80925412027,2019,63800,171700,235500
80925412035,2019,69200,209900,279100
80925412043,2019,71300,199000,270300
80925412051,2019,58600,152300,210900
80925412069,2019,69700,153300,223000
80925412077,2019,69200,158700,227900
80925412085,2019,59900,233400,293300
80925412093,2019,67700,161400,229100
80925412100,2019,62100,136900,199000
80925412118,2019,61300,162000,223300
80925412126,2019,52700,175300,228000
80925412134,2019,62100,118400,180500
80925412142,2019,62100,139200,201300
80925412150,2019,62100,151600,213700
80925412168,2019,62100,147100,209200
80925412176,2019,62100,117900,180000
80925412184,2019,62100,167300,229400
80925412192,2019,62100,161100,223200
80925412209,2019,49900,157800,207700
80925412217,2019,49900,201300,251200
80925412225,2019,48900,134000,182900
80925412233,2019,48900,136500,185400
80925412241,2019,49900,138100,188000
80925412259,2019,49900,160600,210500
80925412267,2019,59100,151600,210700
80925412275,2019,52400,185800,238200
80925412283,2019,66100,185000,251100
80925412291,2019,55200,152900,208100
80925412308,2019,69200,145400,214600
80925412316,2019,64500,150800,215300
80925412324,2019,64500,159500,224000
80925412332,2019,55200,163000,218200
80925412340,2019,49900,145800,195700
80925412358,2019,64500,160500,225000
80925412366,2019,69200,174100,243300
80925412374,2019,52700,154300,207000
80925412382,2019,69200,155000,224200
80925412390,2019,61300,114600,175900
80925412407,2019,61300,155900,217200
80925412415,2019,78000,220600,298600
80925412423,2019,62100,132800,194900
80925412431,2019,78900,171800,250700
80925412449,2019,62100,110700,172800
80925412457,2019,49900,178100,228000
80925412465,2019,56200,150300,206500
80925412473,2019,58600,168800,227400
80925412481,2019,55300,238200,293500
80925413017,2019,52700,183300,236000
80925413025,2019,55200,147800,203000
80925413033,2019,55200,167100,222300
80925413041,2019,55200,129800,185000
80925413059,2019,54000,177400,231400
80925413067,2019,52700,184200,236900
80925413075,2019,59200,209000,268200
80925413083,2019,56200,129600,185800
80925413091,2019,56200,171700,227900
80925413108,2019,45100,141600,186700
80925413116,2019,48500,146700,195200
80925413124,2019,66100,118000,184100
80925413132,2019,66100,153300,219400
80925413140,2019,51600,126200,177800
80925413158,2019,52700,134600,187300
80925413166,2019,51600,117500,169100
80925413174,2019,51600,123200,174800
80925413182,2019,61300,183200,244500
80925414015,2019,48500,130200,178700
80925414065,2019,48500,184200,232700
80925414073,2019,52700,142300,195000
80925414081,2019,59200,151300,210500
80925414099,2019,59100,137800,196900
80925414106,2019,53200,170400,223600
80925414114,2019,48900,206600,255500
80925414122,2019,48900,172400,221300
80925414130,2019,37800,174500,212300
80925414148,2019,59900,142400,202300
80925414156,2019,55200,181700,236900
80925414164,2019,43900,188800,232700
80925414172,2019,52900,138200,191100
80925414180,2019,52900,172100,225000
80925414198,2019,62100,152900,215000
80925414205,2019,76000,149900,225900
80925414213,2019,74400,152800,227200
80925414221,2019,62100,162700,224800
80925414239,2019,62100,148900,211000
80925414247,2019,62100,191200,253300
80925414255,2019,66500,175600,242100
80925414263,2019,66500,157800,224300
80925414271,2019,66100,148900,215000
80925414289,2019,55400,173600,229000
80925415055,2019,47400,144800,192200
80925415063,2019,47400,192200,239600
80925415071,2019,47400,175100,222500
80925415089,2019,45100,185500,230600
80925415948,2019,45500,137600,183100
80925416011,2019,59600,156300,215900
80925416029,2019,57700,175900,233600
80925416037,2019,56900,184000,240900
80925416045,2019,54600,136900,191500
80925416053,2019,52300,154600,206900
80925416061,2019,52000,143800,195800
80925416079,2019,54000,151700,205700
80925416087,2019,49900,142800,192700
80925416095,2019,50900,185800,236700
80925416102,2019,51800,149600,201400
80925416110,2019,54300,148800,203100
80925416128,2019,55800,145100,200900
80925416136,2019,62200,179900,242100
80925416144,2019,62300,200400,262700
80925416152,2019,65700,141200,206900
80925416160,2019,66100,164100,230200
80925416178,2019,58100,151400,209500
80925416186,2019,59700,163900,223600
80925416194,2019,64700,169900,234600
80925416201,2019,61600,153000,214600
80925416219,2019,61900,170900,232800
80925416227,2019,62300,233300,295600
80925416235,2019,60700,147300,208000
80925416243,2019,59400,172300,231700
80925416251,2019,60000,147400,207400
80926101017,2019,53100,156600,209700
80926101025,2019,53400,128000,181400
80926101033,2019,57400,127600,185000
80926101041,2019,56800,134600,191400
80926101059,2019,51900,132500,184400
80926101067,2019,52500,132700,185200
80926101075,2019,54700,144400,199100
80926101083,2019,62200,161700,223900
80926101091,2019,60800,131700,192500
80926101108,2019,57000,124700,181700
80926101116,2019,54700,186200,240900
80926101124,2019,54500,153700,208200
80926101132,2019,53100,130300,183400
80926101140,2019,52000,144500,196500
80926101158,2019,52500,119900,172400
80926101166,2019,55000,153300,208300
80926101174,2019,57600,157300,214900
80926101182,2019,57100,139500,196600
80926101190,2019,53200,134800,188000
80926101207,2019,52800,160600,213400
80926101215,2019,52300,140000,192300
80926103013,2019,52000,126200,178200
80926103021,2019,52000,156700,208700
80926103039,2019,52000,155000,207000
80926103047,2019,52000,131100,183100
80926103055,2019,54000,156900,210900
80926103063,2019,58000,81500,139500
80926103071,2019,57600,138300,195900
80926103089,2019,55600,163700,219300
80926103097,2019,53100,182700,235800
80926103104,2019,50900,202300,253200
80926103112,2019,50900,144400,195300
80926103120,2019,50900,216500,267400
80926103138,2019,50900,197200,248100
80926103146,2019,51300,190200,241500
80926103154,2019,51000,188800,239800
80926103162,2019,51000,156500,207500
80926103170,2019,51300,159000,210300
80926103188,2019,51300,156900,208200
80926103196,2019,53600,149900,203500
80926103203,2019,54000,136200,190200
80926103211,2019,54000,172900,226900
80926103229,2019,54000,131300,185300
80926103237,2019,54000,120400,174400
80926103245,2019,55000,120100,175100
80926103253,2019,56800,150500,207300
80926103261,2019,59700,161700,221400
80926103279,2019,60700,154200,214900
80926103287,2019,58100,135400,193500
80926103295,2019,57000,163400,220400
80926103302,2019,54300,127000,181300
80926103310,2019,53500,151600,205100
80926103328,2019,54500,155400,209900
80926104011,2019,54600,132700,187300
80926104029,2019,56800,127500,184300
80926104037,2019,55200,117300,172500
80926104045,2019,55600,134300,189900
80926104053,2019,54900,134100,189000
80926104061,2019,55600,162400,218000
80926104079,2019,55600,120900,176500
80926104087,2019,54500,147900,202400
80926104095,2019,54500,142000,196500
80926104102,2019,54500,144100,198600
80926104110,2019,54500,146400,200900
80926104128,2019,54500,126300,180800
80926104136,2019,54500,127400,181900
80926104144,2019,53500,122100,175600
80926104152,2019,53400,116500,169900
80926104160,2019,54000,131300,185300
80926104178,2019,53500,113300,166800
80926104186,2019,54600,131000,185600
80926104194,2019,54500,122800,177300
80926104201,2019,54500,153000,207500
80926104219,2019,54500,132000,186500
80926104227,2019,54500,157300,211800
80926104235,2019,54500,152400,206900
80926104243,2019,54500,166800,221300
80926104251,2019,54000,117300,171300
80926104269,2019,53500,119800,173300
80926104277,2019,53500,117500,171000
80926104285,2019,53500,128200,181700
80926104293,2019,54000,125100,179100
80926104300,2019,53500,146500,200000
80926104318,2019,53500,163300,216800
80926104326,2019,54000,149700,203700
80926104334,2019,53500,117800,171300
80926104342,2019,57100,120400,177500
80926105019,2019,52000,117200,169200
80926105027,2019,52000,146800,198800
80926105035,2019,53500,124000,177500
80926105043,2019,56900,130900,187800
80926105051,2019,60700,155400,216100
80926105069,2019,55700,128900,184600
80926105077,2019,58800,121200,180000
80926105085,2019,57600,111000,168600
80926105093,2019,60000,148000,208000
80926105100,2019,55200,157900,213100
80926105118,2019,60000,155900,215900
80926105126,2019,61400,161900,223300
80926105134,2019,54000,146300,200300
80926105142,2019,62100,151500,213600
80926105150,2019,55700,129900,185600
80926105168,2019,58800,151200,210000
80926105176,2019,57600,148600,206200
80926105184,2019,57000,136800,193800
80926105192,2019,53200,143300,196500
80926105209,2019,53400,150300,203700
80926105217,2019,53400,117100,170500
80926105225,2019,50600,141000,191600
80926105233,2019,50800,142800,193600
80926105241,2019,50800,147000,197800
80926105259,2019,50800,126000,176800
80926105267,2019,50800,154900,205700
80926105275,2019,50800,133600,184400
80926105283,2019,50800,139000,189800
80926105291,2019,50800,119500,170300
80926105308,2019,50800,133100,183900
80926105316,2019,50600,125400,176000
80926105324,2019,54500,130800,185300
80926105332,2019,54000,143500,197500
80926105340,2019,54900,176800,231700
80926105358,2019,57000,148600,205600
80926105366,2019,56900,129700,186600
80926105374,2019,56500,162800,219300
80926105382,2019,55200,149800,205000
80926105390,2019,54700,129300,184000
80926105407,2019,54000,128900,182900
80926106017,2019,54700,115100,169800
80926106025,2019,57100,120900,178000
80926106033,2019,54900,126800,181700
80926106041,2019,59400,142600,202000
80926106059,2019,56900,145100,202000
80926106067,2019,61600,137900,199500
80926106075,2019,62300,128100,190400
80926106083,2019,55700,113400,169100
80926106091,2019,53400,124600,178000
80926106108,2019,53200,140900,194100
80926106116,2019,53200,131800,185000
80926106124,2019,53500,152300,205800
80926106132,2019,54600,155800,210400
80926106140,2019,54700,149500,204200
80926106158,2019,58800,129800,188600
80926106166,2019,54000,113400,167400
80926106174,2019,54000,129300,183300
80926106182,2019,53500,135200,188700
80926106190,2019,54000,159000,213000
80926106207,2019,54000,119300,173300
80926106215,2019,54000,118300,172300
80926106223,2019,54000,115300,169300
80926106231,2019,54500,137300,191800
80926106249,2019,53100,116800,169900
80926106257,2019,51300,168000,219300
80926106265,2019,51300,173600,224900
80926106273,2019,51300,119200,170500
80926106281,2019,51300,153700,205000
80926106299,2019,51300,125500,176800
80926106306,2019,51300,108800,160100
80926106314,2019,50100,142600,192700
80926106322,2019,53500,132100,185600
80926106330,2019,54500,122500,177000
80926106348,2019,57000,140200,197200
80926107015,2019,53600,162200,215800
80926107023,2019,53600,120600,174200
80926107031,2019,53400,132200,185600
80926107049,2019,53500,160000,213500
80926107057,2019,54000,141300,195300
80926107065,2019,54000,115500,169500
80926107073,2019,54000,125700,179700
80926107081,2019,54000,131200,185200
80926107099,2019,54000,133600,187600
80926107106,2019,54000,114800,168800
80926107114,2019,54000,149100,203100
80926107122,2019,55700,134900,190600
80926107130,2019,54700,133100,187800
80926107148,2019,55000,142200,197200
80926107156,2019,54000,135700,189700
80926107164,2019,55200,140000,195200
80926107172,2019,55700,137800,193500
80926107180,2019,55200,140300,195500
80926107198,2019,54500,121900,176400
80926107205,2019,54000,150000,204000
80926107213,2019,54000,115100,169100
80926107221,2019,54000,171700,225700
80926107239,2019,54000,140800,194800
80926107247,2019,54000,119700,173700
80926107255,2019,53400,135100,188500
80926107263,2019,52500,136100,188600
80926107271,2019,54300,141700,196000
80926108013,2019,50800,136900,187700
80926108021,2019,50800,156200,207000
80926108039,2019,50800,141400,192200
80926108047,2019,50800,129100,179900
80926108055,2019,50800,138500,189300
80926108063,2019,50800,122300,173100
80926108071,2019,50800,134900,185700
80926108089,2019,50800,149600,200400
80926108097,2019,50800,146700,197500
80926108104,2019,50800,121000,171800
80926108112,2019,50800,140700,191500
80926108120,2019,50800,131100,181900
80926108138,2019,50900,150000,200900
80926108146,2019,50800,164000,214800
80926108154,2019,53400,127400,180800
80926108162,2019,53400,135200,188600
80926108170,2019,53400,139500,192900
80926108188,2019,53400,132200,185600
80926108196,2019,53400,122200,175600
80926108203,2019,53400,151500,204900
80926108211,2019,54900,150800,205700
80926108229,2019,55200,153200,208400
80926108237,2019,54300,160000,214300
80926108245,2019,55000,145000,200000
80926108253,2019,59000,126600,185600
80926108261,2019,60400,158600,219000
80926108279,2019,56900,133600,190500
80926108287,2019,54000,143500,197500
80926108295,2019,61600,144600,206200
80926108302,2019,53100,134300,187400
80926108310,2019,57600,161100,218700
80926108328,2019,55800,175200,231000
80926108336,2019,54700,155000,209700
80926108344,2019,54700,134900,189600
80926108352,2019,54600,145000,199600
80926108360,2019,54600,158900,213500
80926108378,2019,54500,145200,199700
80926109011,2019,53500,159400,212900
80926109029,2019,54900,130800,185700
80926109037,2019,54300,135800,190100
80926109045,2019,54500,129700,184200
80926109053,2019,54500,101200,155700
80926109061,2019,54500,121500,176000
80926109079,2019,54500,125800,180300
80926109087,2019,43300,105700,149000
80926109095,2019,54000,123200,177200
80926109102,2019,53200,126800,180000
80926109110,2019,51800,127000,178800
80926109128,2019,53500,126400,179900
80926109136,2019,54000,133400,187400
80926109144,2019,54500,120300,174800
80926109152,2019,54500,146000,200500
80926109160,2019,54500,137000,191500
80926109178,2019,54500,143000,197500
80926109186,2019,55600,120200,175800
80926109194,2019,54300,141000,195300
80926110018,2019,53800,146100,199900
80926110026,2019,55200,144100,199300
80926110034,2019,54800,154200,209000
80926110042,2019,54800,125800,180600
80926110050,2019,54800,133900,188700
80926110323,2019,64500,165800,230300
80926110331,2019,57800,207300,265100
80926110349,2019,52900,174800,227700
80926110357,2019,53600,150200,203800
80926110365,2019,52900,149300,202200
80926110381,2019,51600,177800,229400
80926110399,2019,60000,132600,192600
80926110406,2019,60000,136300,196300
80926110414,2019,46700,144100,190800
80926110422,2019,47000,149600,196600
80926110430,2019,47200,149400,196600
80926110448,2019,61700,199200,260900
80926110456,2019,61000,154600,215600
80926110654,2019,35400,144700,180100
80926110662,2019,32100,167700,199800
80926110670,2019,31900,160800,192700
80926110688,2019,34900,142100,177000
80926110696,2019,33200,126800,160000
80926110703,2019,30200,159900,190100
80926110711,2019,33700,157300,191000
80926110729,2019,33900,146200,180100
80926110753,2019,63200,114400,177600
80926110761,2019,68800,126300,195100
80926110779,2019,72200,105400,177600
80926110787,2019,35500,174800,210300
80926110795,2019,36500,162600,199100
80926110802,2019,39000,163900,202900
80926111016,2019,60300,144500,204800
80926111024,2019,59200,168700,227900
80926111032,2019,56300,116700,173000
80926111040,2019,56300,139800,196100
80926111058,2019,59200,126400,185600
80926111066,2019,59200,123600,182800
80926111074,2019,58600,144400,203000
80926111082,2019,58600,122900,181500
80926111090,2019,59900,136700,196600
80926111107,2019,61300,129800,191100
80926112014,2019,55600,151100,206700
80926112022,2019,54800,175300,230100
80926112030,2019,51800,176500,228300
80926112048,2019,54800,181000,235800
80926112056,2019,54800,143800,198600
80926112064,2019,54800,160100,214900
80926112072,2019,59900,183700,243600
80926112080,2019,55600,131700,187300
80926112098,2019,56100,145700,201800
80926112105,2019,54800,180100,234900
80926112113,2019,54800,137700,192500
80926112121,2019,56200,172000,228200
80926112139,2019,56700,162400,219100
80926112147,2019,53800,157800,211600
80926112155,2019,57000,161100,218100
80926112163,2019,57000,147900,204900
80926112171,2019,54800,149400,204200
80926112189,2019,54800,164100,218900
80926112197,2019,54800,142700,197500
80926112204,2019,54800,135900,190700
80926112212,2019,55200,189900,245100
80926112220,2019,56700,185700,242400
80926112238,2019,56100,180900,237000
80926112246,2019,54800,175200,230000
80926112254,2019,54800,150100,204900
80926112262,2019,57800,161600,219400
80926112270,2019,54800,185600,240400
80926112288,2019,54800,179400,234200
80926112296,2019,54800,154100,208900
80926112303,2019,56100,173200,229300
80926112311,2019,55200,152500,207700
80926112329,2019,55200,153500,208700
80926112337,2019,56700,135600,192300
80926112345,2019,55600,174400,230000
80926112353,2019,56700,193300,250000
80926112361,2019,57000,193200,250200
80926112379,2019,54800,158800,213600
80926112387,2019,56300,162300,218600
80926112395,2019,56300,156500,212800
80926112402,2019,53100,201700,254800
80926112410,2019,56300,191700,248000
80926112428,2019,56300,165500,221800
80926112436,2019,56300,146800,203100
80926112444,2019,56300,145000,201300
80926112452,2019,56300,151800,208100
80926112460,2019,52000,172700,224700
80926113012,2019,67700,175200,242900
80926113020,2019,63800,158700,222500
80926113038,2019,64500,150500,215000
80926113046,2019,58600,178600,237200
80926113054,2019,60000,186600,246600
80926113062,2019,58600,151000,209600
80926113070,2019,56200,161300,217500
80926113088,2019,58600,174900,233500
80926113096,2019,61700,142000,203700
80926113103,2019,64500,156800,221300
80926113111,2019,57000,156600,213600
80926113129,2019,59100,143400,202500
80926113137,2019,58600,137400,196000
80926113145,2019,56200,152000,208200
80926113153,2019,56300,137000,193300
80926113161,2019,56300,161600,217900
80926113179,2019,52400,167700,220100
80926113187,2019,62100,154800,216900
80926113195,2019,58600,147200,205800
80926115018,2019,31200,172300,203500
80926115026,2019,21600,140500,162100
80926115034,2019,21200,138700,159900
80926115042,2019,33500,171500,205000
80926115050,2019,33500,146200,179700
80926115068,2019,21000,138600,159600
80926115076,2019,21000,131500,152500
80926115084,2019,30200,152100,182300
80926116090,2019,23700,168800,192500
80926116107,2019,23700,157700,181400
80926116115,2019,23700,144500,168200
80926116123,2019,23700,173900,197600
80926200877,2019,88000,341300,429300
80926200885,2019,120600,166600,287200
80926200893,2019,76200,117000,193200
80926200900,2019,136300,367400,503700
80926200942,2019,107500,137500,245000
80926200950,2019,0,0,0
80926200976,2019,93300,178800,272100
80926200984,2019,81600,103600,185200
80926200992,2019,93100,129000,222100
80926201023,2019,43200,115600,158800
80926201031,2019,54800,140500,195300
80926201049,2019,74200,141000,215200
80926201057,2019,69200,120700,189900
80926202013,2019,97600,90700,188300
80926202021,2019,57700,177700,235400
80926202039,2019,57700,150800,208500
80926202047,2019,66200,116100,182300
80926202055,2019,57700,185100,242800
80926202063,2019,45100,182100,227200
80926203011,2019,70500,136900,207400
80926203029,2019,81400,160900,242300
80926203037,2019,94800,143600,238400
80926203045,2019,68200,260700,328900
80926203053,2019,68200,146000,214200
80926203061,2019,65000,174000,239000
80926203079,2019,69700,155600,225300
80926203087,2019,67500,216000,283500
80926203095,2019,73000,301900,374900
80926203102,2019,67300,183700,251000
80926203110,2019,67800,206000,273800
80926203128,2019,62200,161100,223300
80926203136,2019,65400,166000,231400
80926203144,2019,66600,176800,243400
80926203152,2019,64700,237600,302300
80926203160,2019,61900,152900,214800
80926203178,2019,66200,214500,280700
80926203186,2019,66200,174300,240500
80926203194,2019,65600,178500,244100
80926203201,2019,71800,210800,282600
80926203946,2019,67600,264000,331600
80926203954,2019,71400,185200,256600
80926203962,2019,143000,198100,341100
80926203988,2019,79700,140000,219700
80926204027,2019,75800,115100,190900
80926204043,2019,82900,129200,212100
80926204051,2019,86700,106500,193200
80926204069,2019,73400,166800,240200
80926204077,2019,71400,122600,194000
80926204085,2019,73400,195700,269100
80926204093,2019,73400,148200,221600
80926205017,2019,63100,170800,233900
80926205025,2019,63400,207300,270700
80926205033,2019,63400,195700,259100
80926205041,2019,63400,188400,251800
80926205059,2019,63400,206500,269900
80926205067,2019,63400,174000,237400
80926205075,2019,66400,198500,264900
80926205083,2019,69000,208500,277500
80926205091,2019,65000,169400,234400
80926205108,2019,65600,201700,267300
80926205116,2019,65600,244700,310300
80926205124,2019,65600,160200,225800
80926205132,2019,65600,179100,244700
80926205140,2019,65600,173100,238700
80926205158,2019,65600,186700,252300
80926206015,2019,64700,181500,246200
80926206023,2019,67700,203100,270800
80926206031,2019,67700,183400,251100
80926206049,2019,67700,189200,256900
80926206057,2019,62900,207300,270200
80926206065,2019,65300,165400,230700
80926206073,2019,65500,172600,238100
80926206081,2019,69200,193300,262500
80926206099,2019,62600,202100,264700
80926206106,2019,66200,168800,235000
80926206114,2019,71900,228200,300100
80926206122,2019,69500,204100,273600
80926206130,2019,64500,211400,275900
80926206148,2019,71600,210500,282100
80926206156,2019,73600,171100,244700
80926206164,2019,66200,210800,277000
80926206172,2019,65500,185000,250500
80926206180,2019,68600,211900,280500
80926206198,2019,64500,194200,258700
80926206205,2019,64000,187900,251900
80926207021,2019,72300,225000,297300
80926207047,2019,74200,199400,273600
80926207055,2019,70100,199300,269400
80926207063,2019,66400,273300,339700
80926207071,2019,67100,222100,289200
80926207089,2019,63400,229900,293300
80926207097,2019,64100,212300,276400
80926207104,2019,65500,225900,291400
80926207112,2019,65500,219300,284800
80926207120,2019,67100,325900,393000
80926207138,2019,74200,266400,340600
80926207154,2019,73800,341000,414800
80926207162,2019,68600,228000,296600
80926207170,2019,69700,178600,248300
80926300932,2019,104500,128300,232800
80926300940,2019,98300,83200,181500
80926301013,2019,88300,156000,244300
80926302011,2019,67100,204300,271400
80926302029,2019,67100,193500,260600
80926302037,2019,63400,180700,244100
80926302045,2019,59200,186000,245200
80926302053,2019,61100,216000,277100
80926302061,2019,61100,265700,326800
80926302079,2019,64100,171200,235300
80926302087,2019,61100,224300,285400
80926302095,2019,61300,223400,284700
80926302102,2019,64100,174500,238600
80926302110,2019,67300,162100,229400
80926302128,2019,67400,156900,224300
80926302136,2019,67400,200800,268200
80926302144,2019,67400,210100,277500
80926302152,2019,67400,212400,279800
80926302160,2019,67400,188600,256000
80926302178,2019,62900,199100,262000
80926303019,2019,71400,213800,285200
80926303027,2019,71900,213700,285600
80926303035,2019,65400,198900,264300
80926303043,2019,68100,199200,267300
80926303051,2019,66400,244100,310500
80926303069,2019,67400,237600,305000
80926303077,2019,67400,211900,279300
80926303085,2019,67400,219600,287000
80926303093,2019,67400,182200,249600
80926303100,2019,67400,159000,226400
80926303118,2019,67300,257300,324600
80926303126,2019,67300,192900,260200
80926303134,2019,67400,197600,265000
80926303142,2019,67400,171000,238400
80926303150,2019,67400,212400,279800
80926303168,2019,65300,189000,254300
80926303176,2019,69700,202500,272200
80926304017,2019,63800,212000,275800
80926304025,2019,64000,202100,266100
80926304033,2019,64500,207600,272100
80926304041,2019,64700,213900,278600
80926304059,2019,64000,233300,297300
80926304067,2019,65900,214600,280500
80926304075,2019,71500,227800,299300
80926304083,2019,71100,215200,286300
80926304091,2019,73000,240300,313300
80926304108,2019,65000,232700,297700
80926304116,2019,65400,237100,302500
80926304124,2019,63500,203800,267300
80926304132,2019,71100,222800,293900
80926304140,2019,67800,233800,301600
80926304166,2019,75600,174500,250100
80926304174,2019,71100,226500,297600
80926304182,2019,71800,202800,274600
80926304190,2019,77300,172000,249300
80926304207,2019,71300,185700,257000
80926304215,2019,65100,254900,320000
80926304223,2019,66300,172700,239000
80926304231,2019,67800,207800,275600
80926305015,2019,71100,336300,407400
80926305023,2019,71600,193300,264900
80926305031,2019,71800,256200,328000
80926305049,2019,69800,231400,301200
80926306013,2019,66300,227900,294200
80926306021,2019,63400,223600,287000
80926306039,2019,64300,219300,283600
80926306047,2019,64500,238800,303300
80926306055,2019,65900,197300,263200
80926306063,2019,66300,180500,246800
80926306071,2019,66300,193300,259600
80926306089,2019,66600,214700,281300
80926306097,2019,66600,222700,289300
80926306104,2019,66900,214200,281100
80926306112,2019,62300,222000,284300
80926306120,2019,70000,261700,331700
80926306138,2019,65100,258200,323300
80926306146,2019,65800,213500,279300
80926306154,2019,65800,199400,265200
80926306162,2019,65800,212500,278300
80926306170,2019,65800,203200,269000
80926306188,2019,65800,210900,276700
80926306196,2019,64100,226800,290900
80926306203,2019,64100,209800,273900
80926306211,2019,67000,248400,315400
80926307011,2019,69000,207900,276900
80926307029,2019,67400,261800,329200
80926307037,2019,67400,205300,272700
80926307045,2019,67400,271900,339300
80926307053,2019,67400,264800,332200
80926307061,2019,67400,228600,296000
80926307079,2019,67400,224900,292300
80926307087,2019,70400,242800,313200
80926307095,2019,70300,203400,273700
80926307102,2019,67400,262200,329600
80926307110,2019,67400,231500,298900
80926307128,2019,67400,218300,285700
80926307136,2019,67400,185300,252700
80926307144,2019,67400,238900,306300
80926307152,2019,67400,246600,314000
80926307160,2019,69200,48100,117300
80926307178,2019,65900,258300,324200
80926308019,2019,65600,226300,291900
80926308027,2019,69000,210000,279000
80926308035,2019,63200,238000,301200
80926308043,2019,64300,198600,262900
80926308051,2019,67000,263800,330800
80926308069,2019,70300,296300,366600
80926308077,2019,70700,215800,286500
80926308085,2019,67300,274400,341700
80926308093,2019,63100,191900,255000
80926308100,2019,63100,211400,274500
80926308118,2019,62200,163100,225300
80926308126,2019,63700,183300,247000
80926308134,2019,63500,179200,242700
80926308142,2019,66200,191800,258000
80926308150,2019,66200,177000,243200
80926308168,2019,68100,147400,215500
80926309017,2019,71800,289300,361100
80926309025,2019,69100,273100,342200
80926309033,2019,69100,206100,275200
80926309041,2019,69100,314800,383900
80926309059,2019,67000,239800,306800
80926309067,2019,67000,195100,262100
80926309075,2019,67000,276100,343100
80926309091,2019,70300,375500,445800
80926309132,2019,72900,267500,340400
80926309140,2019,72900,220700,293600
80926309158,2019,72900,258900,331800
80926309166,2019,72900,208000,280900
80926309174,2019,72600,272900,345500
80926309182,2019,72600,278200,350800
80926309190,2019,77000,285800,362800
80926310022,2019,70400,286700,357100
80926310030,2019,69100,258700,327800
80926310048,2019,71300,209600,280900
80926310056,2019,69100,209300,278400
80926310064,2019,70500,217800,288300
80926310072,2019,65300,254800,320100
80926311012,2019,77100,320900,398000
80926311020,2019,69500,274800,344300
80926311038,2019,69500,307900,377400
80926311046,2019,69500,245900,315400
80926311054,2019,69500,276800,346300
80926311062,2019,69500,190100,259600
80926311070,2019,69500,180000,249500
80926311088,2019,69500,271300,340800
80926311096,2019,69500,245500,315000
80926311103,2019,69500,274800,344300
80926311111,2019,70100,262600,332700
80926311129,2019,70500,239800,310300
80926311137,2019,67800,224900,292700
80926311145,2019,64100,198600,262700
80926311153,2019,75800,135800,211600
80926401011,2019,45100,92500,137600
80926401029,2019,48900,105100,154000
80926401037,2019,55900,104500,160400
80926401045,2019,48900,142800,191700
80926401053,2019,55900,104500,160400
80926401061,2019,51600,106400,158000
80926401079,2019,45500,111500,157000
80926401087,2019,59900,139700,199600
80926401095,2019,45100,144800,189900
80926401102,2019,45100,140100,185200
80926401110,2019,43500,130900,174400
80926401128,2019,43500,114300,157800
80926402019,2019,104900,96100,201000
80926402035,2019,85500,106200,191700
80926402043,2019,48900,115500,164400
80926402051,2019,48900,123500,172400
80926402069,2019,55200,114800,170000
80926402077,2019,52000,136300,188300
80926402085,2019,35600,39400,75000
80926402093,2019,48900,116600,165500
80926402100,2019,51600,111100,162700
80926402118,2019,55200,92600,147800
80926402126,2019,54600,109500,164100
80926402134,2019,55200,123400,178600
80926402142,2019,49900,118100,168000
80926402150,2019,38800,146600,185400
80926402168,2019,41600,128300,169900
80926402176,2019,41600,131200,172800
80926402184,2019,40400,135100,175500
80926402192,2019,42400,124500,166900
80926402209,2019,50300,161300,211600
80926402217,2019,40400,142600,183000
80926402225,2019,40400,157300,197700
80926402233,2019,41600,151700,193300
80926402241,2019,40400,167600,208000
80926402259,2019,40400,160800,201200
80926402275,2019,56200,131800,188000
80926402283,2019,56200,137800,194000
80926402960,2019,55200,101300,156500
80926402986,2019,51300,138600,189900
80926402994,2019,57000,162600,219600
80926403017,2019,59400,154900,214300
80926403033,2019,78200,157200,235400
80926403041,2019,70800,118700,189500
80926403059,2019,74300,124900,199200
80926403083,2019,67500,172600,240100
80926404122,2019,74500,94300,168800
80926404130,2019,74500,122700,197200
80926406178,2019,73600,150100,223700
80926406186,2019,61900,178000,239900
80926406194,2019,42600,84700,127300
80927401010,2019,318000,434000,752000
80927401044,2019,306600,244200,550800
80927401052,2019,239900,412600,652500
80927401060,2019,239900,493100,733000
80927401086,2019,466200,183800,650000
80927401094,2019,482400,412600,895000
80927401119,2019,233000,261000,494000
80927401127,2019,232100,217200,449300
80927401135,2019,232100,203900,436000
80927401143,2019,241400,366100,607500
80927401151,2019,215800,355100,570900
80927401169,2019,230700,1169300,1400000
80927401177,2019,257300,467700,725000
80927402026,2019,99700,211100,310800
80927402034,2019,72200,192100,264300
80927402042,2019,72200,164800,237000
80927402050,2019,72200,174900,247100
80927402068,2019,72200,398400,470600
80927402076,2019,72200,57100,129300
80927402084,2019,72200,92200,164400
80927402092,2019,72200,101100,173300
80927402109,2019,72200,65400,137600
80927402125,2019,72200,67100,139300
80927402133,2019,72200,60100,132300
80927402141,2019,72200,45600,117800
80927402159,2019,72200,211500,283700
80927402167,2019,72900,215300,288200
80927402175,2019,81400,227600,309000
80935101016,2019,56100,182100,238200
80935101024,2019,56100,147900,204000
80935101032,2019,56100,221400,277500
80935101040,2019,56100,153800,209900
80935101058,2019,56100,154800,210900
80935101066,2019,56100,167000,223100
80935101074,2019,56100,206700,262800
80935101082,2019,56100,175000,231100
80935101090,2019,56100,155900,212000
80935101107,2019,56100,151000,207100
80935101115,2019,56100,171200,227300
80935101123,2019,56100,153700,209800
80935101131,2019,56100,163000,219100
80935101149,2019,57400,152600,210000
80935101157,2019,60800,176000,236800
80935101165,2019,57400,149500,206900
80935101173,2019,51800,147000,198800
80935101181,2019,51800,156300,208100
80935101199,2019,51800,154100,205900
80935101206,2019,51800,155700,207500
80935101214,2019,51800,142200,194000
80935101222,2019,51800,151400,203200
80935101230,2019,51800,168900,220700
80935101248,2019,51800,143200,195000
80935101256,2019,53900,124100,178000
80935101264,2019,50500,144400,194900
80935101272,2019,51800,159000,210800
80935101280,2019,51800,153400,205200
80935101298,2019,51800,144000,195800
80935102014,2019,48700,130000,178700
80935102022,2019,56100,143500,199600
80935102048,2019,60800,99300,160100
80935102056,2019,66400,144300,210700
80935102064,2019,64600,133100,197700
80935102072,2019,77300,131700,209000
80935102080,2019,57000,117800,174800
80935102098,2019,57400,144200,201600
80935102105,2019,57400,163000,220400
80935102113,2019,57400,143400,200800
80935102121,2019,57400,160000,217400
80935102139,2019,57400,164400,221800
80935102147,2019,59500,129700,189200
80935102155,2019,62800,114900,177700
80935102163,2019,56100,94600,150700
80935102171,2019,51800,99900,151700
80935102189,2019,51800,144900,196700
80935102197,2019,66400,180600,247000
80935102204,2019,66400,141800,208200
80935102212,2019,59500,146100,205600
80935102220,2019,57900,95900,153800
80935102246,2019,48700,107200,155900
80935102262,2019,60800,134000,194800
80935102270,2019,70300,131800,202100
80935102288,2019,51800,132900,184700
80935103012,2019,46600,183900,230500
80935103020,2019,48700,178100,226800
80935103038,2019,48700,177300,226000
80935103046,2019,48700,113200,161900
80935103054,2019,48700,173100,221800
80935103062,2019,51800,134100,185900
80935103070,2019,51800,139200,191000
80935103088,2019,51800,143500,195300
80935103096,2019,51800,166500,218300
80935103103,2019,72300,133900,206200
80935103111,2019,70600,129100,199700
80935103129,2019,69600,117900,187500
80935103137,2019,69600,128700,198300
80935103145,2019,69600,147100,216700
80935103153,2019,69600,118500,188100
80935103161,2019,69600,131200,200800
80935103179,2019,60800,123600,184400
80935103187,2019,60800,155400,216200
80935103195,2019,75900,215200,291100
80935103202,2019,71800,211300,283100
80935103210,2019,75200,215700,290900
80935103228,2019,75000,197100,272100
80935103236,2019,75000,231500,306500
80935103244,2019,73700,229500,303200
80935103252,2019,68100,215100,283200
80935103260,2019,70300,203400,273700
80935103278,2019,68500,226200,294700
80935103286,2019,70300,210200,280500
80935103294,2019,68900,184700,253600
80935103301,2019,70200,231900,302100
80935104010,2019,64900,193500,258400
80935104028,2019,62700,181400,244100
80935104036,2019,57400,157400,214800
80935104044,2019,57100,155000,212100
80935104052,2019,56900,214700,271600
80935104060,2019,56800,185600,242400
80935104078,2019,56500,147200,203700
80935104086,2019,56100,215300,271400
80935104094,2019,56100,162100,218200
80935104101,2019,56100,195400,251500
80935104119,2019,56100,165200,221300
80935104127,2019,56100,168900,225000
80935104135,2019,56100,167600,223700
80935104143,2019,56100,146900,203000
80935104151,2019,56100,174400,230500
80935104169,2019,56100,147100,203200
80935104177,2019,56100,166000,222100
80935104185,2019,56100,152200,208300
80935104193,2019,62800,210100,272900
80935104200,2019,68100,282600,350700
80935104218,2019,66400,190700,257100
80935104226,2019,63400,207700,271100
80935104234,2019,63400,201600,265000
80935104242,2019,63400,195200,258600
80935104250,2019,65300,186600,251900
80935104268,2019,65300,181300,246600
80935104276,2019,66400,192700,259100
80935104284,2019,83300,206100,289400
80935104309,2019,67700,181800,249500
80935104317,2019,73000,192800,265800
80935104333,2019,87900,233900,321800
80935104341,2019,80100,233900,314000
80935105018,2019,73200,233500,306700
80935105026,2019,63400,220900,284300
80935105034,2019,73600,228900,302500
80935105042,2019,73600,247100,320700
80935105050,2019,73600,195400,269000
80935105068,2019,63400,190800,254200
80935105076,2019,71300,214600,285900
80935105084,2019,71300,236000,307300
80935105092,2019,68900,197500,266400
80935105109,2019,57400,202700,260100
80935105117,2019,59500,194600,254100
80935105125,2019,62800,211300,274100
80935105133,2019,62800,209700,272500
80935105141,2019,75400,212500,287900
80935105159,2019,67100,247800,314900
80935105167,2019,62800,199300,262100
80935105175,2019,75400,225300,300700
80935105183,2019,59500,197300,256800
80935106016,2019,64900,243200,308100
80935106024,2019,40700,269300,310000
80935106032,2019,64900,173500,238400
80935106040,2019,66400,187200,253600
80935106058,2019,59500,237100,296600
80935106066,2019,56100,188600,244700
80935106074,2019,56100,175100,231200
80935106082,2019,56100,171500,227600
80935106090,2019,59500,152800,212300
80935106107,2019,59500,210600,270100
80935106115,2019,70300,167700,238000
80935106123,2019,72400,210400,282800
80935106131,2019,66400,178700,245100
80935106149,2019,66400,198600,265000
80935106157,2019,57400,194000,251400
80935106165,2019,62800,183600,246400
80935106173,2019,81700,195300,277000
80935106181,2019,77800,219700,297500
80935106199,2019,77800,222000,299800
80935106206,2019,77800,236400,314200
80935106214,2019,76300,215100,291400
80935106222,2019,77800,202900,280700
80935106230,2019,77800,211200,289000
80935106248,2019,77800,240900,318700
80935106256,2019,77800,196200,274000
80935106264,2019,66400,174100,240500
80935106272,2019,66400,220800,287200
80935106280,2019,66400,193500,259900
80935106876,2019,78400,278600,357000
80935106909,2019,67900,183500,251400
80935106917,2019,72500,169000,241500
80935106925,2019,74700,205500,280200
80935106933,2019,74700,255900,330600
80935106941,2019,77300,332800,410100
80935106959,2019,77300,262300,339600
80935106967,2019,98500,245800,344300
80935106975,2019,95900,219100,315000
80935107014,2019,68100,185700,253800
80935107022,2019,80400,284800,365200
80935107030,2019,76100,224600,300700
80935107048,2019,78400,204600,283000
80935107056,2019,76900,241700,318600
80935107064,2019,76900,226300,303200
80935107072,2019,76900,240500,317400
80935107080,2019,76900,259500,336400
80935107098,2019,76900,209600,286500
80935107105,2019,76900,270900,347800
80935107113,2019,76900,275800,352700
80935107121,2019,76900,256400,333300
80935107139,2019,81200,254200,335400
80935107147,2019,60500,152900,213400
80935107866,2019,77800,264100,341900
80935107874,2019,56100,157500,213600
80935107882,2019,53900,179500,233400
80935107890,2019,79600,296400,376000
80935107907,2019,76700,259200,335900
80935107915,2019,79300,257100,336400
80935107923,2019,59500,187100,246600
80935107973,2019,78400,232000,310400
80935107981,2019,55100,256500,311600
80935108012,2019,465700,254300,720000
80935108020,2019,447200,497800,945000
80935108038,2019,423300,697200,1120500
80935108046,2019,459300,536800,996100
80935108054,2019,458600,251200,709800
80935108062,2019,453600,162100,615700
80935108070,2019,445200,284600,729800
80935108088,2019,442500,476300,918800
80935108103,2019,690900,675600,1366500
80935108111,2019,512700,561700,1074400
80935108129,2019,512700,222300,735000
80935108137,2019,352900,210100,563000
80935108145,2019,512700,677700,1190400
80935108153,2019,488100,251900,740000
80935108161,2019,686000,259000,945000
80935108179,2019,533400,268100,801500
80935108187,2019,544000,506000,1050000
80935108195,2019,549200,485100,1034300
80935108202,2019,533400,234500,767900
80935108210,2019,499300,2000,501300
80935108228,2019,747300,502700,1250000
80935108236,2019,576100,195000,771100
80935108244,2019,544000,208000,752000
80935108252,2019,539900,335200,875100
80935108260,2019,522900,326200,849100
80935108278,2019,538700,255700,794400
80935108286,2019,544000,260600,804600
80935108294,2019,533400,225000,758400
80935108301,2019,467600,242400,710000
80935108319,2019,537300,350900,888200
80935108327,2019,533400,251600,785000
80935108335,2019,522400,227600,750000
80935108343,2019,522900,455600,978500
80935108369,2019,752500,750000,1502500
80935108385,2019,652700,13000,665700
80935108393,2019,636900,245700,882600
80935108400,2019,694200,555800,1250000
80935108418,2019,527700,176600,704300
80935108426,2019,622700,1312300,1935000
80935109010,2019,68100,214600,282700
80935109028,2019,89100,417200,506300
80935109036,2019,66400,216700,283100
80935109044,2019,66400,200400,266800
80935109052,2019,71800,208400,280200
80935109060,2019,80100,200100,280200
80935109078,2019,68800,185200,254000
80935109086,2019,78400,228500,306900
80935109094,2019,78400,203000,281400
80935109101,2019,75000,187000,262000
80935109119,2019,75100,219600,294700
80935109127,2019,75000,228200,303200
80935109135,2019,70300,195400,265700
80935109143,2019,70300,194300,264600
80936123085,2019,69200,111800,181000
80936200908,2019,474600,131600,606200
80936200916,2019,499800,239000,738800
80936200924,2019,585400,367500,952900
80936200932,2019,611900,294600,906500
80936200940,2019,994800,371900,1366700
80936201013,2019,66000,214800,280800
80936201021,2019,61600,102800,164400
80936201039,2019,61600,110700,172300
80936201047,2019,69700,146200,215900
80936201055,2019,69700,120400,190100
80936201063,2019,69700,99000,168700
80936201071,2019,69700,118100,187800
80936201097,2019,71400,139600,211000
80936201104,2019,60700,100100,160800
80936201112,2019,60700,102700,163400
80936201120,2019,60700,122900,183600
80936201138,2019,60700,115100,175800
80936201146,2019,62900,153300,216200
80936201154,2019,62900,116900,179800
80936201162,2019,62900,118800,181700
80936201170,2019,62900,134200,197100
80936201188,2019,61100,99200,160300
80936201196,2019,61800,182400,244200
80936201203,2019,62900,166000,228900
80936201211,2019,61800,96500,158300
80936201229,2019,65200,87500,152700
80936201237,2019,65500,94700,160200
80936201245,2019,67400,95200,162600
80936201253,2019,70800,105100,175900
80936201261,2019,70700,104800,175500
80936202011,2019,56900,181800,238700
80936202029,2019,56900,181300,238200
80936202037,2019,56900,136000,192900
80936202045,2019,56900,176200,233100
80936202053,2019,56900,142300,199200
80936202061,2019,56900,182000,238900
80936202079,2019,56900,153700,210600
80936202087,2019,56900,139800,196700
80936202095,2019,56900,172800,229700
80936202102,2019,56900,175000,231900
80936202110,2019,56900,180600,237500
80936202128,2019,55600,160600,216200
80936202136,2019,69200,168300,237500
80936202144,2019,57600,151600,209200
80936202152,2019,48400,94400,142800
80936202160,2019,50500,118500,169000
80936202178,2019,60600,148200,208800
80936202186,2019,55600,126900,182500
80936202194,2019,50400,95300,145700
80936202201,2019,50400,81900,132300
80936202219,2019,60600,159100,219700
80936202227,2019,58700,105600,164300
80936202235,2019,62200,108100,170300
80936202243,2019,60600,126100,186700
80936202251,2019,55600,130100,185700
80936202269,2019,55600,105000,160600
80936202277,2019,60600,135600,196200
80936202285,2019,60600,149500,210100
80936203019,2019,52400,140800,193200
80936203027,2019,56900,175000,231900
80936203035,2019,52400,98400,150800
80936203043,2019,53700,135300,189000
80936203051,2019,75600,342000,417600
80936203077,2019,89900,258200,348100
80936203093,2019,76600,261100,337700
80936203100,2019,76600,211000,287600
80936203118,2019,74800,291500,366300
80936203126,2019,70200,369800,440000
80936203142,2019,110600,530700,641300
80936203150,2019,86700,248300,335000
80936203168,2019,68500,241000,309500
80936203176,2019,70200,194000,264200
80936203184,2019,18000,115300,133300
80936203192,2019,18000,115300,133300
80936203209,2019,18000,115300,133300
80936203217,2019,18000,137600,155600
80936203233,2019,18000,129600,147600
80936203241,2019,18000,129600,147600
80936203259,2019,18000,127800,145800
80936203267,2019,18000,127600,145600
80936203275,2019,18000,127800,145800
80936204017,2019,31400,132400,163800
80936204033,2019,18000,128100,146100
80936204041,2019,18000,129700,147700
80936204059,2019,18000,128200,146200
80936204067,2019,62500,119000,181500
80936204075,2019,12000,134300,146300
80936204091,2019,0,0,0
80936205114,2019,62200,176500,238700
80936205156,2019,56500,130600,187100
80936205164,2019,48700,186700,235400
80936205172,2019,54200,217900,272100
80936206013,2019,67100,214600,281700
80936206039,2019,55600,165000,220600
80936206047,2019,55600,126800,182400
80936206055,2019,55600,176600,232200
80936206063,2019,55600,182800,238400
80936206071,2019,55600,181000,236600
80936206089,2019,55600,213300,268900
80936207011,2019,53700,175000,228700
80936207029,2019,55600,150000,205600
80936207037,2019,55600,197700,253300
80936207045,2019,55600,213500,269100
80936207053,2019,55600,200100,255700
80936207061,2019,55600,191400,247000
80936207079,2019,56900,196400,253300
80936207087,2019,57500,373700,431200
80936207095,2019,56900,191100,248000
80936207102,2019,65700,170500,236200
80936207110,2019,60600,173800,234400
80936207128,2019,58700,155000,213700
80936207136,2019,56900,209500,266400
80936207144,2019,56900,213200,270100
80936207152,2019,55600,203800,259400
80936207160,2019,56900,180200,237100
80936207178,2019,55600,169300,224900
80936207186,2019,55600,199900,255500
80936207194,2019,55600,188600,244200
80936207201,2019,56900,167400,224300
80936207219,2019,55600,168800,224400
80936208019,2019,58700,178800,237500
80936208027,2019,58700,175400,234100
80936208035,2019,56900,206600,263500
80936208043,2019,56900,253600,310500
80936208051,2019,56900,143300,200200
80936208069,2019,53700,156800,210500
80936208077,2019,55600,153800,209400
80936208085,2019,55600,167700,223300
80936208093,2019,55600,186500,242100
80936208100,2019,58700,196600,255300
80936208118,2019,56900,144600,201500
80936208126,2019,58700,185500,244200
80936208134,2019,58700,205000,263700
80936209017,2019,69500,114100,183600
80936209025,2019,66300,133700,200000
80936209033,2019,66300,128600,194900
80936209041,2019,66300,173500,239800
80936209059,2019,66300,180700,247000
80936209067,2019,66300,114900,181200
80936209075,2019,66300,121200,187500
80936209083,2019,59400,199600,259000
80936209091,2019,63600,131700,195300
80936209108,2019,59800,98900,158700
80936209116,2019,63900,109100,173000
80936209124,2019,63900,99000,162900
80936209132,2019,63900,96500,160400
80936209140,2019,63900,100900,164800
80936209158,2019,63900,104900,168800
80936209166,2019,63900,131400,195300
80936209174,2019,63900,107600,171500
80936209182,2019,63900,102400,166300
80936210014,2019,62900,139000,201900
80936210022,2019,63400,131800,195200
80936210030,2019,63400,142100,205500
80936210048,2019,63400,114400,177800
80936210056,2019,63400,87700,151100
80936210064,2019,62800,87100,149900
80936210072,2019,60300,158700,219000
80936210080,2019,63700,121600,185300
80936210098,2019,63700,107800,171500
80936210105,2019,58200,120300,178500
80936210113,2019,64500,120100,184600
80936210121,2019,63400,113300,176700
80936210139,2019,63400,84700,148100
80936210147,2019,63400,121900,185300
80936210155,2019,62900,92700,155600
80936211012,2019,55600,182800,238400
80936211020,2019,55600,196300,251900
80936211038,2019,55600,166400,222000
80936211054,2019,73800,245800,319600
80936211062,2019,58700,183700,242400
80936211070,2019,55600,248500,304100
80936211088,2019,55600,160500,216100
80936211096,2019,55600,111600,167200
80936211103,2019,58700,249000,307700
80936401100,2019,71300,144100,215400
80936401118,2019,75200,161500,236700
80936401126,2019,75200,130000,205200
80936401134,2019,75200,141800,217000
80936401142,2019,75200,133600,208800
80936401150,2019,75700,176500,252200
80936401176,2019,69000,156500,225500
80936401184,2019,69900,147000,216900
80936401192,2019,66900,137100,204000
80936401209,2019,68300,138700,207000
80936401217,2019,67800,153200,221000
80936401225,2019,67800,155100,222900
80936401233,2019,66200,141400,207600
80936401241,2019,67700,140100,207800
80936402091,2019,69700,151300,221000
80936402108,2019,71200,153400,224600
80936402116,2019,71700,177800,249500
80936402124,2019,71800,161200,233000
80936402132,2019,73000,181200,254200
80936402140,2019,73800,176200,250000
80936402158,2019,73800,178800,252600
80936402166,2019,73800,199200,273000
80936402174,2019,73900,147500,221400
80936402182,2019,73400,159600,233000
80936402190,2019,73400,153000,226400
80936402207,2019,73400,150700,224100
80936402215,2019,71200,174300,245500
80936402223,2019,71000,147200,218200
80936403148,2019,71300,159600,230900
80936403156,2019,72800,148000,220800
80936403164,2019,70600,134900,205500
80936403172,2019,72800,149700,222500
80936403180,2019,72200,163200,235400
80936403198,2019,72500,182500,255000
80936403205,2019,77000,193800,270800
80936403213,2019,74400,194500,268900
80936403221,2019,75900,159200,235100
80936403239,2019,74400,145700,220100
80936403247,2019,72200,179800,252000
80936403255,2019,68300,192300,260600
80936404089,2019,69200,156600,225800
80936404097,2019,72800,137500,210300
80936404104,2019,72800,202600,275400
80936404112,2019,72700,155700,228400
80936404120,2019,75200,162800,238000
80936404138,2019,78700,144200,222900
80936404146,2019,72700,201300,274000
80936404154,2019,72800,103500,176300
80936404162,2019,72800,159000,231800
80936404170,2019,72800,165600,238400
80936405011,2019,75100,303900,379000
80936405029,2019,75700,236600,312300
80936405037,2019,79300,329700,409000
80936405045,2019,78400,208800,287200
80936405053,2019,70300,212400,282700
80936405061,2019,75100,203800,278900
80936405079,2019,75500,164700,240200
80936405087,2019,74100,221800,295900
80936405095,2019,74600,204900,279500
80936405102,2019,82800,244700,327500
80936405110,2019,80000,182400,262400
80936405128,2019,84700,264300,349000
80936405144,2019,78300,273100,351400
80936405152,2019,73300,189000,262300
80936405160,2019,72700,161200,233900
80936405178,2019,75100,198500,273600
80936405186,2019,74600,168400,243000
80936406019,2019,78800,187200,266000
80936406027,2019,75400,252900,328300
80936406035,2019,77600,221700,299300
80936406043,2019,75100,128400,203500
80936406051,2019,75500,234500,310000
80936406069,2019,75900,177400,253300
80936406077,2019,75700,201300,277000
80936406085,2019,74400,278200,352600
80936406093,2019,74300,344000,418300
80936406100,2019,73800,274400,348200
80936406118,2019,73600,225000,298600
80936406126,2019,73400,232300,305700
80936406134,2019,75200,249100,324300
80936406142,2019,75500,225300,300800
80936406150,2019,78700,299100,377800
80936406168,2019,82200,267900,350100
80936406176,2019,75900,237600,313500
80936406184,2019,97100,276400,373500
80936407017,2019,85600,134800,220400
80936407025,2019,73600,206900,280500
80936407033,2019,73400,215100,288500
80936407041,2019,72400,184900,257300
80936407059,2019,72300,137100,209400
80936407067,2019,72500,127700,200200
80936407075,2019,72600,176800,249400
80936407083,2019,73900,204700,278600
80936407091,2019,74400,178800,253200
80936407108,2019,72300,151400,223700
80936407116,2019,72400,191300,263700
80936407124,2019,72500,155900,228400
80936407132,2019,72200,160000,232200
80936407140,2019,72600,233400,306000
80936407158,2019,72200,165700,237900
80936407166,2019,71600,166000,237600
80936407174,2019,71600,157900,229500
80936407182,2019,71600,144400,216000
80936407190,2019,71400,212600,284000
80936408015,2019,77000,175700,252700
80936408023,2019,77100,170400,247500
80936408031,2019,75200,161300,236500
80936408049,2019,75400,178600,254000
80936408057,2019,72600,160000,232600
80936408065,2019,69900,119000,188900
80936408073,2019,74600,160100,234700
80936408081,2019,71100,147900,219000
80936408099,2019,72300,141200,213500
80936408106,2019,73000,140600,213600
80936408114,2019,71200,157700,228900
80936408122,2019,71900,169500,241400
80936408130,2019,73400,172700,246100
80936408148,2019,73800,135600,209400
80936409013,2019,75600,188600,264200
80936409021,2019,77700,171700,249400
80936409039,2019,70100,171500,241600
80936409047,2019,73000,182500,255500
80936409055,2019,73700,142800,216500
80936409063,2019,72300,141200,213500
80936409071,2019,73400,219600,293000
80936409089,2019,71200,145100,216300
80936409097,2019,73000,126200,199200
80936409104,2019,75600,151100,226700
80936410028,2019,71200,180200,251400
80936410036,2019,72900,167300,240200
80936410044,2019,73600,187200,260800
80936410052,2019,70300,126800,197100
80936410060,2019,72900,129800,202700
80936410078,2019,70800,132100,202900
80936411018,2019,70300,143600,213900
80936411026,2019,69600,140600,210200
80936411034,2019,69600,136400,206000
80936411042,2019,69600,119000,188600
80936411050,2019,69600,143200,212800
80936411068,2019,69600,162100,231700
80936411076,2019,69600,157700,227300
80936411084,2019,69600,146200,215800
80936411092,2019,69600,137200,206800
80936411109,2019,65700,86800,152500
80936411117,2019,49100,101800,150900
80936411125,2019,49900,96300,146200
80936411133,2019,49900,105800,155700
80936411141,2019,49900,98600,148500
80936411159,2019,50100,147300,197400
80936411167,2019,50100,116100,166200
80936411175,2019,50200,142600,192800
80936411183,2019,50200,92800,143000
80936412016,2019,75700,145500,221200
80936412024,2019,76800,142000,218800
80936412032,2019,75400,133300,208700
80936412040,2019,74600,141200,215800
80936412058,2019,73400,144800,218200
80936412066,2019,73600,140100,213700
80936412074,2019,69700,115600,185300
80936412082,2019,79000,118600,197600
80936412090,2019,73700,130700,204400
80936412107,2019,74900,163100,238000
80936412115,2019,73400,137000,210400
80936412123,2019,79200,123800,203000
80936412131,2019,70000,125300,195300
80936412149,2019,73000,134400,207400
80936412157,2019,74300,162200,236500
80936412165,2019,74600,122300,196900
80936412173,2019,75400,148900,224300
80936412181,2019,74900,130300,205200
80936413014,2019,80100,172500,252600
80936413022,2019,77700,133100,210800
80936413030,2019,75800,168500,244300
80936413048,2019,73400,133000,206400
80936413056,2019,75700,170100,245800
80936413064,2019,74900,142100,217000
80936413072,2019,73400,157400,230800
80936413080,2019,70800,155900,226700
80936413098,2019,73400,163900,237300
80936413105,2019,76000,170300,246300
80936413113,2019,76900,154800,231700
80936413121,2019,75200,160700,235900
80936413139,2019,73400,145200,218600
80936413147,2019,72600,155300,227900
80936413155,2019,72600,160100,232700
80936413163,2019,72200,141900,214100
80936413171,2019,71400,159800,231200
80936413189,2019,70400,170400,240800
80936413197,2019,71600,167200,238800
80936413204,2019,72800,138600,211400
80936414012,2019,72500,136500,209000
80936414020,2019,72200,126400,198600
80936414038,2019,73400,146900,220300
80936414046,2019,73400,139600,213000
80936414054,2019,72700,219800,292500
80936414062,2019,72500,166600,239100
80936414070,2019,79500,204400,283900
80936414088,2019,79000,168800,247800
80936414096,2019,79200,146700,225900
80936414103,2019,75100,142500,217600
80936414111,2019,72400,147500,219900
80936414129,2019,69900,201400,271300
80936414137,2019,68000,165000,233000
80936414145,2019,70100,146200,216300
80936414153,2019,71400,149700,221100
80936414161,2019,71500,164200,235700
80936414179,2019,74400,190700,265100
80936414187,2019,76800,151600,228400
81014300967,2019,83500,111400,194900
81014300975,2019,95800,165900,261700
81015102015,2019,61400,193900,255300
81015102023,2019,56700,206500,263200
81015102031,2019,58100,165800,223900
81015102049,2019,57800,182700,240500
81015102057,2019,57400,196400,253800
81015102065,2019,56200,189900,246100
81015102073,2019,59400,204100,263500
81015103013,2019,68400,169900,238300
81015103021,2019,61900,195000,256900
81015103039,2019,60400,157600,218000
81015103047,2019,63400,189100,252500
81015103055,2019,61400,172700,234100
81015103063,2019,61400,175200,236600
81015103071,2019,62800,182800,245600
81015103089,2019,61400,183600,245000
81015103097,2019,62300,193100,255400
81015103104,2019,60400,185100,245500
81015103112,2019,61900,178300,240200
81015103120,2019,62300,168800,231100
81015103138,2019,63600,176600,240200
81015103146,2019,61900,168100,230000
81015103154,2019,73900,169100,243000
81015103162,2019,89800,162700,252500
81015103170,2019,103400,143400,246800
81015103188,2019,78000,181900,259900
81015103196,2019,68400,202000,270400
81015103203,2019,61100,160200,221300
81015103211,2019,65800,192500,258300
81015104011,2019,60000,176400,236400
81015104029,2019,56200,178500,234700
81015104037,2019,56700,193200,249900
81015104045,2019,57400,163700,221100
81015104053,2019,58600,194000,252600
81015104061,2019,56800,184300,241100
81015104079,2019,57000,167500,224500
81015104087,2019,57400,184000,241400
81015104095,2019,59000,178700,237700
81015104102,2019,56800,166800,223600
81015104110,2019,57400,177200,234600
81015104128,2019,56800,179000,235800
81015104136,2019,57400,207000,264400
81015104144,2019,66300,201600,267900
81015104152,2019,63600,181000,244600
81015104160,2019,61100,175600,236700
81015104178,2019,61200,212200,273400
81015104186,2019,57400,180600,238000
81015104194,2019,56700,178200,234900
81015104201,2019,57500,174600,232100
81015104219,2019,56700,185900,242600
81015104227,2019,59100,186100,245200
81015104235,2019,57400,198100,255500
81015104243,2019,57000,183400,240400
81015104251,2019,56700,185300,242000
81015104269,2019,58200,163200,221400
81015104277,2019,57500,202500,260000
81015104285,2019,56700,163000,219700
81015104293,2019,56700,169200,225900
81015104300,2019,60300,199600,259900
81015105019,2019,61500,180600,242100
81015105027,2019,57600,181400,239000
81015105035,2019,57600,207500,265100
81015105043,2019,59400,204900,264300
81015105051,2019,60300,187900,248200
81015105069,2019,57600,169100,226700
81015105077,2019,58100,187100,245200
81015105085,2019,58600,188600,247200
81015105093,2019,60600,171100,231700
81015105100,2019,57600,192500,250100
81015105118,2019,59400,181300,240700
81015105126,2019,57600,191100,248700
81015105134,2019,58600,195300,253900
81015105142,2019,57600,183900,241500
81015105150,2019,69000,174300,243300
81015105168,2019,62200,192600,254800
81015105176,2019,67100,177800,244900
81015105184,2019,57600,189200,246800
81015105192,2019,58600,202800,261400
81015105209,2019,57600,173600,231200
81015105217,2019,59400,174600,234000
81015105225,2019,57600,170900,228500
81015105233,2019,60600,194100,254700
81015105241,2019,58600,171500,230100
81015105259,2019,58100,188000,246100
81015105267,2019,57600,159700,217300
81015105275,2019,60300,202000,262300
81015105283,2019,59600,190400,250000
81015105291,2019,57600,166500,224100
81015105308,2019,57600,192400,250000
81015105316,2019,61500,183500,245000
81015106017,2019,66200,188700,254900
81015106025,2019,62200,161700,223900
81015106033,2019,61500,177700,239200
81015106041,2019,51700,172400,224100
81015106059,2019,62800,171600,234400
81015106067,2019,54700,205100,259800
81015106075,2019,49300,178800,228100
81015106083,2019,82900,137800,220700
81015107015,2019,62300,182200,244500
81015107023,2019,60300,182300,242600
81015107031,2019,58100,191800,249900
81015107049,2019,60300,201700,262000
81015107057,2019,60300,202900,263200
81015107065,2019,60300,200600,260900
81015107073,2019,62200,178900,241100
81015107081,2019,62200,187700,249900
81015107099,2019,59800,172300,232100
81015107106,2019,59800,196600,256400
81015107114,2019,59800,200300,260100
81015107122,2019,60300,184600,244900
81015107130,2019,59800,169000,228800
81015107148,2019,62300,178000,240300
81015108013,2019,61500,193300,254800
81015108021,2019,57400,184200,241600
81015108039,2019,58600,204300,262900
81015108047,2019,58100,188800,246900
81015108055,2019,58100,189900,248000
81015108063,2019,57400,199800,257200
81015108071,2019,62800,167500,230300
81015108089,2019,59600,187300,246900
81015108097,2019,58600,202900,261500
81015108104,2019,70400,186400,256800
81015108112,2019,108400,204400,312800
81015108120,2019,71400,200400,271800
81015108138,2019,60000,184900,244900
81015108146,2019,62300,203400,265700
81015108154,2019,63000,213800,276800
81015108162,2019,61900,187000,248900
81015108170,2019,65200,196500,261700
81015108188,2019,61900,181800,243700
81015108196,2019,94300,197000,291300
81015108203,2019,92600,189000,281600
81015108211,2019,57300,180700,238000
81015108229,2019,57800,197100,254900
81015108237,2019,59400,182900,242300
81015108245,2019,62900,193200,256100
81015108261,2019,52900,227500,280400
81015108279,2019,74100,175000,249100
81015108287,2019,86400,151300,237700
81016304024,2019,42400,104000,146400
81019300912,2019,79700,96100,175800
81019300954,2019,69700,98400,168100
81019300962,2019,69700,135900,205600
81019300988,2019,70900,124300,195200
81019301019,2019,64300,164500,228800
81019301027,2019,60400,151800,212200
81019301035,2019,60400,168200,228600
81019301043,2019,61300,148300,209600
81019301051,2019,61300,154400,215700
81019301069,2019,61300,155600,216900
81019301077,2019,61300,150400,211700
81019301085,2019,61300,152900,214200
81019301093,2019,61000,176000,237000
81019301100,2019,60400,159800,220200
81019301118,2019,63700,164200,227900
81019302033,2019,60600,166200,226800
81019302041,2019,58000,190300,248300
81019302059,2019,59000,153200,212200
81019302067,2019,59200,173500,232700
81019302075,2019,60900,182200,243100
81019302083,2019,60500,156700,217200
81019302091,2019,59200,154400,213600
81019302108,2019,58700,167100,225800
81019302116,2019,58700,153300,212000
81019302124,2019,60700,166500,227200
81019302132,2019,59500,171000,230500
81019302140,2019,60000,168200,228200
81019302158,2019,60000,156200,216200
81019302174,2019,62200,161300,223500
81019302182,2019,60500,159100,219600
81019302190,2019,58100,178600,236700
81019302207,2019,59800,161100,220900
81019302215,2019,60500,165200,225700
81019302223,2019,59800,169700,229500
81019302231,2019,60500,168300,228800
81019302249,2019,60500,161100,221600
81019302257,2019,59800,161200,221000
81019302265,2019,60400,175700,236100
81019302273,2019,60100,168700,228800
81019302281,2019,60000,165200,225200
81019302299,2019,60900,159100,220000
81019303015,2019,86500,160200,246700
81019303031,2019,67800,163200,231000
81019303049,2019,65600,182700,248300
81019303057,2019,61700,166900,228600
81019303065,2019,61700,165000,226700
81019303073,2019,62200,181300,243500
81019303106,2019,61200,163200,224400
81019303114,2019,58500,190200,248700
81019303122,2019,59700,150800,210500
81019303130,2019,59700,152500,212200
81019303148,2019,60100,155300,215400
81019303156,2019,60100,166700,226800
81019303164,2019,60100,170300,230400
81019303172,2019,63700,285100,348800
81019303180,2019,62000,284800,346800
81019303198,2019,62000,225600,287600
81019303205,2019,64000,160300,224300
81019304021,2019,61400,172600,234000
81019304039,2019,59200,172900,232100
81019304047,2019,59200,179600,238800
81019304055,2019,59800,158300,218100
81019304063,2019,59200,169400,228600
81019304071,2019,58500,170700,229200
81019304089,2019,59200,175000,234200
81019304097,2019,59200,174100,233300
81019304104,2019,60400,150900,211300
81019304112,2019,58700,161300,220000
81019304120,2019,58700,177500,236200
81019304138,2019,59200,195100,254300
81019304146,2019,58700,159300,218000
81019304154,2019,57900,167600,225500
81019304162,2019,58700,149400,208100
81019304170,2019,58900,146100,205000
81019304188,2019,67900,178000,245900
81019304196,2019,65200,162600,227800
81019304203,2019,64700,163600,228300
81019304211,2019,63200,135700,198900
81019304229,2019,63800,111900,175700
81019304237,2019,62600,120600,183200
81019304245,2019,63200,112000,175200
81019304253,2019,66200,110500,176700
81019304261,2019,58800,173700,232500
81019304279,2019,53000,184400,237400
81019304287,2019,50200,181900,232100
81019304295,2019,50300,170000,220300
81019305011,2019,61000,167400,228400
81019305029,2019,56300,159700,216000
81019305037,2019,57200,158300,215500
81019305045,2019,60100,167300,227400
81019305053,2019,56300,170700,227000
81019305061,2019,57900,192300,250200
81019305079,2019,57900,187400,245300
81019305087,2019,56300,169100,225400
81019305095,2019,56300,167200,223500
81019305102,2019,56300,154800,211100
81019305110,2019,58100,170900,229000
81019305128,2019,59700,174400,234100
81019305136,2019,59800,170800,230600
81019305144,2019,58100,159900,218000
81019305152,2019,56300,153200,209500
81019305160,2019,56300,189700,246000
81019305178,2019,56300,165400,221700
81019305186,2019,57900,167700,225600
81019305194,2019,57900,166000,223900
81019305201,2019,56300,164200,220500
81019305219,2019,60100,155800,215900
81019305227,2019,57200,164700,221900
81019305235,2019,56300,157900,214200
81019305243,2019,60900,161000,221900
81019306019,2019,60600,149200,209800
81019306027,2019,58600,194500,253100
81019306035,2019,58600,164000,222600
81019306043,2019,58600,171900,230500
81019306051,2019,58000,172500,230500
81019306069,2019,57900,183300,241200
81019306077,2019,60500,165900,226400
81019306085,2019,57800,155100,212900
81019306093,2019,57800,176700,234500
81019306100,2019,60600,164000,224600
81019306118,2019,57900,179500,237400
81019306126,2019,58000,166000,224000
81019306134,2019,58600,151000,209600
81019306142,2019,58600,167700,226300
81019306150,2019,58600,160600,219200
81019306168,2019,60500,151200,211700
81019306176,2019,57700,171500,229200
81019306184,2019,57800,191300,249100
81019307017,2019,65100,150800,215900
81019307025,2019,62900,175900,238800
81019307033,2019,62900,149500,212400
81019307041,2019,57700,165100,222800
81019307059,2019,57700,170600,228300
81019307067,2019,59600,166900,226500
81019307075,2019,55600,160300,215900
81019307083,2019,55700,169900,225600
81019307091,2019,59700,190300,250000
81019307108,2019,57700,157300,215000
81019307116,2019,57700,173600,231300
81019307124,2019,58800,149900,208700
81019307132,2019,61400,163600,225000
81019307140,2019,62000,168000,230000
81019307158,2019,61200,150800,212000
81019307166,2019,62400,172200,234600
81019308015,2019,60700,159300,220000
81019308023,2019,57900,174300,232200
81019308031,2019,58800,165900,224700
81019308049,2019,57800,181200,239000
81019308057,2019,58000,180400,238400
81019308065,2019,61400,161600,223000
81019308073,2019,64100,173600,237700
81019308081,2019,61400,163800,225200
81019308099,2019,58100,164600,222700
81019308106,2019,62600,177300,239900
81019308114,2019,60300,187400,247700
81019308122,2019,60700,155500,216200
81019309013,2019,63700,160300,224000
81019309021,2019,61000,152800,213800
81019309039,2019,60400,173800,234200
81019309047,2019,71900,156900,228800
81019309055,2019,70300,155200,225500
81019309063,2019,68800,172900,241700
81019309071,2019,67100,175000,242100
81019309089,2019,65400,174700,240100
81019309097,2019,63700,170900,234600
81019309104,2019,60500,155600,216100
81019309112,2019,61300,168200,229500
81019309120,2019,61600,170500,232100
81019309138,2019,61900,150500,212400
81019309146,2019,58900,172000,230900
81019309154,2019,59000,174500,233500
81019309162,2019,60900,183700,244600
81019309170,2019,62000,177800,239800
81019309188,2019,63700,160900,224600
81019310010,2019,62900,167600,230500
81019310028,2019,58000,172700,230700
81019310036,2019,58000,157500,215500
81019310044,2019,58000,153300,211300
81019310052,2019,58000,171300,229300
81019310060,2019,59800,195200,255000
81019310078,2019,62200,187300,249500
81019310086,2019,59800,161300,221100
81019310094,2019,58000,165600,223600
81019310101,2019,59800,167000,226800
81019310119,2019,59800,165400,225200
81019310127,2019,59800,168500,228300
81019310135,2019,58000,164200,222200
81019310143,2019,62600,169500,232100
81021103015,2019,70800,201100,271900
81021103023,2019,68400,202300,270700
81021103031,2019,64800,211700,276500
81021103049,2019,65400,199500,264900
81021103057,2019,63900,230700,294600
81021103065,2019,62300,202400,264700
81021103073,2019,66700,206100,272800
81021104013,2019,81700,178300,260000
81021105011,2019,71400,186500,257900
81021105029,2019,63000,181300,244300
81021105037,2019,62000,156800,218800
81021105045,2019,63200,176200,239400
81021105053,2019,66300,203700,270000
81021105061,2019,71700,175900,247600
81021105079,2019,71000,157400,228400
81021105087,2019,61000,177000,238000
81021105095,2019,61000,154700,215700
81021105102,2019,61000,179000,240000
81021105110,2019,61000,179500,240500
81021105128,2019,61000,178100,239100
81021105136,2019,61000,174300,235300
81021105144,2019,61000,174000,235000
81021105152,2019,61000,160000,221000
81021105160,2019,61000,165900,226900
81021105178,2019,71000,172700,243700
81021106019,2019,61100,165500,226600
81021106027,2019,59600,186900,246500
81021106035,2019,61000,199500,260500
81021106043,2019,61000,184200,245200
81021106051,2019,53300,198600,251900
81021106069,2019,61000,171400,232400
81021106077,2019,60300,176300,236600
81021106085,2019,61200,155100,216300
81021106093,2019,61200,168100,229300
81021106100,2019,59600,160700,220300
81021106118,2019,60300,179400,239700
81021106126,2019,61800,177200,239000
81021106134,2019,61800,183100,244900
81021106142,2019,61500,193400,254900
81021106150,2019,61300,198200,259500
81021106168,2019,60300,204900,265200
81021106176,2019,59700,183300,243000
81021106184,2019,61100,167700,228800
81021106192,2019,61100,154700,215800
81021106209,2019,60300,185600,245900
81021106217,2019,60900,183500,244400
81021106225,2019,60900,175000,235900
81021106233,2019,60900,170500,231400
81021106241,2019,60900,173700,234600
81021106259,2019,59700,167000,226700
81021106267,2019,62000,143000,205000
81021107017,2019,61100,186100,247200
81021107025,2019,60900,196800,257700
81021107033,2019,60300,190600,250900
81021107041,2019,61100,180100,241200
81021107059,2019,60300,159200,219500
81021107067,2019,60900,189100,250000
81021107075,2019,61100,177900,239000
81021107083,2019,60900,183600,244500
81021107091,2019,60900,180300,241200
81021107108,2019,59700,189100,248800
81021107116,2019,60300,173700,234000
81021107124,2019,61500,218500,280000
81021107132,2019,61800,185600,247400
81021107140,2019,61300,180600,241900
81021107158,2019,60900,196200,257100
81021107166,2019,59800,192200,252000
81021107174,2019,59800,193300,253100
81021107182,2019,46500,213900,260400
81021107190,2019,46400,192800,239200
81021107207,2019,57600,196700,254300
81021107215,2019,56800,239200,296000
81021107223,2019,46400,215000,261400
81021107231,2019,46500,226500,273000
81021107249,2019,59300,202100,261400
81021107257,2019,63000,209000,272000
81021107265,2019,61500,189300,250800
81021108015,2019,61400,181500,242900
81021108023,2019,59800,197800,257600
81021108031,2019,60900,212200,273100
81021108049,2019,60300,192600,252900
81021108057,2019,60500,214300,274800
81021108065,2019,66900,202000,268900
81021108073,2019,60600,178300,238900
81021108081,2019,60800,180000,240800
81021108099,2019,60500,207300,267800
81021108106,2019,76600,201700,278300
81021108114,2019,61300,192800,254100
81021109013,2019,67900,259600,327500
81021109021,2019,68300,245000,313300
81021109039,2019,68300,234200,302500
81021109047,2019,63200,199500,262700
81021109055,2019,67000,203000,270000
81021109063,2019,50600,247600,298200
81021109071,2019,50600,223400,274000
81021109089,2019,60800,214200,275000
81021109097,2019,61500,218500,280000
81021109104,2019,68200,295800,364000
81021109112,2019,76000,321200,397200
81021109120,2019,56000,329600,385600
81021109138,2019,71500,286500,358000
81021109146,2019,76500,220600,297100
81021109162,2019,74800,270300,345100
81021109170,2019,72400,287000,359400
81021109188,2019,67900,230800,298700
81021109196,2019,64100,220200,284300
81021109203,2019,61400,208700,270100
81021109211,2019,62100,235200,297300
81021109229,2019,69900,189100,259000
81021110010,2019,61400,179900,241300
81021110028,2019,61000,192500,253500
81021110036,2019,62300,192400,254700
81021110044,2019,61300,169200,230500
81021111018,2019,63100,179000,242100
81021111026,2019,64200,195800,260000
81021111034,2019,62900,208300,271200
81021111042,2019,63100,181500,244600
81021301148,2019,56400,203600,260000
81021301156,2019,51700,147400,199100
81021301164,2019,51700,172700,224400
81021301172,2019,57800,129600,187400
81021301180,2019,59500,165100,224600
81021301198,2019,55900,180800,236700
81021301205,2019,55000,174500,229500
81021301213,2019,55000,190800,245800
81021301221,2019,53500,219200,272700
81021301239,2019,50900,158300,209200
81021301247,2019,55900,177100,233000
81021301255,2019,53400,179900,233300
81021301271,2019,57800,181400,239200
81021301289,2019,51300,165000,216300
81021301297,2019,51300,182100,233400
81021301304,2019,57800,144400,202200
81021301312,2019,53500,160000,213500
81021301320,2019,57800,159600,217400
81021301338,2019,57800,162000,219800
81021301346,2019,64600,180400,245000
81021301354,2019,67100,190400,257500
81021301362,2019,65200,200100,265300
81021301370,2019,67100,195200,262300
81021301388,2019,64600,184300,248900
81021301396,2019,56400,250100,306500
81021301403,2019,76400,139800,216200
81021301411,2019,67100,173100,240200
81021302013,2019,56400,127300,183700
81021302021,2019,52500,166600,219100
81021302039,2019,51600,183400,235000
81021302047,2019,52500,155700,208200
81021302055,2019,53000,174100,227100
81021302063,2019,58500,153000,211500
81021302071,2019,59500,157100,216600
81021302089,2019,51100,194800,245900
81021302097,2019,44200,143800,188000
81021302104,2019,44100,128400,172500
81021302112,2019,44100,159000,203100
81021302120,2019,44100,174100,218200
81021302138,2019,41300,143000,184300
81021302146,2019,49500,134400,183900
81021302154,2019,48400,150100,198500
81021302245,2019,49400,181400,230800
81021302253,2019,48400,196600,245000
81021302310,2019,49400,164300,213700
81021302328,2019,49400,190700,240100
81021302336,2019,49400,173100,222500
81021302344,2019,49400,177300,226700
81021302352,2019,49400,175600,225000
81021302360,2019,49400,161300,210700
81021302378,2019,49400,134500,183900
81021302401,2019,49400,174900,224300
81021302419,2019,50400,156900,207300
81021302427,2019,48700,172900,221600
81021302435,2019,47500,151900,199400
81021302443,2019,48400,162300,210700
81021302451,2019,52500,175500,228000
81021302469,2019,52500,167800,220300
81021302477,2019,47200,173300,220500
81021302485,2019,49500,159500,209000
81021302493,2019,44600,187900,232500
81021302500,2019,47200,160800,208000
81021302518,2019,43700,200900,244600
81021302526,2019,47200,153800,201000
81021302534,2019,51900,159500,211400
81021303011,2019,51600,175400,227000
81021303029,2019,51700,164600,216300
81021303037,2019,51100,164200,215300
81021303045,2019,53100,204300,257400
81021303053,2019,51600,167100,218700
81021303061,2019,49000,173100,222100
81021303079,2019,58800,160300,219100
81021303087,2019,49600,188200,237800
81021303095,2019,46700,196000,242700
81021303102,2019,50400,175600,226000
81021303110,2019,49500,168900,218400
81021303128,2019,49600,176100,225700
81021303136,2019,44300,155000,199300
81021303144,2019,47200,171600,218800
81021303152,2019,47400,181800,229200
81021303160,2019,48400,138700,187100
81021303178,2019,56800,161600,218400
81021303186,2019,55200,182200,237400
81021303194,2019,56300,168300,224600
81021303201,2019,51700,145900,197600
81021303219,2019,45800,173100,218900
81021303227,2019,46000,185500,231500
81021303235,2019,46000,207400,253400
81021303243,2019,46000,179800,225800
81021303251,2019,48700,193100,241800
81021303269,2019,47500,168800,216300
81021303277,2019,44100,150600,194700
81021303285,2019,44100,159800,203900
81021303293,2019,44100,158000,202100
81021303300,2019,44100,169400,213500
81021303318,2019,44100,189900,234000
81021303326,2019,45900,194600,240500
81021303334,2019,46700,166800,213500
81021303342,2019,45800,181800,227600
81021303350,2019,42700,181900,224600
81021303368,2019,44300,152800,197100
81021303376,2019,46700,166100,212800
81021303384,2019,40800,168300,209100
81021303392,2019,61900,150700,212600
81021303409,2019,60500,157400,217900
81021304019,2019,45900,166400,212300
81021304027,2019,38700,182300,221000
81021304035,2019,42600,174700,217300
81021304043,2019,41400,169500,210900
81021304051,2019,48100,168000,216100
81021304069,2019,46000,155000,201000
81021304077,2019,50400,198300,248700
81021304085,2019,43600,181100,224700
81021304093,2019,47400,183000,230400
81021304100,2019,48400,175800,224200
81021304118,2019,34900,195900,230800
81021304126,2019,41300,200000,241300
81021304134,2019,46400,190500,236900
81021304142,2019,42300,180100,222400
81021304150,2019,40300,175700,216000
81021304168,2019,39500,193700,233200
81021304176,2019,40300,163500,203800
81021304184,2019,44500,171800,216300
81021304192,2019,39400,178400,217800
81021304209,2019,43600,134600,178200
81021304217,2019,52500,158100,210600
81021304225,2019,51100,169200,220300
81021304233,2019,53000,192900,245900
81021304241,2019,48700,174700,223400
81021304259,2019,50100,147900,198000
81021304267,2019,53400,185800,239200
81021305017,2019,41200,203900,245100
81021305025,2019,44100,174600,218700
81021305033,2019,44100,217400,261500
81021305041,2019,47200,152800,200000
81021305059,2019,44500,174800,219300
81021305067,2019,53500,174700,228200
81021305075,2019,53500,172500,226000
81021305083,2019,53500,171300,224800
81021305091,2019,56400,156500,212900
81021305108,2019,48700,196000,244700
81021305116,2019,59400,195900,255300
81021305124,2019,53500,177200,230700
81021305132,2019,55300,216200,271500
81021305140,2019,55300,171200,226500
81021305158,2019,55300,169300,224600
81021305166,2019,55300,212700,268000
81021305174,2019,55300,205000,260300
81021305182,2019,53500,173200,226700
81021305190,2019,57800,186700,244500
81021305207,2019,64600,173200,237800
81021305215,2019,67100,171000,238100
81021305231,2019,62400,164000,226400
81021305249,2019,59800,182800,242600
81021305257,2019,65500,216400,281900
81021305265,2019,56800,168500,225300
81021305273,2019,68800,209300,278100
81021305281,2019,62400,197100,259500
81021305299,2019,53500,215800,269300
81021306015,2019,51600,178800,230400
81021306023,2019,56800,186600,243400
81021306031,2019,51600,159300,210900
81021306049,2019,53400,239900,293300
81021306057,2019,52600,142400,195000
81021306065,2019,51600,154200,205800
81021306073,2019,53500,174500,228000
81021306081,2019,53400,176300,229700
81021307013,2019,53500,203100,256600
81021307021,2019,53500,219800,273300
81021307039,2019,53500,207300,260800
81021307047,2019,57800,207800,265600
81021307055,2019,57800,163300,221100
81021307063,2019,57800,146500,204300
81021307071,2019,55900,196500,252400
81021307089,2019,57800,248700,306500
81021307097,2019,53500,173500,227000
81021307104,2019,56400,192200,248600
81021307112,2019,53500,191500,245000
81021307120,2019,59800,179300,239100
81021307138,2019,64600,193900,258500
81021307146,2019,67100,199600,266700
81021307154,2019,59800,182800,242600
81021307162,2019,62400,192800,255200
81021307170,2019,64600,177300,241900
81021307188,2019,64600,157200,221800
81021401039,2019,58400,136500,194900
81021401047,2019,51800,185300,237100
81021401055,2019,51800,159600,211400
81021401063,2019,55600,154900,210500
81021401120,2019,44300,110300,154600
81021401138,2019,47000,130300,177300
81021402087,2019,56900,158000,214900
81021402095,2019,55800,144200,200000
81021402102,2019,52100,146200,198300
81021402110,2019,54600,144700,199300
81021402128,2019,51000,170200,221200
81021402136,2019,55600,160200,215800
81021402144,2019,55800,155700,211500
81021402152,2019,57100,140500,197600
81021402160,2019,54100,182900,237000
81021402178,2019,53100,179400,232500
81021402186,2019,56200,132500,188700
81021402194,2019,60100,101100,161200
81021402201,2019,51600,135800,187400
81021402219,2019,43300,128300,171600
81021402251,2019,47200,166000,213200
81021403043,2019,57100,169400,226500
81021403069,2019,58500,124900,183400
81021403077,2019,48200,160000,208200
81021403184,2019,56100,163400,219500
81021403192,2019,43700,155700,199400
81021403209,2019,43700,164500,208200
81021403217,2019,43700,144100,187800
81021403225,2019,43700,165700,209400
81021403233,2019,43700,160000,203700
81021403241,2019,43700,142500,186200
81021403259,2019,54900,127700,182600
81021403267,2019,49800,161900,211700
81021403275,2019,52100,154000,206100
81021403283,2019,51600,155600,207200
81021403291,2019,51800,143400,195200
81021403308,2019,54100,137100,191200
81021403316,2019,53400,143600,197000
81021403324,2019,53100,129400,182500
81021403332,2019,52900,132700,185600
81021403340,2019,51000,156700,207700
81021403358,2019,51000,153300,204300
81021403366,2019,51000,156100,207100
81021403374,2019,51000,169600,220600
81021403382,2019,54100,179600,233700
81021403390,2019,53100,155400,208500
81021403407,2019,55600,140000,195600
81021403415,2019,54100,169000,223100
81021404108,2019,51800,128500,180300
81021404116,2019,51000,146600,197600
81021404124,2019,51000,133000,184000
81021404132,2019,51000,139300,190300
81021404140,2019,54900,173100,228000
81021404158,2019,55400,146200,201600
81021404166,2019,55400,127400,182800
81021404174,2019,55400,131100,186500
81021404182,2019,54900,123900,178800
81021404190,2019,56100,130200,186300
81021405073,2019,55800,156500,212300
81021405081,2019,55800,206800,262600
81021405099,2019,55800,146500,202300
81021405106,2019,55800,141000,196800
81021405114,2019,55800,159000,214800
81021405122,2019,61400,190500,251900
81021405130,2019,57100,183200,240300
81021405148,2019,56100,150000,206100
81021405156,2019,56100,164700,220800
81021405164,2019,52100,228200,280300
81021405172,2019,56100,186600,242700
81021405180,2019,56100,179300,235400
81021405198,2019,55800,199000,254800
81021405205,2019,55800,183300,239100
81021405213,2019,56900,135400,192300
81021406013,2019,59200,185200,244400
81021406021,2019,59200,172100,231300
81021406039,2019,59200,171500,230700
81021406047,2019,57300,177800,235100
81021406055,2019,58500,188400,246900
81021406063,2019,60900,207600,268500
81021406071,2019,58100,162400,220500
81021406089,2019,57100,206400,263500
81021406097,2019,56100,182500,238600
81021406104,2019,56100,179900,236000
81021406112,2019,56100,198700,254800
81021406120,2019,56200,167800,224000
81021406138,2019,56900,179500,236400
81021406146,2019,58100,176800,234900
81021406154,2019,60100,171300,231400
81021407061,2019,54900,130300,185200
81021407201,2019,59200,134300,193500
81021407219,2019,60100,168200,228300
81021407227,2019,63100,169800,232900
81021407235,2019,59400,159100,218500
81021407243,2019,58500,188900,247400
81021407251,2019,61600,165400,227000
81021407269,2019,34400,153600,188000
81021408019,2019,59400,151700,211100
81021408027,2019,61400,190300,251700
81021408035,2019,57100,187800,244900
81021408043,2019,56200,190100,246300
81021408051,2019,56100,177200,233300
81021408069,2019,56100,187300,243400
81021408077,2019,56100,176400,232500
81021408085,2019,57100,180200,237300
81021408093,2019,57300,140300,197600
81021408100,2019,57100,184900,242000
81021408118,2019,56200,185300,241500
81021408126,2019,57100,159800,216900
81021408134,2019,56200,151700,207900
81021408142,2019,56100,156900,213000
81021408150,2019,56900,184600,241500
81021408168,2019,54900,185700,240600
81021408176,2019,57300,186100,243400
81021409017,2019,60100,192600,252700
81021409025,2019,73800,179200,253000
81021409033,2019,56900,175700,232600
81021409041,2019,54900,197700,252600
81021409059,2019,54900,248500,303400
81021409067,2019,53100,177600,230700
81021409075,2019,55400,177600,233000
81021409083,2019,55400,212300,267700
81021409091,2019,55800,190400,246200
81021409108,2019,57100,185000,242100
81021409116,2019,57100,204700,261800
81021412010,2019,49300,148800,198100
81021412028,2019,45200,194600,239800
81021412036,2019,44800,172500,217300
81021412044,2019,45300,160500,205800
81021412052,2019,44200,142700,186900
81021412060,2019,44800,145400,190200
81021412078,2019,45200,174900,220100
81021412086,2019,44600,172200,216800
81021412094,2019,53600,175500,229100
81021412101,2019,57000,148800,205800
81021412119,2019,55200,148400,203600
81021412127,2019,52600,161400,214000
81021412135,2019,53400,133500,186900
81021412143,2019,53400,149500,202900
81021412151,2019,52100,130400,182500
81021412169,2019,51700,149400,201100
81021412177,2019,56100,136700,192800
81021412185,2019,55200,139200,194400
81021412193,2019,52600,147400,200000
81021412200,2019,60300,138200,198500
81021412218,2019,57000,178700,235700
81021412226,2019,52600,149800,202400
81021412234,2019,48500,186500,235000
81021413018,2019,53400,198300,251700
81021413026,2019,52800,168400,221200
81021413034,2019,52800,143200,196000
81021413042,2019,54100,134500,188600
81021413050,2019,54500,141100,195600
81021413068,2019,54100,144000,198100
81021413076,2019,58000,167800,225800
81021413084,2019,55600,146400,202000
81021413092,2019,55200,150400,205600
81021413109,2019,54100,178100,232200
81021413117,2019,52600,137700,190300
81021413125,2019,53600,152400,206000
81021413133,2019,53600,154300,207900
81021413141,2019,53000,146800,199800
81021413159,2019,53000,139800,192800
81021413167,2019,53400,142400,195800
81021413175,2019,54100,154100,208200
81021413183,2019,45800,132900,178700
81021413191,2019,44200,141300,185500
81021413208,2019,44800,153500,198300
81021413216,2019,44600,156100,200700
81021413224,2019,54600,159400,214000
81021415014,2019,58400,185600,244000
81021415022,2019,54100,135000,189100
81021415030,2019,50700,159900,210600
81021415048,2019,55200,135600,190800
81021415056,2019,52800,135000,187800
81021415064,2019,65600,186400,252000
81021415072,2019,56100,146200,202300
81021415080,2019,53600,134100,187700
81021415098,2019,53400,124100,177500
81021415105,2019,49300,166900,216200
81021415113,2019,53600,163200,216800
81021415121,2019,54100,168300,222400
81021415139,2019,52800,152400,205200
81021415147,2019,45300,159700,205000
81021415155,2019,46500,197800,244300
81021415163,2019,49700,153200,202900
81021416012,2019,58000,160300,218300
81021416020,2019,57000,192200,249200
81021416038,2019,57000,119300,176300
81021416046,2019,58700,148600,207300
81021416054,2019,53000,164000,217000
81021416062,2019,53600,142800,196400
81021416070,2019,64100,134600,198700
81021416088,2019,64200,146400,210600
81021416096,2019,60000,129000,189000
81021416103,2019,60000,152600,212600
81021416111,2019,52800,138700,191500
81021416129,2019,54100,154000,208100
81021416137,2019,52100,158400,210500
81021416145,2019,56300,130900,187200
81021416153,2019,64100,119800,183900
81021416161,2019,60300,120900,181200
81021416179,2019,60000,155000,215000
81021416202,2019,80000,440000,520000
81021416228,2019,76200,41700,117900
81021416236,2019,91400,0,91400
81022304159,2019,56000,140000,196000
81022304167,2019,57400,128700,186100
81025201013,2019,56900,113100,170000
81026344036,2019,5000,0,5000
81026344044,2019,4600,0,4600
81026344052,2019,4300,0,4300
81026344060,2019,4300,0,4300
81026344078,2019,4200,0,4200
81026344086,2019,3200,0,3200
81026346024,2019,4200,0,4200
81026346032,2019,4200,0,4200
81026346040,2019,60200,293300,353500
81026346058,2019,65400,197700,263100
81026346066,2019,57800,275700,333500
81026346074,2019,57800,206200,264000
81026346082,2019,4600,0,4600
81026346090,2019,4600,0,4600
81026347014,2019,4200,0,4200
81026347030,2019,2900,0,2900
81026347048,2019,2900,0,2900
81026347056,2019,54800,255100,309900
81026349010,2019,58000,282100,340100
81026349028,2019,34000,230900,264900
81026349036,2019,41100,259400,300500
81026349044,2019,41100,207500,248600
81026349052,2019,41100,248800,289900
81026349060,2019,41100,232800,273900
81026349078,2019,41100,221600,262700
81026349086,2019,41100,278600,319700
81026349094,2019,41100,223700,264800
81026349101,2019,41100,250700,291800
81026349119,2019,34000,264400,298400
81026349127,2019,41100,248800,289900
81026349135,2019,55700,324400,380100
81026350017,2019,50900,136900,187800
81026350025,2019,3400,0,3400
81026350033,2019,44700,92600,137300
81026350041,2019,3400,0,3400
81026350059,2019,3400,0,3400
81026350067,2019,44700,89500,134200
81026350075,2019,44700,84400,129100
81026350083,2019,3400,0,3400
81026350091,2019,44700,81900,126600
81026350108,2019,3700,0,3700
81026350116,2019,49700,230200,279900
81026350124,2019,53000,226300,279300
81026351015,2019,4200,0,4200
81026351023,2019,3400,0,3400
81026351031,2019,44700,65400,110100
81026351049,2019,3400,0,3400
81026351057,2019,3400,0,3400
81026351065,2019,3400,0,3400
81026351073,2019,36800,126100,162900
81026351081,2019,3400,0,3400
81026351099,2019,53600,90400,144000
81026351106,2019,3700,0,3700
81026351114,2019,46900,229700,276600
81026351122,2019,52100,254100,306200
81026352013,2019,44900,271900,316800
81026352021,2019,41100,253800,294900
81026352039,2019,41100,250600,291700
81026352047,2019,41100,193800,234900
81026352055,2019,41100,228800,269900
81026352063,2019,41100,241200,282300
81026352071,2019,41100,220200,261300
81026352089,2019,41100,202800,243900
81026352097,2019,41100,188800,229900
81026352104,2019,47800,216700,264500
81026352112,2019,47800,212400,260200
81026352120,2019,45800,237100,282900
81026353011,2019,59700,300200,359900
81026353029,2019,58100,296800,354900
81026353037,2019,60400,262200,322600
81026353045,2019,4300,0,4300
81026353053,2019,4300,0,4300
81026353061,2019,5200,0,5200
81026353079,2019,66600,164800,231400
81026353087,2019,5000,0,5000
81026353095,2019,66000,168700,234700
81026353102,2019,64300,122500,186800
81026353110,2019,59900,242900,302800
81026353128,2019,58900,229600,288500
81026353136,2019,58900,280800,339700
81026353144,2019,56700,232200,288900
81026353152,2019,56700,223200,279900
81026353160,2019,56700,213300,270000
81026353178,2019,56700,259100,315800
81026354019,2019,59700,260900,320600
81026354027,2019,56400,287000,343400
81026354035,2019,56400,313000,369400
81026354043,2019,61400,253300,314700
81026354051,2019,4900,0,4900
81026354100,2019,61300,161000,222300
81026355025,2019,74700,267100,341800
81026355033,2019,74700,204300,279000
81026355041,2019,74700,182700,257400
81026355059,2019,74700,224000,298700
81026355067,2019,17200,0,17200
81026355075,2019,20600,0,20600
81026355083,2019,17300,0,17300
81026355116,2019,5200,0,5200
81026355124,2019,5200,0,5200
81026355132,2019,54800,124400,179200
81026355140,2019,4200,0,4200
81026355314,2019,22500,33800,56300
81026355322,2019,22500,33800,56300
81026355330,2019,22500,33800,56300
81026355348,2019,22500,33800,56300
81026355356,2019,22500,33800,56300
81026355364,2019,22500,33800,56300
81026355372,2019,22500,33800,56300
81026355380,2019,22500,33800,56300
81026355398,2019,22500,33800,56300
81026355421,2019,4500,0,4500
81026355439,2019,3800,0,3800
81026355447,2019,3800,0,3800
81026355455,2019,3800,0,3800
81026355463,2019,3800,0,3800
81026355471,2019,3800,0,3800
81026355489,2019,3800,0,3800
81026355497,2019,3800,0,3800
81026355504,2019,3800,0,3800
81026355512,2019,3800,0,3800
81026355520,2019,3800,0,3800
81026355538,2019,3800,0,3800
81026355546,2019,3800,0,3800
81026355554,2019,3800,0,3800
81026355562,2019,3800,0,3800
81026355570,2019,3800,0,3800
81026355588,2019,3800,0,3800
81026355596,2019,3800,0,3800
81026356172,2019,66700,428100,494800
81026356180,2019,61900,0,61900
81026356198,2019,58100,328300,386400
81026356205,2019,58100,324500,382600
81026356213,2019,58100,447300,505400
81026356221,2019,59500,0,59500
81026356239,2019,59500,231700,291200
81026356247,2019,59500,340500,400000
81026356255,2019,59500,151500,211000
81026356263,2019,59500,219400,278900
81026356271,2019,59500,0,59500
81026356289,2019,5200,0,5200
81026357097,2019,5700,0,5700
81026357104,2019,59500,348500,408000
81026357112,2019,59500,322400,381900
81026357120,2019,59500,313900,373400
81026357146,2019,4000,0,4000
81026369068,2019,9900,7000,16900
81027202019,2019,66600,191100,257700
81027202027,2019,64200,131800,196000
81027202035,2019,59000,156900,215900
81027202043,2019,59000,132500,191500
81027202051,2019,59000,162900,221900
81027202069,2019,59000,167100,226100
81027202077,2019,60000,177000,237000
81027202085,2019,63300,129100,192400
81027208017,2019,53800,186800,240600
81027208025,2019,53800,178100,231900
81027208033,2019,53100,153900,207000
81027208041,2019,53800,214700,268500
81027208059,2019,63300,192500,255800
81027208067,2019,69600,183300,252900
81027208075,2019,69600,174200,243800
81027208083,2019,53800,253100,306900
81027208091,2019,60500,201300,261800
81027208108,2019,84800,206900,291700
81027208116,2019,84800,154300,239100
81027208124,2019,84800,174900,259700
81027208132,2019,84800,218500,303300
81027208140,2019,84800,201500,286300
81027208158,2019,84800,145200,230000
81027208166,2019,89500,152500,242000
81028100882,2019,54600,135400,190000
81028100890,2019,54600,26300,80900
81028100907,2019,54600,128200,182800
81028100915,2019,61600,173400,235000
81028101012,2019,63800,186200,250000
81028101020,2019,60500,172500,233000
81028101038,2019,57400,156900,214300
81028101046,2019,57900,141800,199700
81028101054,2019,57400,160600,218000
81028101062,2019,59000,122200,181200
81028101070,2019,59000,177000,236000
81028101088,2019,59000,169000,228000
81028101096,2019,59000,172500,231500
81028101103,2019,59000,175300,234300
81028101111,2019,59000,184300,243300
81028101129,2019,59000,174100,233100
81028101137,2019,59000,153300,212300
81028101145,2019,59000,163700,222700
81028101153,2019,57400,152800,210200
81028101161,2019,59400,156400,215800
81028101179,2019,60400,156800,217200
81028101187,2019,63300,158800,222100
81028101195,2019,60100,175400,235500
81028101202,2019,60500,148700,209200
81028102010,2019,59400,169500,228900
81028102028,2019,60300,150500,210800
81028102036,2019,60300,195500,255800
81028102044,2019,60300,149900,210200
81028102052,2019,59000,137600,196600
81028102060,2019,59000,175500,234500
81028102078,2019,59000,149900,208900
81028102086,2019,59000,140900,199900
81028102094,2019,59000,206500,265500
81028102101,2019,59000,163600,222600
81028102119,2019,59000,168100,227100
81028102127,2019,59000,139200,198200
81028102135,2019,59000,155800,214800
81028102143,2019,57400,182600,240000
81028102151,2019,62300,139700,202000
81028102169,2019,62300,149000,211300
81028102177,2019,62300,167900,230200
81028102185,2019,54800,138700,193500
81028102193,2019,57400,144900,202300
81028102200,2019,59300,158400,217700
81028102218,2019,59000,174400,233400
81028102226,2019,61800,135700,197500
81028102234,2019,60300,159200,219500
81028102242,2019,59000,145900,204900
81028102250,2019,59000,146200,205200
81028102268,2019,59000,162500,221500
81028102276,2019,59000,216000,275000
81028102284,2019,59000,151800,210800
81028102292,2019,59000,159700,218700
81028102309,2019,59000,167900,226900
81028102317,2019,59000,153300,212300
81028102325,2019,59000,156300,215300
81028102333,2019,60300,159800,220100
81028102341,2019,60300,150600,210900
81028102359,2019,60300,165000,225300
81028102367,2019,59400,165700,225100
81028102375,2019,58600,122200,180800
81028102383,2019,58600,171200,229800
81028103018,2019,58600,139900,198500
81028103026,2019,59400,131800,191200
81028103034,2019,59400,155900,215300
81028103042,2019,59400,145100,204500
81028103050,2019,60300,156000,216300
81028103068,2019,59300,160200,219500
81028103076,2019,58600,188200,246800
81028103084,2019,58600,166600,225200
81028103092,2019,58600,188300,246900
81028103109,2019,59400,148600,208000
81028103117,2019,58600,149900,208500
81028103125,2019,59300,158500,217800
81028103133,2019,58600,162300,220900
81028103141,2019,58600,142100,200700
81028103159,2019,57400,153900,211300
81028103167,2019,57400,131200,188600
81028103175,2019,58400,137400,195800
81028103183,2019,58600,119600,178200
81028103191,2019,58600,137800,196400
81028103208,2019,59300,149100,208400
81028103216,2019,58600,150700,209300
81028103224,2019,58600,183500,242100
81028103232,2019,58600,150400,209000
81028103240,2019,58600,162300,220900
81028103258,2019,58600,149200,207800
81028103266,2019,59300,170400,229700
81028103274,2019,57400,164400,221800
81028103282,2019,59000,125000,184000
81028103290,2019,63700,148300,212000
81028103307,2019,57000,164800,221800
81028103315,2019,57900,134200,192100
81028103323,2019,57400,154100,211500
81028104024,2019,59300,140100,199400
81028104032,2019,59000,193200,252200
81028104040,2019,59000,169500,228500
81028104058,2019,59000,164100,223100
81028104066,2019,59000,147900,206900
81028104074,2019,59000,179700,238700
81028104082,2019,59000,135100,194100
81028104090,2019,59000,130400,189400
81028104107,2019,57000,126500,183500
81028104115,2019,55400,119200,174600
81028104123,2019,55400,117700,173100
81028104131,2019,57000,119900,176900
81028104149,2019,59000,143800,202800
81028104157,2019,59000,119300,178300
81028104165,2019,59000,214300,273300
81028104173,2019,59000,171000,230000
81028104181,2019,59000,159400,218400
81028104199,2019,59000,160800,219800
81028104206,2019,59000,154800,213800
81028104214,2019,59300,181100,240400
81028105014,2019,32000,163000,195000
81028105022,2019,58400,167300,225700
81028105030,2019,58600,148400,207000
81028105048,2019,58600,170200,228800
81028105056,2019,58600,131700,190300
81028105064,2019,59000,131300,190300
81028105072,2019,59000,125200,184200
81028105080,2019,59000,174400,233400
81028105098,2019,59000,145300,204300
81028105105,2019,59000,162800,221800
81028105113,2019,59400,164600,224000
81028105121,2019,60000,160000,220000
81028105139,2019,60400,128000,188400
81028105147,2019,60300,124900,185200
81028105155,2019,61300,164100,225400
81028105163,2019,59000,161600,220600
81028105171,2019,59000,172000,231000
81028105189,2019,59000,129600,188600
81028105197,2019,59000,137900,196900
81028105220,2019,58500,145900,204400
81028105238,2019,58100,153500,211600
81028105246,2019,58100,152800,210900
81028105254,2019,58100,139900,198000
81028105262,2019,58100,152700,210800
81028105270,2019,65900,190300,256200
81028105288,2019,73800,176700,250500
81028105296,2019,78200,126500,204700
81028105303,2019,78400,179400,257800
81028105311,2019,63000,171000,234000
81028105329,2019,73800,221500,295300
81028105337,2019,69700,234700,304400
81028105345,2019,82100,275200,357300
81028105353,2019,75800,171500,247300
81028105361,2019,60100,198900,259000
81028105379,2019,60900,157600,218500
81028105387,2019,59000,197300,256300
81028105395,2019,71900,208300,280200
81028107010,2019,57100,122400,179500
81028107028,2019,57100,152000,209100
81028107036,2019,57100,134600,191700
81028107044,2019,57100,129400,186500
81028107052,2019,57200,112900,170100
81028107143,2019,58100,143600,201700
81028107151,2019,61400,129100,190500
81028107169,2019,60500,138600,199100
81028107177,2019,60400,167700,228100
81028107185,2019,58100,168000,226100
81028107193,2019,57300,157600,214900
81028107200,2019,57200,177200,234400
81028107218,2019,57300,202700,260000
81028107226,2019,57100,150900,208000
81028108018,2019,52000,125700,177700
81028108026,2019,50400,171300,221700
81028108034,2019,49000,161100,210100
81028108042,2019,47700,146700,194400
81028108050,2019,47700,123100,170800
81028108068,2019,57100,121300,178400
81028108076,2019,57100,129300,186400
81028108084,2019,57100,153400,210500
81028108092,2019,60900,123700,184600
81028108109,2019,73500,137900,211400
81028108117,2019,71700,127200,198900
81028108125,2019,63000,153600,216600
81028108133,2019,57100,128300,185400
81028108141,2019,58100,143600,201700
81028108167,2019,56100,161300,217400
81028108175,2019,56100,134000,190100
81028108183,2019,54900,183500,238400
81028108191,2019,59400,143300,202700
81028108208,2019,55600,166900,222500
81028108216,2019,60900,164500,225400
81028108224,2019,60100,125400,185500
81028108232,2019,56900,142100,199000
81028108240,2019,56200,179700,235900
81028108258,2019,57200,140200,197400
81028108266,2019,57100,148400,205500
81028108274,2019,57200,182000,239200
81028108282,2019,60100,160200,220300
81028108290,2019,61600,187900,249500
81028108307,2019,57300,143900,201200
81028108315,2019,56100,190500,246600
81028108323,2019,60100,197800,257900
81028108331,2019,58500,155300,213800
81028108349,2019,61400,189600,251000
81028108357,2019,54900,156600,211500
81028108365,2019,57300,175000,232300
81028108373,2019,57200,173800,231000
81028108381,2019,57100,169700,226800
81028108399,2019,60500,140000,200500
81028108406,2019,56900,141700,198600
81028108414,2019,54600,173700,228300
81028108422,2019,54600,156000,210600
81028108430,2019,55800,135900,191700
81028108448,2019,57100,138500,195600
81028108456,2019,57200,164700,221900
81028108464,2019,83500,125700,209200
81028110055,2019,55800,129900,185700
81028110063,2019,54900,150100,205000
81028110071,2019,54900,128600,183500
81028110089,2019,54900,149100,204000
81028110097,2019,54900,149700,204600
81028110104,2019,54900,179100,234000
81028110112,2019,67700,144000,211700
81028110120,2019,55800,150800,206600
81028110138,2019,52100,147800,199900
81028110146,2019,59400,178600,238000
81028110154,2019,57300,155700,213000
81028110162,2019,60400,127600,188000
81028110170,2019,50100,143700,193800
81028110188,2019,85100,140900,226000
81028110196,2019,43700,155300,199000
81028110203,2019,47700,223300,271000
81028110211,2019,66100,202500,268600
81028110229,2019,51600,114100,165700
81028111011,2019,76200,176700,252900
81028111029,2019,63000,251600,314600
81028111037,2019,63000,292800,355800
81028111045,2019,65100,138100,203200
81028111053,2019,57300,170600,227900
81028111061,2019,55400,169700,225100
81028111079,2019,59200,154900,214100
81028111087,2019,55800,159600,215400
81028111095,2019,55400,180700,236100
81028111102,2019,60900,166900,227800
81028111110,2019,65900,159500,225400
81028111128,2019,65900,172900,238800
81028111136,2019,48200,169100,217300
81028111144,2019,85200,158800,244000
81028111152,2019,64900,215400,280300
81028111160,2019,63800,216100,279900
81028111178,2019,65100,229700,294800
81028111186,2019,65100,227300,292400
81028111194,2019,65100,217400,282500
81028111201,2019,65100,172900,238000
81028111219,2019,65100,233600,298700
81028111227,2019,65100,236600,301700
81028111235,2019,65100,130900,196000
81028112019,2019,57200,193800,251000
81028112027,2019,51600,127500,179100
81028112035,2019,63100,150100,213200
81028112043,2019,58500,152100,210600
81028112051,2019,60400,163500,223900
81028112069,2019,56100,139000,195100
81028112077,2019,55600,160200,215800
81028112085,2019,60900,151100,212000
81028112093,2019,59400,163000,222400
81028112100,2019,61400,159100,220500
81028112118,2019,60900,156300,217200
81028112126,2019,60900,161000,221900
81028112134,2019,60900,188700,249600
81028112142,2019,65900,177800,243700
81028112150,2019,57300,168200,225500
81028112168,2019,60900,183200,244100
81028112176,2019,54600,143300,197900
81028112184,2019,59200,150400,209600
81028112192,2019,59200,167300,226500
81028112209,2019,57100,178000,235100
81028112217,2019,56900,172500,229400
81028112225,2019,56900,193100,250000
81028112233,2019,56900,154300,211200
81028112241,2019,56900,142100,199000
81028113017,2019,59200,182900,242100
81028113025,2019,57100,166300,223400
81028113033,2019,57100,174800,231900
81028113041,2019,57100,167400,224500
81028113059,2019,57100,156900,214000
81028113067,2019,0,0,0
81028113075,2019,61800,230300,292100
81028113083,2019,73000,188800,261800
81028113091,2019,85700,176500,262200
81028113108,2019,66000,189800,255800
81028113116,2019,55600,207800,263400
81028113124,2019,55600,241800,297400
81028113132,2019,68000,179400,247400
81028113140,2019,73500,212200,285700
81028113158,2019,78800,161200,240000
81028113166,2019,64900,186300,251200
81028113174,2019,60900,217000,277900
81028113182,2019,60900,213900,274800
81028113190,2019,65100,233900,299000
81028113207,2019,57100,236200,293300
81028113215,2019,76000,230700,306700
81028113223,2019,73600,215100,288700
81028113231,2019,64900,218500,283400
81028113249,2019,65900,261000,326900
81028113257,2019,62200,244800,307000
81028113265,2019,61800,218000,279800
81028113273,2019,66100,213200,279300
81028113281,2019,69700,172900,242600
81028113299,2019,69100,184700,253800
81028113306,2019,63700,233700,297400
81028113314,2019,72800,250800,323600
81028113322,2019,68400,217900,286300
81028113330,2019,72400,211200,283600
81028113348,2019,75200,162300,237500
81028113356,2019,59200,224900,284100
81028113364,2019,63700,179800,243500
81028114015,2019,60900,132500,193400
81028114023,2019,58500,136200,194700
81028114031,2019,57100,128100,185200
81028114049,2019,57100,154100,211200
81028114057,2019,57100,148700,205800
81028114065,2019,57100,154300,211400
81028114073,2019,57100,143200,200300
81028114081,2019,57200,130400,187600
81028114099,2019,57200,141400,198600
81028114106,2019,59400,139700,199100
81028114114,2019,57300,151700,209000
81028114122,2019,56200,190900,247100
81028114130,2019,56200,174100,230300
81028114148,2019,55800,172500,228300
81028114156,2019,54900,147900,202800
81028114180,2019,45400,117500,162900
81028115013,2019,59200,190700,249900
81028115021,2019,57100,162000,219100
81028115039,2019,57100,154400,211500
81028115047,2019,57100,157100,214200
81028115055,2019,57100,189800,246900
81028116011,2019,56900,159100,216000
81028116029,2019,56900,164800,221700
81028116037,2019,57300,177100,234400
81028116045,2019,56100,163100,219200
81028116053,2019,59200,148100,207300
81028116061,2019,0,0,0
81028116079,2019,57300,184200,241500
81028116087,2019,59200,186700,245900
81028116095,2019,63700,133900,197600
81028116102,2019,57200,178600,235800
81028116110,2019,63700,180000,243700
81028116128,2019,58100,236200,294300
81028116136,2019,57200,150500,207700
81028116144,2019,60500,126300,186800
81028401016,2019,51600,154400,206000
81028401024,2019,54900,143100,198000
81028402014,2019,66400,117800,184200
81028402022,2019,61400,144100,205500
81028402030,2019,57100,113000,170100
81028402048,2019,57100,121500,178600
81028402056,2019,58500,127700,186200
81028402064,2019,57100,114300,171400
81028402072,2019,57100,121700,178800
81028402080,2019,56100,108400,164500
81028402098,2019,57100,113000,170100
81028402105,2019,60100,134400,194500
81028402113,2019,60100,116800,176900
81028402121,2019,60100,127400,187500
81028402139,2019,63400,129700,193100
81028403012,2019,63000,123500,186500
81028403020,2019,60900,102000,162900
81028403038,2019,60900,150800,211700
81028403046,2019,57100,146500,203600
81028403054,2019,47700,126400,174100
81028403062,2019,52100,133600,185700
81028403070,2019,52100,125000,177100
81028403088,2019,49000,119900,168900
81028403096,2019,61400,131400,192800
81028403103,2019,57200,108500,165700
81028403111,2019,56900,137300,194200
81028403129,2019,57100,126600,183700
81028403137,2019,57200,139500,196700
81028403145,2019,54600,122700,177300
81028403153,2019,57200,152800,210000
81028404119,2019,59200,153800,213000
81028404127,2019,59200,136200,195400
81028404135,2019,59200,134200,193400
81028404143,2019,59200,119400,178600
81028404151,2019,55600,136700,192300
81028404169,2019,59200,145600,204800
81028404177,2019,59200,162800,222000
81028404185,2019,59200,167300,226500
81028404193,2019,59200,141500,200700
81028404218,2019,59400,161600,221000
81028404226,2019,59400,164000,223400
81028406058,2019,45800,150400,196200
81028406066,2019,45800,128500,174300
81028406074,2019,44900,129500,174400
81030100929,2019,342500,110200,452700
81030202139,2019,0,0,0
81030202147,2019,0,0,0
81030202155,2019,0,0,0
81030202163,2019,0,0,0
81030203046,2019,84700,155100,239800
81030203054,2019,84700,88100,172800
81030203062,2019,84700,107100,191800
81030203070,2019,84700,98200,182900
81030203088,2019,60500,106300,166800
81030203096,2019,48000,130200,178200
81030203103,2019,55400,124700,180100
81030203111,2019,49000,154500,203500
81030203129,2019,46800,121500,168300
81030203137,2019,48000,107200,155200
81030203145,2019,48000,119400,167400
81030203153,2019,46800,120200,167000
81030203161,2019,48000,118600,166600
81030203179,2019,47600,139300,186900
81030203187,2019,48700,108500,157200
81030203195,2019,48700,112500,161200
81030203202,2019,47800,157000,204800
81030203210,2019,47800,120300,168100
81030203228,2019,47800,122200,170000
81030203236,2019,48000,128900,176900
81030204010,2019,48700,112500,161200
81030204028,2019,48200,126900,175100
81030204036,2019,48200,162200,210400
81030204044,2019,48200,164900,213100
81030204052,2019,48200,147300,195500
81030204060,2019,48200,146600,194800
81030204078,2019,48200,111200,159400
81030204086,2019,48200,123000,171200
81030204094,2019,48200,131100,179300
81030204101,2019,48200,170600,218800
81030204119,2019,47000,127500,174500
81030204127,2019,48200,107800,156000
81030204135,2019,55600,123700,179300
81030204143,2019,56500,97800,154300
81030204151,2019,53700,108600,162300
81030204169,2019,59500,123300,182800
81030204177,2019,51800,110700,162500
81030204185,2019,49600,116800,166400
81030204193,2019,49400,129700,179100
81030204200,2019,49400,111500,160900
81030204218,2019,49000,118300,167300
81030204226,2019,49000,110500,159500
81030204234,2019,49000,109500,158500
81030204242,2019,49000,107600,156600
81030204250,2019,49000,117900,166900
81030204268,2019,48700,114300,163000
81030204276,2019,48700,115600,164300
81030204284,2019,48200,104600,152800
81030204292,2019,48700,121400,170100
81030205018,2019,47500,132500,180000
81030205026,2019,48200,122900,171100
81030205034,2019,48200,140300,188500
81030205042,2019,48200,133300,181500
81030205050,2019,48200,117300,165500
81030205068,2019,48200,104800,153000
81030205076,2019,48200,115200,163400
81030205084,2019,48200,106000,154200
81030205092,2019,48200,116100,164300
81030205109,2019,47000,115000,162000
81030205117,2019,48200,152400,200600
81030205125,2019,18000,93400,111400
81030205133,2019,49000,148600,197600
81030205141,2019,53800,149500,203300
81030205159,2019,49800,118300,168100
81030205167,2019,49600,127600,177200
81030205175,2019,52800,108200,161000
81030205183,2019,49000,123200,172200
81030205191,2019,48000,130300,178300
81030205208,2019,48000,111400,159400
81030205216,2019,48000,98400,146400
81030205224,2019,48000,121000,169000
81030205232,2019,48000,140000,188000
81030205240,2019,46200,100200,146400
81030205258,2019,53800,113600,167400
81030205266,2019,83500,110800,194300
81030205274,2019,46600,108400,155000
81030205282,2019,55200,118700,173900
81030205290,2019,32200,133500,165700
81030205307,2019,54300,121200,175500
81030205315,2019,54200,118500,172700
81030205323,2019,53800,115200,169000
81030205331,2019,53800,107800,161600
81030205349,2019,53700,110500,164200
81030205357,2019,53500,152200,205700
81030205365,2019,53400,126100,179500
81030205373,2019,51100,112400,163500
81030205381,2019,54200,106500,160700
81030205399,2019,52800,125500,178300
81030205406,2019,52800,120600,173400
81030205414,2019,52800,120500,173300
81030205422,2019,52800,109000,161800
81030205430,2019,52800,109800,162600
81030205448,2019,52800,96000,148800
81030205456,2019,52800,124200,177000
81030205464,2019,52800,137800,190600
81030205472,2019,52800,104300,157100
81030205480,2019,52800,118000,170800
81030205498,2019,52800,144200,197000
81030205505,2019,52400,157600,210000
81030206016,2019,53700,126500,180200
81030206024,2019,55400,89600,145000
81030206032,2019,55400,120400,175800
81030206040,2019,55400,118000,173400
81030206058,2019,55400,115300,170700
81030206066,2019,55400,127700,183100
81030206074,2019,55400,106900,162300
81030206082,2019,55400,141100,196500
81030206090,2019,55400,122100,177500
81030206107,2019,55200,102500,157700
81030206115,2019,56500,135700,192200
81030206123,2019,54700,133400,188100
81030206131,2019,54700,132200,186900
81030206149,2019,54700,121600,176300
81030206157,2019,36600,54400,91000
81030206165,2019,54700,131500,186200
81030206173,2019,54700,120500,175200
81030206181,2019,54700,118700,173400
81030206199,2019,54700,109000,163700
81030206206,2019,57600,102500,160100
81030209010,2019,50600,108100,158700
81030209028,2019,57100,104100,161200
81030209036,2019,57100,116300,173400
81030209044,2019,57100,119800,176900
81030209052,2019,57100,116500,173600
81030209060,2019,57100,116600,173700
81030209078,2019,57100,129800,186900
81030209086,2019,57100,101700,158800
81030209094,2019,57100,125800,182900
81030209101,2019,53500,136600,190100
81030209119,2019,65000,118200,183200
81030209127,2019,53800,100700,154500
81030209135,2019,53800,124600,178400
81030209143,2019,53800,131300,185100
81030209151,2019,53800,106300,160100
81030209169,2019,53800,136100,189900
81030209177,2019,53800,118500,172300
81030209185,2019,53800,108900,162700
81030209193,2019,53800,131900,185700
81030209200,2019,51700,119500,171200
81030210017,2019,52800,115700,168500
81030210025,2019,53800,108200,162000
81030210033,2019,53800,120900,174700
81030210041,2019,53800,113800,167600
81030210059,2019,53800,135000,188800
81030210067,2019,53800,107000,160800
81030210075,2019,53800,129300,183100
81030210083,2019,53700,109400,163100
81030210091,2019,53400,113200,166600
81030210108,2019,55200,105800,161000
81030210116,2019,49000,126200,175200
81030210124,2019,53400,156500,209900
81030210132,2019,55400,130800,186200
81030210140,2019,52800,155200,208000
81030210158,2019,52800,132200,185000
81030210166,2019,52800,136400,189200
81030210174,2019,52800,121900,174700
81030210182,2019,52800,117000,169800
81030210190,2019,52800,137400,190200
81030210207,2019,52800,126900,179700
81030210215,2019,51700,127000,178700
81030211015,2019,57800,145600,203400
81030211023,2019,51700,151500,203200
81030211031,2019,68900,110100,179000
81030211049,2019,61600,128700,190300
81030211057,2019,80500,143200,223700
81030211065,2019,40600,104300,144900
81030211073,2019,47800,133900,181700
81030211081,2019,47800,140700,188500
81030211099,2019,47800,151600,199400
81030211106,2019,60800,127700,188500
81030211114,2019,55600,100300,155900
81030211122,2019,51700,118400,170100
81030211130,2019,52400,123100,175500
81030211148,2019,52400,123700,176100
81030212013,2019,57100,114900,172000
81030212021,2019,45600,130800,176400
81030212039,2019,45600,86400,132000
81030212047,2019,45600,113500,159100
81030212055,2019,45600,120400,166000
81030212063,2019,45600,122900,168500
81030212071,2019,45600,145600,191200
81030212089,2019,45600,157000,202600
81030212097,2019,45600,137000,182600
81030212104,2019,48200,117000,165200
81030212112,2019,45600,140400,186000
81030212120,2019,45600,133900,179500
81030212138,2019,45600,134400,180000
81030212146,2019,45600,118800,164400
81030212154,2019,45600,169400,215000
81030212162,2019,40700,123300,164000
81030213037,2019,45600,175800,221400
81030213045,2019,45600,120400,166000
81030213053,2019,48200,121800,170000
81030213061,2019,48200,126100,174300
81030213079,2019,48200,126500,174700
81030213087,2019,48200,148000,196200
81030213095,2019,48200,113100,161300
81030213102,2019,48200,119100,167300
81030213110,2019,48200,145300,193500
81030213128,2019,48200,118100,166300
81030213136,2019,45600,117000,162600
81030213144,2019,41800,145800,187600
81030216023,2019,0,0,0
81030216031,2019,0,0,0
81030216049,2019,0,0,0
81030216057,2019,0,0,0
81030301030,2019,68300,212500,280800
81030301048,2019,68300,163200,231500
81030301056,2019,68300,158100,226400
81030301064,2019,68300,178800,247100
81030302020,2019,61900,155100,217000
81030302038,2019,68300,176000,244300
81030302046,2019,68300,156400,224700
81030302054,2019,68300,161200,229500
81030302062,2019,68300,175000,243300
81030302070,2019,68300,200200,268500
81030302088,2019,68300,175000,243300
81030302096,2019,68300,160700,229000
81030302103,2019,68300,136700,205000
81030302111,2019,68300,156200,224500
81030302129,2019,68300,177600,245900
81030302137,2019,68300,167100,235400
81030303010,2019,64900,189500,254400
81030303028,2019,65000,167800,232800
81030303036,2019,64900,148800,213700
81030303044,2019,67900,169100,237000
81030303052,2019,70100,167900,238000
81030303060,2019,52800,116900,169700
81030303078,2019,53800,191400,245200
81030303086,2019,58000,180400,238400
81030303094,2019,58000,159700,217700
81030303101,2019,58000,188000,246000
81030303119,2019,58000,165300,223300
81030303127,2019,58000,162200,220200
81030303135,2019,68900,176700,245600
81030303143,2019,68800,165700,234500
81030303151,2019,74900,217600,292500
81030303169,2019,73000,186600,259600
81030303177,2019,70300,181600,251900
81030303185,2019,69200,180300,249500
81030303193,2019,70000,178200,248200
81030304018,2019,67900,183800,251700
81030304026,2019,68800,192100,260900
81030304034,2019,68600,153500,222100
81030304042,2019,68600,168400,237000
81030304050,2019,68600,165900,234500
81030304068,2019,68600,152200,220800
81030304076,2019,68600,146700,215300
81030304084,2019,68600,200700,269300
81030304092,2019,68600,167100,235700
81030304109,2019,68600,156000,224600
81030304117,2019,68600,135100,203700
81030304125,2019,68000,181500,249500
81030304133,2019,68000,145500,213500
81030304141,2019,66000,148000,214000
81030304159,2019,65900,199900,265800
81030304167,2019,70000,182500,252500
81030304175,2019,68500,119700,188200
81030304183,2019,68500,164800,233300
81030304191,2019,68500,164900,233400
81030304208,2019,68500,203500,272000
81030304216,2019,68500,147300,215800
81030304224,2019,65800,160000,225800
81030304232,2019,67900,154600,222500
81030304240,2019,67900,171700,239600
81030304258,2019,67900,150500,218400
81030304266,2019,67900,189800,257700
81030304274,2019,65900,232200,298100
81030304282,2019,67900,141800,209700
81030305016,2019,69300,174000,243300
81030305024,2019,68500,181000,249500
81030305032,2019,68500,189000,257500
81030305040,2019,68500,166800,235300
81030305058,2019,68500,208400,276900
81030305066,2019,70000,165300,235300
81030305074,2019,58000,196900,254900
81030305082,2019,58000,183000,241000
81030305090,2019,58000,154100,212100
81030305107,2019,58000,162300,220300
81030305115,2019,58000,148700,206700
81030305123,2019,58000,154100,212100
81030305131,2019,57400,170900,228300
81030306014,2019,69200,126200,195400
81030306022,2019,52500,154900,207400
81030306030,2019,52800,185600,238400
81030306048,2019,52800,172200,225000
81030306056,2019,52800,164900,217700
81030306064,2019,52800,139400,192200
81030306072,2019,52800,156800,209600
81030306080,2019,52500,146800,199300
81030306098,2019,52500,145600,198100
81030306105,2019,52500,146800,199300
81030306113,2019,52500,177600,230100
81030306121,2019,52500,161500,214000
81030306139,2019,57200,135400,192600
81030306147,2019,67400,186500,253900
81030306155,2019,67800,157200,225000
81030306163,2019,70400,159000,229400
81030306171,2019,66900,150100,217000
81030306189,2019,69200,149200,218400
81030306197,2019,68500,208600,277100
81030306204,2019,68500,150300,218800
81030306212,2019,68500,176700,245200
81030306220,2019,68500,143600,212100
81030307012,2019,62400,154400,216800
81030307020,2019,62400,182200,244600
81030307038,2019,62700,149600,212300
81030307046,2019,54300,153200,207500
81030307054,2019,58900,128500,187400
81030307062,2019,66900,140300,207200
81030307070,2019,53800,138200,192000
81030307088,2019,57500,139700,197200
81030307096,2019,61700,161000,222700
81030307103,2019,61700,136800,198500
81030307111,2019,61700,144200,205900
81030307129,2019,61700,165000,226700
81030307137,2019,61700,136700,198400
81030307145,2019,61700,139200,200900
81030307153,2019,61700,145500,207200
81030307161,2019,61700,155500,217200
81030307179,2019,61700,146600,208300
81030307187,2019,61700,150400,212100
81030307195,2019,61700,143000,204700
81030307202,2019,59800,130700,190500
81030307210,2019,59800,132700,192500
81030307228,2019,59800,142800,202600
81030307236,2019,59800,149800,209600
81030307244,2019,59800,136800,196600
81030307252,2019,59800,118600,178400
81030307260,2019,59800,135200,195000
81030307278,2019,59800,137400,197200
81030307286,2019,59800,131900,191700
81030307294,2019,59800,133500,193300
81030307301,2019,59800,152300,212100
81030307319,2019,59800,149800,209600
81030307327,2019,59800,149200,209000
81030307335,2019,59800,150000,209800
81030307343,2019,54700,138600,193300
81030308010,2019,63100,165700,228800
81030308028,2019,62000,141600,203600
81030308036,2019,61700,117800,179500
81030308044,2019,62000,136400,198400
81030308052,2019,62000,118000,180000
81030308060,2019,63100,118800,181900
81030308078,2019,62000,106400,168400
81030308086,2019,62000,135000,197000
81030308094,2019,64700,190300,255000
81030308101,2019,64700,152300,217000
81030308119,2019,64700,184800,249500
81030308127,2019,64700,156900,221600
81030308135,2019,58600,157000,215600
81030308143,2019,64700,151800,216500
81030308151,2019,64700,159900,224600
81030309018,2019,59800,142600,202400
81030309026,2019,58700,147600,206300
81030309034,2019,61300,140400,201700
81030309042,2019,59600,167800,227400
81030309050,2019,59600,137800,197400
81030309068,2019,59600,140100,199700
81030309076,2019,59600,163300,222900
81030309084,2019,59600,140100,199700
81030309092,2019,64700,171600,236300
81030309109,2019,64700,148600,213300
81030309117,2019,64700,173700,238400
81030309125,2019,64700,135400,200100
81030309133,2019,64700,148700,213400
81030309141,2019,59600,130200,189800
81030310015,2019,74000,108200,182200
81030310023,2019,61600,108100,169700
81030310031,2019,61600,143000,204600
81030310049,2019,59600,129500,189100
81030310057,2019,59600,177400,237000
81030310065,2019,59600,160100,219700
81030310073,2019,59600,154700,214300
81030310081,2019,59600,183700,243300
81030310099,2019,59600,170900,230500
81030310106,2019,59600,160300,219900
81030310114,2019,59600,170500,230100
81030310122,2019,59600,171100,230700
81030310130,2019,64000,143200,207200
81030310148,2019,66300,155200,221500
81030311013,2019,61300,176200,237500
81030311021,2019,61300,139100,200400
81030311039,2019,61300,182700,244000
81030311047,2019,61300,145000,206300
81030311055,2019,59800,126000,185800
81030311063,2019,61300,145500,206800
81030311071,2019,61300,117100,178400
81030311089,2019,61700,131000,192700
81030311097,2019,57400,146900,204300
81030311104,2019,63100,131400,194500
81030311112,2019,63100,126800,189900
81030311120,2019,63100,215100,278200
81030311138,2019,62000,138300,200300
81030311146,2019,61700,159500,221200
81030311154,2019,63100,164100,227200
81030311162,2019,61700,133100,194800
81030311170,2019,62700,170600,233300
81030312011,2019,57600,172000,229600
81030312029,2019,58000,125000,183000
81030312037,2019,57500,173200,230700
81030312045,2019,58700,140500,199200
81030312053,2019,58700,134100,192800
81030312061,2019,57500,168500,226000
81030312079,2019,58700,146500,205200
81030312087,2019,58000,135500,193500
81030312095,2019,58700,167900,226600
81030312102,2019,58000,134500,192500
81030312110,2019,58700,122200,180900
81030312128,2019,58000,125500,183500
81030312136,2019,66900,145200,212100
81030312144,2019,57500,150500,208000
81030312152,2019,57000,177900,234900
81030312160,2019,57000,104500,161500
81030312219,2019,57500,154100,211600
81030312227,2019,56000,108000,164000
81030312235,2019,56000,110500,166500
81030312243,2019,56000,130900,186900
81030312251,2019,56000,139800,195800
81030312269,2019,56000,142700,198700
81030312277,2019,56000,143700,199700
81030312285,2019,56000,133900,189900
81030312293,2019,56000,149500,205500
81030312300,2019,56000,142800,198800
81030312318,2019,56000,131900,187900
81030312326,2019,56000,150200,206200
81030312334,2019,56000,179100,235100
81030312342,2019,56000,138600,194600
81030312350,2019,53600,240700,294300
81030313019,2019,53800,124100,177900
81030313027,2019,54300,116000,170300
81030313035,2019,53700,144400,198100
81030313051,2019,52700,139000,191700
81030313069,2019,53700,81000,134700
81030313077,2019,56000,131100,187100
81030313085,2019,56000,148500,204500
81030314017,2019,58700,118500,177200
81030314025,2019,58700,145300,204000
81030314033,2019,57500,148000,205500
81030314041,2019,58000,118800,176800
81030314059,2019,58700,164900,223600
81030314067,2019,58700,143400,202100
81030314075,2019,58700,135900,194600
81030314083,2019,58700,128300,187000
81030314091,2019,58000,152100,210100
81030314108,2019,57600,133000,190600
81030314116,2019,58700,198500,257200
81030314124,2019,57600,122300,179900
81030314132,2019,57500,163000,220500
81030314140,2019,57600,142100,199700
81030314158,2019,57600,157700,215300
81030314166,2019,58700,130300,189000
81030314174,2019,57500,129200,186700
81030314182,2019,57500,153800,211300
81030314190,2019,57500,108500,166000
81030314207,2019,58700,176800,235500
81030314215,2019,58700,152800,211500
81030314223,2019,55800,206200,262000
81030314231,2019,51300,127600,178900
81030314249,2019,57500,108500,166000
81030314257,2019,57500,134000,191500
81030314265,2019,65200,130600,195800
81030315015,2019,61300,137400,198700
81030315023,2019,61300,140700,202000
81030315031,2019,61300,151600,212900
81030315049,2019,59000,155500,214500
81030315057,2019,59800,127300,187100
81030315065,2019,59800,159800,219600
81030315073,2019,61300,148900,210200
81030315081,2019,61300,139500,200800
81030315099,2019,61300,175700,237000
81030315106,2019,61300,195700,257000
81030315114,2019,56400,127000,183400
81030315122,2019,61300,98200,159500
81030315130,2019,59000,104500,163500
81030315148,2019,61300,111500,172800
81030315156,2019,59800,135200,195000
81030315164,2019,59000,136400,195400
81030315172,2019,59800,134900,194700
81030315180,2019,59800,112300,172100
81030316013,2019,62600,106400,169000
81030316021,2019,71000,147700,218700
81030316055,2019,81100,142700,223800
81030316063,2019,61300,143300,204600
81030316071,2019,61300,136300,197600
81030316089,2019,61300,152600,213900
81030316097,2019,59800,149900,209700
81030316104,2019,59000,158200,217200
81030316112,2019,59800,146100,205900
81030316120,2019,61300,119600,180900
81030316138,2019,61300,146000,207300
81030316146,2019,51700,139200,190900
81030316170,2019,62600,130000,192600
81030316188,2019,62600,126400,189000
81030317011,2019,54100,192000,246100
81030317029,2019,56000,109000,165000
81030317037,2019,56000,118600,174600
81030317053,2019,63600,122600,186200
81030317061,2019,53800,139500,193300
81030317079,2019,51200,123200,174400
81030317095,2019,34300,133200,167500
81030317128,2019,69200,144200,213400
81030317136,2019,69200,175600,244800
81030317144,2019,68800,132100,200900
81030317152,2019,59200,157000,216200
81030317160,2019,77000,122300,199300
81030317178,2019,84800,113000,197800
81030317186,2019,54300,150800,205100
81030317201,2019,56000,138600,194600
81030317219,2019,56000,138300,194300
81030317227,2019,56000,142000,198000
81030317235,2019,56000,168000,224000
81030317243,2019,56000,135500,191500
81030317251,2019,56000,142400,198400
81030317269,2019,56000,136100,192100
81030317277,2019,56000,149100,205100
81030317285,2019,56000,165900,221900
81030317293,2019,56000,144100,200100
81030317300,2019,56000,124000,180000
81030317318,2019,56000,156000,212000
81030317326,2019,56000,126600,182600
81030317334,2019,56000,121800,177800
81030317342,2019,56000,125700,181700
81030317350,2019,56000,179400,235400
81031201057,2019,39400,148000,187400
81031201065,2019,39900,116100,156000
81031201073,2019,39800,159100,198900
81031201081,2019,58700,147000,205700
81031201099,2019,38600,149800,188400
81031201106,2019,38700,249800,288500
81031201114,2019,39900,131000,170900
81031201122,2019,39800,102400,142200
81031201130,2019,39900,146700,186600
81031201148,2019,48600,165100,213700
81031201156,2019,48800,158400,207200
81031201164,2019,48600,126000,174600
81031201172,2019,48600,163500,212100
81031201180,2019,48600,162200,210800
81031201198,2019,45900,139000,184900
81031202013,2019,51300,160800,212100
81031202021,2019,51300,173300,224600
81031202039,2019,52100,144000,196100
81031202047,2019,52100,160500,212600
81031202055,2019,51300,141900,193200
81031202063,2019,51300,110800,162100
81031202071,2019,52100,142600,194700
81031202089,2019,52100,128800,180900
81031202097,2019,49300,134000,183300
81031202104,2019,55300,163100,218400
81031202112,2019,46900,197700,244600
81031202138,2019,87900,187100,275000
81031202146,2019,39900,150600,190500
81031202188,2019,39900,149400,189300
81031203037,2019,48100,123800,171900
81031203045,2019,39800,113200,153000
81031203053,2019,39900,147900,187800
81031203061,2019,39800,147500,187300
81031203079,2019,39800,105200,145000
81031203087,2019,40600,134000,174600
81031203095,2019,39800,113300,153100
81031203102,2019,39900,159900,199800
81031203110,2019,39800,114800,154600
81031203128,2019,39900,164700,204600
81031203136,2019,39900,128500,168400
81031203144,2019,58700,151800,210500
81031203152,2019,39900,144100,184000
81031203160,2019,39900,112100,152000
81031203178,2019,39900,107100,147000
81031203201,2019,54600,156300,210900
81031204019,2019,52300,141900,194200
81031204027,2019,39900,158500,198400
81031204035,2019,40600,167700,208300
81031204043,2019,39900,167300,207200
81031204051,2019,39900,143000,182900
81031204069,2019,39900,147200,187100
81031204077,2019,39900,112800,152700
81031204085,2019,51200,159600,210800
81031204100,2019,51200,133700,184900
81031204118,2019,39900,147800,187700
81031204126,2019,39900,141700,181600
81031204134,2019,40600,138200,178800
81031204142,2019,39900,134300,174200
81031204150,2019,39900,79900,119800
81031204168,2019,39800,118900,158700
81031204176,2019,39800,116700,156500
81031204184,2019,39800,183600,223400
81031204192,2019,39800,105700,145500
81031204209,2019,40600,177800,218400
81031204217,2019,39900,151100,191000
81031204233,2019,59200,123900,183100
81031204241,2019,52100,151400,203500
81031205017,2019,30300,121500,151800
81031205025,2019,38100,165600,203700
81031205041,2019,36300,118300,154600
81031205059,2019,37300,170700,208000
81031205067,2019,36300,148700,185000
81031205075,2019,36300,119700,156000
81031205083,2019,36300,113500,149800
81031205091,2019,36300,105900,142200
81031205108,2019,32300,111900,144200
81031205116,2019,43000,93500,136500
81031205124,2019,42200,172800,215000
81031205132,2019,49300,132900,182200
81031205140,2019,33200,101800,135000
81031205158,2019,39900,142500,182400
81031205166,2019,40600,85400,126000
81031205174,2019,40600,65400,106000
81031205182,2019,39900,107400,147300
81031205190,2019,40600,128400,169000
81031205207,2019,39800,133100,172900
81031205215,2019,39900,97500,137400
81031205223,2019,38600,134700,173300
81031205231,2019,39800,133500,173300
81031205249,2019,52300,126100,178400
81031206015,2019,50600,148300,198900
81031206031,2019,51300,144300,195600
81031206049,2019,49800,180300,230100
81031206057,2019,64900,97300,162200
81031206065,2019,54300,111100,165400
81031206073,2019,36300,160300,196600
81031206081,2019,35200,142000,177200
81031206099,2019,36300,141000,177300
81031206106,2019,36300,174100,210400
81031206114,2019,36300,168600,204900
81031206122,2019,54000,165100,219100
81031206130,2019,54000,182700,236700
81031206148,2019,54000,170600,224600
81031206156,2019,54000,147600,201600
81031206164,2019,39800,107600,147400
81031206172,2019,48400,157500,205900
81031207013,2019,51300,135700,187000
81031207021,2019,49800,192300,242100
81031207039,2019,36300,100700,137000
81031207047,2019,36200,113100,149300
81031207063,2019,36300,151000,187300
81031207071,2019,35200,134900,170100
81031207089,2019,25900,123900,149800
81031207097,2019,39900,170200,210100
81031207104,2019,39900,166300,206200
81031207112,2019,39900,155500,195400
81031207138,2019,39300,110500,149800
81031207146,2019,39900,147900,187800
81031207154,2019,49300,113100,162400
81031207170,2019,39800,140300,180100
81031207188,2019,39800,144600,184400
81031207196,2019,39800,85200,125000
81031207203,2019,39800,83300,123100
81031207211,2019,36300,113500,149800
81031207229,2019,30200,87700,117900
81031207237,2019,39900,163500,203400
81031207245,2019,22800,133300,156100
81031208011,2019,43700,108500,152200
81031208029,2019,39800,160900,200700
81031208037,2019,35700,140000,175700
81031208045,2019,36200,138700,174900
81031208053,2019,36200,80600,116800
81031208061,2019,36200,116900,153100
81031208079,2019,36200,66100,102300
81031208095,2019,53400,133700,187100
81031208102,2019,36200,101800,138000
81031208110,2019,36200,88800,125000
81031208128,2019,39800,130000,169800
81031208136,2019,43700,116400,160100
81031208144,2019,39900,110500,150400
81031208152,2019,39800,93200,133000
81031208160,2019,39900,149200,189100
81031208178,2019,39800,148500,188300
81031208186,2019,39800,142700,182500
81031208194,2019,39900,142500,182400
81031208201,2019,39900,116100,156000
81031208219,2019,39800,113500,153300
81031208227,2019,39900,102300,142200
81031208235,2019,43700,114700,158400
81031209019,2019,56200,170900,227100
81031209027,2019,67400,81900,149300
81031209035,2019,34900,123600,158500
81031209043,2019,49800,174800,224600
81031209051,2019,50200,144800,195000
81031209069,2019,49800,164400,214200
81031209085,2019,62300,167200,229500
81031209093,2019,64000,120700,184700
81031209100,2019,64400,141600,206000
81031209118,2019,43900,155400,199300
81031209126,2019,42400,146700,189100
81031209134,2019,53800,128700,182500
81031209142,2019,56200,167900,224100
81031209150,2019,67400,131300,198700
81031209168,2019,67400,90800,158200
81031209176,2019,67100,145900,213000
81031209184,2019,66300,126800,193100
81031209192,2019,64400,122300,186700
81031209209,2019,64400,128900,193300
81031209217,2019,64400,167000,231400
81031209267,2019,63700,112900,176600
81031210016,2019,38500,87400,125900
81031210024,2019,38100,110800,148900
81031210032,2019,56100,111900,168000
81031210040,2019,52300,107700,160000
81031210058,2019,52300,137100,189400
81031210066,2019,38500,125100,163600
81031210074,2019,38500,116500,155000
81031210090,2019,38100,115000,153100
81031210107,2019,38100,68400,106500
81031210115,2019,38100,87800,125900
81031210123,2019,54500,177600,232100
81031210157,2019,38400,89900,128300
81031210165,2019,42400,79600,122000
81031210173,2019,42400,140100,182500
81031210181,2019,41100,168000,209100
81031210214,2019,42400,141500,183900
81031210222,2019,42400,143400,185800
81031210230,2019,40700,171100,211800
81031210248,2019,42400,124400,166800
81031210256,2019,41900,153900,195800
81031210264,2019,42400,107300,149700
81031210298,2019,41900,166000,207900
81031210305,2019,42400,88600,131000
81031210313,2019,41900,156300,198200
81031211022,2019,55900,159400,215300
81031211030,2019,56200,203100,259300
81031211048,2019,43000,72500,115500
81031211072,2019,41900,99200,141100
81031211080,2019,41400,127200,168600
81031211098,2019,40600,138200,178800
81031211105,2019,40600,137600,178200
81031211113,2019,40600,120000,160600
81031211155,2019,34000,109500,143500
81031211189,2019,48600,128000,176600
81031211197,2019,48600,116300,164900
81031211204,2019,48800,177200,226000
81031211212,2019,44900,135800,180700
81031211220,2019,43800,164100,207900
81031211238,2019,43700,133100,176800
81031211246,2019,43800,96000,139800
81031211270,2019,43800,117300,161100
81031211288,2019,43800,100400,144200
81031212012,2019,45300,164600,209900
81031212020,2019,35800,118500,154300
81031212038,2019,37600,108200,145800
81031212046,2019,36900,98300,135200
81031212062,2019,44400,110800,155200
81031212070,2019,36900,76800,113700
81031212088,2019,36900,18700,55600
81031212096,2019,50700,84300,135000
81031212111,2019,36900,109500,146400
81031212129,2019,36900,114700,151600
81031212137,2019,36900,123600,160500
81031212145,2019,37600,98000,135600
81031212153,2019,37600,126800,164400
81031212161,2019,37600,172900,210500
81031212179,2019,37600,112200,149800
81031212187,2019,37600,73300,110900
81031212195,2019,37600,114000,151600
81031212202,2019,50800,144600,195400
81031212210,2019,50700,88500,139200
81031212236,2019,36900,123600,160500
81031212244,2019,36900,113100,150000
81031212252,2019,36900,146100,183000
81031212260,2019,36900,89000,125900
81031212286,2019,36300,112900,149200
81031212294,2019,36900,77400,114300
81031212301,2019,35800,172900,208700
81031212335,2019,36900,70500,107400
81031212343,2019,36900,100500,137400
81031212351,2019,37600,119500,157100
81031212369,2019,40800,110800,151600
81031213010,2019,38500,85200,123700
81031213028,2019,38100,189900,228000
81031213036,2019,38100,57600,95700
81031213044,2019,38500,119900,158400
81031213052,2019,38100,131100,169200
81031213060,2019,38500,96700,135200
81031213078,2019,38100,87800,125900
81031213086,2019,38500,67600,106100
81031213094,2019,38500,148500,187000
81031213101,2019,38100,119100,157200
81031213119,2019,38500,91000,129500
81031213127,2019,38100,126500,164600
81031213135,2019,38100,133700,171800
81031213143,2019,38100,111600,149700
81031213151,2019,34900,110900,145800
81031213177,2019,38100,148500,186600
81031213185,2019,38100,148300,186400
81031213193,2019,56100,125500,181600
81031213200,2019,38100,121700,159800
81031213218,2019,38100,112900,151000
81031213234,2019,38500,76500,115000
81031213242,2019,38500,89700,128200
81031213250,2019,38100,110100,148200
81031213268,2019,56100,108300,164400
81031213276,2019,38100,125400,163500
81031214018,2019,43700,149200,192900
81031214026,2019,39900,155900,195800
81031214034,2019,38100,150700,188800
81031214050,2019,38100,128000,166100
81031214068,2019,38500,122500,161000
81031214076,2019,38100,149000,187100
81031214084,2019,38500,122000,160500
81031214092,2019,38500,134000,172500
81031214109,2019,38100,117700,155800
81031214125,2019,51800,103400,155200
81031214133,2019,40800,121700,162500
81031214141,2019,40800,107500,148300
81031214159,2019,38100,137100,175200
81031214167,2019,38100,143800,181900
81031214175,2019,38500,126100,164600
81031214183,2019,38500,68500,107000
81031214191,2019,38500,98500,137000
81031214208,2019,38100,102700,140800
81031214216,2019,38500,151100,189600
81031214224,2019,38100,108900,147000
81031215040,2019,43400,137800,181200
81031215066,2019,35700,86800,122500
81031215074,2019,35700,69300,105000
81031215082,2019,35800,164200,200000
81031215090,2019,35700,116300,152000
81031215107,2019,35700,132300,168000
81031216022,2019,46600,85300,131900
81031216030,2019,50900,123800,174700
81031216048,2019,45600,124100,169700
81031216056,2019,38100,115900,154000
81031216064,2019,38500,111800,150300
81031216072,2019,36300,148500,184800
81031216080,2019,52300,127500,179800
81031216098,2019,52400,117300,169700
81031216105,2019,36400,132700,169100
81031216121,2019,24300,150700,175000
81031216147,2019,52400,108000,160400
81031216155,2019,38100,155200,193300
81031216163,2019,37000,126200,163200
81031216171,2019,38500,130700,169200
81031216189,2019,38100,104500,142600
81031216197,2019,38100,121700,159800
81031216204,2019,37000,152200,189200
81031217012,2019,40800,144800,185600
81031217020,2019,38500,90900,129400
81031217038,2019,38100,125900,164000
81031217046,2019,56100,149700,205800
81031217054,2019,38100,135000,173100
81031217062,2019,35000,73500,108500
81031217070,2019,56100,114100,170200
81031217088,2019,37000,155500,192500
81031217096,2019,38500,132300,170800
81031217129,2019,38500,83700,122200
81031217137,2019,38100,93400,131500
81031217145,2019,38500,71500,110000
81031217153,2019,38100,83700,121800
81031217161,2019,38500,76300,114800
81031217179,2019,38500,106100,144600
81031217187,2019,38100,114400,152500
81031217195,2019,38100,105700,143800
81031217202,2019,38500,61500,100000
81031217210,2019,38500,102900,141400
81031217228,2019,38500,80800,119300
81031217236,2019,38500,122400,160900
81031218010,2019,43400,111800,155200
81031218028,2019,38100,122100,160200
81031218044,2019,38100,105700,143800
81031218052,2019,38500,92700,131200
81031218060,2019,38100,134600,172700
81031218078,2019,38500,108400,146900
81031218086,2019,38100,100700,138800
81031218094,2019,46600,131200,177800
81031218119,2019,38100,142700,180800
81031218143,2019,38500,200800,239300
81031218151,2019,37000,165200,202200
81031218169,2019,37000,131000,168000
81031218177,2019,38100,80000,118100
81031218193,2019,38100,123600,161700
81031218200,2019,45300,121500,166800
81031219018,2019,43400,82500,125900
81031219026,2019,37600,137600,175200
81031219034,2019,37000,139400,176400
81031219042,2019,38100,129700,167800
81031219050,2019,38100,138100,176200
81031219068,2019,38500,116000,154500
81031219076,2019,38500,116200,154700
81031219084,2019,38100,73200,111300
81031219092,2019,38500,104100,142600
81031219109,2019,38500,128400,166900
81031219117,2019,38100,105300,143400
81031219125,2019,38100,107000,145100
81031219141,2019,60800,97800,158600
81031219159,2019,38100,108800,146900
81031219167,2019,37400,192700,230100
81031219175,2019,37000,156600,193600
81031219183,2019,38100,122100,160200
81031219191,2019,38500,105200,143700
81031219232,2019,43400,148500,191900
81031221039,2019,38500,121300,159800
81031221047,2019,36900,127800,164700
81031221055,2019,34600,171900,206500
81031221063,2019,38100,113500,151600
81031221071,2019,37600,131600,169200
81031221097,2019,63000,139800,202800
81031221104,2019,55700,67900,123600
81031222011,2019,38100,168900,207000
81031222029,2019,53800,162600,216400
81031222045,2019,56100,181900,238000
81031222053,2019,38500,127400,165900
81031222061,2019,38100,155000,193100
81031222079,2019,38100,142900,181000
81031222087,2019,36900,129000,165900
81031222095,2019,67300,134500,201800
81031222102,2019,45400,121500,166900
81031222136,2019,38100,136800,174900
81031222144,2019,38100,132600,170700
81031222152,2019,38500,139400,177900
81031222160,2019,38100,148500,186600
81031222178,2019,38500,123200,161700
81031222186,2019,38700,146100,184800
81031222194,2019,38100,134200,172300
81031222201,2019,38100,156500,194600
81031222219,2019,38100,168300,206400
81031222227,2019,38100,140400,178500
81031222235,2019,38100,131600,169700
81031222243,2019,45600,129300,174900
81031223027,2019,40800,110300,151100
81031223035,2019,38100,135700,173800
81031223043,2019,38100,113000,151100
81031223051,2019,38100,100600,138700
81031223069,2019,38100,129400,167500
81031223077,2019,24200,93600,117800
81031223085,2019,21200,95400,116600
81031223100,2019,38100,151200,189300
81031223118,2019,50900,112800,163700
81031223142,2019,52200,110300,162500
81031223150,2019,52200,118500,170700
81031224075,2019,39100,71800,110900
81031224083,2019,38900,138600,177500
81031224091,2019,39100,131600,170700
81031224108,2019,39100,100000,139100
81031224116,2019,39100,98500,137600
81031224124,2019,39100,83900,123000
81031224140,2019,52400,96300,148700
81031224158,2019,50900,108900,159800
81031224166,2019,39100,84500,123600
81031224174,2019,47400,113600,161000
81031224190,2019,23000,137000,160000
81031224207,2019,47400,115900,163300
81031224215,2019,47400,115900,163300
81031224223,2019,46700,139500,186200
81031224231,2019,46600,116700,163300
81031224273,2019,49600,39000,88600
81031224299,2019,53000,79400,132400
81031224306,2019,49600,48400,98000
81031224314,2019,22500,23000,45500
81031224322,2019,53300,129800,183100
81031224330,2019,68300,116000,184300
81031224348,2019,49500,113800,163300
81031224356,2019,53000,98600,151600
81031224364,2019,46700,80400,127100
81031224405,2019,42400,137000,179400
81031224413,2019,40800,110800,151600
81031224421,2019,40800,91200,132000
81031225015,2019,52400,119000,171400
81031225023,2019,52400,140100,192500
81031225031,2019,52400,58500,110900
81031225049,2019,52400,54900,107300
81031225057,2019,38100,105400,143500
81031225065,2019,38500,106200,144700
81031225073,2019,36900,91500,128400
81031225081,2019,43400,117500,160900
81031225099,2019,48900,94200,143100
81031225106,2019,47800,97600,145400
81031225114,2019,52300,112200,164500
81031225122,2019,46500,100000,146500
81031225130,2019,46600,130000,176600
81031226013,2019,36900,188100,225000
81031226021,2019,47800,94900,142700
81031226039,2019,48900,108800,157700
81031226047,2019,47800,154000,201800
81031226055,2019,47800,106700,154500
81031226063,2019,47400,121600,169000
81031226071,2019,45300,74700,120000
81031226089,2019,52200,102100,154300
81031226097,2019,52300,108600,160900
81031226104,2019,52400,122500,174900
81031226112,2019,52400,109700,162100
81031226120,2019,52400,112100,164500
81031226138,2019,52400,96200,148600
81031227061,2019,52200,99700,151900
81031227079,2019,53600,123500,177100
81031227087,2019,47800,102600,150400
81031227095,2019,43400,115000,158400
81031227102,2019,39100,109600,148700
81031227110,2019,32100,191700,223800
81031228019,2019,38100,100400,138500
81031228027,2019,56100,171400,227500
81031228043,2019,56100,154000,210100
81031228118,2019,38500,108700,147200
81031228126,2019,38500,126300,164800
81031228142,2019,56100,205200,261300
81031229033,2019,38500,114300,152800
81031229059,2019,33300,0,33300
81031229067,2019,33300,0,33300
81031229091,2019,38100,152400,190500
81031229108,2019,38100,147100,185200
81031229116,2019,38100,104200,142300
81031229124,2019,47400,94800,142200
81031229132,2019,50700,113800,164500
81031229140,2019,38100,113900,152000
81031229158,2019,38500,104200,142700
81031301055,2019,34700,86500,121200
81031302011,2019,50100,116500,166600
81031302029,2019,44600,55700,100300
81031302037,2019,50300,84400,134700
81031302045,2019,50300,88500,138800
81031302061,2019,50300,103700,154000
81031302079,2019,50300,116600,166900
81031302144,2019,50300,41800,92100
81031302178,2019,50300,95500,145800
81031302186,2019,50300,92000,142300
81031302194,2019,50300,122300,172600
81031302201,2019,50100,88700,138800
81031303093,2019,0,0,0
81031401029,2019,36700,137900,174600
81031401061,2019,33800,98700,132500
81031401079,2019,44200,143100,187300
81031401087,2019,33900,157500,191400
81031401095,2019,35900,116400,152300
81031401102,2019,35900,134200,170100
81031401110,2019,35900,126400,162300
81031401128,2019,35900,157500,193400
81031401136,2019,35900,132000,167900
81031401144,2019,35900,152100,188000
81031401152,2019,35900,154400,190300
81031401160,2019,35900,132000,167900
81031401178,2019,35900,143600,179500
81031401186,2019,35900,125200,161100
81031401194,2019,36000,141100,177100
81031401201,2019,35000,164300,199300
81031401227,2019,35900,164100,200000
81031402019,2019,35900,148600,184500
81031402027,2019,35900,158600,194500
81031402035,2019,35000,159700,194700
81031402043,2019,35900,135600,171500
81031402051,2019,35000,133700,168700
81031402069,2019,35900,152600,188500
81031402077,2019,35900,142600,178500
81031402085,2019,35900,155900,191800
81031402093,2019,35900,144100,180000
81031402100,2019,35900,116500,152400
81031402118,2019,35900,141100,177000
81031402126,2019,35000,141600,176600
81031402134,2019,35900,155900,191800
81031402142,2019,35900,118900,154800
81031402150,2019,35900,156200,192100
81031402168,2019,35900,129700,165600
81031402176,2019,35900,153800,189700
81031402184,2019,35900,111400,147300
81031402192,2019,35900,109100,145000
81031402209,2019,35900,158700,194600
81031402217,2019,35900,115200,151100
81031403017,2019,35900,185700,221600
81031403025,2019,35900,155200,191100
81031403033,2019,35900,125100,161000
81031403041,2019,35900,145100,181000
81031403059,2019,35900,168100,204000
81031403067,2019,35900,172300,208200
81031403075,2019,35900,164700,200600
81031403083,2019,35900,128800,164700
81031403091,2019,35900,145500,181400
81031403108,2019,35900,148600,184500
81031403116,2019,35900,129300,165200
81031403124,2019,35900,122000,157900
81031403132,2019,35900,138700,174600
81031403140,2019,24800,61300,86100
81031403158,2019,35900,132300,168200
81031403166,2019,35900,150700,186600
81031403174,2019,35000,148800,183800
81031403182,2019,35900,154900,190800
81031403190,2019,35900,139600,175500
81031404015,2019,36500,135700,172200
81031404023,2019,36700,124800,161500
81031404031,2019,36700,164700,201400
81031404049,2019,36500,133800,170300
81031404057,2019,36700,185600,222300
81031404065,2019,36700,124400,161100
81031404073,2019,36700,184900,221600
81031404081,2019,36700,151200,187900
81031404099,2019,36700,155100,191800
81031404106,2019,36700,142500,179200
81031404114,2019,36700,134000,170700
81031404122,2019,36500,144000,180500
81031404130,2019,36700,132500,169200
81031404148,2019,36700,151000,187700
81031404156,2019,36700,162700,199400
81031404164,2019,36700,137900,174600
81031404172,2019,36700,159900,196600
81031404180,2019,36500,158600,195100
81031404198,2019,36700,135200,171900
81031404205,2019,38100,138400,176500
81031404213,2019,38200,176500,214700
81031404221,2019,37600,177400,215000
81031404239,2019,38100,139100,177200
81031404247,2019,38100,182600,220700
81031404255,2019,38100,103900,142000
81031404263,2019,24100,50800,74900
81031404271,2019,38100,147500,185600
81031404289,2019,38200,136400,174600
81031404297,2019,38200,153300,191500
81031404304,2019,38200,136400,174600
81031404312,2019,37600,155200,192800
81031404320,2019,37600,129100,166700
81031404338,2019,38100,138300,176400
81031404346,2019,37600,130200,167800
81031404354,2019,38100,140400,178500
81031404362,2019,37600,156200,193800
81031404370,2019,37600,133600,171200
81031404388,2019,36500,168500,205000
81031405013,2019,36700,160200,196900
81031405021,2019,36700,113300,150000
81031405039,2019,36700,122500,159200
81031405047,2019,36700,121800,158500
81031405055,2019,36000,133300,169300
81031405063,2019,36500,122900,159400
81031405071,2019,36500,124300,160800
81031405089,2019,36500,110000,146500
81031405097,2019,36700,117800,154500
81031405104,2019,36700,135600,172300
81031405112,2019,36700,134600,171300
81031405120,2019,36700,164700,201400
81031405138,2019,36700,159300,196000
81031405146,2019,36700,127000,163700
81031405154,2019,36700,124300,161000
81031405162,2019,33900,195000,228900
81031405170,2019,36700,147200,183900
81031405188,2019,36700,153400,190100
81031405196,2019,36500,136200,172700
81031405203,2019,36500,177500,214000
81031405211,2019,36700,153500,190200
81031405229,2019,37600,140500,178100
81031405237,2019,37600,120900,158500
81031405245,2019,37600,142600,180200
81031405253,2019,38000,138100,176100
81031405261,2019,38100,133200,171300
81031405279,2019,38100,153400,191500
81031405287,2019,37600,169500,207100
81031405295,2019,37600,139400,177000
81031405302,2019,37600,177200,214800
81031405310,2019,37600,115300,152900
81031405328,2019,38000,141300,179300
81031405336,2019,37600,178300,215900
81031405344,2019,38100,133000,171100
81031405352,2019,38200,151200,189400
81031405360,2019,38100,128600,166700
81031405378,2019,38100,191900,230000
81031405386,2019,38200,142800,181000
81031405394,2019,38100,128900,167000
81031405401,2019,38000,133200,171200
81031405419,2019,38000,162700,200700
81031405427,2019,38100,146300,184400
81031406011,2019,38200,164800,203000
81031406029,2019,36700,155900,192600
81031406037,2019,36500,132800,169300
81031406045,2019,36700,165400,202100
81031406053,2019,36700,153900,190600
81031406061,2019,36500,139000,175500
81031406079,2019,36500,140000,176500
81031406087,2019,36700,154100,190800
81031406095,2019,36700,134900,171600
81031406102,2019,36500,172500,209000
81031406110,2019,36500,132600,169100
81031406128,2019,36500,140700,177200
81031406136,2019,36500,135700,172200
81031406144,2019,35900,136300,172200
81031406152,2019,35900,125200,161100
81031406160,2019,35900,113900,149800
81031406178,2019,35900,177100,213000
81031406186,2019,35900,123900,159800
81031406194,2019,35900,103000,138900
81031406201,2019,35200,94300,129500
81031406219,2019,38100,145200,183300
81031406227,2019,37600,153500,191100
81031406235,2019,37600,142700,180300
81031406243,2019,38100,133200,171300
81031406251,2019,38100,146200,184300
81031406269,2019,38100,130500,168600
81031406277,2019,38100,167900,206000
81031406285,2019,37600,160000,197600
81031406293,2019,38100,141600,179700
81031406300,2019,38200,135100,173300
81031406318,2019,38100,176700,214800
81031406326,2019,38000,127700,165700
81031407019,2019,34100,118500,152600
81031407027,2019,48200,168800,217000
81031407035,2019,29900,85200,115100
81031407093,2019,39600,83100,122700
81031407118,2019,44200,136300,180500
81031407126,2019,36700,119300,156000
81031408025,2019,40700,137000,177700
81031408033,2019,40700,198100,238800
81031408041,2019,39300,129500,168800
81031408059,2019,39600,167300,206900
81031408075,2019,40700,120400,161100
81031408083,2019,39600,154200,193800
81031408091,2019,39600,92700,132300
81031408108,2019,39600,207000,246600
81031408116,2019,39300,73500,112800
81031408124,2019,39600,155200,194800
81031408132,2019,40400,133900,174300
81031408140,2019,39600,111800,151400
81031408158,2019,39600,161800,201400
81031408166,2019,40400,133500,173900
81031408174,2019,39600,108100,147700
81031408182,2019,40400,146300,186700
81031408190,2019,40400,109900,150300
81031408207,2019,39300,164500,203800
81031408215,2019,53700,118300,172000
81031409015,2019,39600,126000,165600
81031409023,2019,39300,121700,161000
81031409031,2019,39600,156600,196200
81031409049,2019,39300,130100,169400
81031409057,2019,39600,142100,181700
81031409065,2019,40400,62100,102500
81031409073,2019,39600,98300,137900
81031409081,2019,40400,101500,141900
81031409099,2019,39600,194400,234000
81031409106,2019,40700,94800,135500
81031409114,2019,40400,122600,163000
81031409122,2019,40400,175700,216100
81031409130,2019,39600,184200,223800
81031409148,2019,39600,111400,151000
81031409156,2019,39600,136900,176500
81031409164,2019,40400,114700,155100
81031410012,2019,37600,142300,179900
81031410020,2019,37600,151300,188900
81031410038,2019,38100,187500,225600
81031410046,2019,38100,103100,141200
81031410054,2019,38200,137200,175400
81031410062,2019,35900,120100,156000
81031410070,2019,37600,122800,160400
81031410088,2019,37600,119400,157000
81031410096,2019,37600,131500,169100
81031410103,2019,37600,150400,188000
81031410111,2019,38200,126800,165000
81031410137,2019,38200,118800,157000
81031410153,2019,38200,137300,175500
81031410179,2019,38100,145200,183300
81031410187,2019,38200,136800,175000
81031410195,2019,38100,156600,194700
81031410202,2019,37600,205500,243100
81031410210,2019,38100,146300,184400
81031410228,2019,38200,126200,164400
81031411010,2019,17300,107700,125000
81031411028,2019,13600,78800,92400
81031411036,2019,43600,126100,169700
81031411044,2019,33900,123200,157100
81031411052,2019,41100,149300,190400
81031411060,2019,39600,121300,160900
81031411078,2019,42600,102900,145500
81031411086,2019,37600,78900,116500
81031411119,2019,23100,117500,140600
81031411135,2019,38100,116400,154500
81031411169,2019,37600,155200,192800
81031411177,2019,38100,149900,188000
81031411185,2019,25000,130900,155900
81031411193,2019,25000,102300,127300
81031411200,2019,35900,125700,161600
81031411218,2019,40700,196300,237000
81031411226,2019,40900,201600,242500
81031411234,2019,40700,157000,197700
81031411242,2019,26300,138700,165000
81031411250,2019,29900,183600,213500
81031412026,2019,20900,168100,189000
81031412034,2019,20900,113300,134200
81031412042,2019,20900,137600,158500
81031412050,2019,39600,196500,236100
81031412068,2019,39300,150600,189900
81031412076,2019,39600,118900,158500
81031412084,2019,39300,151000,190300
81031412092,2019,40400,148000,188400
81031412109,2019,40400,108600,149000
81031412117,2019,39600,136800,176400
81031412133,2019,38000,158900,196900
81031412141,2019,40400,132700,173100
81031412159,2019,39600,159200,198800
81031412167,2019,40700,155000,195700
81031412175,2019,39600,159300,198900
81031412183,2019,40700,118200,158900
81031412191,2019,39600,114100,153700
81031412208,2019,40400,134500,174900
81031412216,2019,39600,122300,161900
81031412224,2019,39300,102500,141800
81031412232,2019,40400,141400,181800
81031412240,2019,39600,194200,233800
81031413024,2019,39300,158900,198200
81031413032,2019,40400,120900,161300
81031413040,2019,39300,118100,157400
81031413058,2019,39600,111300,150900
81031413066,2019,39600,141700,181300
81031413074,2019,40400,135300,175700
81031413082,2019,39300,119200,158500
81031413090,2019,39300,147300,186600
81031413107,2019,39300,122600,161900
81031413115,2019,39600,136300,175900
81031413123,2019,40700,143600,184300
81031413131,2019,39600,109100,148700
81031413149,2019,39600,194800,234400
81031413157,2019,40400,167900,208300
81031414014,2019,37600,207100,244700
81031414022,2019,37600,163700,201300
81031414030,2019,37600,103700,141300
81031414048,2019,38200,155500,193700
81031414056,2019,38100,163600,201700
81031414064,2019,37600,112200,149800
81031414072,2019,37600,145300,182900
81031414080,2019,37600,182600,220200
81031414098,2019,38100,127900,166000
81031414105,2019,37600,156400,194000
81031415012,2019,37600,172400,210000
81031415020,2019,37600,215900,253500
81031415038,2019,36500,191700,228200
81031415046,2019,36700,127000,163700
81031415054,2019,36700,153500,190200
81031415062,2019,36500,164900,201400
81031415070,2019,36700,186100,222800
81031415088,2019,36700,164300,201000
81031415096,2019,36700,116300,153000
81031415103,2019,36700,131200,167900
81031416010,2019,29900,101000,130900
81031416028,2019,35900,122700,158600
81031416044,2019,38800,196800,235600
81031416052,2019,38400,130400,168800
81031416060,2019,40400,129600,170000
81031416078,2019,38100,169200,207300
81031416086,2019,38200,136000,174200
81031416094,2019,37600,133900,171500
81031416101,2019,27100,139900,167000
81031416119,2019,27100,165800,192900
81031417018,2019,39600,114900,154500
81031417026,2019,40400,201300,241700
81031417034,2019,41200,140700,181900
81031417042,2019,40400,158900,199300
81031417050,2019,41200,113400,154600
81031417076,2019,39600,138700,178300
81031417084,2019,39600,178600,218200
81031417092,2019,39300,154100,193400
81031417109,2019,39600,170200,209800
81031417117,2019,18900,95200,114100
81031418016,2019,38100,135100,173200
81031418024,2019,38400,136100,174500
81031418032,2019,38400,154500,192900
81031418040,2019,38400,123700,162100
81031418058,2019,38900,149700,188600
81031418066,2019,38900,160000,198900
81031418074,2019,38400,112900,151300
81031418082,2019,38800,159500,198300
81031418107,2019,37900,133300,171200
81031418115,2019,37900,145100,183000
81031418123,2019,38200,96100,134300
81031418131,2019,38100,49100,87200
81031418149,2019,37600,142100,179700
81031418157,2019,37000,145900,182900
81031418165,2019,38100,125500,163600
81031418173,2019,37600,145100,182700
81031419014,2019,22400,156600,179000
81031419022,2019,20900,139500,160400
81031419056,2019,50800,187900,238700
81031419064,2019,38400,92200,130600
81031419072,2019,38900,140500,179400
81031419080,2019,38700,126300,165000
81031419098,2019,38400,171000,209400
81031419105,2019,38800,131200,170000
81031419113,2019,38800,157200,196000
81031419121,2019,35500,184700,220200
81031419139,2019,38800,114600,153400
81031419147,2019,38400,196700,235100
81031419155,2019,38100,121900,160000
81031419163,2019,37000,193000,230000
81031419171,2019,37600,116400,154000
81031419189,2019,37100,184200,221300
81031419197,2019,37600,149000,186600
81031419204,2019,37600,134300,171900
81031419212,2019,37900,137000,174900
81031419220,2019,38200,88000,126200
81031419238,2019,37900,99300,137200
81031419246,2019,38100,157400,195500
81031419254,2019,37900,146500,184400
81032101016,2019,41800,98600,140400
81032101082,2019,30600,133300,163900
81032101090,2019,31600,108000,139600
81032102056,2019,86900,54100,141000
81032102064,2019,95900,54200,150100
81032102105,2019,30600,188900,219500
81032102113,2019,31700,62400,94100
81032102121,2019,28100,100600,128700
81032102139,2019,27600,144400,172000
81032102147,2019,36500,150300,186800
81032102155,2019,30600,197600,228200
81032102163,2019,31400,92600,124000
81032102171,2019,37200,134400,171600
81032103012,2019,35400,94300,129700
81032103020,2019,33300,133100,166400
81032103054,2019,26200,135800,162000
81032103062,2019,26200,117400,143600
81032103096,2019,28500,101600,130100
81032103103,2019,31400,75700,107100
81032103129,2019,32500,130300,162800
81032103145,2019,32500,97400,129900
81032103161,2019,32500,137900,170400
81032103179,2019,32500,97900,130400
81032103187,2019,26200,154300,180500
81032103202,2019,26200,77800,104000
81032104010,2019,30600,145400,176000
81032104028,2019,23300,131700,155000
81032104036,2019,37200,113600,150800
81032104052,2019,23300,186400,209700
81032104060,2019,23300,140200,163500
81032104078,2019,23300,162200,185500
81032104086,2019,23300,105400,128700
81032104094,2019,23300,119300,142600
81032104101,2019,23300,105900,129200
81032104127,2019,23300,124200,147500
81032104135,2019,26200,112600,138800
81032104143,2019,31400,152200,183600
81032104151,2019,33800,131200,165000
81032104169,2019,33000,98900,131900
81032104177,2019,33300,99900,133200
81032104193,2019,37200,142100,179300
81032104200,2019,26200,105900,132100
81032104218,2019,26200,95200,121400
81032104226,2019,32500,101900,134400
81032301012,2019,47400,155600,203000
81032301020,2019,47400,171600,219000
81032301038,2019,50100,162400,212500
81032301046,2019,24300,164500,188800
81032301054,2019,24300,166400,190700
81032301062,2019,24300,164100,188400
81032301070,2019,24300,162100,186400
81032301088,2019,24300,161000,185300
81032301096,2019,24300,150100,174400
81032301137,2019,39700,154400,194100
81032301145,2019,45200,147700,192900
81032301153,2019,51900,183400,235300
81032301161,2019,55000,158500,213500
81032301179,2019,29400,174000,203400
81032301187,2019,29000,168600,197600
81032301278,2019,31900,175100,207000
81032301286,2019,31900,169800,201700
81032301294,2019,31800,160100,191900
81032301301,2019,31800,156100,187900
81032301319,2019,28600,173800,202400
81032301327,2019,28700,149600,178300
81032301335,2019,29100,142100,171200
81032302028,2019,33300,130600,163900
81032302036,2019,32800,112100,144900
81032302044,2019,38600,150200,188800
81032302060,2019,39800,126300,166100
81032302078,2019,39600,132400,172000
81032302086,2019,38600,142300,180900
81032302094,2019,32300,138700,171000
81032302101,2019,51900,131100,183000
81032302119,2019,51900,160400,212300
81032302127,2019,41200,159700,200900
81032302135,2019,37700,88100,125800
81032302143,2019,37200,141500,178700
81032302151,2019,42800,160800,203600
81032302169,2019,37200,141500,178700
81032302177,2019,37200,152900,190100
81032302185,2019,37200,148700,185900
81032302193,2019,37200,143800,181000
81032302200,2019,37200,146500,183700
81032302979,2019,41700,137700,179400
81032302987,2019,52600,136000,188600
81032303018,2019,36800,182800,219600
81032303034,2019,31800,101400,133200
81032303042,2019,31600,123500,155100
81032305030,2019,58000,122400,180400
81032305048,2019,60700,126100,186800
81032305056,2019,84500,116400,200900
81032305064,2019,68700,117800,186500
81032307044,2019,43200,172900,216100
81032308018,2019,52400,133000,185400
81032308034,2019,26300,128200,154500
81032308042,2019,26300,133100,159400
81032308050,2019,36500,144800,181300
81032308068,2019,36700,119100,155800
81032308076,2019,36700,118300,155000
81032308084,2019,36700,109600,146300
81032308092,2019,36500,151500,188000
81032308109,2019,44400,129500,173900
81032308117,2019,44400,150700,195100
81032308183,2019,43700,153600,197300
81032308191,2019,43700,153900,197600
81032308208,2019,36500,152400,188900
81032308216,2019,36500,124400,160900
81032308224,2019,36500,73500,110000
81032308232,2019,36500,89700,126200
81032308240,2019,41400,136700,178100
81032308258,2019,36700,137300,174000
81032309016,2019,43000,126000,169000
81032309024,2019,32700,157100,189800
81032309032,2019,36700,162300,199000
81032309040,2019,36700,75500,112200
81032309058,2019,36700,133200,169900
81032309066,2019,36700,165000,201700
81032309074,2019,36700,145000,181700
81032309082,2019,36500,125100,161600
81032309090,2019,36700,145300,182000
81032309107,2019,44400,130600,175000
81032309115,2019,44400,165400,209800
81032309181,2019,44400,152700,197100
81032309199,2019,43700,151000,194700
81032309206,2019,36700,136600,173300
81032309214,2019,36500,124200,160700
81032309222,2019,36700,148100,184800
81032309230,2019,36700,135200,171900
81032309248,2019,36700,140800,177500
81032310013,2019,38400,147000,185400
81032310021,2019,38400,150500,188900
81032310039,2019,38800,195700,234500
81032310047,2019,38400,139300,177700
81032310055,2019,38800,163800,202600
81032310063,2019,38900,146300,185200
81032310071,2019,38800,134000,172800
81032310089,2019,48900,147800,196700
81032310146,2019,36700,138200,174900
81032310154,2019,36700,104800,141500
81032310170,2019,36700,128600,165300
81032310188,2019,36700,124000,160700
81032310196,2019,36700,160700,197400
81032310203,2019,36700,122900,159600
81032311045,2019,46900,136200,183100
81032311053,2019,46200,136400,182600
81032311087,2019,36600,120900,157500
81032311102,2019,50800,143800,194600
81032312027,2019,54200,141000,195200
81032312035,2019,63100,227800,290900
81032403016,2019,47800,153300,201100
81032403024,2019,44000,109100,153100
81032403032,2019,44000,132000,176000
81032403040,2019,43700,146300,190000
81032403058,2019,43700,156900,200600
81032403066,2019,44000,142500,186500
81032403074,2019,43700,137100,180800
81032403082,2019,43700,108000,151700
81032403090,2019,43700,97300,141000
81032403107,2019,44000,153200,197200
81032403115,2019,44000,119900,163900
81032403123,2019,44000,117400,161400
81032403165,2019,42800,130200,173000
81032403173,2019,43300,102500,145800
81032403181,2019,40400,125400,165800
81032403199,2019,40400,105400,145800
81032403206,2019,40400,119000,159400
81032403214,2019,40400,152100,192500
81032403222,2019,43300,130100,173400
81032403230,2019,41400,106300,147700
81032403248,2019,40400,104200,144600
81032403256,2019,41400,127100,168500
81032403264,2019,40400,104300,144700
81032403272,2019,46700,105300,152000
81032404014,2019,39200,150800,190000
81032404022,2019,43500,116100,159600
81032404030,2019,43700,110400,154100
81032404048,2019,44600,117300,161900
81032404056,2019,44900,131800,176700
81032404064,2019,58900,93900,152800
81032406044,2019,71800,114200,186000
81032406052,2019,71800,137800,209600
81032406060,2019,45000,156400,201400
81032406078,2019,38900,145800,184700
81032406086,2019,39900,177000,216900
81032407026,2019,72000,259800,331800
81032408016,2019,40900,159300,200200
81032408024,2019,43800,130200,174000
81032408032,2019,43800,156500,200300
81032408040,2019,43700,154400,198100
81032408058,2019,43900,163100,207000
81032408066,2019,43900,168400,212300
81032408074,2019,43900,171800,215700
81032408082,2019,45700,182300,228000
81032408090,2019,40700,155900,196600
81032408107,2019,42200,149400,191600
81032408115,2019,43700,144000,187700
81032408123,2019,39700,147200,186900
81032408131,2019,37700,176100,213800
81032408149,2019,37700,149600,187300
81032408157,2019,37700,171300,209000
81032408165,2019,37700,164300,202000
81032408173,2019,37700,175000,212700
81032408181,2019,37700,194500,232200
81032408206,2019,24300,179100,203400
81032408214,2019,24300,154500,178800
81032408248,2019,24200,173500,197700
81032408256,2019,25500,157200,182700
81032409014,2019,36300,148300,184600
81032409022,2019,35800,132000,167800
81032409030,2019,36400,192900,229300
81032409048,2019,36300,237700,274000
81032409064,2019,37100,170900,208000
81032409072,2019,36300,194800,231100
81032409080,2019,35800,194200,230000
81032409098,2019,35800,129200,165000
81032409105,2019,46400,104900,151300
81032409113,2019,49800,160000,209800
81032409121,2019,49600,137700,187300
81032409139,2019,49800,149400,199200
81032409147,2019,40800,157900,198700
81032409155,2019,38600,139300,177900
81032409163,2019,39600,149000,188600
81032409171,2019,39800,148800,188600
81032409189,2019,38600,134900,173500
81032409197,2019,44100,140800,184900
81032409204,2019,39900,138100,178000
81032409212,2019,39800,189700,229500
81032409220,2019,39800,179700,219500
81032410011,2019,39900,240900,280800
81032410029,2019,65700,131300,197000
81032410045,2019,56900,141400,198300
81032410053,2019,56900,151200,208100
81032410061,2019,56900,124300,181200
81032410079,2019,56900,116200,173100
81032410087,2019,56900,151400,208300
81032410095,2019,56900,181000,237900
81032410102,2019,56900,113100,170000
81032410110,2019,56900,117500,174400
81032410128,2019,45600,166100,211700
81032410136,2019,40200,171000,211200
81032411019,2019,51300,125400,176700
81032411027,2019,50400,111500,161900
81032411035,2019,67200,118200,185400
81032411043,2019,59500,119000,178500
81032411051,2019,46700,130300,177000
81032411142,2019,44000,106900,150900
81032411150,2019,44000,104200,148200
81032411176,2019,43700,120700,164400
81032411184,2019,44000,122700,166700
81032411192,2019,44000,120700,164700
81032411209,2019,36600,188100,224700
81032411217,2019,38700,118500,157200
81032412017,2019,50400,106800,157200
81032412025,2019,44900,149400,194300
81032412033,2019,43800,145200,189000
81032412041,2019,44900,180900,225800
81032412059,2019,43800,147700,191500
81032412067,2019,44300,103400,147700
81032412075,2019,43700,136600,180300
81032412083,2019,39200,118800,158000
81032412091,2019,47500,121600,169100
81032412116,2019,52800,140700,193500
81032412124,2019,52500,174400,226900
81032413015,2019,40400,129300,169700
81032413023,2019,41600,119200,160800
81032413031,2019,41500,120400,161900
81032413049,2019,41600,133000,174600
81032413057,2019,41400,138400,179800
81032413065,2019,41500,114400,155900
81032413073,2019,41600,111900,153500
81032413081,2019,41600,116200,157800
81032413099,2019,49400,142100,191500
81032414013,2019,44900,130800,175700
81032414021,2019,44900,131300,176200
81032414039,2019,44900,119700,164600
81032414047,2019,44900,127500,172400
81032414055,2019,44500,121100,165600
81032414063,2019,44600,116100,160700
81032414071,2019,44300,115800,160100
81032414089,2019,44900,159900,204800
81032414097,2019,47700,119400,167100
81032414104,2019,48000,133000,181000
81032414112,2019,44600,135300,179900
81032414120,2019,44600,113300,157900
81032414138,2019,44600,116100,160700
81032414146,2019,44100,156300,200400
81032414154,2019,44000,148900,192900
81032414162,2019,44600,116100,160700
81032414170,2019,44900,140200,185100
81032414188,2019,44900,166200,211100
81032414196,2019,44900,135100,180000
81032414203,2019,45400,146900,192300
81032414211,2019,45800,111200,157000
81032414229,2019,45800,127700,173500
81032416019,2019,35600,147300,182900
81032416027,2019,33200,124600,157800
81032416035,2019,33200,122500,155700
81032416043,2019,33200,149200,182400
81032416051,2019,33200,163200,196400
81032416069,2019,33300,147100,180400
81032416077,2019,33200,143400,176600
81032416085,2019,35600,139400,175000
81032416168,2019,39200,137100,176300
81032417017,2019,42400,151100,193500
81032417025,2019,35600,133100,168700
81032417033,2019,35600,186600,222200
81032417041,2019,35600,127600,163200
81032417059,2019,35600,148400,184000
81032417067,2019,48800,121400,170200
81032417075,2019,35600,146100,181700
81032417083,2019,33200,145200,178400
81032417091,2019,33200,134900,168100
81032417108,2019,33200,106500,139700
81032417116,2019,33200,155900,189100
81032417124,2019,33200,123800,157000
81032417132,2019,33200,141100,174300
81032417140,2019,35600,157600,193200
81032418015,2019,45500,147300,192800
81032418023,2019,39300,166700,206000
81032418031,2019,39300,116700,156000
81032418049,2019,36200,117400,153600
81032418057,2019,36200,117100,153300
81032418065,2019,36200,178400,214600
81032418073,2019,36200,153600,189800
81032418081,2019,34600,105900,140500
81032418099,2019,34600,132400,167000
81032418106,2019,34600,117400,152000
81032418114,2019,44100,110400,154500
81032418122,2019,44000,115600,159600
81032418130,2019,33200,127500,160700
81032418148,2019,39900,164000,203900
81032418156,2019,46000,118300,164300
81032419013,2019,43500,144100,187600
81032419021,2019,41500,117700,159200
81032419039,2019,41600,118200,159800
81032419047,2019,41600,158800,200400
81032419055,2019,41600,138000,179600
81032419063,2019,41500,116800,158300
81032419071,2019,41600,228400,270000
81032419089,2019,41500,109700,151200
81032419097,2019,41500,180900,222400
81032419104,2019,35800,144000,179800
81032419112,2019,41600,131000,172600
81032419120,2019,41600,131900,173500
81032419138,2019,41600,141100,182700
81032419146,2019,18000,109600,127600
81032419154,2019,41600,160100,201700
81032419162,2019,49900,98700,148600
81032419170,2019,48200,120300,168500
81032419188,2019,18000,109100,127100
81032419196,2019,39800,140900,180700
81032419203,2019,39200,133600,172800
81032419237,2019,39800,155900,195700
81032419245,2019,39800,134300,174100
81032419253,2019,39200,128600,167800
81032419261,2019,39500,116200,155700
81032419279,2019,39800,128200,168000
81032419287,2019,47600,118200,165800
81032419295,2019,39200,137600,176800
81032419302,2019,39200,126700,165900
81032419310,2019,39800,111200,151000
81032419328,2019,39200,126600,165800
81032420010,2019,43700,116100,159800
81032420028,2019,44000,142900,186900
81032420036,2019,43700,134300,178000
81032420044,2019,44000,144200,188200
81032420052,2019,43700,128900,172600
81032420060,2019,44100,131900,176000
81032420078,2019,43700,118600,162300
81032420086,2019,43700,107200,150900
81032420094,2019,43700,117000,160700
81032420101,2019,44000,116800,160800
81032420119,2019,43700,96600,140300
81032420127,2019,43700,127700,171400
81032420135,2019,44000,127000,171000
81032420143,2019,44000,154900,198900
81032420151,2019,45500,173000,218500
81032420169,2019,41600,152100,193700
81032420185,2019,74700,110500,185200
81032420193,2019,40400,158600,199000
81032420200,2019,40400,120600,161000
81032420218,2019,41400,135100,176500
81032420226,2019,41400,120300,161700
81032420234,2019,41400,122900,164300
81032420242,2019,40400,118800,159200
81032420250,2019,40400,168900,209300
81032420268,2019,42400,137200,179600
81032420276,2019,40400,117800,158200
81032420284,2019,40400,163000,203400
81032420292,2019,40400,134000,174400
81032420309,2019,41400,160200,201600
81032420317,2019,41400,154800,196200
81032420325,2019,43700,160500,204200
81032421092,2019,49900,131800,181700
81032421109,2019,48200,128600,176800
81032421117,2019,48200,151400,199600
81032421125,2019,49300,124200,173500
81032421133,2019,47700,116100,163800
81032421141,2019,57600,139700,197300
81032421159,2019,0,0,0
81032421167,2019,49900,129500,179400
81032422016,2019,36300,121500,157800
81032422024,2019,31900,120200,152100
81032422032,2019,31500,116700,148200
81032422040,2019,31900,113100,145000
81032422058,2019,31900,111400,143300
81032422066,2019,39700,159300,199000
81032422082,2019,33800,130500,164300
81032422090,2019,43200,117500,160700
81032422107,2019,31800,128900,160700
81032422115,2019,31800,119700,151500
81032422123,2019,31500,137600,169100
81032422131,2019,31800,128400,160200
81032422149,2019,31800,119300,151100
81032422157,2019,49200,101800,151000
81032422165,2019,44700,187600,232300
81032423014,2019,31800,128400,160200
81032423022,2019,33100,121000,154100
81032423056,2019,32200,143200,175400
81032423064,2019,31800,109500,141300
81032423072,2019,39800,135800,175600
81032423080,2019,40700,174300,215000
81032423098,2019,25500,122800,148300
81032423105,2019,31800,109500,141300
81032423113,2019,31800,118700,150500
81032423121,2019,31800,110800,142600
81032423139,2019,31800,135000,166800
81032423147,2019,31600,122600,154200
81032423155,2019,31800,199300,231100
81032423163,2019,31800,125600,157400
81032423171,2019,31800,117400,149200
81032423189,2019,31600,125600,157200
81032424012,2019,31600,109900,141500
81032424020,2019,31800,108300,140100
81032424038,2019,50400,140100,190500
81032424054,2019,31800,119900,151700
81032424062,2019,31800,153200,185000
81032424070,2019,31700,135100,166800
81032424111,2019,32300,120000,152300
81032424129,2019,32400,135700,168100
81032424137,2019,32300,163700,196000
81032424145,2019,32300,135800,168100
81032424153,2019,33700,130600,164300
81032424187,2019,35800,80300,116100
81032424195,2019,32000,131200,163200
81032424202,2019,32500,130000,162500
81032425028,2019,27500,129700,157200
81032425036,2019,29400,120500,149900
81032425044,2019,29400,101600,131000
81032425052,2019,29400,126700,156100
81032425119,2019,31800,121200,153000
81032425151,2019,31800,126100,157900
81032425177,2019,31600,144300,175900
81032425193,2019,31800,128600,160400
81032426018,2019,33200,135300,168500
81032426050,2019,25500,172200,197700
81032426068,2019,25500,141900,167400
81032426076,2019,41600,111200,152800
81032426117,2019,29100,130400,159500
81032426133,2019,41600,130900,172500
81032427024,2019,41600,145000,186600
81032427032,2019,32300,114300,146600
81032427040,2019,32300,130900,163200
81032427058,2019,37900,96300,134200
81032427074,2019,32300,117700,150000
81032427090,2019,30300,124200,154500
81032427107,2019,31700,130200,161900
81032427131,2019,39900,147700,187600
81032428014,2019,31100,162800,193900
81032428022,2019,30100,139500,169600
81032428030,2019,29400,144000,173400
81032428048,2019,29100,135900,165000
81032428072,2019,33700,116200,149900
81032428080,2019,32400,125500,157900
81032428098,2019,32400,134600,167000
81032428105,2019,32300,120700,153000
81032428113,2019,32300,133000,165300
81032428121,2019,32100,86000,118100
81032429012,2019,36300,130700,167000
81032429020,2019,36200,98800,135000
81032429038,2019,28200,112800,141000
81032429054,2019,33100,117800,150900
81032429062,2019,31400,95500,126900
81032429070,2019,30400,131400,161800
81032429088,2019,30400,112700,143100
81032430019,2019,39200,156800,196000
81032430027,2019,39900,120300,160200
81032430275,2019,47700,167300,215000
81032430291,2019,46700,104100,150800
81032430308,2019,39800,93300,133100
81033103110,2019,55900,159700,215600
81033103136,2019,55900,115900,171800
81033201013,2019,38200,202500,240700
81033201021,2019,38300,137100,175400
81033201039,2019,39400,140300,179700
81033201047,2019,38200,133100,171300
81033201055,2019,39400,153700,193100
81033201063,2019,38300,147200,185500
81033201071,2019,38200,158800,197000
81033201089,2019,39400,151300,190700
81033201097,2019,38300,164500,202800
81033201104,2019,29200,108000,137200
81033201112,2019,39800,125300,165100
81033201120,2019,39800,154700,194500
81033201146,2019,44000,104000,148000
81033201154,2019,47100,137400,184500
81033201162,2019,52900,142400,195300
81033201196,2019,43600,131400,175000
81033201203,2019,43500,123900,167400
81033201211,2019,43500,130400,173900
81033201229,2019,43700,107900,151600
81033201237,2019,43500,118000,161500
81033202011,2019,58000,150800,208800
81033202029,2019,47500,191800,239300
81033202037,2019,62900,145900,208800
81033202045,2019,47500,116300,163800
81033202053,2019,52200,136400,188600
81033202061,2019,38300,141400,179700
81033202079,2019,57700,136600,194300
81033202087,2019,38300,118700,157000
81033202095,2019,38300,140500,178800
81033202110,2019,38200,122800,161000
81033202128,2019,38200,126800,165000
81033202136,2019,37600,171400,209000
81033202144,2019,38200,182400,220600
81033202152,2019,38300,151100,189400
81033202160,2019,38300,147000,185300
81033202178,2019,38300,148100,186400
81033202186,2019,38300,153400,191700
81033202194,2019,42100,176900,219000
81033203077,2019,42700,83100,125800
81033203093,2019,38200,165500,203700
81033203100,2019,38300,138300,176600
81033203118,2019,38300,146100,184400
81033203126,2019,42100,165200,207300
81033203134,2019,43300,135100,178400
81033203150,2019,38300,143000,181300
81033203217,2019,50900,229100,280000
81033204075,2019,54600,137100,191700
81033204083,2019,45600,137700,183300
81033204091,2019,53900,140800,194700
81033204108,2019,52000,158600,210600
81033204116,2019,52000,157200,209200
81033204124,2019,44600,160800,205400
81033204132,2019,45600,170900,216500
81033204140,2019,47100,146400,193500
81033204158,2019,43100,136200,179300
81033204166,2019,45000,141900,186900
81033204174,2019,45600,144400,190000
81033204182,2019,54900,143000,197900
81033204190,2019,71200,136400,207600
81033204207,2019,42800,139700,182500
81033204215,2019,47300,158400,205700
81033204231,2019,38800,138200,177000
81033204249,2019,36300,128600,164900
81033204257,2019,36200,106800,143000
81033204265,2019,41300,126100,167400
81033204273,2019,41100,58900,100000
81033204281,2019,41300,120400,161700
81033204314,2019,40100,184000,224100
81033204322,2019,48400,142200,190600
81033204330,2019,45800,129200,175000
81033204348,2019,44400,120500,164900
81033204356,2019,36100,150800,186900
81033204364,2019,36100,138500,174600
81033204447,2019,29600,118900,148500
81033204455,2019,43200,154700,197900
81033205015,2019,44000,121300,165300
81033205023,2019,44900,149600,194500
81033205031,2019,44600,157500,202100
81033205049,2019,44000,156200,200200
81033205057,2019,44900,121900,166800
81033205065,2019,46200,116600,162800
81033205073,2019,44600,125100,169700
81033205081,2019,44600,136300,180900
81033205099,2019,44900,118400,163300
81033205106,2019,44900,143800,188700
81033205114,2019,44600,155400,200000
81033205122,2019,44900,127400,172300
81033205130,2019,45600,148700,194300
81033205148,2019,45000,141400,186400
81033205156,2019,46200,124500,170700
81033205164,2019,45000,136800,181800
81033205172,2019,44600,137700,182300
81033205180,2019,44900,128800,173700
81033205198,2019,47300,141600,188900
81033205205,2019,45600,115100,160700
81033205213,2019,45800,118700,164500
81033205221,2019,41700,141700,183400
81033205239,2019,41700,144000,185700
81033205247,2019,43100,138000,181100
81033205255,2019,41400,134200,175600
81033205263,2019,41300,78900,120200
81033205271,2019,46700,135300,182000
81033205289,2019,45600,146400,192000
81033205297,2019,46700,136900,183600
81033205304,2019,43900,144200,188100
81033205312,2019,41300,107200,148500
81033205320,2019,43100,127400,170500
81033205338,2019,42800,124200,167000
81033205346,2019,42800,135700,178500
81033205354,2019,46200,108600,154800
81033205362,2019,45600,114300,159900
81033205370,2019,47100,137900,185000
81033206013,2019,45800,121800,167600
81033206021,2019,46700,127000,173700
81033206039,2019,45800,139500,185300
81033206047,2019,45500,148500,194000
81033206055,2019,58000,122900,180900
81033206063,2019,57800,112000,169800
81033206071,2019,54600,125000,179600
81033206089,2019,49100,129000,178100
81033206097,2019,45000,116500,161500
81033206104,2019,46200,109900,156100
81033206112,2019,45000,167500,212500
81033206120,2019,45000,215000,260000
81033206138,2019,45800,116200,162000
81033207011,2019,39900,125300,165200
81033207029,2019,42800,109500,152300
81033207037,2019,45600,113400,159000
81033207045,2019,44900,145600,190500
81033207053,2019,44900,122000,166900
81033207061,2019,45000,123900,168900
81033207079,2019,44900,164600,209500
81033207087,2019,45600,125700,171300
81033207095,2019,46700,132500,179200
81033207102,2019,45600,129300,174900
81033207110,2019,45000,122200,167200
81033207128,2019,45000,114800,159800
81033207136,2019,45600,123900,169500
81033207144,2019,49100,121200,170300
81033207152,2019,57000,93400,150400
81033207160,2019,45000,119200,164200
81033207178,2019,44900,128100,173000
81033207186,2019,49100,139300,188400
81033207194,2019,45000,157800,202800
81033207201,2019,47100,115800,162900
81033207219,2019,45000,118500,163500
81033207227,2019,43100,147400,190500
81033207235,2019,44600,126800,171400
81033207243,2019,42800,169600,212400
81033207251,2019,44900,120100,165000
81033207269,2019,46700,118500,165200
81033207277,2019,46700,126100,172800
81033207285,2019,46200,110800,157000
81033207293,2019,46700,109000,155700
81033207300,2019,52500,147700,200200
81033207318,2019,49100,153400,202500
81033208019,2019,39100,151600,190700
81033208027,2019,37500,152300,189800
81033208035,2019,43100,141400,184500
81033208043,2019,45000,141800,186800
81033208051,2019,47100,146200,193300
81033208069,2019,38600,166000,204600
81033208077,2019,38800,135900,174700
81033301029,2019,45800,140500,186300
81033301037,2019,46200,134900,181100
81033301045,2019,46200,136300,182500
81033301053,2019,46700,149200,195900
81033301061,2019,45600,143300,188900
81033301110,2019,42900,118300,161200
81033301128,2019,41700,139400,181100
81033301136,2019,43100,130900,174000
81033301152,2019,39100,152300,191400
81033302019,2019,38000,117600,155600
81033302027,2019,52500,151500,204000
81033302035,2019,38800,128900,167700
81033302043,2019,33000,165300,198300
81033302051,2019,33000,124600,157600
81033302069,2019,34300,125200,159500
81033302077,2019,36300,176100,212400
81033303059,2019,39200,123600,162800
81033303067,2019,43700,124400,168100
81033303075,2019,41400,118200,159600
81033303083,2019,40400,121900,162300
81033303091,2019,40400,109500,149900
81033303108,2019,40400,120300,160700
81033303116,2019,40400,127900,168300
81033303124,2019,40400,140300,180700
81033304015,2019,44000,108000,152000
81033304023,2019,44000,116900,160900
81033304031,2019,43700,133500,177200
81033304049,2019,44100,121900,166000
81033304057,2019,43700,108400,152100
81033304065,2019,43700,137400,181100
81033304073,2019,46700,131700,178400
81033304081,2019,48200,117000,165200
81033304099,2019,44900,126600,171500
81033304106,2019,47700,147100,194800
81033304114,2019,49900,148600,198500
81033304122,2019,44300,154600,198900
81033304130,2019,45500,111400,156900
81033304148,2019,43700,126700,170400
81033304156,2019,44000,115800,159800
81033304164,2019,38500,161000,199500
81033304172,2019,43700,117000,160700
81033304180,2019,44000,130500,174500
81033304198,2019,44000,113600,157600
81033304205,2019,45500,139900,185400
81033304213,2019,44000,148800,192800
81033304221,2019,45500,126000,171500
81033304239,2019,45500,128700,174200
81033305013,2019,49400,117600,167000
81033305021,2019,49400,109600,159000
81033305039,2019,43500,134700,178200
81033305047,2019,44000,156600,200600
81033305055,2019,44600,108600,153200
81033305063,2019,49900,130100,180000
81033305071,2019,44100,122700,166800
81033305089,2019,43700,131500,175200
81033305097,2019,44000,112000,156000
81033305104,2019,44000,127400,171400
81033305112,2019,44000,130600,174600
81033305120,2019,43700,126900,170600
81033305138,2019,44600,121400,166000
81033305146,2019,40400,155700,196100
81033305154,2019,47500,115600,163100
81033305162,2019,47200,129800,177000
81033305170,2019,45500,118400,163900
81033305188,2019,47800,130200,178000
81033305196,2019,43300,144700,188000
81033305203,2019,44000,147600,191600
81033305211,2019,43700,111800,155500
81033306011,2019,40400,127700,168100
81033306029,2019,41400,137100,178500
81033306037,2019,40400,119900,160300
81033306045,2019,41400,120000,161400
81033306053,2019,43200,130100,173300
81033306061,2019,41500,138200,179700
81033306079,2019,41500,128700,170200
81033306087,2019,41400,124600,166000
81033306095,2019,41500,127700,169200
81033306102,2019,41600,125500,167100
81033306110,2019,41600,136900,178500
81033306128,2019,41600,118700,160300
81033306136,2019,41600,144800,186400
81033306144,2019,41600,119800,161400
81033306152,2019,47700,125400,173100
81033400897,2019,37800,102800,140600
81033400904,2019,37800,95900,133700
81033402091,2019,85900,117700,203600
81033403015,2019,42300,191300,233600
81034101014,2019,68100,164400,232500
81034101022,2019,70200,182200,252400
81034101030,2019,67300,139500,206800
81034101048,2019,67300,163000,230300
81034101056,2019,67300,225300,292600
81034101064,2019,67300,163800,231100
81034101072,2019,67600,200000,267600
81034101080,2019,70200,247200,317400
81034101098,2019,73200,286700,359900
81034101105,2019,75000,290000,365000
81034101113,2019,67500,232700,300200
81034101121,2019,65200,221000,286200
81034101139,2019,64500,169600,234100
81034101147,2019,66700,202000,268700
81034101155,2019,68100,167900,236000
81034101163,2019,70400,158000,228400
81034101171,2019,73700,135400,209100
81034101189,2019,66300,165500,231800
81034101197,2019,67000,158100,225100
81034102012,2019,68400,209300,277700
81034102020,2019,67200,164600,231800
81034102038,2019,67400,184800,252200
81034102046,2019,66700,168100,234800
81034102054,2019,65300,170400,235700
81034102062,2019,66600,168700,235300
81034102070,2019,67900,148500,216400
81034102088,2019,67100,205100,272200
81034102096,2019,67800,167300,235100
81034102103,2019,69700,161900,231600
81034102111,2019,67600,165900,233500
81034102129,2019,67900,179200,247100
81034102137,2019,67500,184400,251900
81034102145,2019,67100,172000,239100
81034102153,2019,67800,181000,248800
81034102161,2019,66800,200200,267000
81034102179,2019,71700,163400,235100
81034102187,2019,67000,180600,247600
81034102195,2019,68100,216300,284400
81034102202,2019,67900,239200,307100
81034102210,2019,70000,152200,222200
81034102228,2019,66400,194100,260500
81034103010,2019,68700,150100,218800
81034103028,2019,67100,188500,255600
81034103036,2019,66400,193600,260000
81034103044,2019,66000,182000,248000
81034103052,2019,66300,160300,226600
81034103060,2019,67100,158400,225500
81034103086,2019,68600,160900,229500
81034103094,2019,70200,159500,229700
81034103101,2019,70800,164300,235100
81034103119,2019,68600,161800,230400
81034103127,2019,67500,180800,248300
81034103135,2019,67300,161700,229000
81034103143,2019,67800,182200,250000
81034103151,2019,67000,177400,244400
81034103169,2019,67200,195700,262900
81034103177,2019,68100,165900,234000
81034103185,2019,70000,164900,234900
81034103193,2019,66400,183600,250000
81034103200,2019,70900,161300,232200
81034103218,2019,68800,187500,256300
81034103226,2019,66600,201200,267800
81034103234,2019,65900,202300,268200
81034103242,2019,65900,252500,318400
81034103250,2019,65900,225400,291300
81034103268,2019,66000,203600,269600
81034103276,2019,66700,205500,272200
81034104018,2019,73500,177700,251200
81034104026,2019,69400,149400,218800
81034104042,2019,70100,147800,217900
81034104050,2019,83500,150400,233900
81034104068,2019,67300,165200,232500
81034104076,2019,67400,197700,265100
81034105016,2019,74000,148600,222600
81034105024,2019,72700,154500,227200
81034105032,2019,68300,218500,286800
81034105040,2019,70500,159800,230300
81034105058,2019,71800,173400,245200
81034105066,2019,71800,221800,293600
81034105074,2019,75300,235500,310800
81034105090,2019,69200,144000,213200
81034105115,2019,66900,228700,295600
81034105123,2019,67100,227300,294400
81034106014,2019,65700,169300,235000
81034106022,2019,65800,160400,226200
81034106030,2019,65800,221700,287500
81034106048,2019,65800,162900,228700
81034106056,2019,65600,182200,247800
81034106064,2019,65600,154100,219700
81034106080,2019,65700,178400,244100
81034106098,2019,65900,162700,228600
81034106105,2019,65900,155200,221100
81034106113,2019,65900,154200,220100
81034106121,2019,65900,191800,257700
81034106139,2019,65900,184700,250600
81034106147,2019,65900,154100,220000
81034106155,2019,65900,153000,218900
81034106163,2019,66300,169800,236100
81034106171,2019,66400,186000,252400
81034106189,2019,66100,153100,219200
81034106197,2019,66000,148800,214800
81034106204,2019,63800,162300,226100
81034106212,2019,61600,161900,223500
81034106238,2019,57800,145800,203600
81034106246,2019,60900,181500,242400
81034106254,2019,60300,168700,229000
81034106262,2019,57400,154100,211500
81034106288,2019,57800,162100,219900
81034106296,2019,61600,180900,242500
81034106303,2019,61600,155000,216600
81034106311,2019,57500,163200,220700
81034106337,2019,57900,176900,234800
81034106345,2019,62100,157300,219400
81034106353,2019,61600,180900,242500
81034106361,2019,57500,157900,215400
81034106387,2019,57900,184600,242500
81034106395,2019,62100,173200,235300
81034106402,2019,60600,169500,230100
81034106410,2019,56900,159300,216200
81034106436,2019,57800,180000,237800
81034106444,2019,61300,170000,231300
81034106452,2019,61500,154300,215800
81034106460,2019,57700,153100,210800
81034106486,2019,60200,154600,214800
81034106494,2019,60300,172200,232500
81034106501,2019,60300,153700,214000
81034106519,2019,57400,161700,219100
81034106535,2019,60800,167000,227800
81034106543,2019,61300,207400,268700
81034107012,2019,61500,172800,234300
81034107020,2019,62300,160200,222500
81034107038,2019,64900,160600,225500
81034107054,2019,64500,175500,240000
81034107062,2019,58100,159200,217300
81034107070,2019,57000,166100,223100
81034107088,2019,61300,150100,211400
81034107103,2019,61400,171400,232800
81034107111,2019,57400,152700,210100
81034107129,2019,56900,154100,211000
81034107137,2019,60200,157600,217800
81034107153,2019,60000,164000,224000
81034107161,2019,57700,151900,209600
81034107179,2019,57900,171100,229000
81034107187,2019,60600,164400,225000
81034107202,2019,58700,159500,218200
81034107210,2019,57900,169300,227200
81034107228,2019,58400,168700,227100
81034107236,2019,59700,169300,229000
81034107252,2019,58400,158200,216600
81034107260,2019,57600,161800,219400
81034107278,2019,58000,147300,205300
81034107286,2019,61000,153800,214800
81034107301,2019,62400,184200,246600
81034107319,2019,58500,176300,234800
81034107327,2019,57400,172100,229500
81034107335,2019,61400,177500,238900
81034107351,2019,65600,158200,223800
81034107369,2019,59900,148600,208500
81034107377,2019,66100,187400,253500
81034107385,2019,61800,155900,217700
81034107393,2019,62900,153500,216400
81034107400,2019,64900,178300,243200
81034107418,2019,64800,172900,237700
81034107426,2019,64800,174200,239000
81034107434,2019,64900,153400,218300
81034107442,2019,65500,172200,237700
81034107450,2019,67100,181700,248800
81034107468,2019,62200,173700,235900
81034107476,2019,63700,162400,226100
81034107484,2019,62100,181500,243600
81034107492,2019,61600,150400,212000
81034107509,2019,61800,176400,238200
81034107517,2019,89000,376600,465600
81034107525,2019,101800,262400,364200
81034107533,2019,125700,314100,439800
81034107541,2019,96300,255300,351600
81034107559,2019,100600,0,100600
81034107567,2019,104000,240200,344200
81034107575,2019,114100,350300,464400
81034107583,2019,117800,428900,546700
81034107591,2019,62300,183000,245300
81034107616,2019,61200,199300,260500
81034107624,2019,63500,166500,230000
81034107632,2019,63700,156500,220200
81034107640,2019,63200,183900,247100
81034107658,2019,62800,194200,257000
81034107666,2019,62800,198300,261100
81034107674,2019,62600,172300,234900
81034107682,2019,61800,152000,213800
81034107690,2019,64300,161100,225400
81034108200,2019,62400,134700,197100
81034108218,2019,61600,183400,245000
81034108234,2019,61200,172400,233600
81034108242,2019,60800,170700,231500
81034108250,2019,60900,150700,211600
81034108268,2019,60900,183200,244100
81034108276,2019,61000,155900,216900
81034108284,2019,60800,157600,218400
81034108292,2019,60500,163700,224200
81034108309,2019,61300,155300,216600
81034108317,2019,62100,161100,223200
81034108325,2019,61800,154300,216100
81034108333,2019,60300,141800,202100
81034108341,2019,59900,174900,234800
81034108359,2019,62700,162500,225200
81034108367,2019,65600,153700,219300
81034108383,2019,66000,149400,215400
81034108391,2019,67600,157700,225300
81034108408,2019,69800,154400,224200
81034108416,2019,62800,138200,201000
81034108424,2019,62100,129400,191500
81034108432,2019,62600,152400,215000
81034108440,2019,62000,156300,218300
81034108458,2019,62500,117900,180400
81034108466,2019,61600,168800,230400
81034108474,2019,61500,138700,200200
81034108482,2019,61400,123800,185200
81034108490,2019,64500,154800,219300
81034109018,2019,63100,180400,243500
81034109026,2019,61000,170400,231400
81034109034,2019,60700,169600,230300
81034109042,2019,59600,162400,222000
81034109050,2019,62800,166900,229700
81034109068,2019,62000,144200,206200
81034109076,2019,61400,185500,246900
81034109084,2019,61300,155500,216800
81034109092,2019,61100,171700,232800
81034109109,2019,60800,169300,230100
81034109117,2019,61400,174400,235800
81034109125,2019,61400,176800,238200
81034109133,2019,62700,195700,258400
81034109141,2019,61500,161700,223200
81034109159,2019,63600,171200,234800
81034109167,2019,64300,159900,224200
81034109175,2019,62400,176900,239300
81034109183,2019,62400,179000,241400
81034109191,2019,63800,178700,242500
81034109208,2019,63200,167300,230500
81034109216,2019,64100,163700,227800
81034109224,2019,62100,185900,248000
81034109232,2019,62000,186800,248800
81034109240,2019,62800,187800,250600
81034110015,2019,62400,161800,224200
81034110023,2019,62300,174900,237200
81034110031,2019,63600,155800,219400
81034110049,2019,63900,159500,223400
81034110057,2019,64200,148800,213000
81034110065,2019,65500,161700,227200
81034110073,2019,66600,168700,235300
81034110081,2019,67900,183300,251200
81034110106,2019,66900,155100,222000
81034110114,2019,66900,187800,254700
81034110122,2019,65800,168000,233800
81034110130,2019,65100,166100,231200
81034110148,2019,63500,181800,245300
81034110156,2019,62000,167700,229700
81034110164,2019,61300,162900,224200
81034110172,2019,60800,159500,220300
81034111013,2019,62400,180500,242900
81034111021,2019,61500,163900,225400
81034111039,2019,61600,175300,236900
81034111047,2019,65100,186900,252000
81034111055,2019,67000,179000,246000
81034111063,2019,63300,196200,259500
81034111071,2019,61100,173600,234700
81034111089,2019,67300,173400,240700
81034111097,2019,65400,158000,223400
81034111104,2019,66100,167600,233700
81034111112,2019,64700,152800,217500
81034111120,2019,64400,178200,242600
81034111154,2019,63600,154000,217600
81034111162,2019,59600,197800,257400
81034111170,2019,63500,197700,261200
81034111188,2019,60200,173500,233700
81034114017,2019,62400,178300,240700
81034114025,2019,62600,170100,232700
81034114033,2019,64200,175200,239400
81034114041,2019,62000,177200,239200
81034114059,2019,62700,175100,237800
81034114067,2019,62600,186200,248800
81034114075,2019,62300,129800,192100
81034114083,2019,59600,146500,206100
81034114091,2019,59600,157800,217400
81034114108,2019,62600,155000,217600
81034116013,2019,67200,159600,226800
81034116021,2019,66400,215800,282200
81034116039,2019,67700,203100,270800
81034116047,2019,67000,223600,290600
81034116055,2019,66900,205100,272000
81034116063,2019,67100,201100,268200
81034117011,2019,68200,288300,356500
81034117029,2019,69200,197000,266200
81034117037,2019,68400,199200,267600
81034117045,2019,68300,196400,264700
81034117053,2019,66100,212000,278100
81034117061,2019,66400,163900,230300
81034117079,2019,67000,223200,290200
81034117087,2019,70500,215900,286400
81034118019,2019,70100,141600,211700
81034118027,2019,70500,214000,284500
81034118035,2019,69300,176000,245300
81034118043,2019,66100,258800,324900
81034118051,2019,66100,240600,306700
81034118069,2019,66400,231100,297500
81034118077,2019,66800,267400,334200
81034118085,2019,67500,303200,370700
81034118093,2019,67400,232300,299700
81034118100,2019,67400,253000,320400
81034119017,2019,67500,128800,196300
81034119025,2019,66900,157700,224600
81034119033,2019,66300,174400,240700
81034119041,2019,65800,179500,245300
81034119059,2019,66600,176300,242900
81034119067,2019,65900,210800,276700
81034119075,2019,69300,209600,278900
81034119083,2019,70900,185100,256000
81034202060,2019,70100,177500,247600
81034202078,2019,67400,164600,232000
81034202086,2019,69200,196300,265500
81034202094,2019,66400,160400,226800
81034202119,2019,69800,185600,255400
81034202127,2019,68400,243300,311700
81034202135,2019,70600,198600,269200
81034202143,2019,71800,280900,352700
81034202151,2019,68600,243500,312100
81034202169,2019,67300,242900,310200
81034202177,2019,67100,192400,259500
81034202185,2019,67800,204200,272000
81034202193,2019,67200,205800,273000
81034202200,2019,67800,165900,233700
81034202218,2019,66800,190700,257500
81034202226,2019,67400,205700,273100
81034202234,2019,67000,191500,258500
81034202242,2019,66900,258900,325800
81034202250,2019,67100,187600,254700
81034202268,2019,68700,221100,289800
81034202276,2019,67900,194600,262500
81034202284,2019,70000,170700,240700
81034202292,2019,74700,202600,277300
81034202309,2019,69400,226700,296100
81034202317,2019,70000,188700,258700
81034202325,2019,69800,249600,319400
81034202341,2019,75900,240600,316500
81034203034,2019,66300,149400,215700
81034203042,2019,67700,207400,275100
81034203050,2019,70800,186700,257500
81034203068,2019,68400,185100,253500
81034203076,2019,69700,153300,223000
81034203084,2019,66700,146800,213500
81034203092,2019,64600,159900,224500
81034203109,2019,67000,154000,221000
81034203117,2019,67500,184100,251600
81034203125,2019,73900,222900,296800
81034203133,2019,67000,152900,219900
81034203141,2019,69000,163700,232700
81034203159,2019,65600,182600,248200
81034203167,2019,64200,151500,215700
81034203175,2019,64200,165000,229200
81034203183,2019,65700,156500,222200
81034203191,2019,71500,155900,227400
81034203208,2019,67000,153900,220900
81034203216,2019,65300,165000,230300
81034203224,2019,64700,153500,218200
81034203274,2019,69400,201000,270400
81034203282,2019,69300,176600,245900
81034205014,2019,65900,155100,221000
81034205022,2019,70500,168600,239100
81034205030,2019,69700,178500,248200
81034205048,2019,69600,178500,248100
81034205056,2019,68300,153900,222200
81034205064,2019,67000,195900,262900
81034205072,2019,68700,181300,250000
81034205080,2019,67600,202700,270300
81034205098,2019,69600,191800,261400
81034205105,2019,68700,181500,250200
81034205113,2019,74600,204400,279000
81034205121,2019,68800,221800,290600
81034205139,2019,66300,203400,269700
81034205147,2019,66700,196700,263400
81034205155,2019,66400,201600,268000
81034205163,2019,63900,161700,225600
81034205171,2019,63900,167900,231800
81034205189,2019,63800,178800,242600
81034205197,2019,63600,155200,218800
81034205204,2019,63100,168700,231800
81034205212,2019,65200,179000,244200
81034205220,2019,66300,177900,244200
81034205238,2019,67700,175300,243000
81034205246,2019,67300,195500,262800
81034205254,2019,67100,164900,232000
81034205262,2019,67200,178100,245300
81034205270,2019,0,0,0
81034205288,2019,68600,211500,280100
81034205296,2019,67600,203000,270600
81034205303,2019,0,0,0
81034205311,2019,70300,208800,279100
81034205329,2019,68600,188300,256900
81034205337,2019,68300,241400,309700
81034205345,2019,67100,186900,254000
81034205353,2019,68800,186300,255100
81034205361,2019,66600,156100,222700
81034205379,2019,66900,187700,254600
81034205387,2019,66800,215100,281900
81034205395,2019,67000,150500,217500
81034205402,2019,67300,190800,258100
81034205410,2019,68300,195200,263500
81034205428,2019,62000,231100,293100
81034205436,2019,64700,153500,218200
81034205444,2019,65300,192400,257700
81034206012,2019,66800,166000,232800
81034206020,2019,66100,229500,295600
81034206038,2019,66700,166100,232800
81034206046,2019,67300,184400,251700
81034206054,2019,68100,203600,271700
81034206062,2019,67400,160100,227500
81034206070,2019,66400,172600,239000
81034206088,2019,66600,176300,242900
81034206096,2019,68700,146100,214800
81034206103,2019,68800,174600,243400
81034206111,2019,67800,167100,234900
81034206129,2019,66900,166900,233800
81034206137,2019,66400,152900,219300
81034206145,2019,65300,142700,208000
81034206153,2019,64700,146500,211200
81034206161,2019,64800,138000,202800
81034206179,2019,65800,144200,210000
81034206187,2019,68100,152600,220700
81034206195,2019,68300,140000,208300
81034206202,2019,66300,151200,217500
81034206210,2019,67400,160000,227400
81034206228,2019,70900,192400,263300
81034206236,2019,69700,151000,220700
81034206244,2019,68600,173900,242500
81034206252,2019,65800,157900,223700
81034206260,2019,65600,164100,229700
81034207060,2019,70000,194400,264400
81034207078,2019,66100,163900,230000
81034207086,2019,65200,196800,262000
81034207094,2019,64900,155000,219900
81034207101,2019,65100,147800,212900
81034207119,2019,67800,185200,253000
81034301010,2019,55300,171400,226700
81034301028,2019,54400,109600,164000
81034301036,2019,54900,101100,156000
81034301044,2019,54200,131600,185800
81034301052,2019,48600,134500,183100
81034301060,2019,54900,162700,217600
81034301078,2019,58900,178200,237100
81034301086,2019,54200,153800,208000
81034301094,2019,48800,167400,216200
81034301101,2019,48600,105900,154500
81034301119,2019,49400,128500,177900
81034301127,2019,40600,127700,168300
81034301135,2019,43000,145400,188400
81034301143,2019,51400,279100,330500
81034301151,2019,44000,154800,198800
81034301169,2019,44000,155600,199600
81034302018,2019,48800,149300,198100
81034302026,2019,44600,148200,192800
81034302034,2019,44200,126400,170600
81034302042,2019,44200,150200,194400
81034302050,2019,44600,130400,175000
81034302068,2019,48000,132000,180000
81034302076,2019,48000,127400,175400
81034302084,2019,44100,116100,160200
81034302092,2019,44100,131200,175300
81034302109,2019,44100,154500,198600
81034302117,2019,48800,138200,187000
81034302125,2019,44100,137100,181200
81034303016,2019,48700,133200,181900
81034303024,2019,44200,150200,194400
81034303032,2019,44100,150400,194500
81034303040,2019,44100,213000,257100
81034303058,2019,44200,107300,151500
81034303066,2019,40600,145000,185600
81034303074,2019,48600,143600,192200
81034303082,2019,44200,110400,154600
81034303090,2019,44200,113900,158100
81034303107,2019,44100,147700,191800
81034303115,2019,44100,134500,178600
81034303123,2019,48800,127200,176000
81034304014,2019,49400,111600,161000
81034304022,2019,44200,119300,163500
81034304030,2019,44000,122600,166600
81034304048,2019,44000,132800,176800
81034304056,2019,44200,125400,169600
81034304064,2019,48600,152800,201400
81034304072,2019,48000,136600,184600
81034304080,2019,44200,148400,192600
81034304098,2019,44000,140000,184000
81034304105,2019,44200,103400,147600
81034304113,2019,44200,151100,195300
81034304121,2019,48800,171200,220000
81034305012,2019,48600,162800,211400
81034305020,2019,44200,150200,194400
81034305038,2019,44200,165200,209400
81034305046,2019,50700,195600,246300
81034305054,2019,67500,166200,233700
81034305088,2019,49400,161100,210500
81034305103,2019,44100,123100,167200
81034305111,2019,44000,162500,206500
81034305129,2019,48600,130700,179300
81034306010,2019,48600,170600,219200
81034306028,2019,44100,140700,184800
81034306036,2019,44100,155000,199100
81034306044,2019,44100,138600,182700
81034306052,2019,48800,129400,178200
81034306078,2019,49400,138500,187900
81034306086,2019,44200,126300,170500
81034306094,2019,44100,119100,163200
81034306101,2019,44100,111700,155800
81034306119,2019,48000,155400,203400
81034307018,2019,48600,139600,188200
81034307026,2019,44200,133800,178000
81034307034,2019,44100,117100,161200
81034307042,2019,44200,141400,185600
81034307050,2019,48800,165500,214300
81034307068,2019,44100,120700,164800
81034307092,2019,44200,145100,189300
81034307109,2019,48800,126600,175400
81034307117,2019,44200,156700,200900
81034307125,2019,44100,163000,207100
81034307133,2019,44200,137000,181200
81034307141,2019,48000,128500,176500
81034309080,2019,62100,120900,183000
81034309098,2019,63600,148400,212000
81034309105,2019,63600,130300,193900
81034309113,2019,63600,122300,185900
81034309121,2019,67000,154000,221000
81034309139,2019,69100,154600,223700
81034309147,2019,70900,168400,239300
81034309155,2019,65800,150400,216200
81034309163,2019,64300,157400,221700
81034309171,2019,64600,125000,189600
81034309189,2019,64600,151800,216400
81034309197,2019,64600,154300,218900
81034309204,2019,64600,132600,197200
81034309212,2019,65700,133300,199000
81034401018,2019,63800,150000,213800
81034401026,2019,65900,161200,227100
81034401034,2019,65900,184900,250800
81034401042,2019,64500,163300,227800
81034401050,2019,64500,172800,237300
81034401068,2019,62800,152800,215600
81034401076,2019,62800,169000,231800
81034401084,2019,62800,152300,215100
81034401092,2019,62800,173300,236100
81034401109,2019,62700,180900,243600
81034401117,2019,62600,160100,222700
81034401125,2019,62500,153200,215700
81034401133,2019,62400,169700,232100
81034401141,2019,62200,168700,230900
81034401159,2019,62000,143900,205900
81034401167,2019,61800,158300,220100
81034401175,2019,50400,187400,237800
81034401183,2019,62100,161300,223400
81034401191,2019,62100,161800,223900
81034401208,2019,62100,161600,223700
81034401216,2019,62700,167300,230000
81034402016,2019,68400,197600,266000
81034402024,2019,67900,163400,231300
81034402032,2019,70000,209600,279600
81034402040,2019,83200,211900,295100
81034402058,2019,80800,207900,288700
81034402066,2019,69400,230300,299700
81034402074,2019,65800,223500,289300
81034402082,2019,66600,237100,303700
81034402090,2019,70000,255800,325800
81034402107,2019,69100,174900,244000
81034402115,2019,59800,191400,251200
81034402123,2019,57000,184500,241500
81034402131,2019,57800,169600,227400
81034402149,2019,58400,204400,262800
81034402157,2019,60600,171200,231800
81034402165,2019,61300,218700,280000
81034402173,2019,61300,250800,312100
81034402181,2019,62600,246300,308900
81034402199,2019,63500,201700,265200
81034402206,2019,65800,199200,265000
81034402214,2019,68100,198100,266200
81034402222,2019,67200,186300,253500
81034403014,2019,60700,162800,223500
81034403022,2019,65300,168600,233900
81034403030,2019,58100,161400,219500
81034403048,2019,58000,171500,229500
81034403056,2019,57800,174900,232700
81034403064,2019,57600,203200,260800
81034403072,2019,58900,163000,221900
81034403080,2019,60100,170800,230900
81034403098,2019,59900,187100,247000
81034403105,2019,61400,183900,245300
81034403113,2019,60100,163600,223700
81034403121,2019,59600,169700,229300
81034403139,2019,62600,170300,232900
81034403147,2019,65300,171700,237000
81034403155,2019,68600,171000,239600
81034403163,2019,60500,172200,232700
81034403171,2019,61800,175500,237300
81034403189,2019,64100,159600,223700
81034403197,2019,58200,173300,231500
81034403204,2019,56500,177400,233900
81034403212,2019,56500,166500,223000
81034404012,2019,60600,194800,255400
81034404020,2019,61400,183200,244600
81034404038,2019,62500,161100,223600
81034404046,2019,62300,194200,256500
81034404054,2019,69800,184100,253900
81034404062,2019,70000,185200,255200
81034404070,2019,69200,184300,253500
81034404088,2019,67200,182800,250000
81034404096,2019,65700,164000,229700
81034404103,2019,64700,237300,302000
81034404111,2019,63200,165200,228400
81034404129,2019,63200,165600,228800
81034404137,2019,67300,166400,233700
81034404228,2019,74900,200600,275500
81034404236,2019,74900,227500,302400
81034404244,2019,77500,146700,224200
81034405010,2019,68100,210900,279000
81034405028,2019,68300,266100,334400
81034405036,2019,69400,192400,261800
81034405044,2019,66700,213300,280000
81034405052,2019,69800,202200,272000
81034405060,2019,67100,202800,269900
81034405078,2019,64500,196800,261300
81034405086,2019,66000,220500,286500
81034405094,2019,65700,192200,257900
81034405101,2019,66600,201200,267800
81034405119,2019,66300,241700,308000
81034405127,2019,74800,190800,265600
81034405135,2019,70300,352000,422300
81034405143,2019,90100,182600,272700
81034405151,2019,68800,308900,377700
81034405169,2019,68800,405100,473900
81034405177,2019,66600,224000,290600
81034405185,2019,70500,216000,286500
81034405193,2019,79800,192900,272700
81034406018,2019,69100,173500,242600
81034406026,2019,65300,187300,252600
81034406034,2019,66300,181900,248200
81034406042,2019,66300,219100,285400
81034406050,2019,63900,154500,218400
81034406068,2019,62700,186500,249200
81034406076,2019,61500,181500,243000
81034406084,2019,60000,180700,240700
81034406092,2019,59600,193700,253300
81034406109,2019,60000,183800,243800
81034406117,2019,60500,176200,236700
81034406125,2019,65500,197200,262700
81034406133,2019,59800,152300,212100
81034406141,2019,62600,226400,289000
81034406159,2019,60300,165500,225800
81034406167,2019,61300,181600,242900
81034406175,2019,61800,178400,240200
81034406183,2019,62300,173800,236100
81034406191,2019,62700,206900,269600
81034406208,2019,63100,179300,242400
81034406216,2019,63600,161000,224600
81034406224,2019,63900,191700,255600
81034406232,2019,67100,161600,228700
81034406240,2019,69800,237300,307100
81034406258,2019,64400,189500,253900
81034406266,2019,64700,189500,254200
81034406274,2019,66600,179500,246100
81034407024,2019,67700,186200,253900
81034407032,2019,67300,152200,219500
81034407040,2019,67500,195000,262500
81034407058,2019,67500,188700,256200
81034407066,2019,67500,185400,252900
81034407074,2019,67500,158000,225500
81034407082,2019,67500,152200,219700
81034407090,2019,67700,171900,239600
81034408014,2019,64500,236900,301400
81034408022,2019,65500,237100,302600
81034408030,2019,65100,164200,229300
81034408048,2019,70100,205500,275600
81034408056,2019,69700,253400,323100
81034408064,2019,69700,174700,244400
81034408072,2019,69400,213300,282700
81034408080,2019,67500,178200,245700
81034408098,2019,67100,176500,243600
81034408105,2019,67300,175000,242300
81034408113,2019,66900,198000,264900
81034408121,2019,69000,228500,297500
81034408139,2019,68600,179800,248400
81034408147,2019,69000,180900,249900
81034408155,2019,69400,198800,268200
81034408163,2019,69000,205000,274000
81034408171,2019,69200,161800,231000
81034408197,2019,74600,172800,247400
81034408204,2019,70300,149000,219300
81034408212,2019,69400,166200,235600
81034408220,2019,67800,171800,239600
81034408238,2019,67900,149900,217800
81034408246,2019,67300,243200,310500
81034408254,2019,67500,200300,267800
81034408262,2019,68400,245800,314200
81034408270,2019,68900,186100,255000
81034408288,2019,67400,175100,242500
81034408296,2019,67400,200200,267600
81034408303,2019,67900,175100,243000
81034408311,2019,70200,188800,259000
81034408329,2019,68400,209400,277800
81034409012,2019,65100,256400,321500
81034409020,2019,64800,256600,321400
81034409038,2019,64700,194400,259100
81034409046,2019,65300,200900,266200
81034409054,2019,69600,259400,329000
81034409062,2019,71800,307500,379300
81034409070,2019,71900,204600,276500
81034409088,2019,71400,189300,260700
81034409096,2019,73300,246500,319800
81034409103,2019,69400,252400,321800
81034409111,2019,68700,175900,244600
81034409129,2019,67400,236800,304200
81034409137,2019,67300,174800,242100
81034409145,2019,67300,168500,235800
81034409153,2019,67000,159100,226100
81034409161,2019,67600,172000,239600
81034409179,2019,66100,162500,228600
81034409187,2019,66900,158400,225300
81034409195,2019,67000,161100,228100
81034409202,2019,66000,156400,222400
81034409210,2019,67200,170300,237500
81034409228,2019,66100,186000,252100
81034409236,2019,67000,194100,261100
81034409244,2019,66900,163400,230300
81034409252,2019,67300,167200,234500
81034409260,2019,66800,197900,264700
81034409278,2019,69400,178800,248200
81034409286,2019,75400,185400,260800
81034409294,2019,69600,154500,224100
81034409301,2019,67100,185100,252200
81034409319,2019,66000,173000,239000
81034409327,2019,66600,156800,223400
81034409335,2019,67900,161100,229000
81034409343,2019,67900,251300,319200
81034410019,2019,74500,173700,248200
81034410027,2019,68800,175300,244100
81034410035,2019,66800,174700,241500
81034410043,2019,66700,153700,220400
81034410051,2019,65500,166600,232100
81034410069,2019,65900,213100,279000
81034410077,2019,66100,171200,237300
81034410085,2019,66400,163600,230000
81034410093,2019,66000,182000,248000
81034410100,2019,67700,159700,227400
81034410118,2019,71000,274100,345100
81034410126,2019,84500,253300,337800
81034410134,2019,77000,234000,311000
81034410142,2019,73400,223000,296400
81034410150,2019,68200,215500,283700
81034410168,2019,69600,225400,295000
81034410176,2019,69600,211000,280600
81034410184,2019,70400,219000,289400
81034410192,2019,69600,196300,265900
81034410209,2019,72100,282600,354700
81034410217,2019,70000,302200,372200
81034410225,2019,70000,212000,282000
81034410233,2019,70000,210200,280200
81034410241,2019,70000,217500,287500
81034410259,2019,70000,225100,295100
81034410267,2019,71600,249800,321400
81034410275,2019,75900,300300,376200
81034411017,2019,69800,141500,211300
81034411025,2019,67000,167600,234600
81034411033,2019,66300,180200,246500
81034411041,2019,66600,172900,239500
81034411059,2019,67000,184000,251000
81034411067,2019,67000,168900,235900
81034411075,2019,67400,179800,247200
81034411083,2019,70000,199900,269900
81034411091,2019,71200,228800,300000
81034411108,2019,72800,248200,321000
81034411116,2019,72700,228100,300800
81034411124,2019,75500,195800,271300
81034411132,2019,73800,167300,241100
81034411140,2019,70000,200100,270100
81034411158,2019,68900,151500,220400
81034411166,2019,67200,187500,254700
81034411174,2019,66900,164600,231500
81034411182,2019,66100,169500,235600
81034411190,2019,66000,185800,251800
81034411207,2019,66600,175900,242500
81034411215,2019,67500,143300,210800
81034411223,2019,68800,192000,260800
81034412015,2019,70600,157000,227600
81034412023,2019,68400,144300,212700
81034412031,2019,67600,173500,241100
81034412049,2019,67700,156700,224400
81034412057,2019,67400,167500,234900
81034412065,2019,67400,147600,215000
81034412073,2019,67200,187800,255000
81034412081,2019,67500,178400,245900
81034412099,2019,68900,153600,222500
81034412106,2019,70000,150200,220200
81034412114,2019,68900,233600,302500
81034412122,2019,68800,208600,277400
81034412130,2019,69100,171300,240400
81034412148,2019,69000,209500,278500
81034412156,2019,67800,187000,254800
81034412164,2019,69000,173800,242800
81034412172,2019,67200,164800,232000
81034412180,2019,66900,159700,226600
81034412198,2019,67000,185100,252100
81034412205,2019,67700,141700,209400
81034412213,2019,68600,142300,210900
81034412221,2019,72800,188200,261000
81034413013,2019,69800,166300,236100
81034413021,2019,67300,159700,227000
81034413039,2019,66700,190600,257300
81034413047,2019,67200,178100,245300
81034413055,2019,67800,172200,240000
81034413063,2019,68800,204200,273000
81034413071,2019,67000,176900,243900
81034413089,2019,66300,179000,245300
81034413097,2019,68100,189400,257500
81034413104,2019,70800,187100,257900
81034413112,2019,67300,179200,246500
81034413120,2019,67600,161900,229500
81034413138,2019,69300,163400,232700
81034413170,2019,68700,180300,249000
81034413188,2019,67900,202300,270200
81034413196,2019,68200,198300,266500
81034413203,2019,68900,170700,239600
81034413211,2019,67600,174800,242400
81034413229,2019,67200,217700,284900
81034413237,2019,66600,204400,271000
81034413245,2019,66600,172200,238800
81034413253,2019,66600,177600,244200
81034413261,2019,67100,162500,229600
81034413279,2019,67700,172300,240000
81034413287,2019,69900,187600,257500
81034414011,2019,67100,243400,310500
81034414029,2019,66300,224300,290600
81034414037,2019,66700,182300,249000
81034414045,2019,67800,196400,264200
81034414053,2019,68600,260500,329100
81034414061,2019,67800,237500,305300
81034414079,2019,67300,246900,314200
81034414087,2019,66300,196600,262900
81034414095,2019,66300,163500,229800
81034414102,2019,67300,172300,239600
81034414110,2019,66900,201300,268200
81034414128,2019,69300,170900,240200
81034414136,2019,67900,220600,288500
81034414144,2019,71000,223800,294800
81034414152,2019,73500,259900,333400
81034414160,2019,67600,221400,289000
81034414178,2019,70000,215300,285300
81034414186,2019,65900,231000,296900
81034414194,2019,66800,225800,292600
81034414201,2019,67900,192200,260100
81034414219,2019,69900,252400,322300
81034414227,2019,68600,244200,312800
81034414235,2019,66700,230200,296900
81034414243,2019,66300,165800,232100
81034414251,2019,66300,214500,280800
81034414269,2019,66300,238300,304600
81034414277,2019,66300,185300,251600
81034414285,2019,66300,228300,294600
81034414293,2019,66700,188700,255400
81034414300,2019,67900,230800,298700
81034415019,2019,71400,177000,248400
81034415027,2019,70800,241500,312300
81034415035,2019,73500,258300,331800
81034415043,2019,70500,224500,295000
81034415051,2019,70800,250100,320900
81034415069,2019,69400,226600,296000
81034415077,2019,65500,178100,243600
81034415093,2019,76900,175000,251900
81034415118,2019,44400,185900,230300
81034415126,2019,45300,191600,236900
81034416017,2019,60800,167300,228100
81034416025,2019,60100,176500,236600
81034416033,2019,58100,166400,224500
81034416041,2019,54900,163300,218200
81034416059,2019,56200,174700,230900
81034416067,2019,56500,194400,250900
81034416075,2019,56700,184000,240700
81034416083,2019,56000,174100,230100
81034416091,2019,60500,173300,233800
81034416108,2019,59300,172100,231400
81034416116,2019,55300,173900,229200
81034416124,2019,56200,183400,239600
81034416132,2019,55700,179200,234900
81034416140,2019,55100,185600,240700
81034416158,2019,54500,190000,244500
81034416166,2019,54100,172100,226200
81034416174,2019,58900,163700,222600
81034416182,2019,58600,171700,230300
81034416190,2019,59300,179700,239000
81034418063,2019,89000,229600,318600
81034418071,2019,104800,98600,203400
81034418089,2019,67000,214100,281100
81034418097,2019,67900,241100,309000
81034418104,2019,66900,247300,314200
81034418112,2019,67200,219300,286500
81034418120,2019,67400,186000,253400
81034418138,2019,62100,201200,263300
81034418146,2019,64500,248200,312700
81035103027,2019,65400,99000,164400
81035103035,2019,124900,0,124900
81035103069,2019,65400,0,65400
81035103077,2019,67900,0,67900
81035103085,2019,65900,0,65900
81035106013,2019,72500,0,72500
81035106021,2019,69900,367600,437500
81035106071,2019,64000,211900,275900
81035106089,2019,60500,0,60500
81035106104,2019,60500,205500,266000
81035106120,2019,64200,124500,188700
81035106138,2019,58400,0,58400
81035106146,2019,65600,0,65600
81035108019,2019,67100,0,67100
81035108027,2019,71300,0,71300
81035108043,2019,63600,0,63600
81035108051,2019,62600,0,62600
81035108069,2019,62700,0,62700
81035108085,2019,54600,0,54600
81035109017,2019,68900,0,68900
60801101019,2019,66000,148500,214500
60801101027,2019,70600,144000,214600
60801101035,2019,74600,137300,211900
60801101043,2019,71700,160500,232200
60801101051,2019,67100,157900,225000
60801101069,2019,61000,139800,200800
60801101077,2019,69700,173200,242900
60801101085,2019,62300,169900,232200
60801101093,2019,69800,142900,212700
60801101100,2019,66600,156200,222800
60801101118,2019,68100,138100,206200
60801101126,2019,67100,149000,216100
60801101134,2019,56600,142000,198600
60801101142,2019,0,0,0
60801101150,2019,56900,152000,208900
60801101168,2019,56900,156800,213700
60801101176,2019,57000,144500,201500
60801102017,2019,62400,135600,198000
60801102025,2019,72400,166400,238800
60801102033,2019,69700,146100,215800
60801102041,2019,65600,158000,223600
60801102059,2019,65600,160300,225900
60801102067,2019,62300,149300,211600
60801102075,2019,62300,165700,228000
60801102083,2019,71900,170600,242500
60801102091,2019,74900,137800,212700
60801102108,2019,71800,134200,206000
60801102116,2019,63800,159000,222800
60801102124,2019,60100,145200,205300
60801102132,2019,64900,156300,221200
60801102140,2019,55300,160300,215600
60801102158,2019,57400,148600,206000
60801102166,2019,65200,143500,208700
60801102174,2019,73100,140900,214000
60801102182,2019,62000,152000,214000
60801103015,2019,62000,179400,241400
60801103023,2019,53400,158600,212000
60801103031,2019,53400,138000,191400
60801103049,2019,53400,158600,212000
60801103057,2019,53200,141200,194400
60801103073,2019,75300,127900,203200
60801103081,2019,61800,144500,206300
60801103099,2019,61800,184300,246100
60801103106,2019,61800,139100,200900
60801103114,2019,61600,138400,200000
60801103122,2019,57500,177500,235000
60801103130,2019,55700,164500,220200
60801103148,2019,71600,182800,254400
60801103156,2019,71900,203100,275000
60801103164,2019,67100,146400,213500
60801103172,2019,54700,139000,193700
60801103180,2019,57000,143700,200700
60801103198,2019,54200,130100,184300
60801103205,2019,53500,131200,184700
60801103213,2019,53500,128400,181900
60801103221,2019,53800,126000,179800
60801104146,2019,66100,146100,212200
60801104154,2019,66100,166900,233000
60801104162,2019,65000,168300,233300
60801104170,2019,66100,193700,259800
60801104188,2019,66100,152100,218200
60801104196,2019,63600,160900,224500
60801104203,2019,66100,141500,207600
60801104211,2019,62100,137400,199500
60801104229,2019,62100,161400,223500
60801104237,2019,63000,171500,234500
60801104245,2019,63600,146100,209700
60801104253,2019,63000,144600,207600
60801104261,2019,62100,128000,190100
60801104279,2019,61800,166300,228100
60801104287,2019,63000,136800,199800
60801105102,2019,66100,144800,210900
60801105110,2019,66100,124300,190400
60801105128,2019,66700,185100,251800
60801105136,2019,66700,162000,228700
60801105144,2019,66700,145400,212100
60801105152,2019,66100,155100,221200
60801105160,2019,67400,172200,239600
60801105178,2019,66100,165400,231500
60801105186,2019,66100,156200,222300
60801105194,2019,66700,162600,229300
60801105201,2019,66100,124000,190100
60801105219,2019,66700,165300,232000
60801105227,2019,66700,184700,251400
60801107017,2019,65000,151200,216200
60801107025,2019,65000,174300,239300
60801107033,2019,63900,165400,229300
60801107041,2019,63900,169300,233200
60801107059,2019,65000,159900,224900
60801107067,2019,63600,161300,224900
60801107075,2019,66700,164400,231100
60801107083,2019,66700,150100,216800
60801107091,2019,76900,192400,269300
60801108015,2019,66100,142700,208800
60801108023,2019,66700,149000,215700
60801108031,2019,66100,195000,261100
60801108049,2019,65000,196000,261000
60801108057,2019,66100,163200,229300
60801108065,2019,66100,174400,240500
60801108073,2019,66100,150800,216900
60801108081,2019,66100,150000,216100
60801108099,2019,66100,147500,213600
60801108106,2019,66100,157800,223900
60801108114,2019,66100,161300,227400
60801108122,2019,66100,147400,213500
60801108130,2019,66100,173200,239300
60801108148,2019,66100,182900,249000
60801108156,2019,66100,162000,228100
60801108164,2019,66700,155900,222600
60801108172,2019,66100,164300,230400
60801108180,2019,66100,160400,226500
60801108198,2019,66100,148900,215000
60801108205,2019,66100,156200,222300
60801108213,2019,66100,159600,225700
60801108221,2019,63900,135600,199500
60801108239,2019,66700,190500,257200
60801108247,2019,66100,168400,234500
60801109013,2019,66100,152600,218700
60801109021,2019,66700,166300,233000
60801109039,2019,66700,158200,224900
60801109047,2019,66100,175400,241500
60801109055,2019,66100,157600,223700
60801109063,2019,66700,168300,235000
60801109071,2019,66100,163200,229300
60801109089,2019,66100,149600,215700
60801109097,2019,66100,167000,233100
60801109104,2019,66100,161800,227900
60801109112,2019,66100,159100,225200
60801109120,2019,63900,148300,212200
60801109138,2019,66100,160000,226100
60801109146,2019,66100,157800,223900
60801109154,2019,66100,144900,211000
60801109162,2019,63900,160000,223900
60801109170,2019,66100,133400,199500
60801109188,2019,63900,151700,215600
60801109196,2019,66700,142200,208900
60801109203,2019,66100,153800,219900
60801109211,2019,66100,138900,205000
60801109229,2019,66100,158500,224600
60801109237,2019,63900,159000,222900
60801109245,2019,63900,185200,249100
60801109253,2019,63600,168300,231900
60801109261,2019,66700,195300,262000
60801109279,2019,66100,159500,225600
60801109287,2019,63300,163600,226900
60801109295,2019,66100,152600,218700
60801109302,2019,63900,167800,231700
60801110010,2019,72000,203300,275300
60801110028,2019,64700,191100,255800
60801110036,2019,61500,190500,252000
60801110044,2019,61000,215000,276000
60801110052,2019,61600,163400,225000
60801110060,2019,60300,190400,250700
60801110078,2019,59000,136500,195500
60801110086,2019,59000,211900,270900
60801110094,2019,59000,168900,227900
60801110101,2019,63000,140800,203800
60801110119,2019,64200,148200,212400
60801110127,2019,60100,144700,204800
60801110135,2019,60100,161900,222000
60801110143,2019,60100,157900,218000
60801110151,2019,62300,158900,221200
60801110169,2019,62300,215200,277500
60801111018,2019,71600,144500,216100
60801111026,2019,70700,173200,243900
60801111034,2019,65800,125100,190900
60801111042,2019,65800,132700,198500
60801111050,2019,65800,192100,257900
60801111068,2019,65800,181500,247300
60801111076,2019,65800,137800,203600
60801111084,2019,65800,158600,224400
60801111092,2019,65600,149400,215000
60801111109,2019,62300,159700,222000
60801111117,2019,62000,137000,199000
60801111125,2019,60000,175200,235200
60801111133,2019,60000,171000,231000
60801111141,2019,60000,133300,193300
60801111159,2019,60000,203000,263000
60801111167,2019,62300,158800,221100
60801111175,2019,60000,131200,191200
60801111183,2019,62000,140700,202700
60801111191,2019,62000,128700,190700
60801111208,2019,59700,152600,212300
60801111216,2019,70200,138700,208900
60801112016,2019,68400,169100,237500
60801112024,2019,71700,152300,224000
60801112032,2019,70200,128200,198400
60801112040,2019,60000,132800,192800
60801112058,2019,60000,132800,192800
60801112066,2019,60000,132900,192900
60801112074,2019,59500,135800,195300
60801112082,2019,59500,150600,210100
60801112090,2019,59500,162000,221500
60801112107,2019,62300,181700,244000
60801112115,2019,59500,154000,213500
60801112123,2019,62300,182700,245000
60801112131,2019,59500,155600,215100
60801112149,2019,61200,134100,195300
60801112157,2019,61200,161500,222700
60801112165,2019,59500,136500,196000
60801112173,2019,59500,153200,212700
60801112181,2019,59500,146500,206000
60801112199,2019,59500,150500,210000
60801112206,2019,59500,178400,237900
60801112214,2019,59500,175600,235100
60801112222,2019,59500,143500,203000
60801112230,2019,60000,151500,211500
60801112248,2019,60000,140800,200800
60801112256,2019,60000,180800,240800
60801112264,2019,60800,200900,261700
60801112272,2019,60800,137600,198400
60801112280,2019,61200,228800,290000
60801112298,2019,62100,156900,219000
60801112305,2019,60800,132300,193100
60801112313,2019,62600,139300,201900
60801113014,2019,66600,156500,223100
60801113022,2019,65500,144400,209900
60801113030,2019,66800,140800,207600
60801113048,2019,70100,123000,193100
60801113056,2019,70700,137700,208400
60801113064,2019,68800,138000,206800
60801113072,2019,68700,126600,195300
60801113080,2019,64700,162200,226900
60801113098,2019,60000,169500,229500
60801113105,2019,60000,165900,225900
60801113113,2019,63000,237000,300000
60801113121,2019,56500,157200,213700
60801113139,2019,59500,208000,267500
60801113147,2019,59500,169500,229000
60801113155,2019,59500,152500,212000
60801113163,2019,59500,155500,215000
60801113171,2019,59500,111900,171400
60801113189,2019,59500,146500,206000
60801113197,2019,59700,166600,226300
60801113204,2019,61200,141300,202500
60801113212,2019,59500,156600,216100
60801113220,2019,59500,133700,193200
60801113238,2019,59500,133400,192900
60801113246,2019,59500,158500,218000
60801113254,2019,59500,145200,204700
60801113262,2019,59500,149700,209200
60801113270,2019,59500,168500,228000
60801113288,2019,60000,176900,236900
60801113296,2019,60000,131900,191900
60801113303,2019,60000,30000,90000
60801113311,2019,62200,135200,197400
60801113329,2019,62200,156300,218500
60801113337,2019,61600,129400,191000
60801113345,2019,66400,136400,202800
60801113353,2019,71800,148700,220500
60801113361,2019,56200,135900,192100
60801113379,2019,56200,145000,201200
60801113387,2019,58900,137100,196000
60801113395,2019,76300,206800,283100
60801113402,2019,76500,190600,267100
60801113410,2019,75200,117300,192500
60801113428,2019,73500,163000,236500
60801113436,2019,74700,139500,214200
60801113444,2019,58200,140700,198900
60801113452,2019,55500,152100,207600
60801113460,2019,55500,157400,212900
60801113478,2019,55500,193000,248500
60801113486,2019,56800,141700,198500
60801113494,2019,66800,162500,229300
60801113501,2019,66200,146700,212900
60801113519,2019,61000,172500,233500
60801113527,2019,61200,166200,227400
60801113535,2019,54600,192000,246600
60801113543,2019,59800,169400,229200
60801113551,2019,59800,152100,211900
60801114012,2019,59500,138200,197700
60801114020,2019,57900,137400,195300
60801114038,2019,56200,138900,195100
60801114046,2019,56200,154300,210500
60801114054,2019,56200,141500,197700
60801114062,2019,56200,150600,206800
60801114070,2019,56200,132700,188900
60801114088,2019,56200,157400,213600
60801114096,2019,56200,156800,213000
60801114103,2019,56200,141500,197700
60801114111,2019,56200,164500,220700
60801114129,2019,56200,157200,213400
60801114137,2019,55900,157000,212900
60801114145,2019,55500,157400,212900
60801114153,2019,55300,169700,225000
60801114161,2019,55500,154500,210000
60801114179,2019,55700,147900,203600
60801114187,2019,56700,137700,194400
60801114195,2019,56700,234900,291600
60801114202,2019,56800,134400,191200
60801114210,2019,57000,134900,191900
60801114228,2019,57400,162000,219400
60801114236,2019,57500,134500,192000
60801114244,2019,57500,152200,209700
60801114252,2019,59800,132100,191900
60801115010,2019,61200,189400,250600
60801115028,2019,61800,167100,228900
60801115036,2019,61800,149200,211000
60801115044,2019,61800,171700,233500
60801115052,2019,61800,161800,223600
60801115060,2019,56700,153200,209900
60801115078,2019,60100,148200,208300
60801115086,2019,60300,178300,238600
60801115094,2019,60300,141800,202100
60801115101,2019,60300,182700,243000
60801115119,2019,60300,142300,202600
60801115127,2019,60300,109700,170000
60801115135,2019,59000,176400,235400
60801115169,2019,59900,178100,238000
60801115177,2019,61000,181900,242900
60801115185,2019,61800,165400,227200
60801116018,2019,66100,149600,215700
60801116026,2019,66700,154500,221200
60801116034,2019,66700,156100,222800
60801116042,2019,66700,173200,239900
60801116050,2019,66700,161400,228100
60801116068,2019,66700,160500,227200
60801116076,2019,66700,169000,235700
60801116084,2019,66700,157200,223900
60801116092,2019,66700,186000,252700
60801116109,2019,66700,149500,216200
60801116117,2019,66100,207900,274000
60801116125,2019,66700,129200,195900
60801116133,2019,66700,157800,224500
60801116141,2019,66100,175800,241900
60801116159,2019,63600,155100,218700
60801116167,2019,62100,154100,216200
60801116175,2019,66100,147000,213100
60801116183,2019,66700,157800,224500
60801116191,2019,66100,150000,216100
60801117016,2019,66100,159500,225600
60801117024,2019,66100,156700,222800
60801117032,2019,66700,204400,271100
60801117040,2019,66100,156700,222800
60801117058,2019,66700,163800,230500
60801117066,2019,66700,162400,229100
60801117074,2019,66700,176300,243000
60801117082,2019,66700,158300,225000
60801117090,2019,65800,189300,255100
60801117107,2019,66100,156700,222800
60801117115,2019,66700,240100,306800
60801117123,2019,66700,171800,238500
60801117131,2019,66700,182400,249100
60801117149,2019,66700,149200,215900
60801117157,2019,66100,150300,216400
60801117165,2019,66700,177500,244200
60801117173,2019,66100,155300,221400
60801117181,2019,66100,156200,222300
60801118014,2019,66100,161900,228000
60801118022,2019,66700,153200,219900
60801118030,2019,66700,165000,231700
60801118048,2019,66700,170300,237000
60801118056,2019,66700,149500,216200
60801118064,2019,66700,165900,232600
60801118072,2019,66700,171400,238100
60801118080,2019,66700,153200,219900
60801118098,2019,66100,178100,244200
60801118105,2019,66100,195000,261100
60801118113,2019,66700,168300,235000
60801118121,2019,66700,170300,237000
60801118139,2019,66700,172800,239500
60801118147,2019,66700,161400,228100
60801118155,2019,66700,158900,225600
60801118163,2019,66700,160200,226900
60801118171,2019,66700,166300,233000
60801118189,2019,66100,158900,225000
60801119012,2019,66100,152600,218700
60801119020,2019,66700,161400,228100
60801119038,2019,66800,160700,227500
60801119046,2019,66700,150300,217000
60801119054,2019,68400,179400,247800
60801119062,2019,60200,200200,260400
60801119070,2019,66800,203900,270700
60801119088,2019,66800,192700,259500
60801119096,2019,66100,168100,234200
60801119103,2019,66700,149700,216400
60801119111,2019,66100,166900,233000
60801119129,2019,66100,176000,242100
60801119137,2019,66100,169600,235700
60801119145,2019,66100,149200,215300
60801119153,2019,67400,163100,230500
60801119161,2019,66700,176300,243000
60801119179,2019,66700,158900,225600
60801119187,2019,67400,170700,238100
60801119195,2019,67500,186600,254100
60801119202,2019,66800,166000,232800
60801119210,2019,66700,149700,216400
60801119228,2019,66700,173800,240500
60801119236,2019,66700,166300,233000
60801119244,2019,66700,153200,219900
60801119252,2019,66100,173700,239800
60801119260,2019,65800,187000,252800
60801120019,2019,78600,134900,213500
60801120027,2019,72500,155500,228000
60801120035,2019,72200,193700,265900
60801120043,2019,75000,129200,204200
60801120051,2019,74800,153200,228000
60801120069,2019,90400,159800,250200
60801120077,2019,93100,107600,200700
60801120085,2019,93200,190400,283600
60801120093,2019,74300,156100,230400
60801120100,2019,73100,173700,246800
60801120118,2019,70900,165600,236500
60801120126,2019,74700,170800,245500
60801120134,2019,77700,156400,234100
60801120142,2019,90600,150300,240900
60801120150,2019,94200,123300,217500
60801120168,2019,80100,167600,247700
60801120176,2019,71600,165200,236800
60801121017,2019,67600,164300,231900
60801121025,2019,68800,129600,198400
60801121033,2019,74300,132200,206500
60801121041,2019,72700,151800,224500
60801121059,2019,69600,170400,240000
60801121067,2019,69000,144400,213400
60801121075,2019,72700,163800,236500
60801121083,2019,70600,141900,212500
60801121091,2019,72000,159700,231700
60801121108,2019,70300,129700,200000
60801121116,2019,72200,151600,223800
60801121124,2019,76900,123800,200700
60801121132,2019,74300,200800,275100
60801121166,2019,70700,135100,205800
60801121174,2019,70600,170500,241100
60801122015,2019,66100,146100,212200
60801122023,2019,66100,167100,233200
60801122031,2019,65800,159800,225600
60801122049,2019,66100,198900,265000
60801122057,2019,66700,181100,247800
60801122065,2019,66700,157900,224600
60801122073,2019,66700,194400,261100
60801122081,2019,66700,173300,240000
60801122099,2019,66700,166500,233200
60801122106,2019,66700,155600,222300
60801122114,2019,67500,171000,238500
60801122122,2019,70800,197400,268200
60801122130,2019,70800,183100,253900
60801122148,2019,70800,152900,223700
60801122156,2019,70800,157300,228100
60801122164,2019,70800,187900,258700
60801122172,2019,70800,210000,280800
60801122180,2019,70800,145400,216200
60801122198,2019,69500,167500,237000
60801122205,2019,69500,183200,252700
60801122213,2019,69500,150000,219500
60801201017,2019,66100,160800,226900
60801201025,2019,67400,181700,249100
60801201033,2019,66800,186200,253000
60801201041,2019,66700,167500,234200
60801201059,2019,66800,154100,220900
60801201067,2019,82600,140500,223100
60801201075,2019,66700,157000,223700
60801201083,2019,63900,246600,310500
60801201091,2019,66100,184500,250600
60801201108,2019,66700,183700,250400
60801201116,2019,66800,237200,304000
60801201124,2019,72900,232100,305000
60801201132,2019,70800,202400,273200
60801201140,2019,70800,202200,273000
60801201158,2019,72200,182000,254200
60801201166,2019,67400,149400,216800
60801201174,2019,70200,195700,265900
60801201182,2019,66700,175200,241900
60801201190,2019,66800,167200,234000
60801201207,2019,67400,143600,211000
60801201215,2019,69500,150400,219900
60801201223,2019,69500,187900,257400
60801201231,2019,69500,173500,243000
60801201249,2019,69500,154200,223700
60801201257,2019,69500,156100,225600
60801201265,2019,69500,162400,231900
60801201273,2019,69500,157400,226900
60801201281,2019,69500,185600,255100
60801201299,2019,67400,198700,266100
60801201306,2019,67400,174500,241900
60801201314,2019,67400,174500,241900
60801201322,2019,67400,164300,231700
60801201330,2019,67400,165100,232500
60801201348,2019,66100,168100,234200
60801201356,2019,66800,169300,236100
60801201364,2019,66700,151600,218300
60801201372,2019,68400,165800,234200
60801201380,2019,66100,172000,238100
60801201398,2019,66100,153800,219900
60801202015,2019,95600,186500,282100
60801202023,2019,94100,157300,251400
60801202031,2019,89100,184000,273100
60801202049,2019,86200,174900,261100
60801202057,2019,82600,218100,300700
60801202065,2019,69500,190300,259800
60801202073,2019,76400,176300,252700
60801202081,2019,74600,211400,286000
60801202099,2019,74600,167300,241900
60801202106,2019,76400,169100,245500
60801202114,2019,83800,188200,272000
60801202122,2019,83800,175000,258800
60801202130,2019,97100,156700,253800
60801202148,2019,90900,183300,274200
60801202156,2019,93400,186500,279900
60801202164,2019,94200,291400,385600
60801202172,2019,96100,11700,107800
60801202180,2019,91600,141700,233300
60801202198,2019,68400,168300,236700
60801202205,2019,66100,170500,236600
60801202213,2019,66700,143600,210300
60801203013,2019,66700,149400,216100
60801203021,2019,66100,184800,250900
60801203039,2019,66100,153800,219900
60801203047,2019,66700,167800,234500
60801203055,2019,66100,166900,233000
60801203063,2019,66700,145000,211700
60801203071,2019,66700,197300,264000
60801203089,2019,66700,222500,289200
60801203097,2019,67400,175600,243000
60801203104,2019,66700,197300,264000
60801203112,2019,66100,183000,249100
60801203120,2019,65000,191300,256300
60801203138,2019,63900,185200,249100
60801203146,2019,65000,174300,239300
60801203154,2019,66100,150400,216500
60801203162,2019,66100,172000,238100
60801203170,2019,66100,157400,223500
60801203188,2019,66100,153400,219500
60801203196,2019,66100,156700,222800
60801203203,2019,66100,197900,264000
60801203211,2019,66800,150100,216900
60801203229,2019,66700,215400,282100
60801203237,2019,63600,169400,233000
60801203245,2019,66100,195000,261100
60801203253,2019,66700,165000,231700
60801204011,2019,65000,158100,223100
60801204029,2019,63900,154000,217900
60801204037,2019,66100,168100,234200
60801204045,2019,63900,138100,202000
60801204053,2019,63900,152200,216100
60801204061,2019,65000,149200,214200
60801204079,2019,65000,197200,262200
60801204087,2019,65000,182800,247800
60801204095,2019,63900,186100,250000
60801204102,2019,65000,164900,229900
60801204110,2019,63600,157600,221200
60801204128,2019,63000,171200,234200
60801205019,2019,67400,150000,217400
60801205027,2019,59100,209100,268200
60801205035,2019,65000,159500,224500
60801205043,2019,66100,189500,255600
60801205051,2019,66100,170900,237000
60801205069,2019,66100,160800,226900
60801205077,2019,66100,176900,243000
60801208013,2019,63300,175700,239000
60801208261,2019,57000,205200,262200
60801208279,2019,50200,175400,225600
60801208287,2019,51100,190800,241900
60801208295,2019,51100,172800,223900
60801208302,2019,51100,211100,262200
60801208310,2019,51100,204000,255100
60801208328,2019,51100,173400,224500
60801208336,2019,57000,208800,265800
60801208344,2019,75600,195400,271000
60801208352,2019,68700,203800,272500
60801208360,2019,75600,178400,254000
60801208378,2019,57000,188500,245500
60801208386,2019,51100,198900,250000
60801208394,2019,51100,219700,270800
60801208401,2019,51100,202800,253900
60801208419,2019,51100,165100,216200
60801208427,2019,51100,197900,249000
60801208435,2019,51100,208800,259900
60801208443,2019,51100,193100,244200
60801208451,2019,51100,193900,245000
60801209011,2019,68400,149000,217400
60801209029,2019,66100,156700,222800
60801209037,2019,70200,157900,228100
60801209045,2019,66100,150900,217000
60801209053,2019,73700,153200,226900
60801209061,2019,63900,149600,213500
60801209079,2019,63000,204900,267900
60801209087,2019,76000,143900,219900
60801209095,2019,86200,180700,266900
60801209102,2019,84000,166400,250400
60801209110,2019,86200,151900,238100
60801209128,2019,86300,151200,237500
60801209136,2019,83900,137300,221200
60801209144,2019,78500,153200,231700
60801209152,2019,66700,148200,214900
60801209160,2019,78900,165900,244800
60801209178,2019,81500,143500,225000
60801209186,2019,78500,169000,247500
60801209194,2019,76400,191000,267400
60801209201,2019,74300,181200,255500
60801209219,2019,70200,162000,232200
60801209227,2019,73700,141200,214900
60801209235,2019,67400,161900,229300
60801209243,2019,70800,146600,217400
60801209251,2019,69500,157400,226900
60801209269,2019,66800,166200,233000
60801209277,2019,66700,165000,231700
60801209285,2019,66800,183600,250400
60801209293,2019,66100,150100,216200
60801209300,2019,66700,158900,225600
60801210018,2019,70100,114900,185000
60801210026,2019,64700,158900,223600
60801210034,2019,64700,161800,226500
60801210042,2019,68700,147200,215900
60801210050,2019,72100,174500,246600
60801210068,2019,66400,192400,258800
60801210076,2019,64300,160900,225200
60801210084,2019,64700,151700,216400
60801210092,2019,68700,146500,215200
60801210109,2019,64300,150900,215200
60801210117,2019,64300,160900,225200
60801210125,2019,69100,167000,236100
60801210133,2019,66400,164100,230500
60801210141,2019,64800,156400,221200
60801210159,2019,72900,166400,239300
60801210167,2019,68700,167000,235700
60801210175,2019,64800,197400,262200
60801210183,2019,72100,198500,270600
60801210191,2019,69100,193400,262500
60801210208,2019,64800,158300,223100
60801210216,2019,66400,168700,235100
60801210232,2019,65400,178800,244200
60801210240,2019,65400,159100,224500
60801210258,2019,70100,155400,225500
60801211016,2019,79500,167700,247200
60801211024,2019,69800,180200,250000
60801211032,2019,66400,155100,221500
60801211040,2019,72100,167200,239300
60801211058,2019,76400,178800,255200
60801211066,2019,68700,222800,291500
60801211074,2019,69800,173200,243000
60801211082,2019,75600,139700,215300
60801211090,2019,72900,164100,237000
60801211107,2019,73800,164700,238500
60801211115,2019,64700,163400,228100
60801211123,2019,70100,172900,243000
60801211131,2019,72100,192600,264700
60801211149,2019,73800,178200,252000
60801211157,2019,72900,162500,235400
60801212014,2019,82700,150600,233300
60801212022,2019,71100,190200,261300
60801212030,2019,64300,193100,257400
60801212048,2019,62900,199600,262500
60801212056,2019,72100,163600,235700
60801212064,2019,76400,147600,224000
60801212072,2019,80100,154900,235000
60801212080,2019,76400,167800,244200
60801212098,2019,82900,189100,272000
60801212105,2019,82900,168000,250900
60801212113,2019,82900,197400,280300
60801212121,2019,80100,155600,235700
60801212139,2019,80100,166500,246600
60801212147,2019,70100,181100,251200
60801212155,2019,76400,146600,223000
60801212163,2019,77400,132800,210200
60801212171,2019,68700,176200,244900
60801212189,2019,77400,139100,216500
60801212197,2019,80100,148000,228100
60801212204,2019,82900,129600,212500
60801212212,2019,71100,147600,218700
60801212220,2019,72100,177000,249100
60801212238,2019,79500,144600,224100
60801212246,2019,77000,176400,253400
60801212254,2019,69300,197600,266900
60801212262,2019,66400,161700,228100
60801212270,2019,69300,166400,235700
60801212288,2019,74200,152700,226900
60801212296,2019,68700,161200,229900
60801212303,2019,65800,179700,245500
60801212311,2019,70100,183900,254000
60801212329,2019,73100,144300,217400
60801212337,2019,73100,182000,255100
60801212345,2019,70100,188700,258800
60801212353,2019,67500,199800,267300
60801212361,2019,73100,163900,237000
60801212379,2019,79800,188600,268400
60801212387,2019,79800,203600,283400
60801212395,2019,73500,180900,254400
60801212402,2019,70100,162500,232600
60801212410,2019,68700,175100,243800
60801212428,2019,74200,143200,217400
60801212436,2019,65800,150600,216400
60801212444,2019,68700,165800,234500
60801212452,2019,72100,187100,259200
60801212460,2019,77000,148000,225000
60801212478,2019,73800,150700,224500
60801212486,2019,74200,160000,234200
60801212494,2019,89400,127100,216500
60801212501,2019,98000,163500,261500
60801212519,2019,84700,164400,249100
60801212527,2019,88800,163900,252700
60801212535,2019,84400,172000,256400
60801213012,2019,69300,149400,218700
60801213020,2019,68700,173000,241700
60801213038,2019,71100,165900,237000
60801213046,2019,74200,164800,239000
60801213054,2019,72100,162900,235000
60801213062,2019,75800,158700,234500
60801213070,2019,75800,157200,233000
60801213088,2019,74200,155700,229900
60801213096,2019,75700,160900,236600
60801213103,2019,75600,192600,268200
60801213111,2019,69300,147700,217000
60801213129,2019,70100,166900,237000
60801213137,2019,75700,202600,278300
60801213145,2019,73800,187300,261100
60801213153,2019,73100,161200,234300
60801213161,2019,75800,169100,244900
60801213179,2019,73800,161900,235700
60801213187,2019,70100,159500,229600
60801213195,2019,73800,181300,255100
60801213202,2019,70100,173900,244000
60801213210,2019,73800,186700,260500
60801213228,2019,70100,173600,243700
60801213236,2019,76400,152900,229300
60801213244,2019,73800,157900,231700
60801213252,2019,72000,180700,252700
60801213260,2019,75800,154700,230500
60801213278,2019,75800,184400,260200
60801213286,2019,72900,157600,230500
60801213294,2019,82800,151500,234300
60801214010,2019,69300,155300,224600
60801214028,2019,68700,164600,233300
60801214036,2019,69300,183400,252700
60801214044,2019,69300,167200,236500
60801214052,2019,69800,147600,217400
60801214060,2019,69800,165200,235000
60801214078,2019,73500,165300,238800
60801217014,2019,84700,166700,251400
60801217022,2019,98000,134600,232600
60801217030,2019,84700,139000,223700
60801217048,2019,85200,134700,219900
60801217056,2019,82000,174600,256600
60801217064,2019,84600,145300,229900
60801217072,2019,80100,163600,243700
60801217080,2019,83700,150500,234200
60801217098,2019,83700,150500,234200
60801217105,2019,80100,185500,265600
60801217113,2019,84400,185200,269600
60801217121,2019,82000,142500,224500
60801217139,2019,85200,199500,284700
60801217147,2019,91300,127400,218700
60801218012,2019,71100,154500,225600
60801218020,2019,69800,157100,226900
60801218038,2019,78100,153200,231300
60801218046,2019,78800,183500,262300
60801218054,2019,57900,167000,224900
60801218062,2019,78800,145000,223800
60801218153,2019,78800,158100,236900
60801218161,2019,65800,155400,221200
60801218187,2019,75600,141200,216800
60801219010,2019,71100,183000,254100
60801219028,2019,69800,192400,262200
60801219036,2019,71100,178900,250000
60801219044,2019,69800,176800,246600
60801219052,2019,69800,154300,224100
60801219060,2019,71100,196000,267100
60801219078,2019,73100,160200,233300
60801219086,2019,71100,159400,230500
60801219094,2019,71700,165300,237000
60801219101,2019,73800,160700,234500
60801219119,2019,72100,183000,255100
60801219127,2019,73800,160200,234000
60801219135,2019,90300,147800,238100
60801219143,2019,84700,190600,275300
60801219151,2019,69800,179300,249100
60801219169,2019,70100,163100,233200
60801219177,2019,73500,179800,253300
60801219185,2019,73800,171700,245500
60801219193,2019,73500,151000,224500
60801219200,2019,73100,172400,245500
60801219218,2019,87200,134200,221400
60801219226,2019,84600,167500,252100
60801219234,2019,87800,161300,249100
60801219242,2019,76400,175200,251600
60801219250,2019,73800,165300,239100
60801219268,2019,73100,148300,221400
60801219276,2019,72900,179800,252700
60801219284,2019,69300,178800,248100
60801219292,2019,71100,190900,262000
60801301015,2019,70800,138700,209500
60801301023,2019,72800,150800,223600
60801301031,2019,76900,151100,228000
60801301049,2019,71900,139400,211300
60801301057,2019,71400,155300,226700
60801301065,2019,71900,153700,225600
60801301073,2019,69700,158300,228000
60801301081,2019,71100,181700,252800
60801301099,2019,70600,196800,267400
60801301106,2019,71100,132800,203900
60801301114,2019,69700,156900,226600
60801301122,2019,73500,137200,210700
60801302013,2019,70900,161000,231900
60801302021,2019,72100,140600,212700
60801302039,2019,72800,160200,233000
60801302047,2019,72100,145300,217400
60801302055,2019,74200,132300,206500
60801302063,2019,84500,138000,222500
60801302071,2019,72800,156100,228900
60801302089,2019,70400,134600,205000
60801302097,2019,71400,173900,245300
60801302104,2019,70600,196700,267300
60801302112,2019,71900,151100,223000
60801302120,2019,73000,182400,255400
60801302138,2019,73500,145200,218700
60801302146,2019,77700,187300,265000
60801302154,2019,86500,129400,215900
60801302162,2019,98200,178800,277000
60801302170,2019,78800,139500,218300
60801302188,2019,73500,186500,260000
60801302196,2019,73000,137600,210600
60801302203,2019,71900,171500,243400
60801302211,2019,70400,163500,233900
60801302229,2019,71100,156900,228000
60801302237,2019,68600,161600,230200
60801302245,2019,70100,168900,239000
60801302253,2019,71400,201600,273000
60801302261,2019,70400,143600,214000
60801302279,2019,73200,166100,239300
60801302287,2019,76900,146400,223300
60801302295,2019,74000,154100,228100
60801303011,2019,70400,174900,245300
60801303029,2019,70800,140100,210900
60801303037,2019,70900,173200,244100
60801303045,2019,73500,133100,206600
60801303053,2019,73700,132900,206600
60801303061,2019,72200,138400,210600
60801303079,2019,73200,136600,209800
60801303087,2019,72200,161700,233900
60801303095,2019,72200,156100,228300
60801303102,2019,79000,128800,207800
60801303110,2019,85700,148200,233900
60801303128,2019,73600,136100,209700
60801303136,2019,69300,178200,247500
60801303144,2019,70400,148000,218400
60801303152,2019,70800,158900,229700
60801303160,2019,73300,141800,215100
60801303178,2019,70600,162200,232800
60801303186,2019,73300,145300,218600
60801303194,2019,72200,177400,249600
60801303201,2019,77100,182900,260000
60801303219,2019,79500,157600,237100
60801303227,2019,81200,149400,230600
60801303235,2019,82700,198900,281600
60801303243,2019,71900,147000,218900
60801303251,2019,78900,189400,268300
60801303269,2019,76300,188400,264700
60801303277,2019,83500,159500,243000
60801303285,2019,71400,145900,217300
60801303293,2019,75400,131900,207300
60801303300,2019,78000,147800,225800
60801303318,2019,76100,162700,238800
60801304019,2019,72200,143200,215400
60801304027,2019,70400,153700,224100
60801304035,2019,81200,171500,252700
60801304043,2019,79300,182200,261500
60801304051,2019,83500,127400,210900
60801304069,2019,94500,120100,214600
60801304077,2019,74000,153200,227200
60801304085,2019,73000,187000,260000
60801304093,2019,72500,141500,214000
60801304100,2019,74100,170100,244200
60801304118,2019,75200,145800,221000
60801304126,2019,72500,150000,222500
60801304134,2019,71100,147700,218800
60801304142,2019,72800,182200,255000
60801304150,2019,70900,174500,245400
60801304168,2019,71800,159100,230900
60801304176,2019,69300,160100,229400
60801304184,2019,68600,177200,245800
60801304192,2019,69300,147700,217000
60801304209,2019,70600,189400,260000
60801304217,2019,70600,162200,232800
60801304225,2019,71100,167700,238800
60801304233,2019,71700,146700,218400
60801304241,2019,73500,191500,265000
60801304259,2019,79300,154900,234200
60801304267,2019,76300,169500,245800
60801305017,2019,68600,162000,230600
60801305025,2019,71700,175900,247600
60801305033,2019,71700,166700,238400
60801305041,2019,73000,179300,252300
60801305059,2019,69100,150100,219200
60801305067,2019,71800,154000,225800
60801305075,2019,73000,143400,216400
60801305083,2019,73200,151900,225100
60801305091,2019,73600,137300,210900
60801305108,2019,76900,148200,225100
60801305116,2019,76100,166300,242400
60801305124,2019,75400,142200,217600
60801305132,2019,74000,146600,220600
60801305140,2019,73200,161100,234300
60801305158,2019,70400,153100,223500
60801305166,2019,75500,131100,206600
60801305174,2019,75200,155100,230300
60801305182,2019,77700,163600,241300
60801305190,2019,98200,112700,210900
60801305207,2019,76900,143900,220800
60801305215,2019,85800,163800,249600
60801305223,2019,73300,163500,236800
60801305231,2019,75200,139200,214400
60801305249,2019,74200,137100,211300
60801305257,2019,86100,151600,237700
60801305265,2019,76200,157700,233900
60801305273,2019,73200,157800,231000
60801305281,2019,73700,147600,221300
60801305299,2019,68800,143900,212700
60801306015,2019,73300,145900,219200
60801306023,2019,72800,146500,219300
60801306031,2019,72100,203000,275100
60801306049,2019,72500,154800,227300
60801306057,2019,72500,139500,212000
60801306065,2019,72100,208000,280100
60801306073,2019,72800,158500,231300
60801306081,2019,73300,168200,241500
60801307013,2019,73000,148300,221300
60801307021,2019,71800,151900,223700
60801307039,2019,85700,161700,247400
60801307047,2019,79300,169700,249000
60801307055,2019,79700,142800,222500
60801307063,2019,69000,155700,224700
60801307071,2019,72100,147100,219200
60801307089,2019,74100,143500,217600
60801307097,2019,77200,154300,231500
60801307104,2019,74200,146700,220900
60801307112,2019,70400,141600,212000
60801307120,2019,76900,186000,262900
60801307138,2019,73600,136900,210500
60801308011,2019,84200,131400,215600
60801308029,2019,75500,144500,220000
60801308037,2019,79000,135900,214900
60801308045,2019,75500,154400,229900
60801308053,2019,71700,163200,234900
60801308061,2019,70400,152100,222500
60801308079,2019,72500,175500,248000
60801308087,2019,79500,148200,227700
60801308095,2019,74000,164500,238500
60801308102,2019,70900,144000,214900
60801308110,2019,70400,142300,212700
60801308128,2019,68100,179400,247500
60801308136,2019,70100,166300,236400
60801308144,2019,67500,154200,221700
60801308152,2019,71800,162100,233900
60801308160,2019,72200,145800,218000
60801308178,2019,67500,173100,240600
60801308186,2019,71800,147500,219300
60801308194,2019,68100,147400,215500
60801308201,2019,72200,155200,227400
60801308219,2019,68100,152000,220100
60801308227,2019,71800,139300,211100
60801308251,2019,70600,147300,217900
60801308269,2019,70800,171200,242000
60801308277,2019,73500,157400,230900
60801308285,2019,79300,172900,252200
60801310016,2019,83500,151500,235000
60801310058,2019,71500,159400,230900
60801310066,2019,72500,166700,239200
60801310074,2019,73000,161700,234700
60801310082,2019,73200,199600,272800
60801310090,2019,73300,184400,257700
60801310107,2019,74800,162400,237200
60801310115,2019,84400,202600,287000
60801311014,2019,67300,169700,237000
60801311022,2019,67300,172900,240200
60801311030,2019,67300,196700,264000
60801311048,2019,67300,199300,266600
60801311056,2019,67300,194700,262000
60801311064,2019,67100,179500,246600
60801311072,2019,75600,192600,268200
60801311080,2019,72000,219600,291600
60801311098,2019,74000,228600,302600
60801311105,2019,81300,227700,309000
60801311113,2019,81300,238200,319500
60801311121,2019,88400,263300,351700
60801311139,2019,92500,259000,351500
60801311147,2019,83900,220000,303900
60801311155,2019,78000,241300,319300
60801311163,2019,71300,236500,307800
60801311171,2019,73200,254700,327900
60801311189,2019,75100,253500,328600
60801311197,2019,77900,262100,340000
60801311204,2019,75800,241800,317600
60801311246,2019,76700,226900,303600
60801311254,2019,77100,273600,350700
60801311262,2019,75400,273000,348400
60801311270,2019,78000,217500,295500
60801311288,2019,78000,208900,286900
60801312012,2019,66600,180000,246600
60801312020,2019,68800,150300,219100
60801312038,2019,66600,177800,244400
60801312046,2019,78900,221000,299900
60801312054,2019,82800,200600,283400
60801312062,2019,76900,202300,279200
60801312070,2019,71000,246500,317500
60801312088,2019,73200,248700,321900
60801312096,2019,73200,217000,290200
60801312103,2019,71800,234400,306200
60801312111,2019,97400,232600,330000
60801312129,2019,93600,222700,316300
60801312137,2019,92100,216500,308600
60801312145,2019,83500,243700,327200
60801312153,2019,64600,202800,267400
60801312161,2019,70600,186200,256800
60801312179,2019,68600,183600,252200
60801312187,2019,68600,175500,244100
60801312195,2019,68600,158000,226600
60801312202,2019,68800,180300,249100
60801312210,2019,70600,220700,291300
60801312228,2019,72600,198800,271400
60801312236,2019,72600,196900,269500
60801312244,2019,72600,226700,299300
60801312252,2019,72600,218400,291000
60801312260,2019,72600,207700,280300
60801312278,2019,75400,239800,315200
60801312286,2019,72900,202700,275600
60801312294,2019,73300,262000,335300
60801312301,2019,79300,247400,326700
60801312319,2019,81400,245700,327100
60801312327,2019,77200,207200,284400
60801312335,2019,73200,256600,329800
60801312343,2019,72900,222700,295600
60801312351,2019,72900,268100,341000
60801312369,2019,72600,240200,312800
60801312377,2019,102500,250100,352600
60801312385,2019,101100,243100,344200
60801312393,2019,94200,226100,320300
60801312400,2019,75100,228500,303600
60801312418,2019,72900,234800,307700
60801312426,2019,72900,236000,308900
60801312434,2019,72300,219000,291300
60801312442,2019,84600,219600,304200
60801312450,2019,74000,211000,285000
60801312468,2019,72000,257800,329800
60801312476,2019,74300,266200,340500
60801312484,2019,72900,251500,324400
60801312492,2019,72900,239700,312600
60801312509,2019,74300,235700,310000
60801312517,2019,76400,271000,347400
60801313010,2019,97400,239600,337000
60801313028,2019,97400,212400,309800
60801313036,2019,98600,232000,330600
60801313044,2019,116900,168600,285500
60801313052,2019,74100,209300,283400
60801313060,2019,71400,189600,261000
60801313078,2019,71300,181300,252600
60801313086,2019,74000,250000,324000
60801313094,2019,75100,243500,318600
60801313101,2019,73700,233300,307000
60801313119,2019,83400,300100,383500
60801313127,2019,72000,263600,335600
60801313135,2019,69500,268500,338000
60801313143,2019,80600,247800,328400
60801313151,2019,78900,275000,353900
60801313169,2019,76700,267500,344200
60801313177,2019,88500,263400,351900
60801313185,2019,75600,270800,346400
60801313193,2019,75100,263200,338300
60801313200,2019,71400,282100,353500
60801313218,2019,77300,251000,328300
60801313226,2019,83000,224100,307100
60801313234,2019,75100,257600,332700
60801313242,2019,73800,242200,316000
60801313250,2019,71800,241100,312900
60801313268,2019,71800,268400,340200
60801313276,2019,71800,242200,314000
60801313284,2019,72200,243200,315400
60801314042,2019,72600,276000,348600
60801314050,2019,79600,203600,283200
60801315016,2019,79000,266000,345000
60801315024,2019,73800,206600,280400
60801315032,2019,76700,261300,338000
60801315040,2019,79300,242000,321300
60801315058,2019,81500,215500,297000
60801315066,2019,77900,249700,327600
60801315074,2019,73300,215100,288400
60801315082,2019,69700,279300,349000
60801315090,2019,71600,255100,326700
60801315107,2019,71700,253600,325300
60801315115,2019,72300,276100,348400
60801315123,2019,75600,246000,321600
60801315131,2019,79800,263400,343200
60801315149,2019,78000,277000,355000
60801315157,2019,74000,271200,345200
60801315165,2019,86100,251100,337200
60801315173,2019,77800,272700,350500
60801315181,2019,89400,263600,353000
60801315199,2019,83100,248500,331600
60801315206,2019,73200,248700,321900
60801315214,2019,76200,226400,302600
60801401013,2019,80400,133600,214000
60801401021,2019,75800,141600,217400
60801401039,2019,76400,253600,330000
60801401047,2019,79300,165600,244900
60801401055,2019,73300,138200,211500
60801401063,2019,77900,171600,249500
60801401071,2019,75200,136400,211600
60801401089,2019,73300,145500,218800
60801401097,2019,77200,133200,210400
60801401104,2019,74900,189800,264700
60801401112,2019,73300,164100,237400
60801401120,2019,78800,144300,223100
60801401138,2019,78800,135300,214100
60801401146,2019,75400,135300,210700
60801401154,2019,74800,136200,211000
60801401162,2019,75800,177000,252800
60801401170,2019,73300,204400,277700
60801401188,2019,75700,167200,242900
60801401196,2019,83900,135000,218900
60801401203,2019,88400,134600,223000
60801401211,2019,91500,170000,261500
60801401229,2019,94200,125200,219400
60801401237,2019,83000,173500,256500
60801401245,2019,79000,172900,251900
60801401253,2019,82800,159300,242100
60801401261,2019,80600,146500,227100
60801401279,2019,87500,190100,277600
60801401287,2019,84300,145500,229800
60801401295,2019,78900,191600,270500
60801401302,2019,74300,164700,239000
60801401310,2019,73700,224800,298500
60801401328,2019,73200,202400,275600
60801401336,2019,75600,226200,301800
60801401344,2019,74100,252500,326600
60801401352,2019,75700,213400,289100
60801402011,2019,78900,158200,237100
60801402029,2019,76400,141300,217700
60801402037,2019,73700,142200,215900
60801402045,2019,72000,138700,210700
60801402053,2019,73800,159600,233400
60801402061,2019,71600,158300,229900
60801402079,2019,72600,138500,211100
60801402087,2019,73300,145600,218900
60801402095,2019,87000,162300,249300
60801402102,2019,83500,220000,303500
60801402110,2019,73700,191500,265200
60801402128,2019,74900,170400,245300
60801402136,2019,73700,150400,224100
60801402144,2019,73800,136800,210600
60801402152,2019,74300,134500,208800
60801403019,2019,73800,171600,245400
60801403027,2019,75800,152700,228500
60801403035,2019,77900,176200,254100
60801403043,2019,77900,162000,239900
60801403051,2019,75700,144500,220200
60801403069,2019,77900,191100,269000
60801403077,2019,77900,172300,250200
60801403085,2019,77900,140200,218100
60801403093,2019,77900,154000,231900
60801403100,2019,77900,187600,265500
60801403118,2019,77300,156400,233700
60801403126,2019,72300,166900,239200
60801404017,2019,75800,162800,238600
60801404025,2019,88400,223200,311600
60801404033,2019,77300,174700,252000
60801404041,2019,75100,164200,239300
60801404059,2019,77300,177700,255000
60801404067,2019,75800,138200,214000
60801404075,2019,75100,218800,293900
60801404083,2019,80900,207600,288500
60801404091,2019,86900,164100,251000
60801404108,2019,98300,191700,290000
60801404116,2019,75100,161600,236700
60801404124,2019,76200,137300,213500
60801404132,2019,74900,179200,254100
60801404140,2019,81400,170200,251600
60801404158,2019,74900,173900,248800
60801404166,2019,74600,216800,291400
60801404174,2019,70400,299000,369400
60801404223,2019,80600,160100,240700
60801404231,2019,81500,217500,299000
60801404249,2019,76700,256000,332700
60801404257,2019,76200,198900,275100
60801404265,2019,86800,236800,323600
60801404273,2019,81400,233700,315100
60801404281,2019,92400,213400,305800
60801404299,2019,83800,225300,309100
60801404306,2019,92700,203500,296200
60801404314,2019,78000,231100,309100
60801404322,2019,75800,205300,281100
60801404330,2019,74300,244500,318800
60801404348,2019,76200,230600,306800
60801405031,2019,75800,176200,252000
60801405049,2019,75700,161300,237000
60801405057,2019,75800,162900,238700
60801405065,2019,75100,189200,264300
60801405073,2019,76700,150700,227400
60801405172,2019,85100,156400,241500
60801407011,2019,70700,163500,234200
60801407029,2019,72600,192600,265200
60801407037,2019,71800,166700,238500
60801407045,2019,73800,181400,255200
60801407053,2019,82300,204700,287000
60801407061,2019,91100,187000,278100
60801407079,2019,82800,216900,299700
60801407087,2019,88700,248800,337500
60801407095,2019,85100,257700,342800
60801407102,2019,84600,224300,308900
60801407110,2019,79600,230100,309700
60801407128,2019,77900,228900,306800
60801407136,2019,76900,167100,244000
60801407144,2019,76400,178300,254700
60801407152,2019,74300,232300,306600
60801407160,2019,75600,180800,256400
60801407178,2019,91500,240900,332400
60801407186,2019,84600,205200,289800
60801407194,2019,99300,239500,338800
60801407201,2019,83100,213300,296400
60801407219,2019,83900,198400,282300
60801407227,2019,75200,206700,281900
60801407235,2019,78900,214400,293300
60801407243,2019,78000,210200,288200
60801408019,2019,72000,233200,305200
60801408027,2019,75800,246600,322400
60801408035,2019,80300,281900,362200
60801408043,2019,97100,237500,334600
60801408051,2019,95100,250400,345500
60801408069,2019,94200,271900,366100
60801408077,2019,72900,215700,288600
60801408085,2019,74800,228900,303700
60801408093,2019,78800,166500,245300
60801408100,2019,94600,259000,353600
60801408118,2019,96700,243300,340000
60801408126,2019,94600,207000,301600
60801408134,2019,93700,168000,261700
60801408142,2019,81900,149000,230900
60801408150,2019,77100,143300,220400
60801408168,2019,70700,241300,312000
60801408176,2019,68100,203900,272000
60801408184,2019,72600,178900,251500
60801408192,2019,77200,145600,222800
60801408209,2019,86900,184100,271000
60801408217,2019,83100,141100,224200
60801408233,2019,75100,136400,211500
60801408241,2019,70600,170800,241400
60801408259,2019,67600,170700,238300
60801408267,2019,67600,199100,266700
60801408275,2019,67600,170100,237700
60801408283,2019,67600,200900,268500
60801408291,2019,67600,182000,249600
60801408308,2019,67600,171600,239200
60801409017,2019,74800,136500,211300
60801409025,2019,74300,182900,257200
60801409033,2019,72200,162600,234800
60801409041,2019,77900,153500,231400
60801409059,2019,75400,205000,280400
60801409067,2019,74000,212300,286300
60801409075,2019,76200,182700,258900
60801409083,2019,80300,179600,259900
60801409091,2019,75200,241800,317000
60801409108,2019,76900,186400,263300
60801409116,2019,79000,162400,241400
60801409124,2019,74600,136600,211200
60801409132,2019,68900,159800,228700
60801409140,2019,68900,202200,271100
60801409158,2019,69200,140800,210000
60801409166,2019,68800,194800,263600
60801409174,2019,68400,181400,249800
60801409182,2019,66500,178200,244700
60801409190,2019,69200,140000,209200
60801409207,2019,70400,194600,265000
60801409215,2019,87900,188900,276800
60801409223,2019,75200,158400,233600
60801409231,2019,80400,152400,232800
60801409249,2019,73300,199000,272300
60801409257,2019,68800,204700,273500
60801409265,2019,71800,168300,240100
60801409273,2019,68000,186700,254700
60801410030,2019,74000,151200,225200
60801410048,2019,76400,217800,294200
60801410056,2019,75800,192200,268000
60801410064,2019,74300,153000,227300
60801410072,2019,72200,177200,249400
60801410080,2019,73700,207100,280800
60801410098,2019,74800,238900,313700
60801410105,2019,74800,186200,261000
60801410113,2019,75700,202800,278500
60801410121,2019,73700,178700,252400
60801410139,2019,71800,168200,240000
60801410147,2019,77800,160300,238100
60801410155,2019,75700,210300,286000
60801410163,2019,75800,190500,266300
60801411012,2019,78800,213900,292700
60801411020,2019,85900,179100,265000
60801411038,2019,79800,174300,254100
60801411046,2019,74900,143400,218300
60801411054,2019,75800,241600,317400
60801411062,2019,74300,154900,229200
60801411070,2019,72600,182100,254700
60801411088,2019,69900,222200,292100
60801411096,2019,72200,208600,280800
60801411103,2019,73200,234600,307800
60801411111,2019,107900,205100,313000
60801411129,2019,92700,277300,370000
60801411137,2019,79400,231100,310500
60801411145,2019,74300,220100,294400
60801411153,2019,77800,141800,219600
60801411161,2019,79000,240500,319500
60801411179,2019,78500,161300,239800
60801411187,2019,80300,212900,293200
60801411195,2019,73300,159500,232800
60801411202,2019,75400,162800,238200
60801411210,2019,73400,209300,282700
60801411228,2019,74800,136800,211600
60801411236,2019,72200,212700,284900
60801411244,2019,71700,193400,265100
60801411252,2019,72900,237000,309900
60801411260,2019,73700,225500,299200
60801411278,2019,73800,214400,288200
60801411286,2019,73200,194100,267300
60801411294,2019,72300,224100,296400
60801411301,2019,70900,225500,296400
60801411319,2019,71600,165900,237500
60801411327,2019,71600,274000,345600
60801411343,2019,75800,215800,291600
60801411351,2019,76900,257400,334300
60801411369,2019,82400,248500,330900
60801411377,2019,77300,221700,299000
60801411385,2019,78000,199100,277100
60801411393,2019,77100,191300,268400
60801411400,2019,84800,264600,349400
60801412010,2019,72200,186700,258900
60801412028,2019,72900,199700,272600
60801412036,2019,73700,220200,293900
60801412044,2019,75600,246200,321800
60801412052,2019,79000,191800,270800
60801412060,2019,80300,186400,266700
60801412078,2019,78500,260600,339100
60801412086,2019,75100,246300,321400
60801412094,2019,75600,174600,250200
60801412101,2019,78800,233800,312600
60801412119,2019,82800,227200,310000
60801412127,2019,84400,185900,270300
60801412135,2019,84400,201600,286000
60801412143,2019,78900,174800,253700
60801412151,2019,79600,228100,307700
60801412169,2019,77900,159300,237200
60801412177,2019,73700,222700,296400
60801412185,2019,73700,180300,254000
60801412193,2019,73800,162200,236000
60801412200,2019,76700,192000,268700
60801412218,2019,75800,183600,259400
60801412226,2019,78000,259300,337300
60801412234,2019,80300,213500,293800
60801412242,2019,83000,213000,296000
60801412250,2019,80900,202800,283700
60801412268,2019,88600,235100,323700
60801412276,2019,77800,224100,301900
60801412284,2019,75400,203100,278500
60801412292,2019,77100,237000,314100
60801412309,2019,75700,177700,253400
60801412317,2019,73800,209100,282900
60801413026,2019,74900,180000,254900
60801413034,2019,74300,208600,282900
60801413042,2019,74900,236100,311000
60801413050,2019,73700,203100,276800
60801413068,2019,72900,210000,282900
60801413076,2019,81500,163200,244700
60801413084,2019,78900,183700,262600
60801413133,2019,69500,146700,216200
60801413141,2019,69700,149300,219000
60801413191,2019,68600,148000,216600
60801413208,2019,69700,157200,226900
60801414016,2019,85900,209700,295600
60801414024,2019,85300,207500,292800
60801414032,2019,80300,194900,275200
60801414040,2019,83100,232500,315600
60801414058,2019,75200,246400,321600
60801414066,2019,74900,239300,314200
60801414074,2019,75400,231600,307000
60801414082,2019,83100,188000,271100
60801414090,2019,94200,229600,323800
60801414107,2019,79400,212800,292200
60801414115,2019,75700,233600,309300
60801414123,2019,74900,220800,295700
60801414131,2019,74900,249000,323900
60801414149,2019,77300,183700,261000
60801414157,2019,79300,217300,296600
60801414165,2019,100600,218900,319500
60801414173,2019,88100,239400,327500
60801414181,2019,84400,205000,289400
60801414199,2019,88600,196400,285000
60801414206,2019,86800,198900,285700
60801414214,2019,83900,227100,311000
60801414222,2019,98200,260300,358500
60801414230,2019,96800,161200,258000
60801414248,2019,102900,235600,338500
60801414256,2019,81000,239300,320300
60801414264,2019,83900,213300,297200
60801414272,2019,74900,181100,256000
60801414280,2019,74800,199400,274200
60801414298,2019,75800,198900,274700
60801414305,2019,80900,215600,296500
60801414313,2019,89600,250400,340000
60801414321,2019,102800,261200,364000
60801414339,2019,106600,225000,331600
60801414347,2019,85400,203100,288500
60801415014,2019,78900,152500,231400
60801415022,2019,73200,152400,225600
60801415030,2019,75800,217200,293000
60801415048,2019,83000,163200,246200
60801415056,2019,81300,202400,283700
60801415064,2019,75600,216200,291800
60801415072,2019,86800,203700,290500
60801415080,2019,85900,239100,325000
60801415098,2019,99000,180400,279400
60801415105,2019,77300,187400,264700
60801415113,2019,80600,168300,248900
60801415121,2019,77900,236500,314400
60801415139,2019,87600,235700,323300
60801415147,2019,98700,245900,344600
60801415155,2019,88400,236400,324800
60801415163,2019,80900,213000,293900
60801416012,2019,79000,217400,296400
60801416020,2019,72600,174400,247000
60801416038,2019,73800,218100,291900
60801416046,2019,74800,226100,300900
60801416054,2019,69900,241500,311400
60801416062,2019,72200,203100,275300
60801416070,2019,72200,218500,290700
60801416088,2019,71600,185300,256900
60801416096,2019,75200,238800,314000
60801416103,2019,74300,219600,293900
60801416111,2019,77200,265500,342700
60801416129,2019,75800,192200,268000
60801416137,2019,94200,226100,320300
60801416145,2019,85600,221400,307000
60802101018,2019,73700,142500,216200
60802101026,2019,72100,180400,252500
60802101034,2019,73700,159900,233600
60802101042,2019,72100,172900,245000
60802101050,2019,79800,138600,218400
60802101068,2019,83900,162600,246500
60802101076,2019,91100,141600,232700
60802101084,2019,107600,144800,252400
60802101092,2019,78600,177900,256500
60802101109,2019,67000,184500,251500
60802101117,2019,72100,190900,263000
60802101125,2019,72100,174100,246200
60802101133,2019,73700,194500,268200
60802102016,2019,68900,162600,231500
60802102024,2019,67000,166600,233600
60802102032,2019,65300,155400,220700
60802102040,2019,72100,143200,215300
60802102058,2019,68900,229200,298100
60802102066,2019,67000,193000,260000
60802102074,2019,72100,178500,250600
60802102082,2019,77300,207700,285000
60802102090,2019,89300,229200,318500
60802102107,2019,129700,168700,298400
60802102115,2019,99300,142300,241600
60802102123,2019,83900,200300,284200
60802102131,2019,77300,174400,251700
60802102149,2019,68900,195100,264000
60802102157,2019,72100,229000,301100
60802102165,2019,65300,226200,291500
60802102173,2019,68900,203900,272800
60802102181,2019,85600,154900,240500
60802103014,2019,65300,160400,225700
60802103022,2019,72100,165300,237400
60802103030,2019,73700,193000,266700
60802103048,2019,68900,222700,291600
60802103056,2019,70700,172500,243200
60802103064,2019,65300,169400,234700
60802103072,2019,73700,198900,272600
60802103080,2019,90600,195100,285700
60802103098,2019,149600,110900,260500
60802103105,2019,120400,178700,299100
60802103113,2019,122800,173700,296500
60802103121,2019,77300,201900,279200
60802103139,2019,77300,180200,257500
60802103147,2019,91100,164300,255400
60802103155,2019,89100,159600,248700
60802103197,2019,83900,186100,270000
60802103204,2019,80000,180400,260400
60802103212,2019,91500,170800,262300
60802103220,2019,83800,200800,284600
60802103238,2019,86200,187600,273800
60802103246,2019,86200,163300,249500
60802103254,2019,86200,199700,285900
60802103262,2019,86600,174100,260700
60802103270,2019,95800,219200,315000
60802104012,2019,84300,187600,271900
60802104020,2019,80000,235600,315600
60802104038,2019,76600,219100,295700
60802104046,2019,68500,173300,241800
60802104054,2019,73700,199700,273400
60802104062,2019,78600,168100,246700
60802104070,2019,68900,182500,251400
60802104088,2019,68900,189700,258600
60802104096,2019,68900,172100,241000
60802104103,2019,68900,157600,226500
60802104111,2019,68900,152200,221100
60802104129,2019,67000,194500,261500
60802104137,2019,70700,194300,265000
60802104145,2019,73700,196400,270100
60802104153,2019,75800,192800,268600
60802104161,2019,78400,148600,227000
60802104179,2019,91100,159800,250900
60802104187,2019,144100,128900,273000
60802104195,2019,152500,172000,324500
60802104202,2019,81900,188200,270100
60802104210,2019,78600,178900,257500
60802104228,2019,78600,193800,272400
60802104236,2019,75800,186900,262700
60802104244,2019,73700,197300,271000
60802104252,2019,71000,153300,224300
60802104260,2019,70700,162500,233200
60802104278,2019,86200,183900,270100
60802104286,2019,86600,224900,311500
60802104294,2019,88200,212600,300800
60802104301,2019,89400,174800,264200
60802104319,2019,87900,184500,272400
60802104327,2019,86400,175500,261900
60802104335,2019,86200,190000,276200
60802104343,2019,86100,189900,276000
60802104351,2019,86100,164200,250300
60802104369,2019,86100,160100,246200
60802104377,2019,86200,152200,238400
60802104385,2019,86600,159600,246200
60802105010,2019,67000,168600,235600
60802105028,2019,65500,163600,229100
60802105036,2019,68900,187500,256400
60802105044,2019,73700,205300,279000
60802105052,2019,75800,222900,298700
60802105060,2019,73700,211400,285100
60802105078,2019,73700,209000,282700
60802105086,2019,73700,204400,278100
60802105094,2019,68900,194000,262900
60802105101,2019,75800,154000,229800
60802105119,2019,65300,195400,260700
60802105127,2019,64000,176400,240400
60802105135,2019,65300,176100,241400
60802105143,2019,68900,174300,243200
60802105151,2019,68900,152300,221200
60802105169,2019,67000,177300,244300
60802105177,2019,69800,149600,219400
60802105185,2019,73700,178500,252200
60802105193,2019,83900,152300,236200
60802105200,2019,83900,179800,263700
60802105218,2019,70700,145300,216000
60802105226,2019,65300,178800,244100
60802106018,2019,70100,175900,246000
60802106026,2019,69300,171200,240500
60802106034,2019,68700,176800,245500
60802106042,2019,69300,179800,249100
60802106050,2019,69800,175700,245500
60802106068,2019,69100,173900,243000
60802106076,2019,67900,190900,258800
60802106084,2019,69800,146400,216200
60802106092,2019,69100,175100,244200
60802106109,2019,67500,170600,238100
60802106117,2019,71100,171700,242800
60802106125,2019,69300,182100,251400
60802106133,2019,68700,191300,260000
60802106141,2019,69300,165200,234500
60802106159,2019,68700,176800,245500
60802106167,2019,69100,182300,251400
60802106175,2019,67500,149700,217200
60802106183,2019,69100,190800,259900
60802106191,2019,69300,181100,250400
60802106208,2019,67900,178700,246600
60802106216,2019,69100,150400,219500
60802106224,2019,69300,162400,231700
60802106232,2019,69100,167900,237000
60802106240,2019,68700,151800,220500
60802106258,2019,69300,217700,287000
60802106266,2019,69300,167700,237000
60802106274,2019,70100,195700,265800
60802107016,2019,70100,165600,235700
60802107024,2019,67500,156000,223500
60802107032,2019,68700,160600,229300
60802107040,2019,67900,161500,229400
60802107058,2019,69300,178500,247800
60802107066,2019,70100,164300,234400
60802107074,2019,70100,183500,253600
60802107082,2019,67900,188500,256400
60802107090,2019,69100,178700,247800
60802107107,2019,67500,192400,259900
60802107115,2019,70100,192600,262700
60802108014,2019,69800,163500,233300
60802108022,2019,69300,163900,233200
60802108030,2019,67900,145600,213500
60802108048,2019,69300,151900,221200
60802108056,2019,69100,156000,225100
60802108064,2019,68700,151900,220600
60802108072,2019,69300,148500,217800
60802108080,2019,69100,167900,237000
60802108098,2019,68700,164700,233400
60802108105,2019,69300,153500,222800
60802108113,2019,69100,161400,230500
60802108121,2019,69300,164000,233300
60802108139,2019,67900,156600,224500
60802108147,2019,69100,169000,238100
60802108155,2019,69300,173900,243200
60802108163,2019,69300,178100,247400
60802108171,2019,68700,193600,262300
60802108189,2019,69300,173700,243000
60802108197,2019,69100,167900,237000
60802108204,2019,69300,154800,224100
60802108212,2019,71100,172200,243300
60802108220,2019,69300,183400,252700
60802108238,2019,70100,182700,252800
60802108246,2019,69300,187100,256400
60802108254,2019,71700,193300,265000
60802109012,2019,71100,163500,234600
60802109020,2019,73800,153700,227500
60802109038,2019,77000,199400,276400
60802109046,2019,68700,179100,247800
60802109054,2019,72000,182000,254000
60802109062,2019,71100,187800,258900
60802109070,2019,71100,197100,268200
60802109088,2019,72100,191200,263300
60802109096,2019,73800,166100,239900
60802109103,2019,71100,180300,251400
60802109111,2019,70100,159900,230000
60802109129,2019,71700,196500,268200
60802109137,2019,73100,206100,279200
60802109145,2019,72100,156000,228100
60802109153,2019,78900,189300,268200
60802109161,2019,72100,174500,246600
60802109179,2019,67900,168100,236000
60802110019,2019,95700,134300,230000
60802110043,2019,70100,158000,228100
60802110051,2019,70100,176500,246600
60802110069,2019,67500,203300,270800
60802110077,2019,70200,199200,269400
60802111033,2019,86200,214500,300700
60802111041,2019,86200,212100,298300
60802111059,2019,86200,200600,286800
60802111067,2019,86200,198300,284500
60802111075,2019,86100,215200,301300
60802111083,2019,86600,206600,293200
60802111091,2019,87900,218500,306400
60802111108,2019,88300,196600,284900
60802111116,2019,86600,153800,240400
60802111124,2019,86600,132700,219300
60802111132,2019,88700,240100,328800
60802111140,2019,87300,202700,290000
60802111166,2019,87900,244900,332800
60802111174,2019,86800,167400,254200
60802111182,2019,86200,184200,270400
60802111190,2019,86200,154300,240500
60802111207,2019,86200,214500,300700
60802111215,2019,86400,157400,243800
60802112015,2019,95200,194800,290000
60802112023,2019,86200,201200,287400
60802112031,2019,93800,176800,270600
60802112049,2019,94300,196900,291200
60802112057,2019,93500,183600,277100
60802112065,2019,93800,169900,263700
60802112073,2019,93500,176500,270000
60802112081,2019,94300,165100,259400
60802112099,2019,93500,166000,259500
60802112106,2019,86200,186600,272800
60802112114,2019,86200,193400,279600
60802112122,2019,86200,171800,258000
60802112130,2019,86400,199600,286000
60802112148,2019,86400,175600,262000
60802112156,2019,87300,219400,306700
60802112164,2019,88200,197800,286000
60802112172,2019,88300,263700,352000
60802112180,2019,86400,288500,374900
60802112198,2019,87000,198900,285900
60802112205,2019,86200,149300,235500
60802112213,2019,83700,150300,234000
60802112221,2019,86200,189100,275300
60802112239,2019,86200,194800,281000
60802112247,2019,86200,148800,235000
60802112255,2019,86100,170000,256100
60802112263,2019,86200,165900,252100
60802112271,2019,86200,168900,255100
60802112289,2019,87000,201400,288400
60802112297,2019,86800,129800,216600
60802112304,2019,87900,195400,283300
60802112312,2019,86600,196800,283400
60802112320,2019,86400,203600,290000
60802112338,2019,86200,181200,267400
60802112346,2019,86200,206900,293100
60802112354,2019,86200,184300,270500
60802112362,2019,86400,170500,256900
60802112370,2019,93800,163900,257700
60802112388,2019,86200,192700,278900
60802112396,2019,93500,129000,222500
60802112403,2019,86400,153600,240000
60802112411,2019,86200,171800,258000
60802112429,2019,93800,153300,247100
60802112437,2019,86400,198100,284500
60802113013,2019,86200,201000,287200
60802113021,2019,86100,171400,257500
60802113039,2019,86200,211800,298000
60802113047,2019,86100,197500,283600
60802113055,2019,86200,179500,265700
60802113063,2019,86600,165100,251700
60802113071,2019,86200,158400,244600
60802113089,2019,86400,199100,285500
60802113097,2019,86600,203400,290000
60802113104,2019,86200,197100,283300
60802113112,2019,86200,180500,266700
60802202014,2019,106700,299100,405800
60802202022,2019,90200,241600,331800
60802202030,2019,88100,236400,324500
60802202048,2019,82900,253900,336800
60802202056,2019,86600,230100,316700
60802202064,2019,84400,201900,286300
60802202072,2019,81300,211600,292900
60802202080,2019,81500,223000,304500
60802202098,2019,84200,224300,308500
60802202105,2019,86600,199700,286300
60802302062,2019,107500,283400,390900
60802302070,2019,92700,138800,231500
60802302088,2019,105300,204500,309800
60802302096,2019,99000,181000,280000
60802302103,2019,93400,197200,290600
60802302111,2019,93500,201500,295000
60802302129,2019,109200,212500,321700
60802302137,2019,105800,222900,328700
60802302145,2019,94000,210500,304500
60802302153,2019,93900,197600,291500
60802302161,2019,93900,227200,321100
60802302179,2019,93900,194100,288000
60802302202,2019,88300,216200,304500
60802302210,2019,90000,214000,304000
60802302228,2019,89900,228800,318700
60802302236,2019,89700,202700,292400
60802302244,2019,89700,252500,342200
60802302252,2019,89700,232000,321700
60802302260,2019,89700,226000,315700
60802302278,2019,91300,240700,332000
60802302286,2019,92700,234100,326800
60802302294,2019,92700,265000,357700
60802302301,2019,92700,236500,329200
60802302319,2019,92700,246100,338800
60802302327,2019,92700,215600,308300
60802302335,2019,92700,228800,321500
60802302343,2019,92700,225800,318500
60802302369,2019,92700,230800,323500
60802302377,2019,92700,215600,308300
60802302385,2019,92400,253800,346200
60802302393,2019,89700,210800,300500
60802302400,2019,89700,237000,326700
60802302418,2019,96900,229800,326700
60802302426,2019,103300,271200,374500
60802302434,2019,108700,322900,431600
60802302442,2019,102700,294900,397600
60802302450,2019,89300,246600,335900
60802302468,2019,90000,237900,327900
60802302476,2019,98400,269300,367700
60802302484,2019,107600,234900,342500
60802302492,2019,105900,217400,323300
60802302509,2019,94100,219200,313300
60802302517,2019,89700,250200,339900
60802302525,2019,89700,222400,312100
60802302533,2019,89300,214800,304100
60802302541,2019,88500,235100,323600
60802302567,2019,92800,243100,335900
60802302575,2019,110000,181300,291300
60802302583,2019,109800,232700,342500
60802302591,2019,106400,215600,322000
60802303036,2019,131100,182500,313600
60802303044,2019,127500,176200,303700
60802303052,2019,121700,175800,297500
60802303060,2019,110000,229600,339600
60802303078,2019,94000,174700,268700
60802303086,2019,93900,191700,285600
60802303094,2019,93900,187900,281800
60802303101,2019,93900,189300,283200
60802303119,2019,93900,218500,312400
60802303127,2019,93500,184800,278300
60802303135,2019,89000,233000,322000
60802303143,2019,88400,204600,293000
60802303151,2019,88400,251900,340300
60802303169,2019,88400,203500,291900
60802303177,2019,88300,245100,333400
60802303185,2019,90500,247500,338000
60802303193,2019,93100,231900,325000
60802303200,2019,94500,228300,322800
60802303218,2019,98600,249600,348200
60802304018,2019,110200,213000,323200
60802304026,2019,100400,174200,274600
60802304034,2019,91600,165700,257300
60802304042,2019,107000,158000,265000
60802304050,2019,103100,214800,317900
60802304068,2019,100400,161100,261500
60802304084,2019,96700,303200,399900
60802304092,2019,94900,213600,308500
60802304109,2019,99400,222800,322200
60802304117,2019,110900,232900,343800
60802304125,2019,109000,221500,330500
60802304133,2019,105700,216900,322600
60802304141,2019,98600,265100,363700
60802304159,2019,96300,237100,333400
60802304167,2019,89000,220000,309000
60802304175,2019,97500,240500,338000
60802304183,2019,93200,205600,298800
60802304191,2019,88800,204600,293400
60802304208,2019,94100,252900,347000
60802304216,2019,92400,201100,293500
60802304224,2019,91600,213600,305200
60802304232,2019,91600,226900,318500
60802304240,2019,91600,248100,339700
60802304266,2019,91200,209900,301100
60802304274,2019,91400,231200,322600
60802304282,2019,92300,241100,333400
60802304290,2019,90100,201500,291600
60802304307,2019,89300,210200,299500
60802304315,2019,88800,245400,334200
60802304323,2019,89900,243000,332900
60802304331,2019,90100,217100,307200
60802304349,2019,90100,223100,313200
60802304357,2019,90100,198400,288500
60802304365,2019,98800,259700,358500
60802309018,2019,99300,226400,325700
60802309026,2019,95400,224100,319500
60802309034,2019,93900,193600,287500
60802309042,2019,97300,292000,389300
60802309068,2019,93400,208300,301700
60802309076,2019,93400,259900,353300
60802309084,2019,93400,194100,287500
60802309092,2019,93400,272500,365900
60802309109,2019,95000,224400,319400
60802309117,2019,90000,187100,277100
60802309125,2019,90300,204000,294300
60802309133,2019,90500,184100,274600
60802309141,2019,88300,229900,318200
60802309159,2019,88500,186200,274700
60802309167,2019,87900,195800,283700
60802309175,2019,95900,244900,340800
60802309183,2019,102600,234200,336800
60802309191,2019,109000,252400,361400
60802309208,2019,108900,249900,358800
60802309216,2019,108400,311800,420200
60802309224,2019,92600,228200,320800
60802309232,2019,93700,244300,338000
60802309240,2019,89000,230500,319500
60802309258,2019,90200,210300,300500
60802309266,2019,81500,249100,330600
60802309274,2019,91700,215800,307500
60802309282,2019,91200,236600,327800
60802309290,2019,95100,213400,308500
60802309307,2019,89700,191300,281000
60802309315,2019,95000,296400,391400
60802309323,2019,98100,188100,286200
60802309331,2019,91800,212900,304700
60802309349,2019,99900,243300,343200
60802310031,2019,96200,234500,330700
60802310049,2019,102300,221200,323500
60802310057,2019,103300,271700,375000
60802310073,2019,99200,302000,401200
60802310081,2019,95000,251400,346400
60802310099,2019,102200,254200,356400
60802310106,2019,98400,257300,355700
60802310114,2019,100400,234900,335300
60802310122,2019,103400,283100,386500
60802310130,2019,104300,244800,349100
60802310148,2019,97900,278600,376500
60802310156,2019,97300,227000,324300
60802310164,2019,97500,271800,369300
60802310172,2019,111000,249500,360500
60802310180,2019,98600,236200,334800
60802310198,2019,96200,223100,319300
60802310205,2019,95300,236700,332000
60802310213,2019,95300,196300,291600
60802310221,2019,100600,228100,328700
60802310239,2019,176400,145600,322000
60802311013,2019,97000,236800,333800
60802311021,2019,96900,268800,365700
60802311039,2019,97900,232400,330300
60802311047,2019,94500,255200,349700
60802311055,2019,95000,254700,349700
60802311063,2019,95400,277500,372900
60802311071,2019,95400,291200,386600
60802311089,2019,95400,286000,381400
60802311097,2019,95400,252000,347400
60802311104,2019,95400,227700,323100
60802311112,2019,95400,279100,374500
60802311120,2019,99000,273100,372100
60802311138,2019,97700,285300,383000
60802311146,2019,97700,287600,385300
60802311154,2019,97700,319200,416900
60802311162,2019,97600,238900,336500
60802311170,2019,96500,246300,342800
60802311188,2019,96700,309000,405700
60802311196,2019,96700,254100,350800
60802311203,2019,96500,239100,335600
60802311328,2019,117000,279500,396500
60802311336,2019,111800,306800,418600
60802311344,2019,110200,272500,382700
60802311352,2019,106300,274900,381200
60802311360,2019,101500,262100,363600
60802311378,2019,91600,294700,386300
60802311386,2019,89500,258900,348400
60802311394,2019,101100,319100,420200
60802311401,2019,94900,291800,386700
60802312029,2019,103100,275100,378200
60802312037,2019,103300,266400,369700
60802312045,2019,103300,302800,406100
60802312053,2019,103300,279600,382900
60802312061,2019,110200,300500,410700
60802312079,2019,111300,273800,385100
60802312087,2019,101500,293400,394900
60802312095,2019,98400,290900,389300
60802312102,2019,98900,267000,365900
60802312110,2019,98100,234100,332200
60802312128,2019,98100,260600,358700
60802312136,2019,98100,219700,317800
60802312144,2019,98100,219900,318000
60802312152,2019,98100,214000,312100
60802312160,2019,98100,204800,302900
60802312178,2019,98100,209100,307200
60802312186,2019,98100,186900,285000
60802312201,2019,103300,210700,314000
60802312219,2019,100700,214900,315600
60802312227,2019,97100,188400,285500
60802312235,2019,108400,210900,319300
60802312243,2019,106300,229200,335500
60802312251,2019,122300,238200,360500
60802312269,2019,107900,229500,337400
60802312277,2019,116300,238700,355000
60802312285,2019,96500,278600,375100
60802312293,2019,98400,255000,353400
60802312300,2019,98400,264300,362700
60802312318,2019,98400,288700,387100
60802312334,2019,112200,258200,370400
60802312342,2019,97900,249600,347500
60802312350,2019,99300,267400,366700
60802312368,2019,98700,219300,318000
60802312376,2019,97900,234800,332700
60802312384,2019,101500,236100,337600
60802312392,2019,104800,258000,362800
60802312409,2019,114300,283200,397500
60802313019,2019,97600,238800,336400
60802313027,2019,96700,262100,358800
60802313035,2019,96900,249500,346400
60802313043,2019,103600,281500,385100
60802313051,2019,103400,266400,369800
60802313069,2019,108700,256500,365200
60802313077,2019,113800,239600,353400
60802313085,2019,100700,269100,369800
60802313093,2019,97200,292500,389700
60802313100,2019,98100,284800,382900
60802313118,2019,97200,273800,371000
60802313134,2019,97100,249800,346900
60802313142,2019,95400,288400,383800
60802313150,2019,96100,238100,334200
60802313168,2019,94200,255800,350000
60802313176,2019,96700,317800,414500
60802313184,2019,96700,276100,372800
60802313192,2019,96700,282200,378900
60802313209,2019,98200,290100,388300
60802314017,2019,100100,263700,363800
60802314025,2019,96700,311100,407800
60802314033,2019,96700,287600,384300
60802314041,2019,96500,242500,339000
60802314059,2019,96700,268400,365100
60802314067,2019,96700,232800,329500
60802314075,2019,97400,254500,351900
60802314083,2019,97700,276700,374400
60802314091,2019,106100,304500,410600
60802314116,2019,108600,287900,396500
60802314124,2019,98100,281900,380000
60802314132,2019,96300,259400,355700
60802314140,2019,107700,264700,372400
60802314158,2019,103700,280500,384200
60802314166,2019,104000,241300,345300
60802314174,2019,105700,290900,396600
60802314182,2019,105300,264400,369700
60802314190,2019,102900,278200,381100
60802314207,2019,102200,232000,334200
60802402010,2019,68100,152600,220700
60802402028,2019,68300,158100,226400
60802402036,2019,67800,181900,249700
60802402044,2019,69100,176900,246000
60802402052,2019,70400,140500,210900
60802402060,2019,69100,181200,250300
60802402078,2019,79300,148300,227600
60802402086,2019,72100,153000,225100
60802402094,2019,69700,142100,211800
60802402101,2019,73200,160700,233900
60802402143,2019,67500,151600,219100
60802402151,2019,66800,184400,251200
60802402169,2019,67100,160300,227400
60802402177,2019,67100,172900,240000
60802402185,2019,67300,173700,241000
60802402193,2019,67300,179500,246800
60802402200,2019,67300,187700,255000
60802402218,2019,67300,180000,247300
60802402226,2019,67500,190300,257800
60802402234,2019,67300,176100,243400
60802402242,2019,67500,159900,227400
60802402250,2019,68600,172400,241000
60802403018,2019,67500,151600,219100
60802403026,2019,67500,139100,206600
60802403034,2019,67600,172500,240100
60802403042,2019,69300,142700,212000
60802403050,2019,72100,163900,236000
60802403068,2019,68600,146500,215100
60802403076,2019,68600,171500,240100
60802403084,2019,68800,150200,219000
60802404016,2019,70400,189600,260000
60802404024,2019,71400,152200,223600
60802404032,2019,68600,150800,219400
60802404040,2019,68600,166400,235000
60802404058,2019,69700,174100,243800
60802404066,2019,79500,171800,251300
60802404074,2019,112000,143300,255300
60802404082,2019,72100,162800,234900
60802404090,2019,67500,148500,216000
60802404107,2019,67500,194400,261900
60802404115,2019,68600,145800,214400
60802404123,2019,74200,153400,227600
60802404131,2019,73000,127800,200800
60802404149,2019,71400,157400,228800
60802404157,2019,65700,146000,211700
60802404165,2019,67300,182300,249600
60802405022,2019,66300,161300,227600
60802405030,2019,67100,181900,249000
60802405048,2019,67100,147700,214800
60802405056,2019,67100,195000,262100
60802405064,2019,67500,168200,235700
60802405072,2019,66300,152300,218600
60802405080,2019,65200,176100,241300
60802405098,2019,64600,165200,229800
60802405105,2019,67500,166600,234100
60802405113,2019,67000,168400,235400
60802405121,2019,65200,190900,256100
60802405139,2019,64100,174700,238800
60802405147,2019,64300,212700,277000
60802405155,2019,64600,215900,280500
60802405163,2019,64400,154000,218400
60802405171,2019,64400,153600,218000
60802405189,2019,64400,184900,249300
60802405197,2019,65500,193600,259100
60802405204,2019,69700,154400,224100
60802405212,2019,65500,172000,237500
60802406012,2019,69100,178700,247800
60802406020,2019,67500,158000,225500
60802407010,2019,69700,183800,253500
60802407028,2019,69100,163900,233000
60802407036,2019,66400,157500,223900
60802407044,2019,69100,157000,226100
60802408018,2019,77300,158000,235300
60802408026,2019,73400,169200,242600
60802408034,2019,71800,159800,231600
60802408042,2019,70100,206900,277000
60802408050,2019,68000,156000,224000
60802408068,2019,66300,184000,250300
60802408076,2019,91100,220700,311800
60802408084,2019,96400,169500,265900
60802408092,2019,81900,198700,280600
60802408109,2019,65500,214500,280000
60802408117,2019,67000,187500,254500
60802408125,2019,67000,172300,239300
60802408133,2019,67000,186300,253300
60802408141,2019,67000,174900,241900
60802408159,2019,73700,142600,216300
60802408167,2019,70700,147400,218100
60802408175,2019,64000,155700,219700
60802408183,2019,64000,166700,230700
60802408191,2019,64000,200600,264600
60802408208,2019,64000,180400,244400
60802408216,2019,64000,166500,230500
60802408224,2019,67000,219600,286600
60802408232,2019,72100,225900,298000
60802408240,2019,65300,199700,265000
60802408258,2019,78500,192700,271200
60802408266,2019,64000,194100,258100
60802408274,2019,64000,167300,231300
60802408282,2019,64000,221000,285000
60802408290,2019,64000,220000,284000
60802408307,2019,64000,166800,230800
60802408315,2019,70700,155900,226600
60802409016,2019,67000,158700,225700
60802409024,2019,67000,150200,217200
60802409032,2019,65500,152100,217600
60802409040,2019,75800,213800,289600
60802409058,2019,72100,152300,224400
60802409066,2019,68900,227100,296000
60802409074,2019,64000,193700,257700
60802409082,2019,68900,195100,264000
60802409090,2019,68900,213500,282400
60802409107,2019,67000,165300,232300
60802409115,2019,64000,185100,249100
60802409123,2019,64000,176500,240500
60802409131,2019,64000,175400,239400
60802409149,2019,64000,175900,239900
60802409157,2019,68900,177300,246200
60802409165,2019,64000,157100,221100
60802409173,2019,64000,169500,233500
60802409181,2019,65300,150400,215700
60802409199,2019,64000,154400,218400
60802409206,2019,75800,185700,261500
60802409214,2019,64000,181600,245600
60802409222,2019,64000,167900,231900
60802409230,2019,75800,194700,270500
60802409248,2019,64000,167000,231000
60802409256,2019,75800,175200,251000
60802409264,2019,65300,173000,238300
60802409272,2019,65300,172600,237900
60802409280,2019,64000,179100,243100
60802409298,2019,64000,175900,239900
60802409305,2019,64000,152200,216200
60802410013,2019,66600,174400,241000
60802410021,2019,68100,151900,220000
60802410039,2019,72200,144600,216800
60802410047,2019,65300,174100,239400
60802410055,2019,66300,171900,238200
60802410063,2019,67600,218700,286300
60802410071,2019,70800,201200,272000
60802410089,2019,73000,174500,247500
60802410097,2019,73500,212700,286200
60802410104,2019,72500,233600,306100
60802410112,2019,68300,191200,259500
60802410120,2019,67100,195000,262100
60802410138,2019,66800,217600,284400
60802410146,2019,68400,180000,248400
60802410154,2019,67800,164800,232600
60802410162,2019,67800,163700,231500
60802410203,2019,67500,171400,238900
60802410211,2019,67800,156500,224300
60802410229,2019,68400,145200,213600
60802410237,2019,68400,149300,217700
60802410245,2019,67500,187800,255300
60802410253,2019,72200,176700,248900
60802410261,2019,71900,214100,286000
60802410279,2019,72200,169800,242000
60802410287,2019,69300,180300,249600
60802410295,2019,69700,155000,224700
60802410302,2019,68300,171900,240200
60802410310,2019,67100,183000,250100
60802410328,2019,68600,184600,253200
60802410336,2019,65300,217700,283000
60802410344,2019,64600,152000,216600
60802410352,2019,66200,143500,209700
60802410360,2019,64100,176100,240200
60802410378,2019,67600,183700,251300
60802410386,2019,70600,189400,260000
60802410394,2019,67800,181700,249500
60802411011,2019,65800,151400,217200
60802411029,2019,66200,148200,214400
60802411037,2019,65700,152800,218500
60802411045,2019,65200,156300,221500
60802411053,2019,65200,164100,229300
60802411061,2019,65700,150200,215900
60802411079,2019,66200,152100,218300
60802411087,2019,66200,151400,217600
60802411095,2019,66200,144400,210600
60802411178,2019,67100,160800,227900
60802411186,2019,69100,173000,242100
60802411194,2019,66300,172700,239000
60802411201,2019,68600,189800,258400
60802411219,2019,66600,195500,262100
60802411227,2019,68100,210900,279000
60802411235,2019,67600,191700,259300
60802411243,2019,70400,163900,234300
60802411251,2019,65300,163400,228700
60802411269,2019,64300,168700,233000
60802411277,2019,65200,171100,236300
60802411285,2019,67000,152100,219100
60802411293,2019,68100,162400,230500
60802412035,2019,50100,161400,211500
60802412043,2019,54400,174400,228800
60802412069,2019,54800,190500,245300
60802412077,2019,50400,200400,250800
60802412085,2019,61700,155300,217000
60802412093,2019,53100,182300,235400
60802412100,2019,52400,161800,214200
60802412291,2019,54200,178800,233000
60802412308,2019,51500,183300,234800
60802412316,2019,47400,180200,227600
60802412324,2019,48900,159100,208000
60802412332,2019,54800,172800,227600
60802412358,2019,52600,176700,229300
60802412366,2019,51300,168200,219500
60802412374,2019,46700,183200,229900
60802412382,2019,50600,162900,213500
60802412390,2019,57800,167900,225700
60802412415,2019,55200,163200,218400
60802412423,2019,50000,186800,236800
60802413059,2019,77500,161500,239000
60802413273,2019,58600,159200,217800
60802413281,2019,61700,156600,218300
60802413306,2019,63200,156700,219900
60802413314,2019,60800,159900,220700
60802413322,2019,58900,166200,225100
60802413330,2019,57600,182300,239900
60802413348,2019,62200,163600,225800
60802413364,2019,64200,184400,248600
60802413380,2019,58600,158100,216700
60802413398,2019,59600,191700,251300
60802413405,2019,59100,175800,234900
60802413413,2019,59100,178200,237300
60802413421,2019,64200,173700,237900
60802413447,2019,57700,160500,218200
60802413455,2019,57700,179800,237500
60802413463,2019,60700,160900,221600
60802413471,2019,57400,193600,251000
60802413489,2019,59600,172800,232400
60802413497,2019,64000,169700,233700
60802413512,2019,64000,165800,229800
60802413520,2019,59600,172300,231900
60802413538,2019,57100,159300,216400
60802413546,2019,57200,175300,232500
60802413554,2019,59600,176800,236400
60802413562,2019,63600,168200,231800
60802413588,2019,59600,191700,251300
60802413596,2019,59600,159800,219400
60802413637,2019,76600,153800,230400
60802413645,2019,80900,152500,233400
60802413653,2019,75800,140400,216200
60802413661,2019,74700,139500,214200
60802413679,2019,71400,157900,229300
60802413687,2019,71000,143000,214000
60802416243,2019,68300,188500,256800
60802416251,2019,71800,180300,252100
60802417019,2019,70700,183200,253900
60802417027,2019,70700,180800,251500
60802417035,2019,70700,172800,243500
60802417043,2019,70700,174300,245000
60802417051,2019,70300,173200,243500
60802417069,2019,70300,189200,259500
60802417077,2019,70300,193400,263700
60802417085,2019,70300,166400,236700
60802417093,2019,70300,164700,235000
60802417100,2019,72100,182200,254300
60802417118,2019,73400,180300,253700
60802417126,2019,72600,179900,252500
60802417134,2019,72000,176500,248500
60802417142,2019,72600,149600,222200
60802417150,2019,81900,203900,285800
60802417168,2019,77700,180900,258600
60802417176,2019,70900,192200,263100
60802417184,2019,70700,194900,265600
60802417192,2019,70300,195000,265300
60802417209,2019,70700,194800,265500
60802417217,2019,70700,208100,278800
60802417225,2019,70700,181400,252100
60802417233,2019,70700,198600,269300
60802417241,2019,70700,215600,286300
60802417259,2019,70700,207700,278400
60802417267,2019,70700,195200,265900
60802418017,2019,86800,192800,279600
60802418025,2019,76900,186300,263200
60802418083,2019,59200,180300,239500
60802418091,2019,59200,180900,240100
60802418116,2019,62600,174400,237000
60802418124,2019,59800,169300,229100
60802418132,2019,61700,154600,216300
60802418140,2019,59700,161800,221500
60802418158,2019,58800,175100,233900
60802418166,2019,58500,159700,218200
60802418174,2019,63200,205000,268200
60802418190,2019,62800,175200,238000
60802418207,2019,58800,166800,225600
60802418215,2019,58800,161500,220300
60802418223,2019,59200,182700,241900
60802418231,2019,59800,174000,233800
60802418249,2019,58800,149500,208300
60802418257,2019,58800,158700,217500
60802418265,2019,63000,164100,227100
60802418322,2019,90300,232200,322500
60802418330,2019,88300,241800,330100
60802419015,2019,73400,173200,246600
60802419023,2019,73700,192100,265800
60802419031,2019,73200,225100,298300
60802419049,2019,73700,190800,264500
60802419057,2019,73200,233700,306900
60802419065,2019,73700,233000,306700
60802419073,2019,73200,210200,283400
60802419081,2019,73700,198100,271800
60802419099,2019,73200,184700,257900
60802419106,2019,80600,184400,265000
60802421010,2019,72300,156800,229100
60802421169,2019,72100,167900,240000
60802421177,2019,70100,156600,226700
60802421185,2019,70100,189700,259800
60802421193,2019,70100,169400,239500
60803101033,2019,96700,152400,249100
60803101041,2019,101000,171100,272100
60803101059,2019,101000,193500,294500
60803101067,2019,101000,187300,288300
60803101075,2019,101000,167300,268300
60803101083,2019,101000,196800,297800
60803101091,2019,101000,173000,274000
60803101108,2019,103700,191400,295100
60803101116,2019,106100,208800,314900
60803101124,2019,106100,203900,310000
60803101132,2019,106100,203400,309500
60803101140,2019,106100,237300,343400
60803101158,2019,106100,230100,336200
60803101166,2019,106100,205500,311600
60803101174,2019,106100,163900,270000
60803101182,2019,106100,185800,291900
60803101190,2019,106100,202600,308700
60803101207,2019,106100,185900,292000
60803101223,2019,106100,197900,304000
60803101231,2019,106100,214300,320400
60803101249,2019,106100,204100,310200
60803101257,2019,106100,194400,300500
60803101273,2019,106100,183300,289400
60803101281,2019,103700,228800,332500
60803101299,2019,103200,234900,338100
60803101306,2019,104500,245500,350000
60803101314,2019,103200,199700,302900
60803101322,2019,101000,207000,308000
60803101330,2019,98600,173000,271600
60803101348,2019,101000,205000,306000
60803101356,2019,101000,175300,276300
60803101364,2019,101000,165000,266000
60803101372,2019,96700,155800,252500
60803103013,2019,96700,192500,289200
60803103021,2019,103200,165600,268800
60803103039,2019,103200,189300,292500
60803103047,2019,103200,210300,313500
60803103055,2019,103200,151200,254400
60803103063,2019,103200,208200,311400
60803103071,2019,103200,206800,310000
60803103089,2019,103200,182800,286000
60803103097,2019,103200,195700,298900
60803103104,2019,103200,181100,284300
60803103112,2019,103200,211900,315100
60803103120,2019,103200,220800,324000
60803103138,2019,98600,174200,272800
60803103146,2019,103200,186000,289200
60803103154,2019,103200,191800,295000
60803103162,2019,103200,196500,299700
60803103170,2019,103200,219000,322200
60803103188,2019,103200,226800,330000
60803103196,2019,103200,167800,271000
60803103203,2019,103200,242500,345700
60803103211,2019,103200,157100,260300
60803103229,2019,103200,223500,326700
60803103237,2019,103200,180900,284100
60803103245,2019,103200,198900,302100
60803103253,2019,103200,181500,284700
60803103261,2019,96700,181000,277700
60803104011,2019,96700,184200,280900
60803104029,2019,103200,183000,286200
60803104037,2019,103200,208800,312000
60803104045,2019,103200,192500,295700
60803104053,2019,103200,215800,319000
60803104061,2019,103200,169500,272700
60803104079,2019,103200,199700,302900
60803104087,2019,103200,186200,289400
60803104095,2019,103200,211600,314800
60803104102,2019,103200,212800,316000
60803104110,2019,103200,222400,325600
60803104128,2019,103200,220900,324100
60803104136,2019,103200,202900,306100
60803104144,2019,103200,216900,320100
60803104152,2019,103200,193600,296800
60803104160,2019,103200,224800,328000
60803104178,2019,103200,165600,268800
60803104186,2019,103200,184000,287200
60803104194,2019,103200,223300,326500
60803104201,2019,103200,229600,332800
60803104219,2019,103200,246800,350000
60803104227,2019,103200,187200,290400
60803104235,2019,103200,220400,323600
60803104243,2019,103200,232200,335400
60803104251,2019,103200,169300,272500
60803104269,2019,96700,202100,298800
60803105019,2019,105000,197700,302700
60803105027,2019,109300,157700,267000
60803105035,2019,109300,228600,337900
60803105043,2019,109300,238700,348000
60803105051,2019,115100,224100,339200
60803105069,2019,123000,206100,329100
60803105077,2019,115100,231700,346800
60803105085,2019,115100,199000,314100
60803105093,2019,111000,183400,294400
60803105100,2019,109300,214000,323300
60803105118,2019,109300,202300,311600
60803105126,2019,105000,167400,272400
60803105134,2019,103200,169100,272300
60803105142,2019,103200,209500,312700
60803105150,2019,103200,184300,287500
60803105168,2019,103200,221300,324500
60803105176,2019,103200,182000,285200
60803105184,2019,103200,190200,293400
60803105192,2019,103200,150100,253300
60803105209,2019,103200,171800,275000
60803105217,2019,103200,209500,312700
60803105225,2019,107000,263000,370000
60803105233,2019,107000,200000,307000
60803105241,2019,103200,194100,297300
60803105259,2019,103200,165800,269000
60803105267,2019,96700,197800,294500
60803105275,2019,96700,204400,301100
60803105283,2019,101400,176900,278300
60803105291,2019,101400,189600,291000
60803105308,2019,101400,192200,293600
60803105316,2019,101400,200600,302000
60803105324,2019,101400,211300,312700
60803105332,2019,101400,172400,273800
60803105340,2019,101400,178200,279600
60803105358,2019,101400,184600,286000
60803105366,2019,101400,172700,274100
60803105374,2019,101400,201800,303200
60803105382,2019,101400,210300,311700
60803105390,2019,96700,223400,320100
60803106017,2019,103200,208200,311400
60803106025,2019,103200,196800,300000
60803106033,2019,103200,201200,304400
60803106041,2019,103200,157500,260700
60803106059,2019,103200,240800,344000
60803106067,2019,103200,191800,295000
60803106075,2019,103200,159200,262400
60803106083,2019,103200,199400,302600
60803106091,2019,103200,221100,324300
60803106108,2019,103200,195000,298200
60803106116,2019,103200,186200,289400
60803106124,2019,103200,171800,275000
60803106132,2019,96700,177400,274100
60803106140,2019,101400,130500,231900
60803106158,2019,101400,187700,289100
60803106166,2019,101400,151600,253000
60803106174,2019,101400,191600,293000
60803106182,2019,96700,194800,291500
60803106190,2019,103200,194800,298000
60803106207,2019,103200,197300,300500
60803106215,2019,103200,187600,290800
60803106223,2019,103200,210800,314000
60803106231,2019,103200,222300,325500
60803106249,2019,103200,199800,303000
60803106257,2019,103200,247400,350600
60803106265,2019,103200,234200,337400
60803106273,2019,103200,233000,336200
60803106281,2019,103200,211600,314800
60803106299,2019,103200,253000,356200
60803106306,2019,103200,214200,317400
60803106314,2019,103200,228100,331300
60803106322,2019,103200,213100,316300
60803107015,2019,96700,175200,271900
60803107023,2019,103200,196600,299800
60803107031,2019,103200,193300,296500
60803107049,2019,103200,181700,284900
60803107057,2019,103200,186500,289700
60803107065,2019,103200,214100,317300
60803107073,2019,103200,237100,340300
60803107081,2019,103200,221800,325000
60803107099,2019,103200,201800,305000
60803107106,2019,103200,216800,320000
60803107114,2019,103200,196800,300000
60803107122,2019,103200,206800,310000
60803107130,2019,103200,168800,272000
60803107148,2019,131100,290400,421500
60803107156,2019,118000,352500,470500
60803107164,2019,111600,327000,438600
60803107172,2019,125100,327200,452300
60803107180,2019,133100,369800,502900
60803107198,2019,127500,311100,438600
60803107205,2019,125200,194600,319800
60803107213,2019,112000,336100,448100
60803107221,2019,98900,254700,353600
60803107239,2019,93900,337100,431000
60803107247,2019,105900,318800,424700
60803107255,2019,105900,294100,400000
60803107263,2019,105900,328800,434700
60803107271,2019,110800,275400,386200
60803108013,2019,100300,212700,313000
60803108021,2019,100300,214700,315000
60803108039,2019,100300,199200,299500
60803108047,2019,100300,214100,314400
60803108055,2019,100300,203600,303900
60803108063,2019,100300,225900,326200
60803108071,2019,100300,195300,295600
60803108089,2019,95800,210300,306100
60803109011,2019,95800,173400,269200
60803109029,2019,98300,196300,294600
60803109037,2019,98300,170900,269200
60803109045,2019,98300,164800,263100
60803109053,2019,98300,213700,312000
60803109061,2019,94000,213000,307000
60803112014,2019,100400,301500,401900
60803112022,2019,100400,323100,423500
60803112030,2019,100400,283700,384100
60803112048,2019,98400,282100,380500
60803112056,2019,90000,302500,392500
60803112064,2019,102000,347600,449600
60803112072,2019,97200,329200,426400
60803112080,2019,100700,324000,424700
60803112098,2019,100700,328800,429500
60803112105,2019,100700,281800,382500
60803112113,2019,110000,351000,461000
60803112121,2019,106000,330400,436400
60803112139,2019,103500,382400,485900
60803112147,2019,108800,341700,450500
60803112155,2019,106500,363700,470200
60803112163,2019,106800,319600,426400
60803112171,2019,104100,311900,416000
60803112189,2019,92700,356100,448800
60803112197,2019,92700,284700,377400
60803112204,2019,92700,337800,430500
60803113012,2019,99800,320400,420200
60803113020,2019,100700,422700,523400
60803113038,2019,100700,377200,477900
60803113054,2019,100800,328400,429200
60803113062,2019,121700,377400,499100
60803113070,2019,129000,360600,489600
60803113088,2019,129000,319100,448100
60803113096,2019,127300,381500,508800
60803113103,2019,129800,293600,423400
60803113129,2019,139100,381000,520100
60803113161,2019,134000,375500,509500
60803113179,2019,139200,381000,520200
60803113187,2019,139200,347300,486500
60803113195,2019,136600,332600,469200
60803113202,2019,133800,358600,492400
60803113210,2019,133800,349500,483300
60803113228,2019,140800,429200,570000
60803113236,2019,160700,444100,604800
60803113244,2019,161100,465800,626900
60803113252,2019,149900,342800,492700
60803113260,2019,129900,264800,394700
60803113278,2019,126300,312300,438600
60803113286,2019,126300,328700,455000
60803113294,2019,124200,356800,481000
60803113301,2019,135000,417300,552300
60803113319,2019,138700,277500,416200
60803115018,2019,118000,318000,436000
60803115026,2019,111200,496800,608000
60803115034,2019,105500,334100,439600
60803115042,2019,113500,340400,453900
60803115050,2019,110200,382300,492500
60803115068,2019,110200,319500,429700
60803115076,2019,110200,332500,442700
60803115084,2019,108800,273700,382500
60803115092,2019,104200,305500,409700
60803115109,2019,100800,304800,405600
60803115117,2019,100800,287400,388200
60803115125,2019,96300,335200,431500
60803115133,2019,100800,364300,465100
60803115141,2019,100000,277400,377400
60803115159,2019,93200,345400,438600
60803115167,2019,104100,297400,401500
60803115175,2019,77400,316300,393700
60803116024,2019,128500,354700,483200
60803116032,2019,138300,407700,546000
60803116040,2019,138300,339100,477400
60803116058,2019,138300,261700,400000
60803116066,2019,138300,374800,513100
60803116074,2019,110800,411400,522200
60803116082,2019,157500,209700,367200
60803116090,2019,134000,344100,478100
60803116107,2019,134000,324600,458600
60803116115,2019,134000,254600,388600
60803116123,2019,138300,276500,414800
60803117014,2019,101200,320700,421900
60803117022,2019,104400,336200,440600
60803201031,2019,180300,169700,350000
60803201049,2019,178100,166900,345000
60804101066,2019,143000,117000,260000
60804101074,2019,200300,578800,779100
60804102014,2019,68900,278800,347700
60804102048,2019,88700,306400,395100
60804102056,2019,89000,360900,449900
60804102064,2019,89000,316000,405000
60804102072,2019,89000,284700,373700
60804102080,2019,88900,315100,404000
60804102105,2019,87000,276400,363400
60804102113,2019,87000,238200,325200
60804102121,2019,87000,262900,349900
60804102139,2019,90000,286300,376300
60804103012,2019,88700,280500,369200
60804103020,2019,88700,320300,409000
60804103038,2019,88700,287800,376500
60804103046,2019,88600,258600,347200
60804103054,2019,88600,301400,390000
60804103062,2019,411600,16500,428100
60804103070,2019,89800,330200,420000
60804103088,2019,88700,401300,490000
60804103096,2019,88700,282900,371600
60804103111,2019,88700,285000,373700
60804103129,2019,88800,308200,397000
60804103137,2019,83500,350000,433500
60804103145,2019,83200,336800,420000
60804103153,2019,83200,395400,478600
60804103161,2019,86100,308900,395000
60804103179,2019,83500,326600,410100
60804103187,2019,78300,297300,375600
60804103195,2019,79200,275900,355100
60804103202,2019,83200,371400,454600
60804103210,2019,83200,323500,406700
60804103228,2019,83200,331800,415000
60804104010,2019,100200,300500,400700
60804104028,2019,98900,246100,345000
60804104036,2019,98900,272100,371000
60804104044,2019,98900,294600,393500
60804104052,2019,100200,331300,431500
60804104060,2019,100200,263800,364000
60804104078,2019,100200,411600,511800
60804104086,2019,100200,261400,361600
60804104094,2019,79500,283300,362800
60804104101,2019,96600,308400,405000
60804104119,2019,96600,278200,374800
60804104127,2019,96600,348100,444700
60804104135,2019,96600,326400,423000
60804104143,2019,105600,304400,410000
60804104151,2019,132500,0,132500
60804104169,2019,132500,413500,546000
60804104177,2019,132500,392600,525100
60804104185,2019,132500,473100,605600
60804104193,2019,132500,358400,490900
60804104200,2019,116600,323300,439900
60804105018,2019,84800,297700,382500
60804105026,2019,114500,285200,399700
60804105034,2019,109000,311600,420600
60804105042,2019,109000,287900,396900
60804105050,2019,109000,265800,374800
60804105068,2019,109000,288300,397300
60804105076,2019,109000,260200,369200
60804105084,2019,109000,318900,427900
60804105092,2019,122600,273600,396200
60804105109,2019,90100,244900,335000
60804105117,2019,91600,290400,382000
60804105125,2019,117900,438500,556400
60804105133,2019,119100,430900,550000
60804105141,2019,117900,405700,523600
60804105159,2019,120200,361500,481700
60804105167,2019,118800,428200,547000
60804105175,2019,143100,401900,545000
60804105183,2019,112700,443700,556400
60804105191,2019,114500,404800,519300
60804105224,2019,105900,330700,436600
60804105232,2019,111200,300800,412000
60804105240,2019,110900,305700,416600
60804105258,2019,110000,312900,422900
60804105266,2019,143100,664200,807300
60804105274,2019,143100,416900,560000
60804106016,2019,170600,468700,639300
60804106024,2019,153700,344800,498500
60804106032,2019,171900,311500,483400
60804106040,2019,171900,526200,698100
60804106058,2019,171900,427000,598900
60804106066,2019,171900,388100,560000
60804106074,2019,165400,342300,507700
60804106082,2019,165400,436200,601600
60804106090,2019,155300,579300,734600
60804106107,2019,141000,414800,555800
60804106115,2019,116700,408000,524700
60804106123,2019,134700,377300,512000
60804106131,2019,165100,390900,556000
60804106149,2019,158900,486000,644900
60804106173,2019,143000,280000,423000
60804106181,2019,163000,0,163000
60804106199,2019,185500,579500,765000
60804106206,2019,165000,356300,521300
60804106214,2019,165000,0,165000
60804106222,2019,192900,434600,627500
60804106230,2019,185500,464500,650000
60804107030,2019,60000,238000,298000
60804107048,2019,81600,365400,447000
60804107056,2019,76300,294800,371100
60804107064,2019,83700,248700,332400
60804107072,2019,73000,326000,399000
60804107080,2019,81600,244800,326400
60804107098,2019,116600,323400,440000
60804107105,2019,95000,188500,283500
60804202012,2019,70600,220000,290600
60804202020,2019,79900,200100,280000
60804203010,2019,74900,240000,314900
60804203028,2019,74900,253700,328600
60804203078,2019,71000,279000,350000
60804203086,2019,72000,278000,350000
60804204018,2019,71000,354000,425000
60804204026,2019,75000,293000,368000
60804204034,2019,75000,270000,345000
60804204042,2019,74000,300000,374000
60804204050,2019,91900,278100,370000
60804204076,2019,85000,275000,360000
60804204084,2019,85000,299000,384000
60804204092,2019,79300,0,79300
60804204109,2019,85000,260000,345000
60804204117,2019,79900,329100,409000
60804204125,2019,88000,304600,392600
60804204133,2019,78000,273500,351500
60804205016,2019,79900,286400,366300
60804205024,2019,86000,278900,364900
60804205032,2019,95000,254900,349900
60804205040,2019,95000,340000,435000
60804205058,2019,95000,289900,384900
60804205066,2019,99000,306000,405000
60804205074,2019,99000,323000,422000
60804205082,2019,84900,300000,384900
60804205090,2019,84900,281400,366300
60804205107,2019,94900,275100,370000
60804205115,2019,94900,336900,431800
60804205123,2019,94900,305000,399900
60804205131,2019,94900,0,94900
60804205149,2019,94900,277100,372000
60804206014,2019,82200,0,82200
60804206022,2019,79000,295900,374900
60804206030,2019,89900,350100,440000
60804206048,2019,94900,340000,434900
60804206056,2019,94900,310000,404900
60804206064,2019,94900,315100,410000
60804206072,2019,89900,271100,361000
60804206080,2019,100000,0,100000
60804206105,2019,110700,0,110700
60804206113,2019,94000,0,94000
60804207012,2019,77600,0,77600
60804207020,2019,99900,304000,403900
60804207046,2019,94900,374000,468900
60804207054,2019,98700,0,98700
60804207062,2019,104000,0,104000
60804208010,2019,105000,0,105000
60804208028,2019,109900,210000,319900
60804208036,2019,114900,114300,229200
60804208044,2019,109900,367800,477700
60804208052,2019,115000,310300,425300
60804208060,2019,109900,228500,338400
60804208078,2019,104900,360000,464900
60804208086,2019,117700,0,117700
60804209018,2019,94900,384100,479000
60804209026,2019,94900,316400,411300
60804209034,2019,93000,359200,452200
60804209042,2019,104000,288900,392900
60804209050,2019,93000,276900,369900
60804209068,2019,84000,371900,455900
60804209076,2019,76000,392000,468000
60811101017,2019,99500,208600,308100
60811101025,2019,102800,188800,291600
60811101033,2019,110200,177900,288100
60811101041,2019,119300,200800,320100
60811101059,2019,115400,234600,350000
60811101067,2019,106800,214700,321500
60811101075,2019,107700,192100,299800
60811102015,2019,113500,244400,357900
60811102023,2019,107500,213200,320700
60811102031,2019,104100,293500,397600
60811102049,2019,116800,202500,319300
60811102057,2019,110600,228300,338900
60811102065,2019,105200,201800,307000
60811102073,2019,98800,220900,319700
60811102081,2019,98800,254800,353600
60811102099,2019,98800,286200,385000
60811102106,2019,98800,196400,295200
60811102114,2019,98800,242000,340800
60811102122,2019,98800,214400,313200
60811102130,2019,98800,241000,339800
60811102148,2019,98800,212300,311100
60811102156,2019,98800,270600,369400
60811102164,2019,98800,208900,307700
60811102172,2019,98800,239200,338000
60811102180,2019,100500,235800,336300
60811103013,2019,100400,233200,333600
60811103021,2019,97300,220900,318200
60811103039,2019,97100,232900,330000
60811103047,2019,99700,202800,302500
60811103055,2019,106800,250500,357300
60811103063,2019,106300,203700,310000
60811103071,2019,97100,221600,318700
60811103089,2019,97600,262300,359900
60811103097,2019,98100,262200,360300
60811103104,2019,107300,212400,319700
60811103112,2019,118100,246600,364700
60811103120,2019,109900,240400,350300
60811103138,2019,122600,189000,311600
60811103154,2019,106800,278200,385000
60811103162,2019,99500,226100,325600
60811103170,2019,99500,219100,318600
60811103188,2019,102500,269300,371800
60811103196,2019,96000,289000,385000
60811103203,2019,97600,267400,365000
60811103211,2019,97600,212400,310000
60811103229,2019,96000,238000,334000
60811103237,2019,96000,251200,347200
60811103245,2019,94700,247000,341700
60811103253,2019,97300,263200,360500
60811103261,2019,98100,240500,338600
60811103279,2019,101200,238400,339600
60811103287,2019,114100,207500,321600
60811103295,2019,112300,228000,340300
60811103302,2019,105600,263400,369000
60811103310,2019,103300,323800,427100
60811103328,2019,103300,273600,376900
60811103336,2019,103300,311600,414900
60811103344,2019,101200,292000,393200
60811103352,2019,101800,264200,366000
60811103360,2019,102200,199400,301600
60811103378,2019,113400,287800,401200
60811103386,2019,107600,240700,348300
60811103394,2019,103200,203500,306700
60811103401,2019,103200,226600,329800
60811103419,2019,103200,193100,296300
60811103427,2019,105100,258800,363900
60811103435,2019,108300,278400,386700
60811103443,2019,108300,257400,365700
60811103451,2019,112300,204700,317000
60811103469,2019,116300,214800,331100
60811103477,2019,109400,298100,407500
60811103485,2019,106100,255400,361500
60811103493,2019,117000,273200,390200
60811103500,2019,111600,258900,370500
60811103518,2019,116800,217200,334000
60811103526,2019,104100,233700,337800
60811103534,2019,104100,258600,362700
60811103542,2019,109700,347100,456800
60811103550,2019,113000,204000,317000
60811104011,2019,100500,279700,380200
60811104029,2019,98800,219000,317800
60811104037,2019,98800,213300,312100
60811104045,2019,98800,287400,386200
60811104053,2019,104800,240500,345300
60811104061,2019,99200,255100,354300
60811104079,2019,100500,319700,420200
60811104087,2019,105200,300100,405300
60811104095,2019,103300,244800,348100
60811104102,2019,105500,329600,435100
60811104110,2019,105200,275900,381100
60811104128,2019,103300,294100,397400
60811104136,2019,103300,281000,384300
60811104144,2019,105100,292100,397200
60811106017,2019,105100,329100,434200
60811106025,2019,103300,303800,407100
60811106033,2019,103300,328700,432000
60811106041,2019,103600,323900,427500
60811106059,2019,104800,308900,413700
60811106067,2019,103600,267200,370800
60811106075,2019,105600,295700,401300
60811106083,2019,105700,206300,312000
60811106091,2019,105500,304300,409800
60811106108,2019,104300,262000,366300
60811106116,2019,103300,252500,355800
60811106124,2019,101900,239000,340900
60811106132,2019,101800,302600,404400
60811106140,2019,103600,219000,322600
60811106158,2019,103300,286700,390000
60811106166,2019,103300,270400,373700
60811106174,2019,105100,215300,320400
60811107015,2019,105100,274900,380000
60811107023,2019,103300,266200,369500
60811107031,2019,103300,272900,376200
60811107049,2019,108300,274300,382600
60811107057,2019,115100,277700,392800
60811107065,2019,114200,234600,348800
60811107073,2019,107900,245000,352900
60811107081,2019,113500,229000,342500
60811107099,2019,107700,238200,345900
60811107106,2019,103600,215900,319500
60811108013,2019,103100,277200,380300
60811108021,2019,104400,298900,403300
60811108039,2019,104800,257200,362000
60811108047,2019,103100,301900,405000
60811108055,2019,101500,253500,355000
60811108063,2019,105100,219300,324400
60811108071,2019,105200,273900,379100
60811108089,2019,104800,214700,319500
60811108097,2019,104100,209300,313400
60811108104,2019,105200,279800,385000
60811108112,2019,105100,252700,357800
60811108120,2019,106100,289200,395300
60811108138,2019,106300,282700,389000
60811108146,2019,106800,326700,433500
60811108154,2019,106300,313700,420000
60811108162,2019,108500,267400,375900
60811108170,2019,106500,259300,365800
60811108188,2019,104000,208000,312000
60811108196,2019,101900,235500,337400
60811108203,2019,103100,280300,383400
60811109011,2019,103300,255100,358400
60811109029,2019,105100,291900,397000
60811109037,2019,104300,265400,369700
60811109045,2019,102500,263300,365800
60811109053,2019,102800,245600,348400
60811109061,2019,103600,211500,315100
60811109079,2019,105200,240100,345300
60811109087,2019,104300,259300,363600
60811109095,2019,99500,270000,369500
60811109102,2019,99500,261800,361300
60811109110,2019,99500,252000,351500
60811109128,2019,100800,310400,411200
60811109136,2019,112500,286500,399000
60811109144,2019,118100,320100,438200
60811109152,2019,120400,249700,370100
60811109160,2019,116000,258200,374200
60811109178,2019,118200,300800,419000
60811109186,2019,116300,306000,422300
60811110018,2019,105100,208600,313700
60811110026,2019,103300,217100,320400
60811110034,2019,103300,284400,387700
60811110042,2019,103300,248800,352100
60811110050,2019,103300,218100,321400
60811110068,2019,103300,300100,403400
60811110076,2019,103300,286300,389600
60811110084,2019,105700,216400,322100
60811110092,2019,105100,277400,382500
60811110109,2019,103300,219300,322600
60811110117,2019,103300,238000,341300
60811110125,2019,103300,219100,322400
60811110133,2019,103300,259900,363200
60811110141,2019,103300,262400,365700
60811110159,2019,103300,207800,311100
60811110167,2019,105100,315500,420600
60811111016,2019,108300,272200,380500
60811111024,2019,109100,284100,393200
60811111032,2019,110600,200300,310900
60811111040,2019,109000,339100,448100
60811111058,2019,104400,202000,306400
60811111066,2019,103300,242600,345900
60811111074,2019,103300,274100,377400
60811111082,2019,103300,245900,349200
60811111090,2019,103300,200700,304000
60811111107,2019,103300,278900,382200
60811111115,2019,103300,291700,395000
60811111123,2019,103300,242600,345900
60811111131,2019,103300,288100,391400
60811111149,2019,103300,275200,378500
60811111157,2019,103300,265200,368500
60811111165,2019,105100,252000,357100
60811112030,2019,102800,215600,318400
60811112048,2019,101900,294300,396200
60811112056,2019,101900,313500,415400
60811112064,2019,101900,249600,351500
60811112072,2019,107700,317300,425000
60811112080,2019,116800,274700,391500
60811112098,2019,121500,290300,411800
60811112105,2019,117100,306500,423600
60811112113,2019,117900,294500,412400
60811112121,2019,117100,464500,581600
60811112139,2019,116300,318300,434600
60811112147,2019,119400,257500,376900
60811112155,2019,117900,304100,422000
60811112163,2019,108700,279000,387700
60811112171,2019,104300,271100,375400
60811112189,2019,105600,232800,338400
60811112197,2019,106800,288100,394900
60811112204,2019,103200,313900,417100
60811112212,2019,104000,297700,401700
60811112220,2019,109900,306500,416400
60811112238,2019,107600,260100,367700
60811112246,2019,113700,303600,417300
60811112254,2019,113400,238300,351700
60811112262,2019,102800,180500,283300
60811112270,2019,109400,251600,361000
60811112288,2019,100000,179000,279000
60811112296,2019,92300,170200,262500
60811112303,2019,91800,185400,277200
60811112311,2019,91800,208400,300200
60811112329,2019,91800,168200,260000
60811112337,2019,91800,193200,285000
60811112345,2019,93800,208500,302300
60811112353,2019,96700,177400,274100
60811112361,2019,97900,182000,279900
60811112379,2019,97900,168000,265900
60811112395,2019,97100,208100,305200
60811113012,2019,105700,285000,390700
60811113020,2019,107500,262900,370400
60811113038,2019,118200,299600,417800
60811113046,2019,109900,333100,443000
60811113054,2019,106200,273900,380100
60811113062,2019,108700,275400,384100
60811113070,2019,104000,273100,377100
60811113088,2019,103300,266200,369500
60811113096,2019,105500,260200,365700
60811113103,2019,107600,182700,290300
60811113111,2019,105200,226100,331300
60811113129,2019,106200,236300,342500
60811113137,2019,103300,271700,375000
60811113145,2019,103300,310400,413700
60811113153,2019,103300,297800,401100
60811113161,2019,105500,305300,410800
60811113179,2019,109000,301900,410900
60811114010,2019,105100,208700,313800
60811114028,2019,101500,207200,308700
60811114036,2019,108700,266300,375000
60811114044,2019,100300,209500,309800
60811114052,2019,109100,204600,313700
60811114060,2019,118900,255700,374600
60811114078,2019,125200,304000,429200
60811114086,2019,122200,280400,402600
60811114094,2019,120400,245400,365800
60811114101,2019,119300,266100,385400
60811114119,2019,114200,294900,409100
60811114127,2019,106300,221800,328100
60811114135,2019,127900,272300,400200
60811114143,2019,121600,284200,405800
60811114151,2019,111000,260500,371500
60811114169,2019,107500,295700,403200
60811114177,2019,109400,216200,325600
60811114185,2019,101200,211500,312700
60811114193,2019,100300,242800,343100
60811114200,2019,108300,285500,393800
60811114218,2019,119300,207200,326500
60811114226,2019,130800,283700,414500
60811114234,2019,118400,268300,386700
60811114242,2019,106300,219200,325500
60811114250,2019,104100,209100,313200
60811114268,2019,116300,206400,322700
60811114276,2019,125100,305700,430800
60811114284,2019,118100,253100,371200
60811114292,2019,107900,294100,402000
60811114309,2019,105600,234500,340100
60811114317,2019,108700,247400,356100
60811115026,2019,104400,225100,329500
60811115050,2019,105700,261200,366900
60811115076,2019,100500,233000,333500
60811115084,2019,103300,300200,403500
60811115092,2019,105600,267600,373200
60811115109,2019,105600,312000,417600
60811115117,2019,108700,303600,412300
60811115125,2019,111900,222900,334800
60811115133,2019,105600,196500,302100
60811115141,2019,107500,207500,315000
60811201015,2019,104000,195100,299100
60811201023,2019,104600,184100,288700
60811201031,2019,98700,162500,261200
60811201049,2019,95900,163800,259700
60811201057,2019,97200,189600,286800
60811202013,2019,94400,189200,283600
60811202021,2019,92800,187700,280500
60811202039,2019,95100,192500,287600
60811202047,2019,104400,190800,295200
60811202055,2019,99900,259600,359500
60811202063,2019,96200,213300,309500
60811202071,2019,95900,204600,300500
60811202089,2019,95900,217100,313000
60811202097,2019,95900,212500,308400
60811202104,2019,95900,200600,296500
60811202112,2019,95900,222300,318200
60811202120,2019,95900,180300,276200
60811202138,2019,99200,254400,353600
60811202146,2019,106300,171000,277300
60811202154,2019,101000,242000,343000
60811202162,2019,96400,223800,320200
60811202170,2019,85800,232200,318000
60811202188,2019,95900,236800,332700
60811202196,2019,97700,265300,363000
60811203011,2019,97000,210600,307600
60811203029,2019,97300,190900,288200
60811203037,2019,99600,237500,337100
60811203045,2019,95400,202600,298000
60811203053,2019,91900,211800,303700
60811203061,2019,95800,209200,305000
60811203079,2019,92600,197900,290500
60811203087,2019,91900,199600,291500
60811203095,2019,93200,214900,308100
60811203102,2019,95000,206800,301800
60811203110,2019,91900,206300,298200
60811203128,2019,92600,207300,299900
60811204019,2019,116000,239900,355900
60811204027,2019,120200,245400,365600
60811204035,2019,128700,210100,338800
60811204043,2019,130500,176700,307200
60811204051,2019,103400,204900,308300
60811204069,2019,97000,186100,283100
60811204077,2019,102300,280200,382500
60811204085,2019,102400,202500,304900
60811204093,2019,121100,295000,416100
60811204100,2019,117300,305700,423000
60811204118,2019,109800,260300,370100
60811204126,2019,106300,239600,345900
60811204134,2019,106700,260900,367600
60811204142,2019,114500,215500,330000
60811204150,2019,113900,252600,366500
60811204176,2019,105200,245800,351000
60811204184,2019,204100,245000,449100
60811204209,2019,205200,420000,625200
60811204225,2019,112000,240500,352500
60811204233,2019,112000,280100,392100
60811204241,2019,103400,216000,319400
60811204259,2019,116800,455500,572300
60811204267,2019,106300,254100,360400
60811204275,2019,104700,261000,365700
60811204291,2019,104000,267300,371300
60811204308,2019,107500,223400,330900
60811204316,2019,112400,296500,408900
60811204324,2019,114600,306200,420800
60811204332,2019,115300,214600,329900
60811205017,2019,104700,260900,365600
60811205025,2019,103100,230500,333600
60811205033,2019,102200,324300,426500
60811205041,2019,99600,228400,328000
60811205059,2019,100800,298800,399600
60811205067,2019,99900,272400,372300
60811205075,2019,98600,243000,341600
60811205083,2019,100800,223700,324500
60811205091,2019,105200,229700,334900
60811205108,2019,98300,270300,368600
60811205116,2019,96500,230600,327100
60811205124,2019,95800,255900,351700
60811205132,2019,99200,275800,375000
60811205140,2019,95800,217000,312800
60811205158,2019,97900,251000,348900
60811206015,2019,100800,310600,411400
60811206023,2019,96500,198100,294600
60811206031,2019,99900,228100,328000
60811206049,2019,95800,205100,300900
60811206057,2019,96500,289700,386200
60811206065,2019,100300,269200,369500
60811206073,2019,106600,220800,327400
60811206081,2019,115200,236900,352100
60811206099,2019,100300,243000,343300
60811206106,2019,99300,265700,365000
60811206114,2019,103700,214300,318000
60811206122,2019,107200,270000,377200
60811301013,2019,86600,204900,291500
60811301021,2019,83100,222900,306000
60811301039,2019,84200,205300,289500
60811301047,2019,88400,190900,279300
60811301055,2019,86200,200400,286600
60811301063,2019,87300,187900,275200
60811301071,2019,84700,273800,358500
60811302011,2019,86200,241500,327700
60811302029,2019,88400,222100,310500
60811302037,2019,92200,266400,358600
60811302045,2019,89300,231200,320500
60811302053,2019,87100,236500,323600
60811302061,2019,87600,219500,307100
60811302079,2019,85300,237100,322400
60811302087,2019,81600,260900,342500
60811302095,2019,79300,222700,302000
60811302102,2019,78700,197300,276000
60811302128,2019,84700,165300,250000
60811302136,2019,76400,230600,307000
60811302144,2019,76400,203900,280300
60811302152,2019,78000,277400,355400
60811302160,2019,82000,178100,260100
60811302178,2019,81400,239500,320900
60811302186,2019,76400,227400,303800
60811302194,2019,76400,225300,301700
60811302201,2019,76400,230100,306500
60811302219,2019,76400,245900,322300
60811302227,2019,76400,185100,261500
60811302235,2019,77100,221700,298800
60811302243,2019,76400,221200,297600
60811302251,2019,76400,211900,288300
60811302269,2019,82500,249200,331700
60811302277,2019,79800,278600,358400
60811302285,2019,88500,226400,314900
60811302293,2019,88500,184500,273000
60811302300,2019,90300,284100,374400
60811303019,2019,84700,188000,272700
60811303027,2019,82600,229600,312200
60811303035,2019,81700,228400,310100
60811303043,2019,82800,252900,335700
60811303051,2019,81700,272300,354000
60811303069,2019,83300,218100,301400
60811303077,2019,83600,190900,274500
60811303085,2019,82300,268400,350700
60811303093,2019,88500,219800,308300
60811303100,2019,90300,266800,357100
60811303118,2019,90300,197500,287800
60811303126,2019,89300,222200,311500
60811303134,2019,88500,179800,268300
60811304017,2019,85800,333500,419300
60811304025,2019,85800,275200,361000
60811304033,2019,85800,221800,307600
60811304041,2019,85800,282300,368100
60811304075,2019,86500,251500,338000
60811304083,2019,85800,259400,345200
60811304091,2019,92400,216900,309300
60811304108,2019,91400,270000,361400
60811304116,2019,87600,252900,340500
60811304124,2019,87600,241400,329000
60811304132,2019,88600,288200,376800
60811304140,2019,91400,298600,390000
60811304158,2019,91300,285500,376800
60811304166,2019,91400,332600,424000
60811304174,2019,91600,316800,408400
60811304182,2019,92100,277400,369500
60811304190,2019,88600,281000,369600
60811304207,2019,87600,232100,319700
60811304215,2019,87100,272800,359900
60811304223,2019,92100,295500,387600
60811304231,2019,85100,276700,361800
60811304249,2019,84500,232900,317400
60811304257,2019,88600,259900,348500
60811304265,2019,88600,226600,315200
60811304273,2019,102200,310600,412800
60811304281,2019,127100,297200,424300
60811304299,2019,96600,255100,351700
60811304306,2019,83400,311700,395100
60811304314,2019,83400,329600,413000
60811304322,2019,83300,270200,353500
60811304330,2019,84200,214900,299100
60811304348,2019,84400,221600,306000
60811304356,2019,91800,216000,307800
60811304364,2019,91800,251600,343400
60811304372,2019,91800,278800,370600
60811304380,2019,91800,227700,319500
60811304398,2019,99600,246500,346100
60811304405,2019,99600,265400,365000
60811304413,2019,99600,248000,347600
60811304421,2019,91800,217400,309200
60811304439,2019,84400,198400,282800
60811304447,2019,84400,213700,298100
60811304455,2019,84400,190800,275200
60811304463,2019,84400,208400,292800
60811304471,2019,84400,207700,292100
60811304489,2019,84400,209700,294100
60811401011,2019,84700,209600,294300
60811401029,2019,84200,214800,299000
60811401037,2019,84200,185400,269600
60811401045,2019,84500,243200,327700
60811401053,2019,84500,211800,296300
60811401061,2019,84500,247100,331600
60811401079,2019,84500,219000,303500
60811401087,2019,84500,204600,289100
60811401095,2019,74800,191500,266300
60811401102,2019,84500,203300,287800
60811401110,2019,84500,187600,272100
60811401128,2019,84500,188200,272700
60811401136,2019,84500,244500,329000
60811401144,2019,84500,217400,301900
60811401152,2019,84500,208300,292800
60811401160,2019,84500,191000,275500
60811401178,2019,88500,249500,338000
60811402019,2019,78100,202000,280100
60811402027,2019,76200,190000,266200
60811402035,2019,78100,198500,276600
60811402043,2019,79000,185200,264200
60811402051,2019,77600,213400,291000
60811402069,2019,76300,229800,306100
60811402077,2019,66400,227000,293400
60811402085,2019,77200,242300,319500
60811402093,2019,76400,189800,266200
60811402100,2019,76200,173900,250100
60811402118,2019,76200,248900,325100
60811402126,2019,69000,197200,266200
60811402134,2019,84200,220700,304900
60811402142,2019,90300,162400,252700
60811402150,2019,79300,201500,280800
60811402168,2019,75500,222600,298100
60811402176,2019,75400,181100,256500
60811402184,2019,75400,192400,267800
60811402192,2019,75400,217200,292600
60811402209,2019,75400,196200,271600
60811402217,2019,75400,187300,262700
60811402225,2019,75400,231100,306500
60811402233,2019,69400,194300,263700
60811402241,2019,66600,237200,303800
60811402259,2019,78700,185900,264600
60811402267,2019,79700,186400,266100
60811402283,2019,81400,225400,306800
60811402291,2019,75500,201900,277400
60811402308,2019,76100,209700,285800
60811402316,2019,77300,198900,276200
60811402324,2019,77300,201500,278800
60811402332,2019,78000,213500,291500
60811402340,2019,79300,224300,303600
60811402358,2019,82300,187900,270200
60811403017,2019,79000,196600,275600
60811403025,2019,76200,211900,288100
60811403033,2019,76200,177600,253800
60811403041,2019,76700,160100,236800
60811403059,2019,79500,228500,308000
60811403067,2019,83300,191900,275200
60811403075,2019,76200,182000,258200
60811403083,2019,79000,191400,270400
60811403091,2019,78000,210400,288400
60811403108,2019,80000,198700,278700
60811403116,2019,77000,195400,272400
60811403124,2019,80100,192600,272700
60811403132,2019,76200,185300,261500
60811403140,2019,76200,226100,302300
60811403158,2019,91700,192700,284400
60811403166,2019,86000,179600,265600
60811403174,2019,80600,186500,267100
60811404015,2019,84500,177100,261600
60811404023,2019,84200,265800,350000
60811404031,2019,77600,226400,304000
60811404049,2019,77300,180200,257500
60811404057,2019,80700,194200,274900
60811404065,2019,82800,193900,276700
60811404073,2019,81400,185700,267100
60811404081,2019,76400,214100,290500
60811404099,2019,76400,223600,300000
60811404106,2019,75600,228500,304100
60811404114,2019,77300,197300,274600
60811404122,2019,86000,212200,298200
60811406011,2019,80100,243800,323900
60811406029,2019,75300,224500,299800
60811406037,2019,74900,190900,265800
60811406045,2019,74900,163700,238600
60811406053,2019,74900,210200,285100
60811406061,2019,74900,199200,274100
60811406079,2019,74900,169500,244400
60811406087,2019,81100,158800,239900
60811406095,2019,82000,205700,287700
60811406102,2019,75500,159400,234900
60811406110,2019,75400,220400,295800
60811406128,2019,75400,248600,324000
60811406136,2019,75400,203600,279000
60811406144,2019,75400,168400,243800
60811406152,2019,81700,164600,246300
60811407019,2019,81600,198200,279800
60811407027,2019,79000,214600,293600
60811407035,2019,79000,217000,296000
60811407043,2019,77200,224800,302000
60811407051,2019,80600,213900,294500
60811407069,2019,84000,183800,267800
60811407077,2019,84000,217700,301700
60811407085,2019,83100,207100,290200
60811407093,2019,78400,188300,266700
60811407100,2019,79500,215100,294600
60811407118,2019,79000,222200,301200
60811407126,2019,75400,184600,260000
60811407134,2019,76100,175900,252000
60811407142,2019,76700,214800,291500
60811407150,2019,77300,227700,305000
60811407168,2019,78100,169200,247300
60811407176,2019,75600,189300,264900
60811408017,2019,78200,167900,246100
60811408025,2019,74800,159000,233800
60811408033,2019,75000,192500,267500
60811408041,2019,74800,152700,227500
60811408059,2019,75200,181100,256300
60811408067,2019,75200,170100,245300
60811408075,2019,75200,202900,278100
60811408083,2019,75200,178900,254100
60811408091,2019,75200,146100,221300
60811408108,2019,75000,157700,232700
60811408116,2019,74800,168900,243700
60811408124,2019,80700,168500,249200
60811408140,2019,80800,177200,258000
60811408158,2019,76100,195600,271700
60811408166,2019,76100,172400,248500
60811408174,2019,76100,175200,251300
60811408182,2019,76100,178400,254500
60811408190,2019,76100,175200,251300
60811408207,2019,76100,175300,251400
60811408215,2019,76100,151500,227600
60811408223,2019,79000,149200,228200
60811409015,2019,78300,198100,276400
60811409023,2019,75600,194400,270000
60811409031,2019,75600,190700,266300
60811409049,2019,80700,201500,282200
60811409057,2019,78000,167100,245100
60811409065,2019,77700,195000,272700
60811409073,2019,78000,219600,297600
60811409081,2019,85400,229000,314400
60811409099,2019,79300,193200,272500
60811409106,2019,77600,177600,255200
60811409114,2019,77300,183700,261000
60811409122,2019,78700,178300,257000
60811410012,2019,79500,182700,262200
60811410020,2019,75600,166400,242000
60811410038,2019,75600,197800,273400
60811410046,2019,75600,163900,239500
60811410054,2019,75600,179400,255000
60811410062,2019,75600,196900,272500
60811410070,2019,75600,189600,265200
60811410088,2019,75600,190400,266000
60811410096,2019,78800,187900,266700
60811410103,2019,79500,210900,290400
60811410111,2019,75600,164600,240200
60811410129,2019,75600,175600,251200
60811410137,2019,75600,190300,265900
60811410145,2019,75600,146800,222400
60811410153,2019,75600,184200,259800
60811410161,2019,75600,201600,277200
60811410179,2019,76700,183300,260000
60811410187,2019,79300,184000,263300
60811411010,2019,80000,243300,323300
60811411028,2019,75600,228200,303800
60811411036,2019,75600,178000,253600
60811411044,2019,75600,243700,319300
60811411052,2019,75600,200000,275600
60811411060,2019,75600,217100,292700
60811411078,2019,75600,213800,289400
60811411086,2019,76100,196600,272700
60811411094,2019,79500,154400,233900
60811411101,2019,84400,190500,274900
60811411119,2019,84400,202200,286600
60811411127,2019,84400,177200,261600
60811411135,2019,84400,188300,272700
60811411143,2019,84400,195700,280100
60811411151,2019,84400,183400,267800
60811411169,2019,84400,252500,336900
60811411177,2019,84400,248900,333300
60811411185,2019,84400,213000,297400
60811412018,2019,76400,180400,256800
60811412026,2019,77600,234400,312000
60811412034,2019,81900,219900,301800
60811412042,2019,83300,184100,267400
60811412050,2019,75500,189100,264600
60811412068,2019,75600,162000,237600
60811412076,2019,78900,188500,267400
60811412084,2019,85800,218000,303800
60811412092,2019,83600,222800,306400
60811412109,2019,75300,229100,304400
60811412117,2019,75600,169600,245200
60811412125,2019,75500,162300,237800
60811412133,2019,75500,190300,265800
60811412141,2019,80700,170500,251200
60811412159,2019,76400,193200,269600
60811412167,2019,76400,220700,297100
60811412175,2019,76400,217700,294100
60811412183,2019,83400,201700,285100
60811412191,2019,111100,222600,333700
60811412208,2019,117800,333000,450800
60811412216,2019,118200,274300,392500
60811412224,2019,111400,246600,358000
60811412232,2019,113400,251700,365100
60811412240,2019,110300,221000,331300
60811412274,2019,91800,358200,450000
60811412282,2019,107200,293500,400700
60811412290,2019,98400,196900,295300
60811412307,2019,98100,231100,329200
60811412315,2019,98100,215000,313100
60811412323,2019,98100,199400,297500
60811412331,2019,98100,207600,305700
60811412349,2019,97900,199100,297000
60811412357,2019,98100,237300,335400
60811412365,2019,109100,230900,340000
60811413016,2019,80200,189800,270000
60811413024,2019,76200,221800,298000
60811413032,2019,76200,220600,296800
60811413040,2019,76200,196800,273000
60811413058,2019,83100,179800,262900
60811413090,2019,88000,207000,295000
60811413107,2019,86500,226300,312800
60811413115,2019,86600,244000,330600
60811413123,2019,86600,210900,297500
60811413131,2019,86900,228200,315100
60811413149,2019,96000,183900,279900
60811413157,2019,100100,202600,302700
60811414014,2019,76200,170400,246600
60811414022,2019,76100,216700,292800
60811414030,2019,76100,185900,262000
60811414048,2019,76100,212800,288900
60811414056,2019,76100,225600,301700
60811414064,2019,80200,227100,307300
60811414072,2019,79500,182400,261900
60811414080,2019,76100,189100,265200
60811414098,2019,76100,205800,281900
60811414105,2019,76100,196600,272700
60811414113,2019,76100,190200,266300
60811414121,2019,76300,179600,255900
60811415012,2019,79700,226700,306400
60811415020,2019,76400,165000,241400
60811415038,2019,76400,189400,265800
60811415046,2019,76400,212700,289100
60811415054,2019,76400,180600,257000
60811415062,2019,76400,179400,255800
60811415070,2019,77100,209500,286600
60811415103,2019,77700,174900,252600
60811415111,2019,72000,175200,247200
60811415129,2019,72000,187300,259300
60811415137,2019,73400,166400,239800
60811415145,2019,73200,188800,262000
60811415153,2019,73200,175500,248700
60811415161,2019,73200,154700,227900
60811415179,2019,73400,164900,238300
60811415187,2019,73200,172600,245800
60811415195,2019,73200,154800,228000
60811415202,2019,73200,175300,248500
60811415210,2019,74200,158800,233000
60811415244,2019,84200,176400,260600
60811415252,2019,84600,206600,291200
60811415278,2019,91100,160500,251600
60811415286,2019,90200,169800,260000
60811415294,2019,94700,158400,253100
60811415301,2019,104600,174300,278900
60811415319,2019,115600,179300,294900
60811415327,2019,108400,187700,296100
60811415335,2019,95600,204800,300400
60811415343,2019,86400,223000,309400
60811415351,2019,82900,161000,243900
60811415369,2019,85100,208200,293300
60811416028,2019,86500,225600,312100
60811416036,2019,81700,213600,295300
60811416044,2019,96600,209200,305800
60811416052,2019,90300,182700,273000
60811416060,2019,91700,248900,340600
60811416078,2019,82000,181700,263700
60811416086,2019,81400,190200,271600
60811416101,2019,78800,172900,251700
60811416119,2019,77600,182200,259800
60811416127,2019,75600,189600,265200
60811416135,2019,79500,198100,277600
60811416143,2019,75600,243500,319100
60811416151,2019,75600,203500,279100
60811416169,2019,75600,196000,271600
60811416177,2019,76400,221200,297600
60811416185,2019,80200,234600,314800
60811416193,2019,86500,235400,321900
60811416200,2019,90100,228100,318200
60811416218,2019,85100,242700,327800
60811416226,2019,85400,251900,337300
60811416234,2019,91600,193900,285500
60811416242,2019,99700,217900,317600
60811416250,2019,81400,210400,291800
60811416268,2019,90800,226100,316900
60811416276,2019,82800,197500,280300
60811416284,2019,81200,190200,271400
60811416292,2019,79600,193000,272600
60811416309,2019,77600,196600,274200
60811416317,2019,77200,235100,312300
60811416325,2019,77100,234400,311500
60811416333,2019,77200,203400,280600
60811416341,2019,78800,192800,271600
60811416359,2019,75500,214000,289500
60811417018,2019,82000,223000,305000
60811417026,2019,76200,211000,287200
60811417034,2019,76100,201700,277800
60811417042,2019,84500,181400,265900
60811417050,2019,78000,188400,266400
60811417068,2019,75600,205900,281500
60811417076,2019,75600,204800,280400
60811417084,2019,75600,261000,336600
60811417092,2019,75600,244900,320500
60811417109,2019,78000,181200,259200
60811417117,2019,82700,190200,272900
60811418016,2019,86500,173100,259600
60811418024,2019,82000,194100,276100
60811418032,2019,78100,193300,271400
60811418040,2019,78000,192300,270300
60811418058,2019,77300,226200,303500
60811418066,2019,78000,248800,326800
60811418074,2019,78400,234200,312600
60811418082,2019,79300,155700,235000
60811418090,2019,75600,206100,281700
60811418107,2019,75400,210500,285900
60811418115,2019,67100,189500,256600
60811418123,2019,75600,189400,265000
60811418131,2019,77100,148400,225500
60811418149,2019,75600,178300,253900
60811418157,2019,75600,196800,272400
60811418165,2019,85100,188300,273400
60811418173,2019,87300,187900,275200
60811418181,2019,77100,214400,291500
60811418199,2019,78000,205100,283100
60811419014,2019,75400,236100,311500
60811419022,2019,77100,191600,268700
60811419030,2019,75500,196100,271600
60811419048,2019,67100,204200,271300
60811419056,2019,75500,160700,236200
60811419064,2019,75400,210500,285900
60811419072,2019,75500,205600,281100
60811419080,2019,75500,191900,267400
60811419098,2019,75500,194400,269900
60811419105,2019,75400,234600,310000
60811419113,2019,75500,163900,239400
60811419121,2019,67300,168600,235900
60811419204,2019,89400,221800,311200
60811419212,2019,91200,227900,319100
60811419220,2019,89300,213500,302800
60811419238,2019,89400,256400,345800
60811419254,2019,89500,239700,329200
60811419262,2019,90600,175700,266300
60811422017,2019,80300,227700,308000
60811422025,2019,80300,204200,284500
60811422033,2019,80300,190200,270500
60811422041,2019,80300,210400,290700
60811422059,2019,80300,206700,287000
60811422067,2019,80300,211800,292100
60811422075,2019,80300,205000,285300
60811422083,2019,80300,209100,289400
60811422091,2019,80300,203100,283400
60811423106,2019,89000,174700,263700
60811423114,2019,81600,183200,264800
60811423122,2019,81600,186900,268500
60811423130,2019,81500,199000,280500
60811423148,2019,72200,154600,226800
60811423156,2019,69500,223100,292600
60811423164,2019,66600,234300,300900
60811423172,2019,84800,230200,315000
60811424063,2019,106800,256600,363400
60811424071,2019,105400,236000,341400
60811424089,2019,100100,182900,283000
60811424097,2019,100100,242000,342100
60811424104,2019,97900,204900,302800
60811424112,2019,99900,235400,335300
60811424120,2019,100500,218600,319100
60811424138,2019,116100,212400,328500
60811424146,2019,116100,221900,338000
60811424154,2019,101500,182400,283900
60811424162,2019,90400,204600,295000
60811424170,2019,83300,220500,303800
60811424188,2019,83300,166700,250000
60811425011,2019,106500,224500,331000
60811425029,2019,106500,215900,322400
60811425037,2019,101800,217900,319700
60811426019,2019,91700,205300,297000
60811426027,2019,90700,165300,256000
60811426035,2019,89500,193500,283000
60811426043,2019,97700,206700,304400
60811426051,2019,92900,160800,253700
60811427017,2019,81200,206300,287500
60811427025,2019,66700,174300,241000
60811427033,2019,66000,196500,262500
60811427041,2019,77800,173400,251200
60811427059,2019,77800,216000,293800
60811427067,2019,76600,191600,268200
60811427075,2019,98800,201900,300700
60811427083,2019,84600,179100,263700
60811427091,2019,79200,189800,269000
60811427108,2019,77800,195600,273400
60811427116,2019,80300,197800,278100
60811428015,2019,72700,200700,273400
60811428023,2019,65400,199600,265000
60811428031,2019,76200,219700,295900
60811428049,2019,79600,214300,293900
60811428057,2019,80300,147000,227300
60811429013,2019,93300,184600,277900
60811429021,2019,89600,249300,338900
60811429039,2019,77800,211400,289200
60811429047,2019,77800,195200,273000
60811429055,2019,76100,172500,248600
60811430010,2019,92100,202900,295000
60811430028,2019,76000,195000,271000
60811430036,2019,62900,180700,243600
60811430044,2019,92800,174500,267300
60811430052,2019,86600,223400,310000
60811430060,2019,77800,202700,280500
60811430078,2019,77800,225600,303400
60811430086,2019,77800,192000,269800
60811430094,2019,80700,223900,304600
60811431018,2019,78800,221700,300500
60811431026,2019,76600,220400,297000
60811431034,2019,79300,180900,260200
60811431042,2019,94600,173200,267800
60811431050,2019,82200,212800,295000
60811431068,2019,76400,219800,296200
60811431076,2019,63000,228300,291300
60811431084,2019,70000,176900,246900
60811431092,2019,78300,190500,268800
60811432016,2019,92800,165900,258700
60811432024,2019,89100,172200,261300
60811432032,2019,92000,205800,297800
60811432040,2019,93700,174200,267900
60811432058,2019,89300,184000,273300
60811432066,2019,66300,190200,256500
60811433014,2019,98700,185800,284500
60811433022,2019,96600,242200,338800
60811433030,2019,80700,219900,300600
60811433048,2019,79400,173600,253000
60811433056,2019,83500,196800,280300
60811433064,2019,82900,195300,278200
60811433072,2019,83200,170700,253900
60811433080,2019,95000,222600,317600
60811434012,2019,85800,191500,277300
60811434020,2019,85500,179800,265300
60811434038,2019,88000,195400,283400
60811434046,2019,108400,173000,281400
60811435010,2019,84800,186800,271600
60811435028,2019,86600,181500,268100
60811435036,2019,84600,181200,265800
60811435044,2019,85900,205500,291400
60811435052,2019,83000,183600,266600
60811435060,2019,96900,202400,299300
60811435078,2019,104800,216100,320900
60811436018,2019,96700,189000,285700
60811436026,2019,95600,193100,288700
60811436034,2019,88500,173100,261600
60811436042,2019,83000,187900,270900
60811436050,2019,81500,210200,291700
60811436068,2019,89700,172300,262000
60811436076,2019,69600,199700,269300
60811436084,2019,82300,232800,315100
60811437016,2019,83600,217400,301000
60811437024,2019,92600,185400,278000
60811437032,2019,93100,169100,262200
60811437040,2019,87000,207800,294800
60811437058,2019,93900,174000,267900
60811437066,2019,83000,168700,251700
60811437074,2019,82700,187300,270000
60811437082,2019,111600,195300,306900
60812101016,2019,78800,162800,241600
60812101024,2019,83700,146300,230000
60812101032,2019,84200,161800,246000
60812101040,2019,78800,154400,233200
60812101058,2019,77800,176600,254400
60812101066,2019,77700,166900,244600
60812101074,2019,77700,160500,238200
60812101082,2019,77700,157700,235400
60812101090,2019,78000,203000,281000
60812101107,2019,78500,192600,271100
60812101115,2019,79600,164700,244300
60812101123,2019,79900,170700,250600
60812101131,2019,87200,169900,257100
60812102022,2019,85300,190600,275900
60812102030,2019,85300,211400,296700
60812102048,2019,88400,173100,261500
60812102056,2019,92500,194500,287000
60812102064,2019,93900,189500,283400
60812102072,2019,93000,180900,273900
60812102080,2019,89300,188100,277400
60812102098,2019,85100,202400,287500
60812102105,2019,85300,183300,268600
60812102113,2019,84900,184500,269400
60812102121,2019,82800,210600,293400
60812102139,2019,81900,201700,283600
60812102147,2019,85300,186800,272100
60812102163,2019,85300,194400,279700
60812102171,2019,83100,189600,272700
60812102189,2019,87700,204200,291900
60812102197,2019,102600,228700,331300
60812102204,2019,103100,192500,295600
60812102212,2019,89000,183900,272900
60812102220,2019,84900,175800,260700
60812102238,2019,85700,197600,283300
60812103012,2019,88500,165300,253800
60812103020,2019,81200,190600,271800
60812103038,2019,90200,152700,242900
60812103046,2019,96100,187700,283800
60812103054,2019,90200,182300,272500
60812103062,2019,85700,195200,280900
60812103070,2019,80400,176800,257200
60812103088,2019,84700,221300,306000
60812103103,2019,81900,172100,254000
60812103111,2019,79500,172800,252300
60812103129,2019,87500,188000,275500
60812103137,2019,84200,184700,268900
60812103145,2019,85100,196500,281600
60812103153,2019,84700,181200,265900
60812103161,2019,88400,170000,258400
60812103179,2019,99600,175100,274700
60812103187,2019,98600,183600,282200
60812103195,2019,85100,171800,256900
60812103202,2019,84500,202900,287400
60812103210,2019,85600,172100,257700
60812103228,2019,79500,189000,268500
60812103236,2019,79500,189000,268500
60812103244,2019,78800,191500,270300
60812103252,2019,79500,145000,224500
60812103260,2019,81000,190800,271800
60812103278,2019,87700,200200,287900
60812103294,2019,79500,168400,247900
60812103301,2019,83300,182300,265600
60812104010,2019,80000,175300,255300
60812104028,2019,76000,148800,224800
60812104036,2019,76000,168300,244300
60812104044,2019,76000,193600,269600
60812104052,2019,76000,219000,295000
60812104060,2019,76000,166200,242200
60812104078,2019,76000,153800,229800
60812104086,2019,76000,164000,240000
60812104094,2019,76000,211000,287000
60812104101,2019,81000,160800,241800
60812104119,2019,80100,178900,259000
60812104127,2019,76000,192300,268300
60812104135,2019,76000,189100,265100
60812104143,2019,76000,187000,263000
60812104151,2019,76000,167800,243800
60812104169,2019,76000,161700,237700
60812104177,2019,76000,181400,257400
60812104185,2019,76000,195600,271600
60812104193,2019,76000,173300,249300
60812104200,2019,81100,175100,256200
60812105018,2019,78000,150400,228400
60812105026,2019,78000,194700,272700
60812105034,2019,78000,195600,273600
60812105042,2019,78000,155300,233300
60812105050,2019,78000,160100,238100
60812105068,2019,78000,171500,249500
60812105076,2019,78000,166000,244000
60812105084,2019,81700,175900,257600
60812105092,2019,74400,157900,232300
60812105109,2019,74100,196500,270600
60812105117,2019,74100,193900,268000
60812105125,2019,74100,180300,254400
60812105133,2019,74100,189900,264000
60812105141,2019,75200,175400,250600
60812105159,2019,78500,177000,255500
60812105167,2019,84500,168400,252900
60812105175,2019,78000,150000,228000
60812105183,2019,78500,184200,262700
60812105191,2019,81000,220100,301100
60812106016,2019,93300,192700,286000
60812106024,2019,89100,176300,265400
60812106032,2019,89100,155000,244100
60812106040,2019,89100,168200,257300
60812106058,2019,89100,196100,285200
60812106066,2019,89100,173400,262500
60812106074,2019,94400,148600,243000
60812106082,2019,96600,161900,258500
60812106090,2019,97000,178000,275000
60812106107,2019,85900,185700,271600
60812106115,2019,82800,156500,239300
60812106123,2019,82800,159900,242700
60812106131,2019,83700,169200,252900
60812106181,2019,78800,154800,233600
60812106199,2019,70400,162900,233300
60812106206,2019,72500,182800,255300
60812106214,2019,73000,179600,252600
60812106222,2019,73900,170900,244800
60812106230,2019,75800,154000,229800
60812106256,2019,80100,172900,253000
60812106264,2019,79200,147100,226300
60812106272,2019,79200,169600,248800
60812106280,2019,79200,157100,236300
60812106298,2019,79200,164000,243200
60812106305,2019,79200,181600,260800
60812106313,2019,79200,176300,255500
60812106321,2019,81900,151400,233300
60812106339,2019,85100,190400,275500
60812106347,2019,86700,215000,301700
60812106355,2019,79600,209900,289500
60812106363,2019,80000,224000,304000
60812107014,2019,89800,176600,266400
60812107022,2019,78500,173200,251700
60812107030,2019,78500,164500,243000
60812107048,2019,83300,179200,262500
60812107056,2019,79500,150300,229800
60812107064,2019,79500,166600,246100
60812107072,2019,79500,180200,259700
60812107080,2019,85100,149700,234800
60812107098,2019,86000,208000,294000
60812107105,2019,84700,176100,260800
60812107113,2019,79900,172100,252000
60812107121,2019,79900,204100,284000
60812107139,2019,79900,187100,267000
60812107147,2019,83100,180000,263100
60812108012,2019,85300,204000,289300
60812108020,2019,84700,208200,292900
60812108038,2019,76900,164600,241500
60812108046,2019,76900,196300,273200
60812108054,2019,76900,184200,261100
60812108062,2019,76900,191600,268500
60812108070,2019,76900,200400,277300
60812108088,2019,76900,180400,257300
60812108096,2019,76900,175200,252100
60812108103,2019,84700,208800,293500
60812108111,2019,86800,179600,266400
60812108129,2019,82000,181400,263400
60812108137,2019,78500,197400,275900
60812108145,2019,78500,171500,250000
60812108153,2019,78500,194900,273400
60812108161,2019,85900,198700,284600
60812108179,2019,85900,150500,236400
60812108187,2019,78500,183600,262100
60812108195,2019,78500,204400,282900
60812108202,2019,78500,180800,259300
60812108210,2019,78500,183700,262200
60812109010,2019,84000,185900,269900
60812109028,2019,83300,173500,256800
60812109036,2019,76900,185200,262100
60812109044,2019,77700,179400,257100
60812109052,2019,76900,209000,285900
60812109060,2019,77700,208300,286000
60812109078,2019,76900,205100,282000
60812109086,2019,77700,207400,285100
60812109094,2019,76900,189800,266700
60812109101,2019,76900,175100,252000
60812109119,2019,98200,207000,305200
60812109127,2019,92100,180400,272500
60812109135,2019,84700,194400,279100
60812109143,2019,78800,169900,248700
60812109151,2019,76300,169600,245900
60812109169,2019,76300,188500,264800
60812109177,2019,76300,178700,255000
60812109185,2019,76300,207800,284100
60812109193,2019,76300,166200,242500
60812109200,2019,76300,178100,254400
60812109218,2019,76300,187300,263600
60812109226,2019,76300,178000,254300
60812109234,2019,76300,157400,233700
60812109242,2019,76300,201500,277800
60812109250,2019,76300,167600,243900
60812109268,2019,81000,176900,257900
60812109276,2019,84200,195600,279800
60812109284,2019,83700,185700,269400
60812110017,2019,82100,187400,269500
60812110025,2019,78200,184300,262500
60812110033,2019,78200,218200,296400
60812110041,2019,78200,178000,256200
60812110059,2019,78200,195400,273600
60812110067,2019,78200,167100,245300
60812110075,2019,78200,177700,255900
60812110083,2019,78200,180700,258900
60812110091,2019,78200,181100,259300
60812110108,2019,78200,172100,250300
60812110116,2019,78200,167100,245300
60812110124,2019,78200,168000,246200
60812110132,2019,78200,201600,279800
60812110140,2019,78200,165400,243600
60812110158,2019,81900,172800,254700
60812110166,2019,84700,202600,287300
60812110174,2019,79600,199000,278600
60812110182,2019,77800,208500,286300
60812110190,2019,78500,227500,306000
60812110207,2019,78800,225800,304600
60812110215,2019,78800,222300,301100
60812110223,2019,78500,229900,308400
60812110231,2019,78500,193300,271800
60812110249,2019,78500,270400,348900
60812110257,2019,78800,238000,316800
60812110265,2019,78500,196500,275000
60812110273,2019,78200,207800,286000
60812110281,2019,81900,227500,309400
60812111015,2019,76900,182300,259200
60812111023,2019,75000,172500,247500
60812111031,2019,75000,182600,257600
60812111049,2019,75000,196000,271000
60812111057,2019,75000,175500,250500
60812111065,2019,75000,188400,263400
60812111073,2019,75000,186100,261100
60812111081,2019,75000,156900,231900
60812111099,2019,75000,159400,234400
60812111106,2019,75000,173500,248500
60812111114,2019,75000,178600,253600
60812111122,2019,75000,237400,312400
60812111130,2019,75000,194200,269200
60812111148,2019,75000,202900,277900
60812111156,2019,75000,202200,277200
60812111164,2019,75000,211100,286100
60812111172,2019,75000,205100,280100
60812111180,2019,74700,223800,298500
60812111198,2019,68400,209000,277400
60812111205,2019,78200,224700,302900
60812111213,2019,78200,238000,316200
60812111221,2019,78200,218300,296500
60812111239,2019,78200,205900,284100
60812111247,2019,78200,250900,329100
60812111255,2019,78200,228300,306500
60812111263,2019,78200,208700,286900
60812111271,2019,77800,212200,290000
60812111289,2019,77800,207600,285400
60812111297,2019,78500,228400,306900
60812111304,2019,82800,215400,298200
60812111312,2019,83200,217700,300900
60812111320,2019,78500,195100,273600
60812111338,2019,78200,230600,308800
60812111346,2019,80100,222800,302900
60812111354,2019,93300,250000,343300
60812111362,2019,84000,211000,295000
60812111370,2019,90800,220600,311400
60812111388,2019,88400,219300,307700
60812111396,2019,81800,212100,293900
60812111403,2019,81900,210400,292300
60812111411,2019,79500,219000,298500
60812111429,2019,82100,237100,319200
60812111437,2019,83100,228100,311200
60812111445,2019,83000,224700,307700
60812111453,2019,93900,267500,361400
60812111461,2019,87400,243400,330800
60812111479,2019,81000,236500,317500
60812111487,2019,80900,232800,313700
60812111495,2019,84500,266900,351400
60812111502,2019,83300,251100,334400
60812111510,2019,0,0,0
60812112013,2019,78500,171300,249800
60812112021,2019,81600,156100,237700
60812112039,2019,77800,177500,255300
60812112047,2019,76900,180100,257000
60812112055,2019,78000,176800,254800
60812112063,2019,78000,188600,266600
60812112071,2019,76000,168700,244700
60812112089,2019,76000,186200,262200
60812112097,2019,76000,216000,292000
60812112104,2019,81000,194000,275000
60812112112,2019,78000,152500,230500
60812112120,2019,78800,197100,275900
60812112138,2019,74400,194000,268400
60812112146,2019,76900,184100,261000
60812113011,2019,81200,213800,295000
60812113029,2019,80000,156700,236700
60812113037,2019,79600,162100,241700
60812113045,2019,76300,170500,246800
60812113053,2019,75800,165700,241500
60812113061,2019,75800,187600,263400
60812113079,2019,75800,194200,270000
60812113087,2019,75800,203300,279100
60812113095,2019,76900,171600,248500
60812113102,2019,76900,179600,256500
60812113110,2019,74600,183300,257900
60812113128,2019,74600,185800,260400
60812113136,2019,74600,196200,270800
60812113144,2019,74600,179400,254000
60812113152,2019,74600,187200,261800
60812113160,2019,74600,205400,280000
60812113178,2019,75200,198600,273800
60812113186,2019,78500,167500,246000
60812113194,2019,76900,189300,266200
60812113201,2019,76900,193700,270600
60812114019,2019,81600,199200,280800
60812114027,2019,83600,175500,259100
60812114035,2019,86800,139900,226700
60812114043,2019,80100,183100,263200
60812114051,2019,74700,180800,255500
60812114069,2019,74600,185200,259800
60812114077,2019,74600,189900,264500
60812114085,2019,74600,182800,257400
60812114093,2019,74600,169700,244300
60812114100,2019,74600,164300,238900
60812114118,2019,74600,183600,258200
60812114126,2019,78200,152900,231100
60812114134,2019,77800,194300,272100
60812114142,2019,74600,185600,260200
60812114150,2019,74600,187000,261600
60812114168,2019,74600,185400,260000
60812114176,2019,74600,182200,256800
60812114184,2019,74600,187500,262100
60812114192,2019,74600,183200,257800
60812114209,2019,74600,189000,263600
60812114217,2019,74600,193600,268200
60812114225,2019,74600,192100,266700
60812114233,2019,74600,181800,256400
60812114241,2019,74600,169200,243800
60812114259,2019,77200,177800,255000
60812114267,2019,83800,170000,253800
60812114275,2019,80100,189400,269500
60812115017,2019,76700,171800,248500
60812115025,2019,74600,187400,262000
60812115033,2019,74600,171500,246100
60812115041,2019,74600,164300,238900
60812115059,2019,74600,174700,249300
60812115067,2019,74600,174400,249000
60812115075,2019,74600,157400,232000
60812115083,2019,74600,184900,259500
60812115091,2019,74600,158700,233300
60812115108,2019,74600,167100,241700
60812115116,2019,74600,199500,274100
60812115124,2019,74600,192400,267000
60812115132,2019,78200,164400,242600
60812115140,2019,77800,206100,283900
60812115158,2019,82000,192200,274200
60812115166,2019,82000,194000,276000
60812115174,2019,82000,179000,261000
60812115182,2019,82000,190100,272100
60812115190,2019,82000,194400,276400
60812115207,2019,82000,183000,265000
60812115215,2019,82000,195900,277900
60812115223,2019,82000,190500,272500
60812115231,2019,82000,192600,274600
60812115249,2019,82000,190900,272900
60812115257,2019,74600,197500,272100
60812115265,2019,77100,191500,268600
60812116015,2019,77200,203600,280800
60812116023,2019,74600,213500,288100
60812116031,2019,74600,217700,292300
60812116049,2019,82000,234500,316500
60812116057,2019,82000,161200,243200
60812116065,2019,82000,181200,263200
60812116073,2019,82000,179900,261900
60812116081,2019,82000,180100,262100
60812116099,2019,82000,180100,262100
60812116106,2019,82000,188300,270300
60812116114,2019,82000,190000,272000
60812116122,2019,82000,164800,246800
60812116130,2019,77600,167900,245500
60812117013,2019,78800,167400,246200
60812117021,2019,79900,162700,242600
60812117039,2019,80100,176700,256800
60812117047,2019,81100,210600,291700
60812117055,2019,77100,168700,245800
60812117063,2019,73900,196000,269900
60812117071,2019,77600,150900,228500
60812117097,2019,77100,174100,251200
60812117104,2019,73900,181500,255400
60812117112,2019,71800,175400,247200
60812117120,2019,74400,196800,271200
60812117146,2019,73600,173000,246600
60812117154,2019,71500,188800,260300
60812117162,2019,71500,196100,267600
60812117170,2019,73600,188600,262200
60812117196,2019,73600,165100,238700
60812117203,2019,71500,155100,226600
60812117211,2019,72500,173500,246000
60812117229,2019,73500,191500,265000
60812117245,2019,73200,192800,266000
60812117253,2019,70400,194800,265200
60812117261,2019,68600,192800,261400
60812117279,2019,72700,186600,259300
60812117295,2019,83300,187800,271100
60812117302,2019,77800,188500,266300
60812117310,2019,81900,177300,259200
60812117328,2019,79900,184900,264800
60812117336,2019,79900,193600,273500
60812117344,2019,79900,180000,259900
60812117352,2019,79900,191200,271100
60812117360,2019,79900,192100,272000
60812117378,2019,79900,188900,268800
60812117386,2019,75900,174600,250500
60812117394,2019,80100,162400,242500
60812117401,2019,81000,163800,244800
60812117419,2019,81200,228800,310000
60812120016,2019,83000,149300,232300
60812120024,2019,75200,181600,256800
60812120032,2019,75800,210200,286000
60812120040,2019,75000,171200,246200
60812120058,2019,75000,159600,234600
60812120066,2019,79600,165500,245100
60812120074,2019,78200,163000,241200
60812120082,2019,78000,157400,235400
60812121014,2019,79500,189500,269000
60812121022,2019,78000,226200,304200
60812121030,2019,77700,211200,288900
60812121048,2019,79500,210700,290200
60812121056,2019,79500,196400,275900
60812121064,2019,77600,229700,307300
60812121072,2019,77600,221600,299200
60812121080,2019,77800,215800,293600
60812121098,2019,80100,208100,288200
60812121105,2019,81900,214300,296200
60812121113,2019,89000,188400,277400
60812121121,2019,81800,236900,318700
60812121139,2019,81800,242200,324000
60812121147,2019,81800,274600,356400
60812121155,2019,81800,227000,308800
60812121163,2019,81800,214000,295800
60812121171,2019,83200,233000,316200
60812121189,2019,81800,254600,336400
60812121197,2019,82100,224300,306400
60812121204,2019,81900,266700,348600
60812121212,2019,82800,238500,321300
60812121220,2019,81600,242100,323700
60812121238,2019,82100,213700,295800
60812121246,2019,81700,224800,306500
60812121254,2019,79600,222100,301700
60812121262,2019,77200,218000,295200
60812121270,2019,78800,219400,298200
60812121288,2019,79900,233000,312900
60812121296,2019,78200,218000,296200
60812121303,2019,83700,205200,288900
60812121311,2019,81600,213300,294900
60812121329,2019,77700,232200,309900
60812121337,2019,77600,238200,315800
60812121345,2019,77200,198700,275900
60812121353,2019,78000,196700,274700
60812121361,2019,88800,207900,296700
60812121379,2019,84500,198900,283400
60812121387,2019,91000,213100,304100
60812121395,2019,78400,213600,292000
60812121402,2019,82000,186700,268700
60812121410,2019,81000,199000,280000
60812121428,2019,82000,223800,305800
60812121436,2019,81000,192600,273600
60812121444,2019,77700,206900,284600
60812121452,2019,90300,213800,304100
60812121460,2019,82000,197600,279600
60812121478,2019,78000,211100,289100
60812121486,2019,77800,201900,279700
60812121494,2019,79600,209400,289000
60812121501,2019,79500,215400,294900
60812121519,2019,77700,199700,277400
60812121527,2019,78000,226100,304100
60812121535,2019,79900,194300,274200
60812122012,2019,80400,205700,286100
60812122020,2019,78400,225700,304100
60812122038,2019,78500,201200,279700
60812122046,2019,79200,240200,319400
60812122054,2019,80100,237900,318000
60812122062,2019,87400,226500,313900
60812122070,2019,82800,206900,289700
60812122088,2019,78800,201200,280000
60812122096,2019,77700,217200,294900
60812122103,2019,77800,217500,295300
60812122111,2019,77800,238000,315800
60812122129,2019,81000,219000,300000
60812123010,2019,83300,211600,294900
60812123028,2019,82100,230200,312300
60812123036,2019,81800,206400,288200
60812123044,2019,86700,181900,268600
60812123052,2019,87500,234100,321600
60812123060,2019,84500,232800,317300
60812123078,2019,96800,267300,364100
60812123086,2019,93100,201800,294900
60812123094,2019,93300,220600,313900
60812123101,2019,83200,208400,291600
60812201014,2019,77200,152100,229300
60812201022,2019,77200,152400,229600
60812201030,2019,77200,169900,247100
60812201048,2019,77200,182800,260000
60812201056,2019,82100,151900,234000
60812201064,2019,82100,174800,256900
60812201072,2019,77200,150500,227700
60812201080,2019,77200,138800,216000
60812201098,2019,76900,175100,252000
60812201105,2019,80000,153700,233700
60812201113,2019,87800,137000,224800
60812201139,2019,95200,140700,235900
60812201147,2019,98400,134000,232400
60812201155,2019,92700,177700,270400
60812201163,2019,87400,151000,238400
60812201171,2019,79200,186200,265400
60812201189,2019,78800,141300,220100
60812201197,2019,78800,174400,253200
60812201204,2019,81900,145700,227600
60812201212,2019,84700,133000,217700
60812202012,2019,83000,167000,250000
60812202020,2019,80400,174600,255000
60812202038,2019,80400,188400,268800
60812202046,2019,80400,193700,274100
60812202054,2019,81200,188500,269700
60812202062,2019,81200,162000,243200
60812202070,2019,81000,183000,264000
60812202088,2019,81100,162500,243600
60812202096,2019,83300,178400,261700
60812202103,2019,83300,173100,256400
60812202111,2019,81200,175500,256700
60812202129,2019,85700,189900,275600
60812202137,2019,86300,187900,274200
60812202145,2019,89800,161800,251600
60812202153,2019,84900,187700,272600
60812202161,2019,80400,176300,256700
60812202179,2019,81200,228800,310000
60812202187,2019,80200,186000,266200
60812202195,2019,97500,173900,271400
60812202202,2019,93500,160400,253900
60812202210,2019,96100,194400,290500
60812202228,2019,80000,206800,286800
60812202236,2019,81800,175800,257600
60812202244,2019,81700,182900,264600
60812202252,2019,89100,139100,228200
60812202260,2019,82800,168800,251600
60812202278,2019,81900,172500,254400
60812202286,2019,82100,193600,275700
60812202294,2019,81200,192200,273400
60812202301,2019,83300,185200,268500
60812202319,2019,83100,176900,260000
60812202327,2019,84700,176900,261600
60812202335,2019,89000,157800,246800
60812202343,2019,86700,203300,290000
60812202351,2019,85600,164900,250500
60812202369,2019,83600,199300,282900
60812202377,2019,82800,213600,296400
60812202385,2019,79500,175000,254500
60812203028,2019,94500,175500,270000
60812203036,2019,85300,192100,277400
60812203044,2019,79600,160500,240100
60812203052,2019,78500,145200,223700
60812203060,2019,77100,181300,258400
60812203078,2019,78500,146300,224800
60812203101,2019,86000,195000,281000
60812203119,2019,84000,199900,283900
60812203127,2019,83300,195200,278500
60812203135,2019,84900,179300,264200
60812203143,2019,84000,190100,274100
60812203151,2019,85300,174700,260000
60812203177,2019,91200,182900,274100
60812203185,2019,93500,241500,335000
60812203193,2019,84700,177000,261700
60812203200,2019,84200,185300,269500
60812207020,2019,83600,150300,233900
60812207038,2019,81700,167800,249500
60812207046,2019,82000,196500,278500
60812207054,2019,84700,167600,252300
60812207062,2019,88200,153900,242100
60812207070,2019,83600,177200,260800
60812207088,2019,79200,206700,285900
60812207096,2019,94100,185900,280000
60812207111,2019,85300,195400,280700
60812207129,2019,86700,232700,319400
60812207137,2019,89100,185600,274700
60812207145,2019,76300,229700,306000
60812207153,2019,75900,200700,276600
60812207161,2019,83700,172300,256000
60812207179,2019,75000,175500,250500
60812207187,2019,75000,167200,242200
60812207195,2019,76900,188800,265700
60812207202,2019,77200,189100,266300
60812207210,2019,77200,182600,259800
60812207228,2019,77200,190400,267600
60812207236,2019,78000,193300,271300
60812207343,2019,83000,240800,323800
60812207369,2019,79500,263800,343300
60812207377,2019,79900,206400,286300
60812207385,2019,79900,206700,286600
60812207393,2019,79900,232100,312000
60812207400,2019,79900,222000,301900
60812207418,2019,77700,179400,257100
60812207426,2019,79900,191900,271800
60812207434,2019,79900,186400,266300
60812302060,2019,69700,210500,280200
60812302078,2019,59000,183900,242900
60812302086,2019,59000,184000,243000
60812302094,2019,67500,175500,243000
60812302101,2019,73000,170700,243700
60812302127,2019,70800,203600,274400
60812302135,2019,68000,210100,278100
60812302143,2019,69600,183600,253200
60812302151,2019,68400,202200,270600
60812302169,2019,68400,189700,258100
60812302177,2019,68000,182400,250400
60812302185,2019,73000,196500,269500
60812302193,2019,67500,172200,239700
60812302200,2019,69600,192600,262200
60812302218,2019,68000,194600,262600
60812302226,2019,68000,186200,254200
60812302234,2019,68000,175400,243400
60812302242,2019,61100,190600,251700
60812302250,2019,60700,195100,255800
60812302268,2019,69600,190000,259600
60812302276,2019,67900,184600,252500
60812302284,2019,67900,194500,262400
60812302292,2019,67200,185600,252800
60812302309,2019,73000,201600,274600
60812302325,2019,70200,189500,259700
60812302333,2019,68000,181200,249200
60812302341,2019,69600,178400,248000
60812302359,2019,68000,197600,265600
60812302367,2019,68400,189600,258000
60812302375,2019,68400,188700,257100
60812302383,2019,73200,198800,272000
60812302391,2019,67600,191300,258900
60812302408,2019,69600,219300,288900
60812302416,2019,67900,192900,260800
60812302424,2019,68000,195200,263200
60812302432,2019,67900,208000,275900
60812302440,2019,70200,182900,253100
60812302458,2019,69600,202500,272100
60812302466,2019,72500,177200,249700
60812302474,2019,74700,171300,246000
60812302490,2019,74700,173700,248400
60812302507,2019,72300,197200,269500
60812302515,2019,71200,188900,260100
60812302523,2019,77800,180000,257800
60812302531,2019,77700,208400,286100
60812302549,2019,71200,191100,262300
60812302557,2019,69800,154000,223800
60812302565,2019,71900,170600,242500
60812302581,2019,70500,182200,252700
60812302599,2019,68700,189400,258100
60812302606,2019,69300,191900,261200
60812304016,2019,80400,197000,277400
60812304024,2019,79500,196100,275600
60812304032,2019,78400,217900,296300
60812304040,2019,80200,197500,277700
60812304058,2019,81100,195300,276400
60812304074,2019,75500,284500,360000
60812304082,2019,75500,278100,353600
60812304090,2019,75400,212900,288300
60812304107,2019,80800,205500,286300
60812304115,2019,73800,202000,275800
60812304123,2019,72800,210400,283200
60812304131,2019,76000,272400,348400
60812304157,2019,74400,243500,317900
60812304165,2019,71700,208200,279900
60812304173,2019,72300,208600,280900
60812304181,2019,70000,198300,268300
60812304199,2019,70700,211500,282200
60812304206,2019,72700,230800,303500
60812304222,2019,82700,253600,336300
60812304230,2019,76400,211600,288000
60812304248,2019,73800,199600,273400
60812304256,2019,73800,218900,292700
60812304264,2019,73800,193900,267700
60812304280,2019,73900,218200,292100
60812304298,2019,74900,241300,316200
60812304305,2019,75300,237200,312500
60812304313,2019,74400,204600,279000
60812305014,2019,82900,220400,303300
60812305022,2019,82000,206500,288500
60812305030,2019,84000,192200,276200
60812305048,2019,74300,209100,283400
60812305056,2019,75500,198300,273800
60812305072,2019,73200,205800,279000
60812305080,2019,71700,234800,306500
60812305098,2019,69700,188100,257800
60812305105,2019,70000,188000,258000
60812305113,2019,70700,244400,315100
60812305121,2019,76200,192000,268200
60812305147,2019,72700,229100,301800
60812305155,2019,70700,174300,245000
60812305163,2019,77800,196200,274000
60812305171,2019,75500,182800,258300
60812305189,2019,81100,176000,257100
60812305197,2019,82000,194200,276200
60812305204,2019,77400,156300,233700
60812305212,2019,82000,215400,297400
60812305220,2019,79300,266400,345700
60812305238,2019,79300,274200,353500
60812305246,2019,79300,231900,311200
60812305254,2019,79300,182700,262000
60812305262,2019,79300,213300,292600
60812305270,2019,79300,250700,330000
60812305288,2019,80300,211900,292200
60812305296,2019,82900,153500,236400
60812306012,2019,80200,272200,352400
60812306020,2019,78100,247200,325300
60812306038,2019,78100,228100,306200
60812306046,2019,78100,241200,319300
60812306054,2019,78100,206400,284500
60812306062,2019,78100,238000,316100
60812306070,2019,78100,254400,332500
60812306088,2019,80800,206100,286900
60812306096,2019,80900,263500,344400
60812306103,2019,78100,236200,314300
60812306111,2019,78100,236900,315000
60812306129,2019,78100,235000,313100
60812306137,2019,78100,163900,242000
60812306145,2019,78100,199200,277300
60812306153,2019,78100,229900,308000
60812306161,2019,79700,249600,329300
60812306179,2019,84900,197900,282800
60812306187,2019,84500,249400,333900
60812306195,2019,78900,181000,259900
60812306202,2019,77400,221100,298500
60812307010,2019,85300,268300,353600
60812307028,2019,83500,241800,325300
60812307036,2019,85600,180100,265700
60812307044,2019,77600,237700,315300
60812307052,2019,75200,244200,319400
60812307060,2019,79200,215400,294600
60812307078,2019,86600,243700,330300
60812307086,2019,79200,200700,279900
60812307094,2019,79200,205600,284800
60812307101,2019,75200,247200,322400
60812307119,2019,75200,213000,288200
60812307127,2019,82200,200800,283000
60812307135,2019,89500,248500,338000
60812307143,2019,81400,224000,305400
60812307151,2019,82000,236600,318600
60812307169,2019,84500,237000,321500
60812307177,2019,80500,225400,305900
60812307185,2019,101300,247900,349200
60812307193,2019,89500,234400,323900
60812307200,2019,87700,243600,331300
60812307218,2019,91600,198400,290000
60812307226,2019,92100,200200,292300
60812307234,2019,82500,206900,289400
60812307242,2019,81100,192300,273400
60812307250,2019,90600,217700,308300
60812316011,2019,84900,236100,321000
60812316029,2019,86000,245300,331300
60812316037,2019,86000,261800,347800
60812316045,2019,88200,264900,353100
60812316053,2019,86000,231700,317700
60812316061,2019,85400,229900,315300
60812316079,2019,88000,234900,322900
60812316087,2019,86000,230200,316200
60812316095,2019,86000,241600,327600
60812316102,2019,85400,239900,325300
60812316110,2019,86900,257200,344100
60812316128,2019,84700,266200,350900
60812316136,2019,84700,247300,332000
60812316144,2019,86900,241400,328300
60812316152,2019,85300,242700,328000
60812316160,2019,78000,240300,318300
60812317019,2019,78000,226900,304900
60812317027,2019,76200,234800,311000
60812317035,2019,76000,232700,308700
60812317043,2019,86000,223100,309100
60812317051,2019,84200,200800,285000
60812317069,2019,86100,237700,323800
60812317077,2019,86100,217100,303200
60812317085,2019,73100,245900,319000
60812317093,2019,74900,234300,309200
60812317100,2019,96700,232900,329600
60812317118,2019,92900,214900,307800
60812317126,2019,90300,247300,337600
60812317134,2019,96700,227900,324600
60812317142,2019,96700,212300,309000
60812317150,2019,96700,203200,299900
60812317168,2019,84500,222400,306900
60812318017,2019,76900,230300,307200
60812318025,2019,85200,195300,280500
60812318033,2019,85100,225100,310200
60812318041,2019,86000,187000,273000
60812318059,2019,86000,221100,307100
60812318067,2019,84500,216500,301000
60812318075,2019,86000,201100,287100
60812318083,2019,85300,241700,327000
60812318091,2019,83400,248000,331400
60812318108,2019,83700,244200,327900
60812318116,2019,85800,246100,331900
60812318124,2019,83700,251600,335300
60812318132,2019,83400,225400,308800
60812318140,2019,86000,262100,348100
60812318158,2019,73600,238300,311900
60812319015,2019,82300,232600,314900
60812319023,2019,88300,221600,309900
60812319031,2019,85300,207500,292800
60812319049,2019,86000,214900,300900
60812319057,2019,84300,236500,320800
60812319065,2019,82300,296700,379000
60812319073,2019,89000,269000,358000
60812319081,2019,92200,232500,324700
60812319099,2019,89800,211400,301200
60812319106,2019,92200,254700,346900
60812319114,2019,81900,227200,309100
60812402018,2019,80200,171600,251800
60812402026,2019,75000,171500,246500
60812402034,2019,81800,163500,245300
60812402042,2019,75000,195400,270400
60812402050,2019,74100,196800,270900
60812402068,2019,74100,201500,275600
60812402076,2019,74100,232900,307000
60812402084,2019,74100,208300,282400
60812402092,2019,74100,222200,296300
60812402109,2019,74100,200300,274400
60812402117,2019,74100,207500,281600
60812402125,2019,74100,201100,275200
60812402133,2019,74100,221700,295800
60812402141,2019,77100,177400,254500
60812403016,2019,75200,189000,264200
60812403024,2019,75200,163700,238900
60812403032,2019,77800,188000,265800
60812403040,2019,78800,174200,253000
60812403058,2019,94100,193200,287300
60812403066,2019,75000,199200,274200
60812403074,2019,73200,200200,273400
60812404014,2019,79500,190000,269500
60812404022,2019,79500,172000,251500
60812404030,2019,76100,188400,264500
60812404048,2019,77200,185800,263000
60812404056,2019,79500,192100,271600
60812404064,2019,69100,209600,278700
60812404072,2019,70900,175100,246000
60812404098,2019,75400,191300,266700
60812404105,2019,67800,186300,254100
60812404113,2019,86100,175900,262000
60812404121,2019,83500,206500,290000
60812404139,2019,87100,168700,255800
60812404155,2019,91600,162200,253800
60812404163,2019,83500,171500,255000
60812404171,2019,77800,177800,255600
60812404189,2019,94600,177800,272400
60812404197,2019,92100,171400,263500
60812404204,2019,97200,171600,268800
60812404212,2019,92200,227700,319900
60812404220,2019,88600,194300,282900
60812404238,2019,74000,238600,312600
60812404246,2019,88600,184800,273400
60812404254,2019,78900,217900,296800
60812404262,2019,90200,179300,269500
60812404270,2019,89900,179100,269000
60812404288,2019,74000,222300,296300
60812404296,2019,88200,203300,291500
60812404303,2019,88600,190100,278700
60812404311,2019,91100,177900,269000
60812404329,2019,90000,215800,305800
60812404337,2019,74000,223600,297600
60812404345,2019,90000,186800,276800
60812404353,2019,77800,217500,295300
60812405012,2019,78200,192900,271100
60812405020,2019,79200,196700,275900
60812405038,2019,77800,178700,256500
60812405046,2019,78200,194300,272500
60812405054,2019,81100,186500,267600
60812405062,2019,81900,199700,281600
60812405088,2019,89300,199000,288300
60812405096,2019,85300,193000,278300
60812405103,2019,81000,217200,298200
60812405111,2019,78400,192100,270500
60812405129,2019,110900,178000,288900
60812405137,2019,75200,195200,270400
60812405145,2019,78800,196000,274800
60812405153,2019,82000,190500,272500
60812405161,2019,77100,199300,276400
60812405179,2019,78000,199700,277700
60812405187,2019,78000,166700,244700
60812405195,2019,81200,178100,259300
60812405202,2019,83600,187500,271100
60812405210,2019,79600,171700,251300
60812405228,2019,77100,178800,255900
60812405236,2019,78000,209700,287700
60812405252,2019,76900,178000,254900
60812405260,2019,72700,169800,242500
60812405278,2019,73600,171100,244700
60812405286,2019,75900,185500,261400
60812405294,2019,74600,198300,272900
60812405319,2019,76700,188400,265100
60812405327,2019,75900,164200,240100
60812405335,2019,79200,172300,251500
60812405343,2019,86700,207600,294300
60812405351,2019,83300,241200,324500
60812405369,2019,84200,184700,268900
60812405377,2019,83000,269500,352500
60812405393,2019,81800,213200,295000
60812405400,2019,78800,195000,273800
60812405418,2019,83100,170800,253900
60812405426,2019,81600,186700,268300
60812405434,2019,79500,167500,247000
60812405442,2019,78000,193500,271500
60812405450,2019,76300,185800,262100
60812405468,2019,78800,174100,252900
60812405476,2019,76900,206400,283300
60812405484,2019,74600,199600,274200
60812405492,2019,74400,193200,267600
60812405509,2019,75200,199600,274800
60812405517,2019,77600,179300,256900
60812405525,2019,77800,184600,262400
60812405533,2019,77200,176900,254100
60812405541,2019,84500,206500,291000
60812405567,2019,93600,207600,301200
60812405575,2019,94100,195900,290000
60812405583,2019,95600,210800,306400
60812405591,2019,77800,194900,272700
60812405608,2019,88200,202600,290800
60812405616,2019,88200,209800,298000
60812405624,2019,88200,210100,298300
60812405632,2019,73700,221600,295300
60812405640,2019,73700,214100,287800
60812405658,2019,74000,218200,292200
60812405666,2019,73800,189900,263700
60812405674,2019,73700,176800,250500
60812405682,2019,73700,216400,290100
60812405690,2019,74300,203100,277400
60812405707,2019,73800,169700,243500
60812406010,2019,100800,162900,263700
60812406028,2019,74000,210400,284400
60812406036,2019,88300,167700,256000
60812406044,2019,74000,217500,291500
60812406052,2019,87900,193700,281600
60812406060,2019,87900,182200,270100
60812406078,2019,87600,169800,257400
60812406086,2019,87700,198200,285900
60812406094,2019,96200,175400,271600
60812406101,2019,75300,150600,225900
60812406119,2019,91600,133600,225200
60812406127,2019,76400,171200,247600
60812406135,2019,76900,178700,255600
60812406143,2019,76900,172700,249600
60812406151,2019,76900,168000,244900
60812406169,2019,82900,201600,284500
60812406177,2019,85500,172400,257900
60812406185,2019,90700,167200,257900
60812406193,2019,83100,171300,254400
60812407018,2019,75800,191800,267600
60812407026,2019,75200,184100,259300
60812407042,2019,75200,198800,274000
60812407050,2019,75200,198400,273600
60812407068,2019,75900,228000,303900
60812407076,2019,77100,219300,296400
60812407084,2019,79200,201400,280600
60812407092,2019,81600,195600,277200
60812407109,2019,78000,197000,275000
60812407117,2019,76300,212300,288600
60812407125,2019,75700,200200,275900
60812407133,2019,74000,203500,277500
60812407141,2019,74000,211500,285500
60812407159,2019,88600,189500,278100
60812407175,2019,88600,190400,279000
60812407183,2019,88300,193100,281400
60812407191,2019,89400,216400,305800
60812407208,2019,90200,230800,321000
60812407216,2019,91100,215100,306200
60812407224,2019,92100,225200,317300
60812407232,2019,92100,189000,281100
60812407240,2019,93400,221500,314900
60812407274,2019,82500,242500,325000
60812407282,2019,79500,279400,358900
60812407290,2019,77200,239000,316200
60812407307,2019,79300,245600,324900
60812407315,2019,79200,202000,281200
60812407323,2019,81000,284000,365000
60812407331,2019,80800,225600,306400
60812407349,2019,79500,210100,289600
60812407357,2019,80000,238200,318200
60812407365,2019,80000,201800,281800
60812407373,2019,80000,187200,267200
60812407381,2019,80000,198100,278100
60812407399,2019,80000,203700,283700
60812407406,2019,87100,208200,295300
60812407414,2019,84500,204300,288800
60812407422,2019,78100,194100,272200
60901101018,2019,58000,156100,214100
60901101026,2019,62500,145700,208200
60901101034,2019,62200,158300,220500
60901101042,2019,60900,154400,215300
60901101050,2019,61500,154200,215700
60901101068,2019,57300,150800,208100
60901101084,2019,56900,175700,232600
60901101092,2019,56900,153100,210000
60901102024,2019,62300,171500,233800
60901102032,2019,64800,186200,251000
60901102040,2019,66200,191600,257800
60901102058,2019,66800,165800,232600
60901102066,2019,67000,194800,261800
60901103014,2019,59700,159300,219000
60901103022,2019,59500,180700,240200
60901103030,2019,59500,175700,235200
60901103048,2019,59500,169800,229300
60901103056,2019,59500,166300,225800
60901103064,2019,59500,167400,226900
60901103072,2019,59500,159700,219200
60901103080,2019,59500,151400,210900
60901103098,2019,59500,160900,220400
60901103105,2019,61000,172600,233600
60901103113,2019,59200,170300,229500
60901103121,2019,59000,171900,230900
60901103139,2019,59000,177500,236500
60901103147,2019,59000,165000,224000
60901103155,2019,59000,139700,198700
60901103163,2019,59200,143800,203000
60901103171,2019,62500,181500,244000
60901104012,2019,60100,325700,385800
60901104020,2019,60200,197100,257300
60901104038,2019,59600,191100,250700
60901104046,2019,59000,201100,260100
60901104054,2019,59000,186700,245700
60901104062,2019,59000,187000,246000
60901104070,2019,59000,201500,260500
60901104088,2019,59000,208800,267800
60901104096,2019,60200,186600,246800
60901104103,2019,62700,210300,273000
60901104111,2019,75000,210200,285200
60901104129,2019,61300,189500,250800
60901104137,2019,60400,190000,250400
60901104145,2019,60400,171500,231900
60901201016,2019,61000,168300,229300
60901201024,2019,63400,150700,214100
60901201032,2019,61100,141600,202700
60901201040,2019,60100,166700,226800
60901201058,2019,59200,134500,193700
60901201066,2019,61100,163900,225000
60901201074,2019,60200,160000,220200
60901201082,2019,61500,152600,214100
60901201090,2019,61100,144200,205300
60901201107,2019,60100,158700,218800
60901201115,2019,59600,136600,196200
60901201123,2019,59700,158300,218000
60901201131,2019,60500,171500,232000
60901201149,2019,60900,170200,231100
60901201157,2019,60800,173400,234200
60901201165,2019,61000,167000,228000
60901201173,2019,61500,170300,231800
60901201181,2019,60800,173200,234000
60901201199,2019,61300,176900,238200
60901201206,2019,63700,160300,224000
60901201214,2019,64300,164600,228900
60901201222,2019,61500,133600,195100
60901201230,2019,61000,174300,235300
60901201248,2019,61800,143600,205400
60901201256,2019,63100,153200,216300
60901201264,2019,62300,155300,217600
60901201272,2019,67300,167700,235000
60901201280,2019,67800,149300,217100
60901201305,2019,60900,162300,223200
60901201313,2019,61100,154900,216000
60901201321,2019,61800,159200,221000
60901202022,2019,67300,161200,228500
60901202030,2019,63200,153300,216500
60901202048,2019,60500,144400,204900
60901202056,2019,60100,152300,212400
60901202064,2019,60400,154900,215300
60901202072,2019,60800,130500,191300
60901202080,2019,60500,136900,197400
60901202098,2019,60500,164500,225000
60901202105,2019,60400,147300,207700
60901202113,2019,63000,166200,229200
60901202121,2019,61300,148700,210000
60901202139,2019,60500,140500,201000
60901202147,2019,63100,148000,211100
60901202155,2019,62700,154900,217600
60901202163,2019,60500,156600,217100
60901202171,2019,60200,153000,213200
60901202189,2019,59500,163100,222600
60901202197,2019,59700,154400,214100
60901202204,2019,60400,160600,221000
60901202212,2019,64500,162500,227000
60901202220,2019,64200,152300,216500
60901202238,2019,62200,143600,205800
60901202246,2019,68800,160600,229400
60901202254,2019,61300,148300,209600
60901202262,2019,60400,157500,217900
60901202270,2019,61000,175300,236300
60901202288,2019,61500,162000,223500
60901202296,2019,61300,145100,206400
60901202303,2019,61800,162300,224100
60901202311,2019,60500,172100,232600
60901202329,2019,60100,163400,223500
60901202337,2019,62200,173600,235800
60901202345,2019,67700,162600,230300
60901202353,2019,63100,174200,237300
60901202361,2019,60500,143800,204300
60901202379,2019,60200,177600,237800
60901202387,2019,60200,137400,197600
60901202395,2019,60200,146700,206900
60901202402,2019,60200,146800,207000
60901202410,2019,63400,155000,218400
60901203012,2019,61300,160800,222100
60901203020,2019,63100,149000,212100
60901203038,2019,60500,188100,248600
60901203046,2019,57800,146400,204200
60901203054,2019,58900,170300,229200
60901203062,2019,59000,166900,225900
60901203070,2019,57800,149900,207700
60901203088,2019,58200,174000,232200
60901203096,2019,60500,154800,215300
60901203103,2019,61500,161700,223200
60901203111,2019,61800,177200,239000
60901203129,2019,59200,153700,212900
60901203137,2019,57300,153300,210600
60901203145,2019,56700,148700,205400
60901203153,2019,58400,148000,206400
60901203161,2019,60400,154700,215100
60901203179,2019,58200,147100,205300
60901203187,2019,58500,148200,206700
60901203195,2019,61000,165800,226800
60901203202,2019,61100,148500,209600
60901203210,2019,60500,147700,208200
60901203228,2019,61100,139900,201000
60901203236,2019,62000,157000,219000
60901203244,2019,59200,157100,216300
60901203252,2019,59200,154400,213600
60901203260,2019,59200,181600,240800
60901203278,2019,59500,195000,254500
60901203286,2019,59700,169900,229600
60901203294,2019,59700,174900,234600
60901203301,2019,59700,172300,232000
60901203319,2019,59700,143700,203400
60901203327,2019,59700,142700,202400
60901203335,2019,59700,156900,216600
60901203343,2019,61500,142800,204300
60901204028,2019,60100,0,60100
60901204036,2019,62200,160300,222500
60901204044,2019,60900,171700,232600
60901204052,2019,60900,155700,216600
60901204060,2019,61100,170800,231900
60901204078,2019,61000,179800,240800
60901204086,2019,61000,197200,258200
60901204094,2019,61000,160000,221000
60901204101,2019,61100,182500,243600
60901204119,2019,60800,200200,261000
60901204127,2019,60900,174900,235800
60901204135,2019,60500,158400,218900
60901204143,2019,71900,143100,215000
60902100936,2019,67800,115000,182800
60902100944,2019,64500,109700,174200
60903201098,2019,76800,176700,253500
60903201105,2019,79200,175700,254900
60903201113,2019,77900,189100,267000
60903201121,2019,77900,154800,232700
60903201139,2019,77900,142500,220400
60903201147,2019,77900,234700,312600
60903201155,2019,77900,169800,247700
60903201163,2019,77900,179600,257500
60903201171,2019,77900,157100,235000
60903201189,2019,77900,175700,253600
60903201197,2019,77900,189100,267000
60903201204,2019,77900,166400,244300
60903201212,2019,78000,169000,247000
60904101015,2019,93200,238600,331800
60904101023,2019,91700,264300,356000
60904101031,2019,95000,233100,328100
60904101049,2019,87200,231100,318300
60904101057,2019,87200,204800,292000
60904101065,2019,87200,362800,450000
60904101073,2019,85800,257400,343200
60904101081,2019,87900,197100,285000
60904101099,2019,87600,382400,470000
60904101106,2019,92000,261800,353800
60904101114,2019,93500,271100,364600
60904101122,2019,87000,273000,360000
60904101130,2019,87300,260300,347600
60904101148,2019,87900,301900,389800
60904101156,2019,90600,322100,412700
60904101164,2019,90100,206500,296600
60904101172,2019,85000,276000,361000
60904101180,2019,85100,198200,283300
60904101198,2019,93100,197900,291000
60904101205,2019,87200,241100,328300
60904101213,2019,83500,237900,321400
60904101221,2019,82000,260000,342000
60904101239,2019,82000,207700,289700
60904101247,2019,82000,254800,336800
60904101255,2019,82000,196100,278100
60904101263,2019,81900,190500,272400
60904101271,2019,81500,177500,259000
60904101289,2019,79900,182900,262800
60904101297,2019,81500,213900,295400
60904101304,2019,82600,180500,263100
60904101312,2019,82500,223900,306400
60904101320,2019,82500,188700,271200
60904101338,2019,82500,184100,266600
60904101346,2019,82500,221400,303900
60904101354,2019,82500,206700,289200
60904101362,2019,82900,232100,315000
60904101370,2019,84200,290800,375000
60904101388,2019,89000,265300,354300
60904101396,2019,92900,265700,358600
60904102013,2019,81600,189700,271300
60904102021,2019,81700,225300,307000
60904102039,2019,81700,183000,264700
60904102047,2019,81300,179800,261100
60904102055,2019,83200,251300,334500
60904102063,2019,84500,250300,334800
60904102071,2019,84500,294100,378600
60904102089,2019,84500,269300,353800
60904102097,2019,84200,302100,386300
60904102104,2019,84500,274500,359000
60904102112,2019,84500,270900,355400
60904102120,2019,83400,218400,301800
60904102146,2019,83400,233300,316700
60904102154,2019,83400,191600,275000
60904102162,2019,83400,210200,293600
60904102170,2019,83400,179800,263200
60904102188,2019,83400,251200,334600
60904102196,2019,83500,193200,276700
60904102211,2019,84900,179000,263900
60904102229,2019,85700,285100,370800
60904102237,2019,81300,169900,251200
60904102245,2019,83400,216600,300000
60904102253,2019,83400,216600,300000
60904102261,2019,84900,159600,244500
60904102279,2019,86700,186400,273100
60904102287,2019,84900,209500,294400
60904102295,2019,86600,199300,285900
60904102302,2019,85000,217100,302100
60904102310,2019,87800,253000,340800
60904103011,2019,80200,177300,257500
60904103029,2019,80200,154600,234800
60904103037,2019,80200,170100,250300
60904103045,2019,80200,185500,265700
60904103053,2019,80200,177800,258000
60904103061,2019,81600,176200,257800
60904103079,2019,78500,157400,235900
60904103087,2019,78100,254100,332200
60904103095,2019,78100,177100,255200
60904103102,2019,78100,173200,251300
60904103110,2019,78100,151900,230000
60904103128,2019,78500,167500,246000
60904104019,2019,81500,150800,232300
60904104027,2019,81100,173300,254400
60904104035,2019,79700,142300,222000
60904104043,2019,84200,178500,262700
60904104051,2019,83800,174700,258500
60904104069,2019,84500,166300,250800
60904104077,2019,86000,192100,278100
60904104085,2019,83500,204900,288400
60904104093,2019,85700,192900,278600
60904104100,2019,85500,195600,281100
60904104118,2019,85100,220300,305400
60904104126,2019,84400,237700,322100
60904104134,2019,86000,181800,267800
60904104142,2019,85700,193900,279600
60904105017,2019,84900,188900,273800
60904105025,2019,83900,246100,330000
60904105033,2019,85100,183000,268100
60904105041,2019,82000,268400,350400
60904105059,2019,80300,197800,278100
60904105067,2019,80400,180700,261100
60904105075,2019,80300,194600,274900
60904105083,2019,80100,274700,354800
60904105091,2019,79800,182900,262700
60904105108,2019,79900,237100,317000
60904105116,2019,78700,145300,224000
60904105124,2019,78700,249400,328100
60904105132,2019,78700,184000,262700
60904105140,2019,78700,270800,349500
60904105158,2019,78700,149300,228000
60904105166,2019,78700,202300,281000
60904105174,2019,80300,208100,288400
60904105182,2019,80400,179200,259600
60904105190,2019,81500,202400,283900
60904105207,2019,81500,199900,281400
60904105215,2019,81500,157500,239000
60904105223,2019,81500,167200,248700
60904105231,2019,81500,184400,265900
60904105249,2019,81500,176000,257500
60904105257,2019,81900,212700,294600
60904105265,2019,82000,157800,239800
60904105273,2019,84500,201300,285800
60904105281,2019,83200,185200,268400
60904105299,2019,83300,166000,249300
60904105306,2019,83300,182500,265800
60904105314,2019,84200,183600,267800
60904106015,2019,83800,194100,277900
60904106023,2019,86200,223000,309200
60904106031,2019,83200,193000,276200
60904106049,2019,83400,190200,273600
60904106057,2019,84200,229600,313800
60904106065,2019,84300,179400,263700
60904106073,2019,84200,181000,265200
60904106081,2019,84400,211200,295600
60904106099,2019,81100,184500,265600
60904106106,2019,82500,223200,305700
60904106114,2019,82900,174600,257500
60904107013,2019,90100,212900,303000
60904107021,2019,89500,199500,289000
60904107039,2019,90200,212500,302700
60904107047,2019,90700,247300,338000
60904107055,2019,91600,234900,326500
60904107063,2019,93800,222800,316600
60904107071,2019,87000,199900,286900
60904107089,2019,87200,272200,359400
60904107097,2019,87200,195800,283000
60904107104,2019,89100,157400,246500
60904107112,2019,91500,211500,303000
60904107120,2019,92500,195600,288100
60904107138,2019,91300,268000,359300
60904107146,2019,89900,185100,275000
60904107154,2019,89100,176200,265300
60904107162,2019,89300,218900,308200
60904107170,2019,92600,224600,317200
60904108011,2019,93900,284300,378200
60904108029,2019,94600,248900,343500
60904108037,2019,92900,174100,267000
60904108045,2019,99100,303600,402700
60904108053,2019,98400,266100,364500
60904108061,2019,97900,171200,269100
60904108079,2019,99300,220700,320000
60904108087,2019,91200,295100,386300
60904108095,2019,89300,200700,290000
60904108102,2019,94600,307400,402000
60904108110,2019,91500,260100,351600
60904108128,2019,96400,249200,345600
60904108136,2019,98200,207300,305500
60904108144,2019,89100,189000,278100
60904108152,2019,90300,343500,433800
60904108160,2019,91800,175200,267000
60904108178,2019,89200,213600,302800
60904108186,2019,89000,178800,267800
60904108194,2019,89200,205600,294800
60904108201,2019,91700,225500,317200
60904108219,2019,94100,231600,325700
60904108227,2019,94100,213900,308000
60904108235,2019,94100,184500,278600
60904108243,2019,94100,211900,306000
60904108251,2019,92900,213100,306000
60904109019,2019,97700,326200,423900
60904109027,2019,93200,298100,391300
60904109035,2019,94300,240200,334500
60904109043,2019,100200,263900,364100
60904109051,2019,98900,251500,350400
60904109069,2019,96700,283300,380000
60904109077,2019,94500,302300,396800
60904109093,2019,103800,308200,412000
60904109100,2019,97000,251100,348100
60904109118,2019,96000,344000,440000
60904109126,2019,96000,215100,311100
60904109134,2019,96000,224200,320200
60904109142,2019,96000,262200,358200
60904109150,2019,96000,190000,286000
60904109168,2019,96000,226600,322600
60904109176,2019,96000,304000,400000
60904109184,2019,100200,273100,373300
60904109217,2019,101000,272000,373000
60904109225,2019,98900,231700,330600
60904110016,2019,94000,242900,336900
60904110024,2019,101100,266400,367500
60904110040,2019,91500,177700,269200
60904110058,2019,93400,289900,383300
60904110066,2019,90800,276100,366900
60904110074,2019,89200,250300,339500
60904110082,2019,89300,307300,396600
60904110090,2019,91500,359200,450700
60904110107,2019,94100,286700,380800
60904110115,2019,92900,240300,333200
60904110123,2019,93000,185100,278100
60904110131,2019,92700,225600,318300
60904110149,2019,95400,180300,275700
60904110157,2019,94800,299300,394100
60904110165,2019,91500,286700,378200
60904110173,2019,94600,298700,393300
60904110181,2019,95300,204700,300000
60904110199,2019,94500,318300,412800
60904110206,2019,96500,208800,305300
60904110214,2019,94600,193900,288500
60904110222,2019,92000,227900,319900
60904110248,2019,85200,298000,383200
60904111014,2019,85500,237900,323400
60904111022,2019,78900,236900,315800
60904111030,2019,78900,160900,239800
60904111048,2019,78900,324600,403500
60904111056,2019,78900,149500,228400
60904111064,2019,78900,215200,294100
60904111072,2019,78900,152900,231800
60904111080,2019,79500,263500,343000
60904111098,2019,79400,261200,340600
60904111105,2019,79400,255100,334500
60904111113,2019,79700,289300,369000
60904111121,2019,79700,148300,228000
60904111139,2019,79800,156800,236600
60904111147,2019,80000,175500,255500
60904111155,2019,79700,196300,276000
60904111163,2019,83400,272700,356100
60904111171,2019,86200,299300,385500
60904111189,2019,87100,297100,384200
60904111197,2019,86600,233700,320300
60904111204,2019,84300,268800,353100
60904111212,2019,87000,236700,323700
60904111220,2019,87000,224300,311300
60904111238,2019,87100,297200,384300
60904111246,2019,87100,303300,390400
60904111254,2019,87700,319900,407600
60904111262,2019,87200,239600,326800
60904111270,2019,88500,351500,440000
60904111288,2019,89000,307400,396400
60904111296,2019,89900,266100,356000
60904111303,2019,89600,279800,369400
60904111311,2019,88500,230000,318500
60904111329,2019,87300,222900,310200
60904112012,2019,80900,175100,256000
60904112020,2019,78900,178100,257000
60904112038,2019,78800,148300,227100
60904112046,2019,79400,190000,269400
60904112054,2019,87100,192800,279900
60904113028,2019,89900,281900,371800
60904113036,2019,91700,337100,428800
60904113044,2019,91700,239200,330900
60904113052,2019,89800,225200,315000
60904113060,2019,90400,244600,335000
60904113078,2019,90600,211900,302500
60904113086,2019,90700,257900,348600
60904113101,2019,103100,299100,402200
60904113119,2019,89200,348300,437500
60904113127,2019,91700,304400,396100
60904113135,2019,91700,334300,426000
60904113143,2019,90800,307800,398600
60904113151,2019,92400,374100,466500
60904113169,2019,92100,296300,388400
60904113177,2019,90300,214700,305000
60904113185,2019,90800,302700,393500
60904113193,2019,90300,319700,410000
60904113200,2019,90600,246100,336700
60904113218,2019,90600,234900,325500
60904113226,2019,91700,290300,382000
60904113234,2019,90700,312500,403200
60904113242,2019,90100,293200,383300
60904113268,2019,91300,282600,373900
60904113276,2019,89000,278700,367700
60904113284,2019,89000,324500,413500
60904113292,2019,91200,420000,511200
60904113317,2019,91300,272500,363800
60904113325,2019,92100,327100,419200
60904113333,2019,94300,403700,498000
60904113341,2019,90800,291300,382100
60904113359,2019,96300,304000,400300
60904113367,2019,99300,225300,324600
60904113375,2019,100000,241900,341900
60904113383,2019,94800,317500,412300
60904113391,2019,96600,238800,335400
60904113408,2019,94800,353200,448000
60904113416,2019,101600,196400,298000
60904113424,2019,101400,303600,405000
60904113432,2019,100300,273700,374000
60904113440,2019,98900,298900,397800
60904113458,2019,96000,320800,416800
60904113466,2019,96500,213500,310000
60904113474,2019,99500,197000,296500
60905101014,2019,53600,84100,137700
60905101022,2019,48600,113400,162000
60905101048,2019,55000,142100,197100
60905101056,2019,52200,90600,142800
60905101080,2019,53200,146200,199400
60905101098,2019,53600,116200,169800
60905101105,2019,53600,112200,165800
60905102012,2019,52000,152800,204800
60905102020,2019,45000,84000,129000
60905102038,2019,53600,110800,164400
60905102046,2019,53600,141400,195000
60905102054,2019,49200,95800,145000
60905102062,2019,48900,111600,160500
60905102070,2019,48900,83500,132400
60905102088,2019,48900,78100,127000
60905102096,2019,47400,126400,173800
60905102103,2019,47200,99000,146200
60905102111,2019,51000,78500,129500
60905102129,2019,52300,102900,155200
60905102145,2019,55800,94400,150200
60905102153,2019,48000,121800,169800
60905102179,2019,48000,111900,159900
60905102187,2019,45000,143100,188100
60905102195,2019,53600,65200,118800
60905102210,2019,56700,182900,239600
60905102228,2019,45000,143100,188100
60905104018,2019,54600,101500,156100
60905104026,2019,50800,122300,173100
60905104034,2019,49500,106600,156100
60905104042,2019,51500,144500,196000
60905104050,2019,53600,161800,215400
60905104068,2019,53600,97400,151000
60905104084,2019,49200,113100,162300
60905104092,2019,49700,126800,176500
60905104117,2019,48100,129000,177100
60905104125,2019,50800,131800,182600
60905104133,2019,50800,116800,167600
60905104159,2019,57600,151500,209100
60905104175,2019,45000,140500,185500
60905104191,2019,53600,133100,186700
60905104208,2019,48000,149700,197700
60905104216,2019,48000,135000,183000
60905104224,2019,48000,143900,191900
60905104232,2019,53400,159300,212700
60905105016,2019,51900,107400,159300
60905105024,2019,49100,129100,178200
60905105032,2019,50400,111600,162000
60905105040,2019,45000,89600,134600
60905105058,2019,38500,201500,240000
60905105066,2019,44600,78800,123400
60905105074,2019,49700,114200,163900
60905106014,2019,57200,125700,182900
60905107012,2019,47200,118900,166100
60905107020,2019,47200,99800,147000
60905107038,2019,50900,135400,186300
60905107054,2019,50600,158700,209300
60905107062,2019,49500,117300,166800
60905107070,2019,49500,131200,180700
60905107088,2019,49500,132400,181900
60905107096,2019,49500,118100,167600
60905107103,2019,49500,134400,183900
60905107111,2019,49500,171100,220600
60905107129,2019,49500,133000,182500
60905107137,2019,54000,109100,163100
60905107145,2019,55400,96400,151800
60905107153,2019,51800,100100,151900
60905107161,2019,51800,128800,180600
60905107187,2019,53600,126200,179800
60905107195,2019,45000,75900,120900
60905107210,2019,48900,99000,147900
60905107228,2019,48800,94500,143300
60905107236,2019,45000,153600,198600
60905112011,2019,36400,119000,155400
60905112029,2019,42600,109100,151700
60905112045,2019,52400,84700,137100
60905112053,2019,44500,132000,176500
60905112061,2019,45400,119500,164900
60905112079,2019,50800,87200,138000
60905112087,2019,50800,101600,152400
60905112095,2019,45000,107800,152800
60905112102,2019,45000,145000,190000
60905112110,2019,53600,92300,145900
60905112152,2019,48000,135600,183600
60905112178,2019,55100,95500,150600
60905112186,2019,50800,111500,162300
60905112194,2019,50800,112600,163400
60905112201,2019,45000,124100,169100
60905112219,2019,45000,95300,140300
60905112227,2019,45000,105600,150600
60905112235,2019,49500,137200,186700
60905112243,2019,54200,116700,170900
60905112269,2019,50800,110400,161200
60905112277,2019,53600,130000,183600
60905113019,2019,52300,93900,146200
60905113027,2019,48300,84100,132400
60905113035,2019,48200,76200,124400
60905113051,2019,56300,135900,192200
60905202987,2019,104500,126100,230600
60905207135,2019,0,0,0
60905207193,2019,52000,190000,242000
60905207226,2019,45700,151500,197200
60905221010,2019,48700,107400,156100
60905221028,2019,40500,174500,215000
60905221036,2019,40500,159200,199700
60905221044,2019,0,0,0
60905221060,2019,0,0,0
60905222018,2019,0,0,0
60905222026,2019,0,0,0
60905222076,2019,67500,154300,221800
60906101013,2019,60300,154700,215000
60906102970,2019,72700,183900,256600
60906102988,2019,60300,170100,230400
60906102996,2019,0,0,0
60906104017,2019,64300,118200,182500
60906104025,2019,64700,149300,214000
60906104033,2019,64700,144500,209200
60906104041,2019,64700,138600,203300
60906104059,2019,62100,144400,206500
60906104067,2019,73700,197800,271500
60906104075,2019,72000,247000,319000
60906104083,2019,72000,212900,284900
60906104091,2019,72100,156700,228800
60906104108,2019,63100,224100,287200
60906104116,2019,68100,244300,312400
60906104124,2019,64700,197500,262200
60906104132,2019,63300,262000,325300
60906104140,2019,61500,214600,276100
60906105015,2019,69100,163900,233000
60906105023,2019,64700,170700,235400
60906105031,2019,64700,165600,230300
60906105049,2019,64700,170700,235400
60906105057,2019,66100,137700,203800
60906105065,2019,66100,145200,211300
60906105073,2019,66100,220100,286200
60906105081,2019,68600,215100,283700
60906105099,2019,72100,156900,229000
60906105106,2019,72100,168400,240500
60906105114,2019,72100,218100,290200
60906105122,2019,72100,142100,214200
60906105130,2019,67600,221100,288700
60906105148,2019,67600,177400,245000
60906105156,2019,67600,163700,231300
60906105164,2019,67600,149200,216800
60906105172,2019,69400,148000,217400
60906106013,2019,72400,181300,253700
60906106021,2019,72700,189500,262200
60906106039,2019,72500,182900,255400
60906106047,2019,71700,157600,229300
60906106055,2019,67800,139400,207200
60906106063,2019,67600,155000,222600
60906106071,2019,67600,152000,219600
60906106089,2019,67600,148800,216400
60906106097,2019,67600,154600,222200
60906106104,2019,69400,202100,271500
60906106112,2019,71900,178500,250400
60906106120,2019,63800,152400,216200
60906106138,2019,63800,158200,222000
60906106146,2019,61200,156100,217300
60906106154,2019,63300,152500,215800
60906106162,2019,62000,179600,241600
60906106170,2019,67600,171100,238700
60906106188,2019,60300,170000,230300
60906106196,2019,67600,154500,222100
60906106203,2019,67800,202200,270000
60906106211,2019,71800,140100,211900
60906106229,2019,72700,207400,280100
60906106237,2019,74700,156200,230900
60906106245,2019,63900,150300,214200
60906106253,2019,64000,165600,229600
60906106261,2019,69100,164900,234000
60906107011,2019,63900,154100,218000
60906107029,2019,63900,138000,201900
60906107037,2019,67600,149800,217400
60906107045,2019,71800,163600,235400
60906107053,2019,68800,183500,252300
60906107061,2019,60300,173800,234100
60906107079,2019,67600,133600,201200
60906107087,2019,67600,150700,218300
60906107095,2019,60300,157300,217600
60906107102,2019,71600,154300,225900
60906107110,2019,72500,163000,235500
60906107128,2019,71600,157200,228800
60906107136,2019,63800,173600,237400
60906107144,2019,63300,164200,227500
60906107152,2019,61800,156500,218300
60906107160,2019,61800,152800,214600
60906107178,2019,66600,198400,265000
60906107186,2019,68300,200700,269000
60906107194,2019,66800,225100,291900
60906107201,2019,71700,184000,255700
60906107219,2019,71700,211100,282800
60906107227,2019,74000,176000,250000
60906107235,2019,73900,146200,220100
60906107243,2019,67300,166700,234000
60906108019,2019,63900,149100,213000
60906108027,2019,67600,170900,238500
60906108035,2019,67800,137500,205300
60906108043,2019,67800,242200,310000
60906108051,2019,67600,202000,269600
60906108069,2019,67600,143700,211300
60906108077,2019,66800,153400,220200
60906108085,2019,66800,190000,256800
60906108093,2019,66400,219300,285700
60906108100,2019,62300,201200,263500
60906108118,2019,61800,136600,198400
60906108126,2019,64000,192300,256300
60906108134,2019,63800,163200,227000
60906108142,2019,63800,145700,209500
60906108150,2019,61800,153500,215300
60906108168,2019,61800,143700,205500
60906108176,2019,61800,163200,225000
60906108184,2019,63800,145800,209600
60906108192,2019,65500,167800,233300
60906108209,2019,64900,190600,255500
60906108217,2019,66800,169500,236300
60906108225,2019,67600,241100,308700
60906108233,2019,68100,214400,282500
60906108241,2019,73700,147800,221500
60906108259,2019,67600,177300,244900
60906108267,2019,63200,137600,200800
60906109017,2019,73900,187200,261100
60906109025,2019,60600,139300,199900
60906109033,2019,62400,151800,214200
60906109041,2019,66800,165100,231900
60906109059,2019,66800,197800,264600
60906109067,2019,64000,171300,235300
60906109075,2019,63300,163500,226800
60906109083,2019,64200,147100,211300
60906109091,2019,62100,155600,217700
60906109108,2019,61800,143200,205000
60906109116,2019,61800,164300,226100
60906109124,2019,61800,148200,210000
60906109132,2019,63800,140400,204200
60906109140,2019,63800,153700,217500
60906109158,2019,61800,139100,200900
60906109166,2019,61800,175700,237500
60906109174,2019,61800,151100,212900
60906109182,2019,60300,142400,202700
60906109190,2019,71600,187900,259500
60906109207,2019,72700,141500,214200
60906109215,2019,71900,150600,222500
60906109223,2019,66400,163600,230000
60906109231,2019,65300,164800,230100
60906109249,2019,71700,167400,239100
60906109257,2019,74300,139200,213500
60906110014,2019,72400,169700,242100
60906110022,2019,72700,164700,237400
60906110030,2019,72800,143300,216100
60906110048,2019,71900,161100,233000
60906110056,2019,68400,176500,244900
60906110064,2019,69000,144900,213900
60906110072,2019,63200,173600,236800
60906110080,2019,71400,161900,233300
60906110098,2019,62100,173700,235800
60906110105,2019,69100,190400,259500
60906110113,2019,56300,215400,271700
60906110121,2019,72700,160300,233000
60906110139,2019,64200,183800,248000
60906110147,2019,60900,181000,241900
60906110155,2019,62600,202200,264800
60906110163,2019,59800,186100,245900
60906110171,2019,57800,191900,249700
60906110189,2019,62400,165000,227400
60906110197,2019,58900,184400,243300
60906110204,2019,62200,228500,290700
60906110212,2019,58900,219000,277900
60906110220,2019,63000,152600,215600
60906110238,2019,63900,185600,249500
60906110246,2019,72000,146500,218500
60906110254,2019,59000,158000,217000
60906110262,2019,76000,144000,220000
60906110270,2019,72400,190800,263200
60906110288,2019,72700,173300,246000
60906110296,2019,76100,160000,236100
60906110303,2019,66200,187800,254000
60906110311,2019,61000,172300,233300
60906111012,2019,63900,153300,217200
60906111020,2019,62200,160700,222900
60906111038,2019,60300,161700,222000
60906111046,2019,60300,191200,251500
60906111054,2019,66200,129900,196100
60906111062,2019,68100,145000,213100
60906111070,2019,56500,207700,264200
60906111088,2019,56500,192800,249300
60906111096,2019,56500,195200,251700
60906111103,2019,56500,231900,288400
60906111111,2019,83900,175000,258900
60906111129,2019,72100,175400,247500
60906111137,2019,71700,142400,214100
60906111145,2019,71700,174200,245900
60906111153,2019,71700,184400,256100
60906111161,2019,71700,217400,289100
60906114016,2019,57800,147700,205500
60906114024,2019,57900,159000,216900
60906114032,2019,57900,190100,248000
60906114040,2019,57900,172400,230300
60906114058,2019,57900,143000,200900
60906114066,2019,57900,160900,218800
60906114074,2019,57900,139800,197700
60906114082,2019,60300,160800,221100
60906114090,2019,57900,202100,260000
60906114107,2019,57900,157100,215000
60906114115,2019,57900,190100,248000
60906114123,2019,57800,141600,199400
60906115014,2019,59000,154600,213600
60906115022,2019,57900,156200,214100
60906115030,2019,57900,137500,195400
60906115048,2019,57900,188600,246500
60906115056,2019,57900,143400,201300
60906115064,2019,57900,174300,232200
60906115072,2019,61500,136900,198400
60906115080,2019,55500,173500,229000
60906115098,2019,57500,155000,212500
60906201011,2019,65400,178000,243400
60906201029,2019,65500,160300,225800
60906201037,2019,65500,127400,192900
60906201045,2019,64700,194300,259000
60906201053,2019,65700,153700,219400
60906201061,2019,73500,163000,236500
60906201079,2019,59200,134000,193200
60906201087,2019,56500,144100,200600
60906201095,2019,57500,136100,193600
60906201102,2019,67600,146000,213600
60906201110,2019,69400,157400,226800
60906201128,2019,69400,126800,196200
60906201136,2019,68100,202100,270200
60906201144,2019,67800,153400,221200
60906201152,2019,65500,136400,201900
60906201160,2019,65300,152800,218100
60906201178,2019,65200,148800,214000
60906201186,2019,66200,129500,195700
60906201194,2019,66000,125200,191200
60906201201,2019,65900,129200,195100
60906201219,2019,65800,130900,196700
60906201227,2019,65500,150900,216400
60906201235,2019,65200,170500,235700
60906201243,2019,64900,191200,256100
60906201251,2019,70100,149900,220000
60906201269,2019,72200,157300,229500
60906201277,2019,71800,155700,227500
60906201285,2019,67600,179000,246600
60906201293,2019,67600,176400,244000
60906201300,2019,67600,136800,204400
60906201318,2019,67600,146400,214000
60906201326,2019,67600,148500,216100
60906201334,2019,67600,121200,188800
60906201342,2019,60300,164700,225000
60906201350,2019,67600,202400,270000
60906201368,2019,70300,142100,212400
60906201376,2019,74300,149700,224000
60906201384,2019,65200,148200,213400
60906201392,2019,72500,200400,272900
60906201409,2019,72200,158700,230900
60906201417,2019,72500,189900,262400
60906201425,2019,71900,153700,225600
60906201433,2019,71900,134500,206400
60906201441,2019,71900,140700,212600
60906202085,2019,62300,152300,214600
60906202093,2019,64700,160000,224700
60906202100,2019,64300,137600,201900
60906202118,2019,63900,128400,192300
60906202126,2019,63200,147800,211000
60906202134,2019,62600,158800,221400
60906202142,2019,63800,165300,229100
60906202150,2019,66200,142600,208800
60906202168,2019,63800,142600,206400
60906202176,2019,63300,135700,199000
60906202184,2019,61200,145800,207000
60906202192,2019,60100,134200,194300
60906202209,2019,69800,141100,210900
60906203025,2019,56300,84900,141200
60906205013,2019,69700,121700,191400
60906205021,2019,69400,160600,230000
60906205039,2019,66400,135400,201800
60906205047,2019,65800,161400,227200
60906205055,2019,58700,165700,224400
60906205063,2019,72700,166100,238800
60906205071,2019,69400,136400,205800
60906205089,2019,74500,172500,247000
60906205097,2019,62300,137100,199400
60906205104,2019,60600,132000,192600
60906205112,2019,63000,129100,192100
60906205120,2019,59200,150800,210000
60906205138,2019,58300,136000,194300
60906205146,2019,58200,178300,236500
60906205154,2019,56800,136000,192800
60906205162,2019,62100,141200,203300
60906205170,2019,59000,136100,195100
60906205188,2019,59800,128200,188000
60906205196,2019,59800,161600,221400
60906205203,2019,59800,144000,203800
60906205211,2019,59800,137400,197200
60906205229,2019,61200,151100,212300
60906205237,2019,60300,151600,211900
60906206011,2019,61600,163400,225000
60906206029,2019,62400,147900,210300
60906206037,2019,64900,150100,215000
60906206045,2019,72000,123400,195400
60906206053,2019,64900,146500,211400
60906206061,2019,61600,143200,204800
60906206079,2019,60300,136400,196700
60906206087,2019,61800,133800,195600
60906206095,2019,61800,160800,222600
60906206102,2019,60300,145200,205500
60906206110,2019,61800,152600,214400
60906206128,2019,59800,163300,223100
60906206136,2019,59000,150400,209400
60906206144,2019,72800,136900,209700
60906206152,2019,74500,165900,240400
60906206160,2019,72000,140600,212600
60906206178,2019,60800,170300,231100
60906206186,2019,66600,127400,194000
60906206194,2019,66800,142300,209100
60906206201,2019,62400,161200,223600
60906206219,2019,60600,138100,198700
60906206227,2019,60300,150500,210800
60906206235,2019,60600,187600,248200
60906206243,2019,64000,149000,213000
60906206251,2019,64900,174800,239700
60906206269,2019,60300,151600,211900
60906206277,2019,58900,153800,212700
60906206285,2019,58900,153100,212000
60906206293,2019,69000,157300,226300
60906206300,2019,72100,146700,218800
60906206318,2019,70300,167500,237800
60906206326,2019,64300,173600,237900
60906206334,2019,62000,161100,223100
60906206342,2019,63000,138300,201300
60906206350,2019,67400,126700,194100
60906206368,2019,65200,132100,197300
60906207019,2019,69400,154900,224300
60906207027,2019,70100,139100,209200
60906207035,2019,67000,168000,235000
60906207043,2019,61000,133600,194600
60906207051,2019,61200,144000,205200
60906207069,2019,62100,148900,211000
60906207077,2019,61800,150100,211900
60906207085,2019,61600,136500,198100
60906207093,2019,61200,158800,220000
60906207100,2019,60300,195500,255800
60906207118,2019,59900,134200,194100
60906207126,2019,58900,177100,236000
60906207134,2019,57800,171200,229000
60906207142,2019,60300,161400,221700
60906207150,2019,65900,181100,247000
60906207168,2019,66800,187500,254300
60906207176,2019,67800,132200,200000
60906207184,2019,66000,156600,222600
60906207192,2019,62000,189500,251500
60906207209,2019,62000,135700,197700
60906207217,2019,62000,165900,227900
60906207225,2019,62000,134200,196200
60906207233,2019,62000,131600,193600
60906208017,2019,69700,140000,209700
60906208025,2019,59800,153700,213500
60906208033,2019,59800,145200,205000
60906208041,2019,58200,144800,203000
60906208059,2019,58200,162000,220200
60906208067,2019,60300,134100,194400
60906208075,2019,60300,153500,213800
60906208083,2019,60300,148800,209100
60906208091,2019,56700,136400,193100
60906208108,2019,58200,168700,226900
60906208116,2019,58200,138300,196500
60906208124,2019,58200,148100,206300
60906208132,2019,58200,155400,213600
60906208140,2019,58200,155500,213700
60906208158,2019,60800,138100,198900
60906208166,2019,64200,141800,206000
60906208174,2019,59500,154300,213800
60906208182,2019,56700,177100,233800
60906208190,2019,56700,173600,230300
60906208207,2019,56700,168100,224800
60906208215,2019,56700,182100,238800
60906208223,2019,56700,166600,223300
60906208231,2019,56700,148400,205100
60906208249,2019,56700,155400,212100
60906208257,2019,56700,148800,205500
60906208265,2019,56700,168300,225000
60906208273,2019,60300,162800,223100
60906208281,2019,60300,154400,214700
60906208299,2019,60300,177200,237500
60906208306,2019,56700,170100,226800
60906208314,2019,56700,153700,210400
60906208322,2019,56700,148300,205000
60906208330,2019,54600,166500,221100
60906208348,2019,53500,174900,228400
60906209015,2019,57400,142000,199400
60906209023,2019,60300,150600,210900
60906209031,2019,55000,189800,244800
60906209049,2019,60300,174100,234400
60906209057,2019,55000,152200,207200
60906209065,2019,55000,163400,218400
60906209073,2019,55000,183700,238700
60906209081,2019,55000,156600,211600
60906209099,2019,55000,205500,260500
60906209106,2019,55000,160900,215900
60906209114,2019,55000,140200,195200
60906209122,2019,55000,168100,223100
60906209130,2019,60300,189500,249800
60906209148,2019,55000,171000,226000
60906209156,2019,55000,145700,200700
60906209164,2019,55000,169200,224200
60906209172,2019,56300,176000,232300
60906209180,2019,60000,159600,219600
70813103010,2019,119500,220700,340200
70813103028,2019,135300,92000,227300
70813103036,2019,94300,159700,254000
70813103044,2019,130500,203000,333500
70813103052,2019,159500,144300,303800
70813103060,2019,139400,137500,276900
70813103078,2019,132800,189300,322100
70813103086,2019,174500,164400,338900
70813103094,2019,166000,204700,370700
70813103119,2019,57800,124600,182400
70813103177,2019,98100,250000,348100
70813103185,2019,110600,290400,401000
70813103193,2019,121300,248100,369400
70813103200,2019,115500,293700,409200
70813103218,2019,65300,258600,323900
70813106014,2019,0,0,0
70813106022,2019,202600,325100,527700
70813106030,2019,130500,382300,512800
70813106048,2019,173600,163600,337200
70813106056,2019,125500,164100,289600
70813106064,2019,121300,142400,263700
70813106072,2019,98900,160000,258900
70813106080,2019,100500,183400,283900
70813106098,2019,115000,220600,335600
70813106105,2019,122800,149700,272500
70813106113,2019,175100,289800,464900
70813106121,2019,99700,174100,273800
70813106139,2019,98300,159600,257900
70813106163,2019,98300,252200,350500
70813106212,2019,111500,358500,470000
70813106220,2019,97300,223300,320600
70813107012,2019,90400,156900,247300
70813107020,2019,226200,133800,360000
70813107038,2019,233500,105800,339300
70813107046,2019,209700,141500,351200
70813107054,2019,243800,139100,382900
70813107062,2019,292300,4900,297200
70813107070,2019,311500,244400,555900
70813107088,2019,142900,235200,378100
70813107096,2019,173600,188700,362300
70813107103,2019,118200,822100,940300
70813108010,2019,101800,176400,278200
70813108028,2019,98900,123700,222600
70813108036,2019,93600,163400,257000
70813108044,2019,111500,142600,254100
70813108052,2019,105900,207100,313000
70813108060,2019,126100,208900,335000
70813108078,2019,118600,159600,278200
70813108086,2019,106900,210700,317600
70813108094,2019,112100,155600,267700
70813108101,2019,106500,268500,375000
70813108119,2019,113800,228000,341800
70813108127,2019,131800,196100,327900
70813108135,2019,105600,236900,342500
70813108143,2019,117200,340500,457700
70813108185,2019,142000,176900,318900
70813109018,2019,133200,559300,692500
70813109026,2019,131000,358500,489500
70813109034,2019,135800,202800,338600
70813109042,2019,138000,209900,347900
70813109050,2019,168800,341200,510000
70813109068,2019,118600,328300,446900
70813109076,2019,114700,277900,392600
70813109084,2019,141100,255900,397000
70813109092,2019,131800,212200,344000
70813109109,2019,116600,266200,382800
70813109117,2019,119500,207500,327000
70813109125,2019,120200,305800,426000
70813109133,2019,119900,375300,495200
70813109141,2019,121700,457300,579000
70813110015,2019,199800,823700,1023500
70813110023,2019,140700,218200,358900
70813110031,2019,140700,596300,737000
70813110049,2019,140700,453300,594000
70813110065,2019,278000,273000,551000
70813110081,2019,139300,313700,453000
70813110099,2019,124600,227400,352000
70813110106,2019,120700,242900,363600
70813110114,2019,172800,290200,463000
70813110122,2019,173600,302700,476300
70813110130,2019,121000,278800,399800
70813110148,2019,132800,283200,416000
70813110156,2019,135300,246700,382000
70813110164,2019,161900,209700,371600
70813110172,2019,155400,244600,400000
70813110180,2019,164700,290300,455000
70813110198,2019,121300,246100,367400
70813110205,2019,147500,195700,343200
70813110213,2019,130900,175500,306400
70813110221,2019,124600,222400,347000
70813110239,2019,118800,276300,395100
70813110247,2019,111400,273600,385000
70813111013,2019,217800,635300,853100
70813111021,2019,440300,440700,881000
70813111039,2019,367300,332700,700000
70813111047,2019,431700,438000,869700
70813111055,2019,474500,649100,1123600
70813111089,2019,642200,644100,1286300
70813111097,2019,392000,253000,645000
70813111104,2019,508500,651500,1160000
70813111112,2019,600200,313200,913400
70813111120,2019,582500,59800,642300
70813111138,2019,541300,50700,592000
70813111146,2019,398400,17600,416000
70813111154,2019,306400,539900,846300
70813112029,2019,100600,185700,286300
70813112037,2019,108200,218300,326500
70813112045,2019,260300,110100,370400
70813112053,2019,115300,159300,274600
70813112061,2019,102600,152100,254700
70813112079,2019,100700,145500,246200
70813112087,2019,102600,284200,386800
70813112095,2019,102600,226300,328900
70813112102,2019,108800,247400,356200
70813112110,2019,116100,177100,293200
70813112128,2019,115300,335300,450600
70813112136,2019,119200,306600,425800
70813112144,2019,114000,280500,394500
70813112152,2019,145400,249700,395100
70813112160,2019,115200,339700,454900
70813112178,2019,138100,299900,438000
70813112194,2019,152300,336400,488700
70813112201,2019,114800,333700,448500
70813113019,2019,103600,319300,422900
70813113027,2019,100700,213400,314100
70813113035,2019,115200,284300,399500
70813113043,2019,115200,375400,490600
70813113051,2019,115200,309100,424300
70813113069,2019,115200,284800,400000
70813113077,2019,115200,275100,390300
70813301010,2019,75200,269400,344600
70813301028,2019,75000,330000,405000
70813301036,2019,74200,189900,264100
70813301044,2019,75000,162500,237500
70813301052,2019,74200,226400,300600
70813301060,2019,73600,217400,291000
70813301078,2019,80200,143600,223800
70813301086,2019,81100,203500,284600
70813301094,2019,77400,104900,182300
70813301101,2019,80000,218000,298000
70813301119,2019,83000,349000,432000
70813301127,2019,83700,235600,319300
70813304030,2019,79600,199200,278800
70813304048,2019,79600,231500,311100
70813304056,2019,83600,208400,292000
70813304064,2019,83100,176900,260000
70813304163,2019,83100,329800,412900
70813304171,2019,84300,110700,195000
70813304189,2019,79600,201900,281500
70813304197,2019,78300,150700,229000
70813304204,2019,81000,168000,249000
70813304212,2019,71900,214900,286800
70813304220,2019,80000,270900,350900
70813304238,2019,80000,300700,380700
70813304246,2019,79600,207200,286800
70813304254,2019,80000,236200,316200
70813304262,2019,78600,230300,308900
70813304270,2019,93700,185800,279500
70813304288,2019,90500,206800,297300
70813304296,2019,87000,154600,241600
70813304303,2019,86600,293400,380000
70813304311,2019,87000,227600,314600
70813304329,2019,83100,203700,286800
70813304337,2019,83600,169300,252900
70813306101,2019,167100,596100,763200
70813306119,2019,156400,292200,448600
70813306127,2019,150000,343500,493500
70813306135,2019,159600,460400,620000
70813306143,2019,159600,264400,424000
70813306151,2019,179200,370900,550100
70813306169,2019,179200,321900,501100
70813307018,2019,120900,285700,406600
70813307026,2019,83700,306000,389700
70813307034,2019,104300,309000,413300
70813307042,2019,107700,280000,387700
70813307050,2019,130500,286900,417400
70813307068,2019,123100,265600,388700
70813307076,2019,122000,387100,509100
70813307084,2019,122400,276800,399200
70813307092,2019,122400,257700,380100
70813307109,2019,137500,370300,507800
70813307117,2019,134300,353200,487500
70813307125,2019,106500,365600,472100
70813307133,2019,98300,268400,366700
70813307141,2019,97600,328300,425900
70813307159,2019,101900,168500,270400
70813307167,2019,98900,282500,381400
70813307175,2019,115100,210600,325700
70813307183,2019,114200,267200,381400
70813307191,2019,114800,237200,352000
70813307208,2019,106500,203500,310000
70813309014,2019,113100,316600,429700
70813309022,2019,96500,232000,328500
70813309030,2019,93700,275300,369000
70813309048,2019,87300,193400,280700
70813309056,2019,81000,174300,255300
70813309064,2019,81000,231000,312000
70813309072,2019,93000,299900,392900
70813309080,2019,87300,307800,395100
70813309098,2019,88900,227500,316400
70813309105,2019,87200,248000,335200
70813309113,2019,89400,248600,338000
70813309121,2019,104300,293900,398200
70813309139,2019,97200,337100,434300
70813309147,2019,102200,220800,323000
70813309155,2019,85200,352900,438100
70813309163,2019,106300,364800,471100
70813309171,2019,84000,193500,277500
70813309189,2019,105000,281600,386600
70813309197,2019,86000,208800,294800
70813309204,2019,100200,369100,469300
70813309212,2019,90100,238100,328200
70813309220,2019,81800,214500,296300
70813309238,2019,85200,308500,393700
70813309246,2019,114200,273400,387600
70813309254,2019,108000,278900,386900
70813309262,2019,98900,204900,303800
70813309270,2019,107600,288200,395800
70813309288,2019,87100,276000,363100
70813309296,2019,97200,180100,277300
70813309303,2019,97200,214800,312000
70813309311,2019,97200,233800,331000
70813309329,2019,95600,226400,322000
70813315011,2019,154300,232600,386900
70813315029,2019,289600,62400,352000
70813318015,2019,88500,312500,401000
70813318031,2019,94900,375700,470600
70813318057,2019,59200,257000,316200
70813318065,2019,62500,273600,336100
70813318073,2019,62500,253700,316200
70813318081,2019,62500,283400,345900
70813318099,2019,62500,227200,289700
70813318106,2019,62500,256500,319000
70813318114,2019,62500,287200,349700
70813318122,2019,62500,264200,326700
70813318130,2019,62500,285500,348000
70813318148,2019,69100,245100,314200
70813318164,2019,69100,309100,378200
70813323014,2019,123300,255300,378600
70813323022,2019,135900,312700,448600
70813323030,2019,135900,228100,364000
70813323048,2019,135900,357800,493700
70813323080,2019,134700,509600,644300
70813323098,2019,133200,343100,476300
70813323105,2019,154800,386800,541600
70813323113,2019,157200,315500,472700
70813323121,2019,166200,385600,551800
70813323139,2019,191000,312600,503600
70813323147,2019,180800,334000,514800
70813323155,2019,191000,515900,706900
70813323163,2019,142900,327300,470200
70813324012,2019,161400,420900,582300
70813324020,2019,151100,371200,522300
70813324038,2019,149400,349500,498900
70813324046,2019,132700,306900,439600
70813324062,2019,124100,344300,468400
70813324070,2019,134700,515400,650100
70813324088,2019,137400,380800,518200
70813324096,2019,151100,356500,507600
70813324103,2019,156900,385400,542300
70813324111,2019,144300,361500,505800
70813324129,2019,144300,263500,407800
70813324137,2019,144300,326300,470600
70813324145,2019,130900,278600,409500
70813324153,2019,138900,315800,454700
70813324161,2019,146100,304600,450700
70813324179,2019,142500,431800,574300
70813324187,2019,137400,324900,462300
70813324195,2019,137500,327200,464700
70813324202,2019,132400,332900,465300
70813324210,2019,136600,310700,447300
70813324228,2019,129900,290100,420000
70813324236,2019,138500,372800,511300
70813326026,2019,128800,316200,445000
70813326034,2019,160400,418500,578900
70813326042,2019,141400,310400,451800
70813326050,2019,134700,269200,403900
70813326068,2019,131800,297500,429300
70813326076,2019,134500,338300,472800
70813326084,2019,131800,326400,458200
70813326092,2019,143200,401000,544200
70813326109,2019,162300,408900,571200
70813326117,2019,148600,392000,540600
70813326125,2019,138900,341200,480100
70813326133,2019,137800,418100,555900
70813326141,2019,137800,356600,494400
70813326159,2019,130500,182200,312700
70813326167,2019,126300,307200,433500
70813326175,2019,161100,428900,590000
70813326183,2019,136900,315100,452000
70813326191,2019,143100,305000,448100
70813326208,2019,161400,306600,468000
70813326216,2019,128700,255300,384000
70813326224,2019,135700,286700,422400
70813326232,2019,158900,401400,560300
70813326240,2019,147300,303400,450700
70813326258,2019,118500,256900,375400
70813327016,2019,76200,222200,298400
70813327024,2019,78000,261400,339400
70813327032,2019,75000,258100,333100
70813327040,2019,71400,276300,347700
70813327058,2019,77400,238800,316200
70813327066,2019,75000,275100,350100
70813328014,2019,149400,456600,606000
70813328022,2019,137500,365000,502500
70813328030,2019,135900,319400,455300
70813328048,2019,144300,349500,493800
70813328064,2019,131800,267900,399700
70813328072,2019,134300,446300,580600
70813328080,2019,135900,380000,515900
70813328098,2019,141700,323200,464900
70813328105,2019,154600,330200,484800
70813328113,2019,138500,294400,432900
70813328121,2019,131600,370200,501800
70813328139,2019,134300,414000,548300
70813328147,2019,125000,294200,419200
70813328155,2019,128700,304700,433400
70813328163,2019,128700,266200,394900
70813328171,2019,128700,447800,576500
70813328189,2019,129200,413400,542600
70813328197,2019,99900,205500,305400
70813328204,2019,98600,227600,326200
70813328212,2019,98600,213000,311600
70813328220,2019,119600,293300,412900
70813328238,2019,119600,233200,352800
70813328246,2019,126300,325300,451600
70813328254,2019,134700,273000,407700
70813328262,2019,106100,280900,387000
70813328270,2019,102200,244300,346500
70813328288,2019,101400,223300,324700
70813328296,2019,101400,198600,300000
70813328303,2019,98300,200100,298400
70813402016,2019,476400,357600,834000
70813402024,2019,198400,325500,523900
70813402058,2019,431400,536600,968000
70813402066,2019,311800,583600,895400
70813402082,2019,655500,418200,1073700
70813402090,2019,430700,431300,862000
70813402107,2019,262500,569600,832100
70813402115,2019,346200,482800,829000
70813402123,2019,637300,295700,933000
70813402131,2019,692100,358800,1050900
70813402149,2019,377200,165400,542600
70813402157,2019,420300,407300,827600
70813402165,2019,300000,482300,782300
70813402173,2019,554000,242800,796800
70813402199,2019,629900,157200,787100
70813402206,2019,672300,563200,1235500
70813402214,2019,249000,500500,749500
70813402230,2019,649800,176100,825900
70813402248,2019,533400,119400,652800
70813402256,2019,679900,197800,877700
70813402264,2019,546800,605900,1152700
70813402280,2019,342800,423200,766000
70813402305,2019,269800,444700,714500
70813402313,2019,256700,372700,629400
70813402321,2019,240000,384100,624100
70813402347,2019,280400,694600,975000
70813402389,2019,301900,438100,740000
70813402397,2019,541000,368300,909300
70813402404,2019,300500,657500,958000
70813402412,2019,305900,634100,940000
70813402420,2019,280800,520900,801700
70813402438,2019,189400,760600,950000
70813402446,2019,337800,542200,880000
70813402462,2019,434700,646600,1081300
70813402470,2019,322200,974600,1296800
70813402488,2019,266600,929500,1196100
70813402496,2019,247300,1017700,1265000
70813402511,2019,250400,416800,667200
70813402545,2019,401500,668100,1069600
70813402553,2019,262700,553300,816000
70813402561,2019,262700,571300,834000
70813402579,2019,443100,276900,720000
70813403014,2019,276300,492600,768900
70813403022,2019,480800,319200,800000
70813403048,2019,459700,238400,698100
70813403056,2019,392000,346300,738300
70813403064,2019,306300,122600,428900
70813403072,2019,431800,354500,786300
70813403098,2019,395600,144400,540000
70813403105,2019,239800,299200,539000
70813403113,2019,270000,220000,490000
70813403121,2019,278200,514800,793000
70813403139,2019,494900,674100,1169000
70813403147,2019,387600,243900,631500
70813403163,2019,236900,310200,547100
70813403171,2019,318000,512400,830400
70813403189,2019,310200,475200,785400
70813403197,2019,454600,271900,726500
70813403212,2019,393500,127500,521000
70813403220,2019,283300,359700,643000
70813403238,2019,211200,403500,614700
70813403246,2019,270900,537100,808000
70813403254,2019,204200,485400,689600
70813403262,2019,275000,619000,894000
70813404012,2019,120900,197500,318400
70813404038,2019,123700,414100,537800
70813404046,2019,209700,282700,492400
70813404054,2019,297300,414300,711600
70813404062,2019,215600,182200,397800
70813404070,2019,196500,220400,416900
70813404088,2019,207100,280900,488000
70813404096,2019,123700,185200,308900
70813404103,2019,124000,233000,357000
70813404111,2019,112100,192400,304500
70813404129,2019,112600,177400,290000
70813404137,2019,350200,89500,439700
70813404145,2019,495700,140700,636400
70813404153,2019,334000,6100,340100
70813404161,2019,119700,264100,383800
70813404179,2019,122100,324500,446600
70813405010,2019,115000,244400,359400
70813405028,2019,114000,186900,300900
70813405036,2019,114000,206900,320900
70813405044,2019,120700,202200,322900
70813405052,2019,124600,171300,295900
70813405060,2019,124000,197500,321500
70813406018,2019,379000,262000,641000
70813406034,2019,637700,344800,982500
70813406042,2019,633700,406800,1040500
70813406050,2019,703800,31700,735500
70813406068,2019,154800,850200,1005000
70813406076,2019,478700,427300,906000
70813406084,2019,349000,189000,538000
70814101047,2019,104900,198600,303500
70814101055,2019,105700,234300,340000
70814101071,2019,103800,254500,358300
70814101089,2019,100200,260500,360700
70814101097,2019,100200,312400,412600
70814101104,2019,101900,306100,408000
70814101112,2019,101900,297100,399000
70814101120,2019,101900,403300,505200
70814101138,2019,101900,411900,513800
70814101146,2019,101900,275800,377700
70814101154,2019,120100,380000,500100
70814101162,2019,104500,336800,441300
70814101170,2019,99900,254800,354700
70814101188,2019,117300,314200,431500
70814101196,2019,117300,352800,470100
70814101203,2019,124400,388600,513000
70814101211,2019,123300,317300,440600
70814101229,2019,116700,223100,339800
70814101237,2019,120100,301600,421700
70814101245,2019,117300,280400,397700
70814101253,2019,102600,269400,372000
70814101261,2019,100600,258000,358600
70814101279,2019,111600,237500,349100
70814101287,2019,114100,299300,413400
70814101295,2019,114100,245100,359200
70814101302,2019,108500,244800,353300
70814101328,2019,108500,303600,412100
70814101336,2019,108500,227100,335600
70814101344,2019,108500,241800,350300
70814102011,2019,93400,351400,444800
70814102029,2019,106300,328300,434600
70814102037,2019,113100,300200,413300
70814102045,2019,106300,275500,381800
70814102053,2019,103000,310700,413700
70814102079,2019,106300,393100,499400
70814102087,2019,106300,272200,378500
70814102095,2019,106300,309400,415700
70814102102,2019,106300,298200,404500
70814102110,2019,106300,293700,400000
70814102128,2019,106300,323800,430100
70814102136,2019,109900,361500,471400
70814102144,2019,100200,346400,446600
70814103027,2019,126000,262200,388200
70814103035,2019,126100,248700,374800
70814103043,2019,127700,376500,504200
70814103051,2019,115600,301500,417100
70814103069,2019,116100,251600,367700
70814103077,2019,117000,318300,435300
70814103085,2019,113100,306700,419800
70814103093,2019,113100,357800,470900
70814103100,2019,111600,311500,423100
70814103118,2019,111600,354800,466400
70814103126,2019,111000,259000,370000
70814103134,2019,94200,355100,449300
70814104017,2019,98200,246700,344900
70814104025,2019,97700,214600,312300
70814104033,2019,95800,250200,346000
70814104041,2019,96800,266000,362800
70814104059,2019,97500,221500,319000
70814104067,2019,115200,243000,358200
70814104075,2019,119000,263900,382900
70814104083,2019,114400,246500,360900
70814104091,2019,114100,207000,321100
70814104108,2019,121100,186900,308000
70814104116,2019,114400,187400,301800
70814104124,2019,117900,179400,297300
70814104132,2019,104700,266800,371500
70814104140,2019,99900,235300,335200
70814104158,2019,98400,263800,362200
70814104166,2019,96900,268300,365200
70814104174,2019,98200,259700,357900
70814104182,2019,102600,260400,363000
70814104190,2019,105500,264500,370000
70814104207,2019,105500,239200,344700
70814201011,2019,105000,297800,402800
70814201029,2019,103400,288600,392000
70814201037,2019,105000,294800,399800
70814201045,2019,110300,288300,398600
70814201053,2019,108500,275300,383800
70814201061,2019,108500,279000,387500
70814201079,2019,104500,233700,338200
70814201087,2019,115800,223700,339500
70814201095,2019,117900,270100,388000
70814201102,2019,116100,308900,425000
70814201110,2019,123300,341900,465200
70814201128,2019,126200,285800,412000
70814201136,2019,111600,266600,378200
70814201144,2019,105000,323600,428600
70814201152,2019,111600,308800,420400
70814201160,2019,111000,328900,439900
70814201178,2019,109900,238100,348000
70814201186,2019,103100,275000,378100
70814201194,2019,90200,279600,369800
70814201219,2019,116100,220400,336500
70814202019,2019,106300,272600,378900
70814202027,2019,101900,333900,435800
70814202035,2019,97700,261600,359300
70814202043,2019,96800,296800,393600
70814202051,2019,101900,266100,368000
70814202069,2019,97700,277100,374800
70814202077,2019,105000,305400,410400
70814202085,2019,111600,242900,354500
70814202093,2019,102200,229500,331700
70814202100,2019,98600,246600,345200
70814202118,2019,103000,263000,366000
70814202126,2019,98400,278100,376500
70814202134,2019,103000,373200,476200
70814202142,2019,103400,212600,316000
70814202150,2019,99400,270400,369800
70814202168,2019,96000,263000,359000
70814202176,2019,106300,297500,403800
70814202184,2019,111600,341100,452700
70814202192,2019,108500,280700,389200
70814202209,2019,106600,232300,338900
70814202217,2019,109900,297100,407000
70814202225,2019,105000,233000,338000
70814203017,2019,115000,309100,424100
70814203025,2019,120200,281800,402000
70814203033,2019,109500,252700,362200
70814203041,2019,105000,278200,383200
70814203059,2019,107500,288500,396000
70814203075,2019,123500,275900,399400
70814203083,2019,112600,228800,341400
70814203091,2019,111600,227400,339000
70814203108,2019,115300,335200,450500
70814203116,2019,110500,262100,372600
70814203124,2019,104600,263600,368200
70814203132,2019,101200,234000,335200
70814203158,2019,106800,342700,449500
70814203166,2019,96900,254400,351300
70814203174,2019,106000,345000,451000
70814203182,2019,112700,243200,355900
70814203190,2019,126000,281300,407300
70814203207,2019,122600,347500,470100
70814203215,2019,122600,235300,357900
70814203223,2019,112700,242900,355600
70814203231,2019,105000,277800,382800
70814203249,2019,107300,270400,377700
70814203257,2019,114100,342400,456500
70814205021,2019,96700,204800,301500
70814205039,2019,113100,280300,393400
70814205047,2019,132500,302900,435400
70814205055,2019,106300,322300,428600
70814205063,2019,106300,266800,373100
70814205071,2019,105000,295500,400500
70814205097,2019,93400,207000,300400
70814205104,2019,106300,244700,351000
70814205112,2019,106300,200700,307000
70814205120,2019,106300,232900,339200
70814205138,2019,129400,192100,321500
70814205146,2019,124000,263900,387900
70814205154,2019,120700,263400,384100
70814206029,2019,89500,315400,404900
70814206037,2019,90900,381500,472400
70814206045,2019,90900,313000,403900
70814206053,2019,105000,303900,408900
70814206061,2019,105000,321000,426000
70814206079,2019,100200,364700,464900
70814206087,2019,116100,333100,449200
70814206095,2019,126000,291900,417900
70814206102,2019,116100,356900,473000
70814206110,2019,100200,254500,354700
70814206128,2019,116100,366000,482100
70814206144,2019,109500,324500,434000
70814206152,2019,111600,273400,385000
70814206160,2019,108100,321700,429800
70814206178,2019,100200,311100,411300
70814206186,2019,100200,366200,466400
70814206194,2019,99600,231100,330700
70814207019,2019,68900,203400,272300
70814207027,2019,66800,192500,259300
70814207035,2019,66800,191000,257800
70814207043,2019,66800,184300,251100
70814207051,2019,77500,242700,320200
70814207069,2019,93100,240600,333700
70814207077,2019,100200,197300,297500
70814207100,2019,100200,285600,385800
70814207118,2019,90000,241100,331100
70814207126,2019,88800,226000,314800
70814207134,2019,87800,193200,281000
70814207142,2019,75800,194500,270300
70814207150,2019,75800,170200,246000
70814207168,2019,78000,162200,240200
70814207176,2019,88600,217400,306000
70814207184,2019,95800,234700,330500
70814207192,2019,95600,262400,358000
70814207209,2019,97200,296800,394000
70814207233,2019,100200,245800,346000
70814207241,2019,87700,250500,338200
70814207259,2019,87700,230600,318300
70814207267,2019,85000,200000,285000
70814207275,2019,87600,248400,336000
70814301027,2019,117900,209600,327500
70814301035,2019,126000,255600,381600
70814301043,2019,111300,288700,400000
70814301051,2019,129400,262000,391400
70814301077,2019,130600,306200,436800
70814301085,2019,127600,252100,379700
70814301093,2019,129400,292500,421900
70814301100,2019,126000,261000,387000
70814301118,2019,125500,250800,376300
70814301126,2019,124000,320500,444500
70814302025,2019,124000,282300,406300
70814302033,2019,126000,261100,387100
70814302041,2019,126000,300400,426400
70814302059,2019,130200,202700,332900
70814302067,2019,126000,303600,429600
70814302075,2019,137200,352500,489700
70814302083,2019,126100,324800,450900
70814302091,2019,103100,222100,325200
70814302108,2019,127600,287700,415300
70814302116,2019,120700,266900,387600
70814302124,2019,109800,252800,362600
70814302132,2019,109800,220200,330000
70814302140,2019,100600,288800,389400
70814302158,2019,104800,339900,444700
70814302166,2019,107500,330900,438400
70814302174,2019,107500,357500,465000
70814302182,2019,108000,353000,461000
70814302207,2019,90400,251300,341700
70814302215,2019,93400,317700,411100
70814302223,2019,93400,257500,350900
70814302231,2019,93400,356600,450000
70814302249,2019,87700,235800,323500
70814303015,2019,93400,232600,326000
70814303023,2019,90200,270200,360400
70814303031,2019,88800,235500,324300
70814303049,2019,90400,235200,325600
70814303057,2019,84200,228300,312500
70814303065,2019,84200,340200,424400
70814303073,2019,98200,367500,465700
70814303081,2019,98200,311900,410100
70814303099,2019,103400,344600,448000
70814303106,2019,108100,333200,441300
70814303114,2019,104500,229900,334400
70814303122,2019,87700,322600,410300
70814303130,2019,87700,269600,357300
70814303148,2019,87700,298100,385800
70814303156,2019,87700,260800,348500
70814303164,2019,87700,306400,394100
70814303172,2019,87700,247000,334700
70814303198,2019,87700,357500,445200
70814303205,2019,87700,363200,450900
70814303213,2019,88600,337500,426100
70814303221,2019,98200,392400,490600
70814304013,2019,93500,225500,319000
70814304021,2019,93500,269800,363300
70814304039,2019,93500,222100,315600
70814305011,2019,87700,185800,273500
70814305029,2019,87700,336000,423700
70814305037,2019,87700,289700,377400
70814305045,2019,87700,223300,311000
70814305053,2019,87700,297000,384700
70814305061,2019,97200,256000,353200
70814305079,2019,93400,294100,387500
70814305087,2019,93400,246500,339900
70814305095,2019,93400,242900,336300
70814305102,2019,93400,285900,379300
70814305110,2019,93400,269600,363000
70814305128,2019,93400,253600,347000
70814305136,2019,93400,352600,446000
70814305144,2019,93400,345600,439000
70814305152,2019,93400,339600,433000
70814305160,2019,93400,315300,408700
70814305178,2019,93400,317400,410800
70814307033,2019,100200,256800,357000
70814307041,2019,138400,326700,465100
70814307059,2019,140900,271100,412000
70814307067,2019,140900,307000,447900
70814307075,2019,146500,204400,350900
70814307083,2019,142000,257400,399400
70814307091,2019,152000,311100,463100
70814307116,2019,152000,293500,445500
70814307124,2019,152000,224700,376700
70814307132,2019,146500,314800,461300
70814307140,2019,146500,271100,417600
70814307158,2019,146500,222100,368600
70814307166,2019,140900,284900,425800
70814307174,2019,138400,262600,401000
70814307182,2019,97500,290700,388200
70814307190,2019,98200,287600,385800
70814308023,2019,99600,257900,357500
70814308031,2019,114100,312400,426500
70814308049,2019,117000,345700,462700
70814308057,2019,117000,351000,468000
70814308065,2019,117000,281600,398600
70814308073,2019,125200,324200,449400
70814308081,2019,125200,283300,408500
70814308106,2019,124300,319800,444100
70814308114,2019,113700,292100,405800
70814308122,2019,113700,338500,452200
70814308130,2019,113100,222900,336000
70814308148,2019,109300,263000,372300
70814308156,2019,96800,194400,291200
70814309039,2019,95800,269700,365500
70814309047,2019,154100,319800,473900
70814309055,2019,158000,286800,444800
70814309063,2019,160000,321700,481700
70814309071,2019,160000,336000,496000
70814309089,2019,162200,259000,421200
70814309097,2019,160700,270100,430800
70814309104,2019,157100,285200,442300
70814309112,2019,154500,316500,471000
70814309120,2019,156600,275700,432300
70814309138,2019,160000,309200,469200
70814309146,2019,162200,280800,443000
70814309154,2019,95800,256900,352700
70814309162,2019,93400,250300,343700
70814309170,2019,93400,296800,390200
70814309188,2019,94200,301100,395300
70814309196,2019,96800,281600,378400
70814309203,2019,96800,301300,398100
70814309211,2019,105200,318100,423300
70814309229,2019,89500,296000,385500
70814310010,2019,73000,192700,265700
70814310028,2019,73000,201300,274300
70814310036,2019,74400,186600,261000
70814401017,2019,84700,189900,274600
70814401025,2019,87100,222100,309200
70814401033,2019,82700,185500,268200
70814401041,2019,84200,184400,268600
70814402015,2019,92300,186600,278900
70814402023,2019,95800,171600,267400
70814402031,2019,87500,182800,270300
70814402057,2019,88200,189600,277800
70814402065,2019,84500,233900,318400
70814402073,2019,85600,177400,263000
70814402081,2019,85000,197500,282500
70814402099,2019,82700,228300,311000
70814402106,2019,83300,162100,245400
70814402114,2019,81100,212100,293200
70814402122,2019,84700,189800,274500
70814402130,2019,83300,224800,308100
70814402148,2019,82700,221000,303700
70814402156,2019,85600,197600,283200
70814402164,2019,88300,302100,390400
70814402172,2019,89000,196900,285900
70814402180,2019,88300,192000,280300
70814402198,2019,89500,159000,248500
70814402205,2019,95800,185900,281700
70814403021,2019,92900,229300,322200
70814403039,2019,92300,212200,304500
70814403047,2019,88200,166500,254700
70814403055,2019,89000,182500,271500
70814403063,2019,88800,194600,283400
70814403071,2019,87700,198300,286000
70814403089,2019,87500,159100,246600
70814403097,2019,85600,204400,290000
70814403104,2019,84700,219500,304200
70814403112,2019,84500,289800,374300
70814403120,2019,82700,250500,333200
70814403138,2019,82700,247000,329700
70814403146,2019,82700,199600,282300
70814403154,2019,84500,147100,231600
70814403162,2019,90000,181800,271800
70814403170,2019,90000,244700,334700
70814403188,2019,96800,274100,370900
70814403196,2019,100600,222700,323300
70814403203,2019,100800,302600,403400
70814403211,2019,103800,168100,271900
70814403229,2019,130400,334900,465300
70814403245,2019,106300,331300,437600
70814403253,2019,122400,259400,381800
70814403279,2019,106300,221300,327600
70814403287,2019,102600,220700,323300
70814403295,2019,106300,246700,353000
70814403302,2019,100800,258900,359700
70814403310,2019,108000,295200,403200
70814403336,2019,132300,272400,404700
70814403344,2019,106300,287500,393800
70814403352,2019,108000,298800,406800
70814403360,2019,111700,263300,375000
70814403378,2019,105200,300400,405600
70814403386,2019,105200,246600,351800
70814403394,2019,111300,226700,338000
70814404011,2019,88200,213900,302100
70814404029,2019,91400,146500,237900
70814404037,2019,84700,169900,254600
70814404045,2019,88800,170700,259500
70814404053,2019,87100,190700,277800
70814404061,2019,87500,227700,315200
70814404079,2019,85000,237000,322000
70814404087,2019,85000,204600,289600
70814404095,2019,85000,169900,254900
70814404102,2019,87100,207900,295000
70814405035,2019,91400,209000,300400
70814405043,2019,93100,185200,278300
70814405051,2019,92300,200900,293200
70814405069,2019,90900,212900,303800
70814405077,2019,90200,233300,323500
70814405085,2019,88200,156200,244400
70814405093,2019,85600,235500,321100
70814405100,2019,83300,215600,298900
70814405118,2019,84700,219000,303700
70814405126,2019,85600,200200,285800
70814405134,2019,85900,224100,310000
70814405142,2019,88800,226200,315000
70814405150,2019,88800,171900,260700
70814405168,2019,87200,236800,324000
70814405176,2019,87100,244800,331900
70814405184,2019,91500,197900,289400
70814405192,2019,88800,179800,268600
70814406017,2019,89800,221500,311300
70814406025,2019,88800,173200,262000
70814406033,2019,89800,264000,353800
70814406041,2019,88300,281200,369500
70814406059,2019,88300,266800,355100
70814407015,2019,86500,170900,257400
70814407023,2019,84700,200500,285200
70814407031,2019,86100,203700,289800
70814407049,2019,88200,204800,293000
70814407057,2019,87100,231300,318400
70814407065,2019,87200,300800,388000
70814407073,2019,88800,224200,313000
70814407081,2019,85900,215100,301000
70814407099,2019,81100,178100,259200
70814407106,2019,84000,169600,253600
70814407114,2019,93000,261000,354000
70814407122,2019,92500,234000,326500
70814410018,2019,95600,195400,291000
70814410026,2019,86500,176300,262800
70814410034,2019,88800,192300,281100
70814410042,2019,85600,199000,284600
70814410050,2019,90400,186300,276700
70814410068,2019,90200,153500,243700
70814410092,2019,84500,150700,235200
70814410109,2019,86500,217900,304400
70814410117,2019,90400,164800,255200
70814411024,2019,96900,236000,332900
70814411032,2019,88800,107200,196000
70814411040,2019,88300,150800,239100
70814411058,2019,88300,206000,294300
70814411066,2019,87500,189300,276800
70814411074,2019,85900,170100,256000
70814411082,2019,86500,240300,326800
70814411090,2019,88800,219200,308000
70814411107,2019,93500,224500,318000
70814411115,2019,92900,185800,278700
70814411123,2019,94300,256800,351100
70814412014,2019,84500,227200,311700
70814412022,2019,87100,188600,275700
70814412030,2019,87500,161900,249400
70814412105,2019,87700,134600,222300
70814412113,2019,85000,75000,160000
70814412121,2019,85600,303400,389000
70814412139,2019,93100,190800,283900
70814412147,2019,90200,234800,325000
70814413020,2019,94300,278700,373000
70814413038,2019,90400,245600,336000
70814413046,2019,92500,195500,288000
70814413054,2019,92900,129400,222300
70814414028,2019,89800,291600,381400
70814414036,2019,85900,250100,336000
70814414044,2019,88800,242300,331100
70814414060,2019,89800,207200,297000
70814414078,2019,87500,244500,332000
70814414086,2019,90400,187100,277500
70814414094,2019,89000,228200,317200
70814414101,2019,88300,256100,344400
70814414119,2019,90200,266000,356200
70814414127,2019,94400,295900,390300
70814415018,2019,90200,275500,365700
70814415026,2019,89800,227400,317200
70814415034,2019,89000,273900,362900
70814415042,2019,88800,222300,311100
70814415050,2019,88800,180500,269300
70814415068,2019,85900,175900,261800
70814415076,2019,89000,194700,283700
70814415084,2019,88300,240500,328800
70814415092,2019,88200,252700,340900
70814415109,2019,90200,339800,430000
70814415117,2019,88800,216200,305000
70814415125,2019,88800,225300,314100
70814416016,2019,87200,241600,328800
70814416024,2019,89000,194100,283100
70814416032,2019,87500,178300,265800
70814416040,2019,85600,236200,321800
70814416058,2019,87100,249600,336700
70814416066,2019,87200,214600,301800
70814416074,2019,88200,178800,267000
70814416082,2019,89000,216300,305300
70814416090,2019,87700,252300,340000
70814417014,2019,91500,214200,305700
70814417022,2019,88200,236100,324300
70814417030,2019,88800,212300,301100
70814417048,2019,90200,232000,322200
70814417056,2019,90200,318400,408600
70814417064,2019,84700,243600,328300
70814417072,2019,92300,228800,321100
70814417080,2019,88800,239200,328000
70814417098,2019,85600,215300,300900
70814417105,2019,90200,172700,262900
70814417113,2019,85900,166700,252600
70814417121,2019,95600,199300,294900
70814417139,2019,99400,193700,293100
70814417147,2019,93400,238400,331800
70814417155,2019,96000,253200,349200
70814422013,2019,85600,224900,310500
70814422021,2019,85900,249600,335500
70814422039,2019,87100,205000,292100
70814422047,2019,85900,183400,269300
70814422055,2019,90400,278200,368600
70814422063,2019,98400,184300,282700
70814422071,2019,96000,248800,344800
70814422089,2019,94300,250800,345100
70814422097,2019,96800,268700,365500
70814422104,2019,97200,219600,316800
70814422112,2019,94300,195600,289900
70814422120,2019,88300,262600,350900
70814423011,2019,88200,229600,317800
70814423029,2019,85000,263500,348500
70814423037,2019,89500,203200,292700
70814423045,2019,101900,231400,333300
70814423053,2019,102200,248000,350200
70814423079,2019,102200,258800,361000
70814423087,2019,99400,261600,361000
70814423095,2019,94300,256900,351200
70814423102,2019,89500,249500,339000
70814423110,2019,87100,225100,312200
70814423128,2019,85600,229300,314900
70814423136,2019,96700,210100,306800
70814423144,2019,101900,196500,298400
70814423152,2019,98400,240200,338600
70814423178,2019,96700,247000,343700
70814423186,2019,96700,225400,322100
70814423194,2019,96000,226300,322300
70814423201,2019,88300,202000,290300
70814423219,2019,88300,196000,284300
70814423227,2019,90900,308500,399400
70814423235,2019,90900,226600,317500
70814423243,2019,89000,193000,282000
70814424019,2019,0,0,0
70814424027,2019,81900,243100,325000
70814424035,2019,81600,244900,326500
70814424043,2019,89800,267200,357000
70814424069,2019,80700,189700,270400
70814424077,2019,79600,223700,303300
70814424085,2019,81100,205400,286500
70814424093,2019,81200,296600,377800
70814424100,2019,81100,313900,395000
70814424118,2019,81000,249000,330000
70814424126,2019,78000,190500,268500
70814424184,2019,90200,317000,407200
70814424192,2019,90200,297700,387900
70814424209,2019,90200,226600,316800
70814424217,2019,90200,280800,371000
70814424225,2019,90200,331500,421700
70814424233,2019,90200,270500,360700
70814424241,2019,92300,284500,376800
70814424259,2019,100200,271600,371800
70814424267,2019,100200,212200,312400
70814424275,2019,100200,358600,458800
70814424283,2019,108100,374200,482300
70814424291,2019,100200,402600,502800
70814424308,2019,92300,225600,317900
70814425017,2019,93100,240700,333800
70814425025,2019,92500,254000,346500
70814425033,2019,92900,277100,370000
70814425041,2019,91500,227600,319100
70814425059,2019,88800,318700,407500
70814425067,2019,94400,320300,414700
70814425075,2019,92300,201100,293400
70814425083,2019,91500,269000,360500
70814425091,2019,84400,267500,351900
70814425108,2019,84400,250200,334600
70814425116,2019,89000,250500,339500
70814425124,2019,90000,200900,290900
70814425132,2019,91500,211200,302700
70814426015,2019,90000,231700,321700
70814426023,2019,88200,210500,298700
70814426031,2019,88200,231400,319600
70814426049,2019,87500,272500,360000
70814426057,2019,88200,234700,322900
70814426065,2019,85900,264600,350500
70814426073,2019,86500,311100,397600
70814426081,2019,89000,335000,424000
70814426099,2019,100600,341600,442200
70814426106,2019,87500,326300,413800
70814426114,2019,89000,260700,349700
70814426122,2019,91400,288400,379800
70814426148,2019,87700,267000,354700
70814426156,2019,90200,298000,388200
70814426164,2019,88200,297000,385200
70814426172,2019,87700,257900,345600
70814426180,2019,87500,333000,420500
70814426198,2019,87500,342100,429600
70815305010,2019,165300,335700,501000
70815305028,2019,164800,255400,420200
70815305036,2019,167000,320400,487400
70815305044,2019,158100,329900,488000
70815305052,2019,168600,390600,559200
70815305060,2019,168400,306400,474800
70815305078,2019,172100,340500,512600
70815305086,2019,181900,276900,458800
70815305094,2019,192600,249400,442000
70815306018,2019,194800,301600,496400
70815306026,2019,187100,517000,704100
70815306034,2019,191400,350000,541400
70815306042,2019,204400,347500,551900
70815306050,2019,203600,375500,579100
70815306068,2019,180000,573600,753600
70815306076,2019,203200,303600,506800
70815306167,2019,204400,406300,610700
70815306175,2019,196900,475000,671900
70815306183,2019,199300,471100,670400
70815306191,2019,192200,590100,782300
70815306208,2019,214600,467500,682100
70815306216,2019,215700,427900,643600
70815306224,2019,247400,588600,836000
70815306240,2019,250400,754900,1005300
70815306258,2019,218200,449500,667700
70815306266,2019,215400,485900,701300
70815306274,2019,207300,470200,677500
70815306282,2019,191900,405500,597400
70815306290,2019,200800,305600,506400
70815306307,2019,209900,619100,829000
70815306315,2019,203500,343000,546500
70815306323,2019,174900,468400,643300
70815306331,2019,185200,459600,644800
70815306349,2019,198200,451700,649900
70815306357,2019,188800,411200,600000
70815306365,2019,208100,430900,639000
70815307016,2019,167000,354600,521600
70815307024,2019,156500,378200,534700
70815307032,2019,157700,389100,546800
70815307040,2019,157400,333500,490900
70815307058,2019,164700,370700,535400
70815307066,2019,166600,285600,452200
70815307074,2019,168400,340800,509200
70815307082,2019,169400,336200,505600
70815307090,2019,166500,275500,442000
70815307107,2019,174500,269600,444100
70815307115,2019,162200,349000,511200
70815307123,2019,166100,361500,527600
70815307131,2019,173300,351100,524400
70815307149,2019,172100,369200,541300
70815307157,2019,172200,321800,494000
70815307165,2019,161100,311200,472300
70815307173,2019,174500,312100,486600
70815307181,2019,173900,355500,529400
70815308014,2019,159500,323500,483000
70815308022,2019,160200,360100,520300
70815308030,2019,153700,331100,484800
70815308048,2019,168800,292000,460800
70815308056,2019,182200,379400,561600
70815308064,2019,199000,337900,536900
70815308072,2019,178500,352000,530500
70815308080,2019,178700,375600,554300
70815308098,2019,166100,436400,602500
70815308105,2019,168300,405900,574200
70815308113,2019,190600,410200,600800
70815308121,2019,188400,357300,545700
70815308139,2019,195000,505800,700800
70815308147,2019,174300,411900,586200
70815308197,2019,214300,207200,421500
70815308204,2019,213900,596500,810400
70815308212,2019,176400,403600,580000
70815308220,2019,160600,375000,535600
70815308238,2019,158300,357600,515900
70815308246,2019,160600,396600,557200
70815308254,2019,163600,401400,565000
70815308262,2019,168700,431300,600000
70815308270,2019,171500,403100,574600
70815308288,2019,173200,365200,538400
70815308303,2019,195000,352700,547700
70815308311,2019,187400,443500,630900
70815308329,2019,168700,341500,510200
70815308337,2019,167400,294500,461900
70815308345,2019,179600,300300,479900
70815308353,2019,163900,405800,569700
70815308361,2019,189300,450200,639500
70815308379,2019,164000,352800,516800
70815308387,2019,169000,432800,601800
70816301033,2019,164700,391500,556200
70816301041,2019,166700,612100,778800
70816301059,2019,166700,576900,743600
70816301067,2019,166700,590400,757100
70816301075,2019,166700,578300,745000
70816301083,2019,161800,638700,800500
70816301091,2019,168400,533400,701800
70816301108,2019,171900,484500,656400
70816301116,2019,172100,474200,646300
70816301124,2019,166000,432000,598000
70816301158,2019,29700,0,29700
70816301166,2019,30100,0,30100
70816302015,2019,203700,467100,670800
70816302023,2019,185800,376700,562500
70816302031,2019,192400,430000,622400
70816302049,2019,175200,399100,574300
70816302057,2019,178600,393100,571700
70816302106,2019,36800,0,36800
70816303013,2019,150500,524500,675000
70816303021,2019,151200,437400,588600
70816303039,2019,166500,426100,592600
70816303047,2019,169400,434000,603400
70816303055,2019,184400,598200,782600
70816303063,2019,176900,390600,567500
70816303071,2019,175800,424200,600000
70816303089,2019,171600,465400,637000
70816303097,2019,181100,328900,510000
70816304011,2019,182700,417300,600000
70816304029,2019,168300,495600,663900
70816304037,2019,168300,492100,660400
70816304045,2019,168300,578200,746500
70816304053,2019,168300,651200,819500
70816304061,2019,168300,484100,652400
70816304079,2019,168300,502300,670600
70816304087,2019,168300,521600,689900
70816304095,2019,169200,483700,652900
70816304102,2019,185000,359900,544900
70816304110,2019,174800,467900,642700
70816304128,2019,163400,513400,676800
70816304136,2019,168000,524800,692800
70816304144,2019,168200,445200,613400
70816304152,2019,168300,447600,615900
70816304160,2019,168300,425500,593800
70816304178,2019,168400,475000,643400
70816304186,2019,168600,446400,615000
70816304194,2019,168700,362400,531100
70816304201,2019,174100,492900,667000
70816305019,2019,171400,686600,858000
70816305027,2019,171400,678600,850000
70816305035,2019,171400,544500,715900
70816305043,2019,169600,524900,694500
70816305051,2019,166500,490400,656900
70816305069,2019,166500,393000,559500
70816305077,2019,173100,495400,668500
70816305085,2019,132300,374500,506800
70816305093,2019,132500,395000,527500
70816305100,2019,127500,366400,493900
70816305118,2019,162900,358000,520900
70816305126,2019,148200,451800,600000
70816305134,2019,142800,335600,478400
70816305142,2019,148400,265800,414200
70816305150,2019,136200,369000,505200
70816305168,2019,129400,392100,521500
70816305176,2019,132000,230100,362100
70816305184,2019,127100,319000,446100
70816305192,2019,131000,218400,349400
70816305209,2019,131000,286000,417000
70816305217,2019,131000,303600,434600
70816305225,2019,131000,285000,416000
70816305233,2019,127100,280400,407500
70816305241,2019,138000,285000,423000
70816305259,2019,133500,251000,384500
70816305267,2019,127500,237100,364600
70816305275,2019,127500,284300,411800
70816305283,2019,128300,228400,356700
70816306017,2019,175100,587400,762500
70816306025,2019,205200,342500,547700
70816306033,2019,182300,540200,722500
70816306041,2019,131700,276300,408000
70816306059,2019,132600,277500,410100
70816306067,2019,148000,332500,480500
70816306075,2019,168300,323700,492000
70816306083,2019,186200,354000,540200
70816306091,2019,160000,347500,507500
70816306108,2019,141200,255600,396800
70816306116,2019,139500,411700,551200
70816306124,2019,139500,409800,549300
70816306132,2019,138500,423400,561900
70816306140,2019,239400,516900,756300
70816306231,2019,204400,522600,727000
70816306249,2019,197600,582400,780000
70816306257,2019,209500,671500,881000
70816306265,2019,197600,652400,850000
70816306273,2019,209000,596000,805000
70816306281,2019,399700,1043600,1443300
70816307015,2019,176500,377200,553700
70816307023,2019,199300,471700,671000
70816307031,2019,161400,457900,619300
70816307049,2019,174800,553700,728500
70816307057,2019,176900,408400,585300
70816307065,2019,171900,479300,651200
70816307073,2019,179700,559700,739400
70816307081,2019,182300,734900,917200
70816307106,2019,183800,492200,676000
70816307114,2019,169600,494100,663700
70816307122,2019,153700,518700,672400
70816307130,2019,172500,450500,623000
70816307148,2019,174100,507100,681200
70816307156,2019,166500,586000,752500
70816307164,2019,202900,491800,694700
70816308013,2019,198700,533500,732200
70816308021,2019,195100,543300,738400
70816308039,2019,170200,468000,638200
70816308047,2019,174300,365700,540000
70816308055,2019,176600,381400,558000
70816308063,2019,182700,486000,668700
70816308071,2019,191900,677500,869400
70816308089,2019,185800,492200,678000
70816308097,2019,172600,497400,670000
70816308104,2019,167600,662200,829800
70816308112,2019,174100,600700,774800
70816309011,2019,191600,545400,737000
70816309029,2019,202800,567200,770000
70816309037,2019,171700,476200,647900
70816309045,2019,180600,460600,641200
70816309053,2019,176200,387300,563500
70816309061,2019,173900,669600,843500
70816309079,2019,182500,470300,652800
70816309087,2019,181200,562400,743600
70816309095,2019,187900,437100,625000
70816309102,2019,187500,475800,663300
70816309110,2019,176900,418500,595400
70816309128,2019,194400,492500,686900
70816309136,2019,171600,446200,617800
70816309144,2019,156700,490400,647100
70816309152,2019,160200,364800,525000
70816309160,2019,167900,502900,670800
70816309178,2019,171600,404100,575700
70816309186,2019,170800,533800,704600
70816310026,2019,185200,433800,619000
70816310034,2019,204500,480500,685000
70816310042,2019,177900,501700,679600
70816310050,2019,148000,405800,553800
70816310068,2019,148000,453100,601100
70816310076,2019,171400,520900,692300
70816310084,2019,171400,448500,619900
70816310092,2019,170400,382500,552900
70816310109,2019,183900,564100,748000
70816310117,2019,197700,324600,522300
70816310133,2019,244800,704700,949500
70816310141,2019,208800,603900,812700
70816310159,2019,195000,459200,654200
70816311016,2019,180600,485700,666300
70816311024,2019,183000,316100,499100
70816311032,2019,197400,401600,599000
70816312014,2019,237800,112200,350000
70816312022,2019,272500,280500,553000
70816313020,2019,133500,244100,377600
70816313038,2019,125700,235800,361500
70816313046,2019,125700,294800,420500
70816313054,2019,135300,274800,410100
70816313062,2019,135300,261600,396900
70816313070,2019,135300,305700,441000
70816313088,2019,139400,268800,408200
70816313096,2019,145200,329800,475000
70816313103,2019,137300,38500,175800
70816313161,2019,300900,207700,508600
70816313179,2019,247900,570000,817900
70816313187,2019,215000,553000,768000
70816313195,2019,209500,524500,734000
70816313202,2019,217400,571100,788500
70816313210,2019,239200,958800,1198000
70816313228,2019,241800,738200,980000
70816313236,2019,239200,645800,885000
70816313244,2019,223600,585400,809000
70816314010,2019,142000,309500,451500
70816314028,2019,149100,362700,511800
70816314036,2019,124400,455600,580000
70816314044,2019,152400,461600,614000
70816314052,2019,150100,361900,512000
70816314060,2019,159700,328700,488400
70816314078,2019,147700,357800,505500
70816314086,2019,143300,315200,458500
70816314094,2019,138100,227400,365500
70816314101,2019,125700,298700,424400
70816314119,2019,125700,285800,411500
70816314127,2019,125700,290300,416000
70816314135,2019,125700,245800,371500
70816314143,2019,125700,243500,369200
70816314151,2019,125700,234300,360000
70816314169,2019,125700,225900,351600
70816314177,2019,125700,243600,369300
70816314185,2019,125700,261300,387000
70816314193,2019,125700,220800,346500
70816314200,2019,125700,263300,389000
70816314218,2019,125700,294500,420200
70816314226,2019,125700,332400,458100
70816314234,2019,125700,296300,422000
70816314242,2019,132200,314000,446200
70816314250,2019,149700,214000,363700
70816314268,2019,155100,242900,398000
70816314276,2019,145700,295300,441000
70816314284,2019,143900,323900,467800
70816316016,2019,186400,457000,643400
70816316024,2019,186400,465800,652200
70816316032,2019,186400,661200,847600
70816316040,2019,186100,525300,711400
70816316058,2019,208700,704400,913100
70816316066,2019,168800,574800,743600
70816316074,2019,168700,590500,759200
70816316082,2019,170200,471500,641700
70816316090,2019,198600,701400,900000
70816316107,2019,168700,486500,655200
70816316123,2019,192400,838700,1031100
70816316131,2019,205000,627000,832000
70816316149,2019,208100,600900,809000
70816317014,2019,152800,627200,780000
70816317022,2019,152800,600900,753700
70816317030,2019,152800,595900,748700
70816317048,2019,149900,505100,655000
70816317056,2019,163400,482300,645700
70816317064,2019,153500,589100,742600
70816317072,2019,153500,673300,826800
70816317080,2019,153500,687300,840800
70816317098,2019,153500,524500,678000
70816317105,2019,153500,491500,645000
70816317121,2019,192900,806500,999400
70816318012,2019,206800,1571800,1778600
70816318020,2019,170200,739800,910000
70816318038,2019,181200,614400,795600
70816318046,2019,208000,612600,820600
70816318054,2019,181500,598500,780000
70816318062,2019,168700,725300,894000
70816318070,2019,202100,756800,958900
70816319028,2019,176400,537900,714300
70816319036,2019,153500,512100,665600
70816319044,2019,159600,584700,744300
70816319052,2019,165600,578000,743600
70816319060,2019,165600,465700,631300
70816319078,2019,175200,640200,815400
70816319086,2019,235000,789400,1024400
70816319094,2019,183600,615000,798600
70816319101,2019,182300,857700,1040000
70816319119,2019,182300,449000,631300
70816319127,2019,183800,871200,1055000
70816319135,2019,201200,467800,669000
70816320025,2019,186600,554600,741200
70816320033,2019,192400,1122600,1315000
70816320041,2019,173400,400100,573500
70816320059,2019,182000,530400,712400
70816320067,2019,173000,459300,632300
70816320075,2019,173900,508800,682700
70816320083,2019,192900,519500,712400
70816320091,2019,187400,528700,716100
70816320108,2019,187400,707000,894400
70816320116,2019,189600,694400,884000
70816320124,2019,201000,709000,910000
70816320132,2019,175600,470400,646000
70816320140,2019,244500,610300,854800
70816323011,2019,165400,484600,650000
70816323037,2019,175200,674800,850000
70816323045,2019,175200,518200,693400
70816323053,2019,182000,462900,644900
70816323061,2019,206900,749900,956800
70816323079,2019,206900,519700,726600
70816323087,2019,195200,447300,642500
70816323095,2019,205100,508300,713400
70816401015,2019,171100,349700,520800
70816401023,2019,159600,306500,466100
70816401031,2019,159700,436400,596100
70816401049,2019,159800,445600,605400
70816401057,2019,175200,421900,597100
70816401065,2019,174300,440800,615100
70816401073,2019,166500,516300,682800
70816401081,2019,175800,415300,591100
70816401099,2019,206100,411900,618000
70816401106,2019,207900,445200,653100
70816401114,2019,185200,408300,593500
70816401122,2019,180600,365400,546000
70816401130,2019,158600,436400,595000
70816401156,2019,159800,497600,657400
70816401164,2019,157200,367800,525000
70816401172,2019,159600,337500,497100
70816401180,2019,159800,425700,585500
70816401198,2019,160100,377500,537600
70816401205,2019,170400,599600,770000
70816401213,2019,171600,599100,770700
70816401221,2019,171600,529600,701200
70816401239,2019,166900,426000,592900
70816401247,2019,176600,441400,618000
70816401255,2019,167500,368400,535900
70816401263,2019,172200,387800,560000
70816401271,2019,167500,498100,665600
70816401289,2019,165700,422900,588600
70816401297,2019,165000,485000,650000
70816401304,2019,169800,446800,616600
70816401312,2019,171700,474300,646000
70816401320,2019,184700,471000,655700
70816401338,2019,184500,487300,671800
70816401346,2019,197600,660100,857700
70816401354,2019,192300,469700,662000
70816401362,2019,202400,364400,566800
70816401370,2019,211000,544000,755000
70816401388,2019,211000,535600,746600
70816401396,2019,174000,466600,640600
70816401403,2019,178400,352700,531100
70816401411,2019,215300,424100,639400
70816401429,2019,211000,445200,656200
70816401437,2019,173400,461300,634700
70816401445,2019,164200,451000,615200
70816401453,2019,166800,394900,561700
70816402013,2019,178800,382800,561600
70816402021,2019,184400,345900,530300
70816402039,2019,164000,285900,449900
70816402047,2019,163900,234900,398800
70816402055,2019,201400,445200,646600
70816402063,2019,177900,472500,650400
70816402071,2019,172100,466000,638100
70816402089,2019,169200,532800,702000
70816402097,2019,177200,694500,871700
70816402104,2019,175100,361000,536100
70816402112,2019,175100,455600,630700
70816402120,2019,175100,656000,831100
70816402138,2019,175100,516200,691300
70816402146,2019,185700,337400,523100
70816402154,2019,164000,359000,523000
70816402162,2019,158100,353400,511500
70816402170,2019,163000,343500,506500
70816402188,2019,174100,374600,548700
70816402196,2019,182100,374300,556400
70816402203,2019,168200,331000,499200
70816402211,2019,204200,539300,743500
70816402229,2019,208900,471900,680800
70816402237,2019,202400,459000,661400
70816402245,2019,176700,552400,729100
70816402253,2019,161200,333400,494600
70816402261,2019,161700,406100,567800
70816402279,2019,175600,509800,685400
70816402287,2019,153800,380800,534600
70816402295,2019,206500,311600,518100
70816402302,2019,172700,384200,556900
70816402310,2019,166900,396100,563000
70816403011,2019,188400,539100,727500
70816403029,2019,183800,492200,676000
70816403037,2019,190000,486000,676000
70816403045,2019,195200,432900,628100
70816403053,2019,191900,437600,629500
70816403061,2019,185700,496500,682200
70816403079,2019,176000,437600,613600
70816403087,2019,184100,477700,661800
70816403095,2019,173000,350600,523600
70816403102,2019,175600,395800,571400
70816403110,2019,193500,391800,585300
70816403128,2019,197200,452900,650100
70816403136,2019,180400,391600,572000
70816403144,2019,173000,486200,659200
70816403152,2019,180400,466500,646900
70816403160,2019,179600,475200,654800
70816403178,2019,170200,499100,669300
70816403186,2019,168000,413000,581000
70816403194,2019,162200,518400,680600
70816403201,2019,181300,616100,797400
70816405017,2019,165400,379600,545000
70816405025,2019,156100,384700,540800
70816405033,2019,166700,575700,742400
70816405041,2019,198200,452500,650700
70816405059,2019,194000,399900,593900
70816405067,2019,191900,450400,642300
70816405075,2019,199200,451600,650800
70816405083,2019,171700,406300,578000
70816405091,2019,171700,382800,554500
70816405108,2019,172500,392500,565000
70816405116,2019,170700,373900,544600
70816405124,2019,186400,491900,678300
70816405132,2019,181300,436500,617800
70816405140,2019,183200,601800,785000
70816405158,2019,192900,466600,659500
70816405166,2019,200600,429400,630000
70816405174,2019,192200,468500,660700
70816406015,2019,177600,351000,528600
70816406023,2019,158200,376600,534800
70816406031,2019,162800,413300,576100
70816406049,2019,170700,385900,556600
70816406057,2019,196500,459600,656100
70816406065,2019,193000,431000,624000
70816406073,2019,197600,446700,644300
70816406081,2019,188400,475600,664000
70816406099,2019,176400,453100,629500
70816406106,2019,174900,449100,624000
70816406114,2019,165400,438600,604000
70816406122,2019,163600,388100,551700
70816406130,2019,163600,395200,558800
70816406148,2019,163600,436700,600300
70816406156,2019,163600,363300,526900
70816406164,2019,171900,482300,654200
70816406172,2019,173300,326800,500100
70816406180,2019,164600,305200,469800
70816406198,2019,164600,439400,604000
70816406205,2019,166900,342100,509000
70816406213,2019,166200,562400,728600
70816406221,2019,164600,415400,580000
70816406239,2019,167900,412100,580000
70816406255,2019,157800,386700,544500
70816406263,2019,156300,363700,520000
70816406271,2019,173100,435300,608400
70816406289,2019,163600,518600,682200
70816406297,2019,162800,428300,591100
70816406304,2019,171000,515100,686100
70816407013,2019,163900,351100,515000
70816407021,2019,165000,521400,686400
70816407039,2019,183200,432500,615700
70816407047,2019,164600,394900,559500
70816407055,2019,162200,392300,554500
70816407063,2019,162200,429500,591700
70816407071,2019,162200,380000,542200
70816407089,2019,162200,479800,642000
70816407097,2019,162200,393300,555500
70816407104,2019,166700,419100,585800
70816407112,2019,191000,465000,656000
70816407120,2019,212400,663800,876200
70816407146,2019,159700,485300,645000
70816407154,2019,162800,395400,558200
70816407162,2019,171700,377400,549100
70816407170,2019,236000,201100,437100
70816407188,2019,210100,352900,563000
70816407196,2019,173300,477900,651200
70816407203,2019,179200,419900,599100
70816407211,2019,209200,591400,800600
70816407229,2019,210200,351800,562000
70816408011,2019,202900,309400,512300
70816408029,2019,193600,340400,534000
70816408037,2019,181100,387800,568900
70816408045,2019,171900,424200,596100
70816408053,2019,159000,453200,612200
70816408061,2019,159000,330400,489400
70816408079,2019,159000,365900,524900
70816408087,2019,171900,414200,586100
70816408102,2019,206800,349200,556000
70816408110,2019,212000,601300,813300
70816408128,2019,212000,366600,578600
70816408136,2019,217200,539000,756200
70816408144,2019,215300,682500,897800
70816408152,2019,209800,558700,768500
70816408160,2019,214600,569500,784100
70816408178,2019,210800,695600,906400
70816408186,2019,217900,605900,823800
70816408194,2019,213200,525700,738900
70816408201,2019,207600,899500,1107100
70816408219,2019,207600,471500,679100
70816408227,2019,207600,280400,488000
70816408235,2019,207600,357500,565100
70816408243,2019,215100,407100,622200
70816408251,2019,216800,469600,686400
70816408269,2019,195400,424500,619900
70816408277,2019,168300,463200,631500
70816408285,2019,168200,461000,629200
70816408293,2019,169200,441800,611000
70816408300,2019,164600,397000,561600
70816408318,2019,166200,372700,538900
70816408326,2019,170800,456500,627300
70816408334,2019,178500,484000,662500
70816408342,2019,182600,360900,543500
70816408417,2019,144600,130900,275500
70816410024,2019,200900,329700,530600
70816410032,2019,189200,402000,591200
70816410040,2019,181200,423000,604200
70816410058,2019,187600,433500,621100
70816411014,2019,197400,417600,615000
70816411022,2019,203300,375300,578600
70820106031,2019,100,0,100
70820106049,2019,100,0,100
70820107055,2019,100,0,100
70820107071,2019,100,0,100
70820107089,2019,100,0,100
70820109027,2019,116700,0,116700
70820109035,2019,101800,0,101800
70820109043,2019,115000,0,115000
70820109051,2019,121400,0,121400
70820109069,2019,138300,0,138300
70820109077,2019,138300,0,138300
70820109085,2019,141700,0,141700
70820109100,2019,100,0,100
70820109259,2019,100,0,100
70820109267,2019,100,0,100
70820109283,2019,100,0,100
70820109291,2019,100,0,100
70820111113,2019,100,0,100
70820111121,2019,100,0,100
70820112012,2019,147000,0,147000
70820112020,2019,142400,0,142400
70820112038,2019,143600,0,143600
70820112054,2019,142400,0,142400
70820112111,2019,100,0,100
70820112129,2019,100,0,100
70820112137,2019,100,0,100
70820114018,2019,139400,0,139400
70820114026,2019,118500,0,118500
70820114034,2019,123300,0,123300
70820114042,2019,132000,0,132000
70820114050,2019,119600,0,119600
70820114068,2019,119600,0,119600
70820114076,2019,132500,0,132500
70820115040,2019,111500,0,111500
70820115058,2019,126600,0,126600
70820115066,2019,116000,0,116000
70820115074,2019,110700,0,110700
70820115082,2019,110700,0,110700
70820115090,2019,119500,0,119500
70820115107,2019,116200,0,116200
70820115115,2019,129000,0,129000
70820115123,2019,111500,0,111500
70820115131,2019,110700,0,110700
70820115149,2019,114200,0,114200
70820115157,2019,114500,0,114500
70820115165,2019,107700,0,107700
70820115173,2019,111500,0,111500
70820115181,2019,115500,0,115500
70820115199,2019,115500,0,115500
70820115206,2019,100,0,100
70820116014,2019,153600,0,153600
70820116022,2019,157400,0,157400
70820116030,2019,133300,0,133300
70820116048,2019,117000,0,117000
70820116056,2019,127200,0,127200
70820117012,2019,147300,0,147300
70820117020,2019,120600,0,120600
70820117038,2019,100,0,100
70820118060,2019,100,0,100
70820118086,2019,100,0,100
70821100967,2019,69500,72500,142000
70821101014,2019,120000,312000,432000
70821101022,2019,117000,333000,450000
70821101030,2019,116400,335700,452100
70821102012,2019,116000,336300,452300
70821102020,2019,116900,334100,451000
70821102038,2019,117500,317500,435000
70821103010,2019,119700,316300,436000
70821103028,2019,118500,317500,436000
70821103036,2019,118600,314400,433000
70821104018,2019,120500,296100,416600
70821104026,2019,129200,279800,409000
70821104034,2019,111100,359900,471000
70821105016,2019,120500,314500,435000
70821105024,2019,120500,281500,402000
70821105032,2019,123900,328100,452000
70821105040,2019,120500,329500,450000
70821105058,2019,121100,367600,488700
70821105066,2019,120500,295000,415500
70821105074,2019,120100,308500,428600
70821108060,2019,117000,285700,402700
70821108078,2019,119700,308700,428400
70821108086,2019,113500,286500,400000
70821108094,2019,121100,343900,465000
70821108101,2019,134600,275700,410300
70821108119,2019,132900,310600,443500
70821108127,2019,132900,265100,398000
70821108135,2019,147300,262400,409700
70821108143,2019,113000,342500,455500
70821108151,2019,113500,392600,506100
70821108169,2019,113500,303500,417000
70821108177,2019,107500,277400,384900
70821108185,2019,116900,288100,405000
70821108193,2019,107000,283000,390000
70821108200,2019,107000,261600,368600
70821108218,2019,119400,283000,402400
70821108226,2019,118200,281400,399600
70821108234,2019,117500,258500,376000
70821109018,2019,120100,286700,406800
70821109026,2019,110900,274100,385000
70821109034,2019,109700,265500,375200
70821109042,2019,109700,325300,435000
70821109050,2019,109700,295400,405100
70821109068,2019,109700,297500,407200
70821109076,2019,110300,288800,399100
70821109084,2019,110300,294700,405000
70821109092,2019,108100,265500,373600
70821109109,2019,90200,283800,374000
70821109117,2019,111800,312300,424100
70821109125,2019,111800,297700,409500
70821109133,2019,113500,301500,415000
70821109141,2019,121300,305600,426900
70821109159,2019,112200,274900,387100
70821109167,2019,115600,263400,379000
70821109175,2019,97100,373900,471000
70821110015,2019,118800,282200,401000
70821110023,2019,111200,348700,459900
70821110031,2019,112900,366600,479500
70821110049,2019,120000,300900,420900
70821110057,2019,117500,325300,442800
70821110065,2019,96600,346100,442700
70821110073,2019,116000,296000,412000
70821110081,2019,119400,280400,399800
70821110099,2019,112600,302400,415000
70821110106,2019,113700,314500,428200
70821110114,2019,111800,266200,378000
70821110122,2019,115600,356000,471600
70821110130,2019,115000,249800,364800
70821110148,2019,106900,323100,430000
70821110156,2019,111700,291000,402700
70821110164,2019,118700,305200,423900
70821110172,2019,111200,247600,358800
70821110180,2019,113200,352400,465600
70821110198,2019,112100,357700,469800
70821110205,2019,117200,317300,434500
70821110213,2019,111700,247800,359500
70821110221,2019,137200,263800,401000
70821110239,2019,117200,344500,461700
70821110247,2019,138000,361000,499000
70821110255,2019,115300,369700,485000
70821110263,2019,124600,313400,438000
70821110271,2019,113500,269500,383000
70821111013,2019,118800,318700,437500
70821111021,2019,111700,356300,468000
70821111039,2019,111800,309200,421000
70821111047,2019,112600,306400,419000
70821111055,2019,122900,275900,398800
70821111063,2019,111800,296200,408000
70821111071,2019,111800,267200,379000
70821111089,2019,114700,312200,426900
70821111097,2019,117000,289000,406000
70821111104,2019,120500,315500,436000
70821111112,2019,112100,257100,369200
70821111120,2019,112100,274400,386500
70821111138,2019,112100,324400,436500
70821111146,2019,112100,272700,384800
70821111154,2019,111000,351600,462600
70821111162,2019,114700,297600,412300
70821112011,2019,117500,331900,449400
70821112029,2019,112500,316000,428500
70821112037,2019,112500,335500,448000
70821112045,2019,112600,312400,425000
70821112053,2019,112600,354300,466900
70821112061,2019,112600,327900,440500
70821112079,2019,112600,347400,460000
70821112087,2019,116300,304900,421200
70821112095,2019,120300,329700,450000
70821112102,2019,115000,329500,444500
70821112110,2019,115000,342000,457000
70821112128,2019,114600,324400,439000
70821112136,2019,115000,311000,426000
70821112144,2019,115000,305000,420000
70821112152,2019,115000,302000,417000
70821112160,2019,120500,249300,369800
70821113019,2019,130200,81800,212000
70821113027,2019,110400,256300,366700
70821113035,2019,99700,298300,398000
70821202028,2019,108000,437500,545500
70821202036,2019,109000,330500,439500
70821202044,2019,113000,440400,553400
70821202052,2019,117000,388300,505300
70821202060,2019,122000,480300,602300
70821202078,2019,140000,381000,521000
70821202086,2019,118000,448300,566300
70821202094,2019,118000,405000,523000
70821202101,2019,145000,320000,465000
70821202119,2019,135000,560000,695000
70821202127,2019,155000,337000,492000
70821202143,2019,158000,400000,558000
70821202151,2019,162000,418000,580000
70821202169,2019,163000,0,163000
70821202177,2019,158000,366500,524500
70821202185,2019,158000,218000,376000
70821202193,2019,140000,0,140000
70821203018,2019,97000,289200,386200
70821203026,2019,98000,324800,422800
70821203034,2019,98000,369300,467300
70821203042,2019,97000,312900,409900
70821203050,2019,111000,261600,372600
70821203068,2019,104000,355000,459000
70821203076,2019,104000,307600,411600
70821203084,2019,98000,352000,450000
70821203092,2019,108000,328000,436000
70821203109,2019,108000,341100,449100
70821203117,2019,98000,275700,373700
70821203125,2019,102000,294900,396900
70821203133,2019,110000,269700,379700
70821203141,2019,112000,387600,499600
70821204016,2019,116000,396100,512100
70821204024,2019,111000,433000,544000
70821204032,2019,106000,395700,501700
70821204040,2019,98000,377200,475200
70821204058,2019,99000,302400,401400
70821204066,2019,98000,330000,428000
70821204074,2019,99000,348100,447100
70821204082,2019,99000,361500,460500
70821204090,2019,104000,290300,394300
70821204107,2019,122200,342800,465000
70821204115,2019,127000,388000,515000
70821204131,2019,160000,348600,508600
70821204149,2019,160000,327000,487000
70821204157,2019,170000,355000,525000
70821204165,2019,168000,350000,518000
70821204173,2019,160000,378000,538000
70821204181,2019,165000,301300,466300
70821204199,2019,150400,359600,510000
70821204206,2019,152900,345100,498000
70821205014,2019,96000,284000,380000
70821205022,2019,98000,282000,380000
70821205030,2019,98000,282000,380000
70821205048,2019,98000,279000,377000
70821205056,2019,96000,323600,419600
70821205064,2019,96000,291500,387500
70821205072,2019,98000,273600,371600
70821205080,2019,98000,295900,393900
70821205098,2019,96000,319900,415900
70821206012,2019,104000,315000,419000
70821206020,2019,100000,396500,496500
70821206038,2019,100000,368900,468900
70821206046,2019,100000,305000,405000
70821206054,2019,106000,294000,400000
70821206062,2019,110000,430000,540000
70821206070,2019,110000,385000,495000
70821206088,2019,108000,302000,410000
70821206096,2019,135000,340000,475000
70821207010,2019,106000,289500,395500
70821207028,2019,106000,354400,460400
70821207036,2019,136000,350500,486500
70821207044,2019,133000,324200,457200
70821207052,2019,136900,306100,443000
70821207060,2019,126000,424000,550000
70821207078,2019,126000,306400,432400
70821207086,2019,125000,336800,461800
70821207094,2019,125000,287100,412100
70821209016,2019,120000,345900,465900
70821209024,2019,123000,345000,468000
70821209032,2019,120000,450400,570400
70821209040,2019,142000,470000,612000
70821210021,2019,133900,342400,476300
70821210039,2019,134000,275000,409000
70821210055,2019,121000,317300,438300
70821210063,2019,130000,298000,428000
70821210071,2019,128000,327800,455800
70821210097,2019,136000,365100,501100
70821211011,2019,123000,288000,411000
70821211029,2019,118000,427000,545000
70821211037,2019,108000,294000,402000
70821211045,2019,130000,330400,460400
70821212019,2019,137500,412500,550000
70821212027,2019,110000,320000,430000
70821212035,2019,119500,334500,454000
70821212043,2019,110100,340000,450100
70821212069,2019,107000,323000,430000
70821212077,2019,110000,339900,449900
70821212085,2019,137500,340500,478000
70821212168,2019,100,0,100
70821213017,2019,128000,330800,458800
70821213025,2019,126500,313500,440000
70821213041,2019,115500,340500,456000
70821213059,2019,118500,352500,471000
70821213067,2019,120000,417400,537400
70821213083,2019,100,0,100
70821213091,2019,100,0,100
70821213108,2019,100,0,100
70821213132,2019,100,0,100
70821213140,2019,100,0,100
70821213182,2019,100,0,100
70821214015,2019,115000,346100,461100
70821214023,2019,115000,321000,436000
70821214031,2019,119000,370800,489800
70821214049,2019,100,0,100
70821214057,2019,100,0,100
70821214065,2019,100,0,100
70821214073,2019,100,0,100
70821214081,2019,123000,320000,443000
70821214099,2019,138900,341100,480000
70821214122,2019,135000,347300,482300
70821214130,2019,135000,364900,499900
70821214148,2019,135000,380000,515000
70821214156,2019,138000,271000,409000
70821215013,2019,125000,376500,501500
70821215021,2019,135000,292900,427900
70821215047,2019,143000,316900,459900
70821215055,2019,163000,77000,240000
70821215063,2019,155000,412800,567800
70821215071,2019,140000,0,140000
70821215089,2019,136000,32500,168500
70821215097,2019,129000,96000,225000
70821215104,2019,161000,322300,483300
70821215120,2019,100,0,100
70821401068,2019,113300,392300,505600
70821401076,2019,113300,381000,494300
70821401084,2019,113300,399300,512600
70821402024,2019,116400,326000,442400
70821402032,2019,116400,319700,436100
70821402040,2019,116400,379500,495900
70821402058,2019,116400,323600,440000
70821402066,2019,116400,317100,433500
70821402074,2019,116400,332000,448400
70821402107,2019,106300,381000,487300
70821402115,2019,106300,301700,408000
70821402123,2019,106300,319800,426100
70821402131,2019,113300,395500,508800
70821402149,2019,106300,363600,469900
70821402157,2019,106300,340400,446700
70821402173,2019,102100,320800,422900
70821402181,2019,102300,352200,454500
70821402199,2019,111000,359000,470000
70821402206,2019,110900,254700,365600
70821402214,2019,102300,282700,385000
70821402222,2019,102100,319100,421200
70821403014,2019,104400,370100,474500
70821403022,2019,104500,367000,471500
70821403030,2019,104500,342300,446800
70821403048,2019,104500,320000,424500
70821403056,2019,104500,338700,443200
70821403064,2019,104500,346600,451100
70821403098,2019,107300,354600,461900
70821403105,2019,107300,365500,472800
70821403113,2019,114200,310000,424200
70821403121,2019,114200,334200,448400
70821403139,2019,114200,342000,456200
70821403147,2019,113600,291900,405500
70821403155,2019,102100,349800,451900
70821403163,2019,102400,341200,443600
70821403171,2019,111000,375600,486600
70821404012,2019,105800,418200,524000
70821404038,2019,109000,377500,486500
70821404046,2019,104700,423300,528000
70821404054,2019,104700,398800,503500
70821404070,2019,108000,327000,435000
70821404103,2019,108000,412600,520600
70821404111,2019,108000,367100,475100
70821404129,2019,121600,378000,499600
70821404137,2019,114300,456700,571000
70821404145,2019,114300,435000,549300
70821404153,2019,114300,418600,532900
70821404161,2019,114300,339400,453700
70821404179,2019,114200,350400,464600
70821405010,2019,102700,337700,440400
70821405028,2019,91900,336600,428500
70821405036,2019,88300,308900,397200
70821405044,2019,90600,290800,381400
70821405052,2019,89300,354600,443900
70821405060,2019,89000,331500,420500
70821405078,2019,89500,299600,389100
70821405086,2019,91100,244500,335600
70821405094,2019,91900,321200,413100
70821405101,2019,91900,299500,391400
70821405119,2019,105600,273500,379100
70821406125,2019,100300,328000,428300
70821406133,2019,90900,309800,400700
70821406141,2019,90900,320400,411300
70821406159,2019,91700,321200,412900
70821406167,2019,82700,297300,380000
70821406175,2019,92600,337300,429900
70821406183,2019,92200,325700,417900
70821406191,2019,88200,285800,374000
70821406208,2019,77200,290900,368100
70821406216,2019,90400,291900,382300
70821406224,2019,102500,296200,398700
70821407016,2019,115600,288600,404200
70821407024,2019,97600,353300,450900
70821407032,2019,98200,363100,461300
70821407040,2019,92900,337500,430400
70821407058,2019,99200,403000,502200
70821407066,2019,100300,0,100300
70821407090,2019,99200,365700,464900
70821407107,2019,99900,286100,386000
70821408155,2019,110000,360200,470200
70821408163,2019,105800,366100,471900
70821408171,2019,107000,328200,435200
70821408189,2019,107000,378100,485100
70821408197,2019,107000,359800,466800
70821408204,2019,105800,310300,416100
70821408212,2019,108000,284400,392400
70821408220,2019,107000,367000,474000
70821408238,2019,110000,366700,476700
70821408246,2019,105800,328200,434000
70821408254,2019,110000,361700,471700
70821408262,2019,105800,395800,501600
70821408270,2019,105800,395300,501100
70821408288,2019,105800,354100,459900
70821410043,2019,103700,321900,425600
70821410051,2019,101400,387600,489000
70821410069,2019,101400,358500,459900
70821410077,2019,101400,352700,454100
70821410085,2019,101400,380600,482000
70821410093,2019,101400,0,101400
70821410100,2019,101400,344300,445700
70821410134,2019,107000,341000,448000
70821410176,2019,98900,0,98900
70821410184,2019,98900,352100,451000
70821410192,2019,98900,385600,484500
70821410209,2019,98900,385500,484400
70821410217,2019,98900,376100,475000
70821410225,2019,110500,327700,438200
70821410233,2019,101400,329400,430800
70821411033,2019,100300,419100,519400
70821411041,2019,100300,413800,514100
70821411059,2019,104300,410700,515000
70821411067,2019,100300,381700,482000
70821411083,2019,100300,425400,525700
70821411108,2019,101400,343600,445000
70821411116,2019,97500,283600,381100
70821411124,2019,97000,325300,422300
70821411132,2019,79200,395200,474400
70821411140,2019,97500,323500,421000
70821411158,2019,97500,317700,415200
70821411166,2019,103100,289100,392200
70822102037,2019,99700,235000,334700
70822102045,2019,90800,218500,309300
70822102053,2019,89400,267100,356500
70822102061,2019,90800,243600,334400
70822102079,2019,90800,220900,311700
70822102087,2019,90800,220600,311400
70822102095,2019,90800,278700,369500
70822102102,2019,89700,240000,329700
70822102110,2019,100100,219700,319800
70822102128,2019,100100,305800,405900
70822102136,2019,109800,283700,393500
70822102144,2019,109800,319100,428900
70822102152,2019,109800,327600,437400
70822102160,2019,118000,309700,427700
70822102178,2019,146400,328900,475300
70822102186,2019,132300,241000,373300
70822102194,2019,116400,300500,416900
70822102201,2019,111000,234100,345100
70822102219,2019,139300,324100,463400
70822102227,2019,146400,313500,459900
70822102235,2019,122700,335900,458600
70822102243,2019,109800,194200,304000
70822102251,2019,109800,270700,380500
70822102269,2019,109800,209300,319100
70822102277,2019,109800,274100,383900
70822102285,2019,113500,232000,345500
70822102293,2019,111200,241000,352200
70822102300,2019,101900,249900,351800
70822102318,2019,101900,235500,337400
70822102326,2019,109000,302200,411200
70822102334,2019,112500,222600,335100
70822102342,2019,112500,244600,357100
70822102350,2019,112500,187500,300000
70822102368,2019,101900,240700,342600
70822103019,2019,109300,229500,338800
70822103027,2019,109800,258800,368600
70822103035,2019,99700,281900,381600
70822103043,2019,109700,312200,421900
70822103051,2019,109700,281700,391400
70822103069,2019,99700,380400,480100
70822103077,2019,109800,250200,360000
70822103085,2019,109800,272500,382300
70822103093,2019,109800,218100,327900
70822103100,2019,109800,263900,373700
70822103118,2019,109800,318100,427900
70822103126,2019,96800,220100,316900
70822104017,2019,134100,216900,351000
70822104025,2019,129000,304000,433000
70822104033,2019,129000,246600,375600
70822104041,2019,113600,282800,396400
70822104059,2019,129000,278600,407600
70822104067,2019,129400,265600,395000
70822104075,2019,129400,282000,411400
70822105023,2019,108500,296800,405300
70822105031,2019,98300,291800,390100
70822105049,2019,98300,285600,383900
70822105057,2019,112000,306700,418700
70822105065,2019,112000,282400,394400
70822105073,2019,116400,252100,368500
70822105081,2019,116400,256700,373100
70822105099,2019,116400,323900,440300
70822105106,2019,111200,300200,411400
70822105114,2019,116300,274200,390500
70822105122,2019,111200,313200,424400
70822105130,2019,115900,274100,390000
70822105148,2019,100100,252500,352600
70822105156,2019,111000,253200,364200
70822105164,2019,111000,316700,427700
70822105172,2019,58000,176000,234000
70822105180,2019,51500,204700,256200
70822105198,2019,47400,182900,230300
70822105205,2019,58700,167300,226000
70822105213,2019,48200,143400,191600
70822105221,2019,58700,153200,211900
70822105239,2019,48200,176800,225000
70822105247,2019,60800,156700,217500
70822105255,2019,48200,188900,237100
70822105263,2019,55200,184800,240000
70822106013,2019,51700,157200,208900
70822106039,2019,54200,185800,240000
70822106047,2019,49900,176100,226000
70822106055,2019,49000,192000,241000
70822106071,2019,52600,207400,260000
70822106089,2019,49900,171700,221600
70822106097,2019,52100,180400,232500
70822106104,2019,52100,182100,234200
70822106112,2019,52100,162700,214800
70822106120,2019,49900,210100,260000
70822106138,2019,52100,165300,217400
70822106146,2019,54200,178300,232500
70822106154,2019,52100,160000,212100
70822106162,2019,48700,179400,228100
70822106170,2019,52100,156500,208600
70822106188,2019,52100,173900,226000
70822106196,2019,52800,184500,237300
70822106211,2019,48700,180400,229100
70822106229,2019,52100,157800,209900
70822106237,2019,48700,169700,218400
70822107011,2019,51000,191100,242100
70822107029,2019,47800,147200,195000
70822107037,2019,52600,190100,242700
70822107045,2019,56700,147900,204600
70822107053,2019,59600,164300,223900
70822107061,2019,58000,150900,208900
70822107079,2019,53700,179400,233100
70822107087,2019,52900,162400,215300
70822107095,2019,47800,176800,224600
70822107102,2019,51400,157500,208900
70822107128,2019,47800,182800,230600
70822107136,2019,51400,182100,233500
70822107144,2019,47800,170700,218500
70822107152,2019,51400,154900,206300
70822107160,2019,47800,176800,224600
70822107178,2019,51400,168200,219600
70822107186,2019,47800,186400,234200
70822107194,2019,50300,174700,225000
70822108019,2019,48700,178400,227100
70822108027,2019,51500,171300,222800
70822108035,2019,49000,174500,223500
70822108043,2019,51500,168100,219600
70822108051,2019,49000,181600,230600
70822108069,2019,51500,166900,218400
70822108077,2019,49000,170600,219600
70822108085,2019,50300,165700,216000
70822109025,2019,47400,173600,221000
70822109033,2019,51100,166300,217400
70822109041,2019,51500,170100,221600
70822109059,2019,50300,167600,217900
70822109067,2019,51400,147400,198800
70822109075,2019,58500,158700,217200
70822109083,2019,55500,162700,218200
70822109091,2019,48700,176600,225300
70822109108,2019,48700,153200,201900
70822109116,2019,51000,160000,211000
70822109124,2019,57800,154200,212000
70822110014,2019,60500,158200,218700
70822110030,2019,53500,155400,208900
70822110048,2019,49900,184700,234600
70822110056,2019,48700,161200,209900
70822110064,2019,33700,179900,213600
70822110072,2019,51000,173100,224100
70822110080,2019,47800,179800,227600
70822110098,2019,47800,167500,215300
70822110105,2019,53900,196100,250000
70822110113,2019,55500,166500,222000
70822110121,2019,47800,185300,233100
70822110139,2019,48200,184600,232800
70822110147,2019,58600,166000,224600
70822111012,2019,94500,193100,287600
70822111020,2019,92500,244800,337300
70822111038,2019,86000,214900,300900
70822111046,2019,77600,227800,305400
70822111054,2019,74900,220500,295400
70822111062,2019,74900,240600,315500
70822111070,2019,74900,198000,272900
70822111088,2019,74900,206900,281800
70822111096,2019,74900,244100,319000
70822111103,2019,74900,257600,332500
70822111111,2019,74900,285100,360000
70822111129,2019,74400,252000,326400
70822111137,2019,84300,227400,311700
70822201011,2019,77000,214000,291000
70822201037,2019,528000,57000,585000
70822202019,2019,75000,216600,291600
70822203017,2019,0,0,0
70822203025,2019,0,0,0
70822203033,2019,0,0,0
70822204015,2019,0,0,0
70822205013,2019,0,0,0
70822205021,2019,0,0,0
70822205039,2019,0,0,0
70822205047,2019,0,0,0
70822205055,2019,0,0,0
70822205063,2019,0,0,0
70822205071,2019,0,0,0
70822205089,2019,0,0,0
70822205097,2019,0,0,0
70822205104,2019,0,0,0
70822205112,2019,0,0,0
70822206011,2019,0,0,0
70822206029,2019,0,0,0
70822206037,2019,0,0,0
70822206045,2019,0,0,0
70822206053,2019,0,0,0
70822206061,2019,0,0,0
70822206079,2019,0,0,0
70822207019,2019,0,0,0
70822208017,2019,0,0,0
70822208025,2019,0,0,0
70822208067,2019,0,0,0
70822209031,2019,103600,0,103600
70822210012,2019,0,0,0
70822210020,2019,0,0,0
70822210038,2019,0,0,0
70822210046,2019,0,0,0
70822210054,2019,0,0,0
70822210062,2019,0,0,0
70822210070,2019,0,0,0
70822210088,2019,0,0,0
70822211010,2019,0,0,0
70823101012,2019,81500,183700,265200
70823101020,2019,81400,152100,233500
70823101038,2019,81300,155800,237100
70823101046,2019,81400,153000,234400
70823101054,2019,81500,151500,233000
70823101062,2019,89400,232400,321800
70823102010,2019,86000,163200,249200
70823102028,2019,89400,230600,320000
70823102036,2019,89400,171800,261200
70823102044,2019,89400,297800,387200
70823102052,2019,89400,244900,334300
70823102060,2019,76700,292500,369200
70823102078,2019,76700,312300,389000
70823102086,2019,76700,343300,420000
70823102094,2019,76700,308300,385000
70823102101,2019,76700,326400,403100
70823102119,2019,76700,233700,310400
70823102127,2019,76700,227200,303900
70823102135,2019,76700,321600,398300
70823102143,2019,80200,324800,405000
70823102151,2019,81300,334300,415600
70823102169,2019,80200,362000,442200
70823102177,2019,80200,376100,456300
70823102185,2019,80200,355600,435800
70823102193,2019,76700,311000,387700
70823102200,2019,100700,314900,415600
70823102218,2019,85500,234800,320300
70823102226,2019,80200,317600,397800
70823102234,2019,76700,338700,415400
70823102242,2019,76700,341400,418100
70823102250,2019,77200,327200,404400
70823102268,2019,74800,366800,441600
70823102276,2019,73600,256200,329800
70823103018,2019,72500,125300,197800
70823103026,2019,79900,210700,290600
70823103034,2019,79900,157800,237700
70823103042,2019,93800,164400,258200
70823103050,2019,85600,221400,307000
70823103068,2019,86000,260500,346500
70823103076,2019,88800,236500,325300
70823103084,2019,89400,257600,347000
70823103092,2019,89400,245800,335200
70823103109,2019,89400,231000,320400
70823103117,2019,89400,237900,327300
70823103125,2019,89400,224300,313700
70823103133,2019,89400,129500,218900
70823103141,2019,89400,214000,303400
70823103159,2019,89400,251700,341100
70823103167,2019,89400,244300,333700
70823103175,2019,85400,245100,330500
70823104024,2019,76400,165500,241900
70823104032,2019,75500,153100,228600
70823104040,2019,78500,173500,252000
70823104058,2019,81400,242200,323600
70823104066,2019,89400,190200,279600
70823104074,2019,89400,184800,274200
70823104082,2019,89400,255300,344700
70823104090,2019,89400,200800,290200
70823104107,2019,90600,288400,379000
70823104115,2019,87200,204200,291400
70823104123,2019,89400,283900,373300
70823104131,2019,89000,243600,332600
70823104149,2019,89000,251000,340000
70823104157,2019,89400,227000,316400
70823104165,2019,89400,215800,305200
70823104173,2019,97400,277100,374500
70823104181,2019,94500,286900,381400
70823105014,2019,89400,217800,307200
70823105022,2019,85400,255100,340500
70823105030,2019,89400,229500,318900
70823105048,2019,89400,268700,358100
70823105056,2019,89400,238700,328100
70823105064,2019,89400,231200,320600
70823105072,2019,89000,180800,269800
70823105080,2019,89400,252600,342000
70823105098,2019,89000,193000,282000
70823105105,2019,89400,273800,363200
70823105113,2019,89400,209500,298900
70823105121,2019,89400,241200,330600
70823105139,2019,89400,207600,297000
70823106012,2019,89400,308500,397900
70823106020,2019,89400,207900,297300
70823106038,2019,89400,192100,281500
70823106046,2019,89400,204500,293900
70823106054,2019,89000,233600,322600
70823106062,2019,89400,244200,333600
70823106070,2019,89400,257200,346600
70823106088,2019,85400,239600,325000
70823106096,2019,89000,227700,316700
70823106103,2019,89400,241500,330900
70823106111,2019,89000,238500,327500
70823106129,2019,89000,249100,338100
70823106137,2019,89000,323500,412500
70823106145,2019,89400,322300,411700
70823106153,2019,89400,299600,389000
70823106161,2019,89400,362300,451700
70823107010,2019,76700,178900,255600
70823107028,2019,76700,156300,233000
70823107036,2019,76700,150300,227000
70823107044,2019,75500,126100,201600
70823107052,2019,76700,142900,219600
70823107078,2019,75500,141200,216700
70823107086,2019,75500,143600,219100
70823107094,2019,75500,226800,302300
70823107185,2019,89400,214600,304000
70823107193,2019,89400,238600,328000
70823107200,2019,89400,184400,273800
70823107218,2019,89000,211800,300800
70823107226,2019,89000,205100,294100
70823107234,2019,89400,235200,324600
70823107242,2019,90800,210000,300800
70823107250,2019,89400,213400,302800
70823107268,2019,89400,321400,410800
70823107276,2019,89400,360600,450000
70823107284,2019,89400,293000,382400
70823107292,2019,89000,309300,398300
70823107309,2019,89400,292500,381900
70823107317,2019,89400,181100,270500
70823107325,2019,89000,174600,263600
70823108018,2019,60400,250500,310900
70823108026,2019,84900,189100,274000
70823108034,2019,74800,137600,212400
70823108042,2019,79000,212800,291800
70823108050,2019,89400,160100,249500
70823108068,2019,89400,272400,361800
70823108076,2019,98500,199500,298000
70823108084,2019,107200,240600,347800
70823108092,2019,107100,311900,419000
70823108109,2019,98500,259700,358200
70823108117,2019,89400,270800,360200
70823108125,2019,89800,196200,286000
70823108133,2019,89900,159100,249000
70823108141,2019,86600,222300,308900
70823108159,2019,89400,193500,282900
70823108167,2019,89400,200900,290300
70823108175,2019,89400,211800,301200
70823108183,2019,89400,279400,368800
70823108191,2019,89000,280200,369200
70823108208,2019,98500,270800,369300
70823108216,2019,98500,242400,340900
70823108224,2019,98500,318200,416700
70823108232,2019,89400,388000,477400
70823108240,2019,89400,276800,366200
70823108258,2019,89400,229400,318800
70823108266,2019,89400,243400,332800
70823108274,2019,89000,303500,392500
70823108282,2019,89400,219200,308600
70823108290,2019,89400,315600,405000
70823108307,2019,89000,246200,335200
70823110013,2019,67900,192300,260200
70823110021,2019,89400,189800,279200
70823110039,2019,89000,300000,389000
70823110047,2019,89000,234400,323400
70823110055,2019,89400,293700,383100
70823110063,2019,89400,209300,298700
70823110071,2019,89400,215200,304600
70823110089,2019,89400,171600,261000
70823110097,2019,89400,210000,299400
70823110104,2019,89900,157100,247000
70823110112,2019,89900,188100,278000
70823110120,2019,89400,201200,290600
70823110138,2019,89400,295600,385000
70823110146,2019,89400,204700,294100
70823110154,2019,89400,338400,427800
70823110162,2019,89000,303100,392100
70823110170,2019,98500,252900,351400
70823110188,2019,104100,349000,453100
70823110196,2019,107200,276100,383300
70823110203,2019,107200,377900,485100
70823110211,2019,98500,203200,301700
70823110229,2019,89400,334700,424100
70823110237,2019,89400,246500,335900
70823110245,2019,98500,302700,401200
70823110253,2019,95200,211000,306200
70823110261,2019,89400,276500,365900
70823110279,2019,89400,218000,307400
70823110287,2019,89900,150700,240600
70823110295,2019,89800,299400,389200
70823110302,2019,89400,169400,258800
70823110310,2019,89400,220100,309500
70823110328,2019,79600,228300,307900
70823110336,2019,89900,259300,349200
70823110344,2019,89000,249700,338700
70823110352,2019,89400,304800,394200
70823110360,2019,89400,330200,419600
70823110378,2019,89400,192000,281400
70823110386,2019,89400,257800,347200
70823110394,2019,89400,286900,376300
70823110401,2019,90200,331200,421400
70823110419,2019,87600,278800,366400
70823110427,2019,89400,304200,393600
70823110435,2019,89900,228200,318100
70823110443,2019,89400,169000,258400
70823110451,2019,89000,214900,303900
70823110469,2019,89900,183300,273200
70823110477,2019,89400,191200,280600
70823111011,2019,81300,220400,301700
70823111029,2019,89400,176900,266300
70823111037,2019,89400,200600,290000
70823111045,2019,91100,276100,367200
70823111053,2019,91100,281200,372300
70823111061,2019,91100,227900,319000
70823111079,2019,89000,209900,298900
70823111087,2019,89400,277000,366400
70823111136,2019,133800,277000,410800
70823112019,2019,89400,199000,288400
70823112027,2019,89400,211200,300600
70823112035,2019,89400,225500,314900
70823112043,2019,89400,196900,286300
70823112051,2019,89400,220700,310100
70823112069,2019,89400,195700,285100
70823112077,2019,89400,252400,341800
70823112085,2019,89400,217300,306700
70823112093,2019,89400,224400,313800
70823112100,2019,89400,263200,352600
70823112118,2019,89400,197100,286500
70823112126,2019,89000,270000,359000
70823112134,2019,89000,278800,367800
70823112142,2019,85500,300100,385600
70823112150,2019,80200,247100,327300
70823112168,2019,80200,266100,346300
70823112176,2019,80200,304800,385000
70823112184,2019,80200,313600,393800
70823112192,2019,80200,238000,318200
70823112209,2019,75500,185700,261200
70823112217,2019,80200,240300,320500
70823112225,2019,80200,210500,290700
70823112233,2019,80200,239400,319600
70823113017,2019,86600,278400,365000
70823113025,2019,89400,299500,388900
70823113033,2019,89400,231600,321000
70823113041,2019,89400,229500,318900
70823113059,2019,89400,205100,294500
70823113067,2019,89400,315000,404400
70823113075,2019,89400,240100,329500
70823113083,2019,89400,289700,379100
70823113091,2019,89400,294900,384300
70823113116,2019,89400,271600,361000
70823113124,2019,89000,239800,328800
70823113132,2019,89400,308500,397900
70823113140,2019,89400,234000,323400
70823113158,2019,89400,255900,345300
70823113166,2019,89400,225900,315300
70823113174,2019,89400,187000,276400
70823113182,2019,89400,183100,272500
70823113190,2019,89400,215700,305100
70823113207,2019,89400,222500,311900
70823113215,2019,89400,270000,359400
70823113223,2019,89400,240600,330000
70823113231,2019,89400,224400,313800
70823113249,2019,89400,271700,361100
70823113257,2019,92800,264100,356900
70823113265,2019,89400,236800,326200
70823113273,2019,89000,281000,370000
70823113281,2019,89000,283100,372100
70823113299,2019,89400,266100,355500
70823114015,2019,89400,215400,304800
70823114023,2019,89400,245100,334500
70823114031,2019,89400,175300,264700
70823114049,2019,89400,254500,343900
70823114065,2019,89400,357800,447200
70823114073,2019,89000,337200,426200
70823114081,2019,89000,282700,371700
70823114099,2019,89400,240400,329800
70823114106,2019,89400,263400,352800
70823115047,2019,89400,172400,261800
70823115055,2019,89400,242600,332000
70823115063,2019,89400,248000,337400
70823115071,2019,85400,266000,351400
70823116011,2019,89400,244800,334200
70823116029,2019,89000,311000,400000
70823116037,2019,89400,310000,399400
70823116045,2019,89400,308100,397500
70823116053,2019,89400,267000,356400
70823117019,2019,85400,243700,329100
70823117027,2019,85400,229100,314500
70823117035,2019,85400,264100,349500
70823117043,2019,75500,316600,392100
70823117051,2019,75500,242700,318200
70823117069,2019,75500,215600,291100
70823117077,2019,80200,163600,243800
70823117085,2019,76700,231300,308000
70823117093,2019,76700,138500,215200
70823117100,2019,76700,267300,344000
70823117118,2019,80200,277200,357400
70823117126,2019,80200,226100,306300
70823117134,2019,85400,217800,303200
70823202026,2019,137300,202100,339400
70823202034,2019,132500,382300,514800
70823202042,2019,134500,341500,476000
70823202050,2019,134500,340900,475400
70823202068,2019,123400,318100,441500
70823202076,2019,123500,359900,483400
70823202084,2019,134500,399300,533800
70823202092,2019,134500,397500,532000
70823202109,2019,134500,340500,475000
70823202117,2019,123500,327200,450700
70823202125,2019,123500,251500,375000
70823202133,2019,141000,310400,451400
70823202141,2019,144000,313400,457400
70823202159,2019,137300,311700,449000
70823202167,2019,127100,258100,385200
70823202175,2019,127100,233100,360200
70823202183,2019,127100,328200,455300
70823202191,2019,127100,392900,520000
70823202208,2019,122500,372700,495200
70823203016,2019,108300,296700,405000
70823203024,2019,108300,275400,383700
70823203032,2019,120200,299000,419200
70823203040,2019,109700,253900,363600
70823203058,2019,120200,377900,498100
70823203066,2019,123500,295000,418500
70823203074,2019,123500,472500,596000
70823203082,2019,108300,289000,397300
70823203090,2019,120600,314200,434800
70823203107,2019,115300,338200,453500
70823203115,2019,113600,261100,374700
70823203123,2019,113600,290300,403900
70823203131,2019,113600,296600,410200
70823203149,2019,119100,303300,422400
70823203157,2019,119100,307500,426600
70823203165,2019,119100,290500,409600
70823203173,2019,137300,285500,422800
70823204014,2019,113600,238300,351900
70823204022,2019,113600,279000,392600
70823204030,2019,111000,263500,374500
70823204048,2019,107100,248800,355900
70823204056,2019,120300,250100,370400
70823204064,2019,120300,262100,382400
70823204072,2019,120300,260000,380300
70823204080,2019,113400,209500,322900
70823204098,2019,113600,299400,413000
70823204105,2019,113600,225000,338600
70823204113,2019,113400,330200,443600
70823204121,2019,123500,345700,469200
70823204139,2019,123500,289700,413200
70823204147,2019,123500,384200,507700
70823204155,2019,123500,329100,452600
70823204163,2019,119100,315500,434600
70823204171,2019,123500,267000,390500
70823204189,2019,113400,297800,411200
70823204197,2019,122500,398700,521200
70823208016,2019,86900,202900,289800
70823208024,2019,84200,193800,278000
70823208032,2019,84200,181100,265300
70823208040,2019,84200,248300,332500
70823208058,2019,79800,189900,269700
70823208066,2019,84700,285100,369800
70823208074,2019,86300,252700,339000
70823208082,2019,123500,334400,457900
70823208090,2019,123500,343900,467400
70823208107,2019,123500,321500,445000
70823208115,2019,134500,280200,414700
70823208123,2019,134500,308900,443400
70823208131,2019,134500,474500,609000
70823208149,2019,140800,301600,442400
70823208157,2019,109700,303100,412800
70823208165,2019,113400,215800,329200
70823208173,2019,113400,361600,475000
70823208181,2019,137300,263400,400700
70823208199,2019,137300,402300,539600
70823208206,2019,137300,282600,419900
70823208214,2019,137300,256300,393600
70823208222,2019,137300,365300,502600
70823208230,2019,137300,388000,525300
70823208248,2019,137300,377100,514400
70823208256,2019,148300,347800,496100
70823208264,2019,148300,343400,491700
70823208272,2019,147400,441100,588500
70823208280,2019,158200,355400,513600
70823208298,2019,148300,406800,555100
70823208305,2019,146400,298400,444800
70823208313,2019,134200,348400,482600
70823208321,2019,132000,409800,541800
70823208339,2019,132000,387500,519500
70823209014,2019,125400,343300,468700
70823209022,2019,132000,300000,432000
70823209030,2019,134200,289500,423700
70823209048,2019,147200,336400,483600
70823209056,2019,155100,373400,528500
70823209064,2019,155100,367600,522700
70823209072,2019,147200,308900,456100
70823209080,2019,132000,359700,491700
70823209098,2019,132000,276800,408800
70823209105,2019,124200,245300,369500
70823209113,2019,124200,248200,372400
70823209121,2019,132000,368300,500300
70823209139,2019,132000,278700,410700
70823209147,2019,137300,227500,364800
70823209155,2019,143600,321400,465000
70823209163,2019,155100,380500,535600
70823209171,2019,169100,286700,455800
70823209189,2019,134500,406700,541200
70823209197,2019,137300,330600,467900
70823209204,2019,137300,274500,411800
70823209212,2019,137300,327200,464500
70823209220,2019,137300,328100,465400
70823209238,2019,125000,241400,366400
70823209246,2019,121600,268400,390000
70823209254,2019,121600,265900,387500
70823209262,2019,121600,262500,384100
70823209270,2019,120200,211800,332000
70823210011,2019,80100,246900,327000
70823210029,2019,84200,208900,293100
70823210037,2019,79800,204200,284000
70823210045,2019,77100,166100,243200
70823210053,2019,76800,205500,282300
70823210061,2019,76800,224600,301400
70823210079,2019,76800,199800,276600
70823210087,2019,76800,200900,277700
70823210095,2019,76800,192900,269700
70823210102,2019,87700,219700,307400
70823210110,2019,114200,236600,350800
70823210128,2019,113400,293200,406600
70823210136,2019,136900,257000,393900
70823210144,2019,122500,340800,463300
70823210152,2019,136900,438000,574900
70823210160,2019,117800,193700,311500
70823210178,2019,85500,241700,327200
70823210186,2019,76900,191000,267900
70823210194,2019,76900,220100,297000
70823210201,2019,76900,209000,285900
70823210219,2019,76900,299700,376600
70823210227,2019,76900,162300,239200
70823210235,2019,76900,303900,380800
70823210243,2019,76800,258500,335300
70823210251,2019,76800,215900,292700
70823210269,2019,73600,243800,317400
70823210277,2019,113400,198500,311900
70823210285,2019,113400,256400,369800
70823210293,2019,122200,336000,458200
70823210300,2019,113400,242100,355500
70823210318,2019,113400,174500,287900
70823210326,2019,113400,230600,344000
70823210334,2019,113400,334200,447600
70823210342,2019,113400,340100,453500
70823210350,2019,120200,221000,341200
70823210368,2019,120200,322800,443000
70823210376,2019,120200,236600,356800
70823210384,2019,131500,304200,435700
70823210392,2019,134500,213200,347700
70823210409,2019,131500,226800,358300
70823210417,2019,134500,269600,404100
70823210425,2019,134500,300200,434700
70823210433,2019,120200,293200,413400
70823210441,2019,120200,232500,352700
70823210459,2019,109800,307300,417100
70823210467,2019,113400,292900,406300
70823210475,2019,113400,311600,425000
70823210483,2019,113400,345600,459000
70823210491,2019,109800,275000,384800
70823210508,2019,140200,215900,356100
70823210516,2019,140200,216600,356800
70823210524,2019,134500,204300,338800
70823210532,2019,120200,226600,346800
70823210540,2019,109800,268400,378200
70823210558,2019,100100,267400,367500
70823210566,2019,106700,255700,362400
70823210574,2019,106700,272900,379600
70823211019,2019,81300,202600,283900
70823211027,2019,90200,211100,301300
70823211035,2019,93800,235500,329300
70823211043,2019,93800,332200,426000
70823211051,2019,98500,232300,330800
70823211069,2019,94500,200300,294800
70823211077,2019,93800,212200,306000
70823211085,2019,84200,170400,254600
70823211093,2019,79600,214100,293700
70823211100,2019,83900,180900,264800
70823211118,2019,76800,203700,280500
70823211126,2019,76800,228700,305500
70823211134,2019,76800,172100,248900
70823211142,2019,76800,222200,299000
70823211150,2019,78300,171700,250000
70823211168,2019,78300,246200,324500
70823211176,2019,78300,175700,254000
70823211184,2019,78300,216000,294300
70823211192,2019,67700,268500,336200
70823211209,2019,84900,233000,317900
70823211217,2019,76900,191000,267900
70823211225,2019,81400,183800,265200
70823211233,2019,88700,223100,311800
70823211241,2019,92100,248200,340300
70823211259,2019,86100,214700,300800
70823211267,2019,82200,271900,354100
70823211275,2019,87200,268600,355800
70823211283,2019,103000,251200,354200
70823211291,2019,97000,195800,292800
70823211308,2019,103000,249600,352600
70823211316,2019,86100,270400,356500
70823211324,2019,73300,223500,296800
70823211332,2019,76800,201400,278200
70823211340,2019,72800,217200,290000
70823211358,2019,70700,251000,321700
70823211366,2019,76900,201400,278300
70823211374,2019,67700,214800,282500
70823211382,2019,76800,202300,279100
70823211390,2019,79900,204400,284300
70823212017,2019,73600,203300,276900
70823212025,2019,90800,263900,354700
70823212033,2019,90800,199400,290200
70823212041,2019,90800,218700,309500
70823212059,2019,90800,228900,319700
70823212067,2019,90800,181700,272500
70823212075,2019,87600,155800,243400
70823212083,2019,87600,242400,330000
70823212091,2019,87600,171300,258900
70823212108,2019,87600,243400,331000
70823212116,2019,87600,191400,279000
70823212124,2019,77100,189700,266800
70823212132,2019,82700,198400,281100
70823212140,2019,87600,175200,262800
70823212158,2019,79600,170800,250400
70823212166,2019,71100,151800,222900
70823212174,2019,71100,160500,231600
70823212182,2019,68100,198800,266900
70823212190,2019,68100,151100,219200
70823212207,2019,68100,187700,255800
70823212215,2019,68100,204200,272300
70823212223,2019,76900,176700,253600
70823212231,2019,68100,197900,266000
70823303022,2019,80800,184600,265400
70823303030,2019,80800,147300,228100
70823303048,2019,80800,186100,266900
70823303056,2019,82500,177500,260000
70823303064,2019,100500,369500,470000
70823303072,2019,104300,244000,348300
70823303080,2019,98200,252300,350500
70823303098,2019,87200,256300,343500
70823303105,2019,86300,217000,303300
70823303113,2019,83500,185100,268600
70823303121,2019,83500,274500,358000
70823303139,2019,83500,189600,273100
70823303147,2019,83500,239000,322500
70823303155,2019,83500,195100,278600
70823303163,2019,83500,142400,225900
70823303171,2019,83500,241800,325300
70823303189,2019,83500,232300,315800
70823303197,2019,83500,217600,301100
70823303204,2019,83500,208500,292000
70823303212,2019,83500,255500,339000
70823303220,2019,83500,162600,246100
70823304020,2019,74000,156900,230900
70823304038,2019,74000,178800,252800
70823304046,2019,74000,152900,226900
70823304054,2019,74000,174300,248300
70823304062,2019,79900,243600,323500
70823304070,2019,87300,207600,294900
70823304088,2019,91800,184300,276100
70823304096,2019,85000,243100,328100
70823304103,2019,78600,154300,232900
70823304111,2019,74000,152500,226500
70823304129,2019,74000,188900,262900
70823304137,2019,76300,252400,328700
70823304145,2019,78100,155600,233700
70823304153,2019,78100,162300,240400
70823304161,2019,78100,168100,246200
70823304179,2019,76300,161900,238200
70823304187,2019,76100,132200,208300
70823304195,2019,74000,149600,223600
70823304202,2019,71700,150800,222500
70823304210,2019,70100,136200,206300
70823304228,2019,78100,174800,252900
70823304236,2019,85000,170100,255100
70823304244,2019,89800,147300,237100
70823304252,2019,87400,126500,213900
70823304260,2019,85000,226600,311600
70823304278,2019,78100,199500,277600
70823304286,2019,78100,219700,297800
70823304294,2019,78100,196000,274100
70823304301,2019,78100,247200,325300
70823304319,2019,78100,188200,266300
70823304327,2019,78100,224200,302300
70823304335,2019,78100,216300,294400
70823304343,2019,78100,188200,266300
70823304351,2019,78100,201500,279600
70823304369,2019,78100,224300,302400
70823304377,2019,78100,161900,240000
70823304385,2019,78100,225200,303300
70823304393,2019,78100,182600,260700
70823304400,2019,78100,135200,213300
70823304418,2019,74000,197000,271000
70823305010,2019,74000,135000,209000
70823305028,2019,78100,219700,297800
70823305036,2019,78100,215200,293300
70823305044,2019,78100,189300,267400
70823305052,2019,78100,241000,319100
70823305060,2019,78100,189300,267400
70823305078,2019,78100,134300,212400
70823305086,2019,78100,224400,302500
70823305094,2019,78100,254700,332800
70823305101,2019,78100,204000,282100
70823305119,2019,78100,228700,306800
70823305127,2019,78100,238100,316200
70823305135,2019,78100,196900,275000
70823305143,2019,74000,193400,267400
70823305151,2019,78100,217400,295500
70823305169,2019,82300,157600,239900
70823305177,2019,82300,173700,256000
70823305185,2019,82300,180400,262700
70823305193,2019,82300,221600,303900
70823305200,2019,82300,181900,264200
70823305218,2019,86800,184000,270800
70823305242,2019,86800,208700,295500
70823305250,2019,82300,220000,302300
70823305268,2019,82300,212100,294400
70823305276,2019,82300,169400,251700
70823305284,2019,82300,166700,249000
70823305292,2019,76400,184300,260700
70823305309,2019,78100,152800,230900
70823306018,2019,78100,193800,271900
70823306026,2019,80100,186800,266900
70823306034,2019,82300,187700,270000
70823306042,2019,82300,212100,294400
70823306050,2019,82300,200800,283100
70823306068,2019,82300,193000,275300
70823306076,2019,90200,177200,267400
70823306092,2019,93000,151900,244900
70823306109,2019,82300,211000,293300
70823306117,2019,81100,222900,304000
70823306125,2019,82300,224500,306800
70823306133,2019,82300,199800,282100
70823306141,2019,80100,189500,269600
70823306159,2019,78100,192700,270800
70823306175,2019,78100,157200,235300
70823306183,2019,80100,178500,258600
70823306191,2019,82300,124700,207000
70823306208,2019,82300,159300,241600
70823306216,2019,82300,192700,275000
70823306224,2019,82300,153600,235900
70823306232,2019,90200,182900,273100
70823306258,2019,90200,224400,314600
70823306266,2019,82300,226700,309000
70823306274,2019,82300,200800,283100
70823306282,2019,82300,216600,298900
70823306290,2019,82300,187900,270200
70823306307,2019,80100,200800,280900
70823306315,2019,78100,179200,257300
70823307016,2019,78100,237900,316000
70823307024,2019,80100,168200,248300
70823307032,2019,82300,236800,319100
70823307040,2019,82300,198600,280900
70823307058,2019,82300,167100,249400
70823307066,2019,82300,187300,269600
70823307074,2019,86800,109900,196700
70823307107,2019,86800,186300,273100
70823307115,2019,82300,188500,270800
70823307123,2019,82300,238000,320300
70823307131,2019,82300,186300,268600
70823307149,2019,80000,163300,243300
70823307157,2019,80100,194000,274100
70823307165,2019,78100,166800,244900
70823307173,2019,79500,198400,277900
70823307181,2019,78100,194900,273000
70823307199,2019,78100,213500,291600
70823307206,2019,78100,179200,257300
70823307214,2019,74000,195600,269600
70823307222,2019,76300,202200,278500
70823307230,2019,76300,181700,258000
70823307248,2019,76300,178800,255100
70823307256,2019,76300,160300,236600
70823307264,2019,76300,237200,313500
70823307272,2019,78100,156800,234900
70823307280,2019,78100,174700,252800
70823307298,2019,78100,199500,277600
70823307305,2019,78100,181500,259600
70823314029,2019,148600,286900,435500
70823314037,2019,132700,347800,480500
70823314045,2019,148900,290500,439400
70823314053,2019,153000,367400,520400
70823314061,2019,156900,307100,464000
70823314079,2019,156900,273600,430500
70823314087,2019,156900,317900,474800
70823314095,2019,156900,362900,519800
70823314102,2019,193400,404100,597500
70823314110,2019,204500,594500,799000
70823314136,2019,190500,353300,543800
70823314144,2019,197500,285600,483100
70823314152,2019,199700,423000,622700
70823314160,2019,191100,324900,516000
70823314178,2019,197500,282700,480200
70823314186,2019,183400,372800,556200
70823314194,2019,183400,337500,520900
70823314201,2019,260000,650400,910400
70823314227,2019,260000,506600,766600
70823314235,2019,224400,374500,598900
70823314243,2019,170700,461700,632400
70823314251,2019,167100,469400,636500
70823314277,2019,162800,308100,470900
70823314285,2019,153700,346300,500000
70823314293,2019,153100,350600,503700
70823315019,2019,155700,345200,500900
70823315027,2019,166600,340700,507300
70823315035,2019,155100,455400,610500
70823315051,2019,168900,342600,511500
70823315069,2019,162200,347300,509500
70823315077,2019,161300,333100,494400
70823315085,2019,161300,422700,584000
70823315093,2019,154100,376100,530200
70823315100,2019,163300,288900,452200
70823315118,2019,155100,285500,440600
70823315126,2019,156900,318900,475800
70823315134,2019,158200,172300,330500
70823315142,2019,188900,373200,562100
70823315150,2019,181300,413000,594300
70823315168,2019,172000,516300,688300
70823315176,2019,174800,381000,555800
70823401016,2019,53000,295700,348700
70823401024,2019,33300,216600,249900
70823401032,2019,33300,189500,222800
70823401040,2019,33300,229700,263000
70823401058,2019,33300,183300,216600
70823401066,2019,43300,177500,220800
70823401074,2019,52000,301500,353500
70823401082,2019,33300,248000,281300
70823401090,2019,33300,198100,231400
70823401107,2019,33300,219500,252800
70823401115,2019,33300,234100,267400
70823401123,2019,48300,260600,308900
70823402014,2019,48300,233700,282000
70823402022,2019,33300,206200,239500
70823402030,2019,33300,175400,208700
70823402048,2019,33300,177900,211200
70823402056,2019,33300,172100,205400
70823402064,2019,40600,178500,219100
70823402072,2019,45600,269400,315000
70823402080,2019,33300,187300,220600
70823402098,2019,33300,217500,250800
70823402105,2019,33300,170700,204000
70823402113,2019,44500,155900,200400
70823402121,2019,38200,186400,224600
70823402139,2019,33300,175300,208600
70823402147,2019,33300,172100,205400
70823402155,2019,33300,152600,185900
70823402163,2019,33300,161000,194300
70823402171,2019,48300,220900,269200
70823402189,2019,38200,169400,207600
70823402197,2019,33300,158400,191700
70823402204,2019,33300,164200,197500
70823402212,2019,44500,156400,200900
70823402220,2019,44500,164200,208700
70823402238,2019,33300,152900,186200
70823402246,2019,33300,190500,223800
70823402254,2019,33300,164200,197500
70823402262,2019,33300,170700,204000
70823402270,2019,33300,241600,274900
70823402288,2019,33300,186200,219500
70823402296,2019,33300,228700,262000
70823402303,2019,33300,168700,202000
70823402311,2019,45600,243400,289000
70823403012,2019,48300,192700,241000
70823403020,2019,48300,152700,201000
70823403038,2019,50600,128700,179300
70823403046,2019,33300,183100,216400
70823403054,2019,56500,209000,265500
70823403062,2019,50600,189400,240000
70823403070,2019,35900,167800,203700
70823403088,2019,50600,191100,241700
70823403096,2019,58000,155300,213300
70823403103,2019,55200,192200,247400
70823403111,2019,33300,208500,241800
70823403129,2019,45600,204500,250100
70823403137,2019,43300,196900,240200
70823403145,2019,36600,225100,261700
70823403153,2019,33300,200700,234000
70823403161,2019,35900,190700,226600
70823403179,2019,45600,184800,230400
70823403187,2019,48300,229500,277800
70823403195,2019,56500,233300,289800
70823403202,2019,50600,189900,240500
70823403210,2019,33300,206100,239400
70823403228,2019,50600,188900,239500
70823403236,2019,45600,233500,279100
70823403244,2019,45600,280200,325800
70823403252,2019,38200,202300,240500
70823403260,2019,56500,189200,245700
70823403286,2019,45600,254900,300500
70823403294,2019,35900,202000,237900
70823403301,2019,55200,261500,316700
70823403319,2019,45600,301600,347200
70823403327,2019,45600,344800,390400
70823404010,2019,37000,156700,193700
70823404028,2019,47100,194200,241300
70823404036,2019,39400,144700,184100
70823404044,2019,36500,157800,194300
70823404052,2019,33400,195400,228800
70823404060,2019,40500,153000,193500
70823404078,2019,47100,206000,253100
70823404086,2019,39200,171200,210400
70823404094,2019,51700,185800,237500
70823404101,2019,50400,160100,210500
70823404119,2019,40000,168300,208300
70823404127,2019,39400,170300,209700
70823404135,2019,36400,157100,193500
70823404143,2019,34400,172200,206600
70823404151,2019,32900,181500,214400
70823404169,2019,39400,219500,258900
70823404177,2019,39400,185100,224500
70823404185,2019,35100,154000,189100
70823404193,2019,35100,162000,197100
70823404200,2019,39400,156800,196200
70823404218,2019,41500,160700,202200
70823404226,2019,34400,213800,248200
70823404234,2019,33400,158400,191800
70823404242,2019,35900,197900,233800
70823404250,2019,44500,201300,245800
70823404268,2019,35700,159700,195400
70823404276,2019,35700,172700,208400
70823404284,2019,40000,161500,201500
70823404292,2019,36200,185500,221700
70823404309,2019,48100,186800,234900
70823404317,2019,49900,198300,248200
70823404325,2019,37500,176100,213600
70823404333,2019,35400,194100,229500
70823404341,2019,47100,190200,237300
70823404359,2019,47100,179000,226100
70823404367,2019,34700,184400,219100
70823404375,2019,36600,177400,214000
70823404383,2019,41500,181700,223200
70823404391,2019,44500,154100,198600
70823404408,2019,35400,179500,214900
70823404416,2019,35400,177400,212800
70823404424,2019,38400,241400,279800
70823404432,2019,48500,199200,247700
70823404440,2019,40600,164000,204600
70823404458,2019,33400,188800,222200
70823404466,2019,38100,201300,239400
70823404474,2019,37200,183200,220400
70823404482,2019,36200,197300,233500
70823405026,2019,75100,281900,357000
70823405034,2019,60300,269000,329300
70823405042,2019,60300,270100,330400
70823405050,2019,60300,200300,260600
70823405068,2019,58000,207000,265000
70823405076,2019,56800,216900,273700
70823405084,2019,60300,289700,350000
70823405092,2019,58000,261800,319800
70823405109,2019,60300,220700,281000
70823405117,2019,60300,285900,346200
70823405125,2019,60300,250000,310300
70823405133,2019,62000,229800,291800
70823405141,2019,58000,244300,302300
70823405159,2019,64100,268000,332100
70823405167,2019,60300,227300,287600
70823405175,2019,60300,274700,335000
70823405183,2019,60300,233700,294000
70823405191,2019,58000,218300,276300
70823405208,2019,62000,285700,347700
70823405216,2019,58000,302400,360400
70823405224,2019,60300,234200,294500
70823405232,2019,67900,210600,278500
70823405240,2019,53000,275000,328000
70823405258,2019,54400,202900,257300
70823405266,2019,54400,257900,312300
70823406016,2019,56500,309800,366300
70823406024,2019,54400,206100,260500
70823406032,2019,51700,252000,303700
70823406040,2019,60300,287900,348200
70823406058,2019,48300,192400,240700
70823406066,2019,66600,313900,380500
70823406074,2019,62900,278400,341300
70823406082,2019,69000,321000,390000
70823406090,2019,66600,232000,298600
70823406107,2019,60300,231600,291900
70823406115,2019,55200,248500,303700
70823406123,2019,56800,233700,290500
70823406131,2019,60300,261400,321700
70823406149,2019,48300,175600,223900
70823406157,2019,54200,240000,294200
70823406165,2019,60300,223700,284000
70823406173,2019,69200,209500,278700
70823406181,2019,62900,239700,302600
70823406199,2019,69000,345000,414000
70823406206,2019,70000,326300,396300
70823406214,2019,75100,328900,404000
70823406222,2019,61400,343800,405200
70823406230,2019,69000,294500,363500
70823406248,2019,83400,323500,406900
70823406256,2019,83400,287600,371000
70823406264,2019,65500,228500,294000
70823406272,2019,67900,327400,395300
70823406280,2019,76100,325200,401300
70823406298,2019,63600,326900,390500
70823406305,2019,72800,303000,375800
70823406313,2019,70000,235600,305600
70823406321,2019,83400,383900,467300
70823406339,2019,77800,308700,386500
70823406347,2019,60300,207300,267600
70823406355,2019,58000,214000,272000
70823406363,2019,60300,280500,340800
70823406371,2019,62000,304900,366900
70823406389,2019,60300,238300,298600
70823406397,2019,64100,271600,335700
70823406404,2019,58000,221600,279600
70823406412,2019,60300,345500,405800
70823406420,2019,56800,309500,366300
70823406438,2019,58000,199300,257300
70823406446,2019,58000,193500,251500
70823406454,2019,54200,293200,347400
70823406462,2019,54400,242200,296600
70823406470,2019,54400,268500,322900
70823406488,2019,51700,228700,280400
70823407014,2019,58000,321700,379700
70823407022,2019,49100,253200,302300
70823407030,2019,44000,209400,253400
70823407048,2019,59100,190100,249200
70823407056,2019,54400,180600,235000
70823407064,2019,54400,204400,258800
70823407072,2019,46900,213000,259900
70823407080,2019,46900,234800,281700
70823407098,2019,46900,211300,258200
70823407105,2019,38200,230000,268200
70823407113,2019,38200,241400,279600
70823407121,2019,53000,180600,233600
70823407139,2019,55700,158000,213700
70823407147,2019,51700,238300,290000
70823407155,2019,53000,233000,286000
70823407163,2019,38200,248300,286500
70823407171,2019,43200,255600,298800
70823407189,2019,62100,414200,476300
70823407197,2019,62000,279100,341100
70823407204,2019,62700,379800,442500
70823407220,2019,59100,345200,404300
70823407238,2019,58200,254600,312800
70823407246,2019,60000,241000,301000
70823407254,2019,83900,343900,427800
70823407270,2019,62100,385500,447600
70823407288,2019,55700,321700,377400
70823407296,2019,46200,279200,325400
70823407303,2019,49100,302700,351800
70823407311,2019,53000,243300,296300
70823408012,2019,50900,206800,257700
70823408020,2019,38200,237400,275600
70823408038,2019,53000,173200,226200
70823408054,2019,48500,226100,274600
70823408062,2019,48500,247300,295800
70823408070,2019,44500,203300,247800
70823408088,2019,44500,202800,247300
70823408096,2019,48900,232400,281300
70823408103,2019,47500,181300,228800
70823408111,2019,41500,195500,237000
70823408129,2019,43200,198000,241200
70823408137,2019,45600,209600,255200
70823408145,2019,48300,201100,249400
70823408161,2019,46800,186700,233500
70823408179,2019,46800,217200,264000
70823408187,2019,43200,178400,221600
70823408195,2019,43200,197800,241000
70823408202,2019,53000,289000,342000
70823408210,2019,54400,279600,334000
70823408228,2019,50000,182600,232600
70823408236,2019,43200,182800,226000
70823408244,2019,53000,221600,274600
70823408252,2019,49100,207100,256200
70823408260,2019,40400,232500,272900
70823408278,2019,44000,190800,234800
70823408286,2019,46900,226400,273300
70823409010,2019,46900,368100,415000
70823409028,2019,51700,186100,237800
70823409036,2019,50000,267100,317100
70823409052,2019,62900,292200,355100
70823409060,2019,55700,207000,262700
70823409078,2019,57900,332200,390100
70823409086,2019,59100,198800,257900
70823409094,2019,49100,232400,281500
70823409101,2019,43200,245400,288600
70823409119,2019,43200,210400,253600
70823409127,2019,50000,215000,265000
70823409135,2019,50000,200100,250100
70823409143,2019,52300,283700,336000
70823409169,2019,58000,365700,423700
70823409177,2019,52300,284500,336800
70823411015,2019,75000,198500,273500
70823411023,2019,83200,213400,296600
70823411031,2019,83200,205300,288500
70823411049,2019,83200,194800,278000
70823411057,2019,83200,314800,398000
70823411065,2019,83200,197100,280300
70823412013,2019,73600,177600,251200
70823412021,2019,71500,178100,249600
70823412039,2019,70700,159000,229700
70823412047,2019,69200,175900,245100
70823412055,2019,69200,171800,241000
70823412063,2019,69200,138200,207400
70823412071,2019,69200,168000,237200
70823412089,2019,69200,139100,208300
70823412097,2019,69200,224600,293800
70823412104,2019,69200,234700,303900
70823413011,2019,34800,264500,299300
70823413029,2019,26800,162600,189400
70823413037,2019,29100,188100,217200
70823413045,2019,29100,171300,200400
70823413053,2019,25400,165900,191300
70823413061,2019,32800,171400,204200
70823413079,2019,26000,176000,202000
70823413087,2019,25400,166800,192200
70823413095,2019,29100,172600,201700
70823413102,2019,29100,179000,208100
70823413110,2019,26800,188300,215100
70823413128,2019,34800,179800,214600
70823413136,2019,34800,239500,274300
70823413144,2019,26800,169700,196500
70823413152,2019,29100,214000,243100
70823413160,2019,29100,166800,195900
70823413178,2019,20300,151400,171700
70823413186,2019,32800,175400,208200
70823413194,2019,32800,247200,280000
70823413201,2019,20300,173300,193600
70823413219,2019,29100,180200,209300
70823413227,2019,29100,157800,186900
70823413235,2019,26800,195400,222200
70823413243,2019,34800,195400,230200
70823413251,2019,34800,189500,224300
70823413269,2019,21500,167900,189400
70823413277,2019,29100,178500,207600
70823413285,2019,29100,167800,196900
70823413293,2019,25400,197200,222600
70823413300,2019,32800,217300,250100
70823413318,2019,32800,216100,248900
70823413326,2019,25400,176600,202000
70823413334,2019,29100,176700,205800
70823413342,2019,29100,212300,241400
70823413350,2019,26800,188300,215100
70823413368,2019,34800,200000,234800
70823413376,2019,34800,187400,222200
70823413384,2019,26800,176900,203700
70823413392,2019,29100,165200,194300
70823413409,2019,29100,169400,198500
70823413417,2019,25400,176000,201400
70823413425,2019,32800,173100,205900
70823413433,2019,36600,373700,410300
70823413459,2019,25100,296400,321500
70823413467,2019,25100,260800,285900
70823413475,2019,32800,170900,203700
70823413483,2019,25400,159500,184900
70823413491,2019,29100,176900,206000
70823413508,2019,29100,196300,225400
70823413516,2019,26800,165100,191900
70823413524,2019,34800,170800,205600
70823415017,2019,58000,235300,293300
70823415025,2019,64100,218200,282300
70823415033,2019,64100,221300,285400
70823415041,2019,59500,212800,272300
70824101011,2019,103100,205300,308400
70824101029,2019,103100,325400,428500
70824101037,2019,103100,364600,467700
70824101045,2019,103100,348900,452000
70824101053,2019,103100,354400,457500
70824101061,2019,103100,270500,373600
70824101079,2019,103100,229100,332200
70824101128,2019,110600,182500,293100
70824101136,2019,110600,254100,364700
70824101144,2019,110600,193200,303800
70824101152,2019,110600,202000,312600
70824101160,2019,110600,256000,366600
70824101178,2019,110600,227400,338000
70824101186,2019,110600,168800,279400
70824102019,2019,112100,240400,352500
70824102027,2019,121500,352800,474300
70824102035,2019,114700,202800,317500
70824102043,2019,101100,310800,411900
70824102051,2019,103100,284100,387200
70824102069,2019,107500,320200,427700
70824102077,2019,89700,311700,401400
70824102085,2019,110600,212800,323400
70824102093,2019,113200,373600,486800
70824102100,2019,110600,184400,295000
70824102134,2019,110600,255900,366500
70824102142,2019,105900,313600,419500
70824102150,2019,103100,174100,277200
70824102168,2019,112100,303800,415900
70824102176,2019,114700,354200,468900
70824102184,2019,110600,282300,392900
70824102192,2019,110600,248200,358800
70824102209,2019,103100,234500,337600
70824102217,2019,103100,335500,438600
70824102225,2019,89700,178500,268200
70824102233,2019,120400,244500,364900
70824102241,2019,107500,338600,446100
70824102259,2019,119400,230400,349800
70824102267,2019,121600,371500,493100
70824102275,2019,125900,347300,473200
70824102283,2019,125100,321800,446900
70824102291,2019,125100,305100,430200
70824102308,2019,114700,358000,472700
70824102316,2019,122900,319200,442100
70824102324,2019,122900,324700,447600
70824103017,2019,114700,310800,425500
70824103025,2019,114800,375000,489800
70824103033,2019,119400,266800,386200
70824103041,2019,123100,221900,345000
70824103059,2019,122900,404500,527400
70824103067,2019,111600,244000,355600
70824103075,2019,98600,148300,246900
70824103083,2019,107500,242200,349700
70824103091,2019,125900,334600,460500
70824103108,2019,111300,329900,441200
70824103116,2019,112600,414600,527200
70824103124,2019,111600,326100,437700
70824103132,2019,114800,348700,463500
70824103140,2019,115900,328200,444100
70824103158,2019,105900,253100,359000
70824103166,2019,112100,222800,334900
70824103174,2019,114800,220200,335000
70824104015,2019,157000,511100,668100
70824104023,2019,207100,365300,572400
70824104031,2019,236900,378800,615700
70824104049,2019,253200,540800,794000
70824104057,2019,196600,484800,681400
70824105013,2019,156700,319600,476300
70824105021,2019,149700,287500,437200
70824105039,2019,149700,323400,473100
70824105047,2019,149700,242100,391800
70824105055,2019,124300,314500,438800
70824106011,2019,115900,405300,521200
70824106029,2019,125900,278900,404800
70824106037,2019,116400,299700,416100
70824106045,2019,125100,236400,361500
70824106053,2019,125100,264100,389200
70824106061,2019,125900,278500,404400
70824106079,2019,126700,300700,427400
70824106087,2019,124300,242200,366500
70824106095,2019,128800,254800,383600
70824106102,2019,119400,150900,270300
70824106110,2019,125100,520100,645200
70824106128,2019,125100,397800,522900
70824106136,2019,124700,394400,519100
70824106144,2019,119400,328500,447900
70824106152,2019,112100,283400,395500
70824108017,2019,125100,254100,379200
70824108025,2019,125100,145500,270600
70824108033,2019,115900,417000,532900
70824108041,2019,115600,255000,370600
70824108059,2019,101100,185200,286300
70824108067,2019,113700,221100,334800
70824108075,2019,163100,361000,524100
70824108083,2019,104100,328700,432800
70824108091,2019,119400,225400,344800
70824108108,2019,105900,316600,422500
70824108116,2019,96900,184100,281000
70824108124,2019,106400,243600,350000
70824109015,2019,97500,219400,316900
70824109023,2019,96900,333800,430700
70824109031,2019,107500,187100,294600
70824109049,2019,98600,171000,269600
70824109057,2019,114700,321600,436300
70824109065,2019,101500,332000,433500
70824109073,2019,99100,273700,372800
70824109081,2019,124700,318300,443000
70824109099,2019,119400,247500,366900
70824109106,2019,123100,256700,379800
70824109114,2019,103100,224200,327300
70824109122,2019,114700,338700,453400
70824109130,2019,103100,242000,345100
70824109148,2019,120900,374600,495500
70824109156,2019,129900,275300,405200
70824109164,2019,121500,240100,361600
70824109172,2019,140600,373500,514100
70824109180,2019,123100,301600,424700
70824109198,2019,123100,308800,431900
70824109205,2019,98600,268000,366600
70824110012,2019,230400,399600,630000
70824110020,2019,196500,490000,686500
70824110046,2019,233200,436800,670000
70824110054,2019,255700,434000,689700
70824110062,2019,266400,328600,595000
70824110070,2019,238000,194500,432500
70824110088,2019,173900,371500,545400
70824110096,2019,171400,349800,521200
70824110103,2019,194300,389000,583300
70824110111,2019,186600,234700,421300
70824110129,2019,158000,298700,456700
70824110137,2019,128400,323100,451500
70824110145,2019,141900,319000,460900
70824110153,2019,174100,187400,361500
70824200946,2019,303200,320100,623300
70824200962,2019,268400,32800,301200
70824203015,2019,110900,319200,430100
70824203023,2019,110900,232100,343000
70824203031,2019,110900,167700,278600
70824203049,2019,95700,203200,298900
70824203057,2019,96200,210400,306600
70824203065,2019,114700,176500,291200
70824203073,2019,114700,366500,481200
70824203081,2019,114800,316200,431000
70824203099,2019,119400,322500,441900
70824203106,2019,114700,355700,470400
70824203114,2019,114800,236600,351400
70824203122,2019,114800,238600,353400
70824203130,2019,114800,263300,378100
70824203148,2019,107500,198600,306100
70824203156,2019,107500,385000,492500
70824203164,2019,107500,302100,409600
70824203172,2019,107500,360300,467800
70824203180,2019,107500,320600,428100
70824203198,2019,119400,259500,378900
70824203205,2019,122100,227700,349800
70824203213,2019,114700,331200,445900
70824203221,2019,116400,250600,367000
70824203239,2019,114700,198100,312800
70824203247,2019,119400,158400,277800
70824203255,2019,114800,306500,421300
70824203263,2019,114800,260100,374900
70824203271,2019,111300,338500,449800
70824203289,2019,114700,235000,349700
70824203297,2019,114800,315200,430000
70824203304,2019,124700,228100,352800
70824204013,2019,101100,248000,349100
70824204021,2019,96900,237700,334600
70824204039,2019,93100,305600,398700
70824204047,2019,94100,285900,380000
70824204055,2019,103100,339900,443000
70824204063,2019,125900,263800,389700
70824204071,2019,107500,280200,387700
70824204089,2019,107500,310700,418200
70824204097,2019,107500,233100,340600
70824204104,2019,107500,270600,378100
70824204112,2019,107500,410900,518400
70824204120,2019,108800,381900,490700
70824204138,2019,125100,344100,469200
70824204146,2019,118100,222800,340900
70824204154,2019,92900,265200,358100
70824204162,2019,119400,250500,369900
70824204170,2019,125100,219300,344400
70824204188,2019,125100,217600,342700
70824204196,2019,114800,256200,371000
70824204203,2019,110600,284700,395300
70824204211,2019,107500,283500,391000
70824204229,2019,125100,370100,495200
70824204237,2019,121500,268200,389700
70824204245,2019,125100,238500,363600
70824204253,2019,110600,260700,371300
70824204261,2019,103100,231300,334400
70824204279,2019,110600,191300,301900
70824204287,2019,105900,254600,360500
70824204295,2019,115600,351300,466900
70824204302,2019,107500,244600,352100
70824204310,2019,86200,97400,183600
70824204328,2019,86200,142600,228800
70824204336,2019,97200,144000,241200
70824204344,2019,91900,162800,254700
70824204352,2019,112100,91500,203600
70824204360,2019,114900,234200,349100
70824204378,2019,114900,310600,425500
70824204386,2019,96900,133800,230700
70824204394,2019,145300,114200,259500
70824205011,2019,184500,235100,419600
70824205029,2019,143900,162300,306200
70824205037,2019,125100,333400,458500
70824205045,2019,119700,191400,311100
70824205053,2019,126100,407700,533800
70824205061,2019,125100,353000,478100
70824205079,2019,125100,266700,391800
70824205087,2019,125900,330100,456000
70824205095,2019,125100,323700,448800
70824205102,2019,125100,240100,365200
70824205110,2019,125100,332300,457400
70824205128,2019,135900,398100,534000
70824206019,2019,107500,354900,462400
70824206027,2019,112100,349900,462000
70824206035,2019,125900,204500,330400
70824206043,2019,119400,238900,358300
70824206051,2019,107500,254800,362300
70824206069,2019,107500,307300,414800
70824206077,2019,107500,293300,400800
70824206085,2019,107500,308700,416200
70824206093,2019,107500,318500,426000
70824206100,2019,107500,270800,378300
70824206118,2019,107500,378000,485500
70824206126,2019,107500,340000,447500
70824206134,2019,107500,300000,407500
70824206142,2019,107500,198200,305700
70824206150,2019,105900,257700,363600
70824206168,2019,105900,250100,356000
70824206176,2019,105900,245500,351400
70824206184,2019,105800,275000,380800
70824206192,2019,105900,282400,388300
70824206209,2019,105900,247500,353400
70824206217,2019,105900,260900,366800
70824206225,2019,105900,279600,385500
70824206233,2019,105900,328500,434400
70824206241,2019,105900,385800,491700
70824206259,2019,105900,293300,399200
70824206267,2019,112100,341200,453300
70824206275,2019,112100,200400,312500
70824206283,2019,115900,208100,324000
70824206291,2019,114700,235900,350600
70824206308,2019,107500,303800,411300
70824206316,2019,107500,181100,288600
70824206324,2019,110600,238200,348800
70824206332,2019,110600,362100,472700
70824206340,2019,108800,274300,383100
70824207017,2019,106400,197900,304300
70824207025,2019,115900,292500,408400
70824207033,2019,115900,206800,322700
70824207041,2019,115900,202300,318200
70824207059,2019,115900,275500,391400
70824207067,2019,115900,191300,307200
70824207075,2019,115900,303500,419400
70824207083,2019,115900,319000,434900
70824207091,2019,115900,323400,439300
70824207108,2019,107500,337500,445000
70824207116,2019,107500,226900,334400
70824207124,2019,107500,218300,325800
70824207132,2019,107500,237300,344800
70824207140,2019,107500,197100,304600
70824207158,2019,107500,194000,301500
70824207166,2019,110600,252900,363500
70824207174,2019,101500,261600,363100
70824207182,2019,89700,262800,352500
70824208015,2019,94100,237300,331400
70824208023,2019,92900,207500,300400
70824208031,2019,87700,272400,360100
70824208049,2019,110900,234300,345200
70824208057,2019,120400,215600,336000
70824208065,2019,138600,149100,287700
70824208073,2019,138600,211100,349700
70824208081,2019,165500,310000,475500
70824208099,2019,171100,251900,423000
70824208106,2019,171900,216700,388600
70824208114,2019,169300,247700,417000
70824208122,2019,138600,239700,378300
70824208130,2019,146900,350700,497600
70824208148,2019,145600,261400,407000
70824208156,2019,140200,403200,543400
70824208164,2019,151300,285200,436500
70824209021,2019,129000,428200,557200
70824209039,2019,129000,324300,453300
70824209047,2019,129000,251800,380800
70824209055,2019,129000,183000,312000
70824209063,2019,150100,404800,554900
70824210010,2019,128600,212900,341500
70824210028,2019,120900,221500,342400
70824210036,2019,118000,226300,344300
70824210044,2019,126100,252100,378200
70824210052,2019,119400,164800,284200
70824210060,2019,115600,176000,291600
70824210078,2019,112100,163600,275700
70824210086,2019,114800,172600,287400
70824210094,2019,114800,256700,371500
70824210101,2019,115900,303100,419000
70824211018,2019,125100,323000,448100
70824211026,2019,121500,215200,336700
70824211034,2019,112100,277800,389900
70824211042,2019,101100,195600,296700
70824211050,2019,99100,257300,356400
70824211068,2019,113700,256600,370300
70824211076,2019,105800,271200,377000
70824211084,2019,105800,237500,343300
70824211092,2019,114700,339400,454100
70824211109,2019,114900,249800,364700
70824212024,2019,107500,258200,365700
70824212032,2019,111300,310500,421800
70824212040,2019,135300,233200,368500
70824212058,2019,305700,224500,530200
70824212066,2019,254500,43300,297800
70824212074,2019,198300,345200,543500
70824212082,2019,215300,341100,556400
70824212090,2019,302000,396000,698000
70824212107,2019,186000,220500,406500
70824212115,2019,317500,169600,487100
70824212131,2019,208500,293400,501900
70824212157,2019,179400,220300,399700
70824212165,2019,198300,363700,562000
70824212173,2019,206000,389800,595800
70824213014,2019,107500,294800,402300
70824213022,2019,111600,333000,444600
70824213030,2019,111600,210600,322200
70824213048,2019,108800,277100,385900
70824213056,2019,115400,221500,336900
70824213064,2019,115400,235300,350700
70824213072,2019,115400,273600,389000
70824213080,2019,115400,245300,360700
70824213098,2019,115400,260400,375800
70824213105,2019,115400,237100,352500
70824213113,2019,111000,153700,264700
70824213121,2019,109700,344800,454500
70824213139,2019,107500,272800,380300
70824213147,2019,107500,224200,331700
70824213155,2019,107500,207400,314900
70824213163,2019,107500,337000,444500
70824213171,2019,107500,228000,335500
70824213189,2019,107500,392300,499800
70824213197,2019,106200,326200,432400
70824213204,2019,105500,326500,432000
70824213212,2019,105500,276100,381600
70824213220,2019,101800,314400,416200
70824213238,2019,107500,320900,428400
70824214012,2019,119700,365000,484700
70824214020,2019,118300,259000,377300
70824214038,2019,112600,452500,565100
70824214046,2019,142800,413500,556300
70824214054,2019,263500,40800,304300
70824214062,2019,101800,425600,527400
70824214070,2019,101800,299900,401700
70824214088,2019,220700,252400,473100
70824214096,2019,192200,317800,510000
70824214103,2019,151400,511100,662500
70824214129,2019,144700,237500,382200
70824215010,2019,128600,218700,347300
70824215028,2019,129900,312200,442100
70824215036,2019,133500,292400,425900
70824215044,2019,135400,322700,458100
70824215052,2019,136100,435900,572000
70824215060,2019,125100,282500,407600
70824216018,2019,111300,433900,545200
70824216026,2019,112100,299900,412000
70824216034,2019,112100,182100,294200
70824216042,2019,112100,166200,278300
70824216050,2019,112100,223700,335800
70824216068,2019,112100,172100,284200
70824216076,2019,112100,183800,295900
70824216084,2019,107800,177000,284800
70824217016,2019,137300,208500,345800
70824217024,2019,129000,211700,340700
70824217032,2019,129000,326700,455700
70824217040,2019,129000,340200,469200
70824217058,2019,129000,268400,397400
70824217066,2019,129000,395900,524900
70824217074,2019,129000,378200,507200
70824218014,2019,134100,409700,543800
70824218022,2019,133500,348200,481700
70824218030,2019,132000,434700,566700
70824218048,2019,163500,312800,476300
70824218056,2019,221100,346500,567600
70824218064,2019,143100,400100,543200
70824218072,2019,169000,405600,574600
70824218080,2019,137300,313100,450400
70824218098,2019,151300,272100,423400
70824218105,2019,169400,441300,610700
70824218113,2019,306800,526900,833700
70824219012,2019,101800,325600,427400
70824219020,2019,101800,174100,275900
70824219046,2019,101500,143100,244600
70824219054,2019,119400,241400,360800
70824219062,2019,99300,550400,649700
70824219070,2019,100900,203800,304700
70824219088,2019,97000,127900,224900
70824219096,2019,171100,176000,347100
70824220019,2019,97500,240900,338400
70824220027,2019,97300,247900,345200
70824220035,2019,98600,326900,425500
70824220043,2019,106200,326400,432600
70824220051,2019,106200,367800,474000
70824220069,2019,106200,216000,322200
70824220077,2019,100200,289300,389500
70824220085,2019,100200,330000,430200
70824220093,2019,100200,253200,353400
70824220118,2019,97300,199400,296700
70824220126,2019,97300,249300,346600
70824221017,2019,168800,254500,423300
70824221025,2019,130000,280400,410400
70824221033,2019,156600,543800,700400
70824221041,2019,117400,262900,380300
70824221059,2019,155600,431900,587500
70824221075,2019,164300,467400,631700
70824301017,2019,115900,429800,545700
70824301025,2019,115900,241300,357200
70824301033,2019,115900,238600,354500
70824301041,2019,96900,245800,342700
70824301059,2019,102400,257400,359800
70824301067,2019,96900,207100,304000
70824301075,2019,93100,234200,327300
70824301083,2019,96900,276700,373600
70824301091,2019,104100,218000,322100
70824301108,2019,93500,244000,337500
70824301116,2019,103100,298600,401700
70824301124,2019,103100,270700,373800
70824301132,2019,103100,201600,304700
70824301140,2019,88900,219800,308700
70824301158,2019,83500,360000,443500
70824301166,2019,88100,239400,327500
70824301174,2019,105800,205400,311200
70824301182,2019,93100,203200,296300
70824301190,2019,96200,187800,284000
70824301207,2019,98400,300600,399000
70824301215,2019,103100,258500,361600
70824301223,2019,112100,253700,365800
70824301231,2019,96200,168800,265000
70824301249,2019,96900,212800,309700
70824301257,2019,96900,147000,243900
70824301265,2019,96900,241800,338700
70824301273,2019,96900,217100,314000
70824301281,2019,96900,259900,356800
70824301299,2019,96900,231700,328600
70824301306,2019,96200,268300,364500
70824301314,2019,96900,247900,344800
70824302015,2019,125900,194000,319900
70824302023,2019,103100,197200,300300
70824302031,2019,99100,477000,576100
70824302049,2019,105800,223600,329400
70824302057,2019,119500,284000,403500
70824302065,2019,96900,221200,318100
70824302073,2019,89700,333200,422900
70824302081,2019,87700,237500,325200
70824303039,2019,96200,257100,353300
70824303047,2019,103100,303600,406700
70824303055,2019,105900,198800,304700
70824303063,2019,103100,192300,295400
70824303071,2019,103100,201200,304300
70824303089,2019,112100,270400,382500
70824303097,2019,103100,376600,479700
70824303104,2019,103100,290500,393600
70824303112,2019,103100,194200,297300
70824303120,2019,89700,188900,278600
70824303138,2019,101800,286200,388000
70824303146,2019,107500,357500,465000
70824303154,2019,99100,235400,334500
70824303162,2019,96900,242900,339800
70824303170,2019,96900,222600,319500
70824303188,2019,94300,344500,438800
70824304011,2019,94300,186200,280500
70824304029,2019,94100,211200,305300
70824304037,2019,94100,300900,395000
70824304045,2019,94300,250500,344800
70824304053,2019,94300,269700,364000
70824304061,2019,94300,261300,355600
70824304079,2019,89700,189100,278800
70824304095,2019,107500,211700,319200
70824304102,2019,107500,179500,287000
70824304110,2019,107500,182500,290000
70824304128,2019,107500,260400,367900
70824304136,2019,107500,179500,287000
70824304144,2019,107500,199700,307200
70824305019,2019,114700,238800,353500
70824305027,2019,119600,238400,358000
70824305051,2019,105500,232100,337600
70824401015,2019,119500,210800,330300
70824401023,2019,119500,287000,406500
70824401031,2019,119500,413200,532700
70824401049,2019,119500,327400,446900
70824401057,2019,119500,467600,587100
70824401065,2019,119400,412300,531700
70824401073,2019,119500,243200,362700
70824401099,2019,119500,202700,322200
70824401106,2019,130900,193500,324400
70824401114,2019,130300,277800,408100
70824401122,2019,130300,398800,529100
70824401130,2019,130300,203500,333800
70824401148,2019,130300,203200,333500
70824401156,2019,164300,130100,294400
70824401164,2019,168500,283000,451500
70824402013,2019,96600,261700,358300
70824402021,2019,100800,190800,291600
70824402039,2019,100800,215100,315900
70824402047,2019,100800,394700,495500
70824402055,2019,100800,279900,380700
70824402063,2019,100800,316400,417200
70824402071,2019,100800,391500,492300
70824402089,2019,100800,323700,424500
70824402097,2019,100800,224900,325700
70824402104,2019,100800,239200,340000
70824402112,2019,99300,293500,392800
70824402120,2019,102900,256000,358900
70824402138,2019,103000,331200,434200
70824402146,2019,108900,260100,369000
70824402154,2019,108900,307300,416200
70824402162,2019,108900,264300,373200
70824402170,2019,108900,254200,363100
70824402188,2019,108900,267100,376000
70824402196,2019,108900,253700,362600
70824402203,2019,108900,299500,408400
70824402211,2019,108900,239800,348700
70824402229,2019,110000,311300,421300
70824402237,2019,109700,216600,326300
70824403011,2019,106800,280300,387100
70824403029,2019,112700,304100,416800
70824403037,2019,112700,276100,388800
70824403045,2019,112700,297300,410000
70824403053,2019,112700,341000,453700
70824403061,2019,112800,310100,422900
70824403087,2019,99800,292800,392600
70824403095,2019,105100,308800,413900
70824403102,2019,105100,318700,423800
70824403110,2019,105100,356900,462000
70824403128,2019,105100,199200,304300
70824403136,2019,107400,286300,393700
70824403144,2019,105100,332800,437900
70824404019,2019,110000,344200,454200
70824404027,2019,93600,320300,413900
70824404035,2019,118700,300000,418700
70824404043,2019,115200,296900,412100
70824404051,2019,116200,243800,360000
70824404069,2019,118200,456800,575000
70824404077,2019,109900,305800,415700
70824404085,2019,113600,359700,473300
70824404093,2019,113600,389700,503300
70824404100,2019,113600,351400,465000
70824404118,2019,113600,269900,383500
70824404126,2019,113600,389500,503100
70824404134,2019,113600,258600,372200
70824404142,2019,113600,308200,421800
70824404150,2019,114700,389100,503800
70824404168,2019,129500,401500,531000
70824404176,2019,106200,490100,596300
70824404184,2019,109300,469600,578900
70824404192,2019,108700,374200,482900
70824404209,2019,110000,291000,401000
70824404217,2019,112700,281100,393800
70824404225,2019,113600,406800,520400
70824404233,2019,112700,245700,358400
70824404241,2019,112000,398800,510800
70824404259,2019,111700,510200,621900
70824404267,2019,110600,354200,464800
70824404275,2019,116600,267900,384500
70824404283,2019,115900,313100,429000
70824404291,2019,123300,379100,502400
70824404308,2019,128500,224100,352600
70824404316,2019,116600,248900,365500
70824404324,2019,101500,198800,300300
70824404332,2019,102000,165800,267800
70824404340,2019,112400,243200,355600
70824404358,2019,121100,340500,461600
70824404366,2019,117800,251700,369500
70824404374,2019,119100,219800,338900
70824404382,2019,119100,303800,422900
70824404390,2019,119100,336400,455500
70824404407,2019,107000,311000,418000
70824405017,2019,100000,239200,339200
70824405025,2019,102700,213400,316100
70824405033,2019,102000,208400,310400
70824405041,2019,101400,343700,445100
70824405059,2019,104500,223500,328000
70824405067,2019,100700,219600,320300
70824405075,2019,104400,289400,393800
70824405083,2019,102400,284400,386800
70824405091,2019,102400,259500,361900
70824405108,2019,102700,206600,309300
70824405116,2019,102900,256200,359100
70824405124,2019,100600,244400,345000
70824405132,2019,99200,295300,394500
70824406015,2019,97100,263000,360100
70824406023,2019,105300,256600,361900
70824406031,2019,101500,289900,391400
70824406049,2019,100000,198600,298600
70824406057,2019,100600,267500,368100
70824406065,2019,97900,240500,338400
70824406073,2019,100000,250400,350400
70824406081,2019,103700,169800,273500
70824406099,2019,105500,227600,333100
70824406106,2019,98600,213100,311700
70824406114,2019,98000,293500,391500
70824406122,2019,98000,274400,372400
70824406130,2019,92600,178500,271100
70824406148,2019,96300,174200,270500
70824406156,2019,92900,290400,383300
70824406164,2019,94500,254900,349400
70824406172,2019,96700,214800,311500
70824406180,2019,106800,193200,300000
70824407013,2019,109600,252900,362500
70824407021,2019,101500,233100,334600
70824407039,2019,104100,221800,325900
70824407047,2019,105700,234600,340300
70824407055,2019,107000,288800,395800
70824407063,2019,113300,213700,327000
70824407071,2019,125900,273200,399100
70824407089,2019,127800,275200,403000
70824407097,2019,116000,229000,345000
70824407104,2019,101900,221000,322900
70824407112,2019,99300,225600,324900
70824407120,2019,109000,271700,380700
70824407138,2019,108700,242500,351200
70824407146,2019,107000,271300,378300
70824407154,2019,104400,239900,344300
70824407162,2019,104400,172800,277200
70824407170,2019,102700,244900,347600
70824407188,2019,112800,252500,365300
70824407196,2019,112200,170500,282700
70824407203,2019,106200,171000,277200
70824407211,2019,107100,193200,300300
70824407229,2019,108300,231700,340000
70824407237,2019,103700,217400,321100
70824408011,2019,106700,254900,361600
70824408029,2019,106800,225100,331900
70824408037,2019,112000,225300,337300
70824408045,2019,112000,255700,367700
70824408053,2019,107700,205300,313000
70824408061,2019,108700,177700,286400
70824408079,2019,99600,181200,280800
70824408087,2019,103000,279200,382200
70824408095,2019,110600,198700,309300
70824408102,2019,117800,306100,423900
70824408110,2019,107000,225500,332500
70824408128,2019,100800,238400,339200
70824408136,2019,100800,235900,336700
70824408144,2019,100800,223100,323900
70824408152,2019,100700,269000,369700
70824409019,2019,94100,215500,309600
70824409027,2019,110600,99400,210000
70824409035,2019,111700,261200,372900
70824409043,2019,110800,214200,325000
70824409051,2019,106200,197200,303400
70824409069,2019,0,0,0
70824409077,2019,105200,334700,439900
70824409085,2019,105200,259800,365000
70824409093,2019,106700,310500,417200
70824409100,2019,109000,262600,371600
70824409118,2019,105500,193500,299000
70824409126,2019,104100,310200,414300
70824410016,2019,106300,321700,428000
70824410024,2019,109600,378600,488200
70824410032,2019,109200,266100,375300
70824410040,2019,106800,293800,400600
70824410058,2019,106700,330000,436700
70824410066,2019,106700,380300,487000
70824410074,2019,106700,297400,404100
70824410082,2019,106700,236200,342900
70824410090,2019,106700,363300,470000
70824410107,2019,106700,254300,361000
70824410115,2019,106700,315600,422300
70824410123,2019,106700,284100,390800
70824410131,2019,106700,397300,504000
70824410149,2019,104500,389200,493700
70824410157,2019,102700,281700,384400
70824410165,2019,106300,270900,377200
70824410173,2019,104400,273600,378000
70824410181,2019,104400,274600,379000
70824410199,2019,104400,192500,296900
70824410206,2019,104400,374200,478600
70824410214,2019,104400,227300,331700
70824410222,2019,104400,227000,331400
70824410230,2019,104400,278000,382400
70824410248,2019,104400,171600,276000
70824410256,2019,104400,273400,377800
70824410264,2019,108900,233100,342000
70824410272,2019,120600,281700,402300
70824410280,2019,113300,249100,362400
70824410298,2019,108700,246900,355600
70824410305,2019,107400,218300,325700
70824411014,2019,100100,253300,353400
70824411022,2019,100800,262600,363400
70824411030,2019,98000,272000,370000
70824411048,2019,100800,245900,346700
70824411056,2019,100800,233000,333800
70824411064,2019,100800,227600,328400
70824411072,2019,102900,164900,267800
70824411080,2019,100800,205600,306400
70824411098,2019,102000,350000,452000
70824411105,2019,102000,228600,330600
70824411113,2019,102000,202200,304200
70824411121,2019,102000,207700,309700
70824411139,2019,101500,258900,360400
70824412012,2019,109600,248400,358000
70824412020,2019,102900,247300,350200
70824412038,2019,102700,292700,395400
70824412046,2019,102700,205900,308600
70824412054,2019,106700,212000,318700
70824412062,2019,106200,149800,256000
70824412070,2019,105200,196400,301600
70824412088,2019,109200,187900,297100
70824412096,2019,100600,238000,338600
70824412103,2019,106800,190300,297100
70825300977,2019,164000,113100,277100
70826307013,2019,115200,291300,406500
70826307021,2019,96100,334600,430700
70826307039,2019,105500,348500,454000
70826307047,2019,106200,334500,440700
70826307063,2019,112800,236900,349700
70826307071,2019,117900,351200,469100
70826307089,2019,97600,258600,356200
70826307097,2019,128100,301300,429400
70826307104,2019,99900,355700,455600
70826309027,2019,107600,331000,438600
70826309035,2019,104000,379700,483700
70826309043,2019,104000,385400,489400
70826309051,2019,104000,387200,491200
70826309069,2019,103100,322400,425500
70826309077,2019,110900,345800,456700
70826309093,2019,113200,324800,438000
70826309100,2019,115200,379400,494600
70826309118,2019,119500,348700,468200
70826309126,2019,117000,327400,444400
70826309134,2019,110900,355900,466800
70826309142,2019,110900,431600,542500
70826309150,2019,116200,403800,520000
70826309168,2019,135000,370900,505900
70826309176,2019,136700,348500,485200
70826309184,2019,119200,391400,510600
70826309192,2019,107500,313400,420900
70826309209,2019,107500,345900,453400
70826309217,2019,107500,290400,397900
70826309225,2019,104900,335100,440000
70826309233,2019,107500,319100,426600
70826309241,2019,102500,348700,451200
70826310016,2019,102500,315500,418000
70826310024,2019,100200,333500,433700
70826310032,2019,100200,258400,358600
70826310040,2019,100200,370300,470500
70826310058,2019,100200,364700,464900
70826310066,2019,99500,316300,415800
70826310074,2019,107000,368000,475000
70826310082,2019,102400,382100,484500
70826310090,2019,102500,316500,419000
70826310107,2019,99900,316900,416800
70826310115,2019,106300,308300,414600
70826310123,2019,98400,387300,485700
70826310131,2019,100300,393500,493800
70826310149,2019,100300,333600,433900
70826310157,2019,100200,361500,461700
70826310165,2019,100200,356700,456900
70826310173,2019,103100,328300,431400
70826310181,2019,105500,425500,531000
70826310199,2019,98100,398300,496400
70826310206,2019,111500,365000,476500
70826310214,2019,112800,357200,470000
70826310222,2019,111500,382000,493500
70826310230,2019,122900,347300,470200
70826310248,2019,112800,390900,503700
70826310256,2019,117900,347700,465600
70826310264,2019,107000,327400,434400
70826310272,2019,112800,426800,539600
70826310280,2019,99900,394900,494800
70826311014,2019,101100,382100,483200
70826311022,2019,104000,382800,486800
70826311030,2019,120000,419900,539900
70826311048,2019,108400,423500,531900
70826311056,2019,104000,464700,568700
70826311064,2019,101900,401300,503200
70826312012,2019,69600,212900,282500
70826312020,2019,69600,229400,299000
70826312038,2019,67400,216600,284000
70826312046,2019,64800,223800,288600
70826312062,2019,65900,205600,271500
70826312070,2019,68500,203500,272000
70826312088,2019,69500,255700,325200
70826312096,2019,71200,227500,298700
70826312103,2019,74500,246500,321000
70826312111,2019,76400,238400,314800
70826312129,2019,72400,252600,325000
70826312137,2019,70100,220100,290200
70826312145,2019,69300,257000,326300
70826312153,2019,68700,243300,312000
70826312161,2019,70400,260700,331100
70826312179,2019,72200,232200,304400
70826312187,2019,75100,241100,316200
70826312195,2019,73800,251000,324800
70826312202,2019,74800,254500,329300
70826312210,2019,69600,269300,338900
70826312228,2019,72500,229600,302100
70826312236,2019,69600,238300,307900
70826313010,2019,70500,218600,289100
70826313028,2019,68200,226200,294400
70826313036,2019,69200,212300,281500
70826313052,2019,69200,228900,298100
70826313060,2019,68200,217800,286000
70826313078,2019,69200,215900,285100
70826313086,2019,71500,213400,284900
70826313094,2019,73200,214400,287600
70826313101,2019,72800,262200,335000
70826313119,2019,66900,39500,106400
70826313127,2019,76700,302400,379100
70826313135,2019,74200,199100,273300
70826313143,2019,75700,220200,295900
70826313151,2019,72800,257300,330100
70826313169,2019,76400,212700,289100
70826313177,2019,74700,236700,311400
70826313185,2019,72000,248400,320400
70826313193,2019,71300,222600,293900
70826313200,2019,69200,251900,321100
70826313218,2019,69500,225700,295200
70826313226,2019,72000,218500,290500
70826313234,2019,73200,235800,309000
70826313242,2019,77400,263000,340400
70826313250,2019,73100,234300,307400
70826313268,2019,75000,238500,313500
70826313276,2019,71300,246100,317400
70826313284,2019,72000,243500,315500
70826313292,2019,70100,265000,335100
70826313309,2019,69800,207800,277600
70826313317,2019,73100,256800,329900
70826313325,2019,72400,237900,310300
70826313333,2019,78000,214600,292600
70826313341,2019,72800,215500,288300
70826313359,2019,75700,241400,317100
70826313367,2019,72000,228000,300000
70826313375,2019,71300,225900,297200
70826313383,2019,71300,261800,333100
70826313391,2019,70600,268300,338900
70826313408,2019,77600,231900,309500
70826313416,2019,75700,260600,336300
70826313424,2019,76000,254400,330400
70826313432,2019,79900,243400,323300
70826403241,2019,68800,149400,218200
70826403340,2019,68900,145700,214600
70826404025,2019,72300,163700,236000
70826404033,2019,71000,180500,251500
70826404041,2019,71300,172200,243500
70826404059,2019,90400,164800,255200
70826404067,2019,81300,176700,258000
70826404075,2019,80400,176000,256400
70826404083,2019,86100,180000,266100
70826404091,2019,67700,157700,225400
70826404116,2019,67600,184400,252000
70826404124,2019,69200,156300,225500
70826405023,2019,67500,179500,247000
70826405031,2019,69000,147200,216200
70826405049,2019,70000,159200,229200
70826405057,2019,68800,132700,201500
70826405065,2019,67500,155300,222800
70826405073,2019,67900,153700,221600
70826405081,2019,68700,172800,241500
70826405099,2019,68000,179200,247200
70826405114,2019,69400,184600,254000
70826405122,2019,75200,159700,234900
70826405130,2019,69700,168800,238500
70826405148,2019,69300,166200,235500
70826405156,2019,66000,170100,236100
70826406021,2019,67600,153500,221100
70826406039,2019,71000,182000,253000
70826406047,2019,68900,163400,232300
70826406055,2019,69100,185100,254200
70826406063,2019,69400,159600,229000
70826406071,2019,70100,196800,266900
70826406097,2019,70100,186000,256100
70826406104,2019,71500,155400,226900
70826406112,2019,67100,169000,236100
70826406120,2019,70800,161400,232200
70826406138,2019,73100,187900,261000
70826406162,2019,70500,173300,243800
70826406170,2019,66400,159200,225600
70826406188,2019,69900,147800,217700
70826406196,2019,70700,183900,254600
70826406211,2019,70700,177500,248200
70826406229,2019,67500,174400,241900
70826406237,2019,67700,180700,248400
70826406245,2019,68300,170900,239200
70826406261,2019,70600,174100,244700
70826406279,2019,68300,186100,254400
70826407029,2019,62300,155200,217500
70826407037,2019,69700,174800,244500
70826407045,2019,70400,185300,255700
70826407053,2019,65700,178800,244500
70826407061,2019,68400,213600,282000
70826407079,2019,69900,165500,235400
70826407087,2019,68600,172700,241300
70826407095,2019,68000,144300,212300
70826407102,2019,69700,176600,246300
70826407110,2019,71000,166400,237400
70826407128,2019,69000,161500,230500
70826407136,2019,71900,165200,237100
70826407152,2019,69100,155900,225000
70826407160,2019,66400,162600,229000
70826407178,2019,67000,150500,217500
70826407186,2019,70100,170700,240800
70826407201,2019,72700,177900,250600
70826407219,2019,67900,146200,214100
70826407227,2019,70300,138200,208500
70826407235,2019,75600,147400,223000
70826407251,2019,77400,172200,249600
70826407269,2019,69800,131100,200900
70826408027,2019,69700,156700,226400
70826408035,2019,70500,170600,241100
70826408043,2019,67500,170700,238200
70826408051,2019,69400,159500,228900
70826408069,2019,72100,191600,263700
70826408085,2019,74600,169900,244500
70826408093,2019,73800,176800,250600
70826408100,2019,67700,162800,230500
70826408118,2019,67400,170200,237600
70826408126,2019,67400,154800,222200
70826408134,2019,76900,148200,225100
70826408150,2019,72600,148600,221200
70826408168,2019,69700,189200,258900
70826408176,2019,68100,186800,254900
70826408184,2019,68100,156900,225000
70826408192,2019,69100,162100,231200
70826408209,2019,74400,148600,223000
70826408225,2019,70300,179900,250200
70826408233,2019,67300,157600,224900
70826408241,2019,58500,194100,252600
70826408259,2019,69900,169100,239000
70826408275,2019,68900,168200,237100
70826408283,2019,64500,171200,235700
70826408291,2019,67100,152900,220000
70826408308,2019,70300,159300,229600
70826408324,2019,70600,170100,240700
70826408332,2019,68800,149300,218100
70826408340,2019,70800,170000,240800
70826408358,2019,70300,172900,243200
70826408366,2019,68700,181500,250200
70826408382,2019,69200,153000,222200
70826409017,2019,67600,179600,247200
70826409025,2019,61300,157600,218900
70826409033,2019,68800,161600,230400
70826409041,2019,68800,174200,243000
70826409059,2019,61300,173200,234500
70826409067,2019,68000,154900,222900
70826410014,2019,65400,152500,217900
70826410022,2019,64400,148300,212700
70826410030,2019,65800,156400,222200
70826410048,2019,69300,155100,224400
70826410064,2019,73300,175900,249200
70826410072,2019,67700,182000,249700
70826410080,2019,70000,183600,253600
70826410105,2019,76900,160700,237600
70826410113,2019,76500,199200,275700
70826410121,2019,75600,169200,244800
70826410139,2019,66500,170500,237000
70826410147,2019,72900,160600,233500
70826410155,2019,66500,190500,257000
70826410163,2019,70300,173300,243600
70826410189,2019,71400,148600,220000
70826410197,2019,67400,158400,225800
70826410204,2019,69200,183200,252400
70826410212,2019,72300,197100,269400
70826410220,2019,68700,185100,253800
70826410238,2019,71300,161500,232800
70826410254,2019,67600,168300,235900
70826410262,2019,64200,170400,234600
70826410270,2019,64000,175100,239100
70826410288,2019,70500,158500,229000
70826410296,2019,70800,166900,237700
70826410303,2019,67600,178500,246100
70826410311,2019,71700,196400,268100
70826410329,2019,69600,195600,265200
70826410345,2019,72700,187300,260000
70826410353,2019,68100,165700,233800
70826410361,2019,71600,143400,215000
70826410379,2019,72000,174200,246200
70826410387,2019,68800,155600,224400
70826410395,2019,70800,188000,258800
70826410410,2019,71900,178900,250800
70826410428,2019,67200,182800,250000
70826410436,2019,67900,177300,245200
70826410444,2019,67900,178600,246500
70826410452,2019,67200,172300,239500
70826410460,2019,71700,172200,243900
70826410486,2019,72400,183800,256200
70826410494,2019,67400,153200,220600
70826410501,2019,68000,172000,240000
70826410519,2019,67900,185900,253800
70826410527,2019,67400,172900,240300
70826410535,2019,72400,176000,248400
70826410551,2019,75200,153700,228900
70826410569,2019,69100,162600,231700
70826410577,2019,68600,163600,232200
70827201016,2019,142900,173300,316200
70828103013,2019,112300,301700,414000
70828103021,2019,105500,188100,293600
70828103039,2019,109000,221000,330000
70828103047,2019,109000,224800,333800
70828104011,2019,102000,233700,335700
70828104029,2019,102000,205800,307800
70828104037,2019,102000,258000,360000
70828104045,2019,103800,239700,343500
70828104053,2019,100800,228700,329500
70828104061,2019,98600,208200,306800
70828104079,2019,102000,197500,299500
70828104087,2019,98600,231200,329800
70828105019,2019,117000,187500,304500
70828105027,2019,108600,264800,373400
70828105035,2019,108600,221800,330400
70828105043,2019,111000,273700,384700
70828105051,2019,107700,219800,327500
70828105069,2019,112300,216800,329100
70828105077,2019,0,0,0
70828105085,2019,0,0,0
70828107015,2019,90100,201100,291200
70828107023,2019,89600,221800,311400
70828107031,2019,94700,220600,315300
70828107049,2019,94700,229800,324500
70828107057,2019,94700,202500,297200
70828107065,2019,97600,185200,282800
70828107073,2019,95400,187300,282700
70828107081,2019,88900,267400,356300
70828107099,2019,98200,201300,299500
70828107106,2019,95300,173400,268700
70828107114,2019,92400,179600,272000
70828107122,2019,92100,202900,295000
70828108013,2019,89800,211200,301000
70828108021,2019,93400,236600,330000
70828108039,2019,93200,210700,303900
70828108047,2019,93200,183500,276700
70828108055,2019,89000,173300,262300
70828108063,2019,90300,184800,275100
70828108071,2019,79500,187800,267300
70828108089,2019,90300,255500,345800
70828108097,2019,96400,233300,329700
70828109011,2019,99500,234300,333800
70828109029,2019,90100,182900,273000
70828109037,2019,88900,204400,293300
70828109045,2019,90100,218300,308400
70828109053,2019,94700,200900,295600
70828111016,2019,95200,213900,309100
70828111024,2019,95200,241600,336800
70828111032,2019,95200,239700,334900
70828111040,2019,105500,224400,329900
70828111058,2019,105500,217900,323400
70828111066,2019,105500,228300,333800
70828111074,2019,111000,229100,340100
70828111082,2019,98100,221800,319900
70828111090,2019,98100,221900,320000
70828111107,2019,97400,224200,321600
70828111115,2019,95200,195800,291000
70828111123,2019,95200,223700,318900
70828112014,2019,92400,217800,310200
70828112022,2019,88900,212600,301500
70828112030,2019,88900,226400,315300
70828112048,2019,88900,211700,300600
70828112056,2019,89600,166300,255900
70828112064,2019,90100,216700,306800
70828112072,2019,97000,185400,282400
70828112098,2019,97000,178000,275000
70828112105,2019,90100,229900,320000
70828112113,2019,90100,214400,304500
70828112121,2019,90100,229900,320000
70828112139,2019,97000,211900,308900
70828113012,2019,93900,262600,356500
70828113020,2019,88700,195100,283800
70828113038,2019,88700,185300,274000
70828113046,2019,104800,212300,317100
70828113054,2019,84200,216300,300500
70828113062,2019,90100,212900,303000
70828113070,2019,90100,183600,273700
70828113088,2019,78300,208700,287000
70828113096,2019,94700,228400,323100
70828113111,2019,92400,240400,332800
70828113129,2019,90100,171900,262000
70828113137,2019,90100,221100,311200
70828113145,2019,88900,217200,306100
70828113153,2019,88900,173600,262500
70828113161,2019,88900,211100,300000
70828113179,2019,86400,215500,301900
70828115018,2019,92400,250300,342700
70828115026,2019,88900,192600,281500
70828115034,2019,88900,205900,294800
70828115042,2019,90100,212000,302100
70828115050,2019,90100,176300,266400
70828115068,2019,90100,204900,295000
70828115076,2019,90100,229500,319600
70828115084,2019,90100,219400,309500
70828115092,2019,90100,166300,256400
70828115109,2019,92400,181500,273900
70828115117,2019,101200,186300,287500
70828115125,2019,88700,204100,292800
70828115133,2019,88700,200700,289400
70828115141,2019,93300,242000,335300
70828116016,2019,90100,199100,289200
70828116024,2019,81000,185400,266400
70828116032,2019,81700,199100,280800
70828116040,2019,80100,200400,280500
70828116058,2019,82100,156300,238400
70828116066,2019,81100,204600,285700
70828116074,2019,77700,211000,288700
70828116082,2019,81100,202900,284000
70828116090,2019,85600,203700,289300
70828117014,2019,87200,192900,280100
70828117022,2019,82700,188400,271100
70828117030,2019,82000,193000,275000
70828117048,2019,83200,184800,268000
70828117056,2019,84700,196600,281300
70828117064,2019,85000,188800,273800
70828117072,2019,85500,206500,292000
70828117080,2019,82900,208100,291000
70828118012,2019,87400,182900,270300
70828118020,2019,77700,214400,292100
70828118038,2019,77700,180900,258600
70828118062,2019,46600,200400,247000
70828118070,2019,51800,197700,249500
70828118088,2019,42000,243800,285800
70828118096,2019,35300,240300,275600
70828118103,2019,34000,244600,278600
70828118111,2019,33100,251800,284900
70828118129,2019,32000,255000,287000
70828118137,2019,31200,254300,285500
70828118145,2019,30200,247300,277500
70828118153,2019,29500,254500,284000
70828118161,2019,30400,231000,261400
70828118179,2019,29800,231200,261000
70828118187,2019,29800,249900,279700
70828118195,2019,39300,248700,288000
70828119010,2019,84400,315600,400000
70828119028,2019,112300,212200,324500
70828119036,2019,84900,248100,333000
70828119044,2019,106600,210600,317200
70828119052,2019,108400,301900,410300
70828119060,2019,108400,219200,327600
70828119078,2019,108500,213800,322300
70828119086,2019,84400,243200,327600
70828119094,2019,83600,275400,359000
70828119101,2019,108500,250300,358800
70828119119,2019,83800,278200,362000
70828119127,2019,106800,236400,343200
70828119135,2019,106800,290600,397400
70828119169,2019,98300,220700,319000
70828119177,2019,95700,180300,276000
70828119185,2019,98500,199000,297500
70828119193,2019,99600,204800,304400
70828119200,2019,97600,177400,275000
70828119218,2019,95700,212000,307700
70828119226,2019,95700,248300,344000
70828119234,2019,95700,242300,338000
70828119242,2019,95700,264000,359700
70828119250,2019,105800,176600,282400
70828120017,2019,106400,174600,281000
70828121015,2019,85500,170400,255900
70828121023,2019,77700,189400,267100
70828121031,2019,77700,184800,262500
70828121049,2019,85300,205400,290700
70828122013,2019,86500,197200,283700
70828122021,2019,80700,184300,265000
70828122039,2019,80700,184600,265300
70828122047,2019,80700,197400,278100
70828122055,2019,86700,173300,260000
70828123011,2019,85300,181700,267000
70828123029,2019,77700,187300,265000
70828123037,2019,77700,197300,275000
70828123061,2019,45900,198400,244300
70828123079,2019,52500,193400,245900
70828301021,2019,260100,232200,492300
70828301120,2019,100,0,100
70828301138,2019,800,0,800
70828301154,2019,100,0,100
70828301162,2019,100,0,100
70828301170,2019,100,0,100
70828301203,2019,174900,444000,618900
70828301211,2019,100,0,100
70828301229,2019,100,0,100
70828301245,2019,20200,0,20200
70828302061,2019,15300,0,15300
70828302079,2019,15300,0,15300
70828302087,2019,15200,0,15200
70828302095,2019,17100,0,17100
70828302102,2019,17000,0,17000
70828302110,2019,15100,0,15100
70828302128,2019,16200,0,16200
70828302136,2019,16500,0,16500
70828302144,2019,16300,0,16300
70828302152,2019,86900,0,86900
70828302160,2019,107400,0,107400
70828305023,2019,68700,285400,354100
70828305031,2019,64900,245900,310800
70828305049,2019,64900,269500,334400
70828305057,2019,71000,43500,114500
70828305065,2019,71000,0,71000
70828305073,2019,71000,299000,370000
70828305081,2019,71000,110000,181000
70828305099,2019,71000,0,71000
70828305106,2019,75500,0,75500
70828305114,2019,71000,0,71000
70828305122,2019,71000,357400,428400
70828305130,2019,12100,0,12100
70828305148,2019,12100,0,12100
70828305156,2019,12100,0,12100
70828305164,2019,12100,0,12100
70828305172,2019,12100,0,12100
70828305180,2019,12100,0,12100
70828306013,2019,41400,225600,267000
70828306021,2019,33100,225600,258700
70828306039,2019,35000,176600,211600
70828306047,2019,35000,176600,211600
70828306055,2019,35000,130000,165000
70828306063,2019,35000,130000,165000
70828306071,2019,35000,23800,58800
70828306089,2019,35000,23800,58800
70828306097,2019,35000,244900,279900
70828306104,2019,35000,244900,279900
70828306112,2019,35000,239900,274900
70828306120,2019,35000,239900,274900
70828306138,2019,35000,239900,274900
70828306146,2019,35000,239900,274900
70828306154,2019,35000,239900,274900
70828306162,2019,35000,252300,287300
70828306170,2019,35000,234900,269900
70828306188,2019,35000,237400,272400
70828306196,2019,35000,234900,269900
70828306203,2019,35000,236000,271000
70828306211,2019,35000,241100,276100
70828306229,2019,45600,227000,272600
70828307011,2019,51800,273100,324900
70828307029,2019,51400,236000,287400
70828307037,2019,51500,271100,322600
70828307045,2019,53800,234100,287900
70828307053,2019,53400,311700,365100
70828307061,2019,53900,264100,318000
70828307079,2019,54000,255900,309900
70828307087,2019,53900,225900,279800
70828307095,2019,53500,257900,311400
70828307102,2019,52700,247200,299900
70828307110,2019,51700,288200,339900
70828307128,2019,50300,239400,289700
70828307136,2019,54600,278600,333200
70828309017,2019,73800,66800,140600
70828309025,2019,64900,122200,187100
70828309033,2019,64900,0,64900
70828309041,2019,64900,0,64900
70828309059,2019,64900,0,64900
70828309067,2019,64900,175400,240300
70828309075,2019,64900,0,64900
70828309083,2019,71500,257400,328900
70828309091,2019,64900,287100,352000
70828309108,2019,80500,304700,385200
70828309116,2019,64900,46500,111400
70828309124,2019,64900,240500,305400
70828309132,2019,64900,0,64900
70828309140,2019,64900,276600,341500
70828309158,2019,64900,0,64900
70828309166,2019,64900,219800,284700
70828309174,2019,68600,241500,310100
70828309182,2019,63000,250600,313600
70828310014,2019,71500,256500,328000
70828310022,2019,77000,36000,113000
70828310030,2019,76000,247700,323700
70828310048,2019,76000,0,76000
70828310056,2019,76000,0,76000
70828310064,2019,76000,263500,339500
70828310072,2019,71500,278800,350300
70828310080,2019,64900,294500,359400
70828310098,2019,78900,306000,384900
70828310105,2019,76000,310900,386900
70828310113,2019,76000,293900,369900
70828310121,2019,76000,365900,441900
70828310139,2019,76000,326000,402000
70828310147,2019,77000,287900,364900
70828310155,2019,80500,0,80500
70828310163,2019,64900,244000,308900
70828311020,2019,64900,321800,386700
70828311038,2019,64900,334100,399000
70828311046,2019,64900,320000,384900
70828311054,2019,75500,358000,433500
70828311062,2019,64900,295000,359900
70828311070,2019,64900,313000,377900
70828311088,2019,64900,326200,391100
70828311096,2019,64900,303300,368200
70828311103,2019,64900,337500,402400
70828311111,2019,64900,274500,339400
70828311129,2019,82500,265600,348100
70828311137,2019,74000,250700,324700
70828311145,2019,89800,224800,314600
70828311153,2019,106700,199300,306000
70828311161,2019,96500,204500,301000
70828311179,2019,66600,207700,274300
70828311187,2019,66000,243600,309600
70828312010,2019,71500,231700,303200
70828312028,2019,71000,281000,352000
70828312036,2019,71000,282200,353200
70828312044,2019,71000,278000,349000
70828312052,2019,71000,281700,352700
70828312060,2019,71000,304000,375000
70828312078,2019,83600,254300,337900
70828312086,2019,77600,270100,347700
70828312094,2019,77200,212800,290000
70828312101,2019,75000,327900,402900
70828312119,2019,75000,284000,359000
70828312127,2019,75000,353900,428900
70828312135,2019,75000,350100,425100
70828312143,2019,75000,292900,367900
70828312151,2019,78900,306100,385000
70828312169,2019,64900,265000,329900
70828313109,2019,16700,0,16700
70828314016,2019,88800,313600,402400
70828314024,2019,88800,118000,206800
70828314032,2019,88800,298300,387100
70828314040,2019,88500,0,88500
70828314058,2019,88000,302600,390600
70828314066,2019,88000,255200,343200
70828314074,2019,88000,251800,339800
70828314090,2019,92400,336600,429000
70828314107,2019,92400,301700,394100
70828314115,2019,92400,295300,387700
70828314123,2019,92400,299200,391600
70828314131,2019,92400,347500,439900
70828314149,2019,92400,326100,418500
70828314157,2019,92400,311500,403900
70828314165,2019,92400,337500,429900
70828314173,2019,92400,263100,355500
70828314181,2019,92400,452100,544500
70828314199,2019,89300,260100,349400
70828314206,2019,78100,326800,404900
70828314214,2019,95100,321900,417000
70828314503,2019,100,0,100
70828314529,2019,100,0,100
70828314537,2019,100,0,100
70828314545,2019,1200,0,1200
70828314553,2019,23000,0,23000
70828314595,2019,20600,0,20600
70828316012,2019,100,0,100
70828316020,2019,100,0,100
70828316038,2019,100,0,100
70828316062,2019,100,0,100
70828316070,2019,100,0,100
70828316096,2019,100,0,100
70828316111,2019,100,0,100
70828316137,2019,100,0,100
70828320013,2019,18900,0,18900
70828321011,2019,13400,0,13400
70828321029,2019,12200,0,12200
70828321037,2019,12200,0,12200
70828321045,2019,12200,0,12200
70828321053,2019,12200,0,12200
70828321061,2019,12200,0,12200
70828321079,2019,12300,0,12300
70828321087,2019,10700,0,10700
70828321095,2019,13400,0,13400
70828401037,2019,0,0,0
70828401053,2019,0,0,0
70828401095,2019,0,0,0
70828403017,2019,0,0,0
70828403041,2019,0,0,0
70828403059,2019,0,0,0
70828404031,2019,0,0,0
70828404057,2019,0,0,0
70828404065,2019,0,0,0
70828404073,2019,0,0,0
70828405013,2019,0,0,0
70828405039,2019,0,0,0
70828405071,2019,0,0,0
70828406053,2019,0,0,0
70828406061,2019,0,0,0
70828406087,2019,0,0,0
70828423015,2019,0,0,0
70828423049,2019,0,0,0
70828423065,2019,0,0,0
70828423073,2019,0,0,0
70829102014,2019,86700,280800,367500
70829102022,2019,76800,220100,296900
70829102030,2019,83900,268700,352600
70829102048,2019,83900,266100,350000
70829102056,2019,83900,262100,346000
70829102064,2019,74600,271400,346000
70829102072,2019,83600,277000,360600
70829102080,2019,75900,310700,386600
70829102098,2019,75400,352200,427600
70829102105,2019,73700,334400,408100
70829102113,2019,76800,341200,418000
70829102121,2019,113800,303200,417000
70829102139,2019,107700,331700,439400
70829102147,2019,105800,279200,385000
70829102155,2019,106100,243900,350000
70829102163,2019,66900,318700,385600
70829102171,2019,70300,338600,408900
70829102189,2019,103900,242100,346000
70829102197,2019,106900,245900,352800
70829102204,2019,98600,262400,361000
70829102212,2019,103700,336300,440000
70829102220,2019,72700,282800,355500
70829102238,2019,103600,232400,336000
70829102246,2019,104100,322900,427000
70829102254,2019,82700,306400,389100
70829102262,2019,98200,225800,324000
70829102270,2019,98600,256400,355000
70829102288,2019,113300,214300,327600
70829102296,2019,110300,311000,421300
70829102303,2019,109300,225900,335200
70829102311,2019,107800,291400,399200
70829102329,2019,102500,229500,332000
70829102337,2019,102500,300100,402600
70829102345,2019,102600,238400,341000
70829102353,2019,102600,211400,314000
70829102361,2019,102600,222400,325000
70829102379,2019,105900,213100,319000
70829103012,2019,68700,290300,359000
70829103020,2019,52100,237800,289900
70829103038,2019,53700,257300,311000
70829103046,2019,52900,260100,313000
70829103054,2019,52900,254100,307000
70829103062,2019,52900,233100,286000
70829103070,2019,56200,244300,300500
70829103088,2019,95300,233700,329000
70829103096,2019,94600,249400,344000
70829103103,2019,66900,261100,328000
70829103111,2019,0,0,0
70829103129,2019,85900,239100,325000
70829103137,2019,96400,301400,397800
70829103145,2019,91200,333800,425000
70829103153,2019,102500,280500,383000
70829104010,2019,59900,239100,299000
70829104028,2019,41300,250700,292000
70829104036,2019,51000,240000,291000
70829104044,2019,51000,273000,324000
70829104052,2019,41900,310100,352000
70829104060,2019,51000,284000,335000
70829104078,2019,51000,296900,347900
70829104086,2019,41900,331700,373600
70829104094,2019,51000,328300,379300
70829104101,2019,51000,263000,314000
70829104119,2019,51000,279000,330000
70829104127,2019,58400,289600,348000
70829104135,2019,52800,257100,309900
70829104143,2019,47400,312600,360000
70829104151,2019,47400,311900,359300
70829104169,2019,47400,254700,302100
70829104177,2019,39000,280200,319200
70829104185,2019,47400,268600,316000
70829104193,2019,47400,253600,301000
70829104200,2019,39000,243000,282000
70829104218,2019,47400,257000,304400
70829104226,2019,47400,256600,304000
70829104234,2019,39000,253000,292000
70829104242,2019,54600,246000,300600
70829105018,2019,55400,263600,319000
70829105026,2019,39000,252000,291000
70829105034,2019,47400,254400,301800
70829105042,2019,47400,256600,304000
70829105050,2019,39000,245000,284000
70829105068,2019,47400,272600,320000
70829105076,2019,47400,276600,324000
70829105084,2019,39000,296000,335000
70829105092,2019,47400,236600,284000
70829105109,2019,47400,270600,318000
70829105117,2019,47400,234600,282000
70829105125,2019,51100,268900,320000
70829105133,2019,51100,268800,319900
70829105141,2019,47400,278600,326000
70829105159,2019,47400,294900,342300
70829105167,2019,47400,238400,285800
70829105175,2019,39000,260900,299900
70829105183,2019,47400,272400,319800
70829105191,2019,47400,289200,336600
70829105208,2019,47400,240300,287700
70829105216,2019,47400,263000,310400
70829105224,2019,47900,290100,338000
70829105232,2019,42500,282000,324500
70829105240,2019,69200,295600,364800
70829106016,2019,97000,233500,330500
70829106024,2019,73700,260400,334100
70829106032,2019,73700,255100,328800
70829106040,2019,80600,328500,409100
70829106058,2019,80600,274300,354900
70829106066,2019,80600,334600,415200
70829106074,2019,84100,367600,451700
70829107014,2019,79600,257600,337200
70829107022,2019,73800,234400,308200
70829107030,2019,75700,287600,363300
70829107048,2019,78200,272300,350500
70829107056,2019,79900,243100,323000
70829107064,2019,79900,194000,273900
70829107072,2019,79900,286900,366800
70829107080,2019,79900,319000,398900
70829107098,2019,79900,311400,391300
70829107105,2019,79900,302300,382200
70829107113,2019,79900,318200,398100
70829107121,2019,90200,315300,405500
70829108012,2019,105500,273500,379000
70829108020,2019,86000,233400,319400
70829108038,2019,86000,143200,229200
70829108046,2019,86000,225500,311500
70829108054,2019,86000,286400,372400
70829108062,2019,86000,184000,270000
70829108070,2019,88700,242300,331000
70829108088,2019,88700,217000,305700
70829108096,2019,90100,233600,323700
70829108103,2019,90000,230000,320000
70829108111,2019,91200,151300,242500
70829108129,2019,95800,222800,318600
70829108137,2019,77400,244500,321900
70829108145,2019,77400,325700,403100
70829108153,2019,77400,249600,327000
70829108161,2019,77400,284300,361700
70829108179,2019,77300,266700,344000
70829108187,2019,76200,273500,349700
70829108195,2019,89900,258100,348000
70829108202,2019,97600,232400,330000
70829108210,2019,88400,233600,322000
70829108228,2019,82400,243600,326000
70829108236,2019,95300,253800,349100
70829108244,2019,74500,231500,306000
70829108252,2019,71900,313300,385200
70829108260,2019,73500,282500,356000
70829108278,2019,79700,255900,335600
70829108286,2019,95700,298300,394000
70829108294,2019,94600,390700,485300
70829108301,2019,93300,400700,494000
70829108319,2019,93100,367800,460900
70829108327,2019,93100,344900,438000
70829108335,2019,96500,319200,415700
70829108343,2019,100700,304100,404800
70829108351,2019,114900,405100,520000
70829108369,2019,111300,394200,505500
70829108377,2019,107700,314200,421900
70829108385,2019,105200,264800,370000
70829108393,2019,107400,382100,489500
70829108400,2019,105200,290200,395400
70829108418,2019,108800,0,108800
70829109010,2019,89500,0,89500
70829109028,2019,111900,0,111900
70829109036,2019,105200,0,105200
70829109044,2019,97300,0,97300
70829109052,2019,97300,236100,333400
70829109060,2019,97300,294700,392000
70829109078,2019,96600,267400,364000
70829109086,2019,101700,333300,435000
70829109094,2019,97300,317700,415000
70829109101,2019,99000,350000,449000
70829109119,2019,97300,312600,409900
70829109127,2019,99000,315000,414000
70829109135,2019,97300,318700,416000
70829109143,2019,109900,49300,159200
70829109151,2019,109900,423200,533100
70829109169,2019,91300,358600,449900
70829109177,2019,78000,311900,389900
70829109185,2019,78000,0,78000
70829110017,2019,80300,274200,354500
70829110025,2019,106100,115700,221800
70829110033,2019,104200,296600,400800
70829110041,2019,101200,365900,467100
70829110059,2019,99700,0,99700
70829110067,2019,94700,323300,418000
70829110075,2019,99700,0,99700
70829110083,2019,95600,300400,396000
70829110091,2019,99700,336900,436600
70829110108,2019,94700,335200,429900
70829110116,2019,99700,350400,450100
70829110124,2019,105800,298200,404000
70829110132,2019,89500,233500,323000
70829110140,2019,87400,328600,416000
70829110158,2019,87400,282800,370200
70829110166,2019,87400,259900,347300
70829110174,2019,87400,247600,335000
70829110182,2019,87400,251600,339000
70829110190,2019,87400,246600,334000
70829110207,2019,87400,291600,379000
70829110215,2019,87400,272600,360000
70829110223,2019,87400,242600,330000
70829110231,2019,88700,244300,333000
70829110249,2019,81300,288700,370000
70829110257,2019,81500,341300,422800
70829110265,2019,90000,238000,328000
70829110273,2019,73800,295100,368900
70829110281,2019,80700,0,80700
70829110299,2019,83200,0,83200
70829111015,2019,97900,391200,489100
70829111023,2019,92500,320400,412900
70829111031,2019,85200,104800,190000
70829111049,2019,85200,333900,419100
70829111057,2019,85200,56600,141800
70829111065,2019,85200,293300,378500
70829111073,2019,85200,388000,473200
70829111081,2019,93800,345500,439300
70829111099,2019,100000,391400,491400
70829111106,2019,89400,411800,501200
70829111114,2019,85800,433100,518900
70829111122,2019,78000,134600,212600
70829111130,2019,82500,314500,397000
70829111172,2019,98000,0,98000
70829111180,2019,71300,0,71300
70829111198,2019,71300,0,71300
70829111205,2019,73800,0,73800
70829111213,2019,73800,0,73800
70829111221,2019,71300,0,71300
70829111239,2019,13500,0,13500
70829111247,2019,14000,0,14000
70829111255,2019,14000,0,14000
70829111263,2019,13500,0,13500
70829111271,2019,13500,0,13500
70829111289,2019,14000,0,14000
70829112013,2019,76100,259900,336000
70829112021,2019,73800,291200,365000
70829112039,2019,73800,244200,318000
70829112047,2019,73800,291200,365000
70829112055,2019,73800,243200,317000
70829112063,2019,77500,324500,402000
70829112071,2019,79000,311600,390600
70829112089,2019,81000,317600,398600
70829112097,2019,77900,329100,407000
70829112104,2019,78800,368800,447600
70829405012,2019,10200,0,10200
70829405020,2019,50400,0,50400
70829405038,2019,45900,0,45900
70829405046,2019,45900,0,45900
70829405054,2019,50600,0,50600
70829405062,2019,52300,0,52300
70829405070,2019,56200,0,56200
70829405088,2019,75700,0,75700
70829406010,2019,11100,0,11100
70829406028,2019,9300,0,9300
70829407018,2019,12000,0,12000
70829407026,2019,9600,0,9600
70829409022,2019,14000,0,14000
70829409030,2019,80900,0,80900
70829409048,2019,85600,0,85600
70829409056,2019,95900,0,95900
70829409064,2019,14500,0,14500
70829409072,2019,12400,0,12400
70829409080,2019,12400,0,12400
70829410110,2019,13200,0,13200
70829413073,2019,14800,0,14800
70829413114,2019,13500,0,13500
70829414047,2019,10500,0,10500
70829414055,2019,10500,0,10500
70829414104,2019,10100,0,10100
70829414112,2019,12200,0,12200
70833101028,2019,163700,772300,936000
70833101036,2019,163700,412100,575800
70833101044,2019,163700,566100,729800
70833101052,2019,163700,545400,709100
70833101060,2019,159200,408300,567500
70833101078,2019,159200,389700,548900
70833101086,2019,159200,403500,562700
70833101094,2019,159200,423200,582400
70833101101,2019,159200,490800,650000
70833101119,2019,159200,390900,550100
70833101127,2019,159200,389700,548900
70833101135,2019,159200,460800,620000
70833102018,2019,131800,355200,487000
70833102026,2019,131800,374400,506200
70833102034,2019,146700,343700,490400
70833102042,2019,146700,385200,531900
70833102050,2019,146700,333100,479800
70833102068,2019,146700,344800,491500
70833102076,2019,146700,431700,578400
70833102084,2019,145000,320600,465600
70833102092,2019,143000,334400,477400
70833102109,2019,131800,281300,413100
70833102117,2019,120400,333200,453600
70833102125,2019,133600,384800,518400
70833102133,2019,133600,384200,517800
70833102141,2019,133600,306000,439600
70833102159,2019,133600,360200,493800
70833102167,2019,133600,342000,475600
70833102175,2019,133600,355900,489500
70833102183,2019,133600,361400,495000
70833102191,2019,133600,503300,636900
70833102208,2019,133600,281500,415100
70833102216,2019,188100,359500,547600
70833102224,2019,116700,432900,549600
70833103024,2019,129900,408800,538700
70833103032,2019,129900,429100,559000
70833103040,2019,129900,354000,483900
70833103058,2019,129900,393600,523500
70833103066,2019,129900,385100,515000
70833103074,2019,129900,434800,564700
70833103082,2019,126000,375800,501800
70833104014,2019,126000,341100,467100
70833104022,2019,160100,329900,490000
70833104030,2019,160100,544100,704200
70833104048,2019,160100,454900,615000
70833104056,2019,135500,314500,450000
70833104064,2019,141200,420400,561600
70833104072,2019,135500,394500,530000
70833105012,2019,126000,364800,490800
70833105020,2019,126000,408100,534100
70833105038,2019,141200,372000,513200
70833105046,2019,141200,330400,471600
70833105054,2019,116700,364000,480700
70833105062,2019,116700,368100,484800
70833105070,2019,141200,424100,565300
70833105088,2019,141200,529700,670900
70833106010,2019,135500,319400,454900
70833106028,2019,135500,317700,453200
70833106036,2019,135500,440700,576200
70833106044,2019,126000,490200,616200
70833106052,2019,141200,428200,569400
70833106060,2019,139400,326000,465400
70833106078,2019,135500,487700,623200
70833106086,2019,135500,423500,559000
70833106094,2019,126000,417300,543300
70833107018,2019,135500,402000,537500
70833107026,2019,135500,364100,499600
70833107034,2019,135500,469100,604600
70833107042,2019,129900,386100,516000
70833107050,2019,126000,396400,522400
70833107068,2019,103700,351500,455200
70833107076,2019,102600,298900,401500
70833107084,2019,102600,368600,471200
70833107092,2019,102600,305700,408300
70833107109,2019,104300,349700,454000
70833107117,2019,63200,263800,327000
70833107125,2019,63200,254600,317800
70833107133,2019,101700,348400,450100
70833107141,2019,104900,291300,396200
70833107159,2019,126400,313600,440000
70833107167,2019,139300,321500,460800
70833107191,2019,132800,465200,598000
70833107208,2019,119600,174400,294000
70833107216,2019,139300,273600,412900
70833107224,2019,141400,254900,396300
70833107232,2019,120000,291800,411800
70833108016,2019,80400,267600,348000
70833108024,2019,78200,244700,322900
70833108032,2019,68200,255800,324000
70833108040,2019,72200,217700,289900
70833108058,2019,85100,223700,308800
70833108066,2019,78100,245300,323400
70833108074,2019,66200,229300,295500
70833108082,2019,66200,240500,306700
70833108090,2019,78800,231100,309900
70833108107,2019,71000,222300,293300
70833108115,2019,80800,253000,333800
70833108123,2019,71000,241000,312000
70833108131,2019,81800,247000,328800
70833108149,2019,82100,220400,302500
70833108157,2019,85500,242000,327500
70833109014,2019,86400,260600,347000
70833109022,2019,83800,268700,352500
70833109030,2019,73100,221600,294700
70833109048,2019,81800,233200,315000
70833109056,2019,79800,223900,303700
70833109064,2019,66200,238300,304500
70833109072,2019,78100,237000,315100
70833109080,2019,78100,232800,310900
70833109098,2019,66200,253100,319300
70833109105,2019,78100,206800,284900
70833109113,2019,78100,203300,281400
70833109121,2019,66200,229900,296100
70833109139,2019,80400,220000,300400
70833111093,2019,86800,210800,297600
70833111100,2019,96000,246000,342000
70833111118,2019,95300,244800,340100
70833111126,2019,95300,308700,404000
70833111134,2019,95300,247800,343100
70833111142,2019,95700,290700,386400
70833111150,2019,95000,261700,356700
70833111168,2019,93500,219100,312600
70833111176,2019,91300,235500,326800
70833111184,2019,91300,267100,358400
70833111192,2019,91300,271000,362300
70833111209,2019,91300,290000,381300
70833111217,2019,99500,242500,342000
70833111225,2019,86500,279500,366000
70833111233,2019,87700,252300,340000
70833113099,2019,97200,233000,330200
70833113106,2019,97700,278800,376500
70833113114,2019,97700,247300,345000
70833113122,2019,101200,268800,370000
70833113130,2019,95900,237200,333100
70833113148,2019,95900,264400,360300
70833113156,2019,97200,256400,353600
70833113164,2019,99300,334400,433700
70833113172,2019,99300,364700,464000
70833113180,2019,99300,291900,391200
70833113198,2019,95300,221400,316700
70833113205,2019,97200,262500,359700
70833115102,2019,95400,262600,358000
70833115110,2019,98700,235000,333700
70833115128,2019,102100,257800,359900
70833115136,2019,99100,193100,292200
70833115144,2019,99100,306500,405600
70833115152,2019,96400,238700,335100
70833115160,2019,105900,260600,366500
70833115178,2019,103500,277400,380900
70833115186,2019,97400,250600,348000
70833115194,2019,96300,243700,340000
70833116019,2019,85800,217400,303200
70833116027,2019,85100,264300,349400
70833116035,2019,85100,254900,340000
70833116043,2019,85100,236900,322000
70833116051,2019,85100,227100,312200
70833116069,2019,85100,244900,330000
70833116077,2019,85100,248700,333800
70833116085,2019,85100,256900,342000
70833116093,2019,85100,259200,344300
70833116100,2019,85100,258300,343400
70833116134,2019,96400,223900,320300
70833116142,2019,88600,246400,335000
70833116150,2019,85100,266400,351500
70833117025,2019,85200,193100,278300
70833117033,2019,85200,195000,280200
70833117041,2019,86100,210700,296800
70833118015,2019,90200,240900,331100
70833118023,2019,89400,290100,379500
70833118031,2019,89400,238700,328100
70833118049,2019,89600,219800,309400
70833118057,2019,96900,258100,355000
70833118065,2019,91400,254900,346300
70833118073,2019,92000,235600,327600
70833118081,2019,91300,250900,342200
70833118099,2019,86700,290100,376800
70833118106,2019,86700,285300,372000
70833118114,2019,86700,240800,327500
70833118122,2019,86700,235700,322400
70833118130,2019,87700,317900,405600
70833118148,2019,85700,271800,357500
70833118156,2019,82500,292500,375000
70833118164,2019,88900,311000,399900
70833118172,2019,100700,304200,404900
70833118180,2019,108200,380600,488800
70833118198,2019,157500,354600,512100
70833118213,2019,76000,361100,437100
70833118221,2019,80400,283700,364100
70833118239,2019,69700,312700,382400
70833118247,2019,76000,315000,391000
70833118255,2019,75000,303100,378100
70833118263,2019,69700,294300,364000
70833118271,2019,62100,341300,403400
70833118289,2019,94200,323800,418000
70833118297,2019,90000,329200,419200
70833119104,2019,87900,243000,330900
70833119112,2019,91100,299900,391000
70833119120,2019,87900,307100,395000
70833119138,2019,99600,248800,348400
70833119146,2019,103900,277600,381500
70833119162,2019,98600,297700,396300
70833119170,2019,94200,305800,400000
70833119188,2019,98600,321600,420200
70833119196,2019,100700,293600,394300
70833119203,2019,100700,305500,406200
70833119211,2019,111400,315400,426800
70833119229,2019,100700,347300,448000
70833119237,2019,64300,300700,365000
70833119245,2019,63200,241600,304800
70833119253,2019,101200,239900,341100
70833119261,2019,100000,267400,367400
70833119279,2019,99200,420800,520000
70833119287,2019,104400,352100,456500
70833119295,2019,98400,274100,372500
70833119302,2019,104500,354100,458600
70833121141,2019,95600,224800,320400
70833121159,2019,105800,304900,410700
70833121167,2019,97300,261500,358800
70833121175,2019,95900,268100,364000
70833121183,2019,104800,310300,415100
70833121191,2019,96700,293300,390000
70833121208,2019,95000,251200,346200
70833121216,2019,95800,240100,335900
70833121224,2019,105400,237100,342500
70833121232,2019,95300,310200,405500
70833121240,2019,102000,265000,367000
70833121258,2019,98500,281100,379600
70833121266,2019,96400,278600,375000
70833121274,2019,95100,279100,374200
70833122016,2019,73000,303300,376300
70833122032,2019,115100,306900,422000
70833123022,2019,88400,278000,366400
70833123030,2019,106300,359500,465800
70833123048,2019,88400,280800,369200
70833123056,2019,101000,316800,417800
70833123064,2019,104100,365900,470000
70833123072,2019,101000,251500,352500
70833123080,2019,107200,380800,488000
70833123098,2019,107200,371200,478400
70833123105,2019,107200,321200,428400
70833123121,2019,108100,354700,462800
70833123139,2019,93400,308100,401500
70833123147,2019,107200,388600,495800
70833123155,2019,99900,475000,574900
70833123163,2019,99900,319300,419200
70833123171,2019,99900,299600,399500
70833123189,2019,107200,308700,415900
70833123197,2019,104300,344800,449100
70833124012,2019,63200,316900,380100
70833124088,2019,63200,307800,371000
70833124096,2019,63200,247000,310200
70833124103,2019,101000,266200,367200
70833124111,2019,101400,457600,559000
70833124129,2019,99000,347400,446400
70833124137,2019,106400,413200,519600
70833201026,2019,99300,211000,310300
70833201034,2019,102400,184100,286500
70833201042,2019,108700,179300,288000
70833201050,2019,108700,179600,288300
70833201068,2019,108700,205500,314200
70833201076,2019,108700,176900,285600
70833201084,2019,108700,191300,300000
70833201092,2019,102400,211100,313500
70833201109,2019,102400,187600,290000
70833201117,2019,99300,212700,312000
70833202016,2019,100800,174200,275000
70833202024,2019,100800,204200,305000
70833202032,2019,100800,150500,251300
70833202040,2019,100800,216800,317600
70833202058,2019,100800,212200,313000
70833202066,2019,100800,198800,299600
70833202074,2019,100800,184900,285700
70833202082,2019,100800,249200,350000
70833202090,2019,102400,191100,293500
70833202115,2019,102400,242600,345000
70833202123,2019,102400,186600,289000
70833202131,2019,100800,174200,275000
70833202149,2019,100800,177000,277800
70833202157,2019,100800,185300,286100
70833202165,2019,100800,220100,320900
70833203014,2019,102400,152600,255000
70833203022,2019,102400,225000,327400
70833203030,2019,110200,237900,348100
70833203048,2019,107100,220300,327400
70833203056,2019,105700,240600,346300
70833203064,2019,116400,258700,375100
70833203080,2019,113300,226700,340000
70833203098,2019,113300,197000,310300
70833203105,2019,111600,238900,350500
70833203113,2019,111600,165400,277000
70833203121,2019,111600,193000,304600
70833203139,2019,111600,210500,322100
70833203147,2019,111600,208300,319900
70833203155,2019,102400,228000,330400
70833203163,2019,102400,198900,301300
70833203171,2019,111600,227600,339200
70833203189,2019,111600,232100,343700
70833203197,2019,111600,165000,276600
70833203204,2019,111600,145200,256800
70833203212,2019,116400,164200,280600
70833203220,2019,113300,152100,265400
70833203238,2019,113300,224000,337300
70833203246,2019,116400,247600,364000
70833203254,2019,116400,203400,319800
70833203262,2019,110200,289700,399900
70833203270,2019,111600,225700,337300
70833203288,2019,107100,214900,322000
70833203296,2019,102400,196700,299100
70833204012,2019,102400,277600,380000
70833204020,2019,108700,235300,344000
70833204038,2019,113300,280100,393400
70833204046,2019,113300,302700,416000
70833204054,2019,113300,230700,344000
70833204062,2019,113300,239700,353000
70833204070,2019,113300,281500,394800
70833204088,2019,113300,238700,352000
70833204103,2019,111600,287400,399000
70833204111,2019,114900,255300,370200
70833204129,2019,117900,275500,393400
70833204137,2019,121000,237000,358000
70833204145,2019,121000,261000,382000
70833204153,2019,124200,309800,434000
70833204161,2019,117900,271100,389000
70833204179,2019,114900,261000,375900
70833204187,2019,111600,240400,352000
70833204195,2019,111600,263900,375500
70833204202,2019,105700,258300,364000
70833207016,2019,88800,331200,420000
70833207024,2019,97900,328800,426700
70833207032,2019,100900,263100,364000
70833207040,2019,100300,285400,385700
70833207058,2019,100300,304300,404600
70833207066,2019,97900,320100,418000
70833207074,2019,106900,348100,455000
70833207082,2019,99900,290100,390000
70833208014,2019,89900,293100,383000
70833208022,2019,101900,272400,374300
70833208030,2019,101900,272500,374400
70833208048,2019,101900,256900,358800
70833208056,2019,101900,262600,364500
70833208064,2019,97900,267600,365500
70833209012,2019,99900,321900,421800
70833209020,2019,109900,248900,358800
70833209038,2019,109900,307500,417400
70833209046,2019,109900,306000,415900
70833209054,2019,109900,287900,397800
70833209062,2019,109900,274600,384500
70833209070,2019,109900,299300,409200
70833209088,2019,102900,302600,405500
70833210019,2019,110900,250300,361200
70833210027,2019,107900,287100,395000
70833210035,2019,111900,376700,488600
70833210043,2019,111900,278000,389900
70833210051,2019,111900,330800,442700
70833210069,2019,107900,120100,228000
70833210077,2019,107900,275900,383800
70833210085,2019,98900,322100,421000
70833210093,2019,99200,331800,431000
70833210100,2019,119900,267000,386900
70833210118,2019,114900,0,114900
70833210126,2019,114900,0,114900
70833210134,2019,114900,327600,442500
70833210142,2019,114900,345100,460000
70833210150,2019,114900,276400,391300
70833211017,2019,105900,0,105900
70833211025,2019,109900,305600,415500
70833211033,2019,109900,307100,417000
70833211041,2019,114900,348000,462900
70833211059,2019,114900,310100,425000
70833211067,2019,109900,305100,415000
70833211075,2019,106300,262700,369000
70833301024,2019,112900,359600,472500
70833301032,2019,116700,341400,458100
70833301040,2019,116700,346100,462800
70833301058,2019,116700,303300,420000
70833301066,2019,116700,376400,493100
70833301074,2019,116700,308300,425000
70833301082,2019,116700,368100,484800
70833301090,2019,116700,423200,539900
70833301107,2019,116700,427900,544600
70833301115,2019,116700,399000,515700
70833301123,2019,116700,342700,459400
70833301131,2019,116700,291600,408300
70833301149,2019,116700,267100,383800
70833301157,2019,116700,378500,495200
70833301165,2019,116700,356500,473200
70833301173,2019,116700,351400,468100
70833301181,2019,116700,331300,448000
70833301199,2019,109300,450600,559900
70833302014,2019,126000,577200,703200
70833302022,2019,135500,403900,539400
70833302030,2019,135500,407100,542600
70833302048,2019,135500,512700,648200
70833302056,2019,167400,532000,699400
70833302064,2019,197600,404600,602200
70833302072,2019,216500,316300,532800
70833302080,2019,216500,463500,680000
70833302098,2019,216500,795100,1011600
70833302105,2019,216500,533500,750000
70833302113,2019,216500,359500,576000
70833302121,2019,216500,544700,761200
70833302139,2019,216500,335300,551800
70833302147,2019,216500,543700,760200
70833302155,2019,216500,677900,894400
70833302163,2019,216500,395100,611600
70833302171,2019,216500,417900,634400
70833302189,2019,210800,470400,681200
70833302197,2019,153100,475100,628200
70833302212,2019,282500,653200,935700
70833302220,2019,282500,562500,845000
70833302238,2019,282500,626500,909000
70833302246,2019,282500,661900,944400
70833302254,2019,282500,1019900,1302400
70833302262,2019,320000,834000,1154000
70833302270,2019,414200,1473300,1887500
70833302288,2019,291800,587200,879000
70833302303,2019,458200,1168600,1626800
70833302311,2019,291800,624200,916000
70833302329,2019,282500,1012500,1295000
70833302337,2019,313700,731000,1044700
70833302353,2019,188100,427400,615500
70833302361,2019,207000,340000,547000
70833302379,2019,207000,314000,521000
70833302387,2019,207000,380600,587600
70833302395,2019,207000,477700,684700
70833302402,2019,207000,428500,635500
70833302410,2019,207000,446000,653000
70833302428,2019,207000,331900,538900
70833302436,2019,207000,448800,655800
70833302444,2019,207000,388400,595400
70833302452,2019,207000,341700,548700
70833302460,2019,207000,396700,603700
70833302478,2019,207000,382000,589000
70833302486,2019,207000,497300,704300
70833302494,2019,188100,481500,669600
70833302501,2019,188100,408400,596500
70833302519,2019,139400,417600,557000
70833302527,2019,197600,302400,500000
70833302535,2019,216500,370400,586900
70833302543,2019,216500,420500,637000
70833302551,2019,216500,303500,520000
70833302569,2019,216500,296000,512500
70833302577,2019,216500,337200,553700
70833302585,2019,216500,458500,675000
70833302593,2019,216500,325100,541600
70833302600,2019,216500,380200,596700
70833302618,2019,216500,533800,750300
70833302626,2019,216500,421400,637900
70833302634,2019,216500,672700,889200
70833302642,2019,224000,483200,707200
70833302650,2019,190100,583000,773100
70833303012,2019,124200,424500,548700
70833303020,2019,145000,403600,548600
70833303038,2019,145000,478200,623200
70833303046,2019,145000,432200,577200
70833303054,2019,145000,388000,533000
70833303062,2019,145000,431200,576200
70833303070,2019,145000,484000,629000
70833303088,2019,129900,390800,520700
70833304010,2019,132400,434200,566600
70833304028,2019,132400,447600,580000
70833304036,2019,166900,795100,962000
70833304044,2019,131400,477200,608600
70833304052,2019,132400,380100,512500
70833304060,2019,132400,314700,447100
70833304078,2019,132400,410900,543300
70833304086,2019,132400,362600,495000
70833304094,2019,132400,522600,655000
70833304101,2019,132400,412200,544600
70833304119,2019,132400,374500,506900
70833304127,2019,132400,475200,607600
70833304135,2019,132400,367800,500200
70833304143,2019,116300,486700,603000
70833304151,2019,122700,407300,530000
70833304169,2019,122700,443700,566400
70833304177,2019,122700,373000,495700
70833304185,2019,122700,389800,512500
70833304193,2019,122700,384500,507200
70833304200,2019,122700,444400,567100
70833304218,2019,122700,385300,508000
70833304226,2019,122700,445100,567800
70833304234,2019,122700,392300,515000
70833304242,2019,122700,434100,556800
70833304250,2019,122700,377100,499800
70833304268,2019,122700,331300,454000
70833304276,2019,122700,434000,556700
70833305026,2019,139400,326300,465700
70833305034,2019,139400,265100,404500
70833305042,2019,124200,181400,305600
70833306016,2019,169500,636200,805700
70833306024,2019,169500,355700,525200
70833306032,2019,169500,505500,675000
70833306040,2019,169500,403600,573100
70833306058,2019,169500,338300,507800
70833306066,2019,169500,408500,578000
70833307014,2019,116700,338400,455100
70833307022,2019,116700,424100,540800
70833401022,2019,171800,679500,851300
70833401030,2019,179900,407100,587000
70833401048,2019,188700,417800,606500
70833401056,2019,196700,476200,672900
70833401064,2019,204700,410600,615300
70833401072,2019,212800,369000,581800
70833401080,2019,212800,356500,569300
70833401098,2019,212800,407200,620000
70833401105,2019,235400,524700,760100
70833401121,2019,235400,484300,719700
70833401139,2019,235400,746000,981400
70833401147,2019,235400,503900,739300
70833401155,2019,235400,435400,670800
70833401163,2019,226000,546500,772500
70833401171,2019,226000,783400,1009400
70833401189,2019,226000,545300,771300
70833401197,2019,178800,489800,668600
70833401204,2019,216500,360800,577300
70833401212,2019,216500,311600,528100
70833401220,2019,216500,500100,716600
70833401238,2019,216500,297400,513900
70833401246,2019,216500,435600,652100
70833401254,2019,216500,365700,582200
70833401262,2019,231700,392200,623900
70833401288,2019,193900,511900,705800
70833401303,2019,169500,373500,543000
70833401311,2019,169500,344300,513800
70833401329,2019,169500,335700,505200
70833401337,2019,141200,522200,663400
70833401345,2019,141200,378700,519900
70833402012,2019,163800,482700,646500
70833402020,2019,160100,358900,519000
70833402038,2019,160100,418200,578300
70833402046,2019,160100,340600,500700
70833402054,2019,160100,351200,511300
70833402062,2019,160100,337400,497500
70833402070,2019,160100,373900,534000
70833402088,2019,160100,501000,661100
70833402096,2019,126000,536500,662500
70833402103,2019,135500,582500,718000
70833402111,2019,135500,293000,428500
70833402129,2019,135500,421200,556700
70833402137,2019,135500,425900,561400
70833402145,2019,129900,358800,488700
70833402153,2019,129900,390800,520700
70833402161,2019,129900,441800,571700
70833402187,2019,135500,415700,551200
70833403010,2019,216500,399700,616200
70833403028,2019,216500,409600,626100
70833403036,2019,216500,368400,584900
70833403044,2019,208500,419400,627900
70833403052,2019,198300,512000,710300
70833403060,2019,189600,422400,612000
70833403078,2019,175800,561500,737300
70833403086,2019,189600,362600,552200
70833403094,2019,199800,416400,616200
70833403101,2019,208500,508200,716700
70833403119,2019,216500,363700,580200
70833403127,2019,216500,424700,641200
70833403135,2019,216500,391900,608400
70833403143,2019,216500,515500,732000
70833403151,2019,216500,370500,587000
70833403177,2019,263700,436400,700100
70833403185,2019,273000,777000,1050000
70833403193,2019,282500,454800,737300
70833404018,2019,129900,376300,506200
70833404026,2019,139400,372800,512200
70833404034,2019,139400,287100,426500
70833404042,2019,139400,360600,500000
70833404050,2019,139400,360700,500100
70833404068,2019,139400,287200,426600
70833404076,2019,139400,375100,514500
70833404084,2019,139400,499400,638800
70833404092,2019,139400,456100,595500
70833404109,2019,139400,351400,490800
70834101027,2019,124100,308500,432600
70834101035,2019,128500,320500,449000
70834101043,2019,139300,377300,516600
70834101051,2019,105800,492700,598500
70834101069,2019,121700,245800,367500
70834101085,2019,121700,414600,536300
70834101093,2019,121700,321400,443100
70834101118,2019,52500,220500,273000
70834102033,2019,63400,165600,229000
70834102041,2019,63400,181600,245000
70834103015,2019,129300,264500,393800
70834103023,2019,113400,31100,144500
70834103049,2019,131400,460600,592000
70834103057,2019,133900,475100,609000
70834103065,2019,146500,320800,467300
70834103081,2019,179400,355100,534500
70834103099,2019,180400,754100,934500
70834103114,2019,151400,434500,585900
70834103122,2019,138700,417300,556000
70834201025,2019,159200,459600,618800
70834201033,2019,159200,348400,507600
70834201041,2019,159200,453000,612200
70834201059,2019,159200,563800,723000
70834201067,2019,159200,401800,561000
70834201075,2019,159200,617800,777000
70834201083,2019,159200,508300,667500
70834201091,2019,159200,373800,533000
70834201108,2019,159200,573500,732700
70834201132,2019,96100,212800,308900
70834201140,2019,96000,260700,356700
70834201158,2019,95700,256300,352000
70834201166,2019,95400,290400,385800
70834201174,2019,78600,276400,355000
70834201190,2019,82700,230300,313000
70834201207,2019,90000,261900,351900
70834201215,2019,90000,360000,450000
70834201223,2019,90000,292000,382000
70834201231,2019,90000,237500,327500
70834201249,2019,88400,247200,335600
70834201257,2019,86600,238400,325000
70834201265,2019,88500,246500,335000
70834201273,2019,84100,200400,284500
70834201281,2019,84100,220900,305000
70834201299,2019,84100,245300,329400
70834201306,2019,84100,251400,335500
70834201348,2019,78800,276200,355000
70834201356,2019,69700,354300,424000
70834201380,2019,95700,274500,370200
70834202065,2019,98800,256200,355000
70834202073,2019,98900,328100,427000
70834202099,2019,83600,228900,312500
70834202106,2019,81200,282800,364000
70834203013,2019,81100,206500,287600
70834203021,2019,83700,208500,292200
70834204011,2019,86000,229000,315000
70834204029,2019,85400,259600,345000
70834204037,2019,85400,229200,314600
70834204045,2019,85400,219600,305000
70834204053,2019,85400,254800,340200
70834204061,2019,84400,286600,371000
70834204079,2019,78500,245200,323700
70834204087,2019,79500,237000,316500
70834204095,2019,81800,227800,309600
70834204102,2019,81800,239200,321000
70834204110,2019,81800,223200,305000
70834204128,2019,81800,233200,315000
70834204136,2019,82900,264100,347000
70834205019,2019,82700,240100,322800
70834205027,2019,81600,238400,320000
70834205035,2019,81600,243900,325500
70834205043,2019,81600,230400,312000
70834205051,2019,81600,253300,334900
70834205069,2019,79600,217800,297400
70834205077,2019,81500,228800,310300
70834205085,2019,88200,241800,330000
70834205093,2019,81600,250400,332000
70834205100,2019,86000,231000,317000
70834205118,2019,81600,263700,345300
70834205126,2019,81600,244000,325600
70834205134,2019,82500,232500,315000
70834206017,2019,81400,251400,332800
70834206025,2019,82100,263200,345300
70834206033,2019,82100,245500,327600
70834206041,2019,82100,232900,315000
70834206059,2019,82100,221300,303400
70834206075,2019,82100,242800,324900
70834206083,2019,82100,229900,312000
70834206091,2019,82100,217400,299500
70834206108,2019,82100,207000,289100
70834206116,2019,81400,248600,330000
70834206124,2019,82600,262400,345000
70834206132,2019,82100,232900,315000
70834206140,2019,83200,238100,321300
70834206158,2019,81600,214400,296000
70834206166,2019,82100,238200,320300
70834207015,2019,83900,191100,275000
70834207023,2019,78500,194800,273300
70834207031,2019,82600,192400,275000
70834207049,2019,78500,212600,291100
70834207057,2019,82600,226500,309100
70834207065,2019,78500,251500,330000
70834207073,2019,78500,221500,300000
70834207081,2019,78900,241100,320000
70834207099,2019,83100,222600,305700
70834207106,2019,76600,232300,308900
70834207114,2019,78500,255500,334000
70834207122,2019,83700,227900,311600
70834207130,2019,75200,244700,319900
70834207148,2019,78000,225500,303500
70834207156,2019,78400,217000,295400
70834207164,2019,94100,231900,326000
70834207172,2019,106100,214900,321000
70834209011,2019,73500,266500,340000
70834209029,2019,74600,249400,324000
70834209037,2019,99100,224900,324000
70834209045,2019,65100,230300,295400
70834209053,2019,65100,222500,287600
70834209061,2019,74500,219300,293800
70834209079,2019,65100,233900,299000
70834209087,2019,74500,255200,329700
70834209095,2019,67800,235900,303700
70834209102,2019,65100,237600,302700
70834209110,2019,74500,225000,299500
70834209128,2019,65100,226800,291900
70834209136,2019,65200,205800,271000
70834209144,2019,74200,212800,287000
70834210018,2019,76200,248800,325000
70834210026,2019,70700,228800,299500
70834210034,2019,70700,209300,280000
70834210042,2019,87000,229000,316000
70834210050,2019,72000,200500,272500
70834210068,2019,65500,210200,275700
70834210076,2019,66600,201700,268300
70834210084,2019,74400,247100,321500
70834210092,2019,64200,235800,300000
70834210109,2019,53400,282200,335600
70834210117,2019,53400,321600,375000
70834210125,2019,83600,268900,352500
70834211016,2019,78100,269300,347400
70834211024,2019,68300,237500,305800
70834211032,2019,68300,245800,314100
70834211040,2019,68300,233300,301600
70834211058,2019,76200,222900,299100
70834211066,2019,70100,245000,315100
70834211074,2019,69800,224000,293800
70834211082,2019,75800,307400,383200
70834212014,2019,69800,220100,289900
70834212022,2019,63200,208900,272100
70834212030,2019,66200,232300,298500
70834212048,2019,70100,205100,275200
70834212056,2019,61500,219300,280800
70834212064,2019,66100,231200,297300
70834212072,2019,77600,233900,311500
70834212080,2019,77800,233200,311000
70834212098,2019,70100,244200,314300
70834212105,2019,78300,223900,302200
70834213012,2019,80500,218400,298900
70834213046,2019,86500,241200,327700
70834213054,2019,84300,243700,328000
70834215018,2019,86900,305100,392000
70834215026,2019,90000,273100,363100
70834215034,2019,90000,344100,434100
70834215042,2019,90000,292000,382000
70834215050,2019,90000,336000,426000
70834215068,2019,86900,323100,410000
70834215076,2019,86900,318000,404900
70834215084,2019,89500,352500,442000
70834215092,2019,89500,306400,395900
70834215109,2019,89500,281800,371300
70834215117,2019,89500,328700,418200
70834215125,2019,86900,312800,399700
70834216016,2019,72800,261900,334700
70834216024,2019,92000,232900,324900
70834216032,2019,90000,310900,400900
70834216040,2019,90000,300700,390700
70834216058,2019,90000,312500,402500
70834216074,2019,90000,300000,390000
70834216082,2019,90000,345000,435000
70834216090,2019,93500,304300,397800
70834216107,2019,96200,358200,454400
70834216115,2019,94500,299200,393700
70834216123,2019,86300,270400,356700
70834216131,2019,90000,330000,420000
70834216149,2019,95600,414100,509700
70834301023,2019,170000,269600,439600
70834301031,2019,170000,380000,550000
70834301049,2019,170000,317800,487800
70834301057,2019,170000,402000,572000
70834301065,2019,170000,321800,491800
70834301073,2019,170000,470600,640600
70834301081,2019,170000,343800,513800
70834301099,2019,170000,347500,517500
70834301106,2019,170000,356000,526000
70834301114,2019,170000,316700,486700
70834301122,2019,170000,425500,595500
70834301130,2019,170000,465000,635000
70834301148,2019,170000,397100,567100
70834301156,2019,170000,337800,507800
70834301164,2019,170000,375300,545300
70834302013,2019,190900,397800,588700
70834302021,2019,190900,381100,572000
70834302039,2019,190900,337200,528100
70834302047,2019,190900,493500,684400
70834302055,2019,190900,457900,648800
70834302063,2019,190900,282100,473000
70834302071,2019,190900,446100,637000
70834302089,2019,181200,377200,558400
70834303011,2019,116200,430500,546700
70834303029,2019,122100,338400,460500
70834303037,2019,122100,417800,539900
70834303045,2019,122100,328600,450700
70834303053,2019,116200,372600,488800
70834303061,2019,124100,284200,408300
70834303079,2019,130000,365000,495000
70834303087,2019,130000,300000,430000
70834303095,2019,130000,344300,474300
70834303102,2019,130000,405000,535000
70834303110,2019,124100,322000,446100
70834304019,2019,116200,412400,528600
70834304027,2019,124100,360700,484800
70834304035,2019,130000,489000,619000
70834304043,2019,130000,459300,589300
70834304051,2019,130000,411000,541000
70834304069,2019,124100,396600,520700
70834304077,2019,116200,387700,503900
70834304085,2019,122100,369500,491600
70834304093,2019,122100,317500,439600
70834304100,2019,122100,382300,504400
70834305017,2019,130000,377700,507700
70834305025,2019,132000,397800,529800
70834305033,2019,141800,335800,477600
70834305041,2019,141800,335000,476800
70834305059,2019,141800,368300,510100
70834305067,2019,141800,409400,551200
70834305075,2019,132000,335400,467400
70834305083,2019,130000,332900,462900
70834305091,2019,139700,422300,562000
70834305108,2019,139700,419100,558800
70834305116,2019,139700,365100,504800
70834305124,2019,139700,346800,486500
70834306015,2019,132000,371500,503500
70834306023,2019,133800,324500,458300
70834306031,2019,143700,353300,497000
70834306049,2019,143700,342900,486600
70834306057,2019,143700,382000,525700
70834306065,2019,133800,387900,521700
70834306073,2019,132000,344700,476700
70834306081,2019,141800,331200,473000
70834306099,2019,141800,413600,555400
70834306106,2019,141800,378900,520700
70834306114,2019,141800,344800,486600
70834307013,2019,143700,390900,534600
70834307021,2019,147700,383600,531300
70834307039,2019,182600,293200,475800
70834307047,2019,210500,304900,515400
70834307063,2019,210100,288800,498900
70834307071,2019,210100,337400,547500
70834307089,2019,210100,485500,695600
70834307097,2019,143700,343600,487300
70834307104,2019,210500,350500,561000
70834307112,2019,212800,379200,592000
70834307120,2019,212800,524800,737600
70834307138,2019,212800,475200,688000
70834307146,2019,212800,424100,636900
70834307154,2019,212800,472200,685000
70834307162,2019,212800,506900,719700
70834307188,2019,147500,587500,735000
70834307196,2019,192800,724500,917300
70834307211,2019,192800,379600,572400
70834307229,2019,192800,497200,690000
70834307237,2019,192800,436400,629200
70834307245,2019,192800,675900,868700
70834307253,2019,181500,375000,556500
70834403069,2019,61000,176000,237000
70834403077,2019,61000,178200,239200
70834403085,2019,86600,179500,266100
70834403093,2019,86600,146600,233200
70834403100,2019,86600,154700,241300
70834403118,2019,86600,158400,245000
70834403126,2019,86600,178600,265200
70834403134,2019,86600,127800,214400
70834403142,2019,86600,135600,222200
70834403150,2019,86600,153300,239900
70834403168,2019,86600,143400,230000
70834403176,2019,86600,165400,252000
70834403184,2019,86600,164500,251100
70834403192,2019,86600,186500,273100
70834403209,2019,86600,152500,239100
70834403217,2019,86600,157800,244400
70834403225,2019,86600,164000,250600
70834403233,2019,86600,170300,256900
70834403308,2019,61000,166400,227400
70834403316,2019,61000,176100,237100
70834404017,2019,99700,175900,275600
70834404025,2019,99700,157300,257000
70834404033,2019,99700,164500,264200
70834404041,2019,99700,193500,293200
70834404059,2019,99700,165500,265200
70834404067,2019,99700,149900,249600
70834404083,2019,99700,141600,241300
70834404091,2019,99700,147800,247500
70834405049,2019,61000,172700,233700
70834405057,2019,86600,137900,224500
70834405065,2019,86600,140400,227000
70834405073,2019,86600,132800,219400
70834405081,2019,86600,126600,213200
70834405099,2019,86600,123100,209700
70834405164,2019,61000,172700,233700
70835103056,2019,85800,212800,298600
70835103064,2019,74300,284400,358700
70835103072,2019,60900,255900,316800
70835103080,2019,110200,337800,448000
70835103098,2019,110000,202800,312800
70835103105,2019,109100,236700,345800
70835103113,2019,99800,238400,338200
70835103121,2019,98700,245600,344300
70835103139,2019,98400,226000,324400
70835107016,2019,109100,207000,316100
70835107024,2019,110300,319000,429300
70835107032,2019,112500,335500,448000
70835107040,2019,134700,385400,520100
70835107058,2019,111500,255800,367300
70835107066,2019,107500,323800,431300
70835107074,2019,98700,268000,366700
70835107082,2019,98100,232400,330500
70835107090,2019,101700,325400,427100
70835107107,2019,101900,359700,461600
70835107115,2019,109100,349000,458100
70835107123,2019,165200,431000,596200
70835107131,2019,123400,344600,468000
70835107149,2019,99500,345800,445300
70835107157,2019,112800,396800,509600
70835107165,2019,105500,357100,462600
70835107173,2019,106200,388100,494300
70835107181,2019,102400,326600,429000
70835107199,2019,99100,274100,373200
70835107206,2019,118300,366600,484900
70835107214,2019,103900,287700,391600
70835107222,2019,99900,341400,441300
70835107230,2019,99900,354700,454600
70835107248,2019,99900,328500,428400
70835107256,2019,103900,346800,450700
70835107264,2019,107600,403700,511300
70835107272,2019,121100,382200,503300
70835107280,2019,172000,405800,577800
70835107298,2019,192800,475400,668200
70835107305,2019,182700,470200,652900
70835107313,2019,194900,469900,664800
70835107321,2019,180400,444000,624400
70835107339,2019,216000,471600,687600
70835107355,2019,150700,676600,827300
70835107389,2019,134500,250600,385100
70835108014,2019,143400,246200,389600
70835108022,2019,113500,326500,440000
70835108030,2019,132300,485800,618100
70835108048,2019,154500,328100,482600
70835108056,2019,170500,507700,678200
70835108064,2019,140700,539100,679800
70835108072,2019,173100,482700,655800
70835108080,2019,248300,451300,699600
70835108098,2019,223500,408900,632400
70835108105,2019,212100,461800,673900
70835108113,2019,258100,415200,673300
70835108121,2019,264300,483700,748000
70835108139,2019,239600,433700,673300
70835108147,2019,177800,408100,585900
70835108155,2019,149900,456400,606300
70835108163,2019,178100,331000,509100
70835108171,2019,178200,376500,554700
70835108189,2019,167100,448600,615700
70835108197,2019,124400,396700,521100
70835108204,2019,104200,430400,534600
70835108212,2019,162500,389700,552200
70835108220,2019,150900,312400,463300
70835108238,2019,180000,333600,513600
70835108246,2019,188300,481700,670000
70835108254,2019,203000,432900,635900
70835109012,2019,116900,286100,403000
70835109020,2019,133000,352600,485600
70835109038,2019,146000,372100,518100
70835109046,2019,150900,340300,491200
70835110019,2019,159800,288500,448300
70835110027,2019,114200,372300,486500
70835110035,2019,95100,321800,416900
70835110043,2019,89500,269300,358800
70835110051,2019,73100,341400,414500
70835110069,2019,90200,348700,438900
70835110077,2019,92500,215000,307500
70835110085,2019,101500,202100,303600
70835110093,2019,140700,324200,464900
70835110100,2019,116200,174300,290500
70835110118,2019,103900,216600,320500
70835110126,2019,103800,191700,295500
70835110134,2019,73600,124700,198300
70835111017,2019,86800,263200,350000
70835111025,2019,107600,263200,370800
70835111033,2019,91800,218600,310400
70835111041,2019,118600,280200,398800
70835111059,2019,127300,295700,423000
70835111067,2019,103900,271600,375500
70835111075,2019,121700,260600,382300
70835111083,2019,110600,261700,372300
70835111091,2019,138800,229100,367900
70835112015,2019,92500,251400,343900
70835112023,2019,98000,196300,294300
70835112031,2019,92800,242200,335000
70835112049,2019,136700,228100,364800
70835112057,2019,126700,253200,379900
70835112065,2019,113300,326400,439700
70835112073,2019,90500,313600,404100
70835112081,2019,194700,319000,513700
70835112106,2019,117600,266100,383700
70835112114,2019,117900,273000,390900
70835112122,2019,122700,199200,321900
70835112130,2019,136300,248300,384600
70835112148,2019,123400,314200,437600
70835112156,2019,90900,323600,414500
70835112164,2019,144900,225900,370800
70835112172,2019,117600,355400,473000
70835112180,2019,137500,249500,387000
70835112205,2019,131400,273500,404900
70835112213,2019,131700,383500,515200
70835112221,2019,143700,304500,448200
70835112239,2019,115300,396400,511700
70835112247,2019,132100,314500,446600
70835112255,2019,116200,416200,532400
70835112263,2019,115300,260900,376200
70835112271,2019,115300,398900,514200
70835112297,2019,130300,242700,373000
70835112304,2019,100200,305600,405800
70835112312,2019,104400,405600,510000
70835113013,2019,120000,351600,471600
70835113021,2019,122900,261700,384600
70835113039,2019,117000,374000,491000
70835113047,2019,117000,319900,436900
70835113055,2019,117000,332800,449800
70835113063,2019,117400,334800,452200
70835113071,2019,125100,334000,459100
70835113089,2019,127100,301100,428200
70835113097,2019,129700,316000,445700
70835113104,2019,122900,306400,429300
70835113112,2019,131500,333400,464900
70835113120,2019,118100,231800,349900
70835113138,2019,130000,269400,399400
70835113146,2019,110200,440800,551000
70835113154,2019,113300,278400,391700
70835113162,2019,99900,176000,275900
70835113170,2019,105500,284000,389500
70835113188,2019,100300,297300,397600
70835114011,2019,132700,326800,459500
70835114029,2019,137500,423200,560700
70835114037,2019,180500,293600,474100
70835114045,2019,180600,260100,440700
70835114053,2019,164200,252200,416400
70835114061,2019,229800,322200,552000
70835114087,2019,153400,300200,453600
70835201016,2019,175900,306400,482300
70835201024,2019,168300,417400,585700
70835201032,2019,173100,474600,647700
70835201040,2019,151900,381900,533800
70835201058,2019,177100,512000,689100
70835201066,2019,175300,373600,548900
70835201074,2019,155300,476000,631300
70835201082,2019,170700,298900,469600
70835201090,2019,152900,386500,539400
70835201107,2019,137000,477800,614800
70835201115,2019,132900,340300,473200
70835202014,2019,207900,529400,737300
70835202022,2019,187300,418200,605500
70835202030,2019,170700,533100,703800
70835202048,2019,170700,557300,728000
70835202056,2019,312200,787800,1100000
70835202064,2019,200400,412500,612900
70835202072,2019,192600,374800,567400
70835202080,2019,183500,479200,662700
70835202098,2019,173300,365500,538800
70835202105,2019,162500,320800,483300
70835202113,2019,144900,398100,543000
70835202121,2019,132900,482100,615000
70835202147,2019,112400,277600,390000
70835202155,2019,108300,258300,366600
70835202163,2019,114600,278100,392700
70835202171,2019,116600,312100,428700
70835202189,2019,106200,283800,390000
70835202197,2019,106200,252600,358800
70835202204,2019,104100,261000,365100
70835202212,2019,103600,269700,373300
70835202220,2019,101800,263600,365400
70835202238,2019,102600,258100,360700
70835202246,2019,93400,254100,347500
70835202254,2019,97600,253400,351000
70835202262,2019,106200,307500,413700
70835202270,2019,106200,253000,359200
70835202288,2019,106200,266600,372800
70835202303,2019,106200,290000,396200
70835202311,2019,106200,273400,379600
70835202329,2019,106200,281200,387400
70835202337,2019,106200,228200,334400
70835202345,2019,106200,311700,417900
70835202353,2019,114700,342500,457200
70835202361,2019,123600,322600,446200
70835202379,2019,123600,243500,367100
70835202387,2019,123600,289300,412900
70835202395,2019,123400,251000,374400
70835203012,2019,124600,375900,500500
70835203020,2019,98700,372000,470700
70835203038,2019,132100,436400,568500
70835203046,2019,140700,357400,498100
70835203054,2019,157100,462100,619200
70835203062,2019,144000,400100,544100
70835203070,2019,126700,364100,490800
70835203088,2019,114300,413800,528100
70835203096,2019,101500,259100,360600
70835203103,2019,129200,355700,484900
70835203111,2019,132100,428900,561000
70835203129,2019,143000,398600,541600
70835203137,2019,160800,397000,557800
70835203145,2019,153000,572800,725800
70835203153,2019,130300,332200,462500
70835203161,2019,127100,391800,518900
70835203179,2019,128100,353200,481300
70835203187,2019,106300,365700,472000
70835203195,2019,107000,324000,431000
70835203202,2019,91500,363500,455000
70835203210,2019,128100,376900,505000
70835203228,2019,145200,307900,453100
70835203236,2019,140300,357800,498100
70835203244,2019,148100,398400,546500
70835203252,2019,154600,415400,570000
70835203260,2019,160800,400400,561200
70835203278,2019,149400,396800,546200
70835203286,2019,152300,322100,474400
70835203294,2019,141200,351900,493100
70835203301,2019,141000,320300,461300
70835203319,2019,126200,429000,555200
70835203327,2019,117600,392600,510200
70835203335,2019,129200,360800,490000
70835203343,2019,108900,339100,448000
70835203351,2019,116900,289500,406400
70835203369,2019,125100,311400,436500
70835205018,2019,95300,206300,301600
70835205026,2019,87800,227800,315600
70835205034,2019,87800,223800,311600
70835205042,2019,87800,250700,338500
70835205050,2019,87800,267900,355700
70835205068,2019,87800,213800,301600
70835205076,2019,88000,211200,299200
70835205084,2019,89500,253500,343000
70835205092,2019,96800,230800,327600
70835205109,2019,97700,228100,325800
70835205117,2019,95300,193600,288900
70835205125,2019,97600,224400,322000
70835205133,2019,100700,263100,363800
70835206016,2019,106200,226800,333000
70835206024,2019,97100,272700,369800
70835206032,2019,97100,310100,407200
70835206040,2019,97100,275500,372600
70835206058,2019,97100,294400,391500
70835206066,2019,97100,217000,314100
70835206074,2019,97100,253400,350500
70835206082,2019,97100,272900,370000
70835206090,2019,91200,241900,333100
70835206107,2019,90200,299100,389300
70835206115,2019,86900,242600,329500
70835206123,2019,84700,233000,317700
70835206131,2019,88700,244100,332800
70835206149,2019,89500,243100,332600
70835206157,2019,85300,219700,305000
70835206165,2019,87400,261900,349300
70835206173,2019,94700,218400,313100
70835206181,2019,95300,300700,396000
70835206199,2019,87800,278400,366200
70835206206,2019,86900,266400,353300
70835206214,2019,87800,216900,304700
70835206222,2019,86900,278100,365000
70835206230,2019,87800,278300,366100
70835206248,2019,86900,241700,328600
70835206256,2019,86900,271400,358300
70835207014,2019,90400,225900,316300
70835207022,2019,87800,288500,376300
70835207030,2019,88300,198700,287000
70835207048,2019,87800,258000,345800
70835207056,2019,88300,291700,380000
70835207064,2019,87800,243200,331000
70835207072,2019,88300,256500,344800
70835207080,2019,87400,230000,317400
70835207098,2019,84900,229100,314000
70835207105,2019,90200,207300,297500
70835207113,2019,85900,239400,325300
70835207121,2019,88000,223800,311800
70835207139,2019,88600,232600,321200
70835207147,2019,88000,224000,312000
70835207155,2019,88600,245400,334000
70835207163,2019,88000,211600,299600
70835207171,2019,88600,192400,281000
70835207189,2019,87800,239700,327500
70835207197,2019,97100,219900,317000
70835208012,2019,96500,234300,330800
70835208020,2019,85900,223800,309700
70835208038,2019,85900,207700,293600
70835208046,2019,85900,222300,308200
70835208054,2019,85900,220700,306600
70835208062,2019,85900,242700,328600
70835208070,2019,85900,236500,322400
70835208088,2019,85900,205000,290900
70835208096,2019,85900,228200,314100
70835208103,2019,85900,233100,319000
70835208111,2019,88600,197400,286000
70835208129,2019,84300,212100,296400
70835208137,2019,87800,191200,279000
70835208145,2019,78200,210300,288500
70835208153,2019,78200,206400,284600
70835208161,2019,78200,170000,248200
70835208179,2019,78200,206300,284500
70835208187,2019,78200,219700,297900
70835208195,2019,78200,187100,265300
70835208202,2019,78200,183700,261900
70835208210,2019,78200,189500,267700
70835208228,2019,78200,208400,286600
70835208236,2019,78200,229700,307900
70835208244,2019,78200,183800,262000
70835208252,2019,78200,191700,269900
70835208260,2019,88600,189100,277700
70835209010,2019,79600,199300,278900
70835209028,2019,78200,214000,292200
70835209036,2019,78200,187000,265200
70835209044,2019,78200,196000,274200
70835209052,2019,78200,197800,276000
70835209060,2019,78200,174500,252700
70835209078,2019,78200,190000,268200
70835209086,2019,78200,199700,277900
70835209094,2019,78200,198200,276400
70835209101,2019,78200,167600,245800
70835209119,2019,79600,168100,247700
70835209127,2019,78500,200400,278900
70835209135,2019,78200,193400,271600
70835209143,2019,78200,225000,303200
70835209151,2019,78200,179300,257500
70835209169,2019,78200,208000,286200
70835209177,2019,78200,219400,297600
70835209185,2019,78200,226800,305000
70835209193,2019,78200,213900,292100
70835209200,2019,78200,168000,246200
70835209218,2019,78200,212800,291000
70835209226,2019,78500,186100,264600
70835210017,2019,93700,185800,279500
70835210025,2019,85900,237100,323000
70835210033,2019,85900,211300,297200
70835210041,2019,91900,232600,324500
70835210059,2019,79500,198000,277500
70835210067,2019,79200,197100,276300
70835210075,2019,83700,185700,269400
70835210083,2019,101600,192900,294500
70835210091,2019,90500,181300,271800
70835210108,2019,80900,157100,238000
70835210116,2019,80500,173200,253700
70835210124,2019,80300,177900,258200
70835210132,2019,80300,204900,285200
70835210140,2019,80300,173600,253900
70835210158,2019,80300,169200,249500
70835210166,2019,80300,185400,265700
70835210174,2019,80300,188100,268400
70835210182,2019,80300,206300,286600
70835210190,2019,82700,179200,261900
70835210207,2019,91700,169300,261000
70835210215,2019,105600,161900,267500
70835210223,2019,90400,193100,283500
70835210231,2019,63100,221100,284200
70835210249,2019,82700,208400,291100
70835210257,2019,95500,242500,338000
70835210265,2019,89800,230400,320200
70835210273,2019,115000,216800,331800
70835210281,2019,123400,199500,322900
70835301022,2019,143700,356400,500100
70835301030,2019,98100,267900,366000
70835301048,2019,97600,280600,378200
70835301056,2019,123400,296800,420200
70835301064,2019,123400,214700,338100
70835301072,2019,123400,263800,387200
70835301080,2019,123400,286800,410200
70835301098,2019,123400,312500,435900
70835301105,2019,123400,305300,428700
70835301113,2019,123400,307400,430800
70835301121,2019,123400,253400,376800
70835301139,2019,130500,257000,387500
70835301147,2019,130500,335900,466400
70835301163,2019,130500,263100,393600
70835301171,2019,112200,326200,438400
70835301189,2019,93100,209500,302600
70835302038,2019,98600,183800,282400
70835302046,2019,106200,193800,300000
70835302054,2019,106200,201700,307900
70835302062,2019,113700,296700,410400
70835302070,2019,113700,258200,371900
70835302088,2019,113700,255000,368700
70835302096,2019,113700,239900,353600
70835302103,2019,113700,267600,381300
70835302111,2019,113700,224500,338200
70835302129,2019,113700,206700,320400
70835302137,2019,113700,266300,380000
70835302145,2019,113700,270100,383800
70835302153,2019,113700,218200,331900
70835302161,2019,106200,197500,303700
70835302179,2019,98600,173900,272500
70835302187,2019,106200,246800,353000
70835302195,2019,98600,194800,293400
70835302202,2019,98600,204200,302800
70835303010,2019,78800,184000,262800
70835303028,2019,78200,213900,292100
70835303036,2019,78200,184900,263100
70835303044,2019,78200,192200,270400
70835303052,2019,78200,218700,296900
70835303060,2019,78200,208800,287000
70835303078,2019,78200,207800,286000
70835303086,2019,78200,182300,260500
70835303094,2019,78200,230600,308800
70835303101,2019,78200,205300,283500
70835303119,2019,78200,206000,284200
70835303127,2019,78200,218100,296300
70835303135,2019,78200,240500,318700
70835303143,2019,78200,186400,264600
70835303151,2019,78500,191900,270400
70835303169,2019,79200,207500,286700
70835303177,2019,85900,213300,299200
70835303185,2019,88600,254300,342900
70835303193,2019,89200,284100,373300
70835303200,2019,88700,293200,381900
70835303218,2019,88700,234100,322800
70835303226,2019,88600,300200,388800
70835303234,2019,89200,240200,329400
70835303242,2019,89200,303000,392200
70835303250,2019,89200,192800,282000
70835303268,2019,89200,286700,375900
70835303276,2019,88600,268500,357100
70835303284,2019,88600,246900,335500
70835303292,2019,85900,223400,309300
70835304018,2019,76600,198900,275500
70835304026,2019,78200,183800,262000
70835304034,2019,78200,201200,279400
70835304042,2019,78200,184400,262600
70835304050,2019,78200,183700,261900
70835304068,2019,78200,184500,262700
70835304076,2019,78200,197400,275600
70835304084,2019,76600,205200,281800
70835304092,2019,78700,191700,270400
70835304109,2019,78200,171100,249300
70835304117,2019,78200,251200,329400
70835304125,2019,78600,256400,335000
70835304133,2019,78200,169300,247500
70835304141,2019,78200,196400,274600
70835304159,2019,78200,198800,277000
70835304167,2019,78700,199200,277900
70835305016,2019,97300,169400,266700
70835305024,2019,87800,245300,333100
70835305032,2019,86900,280100,367000
70835305040,2019,91400,214900,306300
70835305058,2019,79200,203000,282200
70835305066,2019,78200,170700,248900
70835305074,2019,84000,215900,299900
70835305082,2019,102600,197500,300100
70835305090,2019,92500,165100,257600
70835305107,2019,81600,184200,265800
70835305115,2019,80300,184600,264900
70835305123,2019,80300,185500,265800
70835305131,2019,80300,167400,247700
70835305149,2019,80300,196700,277000
70835305157,2019,80500,184500,265000
70835305165,2019,80300,166000,246300
70835305173,2019,93300,150000,243300
70835305181,2019,105600,189000,294600
70835305199,2019,87800,224500,312300
70835305206,2019,79400,197600,277000
70835305214,2019,80300,203200,283500
70835305222,2019,93200,318000,411200
70835305230,2019,85700,222700,308400
70835305248,2019,85700,234300,320000
70835305256,2019,91600,238400,330000
70835306014,2019,91200,178800,270000
70835306022,2019,97100,176500,273600
70835306030,2019,97100,222600,319700
70835306048,2019,97100,235700,332800
70835306056,2019,97100,189200,286300
70835306064,2019,97100,191400,288500
70835306072,2019,97100,183800,280900
70835306080,2019,97100,190100,287200
70835306098,2019,97100,169100,266200
70835306105,2019,97100,184000,281100
70835306113,2019,97100,264300,361400
70835306121,2019,97100,181800,278900
70835306139,2019,97100,167900,265000
70835306147,2019,97100,166700,263800
70835306155,2019,97100,228900,326000
70835306163,2019,97100,214100,311200
70835306171,2019,97100,194000,291100
70835306189,2019,97100,185400,282500
70835306197,2019,97100,218000,315100
70835306204,2019,85300,189800,275100
70835306212,2019,81800,180400,262200
70835306220,2019,80300,204200,284500
70835306238,2019,79700,187100,266800
70835306246,2019,79200,224300,303500
70835306254,2019,79600,204800,284400
70835306262,2019,79200,190300,269500
70835306270,2019,79600,192600,272200
70835306288,2019,79200,182300,261500
70835306296,2019,79600,184500,264100
70835306303,2019,102800,214000,316800
70835306311,2019,102200,235200,337400
70835306329,2019,99400,146900,246300
70835306337,2019,96500,185900,282400
70835307012,2019,85700,199900,285600
70835307020,2019,80700,185700,266400
70835307038,2019,79200,184800,264000
70835307046,2019,78600,205900,284500
70835307054,2019,78600,219000,297600
70835307062,2019,78600,196900,275500
70835307070,2019,78700,191300,270000
70835307088,2019,78700,225300,304000
70835307096,2019,78600,204100,282700
70835307103,2019,78700,209300,288000
70835307111,2019,79400,192600,272000
70835307129,2019,78800,204800,283600
70835307137,2019,79200,219300,298500
70835307145,2019,78800,209700,288500
70835307153,2019,78800,192400,271200
70835307161,2019,78800,215800,294600
70835307179,2019,79400,217500,296900
70835307187,2019,78700,193100,271800
70835307195,2019,79700,212400,292100
70835307202,2019,78600,193400,272000
70835307210,2019,78500,177300,255800
70835307228,2019,79600,215400,295000
70835307236,2019,78800,202000,280800
70835307244,2019,78800,173900,252700
70835307252,2019,78800,206200,285000
70835307260,2019,78800,202300,281100
70835307278,2019,78800,206800,285600
70835307286,2019,78500,177900,256400
70835307294,2019,78700,221300,300000
70835307301,2019,78200,187400,265600
70835307319,2019,69900,198900,268800
70835307327,2019,78200,197300,275500
70835307335,2019,78200,188900,267100
70835307343,2019,78800,198700,277500
70835307351,2019,78500,179700,258200
70835307369,2019,78700,186100,264800
70835308010,2019,81300,198700,280000
70835308028,2019,80300,218800,299100
70835308036,2019,80300,206300,286600
70835308044,2019,80300,241600,321900
70835308052,2019,80300,211100,291400
70835308060,2019,80300,201400,281700
70835308078,2019,80300,191600,271900
70835308086,2019,80300,202200,282500
70835308094,2019,80300,211300,291600
70835308101,2019,84700,203900,288600
70835309018,2019,82600,215000,297600
70835309026,2019,78600,187700,266300
70835309034,2019,80500,230500,311000
70835309042,2019,78700,218200,296900
70835309050,2019,81300,220100,301400
70835309068,2019,78600,207800,286400
70835309076,2019,80500,229300,309800
70835309084,2019,82600,200100,282700
70835309092,2019,89200,222100,311300
70835309109,2019,86900,210300,297200
70835309117,2019,86900,197400,284300
70835309125,2019,84900,226100,311000
70835309133,2019,84700,230700,315400
70835309141,2019,84700,205300,290000
70835309159,2019,88100,190200,278300
70835309167,2019,86900,195800,282700
70835309175,2019,83800,192500,276300
70835309183,2019,85000,185500,270500
70835309191,2019,85300,194800,280100
70835309208,2019,86600,188400,275000
70835309216,2019,88600,205700,294300
70835309224,2019,86500,173500,260000
70835309232,2019,91000,195400,286400
70835309240,2019,97100,153300,250400
70835309258,2019,97100,162500,259600
70835309266,2019,97100,173800,270900
70835309274,2019,97100,180400,277500
70835309282,2019,97100,195200,292300
70835309290,2019,97100,178200,275300
70835309307,2019,97100,185500,282600
70835310015,2019,86900,188600,275500
70835310023,2019,84900,216100,301000
70835310031,2019,84900,227800,312700
70835310049,2019,84700,194300,279000
70835310057,2019,84900,209600,294500
70835310065,2019,84900,222900,307800
70835310073,2019,84900,195200,280100
70835310081,2019,84900,190700,275600
70835310099,2019,84900,198000,282900
70835310106,2019,84900,188400,273300
70835310114,2019,84900,205100,290000
70835310122,2019,84900,214300,299200
70835310130,2019,84700,211800,296500
70835310148,2019,84900,211000,295900
70835310156,2019,85200,185200,270400
70835310164,2019,88100,217500,305600
70835310205,2019,481100,681300,1162400
70835311013,2019,90100,282100,372200
70835311021,2019,85700,256900,342600
70835311039,2019,85700,267100,352800
70835311047,2019,94300,198000,292300
70835317011,2019,98600,187300,285900
70835317029,2019,98600,198700,297300
70835317037,2019,98600,229500,328100
70835317045,2019,98600,191400,290000
70835317061,2019,98600,171400,270000
70835317079,2019,98600,246600,345200
70835317087,2019,98600,189400,288000
70835317095,2019,98600,195300,293900
70835317102,2019,98600,189300,287900
70835317110,2019,98600,220700,319300
70835317128,2019,106200,193300,299500
70835317136,2019,106200,233700,339900
70835317144,2019,106200,178100,284300
70835317152,2019,106200,225100,331300
70835317160,2019,106200,248000,354200
70835317178,2019,106200,176300,282500
70835317186,2019,106200,228500,334700
70835317194,2019,106200,183800,290000
70835318019,2019,77500,231000,308500
70835318027,2019,84900,234400,319300
70835318051,2019,68300,298500,366800
70835318069,2019,81600,318400,400000
70835318077,2019,98700,308200,406900
70835318085,2019,94800,285600,380400
70835318093,2019,95200,301600,396800
70835318100,2019,97100,287400,384500
70835318118,2019,94800,348100,442900
70835318126,2019,94800,278200,373000
70835318134,2019,94800,227500,322300
70835318142,2019,76500,171500,248000
70835318150,2019,55100,0,55100
70835318168,2019,59500,0,59500
70835318176,2019,81300,183200,264500
70835318184,2019,62000,202900,264900
70835318192,2019,69400,0,69400
70835318209,2019,65000,0,65000
70835319025,2019,74600,213500,288100
70835319033,2019,92200,242800,335000
70835319041,2019,74600,181900,256500
70835319059,2019,92200,296000,388200
70835319067,2019,91000,349000,440000
70835319075,2019,90600,321800,412400
70835319083,2019,89600,269100,358700
70835319091,2019,89600,304200,393800
70835319108,2019,89600,318900,408500
70835319116,2019,89600,301500,391100
70835320022,2019,80200,278900,359100
70835320030,2019,55300,160900,216200
70835320056,2019,91400,336600,428000
70835320064,2019,84900,355000,439900
70835320072,2019,69700,295300,365000
70835320080,2019,93400,316200,409600
70835320098,2019,88100,286900,375000
70835320105,2019,85100,302500,387600
70835320113,2019,95400,309700,405100
70835320121,2019,42700,135600,178300
70836103104,2019,69800,154400,224200
70836103112,2019,65400,166500,231900
70836103120,2019,67800,187500,255300
70836103138,2019,67600,204800,272400
70836103146,2019,64800,86900,151700
70836104087,2019,66000,182200,248200
70836104095,2019,66400,204500,270900
70836104102,2019,65800,185400,251200
70836104110,2019,65400,156300,221700
70836104128,2019,65400,191700,257100
70836104136,2019,65400,162800,228200
70836104144,2019,65400,165900,231300
70836104152,2019,69500,197900,267400
70836105043,2019,67100,176100,243200
70836105051,2019,73600,177400,251000
70836105069,2019,70800,186300,257100
70836105077,2019,70800,169900,240700
70836105085,2019,70800,156900,227700
70836105093,2019,77900,192800,270700
70836105118,2019,80200,191100,271300
70836105126,2019,76900,163200,240100
70836105134,2019,75900,154600,230500
70836105142,2019,77100,199300,276400
70836105176,2019,77100,177100,254200
70836105184,2019,69900,211200,281100
70836105192,2019,69900,174800,244700
70836105209,2019,70800,218200,289000
70836105217,2019,74800,162000,236800
70836105225,2019,69800,149500,219300
70836105233,2019,73500,160000,233500
70836105241,2019,77900,146600,224500
70836105259,2019,76400,144000,220400
70836105267,2019,78000,179300,257300
70836105275,2019,69500,176700,246200
70836105283,2019,74800,186400,261200
70836105291,2019,73300,172000,245300
70836105308,2019,73500,163300,236800
70836105316,2019,73600,198600,272200
70836105324,2019,81900,148800,230700
70836105340,2019,86800,160100,246900
70836105358,2019,70800,207100,277900
70836105366,2019,70800,188000,258800
70836105374,2019,70800,213000,283800
70836105382,2019,70800,175500,246300
70836105390,2019,67100,201600,268700
70836106017,2019,71900,165900,237800
70836106025,2019,73000,159700,232700
70836106033,2019,69800,173300,243100
70836106041,2019,69900,162500,232400
70836106059,2019,69900,189500,259400
70836106067,2019,69800,157800,227600
70836106075,2019,69300,182000,251300
70836106083,2019,67000,177800,244800
70836106091,2019,67800,204900,272700
70836106108,2019,69300,165000,234300
70836106116,2019,69300,193200,262500
70836106124,2019,69300,203500,272800
70836106132,2019,69300,199100,268400
70836106140,2019,69300,157400,226700
70836106158,2019,69300,153500,222800
70836106166,2019,70900,159000,229900
70836106174,2019,69600,158800,228400
70836106182,2019,75900,178000,253900
70836107015,2019,67300,158400,225700
70836107023,2019,71900,149800,221700
70836107031,2019,73500,207300,280800
70836107049,2019,72700,186700,259400
70836107057,2019,72700,152500,225200
70836107065,2019,72100,205100,277200
70836107073,2019,74700,179500,254200
70836107081,2019,71300,164600,235900
70836107099,2019,71900,183300,255200
70836107106,2019,70800,215200,286000
70836107114,2019,66400,149700,216100
70836107122,2019,73100,202100,275200
70836107130,2019,69500,176500,246000
70836107148,2019,69900,198300,268200
70836107156,2019,69900,170700,240600
70836107164,2019,71900,202000,273900
70836107172,2019,74300,163900,238200
70836107180,2019,73300,189900,263200
70836107198,2019,70800,154500,225300
70836107205,2019,69800,173800,243600
70836107213,2019,69800,149400,219200
70836107221,2019,69800,176200,246000
70836107239,2019,69500,207900,277400
70836107247,2019,69700,155600,225300
70836107255,2019,68700,151400,220100
70836108013,2019,66400,167100,233500
70836108021,2019,69300,152700,222000
70836108039,2019,75100,150100,225200
70836108047,2019,73300,148300,221600
70836108055,2019,82500,147200,229700
70836108063,2019,95000,150000,245000
70836108071,2019,82000,153900,235900
70836108089,2019,81900,149400,231300
70836108097,2019,75300,192600,267900
70836108104,2019,66400,217800,284200
70836108112,2019,73600,198500,272100
70836108120,2019,69300,202000,271300
70836108138,2019,69800,187800,257600
70836108146,2019,71700,195600,267300
70836108154,2019,70800,203100,273900
70836108162,2019,69900,191700,261600
70836108170,2019,70800,154300,225100
70836108188,2019,69800,166100,235900
70836108196,2019,71700,150700,222400
70836108203,2019,73000,148200,221200
70836109011,2019,77100,168300,245400
70836109029,2019,72700,162500,235200
70836109037,2019,69800,182400,252200
70836109045,2019,69700,158100,227800
70836109053,2019,69700,201400,271100
70836109061,2019,69700,174400,244100
70836109079,2019,78000,164800,242800
70836109087,2019,85900,151600,237500
70836109095,2019,70900,209700,280600
70836109102,2019,72900,221600,294500
70836109110,2019,66400,194000,260400
70836109128,2019,72100,198300,270400
70836109136,2019,75100,203000,278100
70836109144,2019,83800,207200,291000
70836109152,2019,194100,267500,461600
70836109160,2019,115900,199400,315300
70836109227,2019,104500,242500,347000
70836109235,2019,98800,252800,351600
70836110018,2019,73200,195000,268200
70836110026,2019,73200,194700,267900
70836110034,2019,74800,219000,293800
70836110042,2019,69900,172600,242500
70836110050,2019,77100,219300,296400
70836110068,2019,88100,277800,365900
70836110076,2019,89800,207000,296800
70836110084,2019,99400,275800,375200
70836110092,2019,77100,330900,408000
70836110109,2019,66400,200400,266800
70836110117,2019,78400,202100,280500
70836110125,2019,77000,142600,219600
70836110133,2019,74700,199600,274300
70836110141,2019,68400,198800,267200
70836110159,2019,73200,155600,228800
70836110167,2019,73300,263500,336800
70836110175,2019,129500,264400,393900
70836110183,2019,128300,386700,515000
70836110191,2019,146100,182000,328100
70836110208,2019,141300,406400,547700
70836110224,2019,94700,216200,310900
70836110232,2019,156800,175700,332500
70836110240,2019,96900,213400,310300
70836110258,2019,76500,201500,278000
70836110266,2019,73200,194800,268000
70836110274,2019,69900,158200,228100
70836111016,2019,71900,198400,270300
70836111024,2019,76900,176400,253300
70836111032,2019,84300,210900,295200
70836111040,2019,76400,206600,283000
70836111058,2019,77500,163800,241300
70836111066,2019,83800,155800,239600
70836111074,2019,73000,153400,226400
70836111082,2019,77900,148400,226300
70836111090,2019,76900,176100,253000
70836111107,2019,76900,189900,266800
70836111115,2019,73000,205800,278800
70836112014,2019,69700,158000,227700
70836112022,2019,74700,202800,277500
70836112030,2019,70800,172300,243100
70836113012,2019,72100,237900,310000
70836113020,2019,75300,196500,271800
70836113038,2019,75300,181100,256400
70836113046,2019,75300,209400,284700
70836113054,2019,73200,167500,240700
70836113062,2019,78300,233600,311900
70836113070,2019,73500,202900,276400
70836113088,2019,76500,150300,226800
70836113096,2019,76400,151800,228200
70836113103,2019,75900,183200,259100
70836113111,2019,71700,144900,216600
70836114010,2019,73000,133600,206600
70836114028,2019,90500,207500,298000
70836114036,2019,82200,144600,226800
70836114044,2019,82300,276600,358900
70836114052,2019,84300,152000,236300
70836114060,2019,78400,158000,236400
70836114078,2019,78900,182400,261300
70836114086,2019,77500,148300,225800
70836114094,2019,74300,191600,265900
70836114101,2019,81300,163100,244400
70836114119,2019,109900,160600,270500
70836114127,2019,98400,135700,234100
70836114135,2019,91800,177100,268900
70836114143,2019,108200,147800,256000
70836114151,2019,90500,170700,261200
70836114169,2019,81100,186500,267600
70836114177,2019,70600,155600,226200
70836114185,2019,74800,151600,226400
70836114193,2019,74800,215900,290700
70836114200,2019,74800,185800,260600
70836114226,2019,69900,186000,255900
70836114234,2019,69500,217300,286800
70836114242,2019,70900,161100,232000
70836114250,2019,66000,173300,239300
70836114268,2019,81100,190400,271500
70836114276,2019,80200,148600,228800
70836114284,2019,80900,196800,277700
70836114292,2019,81800,134200,216000
70836114309,2019,73100,170500,243600
70836114432,2019,69900,171400,241300
70836115018,2019,72900,202800,275700
70836115026,2019,73100,238600,311700
70836115034,2019,69700,219600,289300
70836115042,2019,85700,202100,287800
70836115050,2019,84700,186900,271600
70836115068,2019,88100,150900,239000
70836115076,2019,84200,263600,347800
70836115084,2019,78300,149100,227400
70836115092,2019,84600,164000,248600
70836115109,2019,85900,144200,230100
70836115117,2019,87500,179900,267400
70836115125,2019,75200,225100,300300
70836115133,2019,74700,177200,251900
70836115141,2019,78000,158900,236900
70836115159,2019,78900,179000,257900
70836115167,2019,78900,148100,227000
70836115175,2019,78900,149700,228600
70836115183,2019,73600,156200,229800
70836115191,2019,74700,179200,253900
70836115208,2019,74700,159300,234000
70836115216,2019,73100,194600,267700
70836115224,2019,73200,180100,253300
70836115232,2019,70600,186500,257100
70836115240,2019,69700,149300,219000
70836115258,2019,67800,153800,221600
70836115266,2019,70900,203500,274400
70836115274,2019,78900,198500,277400
70836115282,2019,74800,223000,297800
70836115290,2019,74800,170100,244900
70836116016,2019,67000,202900,269900
70836116024,2019,69300,170800,240100
70836116032,2019,69300,191400,260700
70836116040,2019,69300,206100,275400
70836116058,2019,69300,180000,249300
70836116066,2019,69300,220200,289500
70836116074,2019,69300,217100,286400
70836116082,2019,69300,174500,243800
70836116090,2019,64100,211700,275800
70836116107,2019,65900,225600,291500
70836116115,2019,69300,199500,268800
70836116123,2019,69300,226700,296000
70836116131,2019,69300,204700,274000
70836116149,2019,69300,207400,276700
70836116157,2019,69300,248100,317400
70836116165,2019,69300,191400,260700
70836116173,2019,69300,158600,227900
70836116181,2019,64100,305400,369500
70836117014,2019,69700,197700,267400
70836117022,2019,70800,226600,297400
70836117030,2019,70800,197700,268500
70836117048,2019,70800,181500,252300
70836117056,2019,70800,186400,257200
70836117064,2019,70800,199000,269800
70836117072,2019,70800,205500,276300
70836117080,2019,70800,167800,238600
70836117098,2019,70800,185700,256500
70836117105,2019,70800,186300,257100
70836117113,2019,70800,208700,279500
70836117121,2019,66400,208900,275300
70836117139,2019,66400,206600,273000
70836117147,2019,68700,207300,276000
70836117155,2019,68700,177200,245900
70836117163,2019,68700,201800,270500
70836117171,2019,68700,174000,242700
70836117189,2019,68700,228600,297300
70836117197,2019,68700,159300,228000
70836117204,2019,68700,191300,260000
70836117212,2019,67800,203900,271700
70836117220,2019,68700,172200,240900
70836117238,2019,68700,163900,232600
70836117246,2019,68700,209300,278000
70836117254,2019,66000,187300,253300
70836118012,2019,64600,161400,226000
70836118020,2019,70900,149700,220600
70836118038,2019,67000,173500,240500
70836118046,2019,73200,164600,237800
70836118054,2019,140900,145300,286200
70836118062,2019,78600,142700,221300
70836118070,2019,73100,235700,308800
70836118088,2019,70600,172500,243100
70836118096,2019,70600,209500,280100
70836118103,2019,70600,204900,275500
70836118111,2019,70600,199700,270300
70836118129,2019,67300,207700,275000
70836119010,2019,76500,159300,235800
70836119028,2019,77100,184800,261900
70836119036,2019,75900,163800,239700
70836119044,2019,76500,234900,311400
70836119052,2019,77000,201700,278700
70836119060,2019,77100,180000,257100
70836119078,2019,71700,187100,258800
70836119086,2019,78900,154600,233500
70836119094,2019,76400,158900,235300
70836119101,2019,75100,152000,227100
70836119119,2019,75100,157800,232900
70836119127,2019,81300,139000,220300
70836119135,2019,63000,265900,328900
70836120017,2019,138000,449400,587400
70836120025,2019,155700,215500,371200
70836120033,2019,127800,450100,577900
70836120041,2019,125300,363900,489200
70836120059,2019,133500,577200,710700
70836120067,2019,130700,398800,529500
70836120075,2019,130300,289300,419600
70836120083,2019,130300,352300,482600
70836120091,2019,132700,397400,530100
70836120108,2019,125900,389800,515700
70836120116,2019,126100,382700,508800
70836120124,2019,136000,299800,435800
70836120132,2019,128800,377200,506000
70836120140,2019,139400,280600,420000
70836120158,2019,133500,484800,618300
70836120166,2019,143600,348000,491600
70836121015,2019,92800,222300,315100
70836121023,2019,89500,297800,387300
70836122013,2019,126100,307800,433900
70836122021,2019,132300,436800,569100
70836122039,2019,115900,480800,596700
70836201114,2019,35200,156800,192000
70836201122,2019,72100,197900,270000
70836201130,2019,76500,180100,256600
70836201148,2019,76500,219300,295800
70836201156,2019,76500,181400,257900
70836201164,2019,78500,197000,275500
70836201172,2019,87900,186000,273900
70836201180,2019,35100,131900,167000
70836202013,2019,66400,195400,261800
70836202021,2019,69900,181100,251000
70836202039,2019,69900,179200,249100
70836202047,2019,66400,151200,217600
70836202112,2019,67500,154600,222100
70836202120,2019,71700,234000,305700
70836202138,2019,71700,226300,298000
70836202146,2019,71700,232800,304500
70836202154,2019,69600,209600,279200
70836202162,2019,74700,176100,250800
70836202170,2019,81800,187900,269700
70836202188,2019,77000,200800,277800
70836202196,2019,80000,227800,307800
70836202203,2019,81100,218900,300000
70836202211,2019,78500,210900,289400
70836202229,2019,81800,188900,270700
70836202237,2019,76900,166100,243000
70836202245,2019,71900,180400,252300
70836202253,2019,72700,185900,258600
70836203011,2019,71700,193200,264900
70836203037,2019,73600,184000,257600
70836203045,2019,75300,214700,290000
70836203053,2019,75900,162800,238700
70836203061,2019,76900,171500,248400
70836203079,2019,74300,172600,246900
70836203087,2019,75300,195000,270300
70836203095,2019,80200,213600,293800
70836203102,2019,85500,225900,311400
70836203128,2019,75900,188900,264800
70836203136,2019,76900,222800,299700
70836203144,2019,76400,237600,314000
70836203152,2019,74700,260300,335000
70836203160,2019,76900,242500,319400
70836203178,2019,75300,208200,283500
70836203186,2019,74300,233400,307700
70836203194,2019,90000,262800,352800
70836203201,2019,85600,239300,324900
70836203219,2019,78900,208000,286900
70836203227,2019,75100,197800,272900
70836203235,2019,75100,230500,305600
70836203243,2019,75100,259600,334700
70836203251,2019,75100,207500,282600
70836203269,2019,75100,206700,281800
70836203277,2019,75100,233700,308800
70836203285,2019,75100,239800,314900
70836203293,2019,75100,198300,273400
70836203300,2019,75100,200600,275700
70836203318,2019,75100,181000,256100
70836203326,2019,75100,175900,251000
70836203334,2019,69700,159000,228700
70836204019,2019,66000,215000,281000
70836204027,2019,69900,196800,266700
70836204035,2019,69900,194300,264200
70836204043,2019,67400,214600,282000
70836204051,2019,73500,213000,286500
70836204069,2019,69900,188900,258800
70836204077,2019,69900,189200,259100
70836204085,2019,70800,238100,308900
70836204093,2019,67600,202900,270500
70836204100,2019,69800,159300,229100
70836204118,2019,67800,186600,254400
70836204126,2019,71000,186900,257900
70836204134,2019,72700,203000,275700
70836204142,2019,71700,221700,293400
70836204150,2019,70900,195800,266700
70836205017,2019,69300,160000,229300
70836205025,2019,71700,192300,264000
70836205033,2019,68000,204400,272400
70836205041,2019,69900,212800,282700
70836205059,2019,71700,229100,300800
70836205067,2019,72100,171000,243100
70836205075,2019,72700,211900,284600
70836205083,2019,67800,247900,315700
70836205091,2019,71700,182500,254200
70836205108,2019,69600,173400,243000
70836205116,2019,71700,211400,283100
70836205124,2019,71700,198800,270500
70836205132,2019,72900,216000,288900
70836205140,2019,71300,215700,287000
70836206015,2019,70900,165600,236500
70836206023,2019,71700,201700,273400
70836206031,2019,69900,207300,277200
70836206049,2019,67800,194200,262000
70836206057,2019,67500,200900,268400
70836206065,2019,69700,249500,319200
70836206073,2019,81100,203900,285000
70836206081,2019,78900,194700,273600
70836206099,2019,88400,223200,311600
70836206106,2019,73600,227800,301400
70836206114,2019,71300,202200,273500
70836206122,2019,70600,199600,270200
70836206130,2019,67600,245200,312800
70836206148,2019,71700,313900,385600
70836206156,2019,71900,203400,275300
70836206164,2019,72100,173800,245900
70836206172,2019,77500,232100,309600
70836207021,2019,35700,174300,210000
70836207039,2019,35400,122600,158000
70836207055,2019,33100,153900,187000
70836207097,2019,34300,130700,165000
70836207104,2019,33700,116300,150000
70836207112,2019,33200,116800,150000
70836207120,2019,33400,128600,162000
70836207138,2019,31000,139000,170000
70836207196,2019,36000,163000,199000
70836207295,2019,30700,154300,185000
70836207302,2019,43400,115900,159300
70836207378,2019,29500,128500,158000
70836207386,2019,28100,139600,167700
70836207443,2019,37100,129900,167000
70836207451,2019,35700,119600,155300
70836207469,2019,36000,162000,198000
70836207477,2019,43400,125600,169000
70836207485,2019,34300,121700,156000
70836207493,2019,30700,144300,175000
70836207518,2019,33400,114000,147400
70836207526,2019,31300,178700,210000
70836207534,2019,34000,165000,199000
70836208037,2019,35600,126400,162000
70836208110,2019,27400,126600,154000
70836208144,2019,37600,121400,159000
70836208251,2019,35000,160000,195000
70836208269,2019,30700,149300,180000
70836208300,2019,34300,145700,180000
70836208392,2019,33000,131000,164000
70836208409,2019,36900,118100,155000
70836208417,2019,39200,114800,154000
70836208459,2019,33700,135300,169000
70836208467,2019,38300,140700,179000
70836208475,2019,34900,160000,194900
70836301013,2019,61100,143800,204900
70836301021,2019,61900,148300,210200
70836301039,2019,61900,152600,214500
70836301047,2019,63300,143700,207000
70836301055,2019,71300,195800,267100
70836301063,2019,82700,182200,264900
70836301071,2019,75900,197100,273000
70836301089,2019,67900,180300,248200
70836301097,2019,70700,229300,300000
70836301104,2019,72700,208300,281000
70836301112,2019,66600,176600,243200
70836301120,2019,67600,173500,241100
70836301138,2019,67200,170500,237700
70836301146,2019,61600,192800,254400
70836301154,2019,68300,189600,257900
70836302011,2019,61700,144800,206500
70836302029,2019,62600,128800,191400
70836302037,2019,63200,154300,217500
70836302045,2019,63400,146600,210000
70836302053,2019,64500,137100,201600
70836302061,2019,64500,157000,221500
70836302079,2019,64900,153200,218100
70836302087,2019,64900,161200,226100
70836302095,2019,65200,159300,224500
70836302102,2019,66000,210900,276900
70836302110,2019,67200,183500,250700
70836302128,2019,64500,176900,241400
70836302136,2019,64500,206700,271200
70836302144,2019,64500,216300,280800
70836302152,2019,65600,216300,281900
70836302160,2019,69500,178900,248400
70836302178,2019,69800,187800,257600
70836302186,2019,65800,136800,202600
70836302194,2019,66000,164000,230000
70836302201,2019,62600,158600,221200
70836302219,2019,63300,148900,212200
70836302227,2019,65000,147200,212200
70836302235,2019,74500,203000,277500
70836303019,2019,65100,195200,260300
70836303027,2019,65200,149300,214500
70836303035,2019,65200,141400,206600
70836303043,2019,65200,159400,224600
70836303051,2019,65200,144700,209900
70836303069,2019,65200,142900,208100
70836303077,2019,65700,155700,221400
70836303085,2019,67200,142000,209200
70836303093,2019,68100,154700,222800
70836303100,2019,72000,164100,236100
70836303118,2019,76600,157500,234100
70836303126,2019,70500,138100,208600
70836303134,2019,66800,176400,243200
70836303142,2019,63300,159500,222800
70836303150,2019,64600,139500,204100
70836303168,2019,68400,147900,216300
70836303176,2019,67600,155500,223100
70836303192,2019,61200,233200,294400
70836303209,2019,74100,201600,275700
70836303217,2019,61600,189200,250800
70836303225,2019,84600,159300,243900
70836304223,2019,74900,138000,212900
70836304231,2019,69900,89400,159300
70836304249,2019,52200,107100,159300
70836304257,2019,50800,118700,169500
70836304265,2019,50400,118600,169000
70836304273,2019,50400,115400,165800
70836304281,2019,45100,106400,151500
70836306013,2019,68400,131000,199400
70836306021,2019,68500,167700,236200
70836306039,2019,68500,210600,279100
70836306047,2019,68500,135800,204300
70836306055,2019,68500,141400,209900
70836306063,2019,70100,173100,243200
70836307011,2019,69500,153300,222800
70836307029,2019,77900,205100,283000
70836307037,2019,68300,196000,264300
70836307045,2019,66800,183700,250500
70836307053,2019,68400,151600,220000
70836307061,2019,64900,139800,204700
70836307079,2019,65000,143000,208000
70836307087,2019,65000,168600,233600
70836307095,2019,65100,181300,246400
70836307102,2019,72700,191800,264500
70836307110,2019,67200,141300,208500
70836307128,2019,74500,184600,259100
70836307136,2019,67600,180000,247600
70836307144,2019,66000,166600,232600
70836307152,2019,66600,209500,276100
70836307160,2019,65900,157400,223300
70836307178,2019,70000,152000,222000
70836307186,2019,67900,174000,241900
70836307194,2019,68200,180200,248400
70836307201,2019,66000,146100,212100
70836307219,2019,75400,132000,207400
70836307227,2019,72300,167900,240200
70836307235,2019,65900,147600,213500
70836307243,2019,61700,171900,233600
70836307251,2019,64900,151400,216300
70836307269,2019,65000,187900,252900
70836307277,2019,65400,153300,218700
70836307285,2019,68300,189500,257800
70836307293,2019,72700,206100,278800
70836308019,2019,40300,130800,171100
70836308275,2019,40300,130800,171100
70836401011,2019,68200,211400,279600
70836401029,2019,68200,192500,260700
70836401037,2019,67600,173100,240700
70836401045,2019,68800,163900,232700
70836401053,2019,69700,162900,232600
70836401061,2019,68500,199700,268200
70836401079,2019,62100,147900,210000
70836401087,2019,60700,149500,210200
70836401095,2019,61200,146800,208000
70836401102,2019,62100,150500,212600
70836401110,2019,64000,152700,216700
70836401128,2019,62300,163000,225300
70836401136,2019,61900,169000,230900
70836401144,2019,75500,132900,208400
70836401152,2019,71200,163900,235100
70836401160,2019,79400,124900,204300
70836401178,2019,70800,161700,232500
70836401186,2019,77000,138900,215900
70836401194,2019,61100,178900,240000
70836401201,2019,61200,140800,202000
70836401219,2019,68400,168800,237200
70836401227,2019,73100,143700,216800
70836401235,2019,65900,159700,225600
70836401243,2019,63200,146800,210000
70836401251,2019,62300,145600,207900
70836401269,2019,62300,134800,197100
70836401277,2019,62100,168200,230300
70836401285,2019,60000,169800,229800
70836402019,2019,71300,93700,165000
70836402027,2019,71300,129600,200900
70836402035,2019,78800,183200,262000
70836402043,2019,62700,170300,233000
70836402051,2019,62600,160100,222700
70836402069,2019,62600,150700,213300
70836402077,2019,62500,145900,208400
70836403083,2019,64300,142500,206800
70836403091,2019,65600,148600,214200
70836403108,2019,64000,153800,217800
70836403116,2019,61600,175400,237000
70836403124,2019,61900,201900,263800
70836403132,2019,61900,160600,222500
70836403140,2019,64300,139600,203900
70836403158,2019,74800,133100,207900
70836403166,2019,84600,170800,255400
70836403174,2019,76400,170200,246600
70836403182,2019,67200,149900,217100
70836403190,2019,67200,194100,261300
70836403207,2019,67200,152800,220000
70836403215,2019,67200,180700,247900
70836403223,2019,67200,182400,249600
70836403231,2019,67200,155700,222900
70836403249,2019,73600,166400,240000
70836403257,2019,79900,156800,236700
70836403265,2019,73100,156800,229900
70836403273,2019,81900,172000,253900
70836403281,2019,77400,168800,246200
70836403299,2019,90300,158800,249100
70836403306,2019,73700,180700,254400
70836403314,2019,65900,132200,198100
70836403322,2019,63200,141000,204200
70836403330,2019,63400,137800,201200
70836403348,2019,63700,127300,191000
70836403356,2019,63700,144000,207700
70836403364,2019,63700,165200,228900
70836403372,2019,65700,151100,216800
70836404015,2019,61600,155500,217100
70836404023,2019,60700,158100,218800
70836404031,2019,61600,188000,249600
70836404049,2019,72500,202200,274700
70836404057,2019,72900,167800,240700
70836404065,2019,72900,142500,215400
70836404073,2019,72500,157400,229900
70836404081,2019,61600,166100,227700
70836404099,2019,60700,155100,215800
70836404106,2019,61600,151800,213400
70836404114,2019,61600,165700,227300
70836404122,2019,61600,209400,271000
70836404130,2019,61600,201100,262700
70836404148,2019,61900,136000,197900
70836404156,2019,60900,163900,224800
70836404164,2019,60900,146700,207600
70836404172,2019,62100,186400,248500
70836404180,2019,62100,155900,218000
70836404198,2019,63700,131800,195500
70836404205,2019,60900,166400,227300
70836404213,2019,61900,145300,207200
70836404221,2019,61600,142000,203600
70836404239,2019,61600,150700,212300
70836404247,2019,61600,200500,262100
70836405013,2019,55200,145300,200500
70836405021,2019,55200,136500,191700
70836405039,2019,55200,147500,202700
70836405047,2019,54000,146400,200400
70836405055,2019,54000,144600,198600
70836405063,2019,54000,151900,205900
70836405071,2019,55200,157400,212600
70836405089,2019,58800,148000,206800
70836405097,2019,58800,143000,201800
70836405104,2019,56400,164400,220800
70836405112,2019,55100,139700,194800
70836405120,2019,55100,173900,229000
70836405138,2019,55100,150000,205100
70836405146,2019,56400,168600,225000
70836405154,2019,56400,139000,195400
70836405162,2019,56400,160400,216800
70836405188,2019,69800,154600,224400
70836405196,2019,63900,157400,221300
70836405203,2019,64300,159000,223300
70836405211,2019,64300,154700,219000
70836405229,2019,63600,140300,203900
70836405237,2019,68200,179800,248000
70836405245,2019,61700,161800,223500
70836405253,2019,62700,144700,207400
70836405261,2019,62700,143600,206300
70836405279,2019,63400,217800,281200
70836405287,2019,63400,143700,207100
70836405295,2019,66000,132800,198800
70836405302,2019,67200,149300,216500
70836405310,2019,69000,159000,228000
70836405328,2019,61900,151400,213300
70836405336,2019,64000,150500,214500
70836405344,2019,67900,150900,218800
70836405352,2019,67800,161500,229300
70836405360,2019,66600,174300,240900
70836405378,2019,65400,141600,207000
70836405386,2019,65200,139500,204700
70836405394,2019,63300,152100,215400
70836405568,2019,60700,154300,215000
70836405576,2019,58700,143100,201800
70836405584,2019,58700,152300,211000
70836405592,2019,58700,145700,204400
70836405609,2019,58700,133100,191800
70836405617,2019,58700,169100,227800
70836405625,2019,58700,143000,201700
70836405633,2019,58700,149200,207900
70836405641,2019,59900,165100,225000
70836405659,2019,59900,165300,225200
70836405667,2019,62100,163900,226000
70836405675,2019,62100,188400,250500
70836405683,2019,68500,166700,235200
70836405691,2019,87400,142400,229800
70836406011,2019,61900,147400,209300
70836406029,2019,58700,143100,201800
70836406037,2019,61600,146400,208000
70836406045,2019,61000,133000,194000
70836406053,2019,60400,143100,203500
70836406061,2019,60400,147500,207900
70836406079,2019,56400,150500,206900
70836406087,2019,55100,154900,210000
70836406095,2019,55100,149000,204100
70836406102,2019,55100,179100,234200
70836406110,2019,55100,143300,198400
70836406128,2019,55100,148600,203700
70836406136,2019,56400,141800,198200
70836406144,2019,59700,141700,201400
70836406152,2019,58700,164100,222800
70836406160,2019,56400,142400,198800
70836406178,2019,55100,134600,189700
70836406186,2019,55100,148900,204000
70836406194,2019,55100,144900,200000
70836406201,2019,55100,182500,237600
70836406219,2019,55100,141300,196400
70836406227,2019,56400,132700,189100
70836406235,2019,60400,164900,225300
70836406243,2019,60400,143500,203900
70836406251,2019,61000,136500,197500
70836406269,2019,61600,147200,208800
70836406277,2019,59200,130000,189200
70836407019,2019,65200,131800,197000
70836407027,2019,62300,146800,209100
70836407035,2019,62700,172700,235400
70836407043,2019,64600,140500,205100
70836407051,2019,60700,149200,209900
70836407069,2019,61000,154200,215200
70836407077,2019,61600,136100,197700
70836407085,2019,61600,136600,198200
70836407093,2019,59700,150900,210600
70836407100,2019,55100,138300,193400
70836407118,2019,55100,139100,194200
70836407126,2019,55100,158900,214000
70836407134,2019,55100,180300,235400
70836407142,2019,55100,163800,218900
70836407150,2019,55100,140900,196000
70836407168,2019,55100,145400,200500
70836407176,2019,59400,148100,207500
70836407184,2019,58100,221900,280000
70836407192,2019,55100,136600,191700
70836407209,2019,55100,137500,192600
70836407217,2019,55100,145800,200900
70836407225,2019,55100,139600,194700
70836407233,2019,55100,140400,195500
70836407241,2019,55100,135500,190600
70836407259,2019,55100,141800,196900
70836407267,2019,59700,137200,196900
70836407275,2019,60400,177100,237500
70836407283,2019,60400,156500,216900
70836407291,2019,61000,137100,198100
70836407308,2019,61000,146400,207400
70836407316,2019,61000,159100,220100
70836408017,2019,60900,153100,214000
70836408025,2019,61000,132500,193500
70836408033,2019,61600,136300,197900
70836408041,2019,61000,160600,221600
70836408059,2019,61000,136900,197900
70836408067,2019,60000,133000,193000
70836408075,2019,59700,164400,224100
70836408083,2019,59400,162700,222100
70836408091,2019,57800,145700,203500
70836408108,2019,57800,136400,194200
70836408116,2019,56400,155800,212200
70836408124,2019,56400,144300,200700
70836408132,2019,57800,168200,226000
70836408140,2019,57800,192900,250700
70836408158,2019,57800,138300,196100
70836408166,2019,62300,200300,262600
70836408174,2019,61900,136700,198600
70836408182,2019,61900,147800,209700
70836408190,2019,61900,166100,228000
70836408207,2019,61900,150000,211900
70836408215,2019,61900,150000,211900
70836408223,2019,61200,155800,217000
70836408231,2019,61200,143300,204500
70836408249,2019,61200,134800,196000
70836408257,2019,61900,135800,197700
70836408265,2019,61900,143400,205300
70836408273,2019,60900,137200,198100
70836408281,2019,61900,180200,242100
70836408299,2019,61700,129000,190700
70836409015,2019,60700,143300,204000
70836409023,2019,61000,149000,210000
70836409031,2019,60300,154200,214500
70836409049,2019,60300,146700,207000
70836409057,2019,60000,179000,239000
70836409065,2019,60000,128700,188700
70836409073,2019,59700,167300,227000
70836409081,2019,59700,131900,191600
70836409099,2019,59400,135300,194700
70836409106,2019,61000,119300,180300
70836409114,2019,64300,128100,192400
70836409122,2019,69000,130800,199800
70836409130,2019,55100,137500,192600
70836409205,2019,72000,131500,203500
70836409213,2019,75500,143500,219000
70836409221,2019,75500,129900,205400
70836409239,2019,75500,154800,230300
70836409247,2019,74500,135100,209600
70836409255,2019,74500,187800,262300
70836410012,2019,55400,133700,189100
70836410020,2019,54700,154100,208800
70836410038,2019,54800,143400,198200
70836410046,2019,54800,137600,192400
70836410054,2019,54800,138500,193300
70836410062,2019,54800,164700,219500
70836410070,2019,55100,143500,198600
70836410088,2019,55100,143800,198900
70836410096,2019,55100,149000,204100
70836410103,2019,55100,133600,188700
70836410111,2019,55100,139700,194800
70836410129,2019,55100,164100,219200
70836410137,2019,55100,137200,192300
70836410145,2019,55100,146300,201400
70836410153,2019,55100,135900,191000
70836410161,2019,55100,138900,194000
70836410179,2019,55100,162000,217100
70836410187,2019,55100,145800,200900
70836410195,2019,57200,136300,193500
70836410202,2019,57800,148200,206000
70836410210,2019,55700,137000,192700
70836410228,2019,55700,168300,224000
70836410236,2019,55700,143000,198700
70836410244,2019,55700,138300,194000
70836410252,2019,57800,136900,194700
70836410260,2019,57800,139800,197600
70836410278,2019,58000,141900,199900
70836410286,2019,58100,144900,203000
70836410294,2019,58600,130000,188600
70836410301,2019,58700,160600,219300
70836410319,2019,58700,141100,199800
70836410327,2019,58700,157100,215800
70836410335,2019,58700,125300,184000
70836410343,2019,57800,147300,205100
70836410351,2019,57800,159200,217000
70836410369,2019,58800,143000,201800
70836411010,2019,59700,133700,193400
70836411028,2019,62000,166200,228200
70836411036,2019,61900,176600,238500
70836411044,2019,61200,152900,214100
70836411052,2019,61200,182400,243600
70836411060,2019,62500,203200,265700
70836411078,2019,62300,161000,223300
70836411086,2019,62700,143100,205800
70836411094,2019,61000,184300,245300
70836411101,2019,61000,151400,212400
70836411119,2019,61600,151700,213300
70836411127,2019,61100,140300,201400
70836411135,2019,60400,202300,262700
70836411143,2019,60000,180700,240700
70836411151,2019,60300,174100,234400
70836413082,2019,68300,128300,196600
70836413090,2019,69800,166000,235800
70836413107,2019,72500,134000,206500
70836413115,2019,66200,131500,197700
70836416010,2019,58700,150700,209400
70836416028,2019,57800,139100,196900
70836416036,2019,58800,134800,193600
70836416044,2019,61200,138200,199400
70836416052,2019,61900,142500,204400
70836416060,2019,63400,140700,204100
70836416078,2019,65900,176100,242000
70836416086,2019,64500,139600,204100
70836416094,2019,68300,180200,248500
70836416101,2019,65800,164200,230000
70836416119,2019,65000,167700,232700
70836416127,2019,69500,153500,223000
70836416135,2019,62000,145400,207400
70836416143,2019,59200,152000,211200
70836416151,2019,59900,148200,208100
70836417068,2019,59700,144400,204100
70836417076,2019,62100,142900,205000
70836417084,2019,64900,192300,257200
70836417092,2019,62300,148300,210600
70836417109,2019,58600,142100,200700
70836417117,2019,61600,147500,209100
70836417125,2019,61600,197400,259000
70836417133,2019,61600,165900,227500
70836417141,2019,59100,158600,217700
70836417159,2019,62700,151500,214200
70836417167,2019,61000,145000,206000
70836417175,2019,64900,161100,226000
70836417183,2019,63600,162100,225700
70836417191,2019,61900,148500,210400
70836417208,2019,60400,142200,202600
70836417216,2019,59600,146400,206000
70836417224,2019,59600,160400,220000
70836417232,2019,59600,145700,205300
70836417240,2019,59600,171300,230900
70836417258,2019,61200,147600,208800
70836417266,2019,60900,184400,245300
70836417274,2019,66200,159400,225600
70836418032,2019,65600,127700,193300
70836418040,2019,65600,124600,190200
70836418058,2019,65600,160400,226000
70836418066,2019,62300,158800,221100
70836418074,2019,64300,164600,228900
70836418082,2019,62700,143300,206000
70836418090,2019,62100,190900,253000
70836418107,2019,62100,199200,261300
70836418115,2019,61200,184400,245600
70836418123,2019,62300,158900,221200
70836418131,2019,66000,169800,235800
70836418149,2019,66200,168200,234400
70836418157,2019,65100,146000,211100
70836420011,2019,68800,160100,228900
70836420029,2019,68800,142700,211500
70836420037,2019,68800,152200,221000
70836420045,2019,69700,159500,229200
70836420053,2019,70900,150400,221300
70836420061,2019,72900,142700,215600
70836420079,2019,75000,196500,271500
70836420087,2019,66700,148300,215000
70836420095,2019,64300,166700,231000
70836420102,2019,63400,150500,213900
70836420110,2019,85700,133200,218900
70836420128,2019,80800,167100,247900
70836420136,2019,82700,175300,258000
70836420144,2019,71200,178800,250000
70836420152,2019,65700,151500,217200
70836420160,2019,66000,136800,202800
70901101017,2019,51000,127300,178300
70901101025,2019,51000,112500,163500
70901101033,2019,51000,144800,195800
70901101041,2019,51000,147400,198400
70901101059,2019,71400,169100,240500
70901101067,2019,65700,106600,172300
70901101075,2019,51000,93300,144300
70901101083,2019,51000,128400,179400
70901101091,2019,54500,119600,174100
70901101108,2019,53800,190500,244300
70901101116,2019,68100,160900,229000
70901101140,2019,54500,145300,199800
70901101158,2019,68400,121800,190200
70901102015,2019,51000,121700,172700
70901102023,2019,51000,151800,202800
70901102031,2019,51000,135700,186700
70901102049,2019,51000,174000,225000
70901102057,2019,51000,116100,167100
70901102065,2019,51000,158800,209800
70901102073,2019,51000,142800,193800
70901102081,2019,51000,156000,207000
70901102099,2019,51000,159700,210700
70901102106,2019,51000,175800,226800
70901102114,2019,51000,151300,202300
70901102122,2019,51000,107000,158000
70901102130,2019,49800,165400,215200
70901102148,2019,51000,138200,189200
70901102156,2019,51000,101400,152400
70901102164,2019,51000,117300,168300
70901102172,2019,71000,108400,179400
70901103013,2019,51000,135700,186700
70901103021,2019,51000,135000,186000
70901103039,2019,51000,150600,201600
70901103047,2019,51000,137900,188900
70901103055,2019,51000,111800,162800
70901103063,2019,51000,165000,216000
70901103071,2019,51000,158100,209100
70901103097,2019,71000,119200,190200
70901103104,2019,51000,160400,211400
70901103112,2019,51000,111900,162900
70901103120,2019,68100,212900,281000
70901103138,2019,68100,105300,173400
70901103146,2019,51000,167600,218600
70901103154,2019,51000,127100,178100
70901103162,2019,51000,176000,227000
70901103170,2019,51000,151800,202800
70901104011,2019,51900,178900,230800
70901104029,2019,53200,135500,188700
70901104037,2019,51000,133000,184000
70901104045,2019,49200,190000,239200
70901104053,2019,47900,117000,164900
70901104061,2019,45200,177800,223000
70901104079,2019,55000,179300,234300
70901104087,2019,40600,151900,192500
70901104095,2019,49200,136800,186000
70901104102,2019,55000,156600,211600
70901104110,2019,56100,173100,229200
70901104128,2019,47900,182800,230700
70901104136,2019,49200,142300,191500
70901104144,2019,51000,115100,166100
70901104152,2019,58100,202500,260600
70901104160,2019,59400,137600,197000
70901105019,2019,76300,265400,341700
70901105027,2019,67700,155600,223300
70901105035,2019,74400,184000,258400
70901105043,2019,77400,164400,241800
70901105051,2019,81100,183400,264500
70901105069,2019,82900,164000,246900
70901105077,2019,85800,137900,223700
70901105085,2019,78900,124000,202900
70901105093,2019,51000,166500,217500
70901105100,2019,77600,160100,237700
70901105126,2019,51000,67800,118800
70901105134,2019,58500,144400,202900
70901105142,2019,58500,129100,187600
70901105150,2019,51000,146600,197600
70901105168,2019,51000,166800,217800
70901105176,2019,51000,128600,179600
70901105184,2019,51000,113000,164000
70901105192,2019,54500,146900,201400
70901105209,2019,54500,160300,214800
70901105217,2019,53200,112100,165300
70901105225,2019,54500,110600,165100
70901105233,2019,54500,146700,201200
70901105241,2019,54500,147200,201700
70901105259,2019,54500,142000,196500
70901105267,2019,47300,153300,200600
70901105275,2019,47300,119300,166600
70901105283,2019,73700,133600,207300
70901105291,2019,72600,114600,187200
70901105308,2019,67100,128100,195200
70901105316,2019,61200,168100,229300
70901105324,2019,61200,172100,233300
70901105332,2019,53200,143300,196500
70901105366,2019,47300,239800,287100
70901106017,2019,51000,159700,210700
70901106025,2019,51000,148000,199000
70901106033,2019,51000,150900,201900
70901106041,2019,51000,148200,199200
70901106059,2019,51000,127800,178800
70901106067,2019,51000,189800,240800
70901106091,2019,51000,138100,189100
70901106108,2019,51000,153200,204200
70901106116,2019,53000,186000,239000
70901106124,2019,54500,160700,215200
70901106132,2019,54500,105000,159500
70901106140,2019,54500,163000,217500
70901106158,2019,54500,128700,183200
70901106166,2019,54500,137600,192100
70901106174,2019,51000,124100,175100
70901106182,2019,46200,163300,209500
70901106190,2019,34100,151600,185700
70901107015,2019,51000,145500,196500
70901107031,2019,85000,144200,229200
70901107049,2019,51000,142300,193300
70901107057,2019,51000,170300,221300
70901107065,2019,51000,150900,201900
70901107073,2019,49800,137100,186900
70901107081,2019,51000,160100,211100
70901107099,2019,51000,179500,230500
70901107106,2019,51000,163700,214700
70901107114,2019,51000,145500,196500
70901107122,2019,51000,142800,193800
70901107130,2019,51000,146000,197000
70901107148,2019,51000,118700,169700
70901107156,2019,51000,116700,167700
70901107164,2019,51000,125600,176600
70901107172,2019,51000,151900,202900
70901107180,2019,51000,119500,170500
70901108013,2019,54500,3000,57500
70901108039,2019,54500,120900,175400
70901108047,2019,54500,149500,204000
70901108055,2019,54500,151900,206400
70901108063,2019,54500,158800,213300
70901108071,2019,54500,154000,208500
70901108089,2019,54500,130100,184600
70901108097,2019,54500,152500,207000
70901108104,2019,51000,162700,213700
70901108112,2019,58300,155500,213800
70901108120,2019,80100,51200,131300
70901108138,2019,51000,156600,207600
70901108146,2019,51000,127200,178200
70901108154,2019,51000,143500,194500
70901108162,2019,51000,124400,175400
70901108170,2019,51000,113300,164300
70901109029,2019,46200,110800,157000
70901109037,2019,46200,159200,205400
70901109045,2019,46200,130100,176300
70901109053,2019,46200,148700,194900
70901109061,2019,68400,150400,218800
70901109079,2019,49200,137400,186600
70901109087,2019,40900,151800,192700
70901109095,2019,40900,152200,193100
70901109102,2019,44800,168500,213300
70901109110,2019,51000,141700,192700
70901109128,2019,51000,161900,212900
70901109136,2019,51000,137600,188600
70901109144,2019,51000,96300,147300
70901109152,2019,51000,165200,216200
70901109160,2019,53200,161700,214900
70901109178,2019,53200,149700,202900
70901109186,2019,63700,125200,188900
70901109194,2019,70700,136300,207000
70901109201,2019,71800,104000,175800
70901109219,2019,78300,143000,221300
70901109227,2019,36000,129300,165300
70901109235,2019,72600,129700,202300
70901109243,2019,40000,60800,100800
70901109251,2019,74500,108100,182600
70901109269,2019,39200,137800,177000
70901109277,2019,106900,106700,213600
70901109285,2019,58300,117400,175700
70901109293,2019,58300,119800,178100
70901109300,2019,56100,129000,185100
70901110018,2019,42700,148700,191400
70901110026,2019,55000,136900,191900
70901110034,2019,55800,109400,165200
70901110042,2019,57400,175200,232600
70907300019,2019,0,207700,207700
70907300027,2019,0,201700,201700
70907300887,2019,863400,922100,1785500
70907300895,2019,1158200,363600,1521800
70907300902,2019,955300,173000,1128300
70907300910,2019,154500,360300,514800
70907300928,2019,111600,550600,662200
70907300944,2019,1558100,1398700,2956800
70907301017,2019,91300,133500,224800
70907301025,2019,127000,315200,442200
70907301033,2019,121100,209700,330800
70907301041,2019,208200,401000,609200
70907301059,2019,144500,350500,495000
70907301067,2019,315000,603000,918000
70907301075,2019,145800,253700,399500
70907301083,2019,137900,252700,390600
70907301091,2019,89900,222800,312700
70907301108,2019,146300,365700,512000
70907301124,2019,151900,445600,597500
70907301132,2019,49200,156200,205400
70907302015,2019,809900,235400,1045300
70907302023,2019,1046700,1158300,2205000
70907302031,2019,1115700,863400,1979100
70912402066,2019,139400,120600,260000
70912402090,2019,100500,72100,172600
70912402107,2019,100700,225900,326600
70912402115,2019,98800,152500,251300
70912402123,2019,100500,117600,218100
70912402131,2019,100700,197900,298600
70912402165,2019,93400,237700,331100
70912402181,2019,85600,199400,285000
70912402199,2019,83200,236300,319500
70912402206,2019,92400,212300,304700
70912403014,2019,108500,169300,277800
70912403030,2019,104100,262500,366600
70912403056,2019,84100,443800,527900
70912403064,2019,119300,223200,342500
70912403072,2019,119300,195100,314400
70912403080,2019,104100,130900,235000
70912403098,2019,85500,265000,350500
70912403105,2019,142800,149300,292100
70912403113,2019,140500,124300,264800
70912403121,2019,120200,243700,363900
70912403139,2019,18000,131900,149900
70912403147,2019,105200,180100,285300
70912403155,2019,103500,184800,288300
70912403163,2019,113400,201500,314900
70912403238,2019,100500,214500,315000
70912403254,2019,100700,190100,290800
70912403270,2019,105500,176300,281800
70912403296,2019,93600,116800,210400
70912404012,2019,111700,346300,458000
70912404020,2019,98400,270400,368800
70912404038,2019,100400,229700,330100
70912404046,2019,104700,384100,488800
70912404054,2019,102200,220400,322600
70912404062,2019,102200,237800,340000
70912404070,2019,102200,245700,347900
70912404088,2019,102200,259400,361600
70912404096,2019,100400,258900,359300
70912404103,2019,100400,302700,403100
70912404111,2019,102200,204700,306900
70912404129,2019,100400,314600,415000
70912404137,2019,100400,300800,401200
70912404145,2019,100400,232400,332800
70912404153,2019,100400,323800,424200
70912404179,2019,100400,299600,400000
70912404187,2019,100400,296200,396600
70912404195,2019,100400,223900,324300
70912404210,2019,98200,286000,384200
70912404228,2019,99400,271500,370900
70912404236,2019,100500,250800,351300
70912404244,2019,96800,313300,410100
70912404252,2019,98800,223200,322000
70912404260,2019,98800,229700,328500
70912404278,2019,99200,300900,400100
70912404286,2019,99200,257000,356200
70912404294,2019,99200,285200,384400
70912404301,2019,94200,261200,355400
70912404319,2019,94200,219400,313600
70912404335,2019,132000,324900,456900
70912404343,2019,132000,304500,436500
70912404351,2019,129200,299800,429000
70912404369,2019,129200,257100,386300
70912404377,2019,129200,360300,489500
70912404385,2019,134900,265200,400100
70912404393,2019,134900,249700,384600
70912404400,2019,134900,234300,369200
70912404418,2019,134900,313200,448100
70912404434,2019,134900,359400,494300
70912404442,2019,134500,404600,539100
70912404450,2019,134900,396100,531000
70912404468,2019,134900,327100,462000
70912404476,2019,134900,216100,351000
70912404484,2019,134900,290100,425000
70912404492,2019,125800,196100,321900
70912404509,2019,144500,317800,462300
70912404517,2019,134900,260100,395000
70912404525,2019,134900,297000,431900
70912404533,2019,134900,277100,412000
70912404541,2019,134900,301700,436600
70912404559,2019,134900,375500,510400
70912405036,2019,112800,290800,403600
70912405060,2019,105400,268700,374100
70912405078,2019,105400,299200,404600
70912405086,2019,105400,284600,390000
70912405094,2019,103900,291100,395000
70912405119,2019,105400,273600,379000
70912405127,2019,103900,288300,392200
70912405135,2019,103900,305900,409800
70912405143,2019,105400,225100,330500
70912405151,2019,105400,320500,425900
70912405169,2019,103900,277800,381700
70912405177,2019,103900,265000,368900
70912405185,2019,105400,323600,429000
70912405193,2019,105400,338700,444100
70912405200,2019,100400,227900,328300
70912405218,2019,113900,309400,423300
70912405226,2019,117200,257500,374700
70912405234,2019,100400,294200,394600
70912405242,2019,98400,71600,170000
70912405250,2019,98400,284600,383000
70912405268,2019,100400,310800,411200
70912405276,2019,98400,172900,271300
70912405284,2019,98400,243200,341600
70912405292,2019,100400,176900,277300
70912405309,2019,100400,353100,453500
70912405333,2019,125600,349500,475100
70912405341,2019,100400,236700,337100
70912405359,2019,100400,255600,356000
70912405367,2019,100400,208300,308700
70912405375,2019,100400,330100,430500
70912405383,2019,100400,213300,313700
70912406026,2019,99400,182800,282200
70912406034,2019,98400,168300,266700
70912406042,2019,103800,198900,302700
70912406050,2019,106700,266600,373300
70912406068,2019,108800,239500,348300
70912406076,2019,111400,294400,405800
70912406084,2019,108100,176500,284600
70912406092,2019,108100,198000,306100
70912406117,2019,111400,315800,427200
70912406125,2019,111400,292500,403900
70912406133,2019,99400,241900,341300
70912406141,2019,108100,211600,319700
70912406159,2019,110700,272000,382700
70912406175,2019,94200,241600,335800
70912407016,2019,104800,209000,313800
70912407024,2019,126200,217300,343500
70912407032,2019,108800,167900,276700
70912407040,2019,108800,289500,398300
70912407058,2019,108800,208400,317200
70912407066,2019,122200,284400,406600
70912407074,2019,151200,298400,449600
70912407082,2019,118800,291500,410300
70912407090,2019,121700,153700,275400
70912407107,2019,127300,176100,303400
70912407115,2019,116300,147900,264200
70912407123,2019,116000,311200,427200
70912407131,2019,116000,211900,327900
70912407149,2019,116300,270500,386800
70912407157,2019,113900,211400,325300
70912407165,2019,113900,234600,348500
70912407173,2019,125800,323800,449600
70912407181,2019,111400,250400,361800
70912407199,2019,111400,305200,416600
70912407206,2019,111400,271500,382900
70912407214,2019,111400,254200,365600
70912407222,2019,118200,349800,468000
70912407230,2019,104800,200400,305200
70912407248,2019,105400,369600,475000
70912407256,2019,105400,250700,356100
70912407264,2019,117700,101500,219200
70912407272,2019,120400,242600,363000
70912407280,2019,117700,262300,380000
70912407298,2019,118800,358000,476800
70912407305,2019,111400,303400,414800
70912407313,2019,116000,414800,530800
70912407321,2019,114500,186200,300700
70912407339,2019,112800,188000,300800
70912407347,2019,105400,195400,300800
70912407355,2019,105400,264700,370100
70912407363,2019,105400,333600,439000
70912407371,2019,105400,309500,414900
70912407389,2019,105400,230600,336000
70912407397,2019,105400,206200,311600
70912408014,2019,108100,225100,333200
70912408030,2019,103800,315900,419700
70912408048,2019,98200,202500,300700
70912408056,2019,100500,155800,256300
70912408072,2019,105400,239600,345000
70912408080,2019,105400,179800,285200
70912408098,2019,100500,107900,208400
70912408105,2019,100500,221500,322000
70912408113,2019,100500,209900,310400
70912408121,2019,100500,265200,365700
70912408139,2019,100500,200000,300500
70912408147,2019,105200,242300,347500
70912409012,2019,91800,274300,366100
70912409038,2019,94200,194600,288800
70912409070,2019,106700,260300,367000
70912409096,2019,138600,207500,346100
70912409103,2019,107800,194800,302600
70912409111,2019,117900,358400,476300
70912409137,2019,112900,241600,354500
70912409161,2019,108800,347800,456600
70912409179,2019,102200,239600,341800
70912409195,2019,108100,197100,305200
70912409202,2019,114500,189800,304300
70912409210,2019,114500,242200,356700
70912409228,2019,109800,191800,301600
70912409236,2019,116300,179700,296000
70912409252,2019,91600,185100,276700
70912409260,2019,92100,228900,321000
70912409278,2019,100500,226500,327000
70912409286,2019,100500,244600,345100
70912409294,2019,108100,226900,335000
70912409301,2019,93800,261200,355000
70912409319,2019,91700,268100,359800
70912409327,2019,98800,255200,354000
70912409335,2019,98800,260100,358900
70912409343,2019,98800,212800,311600
70912409351,2019,98800,252600,351400
70912409369,2019,98800,312000,410800
70912409393,2019,88400,121600,210000
70912409400,2019,90100,239500,329600
70912410019,2019,554400,196000,750400
70912410027,2019,552000,287300,839300
70912410035,2019,547900,355100,903000
70912410043,2019,466600,193300,659900
70912410051,2019,463100,300300,763400
70912410069,2019,426400,73400,499800
70912410077,2019,504900,127600,632500
70912410085,2019,678500,269300,947800
70912410093,2019,501700,197400,699100
70912410100,2019,497400,445400,942800
70912410118,2019,876000,732200,1608200
70912410126,2019,507400,400800,908200
70912410134,2019,514000,686000,1200000
70912410142,2019,527700,508900,1036600
70912410150,2019,757600,508700,1266300
70912410176,2019,805100,230000,1035100
70912410184,2019,613800,319700,933500
70912410192,2019,624300,197400,821700
70912410217,2019,1132900,538600,1671500
70912410225,2019,951800,270200,1222000
70912410233,2019,638800,536200,1175000
70912412023,2019,743800,275100,1018900
70912412031,2019,438700,584300,1023000
70912412057,2019,521600,263800,785400
70912412065,2019,553300,440300,993600
70912412073,2019,629600,370500,1000100
70912412081,2019,660900,521600,1182500
70912412099,2019,661800,78700,740500
70913102029,2019,100700,179200,279900
70913103019,2019,88000,205600,293600
70913103043,2019,92400,140800,233200
70913103051,2019,100700,101800,202500
70913103069,2019,98800,155100,253900
70913103077,2019,100700,112100,212800
70913103085,2019,100700,283200,383900
70913103093,2019,95100,115700,210800
70913103100,2019,105500,172800,278300
70913103118,2019,100500,200900,301400
70913103176,2019,137500,94400,231900
70913103184,2019,100500,130900,231400
70913103217,2019,100700,218600,319300
70913103233,2019,100500,108500,209000
70913103241,2019,100500,190500,291000
70913103259,2019,100500,146900,247400
70913104017,2019,84200,123300,207500
70913104025,2019,84200,196300,280500
70913104033,2019,97900,179600,277500
70913104041,2019,119300,247700,367000
70913104067,2019,95500,187400,282900
70913105023,2019,137500,294800,432300
70913105073,2019,100700,194100,294800
70913105130,2019,136200,188100,324300
70913105156,2019,103500,160100,263600
70913105221,2019,96500,147500,244000
70913105247,2019,93600,58800,152400
70913105255,2019,92500,317500,410000
70913105263,2019,117200,196800,314000
70913105271,2019,103400,232500,335900
70913105304,2019,95500,216300,311800
70913106021,2019,81600,63300,144900
70913106039,2019,81600,147400,229000
70913106047,2019,85300,137700,223000
70913106055,2019,85900,164100,250000
70913106063,2019,84200,121800,206000
70913106071,2019,81800,195200,277000
70913106089,2019,83000,141700,224700
70913106097,2019,83000,190800,273800
70913106104,2019,89000,230600,319600
70913106120,2019,100500,148100,248600
70913106138,2019,98800,179600,278400
70913106146,2019,98800,251200,350000
70913106170,2019,100500,265000,365500
70913106196,2019,114200,151500,265700
70913106203,2019,85300,136700,222000
70913106211,2019,87300,151200,238500
70913106229,2019,91000,126400,217400
70913106237,2019,94600,177300,271900
70913106245,2019,91600,184200,275800
70913106253,2019,81800,194200,276000
70913106279,2019,98800,201600,300400
70913106287,2019,100700,141700,242400
70913106302,2019,90500,109500,200000
70913106310,2019,99400,38400,137800
70913106328,2019,97600,110400,208000
70913106352,2019,97600,248200,345800
70913106360,2019,100500,107500,208000
70913106386,2019,98800,143100,241900
70913107136,2019,111300,124400,235700
70913107144,2019,137300,171700,309000
70913107152,2019,91700,198600,290300
70913107178,2019,91700,152700,244400
70913107201,2019,109700,128000,237700
70913107219,2019,109700,150300,260000
70913107227,2019,119700,237400,357100
70913107235,2019,119700,186900,306600
70913107243,2019,119700,207800,327500
70913107251,2019,119700,210500,330200
70913107269,2019,116000,150400,266400
70913107326,2019,124800,0,124800
70913108019,2019,79500,137900,217400
70913108027,2019,79500,126000,205500
70913108035,2019,79500,154500,234000
70913108043,2019,68600,126400,195000
70913108069,2019,74400,107200,181600
70913108093,2019,78100,56900,135000
70913108100,2019,65000,102600,167600
70913108118,2019,64200,103200,167400
70913108126,2019,71100,161900,233000
70913108134,2019,57600,139200,196800
70913108142,2019,68600,149800,218400
70913108150,2019,85600,177800,263400
70913108168,2019,84200,138700,222900
70913108176,2019,85900,153300,239200
70913108192,2019,83200,127900,211100
70913108209,2019,83200,113400,196600
70913108217,2019,104700,180200,284900
70913108225,2019,104100,177600,281700
70913108233,2019,85600,171900,257500
70913108241,2019,83200,126000,209200
70913108259,2019,68700,140300,209000
70913108465,2019,82500,99200,181700
70913108473,2019,82500,117100,199600
70913108481,2019,83200,124300,207500
70913109017,2019,85300,172800,258100
70913109025,2019,84400,175000,259400
70913109033,2019,85900,296600,382500
70913109041,2019,85300,309700,395000
70913109067,2019,84400,160900,245300
70913109083,2019,85900,169100,255000
70913109091,2019,107300,167100,274400
70913109116,2019,128100,97200,225300
70913109124,2019,106200,49800,156000
70913109166,2019,105200,211500,316700
70913109174,2019,98800,53200,152000
70913109182,2019,98800,240200,339000
70913109190,2019,75400,137800,213200
70913109207,2019,76000,129900,205900
70913109223,2019,74500,125900,200400
70913109273,2019,107700,265700,373400
70913109281,2019,109700,206400,316100
70913109306,2019,105900,263300,369200
70913109314,2019,106600,89500,196100
70913109356,2019,93600,121400,215000
70913109364,2019,109700,172600,282300
70913110022,2019,83000,154600,237600
70913110030,2019,81600,174200,255800
70913110056,2019,83000,78200,161200
70913110098,2019,100500,140800,241300
70913110105,2019,97900,200300,298200
70913110113,2019,85600,66600,152200
70913110121,2019,84400,106100,190500
70913110139,2019,85000,186800,271800
70913110147,2019,136200,117500,253700
70913110163,2019,103000,194400,297400
70913110171,2019,104300,152300,256600
70913110189,2019,95700,272700,368400
70913110197,2019,119100,282800,401900
70913110220,2019,100500,207500,308000
70913110246,2019,159300,104000,263300
70913110254,2019,121700,245800,367500
70913110262,2019,93400,176200,269600
70913110270,2019,93800,128400,222200
70913110303,2019,106200,282100,388300
70913111020,2019,100600,137000,237600
70913111046,2019,90500,204900,295400
70913111054,2019,100700,239000,339700
70913111062,2019,100700,212500,313200
70913111111,2019,91600,238900,330500
70913111129,2019,91600,219400,311000
70913111137,2019,90500,186300,276800
70913111145,2019,92500,264500,357000
70913111179,2019,98100,29200,127300
70913111195,2019,151700,279700,431400
70913111228,2019,118600,166800,285400
70913111286,2019,78100,157300,235400
70913111294,2019,75400,95400,170800
70913112036,2019,103800,218100,321900
70913112044,2019,121000,148300,269300
70913112060,2019,100500,196400,296900
70913112078,2019,100500,277700,378200
70913112086,2019,100500,216100,316600
70913112119,2019,95300,329700,425000
70913112135,2019,98400,90900,189300
70913112177,2019,91000,129800,220800
70913112200,2019,96500,111500,208000
70913112226,2019,95500,157200,252700
70913112234,2019,95500,72100,167600
70913112268,2019,100400,134600,235000
70913112276,2019,104000,204900,308900
70913112284,2019,137900,265600,403500
70913113018,2019,88400,111600,200000
70913113026,2019,96500,123900,220400
70913113076,2019,95500,121200,216700
70913113084,2019,95500,211000,306500
70913113117,2019,95500,105000,200500
70913113224,2019,0,0,0
70913113232,2019,95500,193200,288700
70913113240,2019,97900,161100,259000
70913113266,2019,93400,133900,227300
70913113307,2019,93800,56600,150400
70913113323,2019,93800,153100,246900
70913113331,2019,81600,232900,314500
70913113357,2019,81600,146500,228100
70913113365,2019,89200,169600,258800
70913114016,2019,89900,160900,250800
70913114074,2019,136700,147200,283900
70913114082,2019,105900,195100,301000
70913114090,2019,109700,264400,374100
70913114107,2019,106600,309500,416100
70913114115,2019,107700,238200,345900
70913114149,2019,108500,147700,256200
70913114157,2019,107700,186600,294300
70913114206,2019,104000,215900,319900
70913114214,2019,103000,306700,409700
70913114305,2019,89000,156000,245000
70913119016,2019,95500,194500,290000
70913119032,2019,85900,207800,293700
70913119040,2019,100600,196900,297500
70913119058,2019,100500,91900,192400
70913119074,2019,100500,120700,221200
70913119082,2019,100500,166400,266900
70913119090,2019,100500,73300,173800
70913119107,2019,100500,108900,209400
70913119149,2019,100500,168000,268500
70913119157,2019,100500,131900,232400
70913119165,2019,137500,174500,312000
70913119181,2019,81200,210400,291600
70913119199,2019,83000,182100,265100
70913119206,2019,82000,157500,239500
70913119214,2019,82000,144100,226100
70913119222,2019,81600,122400,204000
70913119230,2019,82000,159600,241600
70913119248,2019,81600,106300,187900
70913119256,2019,81800,204200,286000
70913119272,2019,95700,217300,313000
70913119280,2019,100500,176700,277200
70913119298,2019,100500,172500,273000
70913119313,2019,98800,161200,260000
70913119321,2019,100500,155300,255800
70913119339,2019,100500,166800,267300
70913119347,2019,100500,164700,265200
70913119355,2019,100500,119000,219500
70913119363,2019,109900,191900,301800
70913119389,2019,92400,106400,198800
70913124049,2019,83500,110200,193700
70913124106,2019,93000,151000,244000
70913124114,2019,114000,92400,206400
70913124130,2019,114000,198500,312500
70913124148,2019,114000,137600,251600
70913124198,2019,90300,199200,289500
70913124205,2019,88900,182500,271400
70913124213,2019,93600,206300,299900
70913125013,2019,90300,224700,315000
70913125039,2019,129400,133700,263100
70913125055,2019,121000,346500,467500
70913125063,2019,121000,203500,324500
70913125071,2019,121000,175000,296000
70913125089,2019,121000,218900,339900
70913125112,2019,121000,156100,277100
70913125203,2019,103800,261400,365200
70913125211,2019,84600,100000,184600
70913125229,2019,83500,142600,226100
70913125279,2019,139800,10700,150500
70913125336,2019,137900,141100,279000
70913125394,2019,64500,235500,300000
70913201011,2019,513200,686800,1200000
70913201029,2019,570800,349500,920300
70913201037,2019,598500,312200,910700
70913201045,2019,485400,319600,805000
70913201061,2019,353400,626600,980000
70913201079,2019,624300,102800,727100
70913201087,2019,619400,227600,847000
70913201095,2019,613800,277200,891000
70913201102,2019,939800,357300,1297100
70913201110,2019,687400,322400,1009800
70913201128,2019,559500,207500,767000
70913201136,2019,554400,202300,756700
70913201144,2019,778300,178600,956900
70913201160,2019,730700,262400,993100
70913201178,2019,534900,470500,1005400
70913201186,2019,563200,166100,729300
70913202027,2019,111400,288900,400300
70913202035,2019,117700,310200,427900
70913202043,2019,138600,205300,343900
70913202069,2019,104800,308700,413500
70913202077,2019,96500,224700,321200
70913202085,2019,127900,317200,445100
70913202093,2019,96500,283500,380000
70913202100,2019,88000,192700,280700
70913202118,2019,94200,328100,422300
70913202126,2019,90200,220100,310300
70913202134,2019,97900,154400,252300
70913202150,2019,86100,175700,261800
70913202176,2019,96500,150700,247200
70913202184,2019,96500,275100,371600
70913202209,2019,96500,190000,286500
70913202217,2019,96500,250900,347400
70913202225,2019,95500,168500,264000
70913202275,2019,137300,179700,317000
70913202283,2019,103700,166400,270100
70913202308,2019,107800,214200,322000
70913202316,2019,107100,165600,272700
70913203033,2019,126300,127600,253900
70913203041,2019,111000,119000,230000
70913203059,2019,104300,237300,341600
70913203067,2019,105400,339000,444400
70913203083,2019,102200,75200,177400
70913203091,2019,101100,237200,338300
70913203116,2019,98200,233900,332100
70913204156,2019,75900,80100,156000
70913204164,2019,78600,208400,287000
70913204172,2019,81600,226200,307800
70913204198,2019,91000,210900,301900
70913204205,2019,90400,214100,304500
70913204213,2019,85600,217600,303200
70913205039,2019,103000,127700,230700
70913205089,2019,100700,294500,395200
70913205104,2019,100700,158600,259300
70913205112,2019,98800,173700,272500
70913205138,2019,80800,419000,499800
70913205146,2019,98800,97300,196100
70913205154,2019,98800,127500,226300
70913205170,2019,81600,135900,217500
70913205188,2019,81600,168100,249700
70913205203,2019,83000,220100,303100
70913205229,2019,84200,147900,232100
70913205261,2019,95500,173200,268700
70913205279,2019,94600,234400,329000
70913205302,2019,96500,76500,173000
70913205310,2019,96500,145800,242300
70913205328,2019,94600,109000,203600
70913205352,2019,96500,107100,203600
70913205360,2019,84200,168100,252300
70913206011,2019,583800,208200,792000
70913206037,2019,517900,509400,1027300
70913206045,2019,420300,322200,742500
70913206053,2019,503600,386400,890000
70913206079,2019,696000,423200,1119200
70913206087,2019,580900,348700,929600
70913206095,2019,586100,557800,1143900
70913206102,2019,659700,263300,923000
70913206110,2019,381300,481100,862400
70913207043,2019,98200,309800,408000
70913207051,2019,103700,208300,312000
70913207069,2019,112200,412800,525000
70913207142,2019,83100,251900,335000
70913207150,2019,83100,122800,205900
70913207217,2019,84800,187300,272100
70913207225,2019,84800,184700,269500
70913208083,2019,98200,297800,396000
70913208091,2019,98800,289100,387900
70913208108,2019,100500,425800,526300
70913208116,2019,101700,290500,392200
70913209023,2019,90400,208400,298800
70913209057,2019,104300,57400,161700
70913209065,2019,104300,150700,255000
70913209106,2019,100600,79300,179900
70913209122,2019,83800,301000,384800
70913209130,2019,105500,229900,335400
70913209156,2019,104300,167100,271400
70913209164,2019,125000,165800,290800
70913209180,2019,98800,226200,325000
70913209255,2019,93800,63900,157700
70913209346,2019,96500,146000,242500
70913209354,2019,96500,48700,145200
70913210046,2019,91700,211500,303200
70913210088,2019,91700,126200,217900
70913210103,2019,111500,258500,370000
70913210137,2019,96900,267100,364000
70913210179,2019,100500,153100,253600
70913210228,2019,82000,165100,247100
70913210244,2019,83200,172100,255300
70913210260,2019,95500,201400,296900
70913210286,2019,95500,176800,272300
70913213181,2019,136200,185400,321600
70913213206,2019,65100,127500,192600
70913213313,2019,91000,65100,156100
70913214056,2019,123300,156900,280200
70913214064,2019,123300,165100,288400
70913214080,2019,130400,239600,370000
70913214212,2019,96500,141000,237500
70913214246,2019,95500,90600,186100
70913214288,2019,85900,292700,378600
70913214303,2019,92400,167600,260000
70913215046,2019,321600,258700,580300
70913215054,2019,380800,330600,711400
70913215062,2019,355200,217600,572800
70913215989,2019,0,438000,438000
70913216010,2019,410000,446500,856500
70913216036,2019,402300,266900,669200
70913216052,2019,464600,460800,925400
70913309112,2019,81600,124700,206300
70913309154,2019,96900,219900,316800
70913309188,2019,74200,160000,234200
70913309196,2019,74400,131000,205400
70913309203,2019,74500,195600,270100
70913309211,2019,98800,115000,213800
70913309229,2019,98800,140800,239600
70913309287,2019,98800,78000,176800
70913309302,2019,100500,132500,233000
70913309328,2019,81600,77500,159100
70913309386,2019,98800,165700,264500
70913309401,2019,83000,186400,269400
70913309419,2019,73600,278400,352000
70913309427,2019,65900,324100,390000
70913309435,2019,65900,324600,390500
70913309443,2019,73600,278700,352300
70913309451,2019,73600,278700,352300
70913309469,2019,73600,278700,352300
70913309477,2019,73600,278700,352300
70913309485,2019,73600,278700,352300
70913309493,2019,74300,299700,374000
70913309500,2019,65900,286100,352000
70913309518,2019,65900,285300,351200
70913309526,2019,65900,319100,385000
70913309534,2019,65900,285300,351200
70913309542,2019,65900,285300,351200
70913309550,2019,65900,285300,351200
70913309568,2019,69500,308200,377700
70913309576,2019,73600,311400,385000
70913310078,2019,94600,89100,183700
70913310094,2019,94600,182800,277400
70913310101,2019,131000,118600,249600
70913310127,2019,96500,81300,177800
70913311018,2019,136200,269600,405800
70913311026,2019,103000,108400,211400
70913311068,2019,135900,251100,387000
70913311076,2019,125000,278500,403500
70913311290,2019,95500,84300,179800
70913311323,2019,82000,108000,190000
70913311349,2019,89200,191600,280800
70913311357,2019,89200,109000,198200
70913312983,2019,0,248000,248000
70913313014,2019,90700,187500,278200
70913313022,2019,135100,345900,481000
70913313048,2019,92000,207400,299400
70913313056,2019,59000,267000,326000
70913313105,2019,62800,194600,257400
70913313113,2019,92000,250800,342800
70913313147,2019,65800,234100,299900
70913313189,2019,107600,151200,258800
70913314137,2019,64800,118100,182900
70913314145,2019,119500,84900,204400
70913314179,2019,95000,239000,334000
70913314187,2019,124200,163600,287800
70913314260,2019,124200,251800,376000
70913314286,2019,122900,118700,241600
70913314319,2019,70300,134100,204400
70913315028,2019,71800,137000,208800
70913315044,2019,62800,192700,255500
70913315052,2019,62800,204900,267700
70913315078,2019,80500,161500,242000
70913315101,2019,75000,185300,260300
70913315127,2019,57500,127500,185000
70913316042,2019,94600,380400,475000
70913316050,2019,124200,146600,270800
70913317040,2019,184300,125900,310200
70913317058,2019,123000,524500,647500
70913317066,2019,62800,158400,221200
70913317107,2019,124200,305800,430000
70913318064,2019,76300,172800,249100
70913318105,2019,155800,237300,393100
70913318238,2019,128900,141100,270000
70913318262,2019,98400,363600,462000
70913319020,2019,219600,150000,369600
70913319038,2019,126200,74000,200200
70913319062,2019,116000,198500,314500
70913319070,2019,113900,180500,294400
70913319103,2019,103200,309700,412900
70913319129,2019,105100,146900,252000
70913321091,2019,187300,188900,376200
70913321108,2019,116000,296300,412300
70913321132,2019,79400,154200,233600
70913321174,2019,78400,331500,409900
70913321249,2019,114500,146300,260800
70913321273,2019,116000,104800,220800
70913321299,2019,116000,66300,182300
70913321314,2019,114500,269900,384400
70913321322,2019,116000,196000,312000
70913323013,2019,140200,195100,335300
70913323253,2019,156600,97400,254000
70913326067,2019,155800,297200,453000
70913326265,2019,26700,328300,355000
70913326273,2019,15600,347900,363500
70913326281,2019,15600,344400,360000
70913326299,2019,15600,370400,386000
70913331082,2019,195800,168300,364100
70913332072,2019,71800,257200,329000
70913334028,2019,30600,272400,303000
70913334036,2019,30600,267600,298200
70913334044,2019,30600,264100,294700
70913334052,2019,30600,283800,314400
70913334060,2019,30600,336400,367000
70913334078,2019,30600,283800,314400
70913334086,2019,30600,293000,323600
70913334094,2019,30600,287400,318000
70913334101,2019,30600,294600,325200
70913401017,2019,86700,174600,261300
70913401091,2019,137900,187900,325800
70913401108,2019,137900,160100,298000
70913401132,2019,137900,241700,379600
70913401166,2019,137900,130000,267900
70913401174,2019,137900,208100,346000
70913401182,2019,137900,113700,251600
70913401249,2019,82700,141800,224500
70913401257,2019,86700,159200,245900
70913402172,2019,99100,69900,169000
70913402198,2019,105200,449800,555000
70913402205,2019,122600,406100,528700
70913402221,2019,96100,369900,466000
70913402297,2019,91100,379900,471000
70913403013,2019,96100,166400,262500
70913403089,2019,125000,312900,437900
70913403112,2019,111600,483400,595000
70913403203,2019,91600,181400,273000
70913403237,2019,86500,282700,369200
70913404037,2019,99400,381800,481200
70913404152,2019,117100,295600,412700
70913405027,2019,106700,154900,261600
70913405134,2019,96100,319700,415800
70913405267,2019,125000,435000,560000
70913406041,2019,86500,131800,218300
70913406231,2019,125000,290600,415600
70913406249,2019,105200,248600,353800
70913406257,2019,105200,266800,372000
70913406265,2019,112700,344000,456700
70913406281,2019,100100,378400,478500
70913414094,2019,165600,150900,316500
70913414177,2019,106000,131600,237600
70913414193,2019,103800,249300,353100
70913414200,2019,0,0,0
70913414226,2019,96100,316900,413000
70913414242,2019,96100,320300,416400
70913414250,2019,96100,219500,315600
70913414309,2019,125000,624000,749000
70913414325,2019,87200,372000,459200
70913415026,2019,88900,411100,500000
70913415034,2019,96100,330400,426500
70913415109,2019,90600,272900,363500
70913415117,2019,101400,527100,628500
70913415167,2019,83600,236200,319800
70913415175,2019,87200,313200,400400
70913415191,2019,106200,476800,583000
70913415208,2019,99300,330600,429900
70913416040,2019,100000,76000,176000
70913416115,2019,444800,175700,620500
70913416123,2019,478400,242500,720900
70913416256,2019,214100,279500,493600
70913426015,2019,357800,280800,638600
70913426023,2019,341300,206600,547900
70913426031,2019,335700,253600,589300
70913426049,2019,489800,160900,650700
70913426099,2019,487300,260400,747700
70913428029,2019,92800,424200,517000
70913428061,2019,229600,35700,265300
70913428087,2019,85200,174900,260100
70913428095,2019,83500,388800,472300
70913428136,2019,106000,302800,408800
70914403046,2019,203200,254600,457800
70914405018,2019,101800,174200,276000
70914405042,2019,139800,123000,262800
70914405084,2019,61100,198800,259900
70914406123,2019,140200,201700,341900
70914406199,2019,173900,179700,353600
70914411180,2019,190200,263300,453500
70914412055,2019,233600,307600,541200
70914412063,2019,369400,136900,506300
70914412154,2019,99500,476500,576000
70914416130,2019,146200,420400,566600
70914418037,2019,183000,208800,391800
70914418128,2019,92400,287100,379500
70914418201,2019,183000,316000,499000
70914419176,2019,97900,319500,417400
70914421238,2019,243000,168400,411400
70914422054,2019,183000,257000,440000
70914435015,2019,48600,395100,443700
70914435031,2019,24400,309100,333500
70914435049,2019,24400,322400,346800
70914435057,2019,24400,271500,295900
70914435065,2019,24400,276500,300900
70914435073,2019,24400,393800,418200
70914435081,2019,24400,314600,339000
70917301015,2019,567300,472200,1039500
70917301023,2019,587000,741300,1328300
70917301031,2019,584300,732400,1316700
70917301049,2019,592300,1032700,1625000
70917301057,2019,609000,865000,1474000
70917301065,2019,494700,768400,1263100
70917301073,2019,742700,729900,1472600
70917301081,2019,701900,15100,717000
70917301099,2019,728600,449800,1178400
70917301106,2019,1010500,232900,1243400
70918101018,2019,630300,489700,1120000
70918101026,2019,621400,331500,952900
70918101034,2019,611700,306500,918200
70918101042,2019,611700,345700,957400
70918101084,2019,191900,318000,509900
70918101092,2019,838100,454700,1292800
70918101109,2019,450200,458900,909100
70918102016,2019,653300,972100,1625400
70918102024,2019,550800,99200,650000
70918102032,2019,620300,393700,1014000
70918102040,2019,636400,195200,831600
70918102058,2019,625100,412700,1037800
70918102066,2019,627000,321000,948000
70918102074,2019,542900,469900,1012800
70918102082,2019,555300,678900,1234200
70918103014,2019,578600,336600,915200
70918103022,2019,636400,184000,820400
70918103030,2019,523000,318000,841000
70918103048,2019,428400,115900,544300
70918103056,2019,428400,333500,761900
70918103064,2019,628700,271500,900200
70918103072,2019,628700,293800,922500
70918103080,2019,628700,971300,1600000
70918104012,2019,775800,1149200,1925000
70918104038,2019,546700,232900,779600
70918104046,2019,636400,172700,809100
70918104054,2019,912800,838800,1751600
70918104070,2019,928400,558100,1486500
70918104088,2019,604100,310600,914700
70918104096,2019,841600,770000,1611600
70918104111,2019,558700,444700,1003400
70918105010,2019,160800,164300,325100
70918105028,2019,168700,466500,635200
70918105036,2019,117100,124300,241400
70918105044,2019,128000,224000,352000
70918105052,2019,127900,234700,362600
70918105060,2019,132700,169300,302000
70918105078,2019,123200,176900,300100
70918105086,2019,139500,226500,366000
70918105101,2019,166100,159200,325300
70918105119,2019,107600,265600,373200
70918105127,2019,180600,254800,435400
70918105135,2019,199700,180100,379800
70918105143,2019,177300,265800,443100
70918105151,2019,225300,170500,395800
70918105169,2019,123100,224900,348000
70918201024,2019,721900,1003100,1725000
70918201032,2019,644500,654900,1299400
70918201040,2019,628600,524500,1153100
70918201058,2019,577400,662500,1239900
70918201066,2019,139100,345900,485000
70918201074,2019,150700,808500,959200
70918201090,2019,150500,292200,442700
70918201107,2019,146000,309700,455700
70918201115,2019,153000,344100,497100
70918201131,2019,171700,354500,526200
70918201149,2019,150500,287800,438300
70918201157,2019,164900,375500,540400
70918201165,2019,158900,221000,379900
70918201173,2019,154200,366400,520600
70918201181,2019,135700,451400,587100
70918201199,2019,137800,336400,474200
70918201206,2019,139700,340200,479900
70918201214,2019,164300,552800,717100
70918201222,2019,139400,231700,371100
70918201230,2019,141900,287400,429300
70918201248,2019,147400,236900,384300
70918201256,2019,153000,350600,503600
70918201264,2019,147400,222200,369600
70918201272,2019,141200,215200,356400
70918201280,2019,137700,280500,418200
70918201298,2019,147500,268400,415900
70918201305,2019,131600,409200,540800
70918201313,2019,110200,397300,507500
70918201321,2019,141900,412000,553900
70918201339,2019,139700,252000,391700
70918201347,2019,146000,254000,400000
70918201355,2019,145100,236600,381700
70918202014,2019,438900,63500,502400
70918202030,2019,684800,313100,997900
70918202048,2019,679000,355300,1034300
70918202056,2019,684800,515200,1200000
70918202064,2019,689600,417700,1107300
70918202072,2019,694400,974100,1668500
70918203012,2019,521600,46500,568100
70918203020,2019,713900,741400,1455300
70918203038,2019,696000,209100,905100
70918203046,2019,701700,224900,926600
70918203054,2019,893100,1406900,2300000
70918203062,2019,943400,350900,1294300
70918204010,2019,263500,315300,578800
70918204028,2019,156100,336100,492200
70918204036,2019,156100,233300,389400
70918204044,2019,155000,203200,358200
70918204052,2019,154900,480100,635000
70918204060,2019,87700,217500,305200
70918204078,2019,83500,218100,301600
70918204086,2019,128400,150700,279100
70918204094,2019,91000,303200,394200
70918204101,2019,126100,455700,581800
70918205018,2019,133000,359400,492400
70918205026,2019,68700,217700,286400
70918205034,2019,108600,363800,472400
70918205042,2019,123200,320300,443500
70918205050,2019,123200,359700,482900
70918205068,2019,117100,182400,299500
70918205076,2019,164000,199500,363500
70918205084,2019,166100,153000,319100
70918205109,2019,166100,420000,586100
70918206016,2019,97900,356700,454600
70918206024,2019,116400,364500,480900
70918206040,2019,102200,184800,287000
70918206058,2019,69300,136700,206000
70918206066,2019,64300,282200,346500
70918206074,2019,152200,280100,432300
70918206082,2019,146100,278700,424800
70918206090,2019,150100,340200,490300
70918206107,2019,155100,372200,527300
70918206123,2019,142800,429900,572700
70918207014,2019,124400,304000,428400
70918207022,2019,119500,87600,207100
70918208012,2019,87700,333000,420700
70918208038,2019,87700,392400,480100
70918208062,2019,68700,299400,368100
70918209010,2019,108600,255900,364500
70918209028,2019,123200,161800,285000
70918209036,2019,87700,211900,299600
70918209044,2019,87700,268400,356100
70918209052,2019,168700,278600,447300
70918209060,2019,127900,199500,327400
70918209078,2019,105500,306300,411800
70918210017,2019,93100,270100,363200
70918210025,2019,101200,220800,322000
70918210033,2019,120200,286000,406200
70918210041,2019,136600,150500,287100
70918210059,2019,120200,166800,287000
70918210067,2019,161100,237900,399000
70918210075,2019,165400,286900,452300
70918210083,2019,164600,408400,573000
70918210091,2019,138500,370400,508900
70918210108,2019,112700,441100,553800
70918210116,2019,71000,223500,294500
70918210124,2019,71500,136100,207600
70918210132,2019,120200,273800,394000
70918210140,2019,161100,224600,385700
70918210158,2019,92400,330300,422700
70918210166,2019,92400,313800,406200
70918210174,2019,118600,427300,545900
70918211015,2019,91000,96500,187500
70918211023,2019,101700,159100,260800
70918211031,2019,101700,157700,259400
70918211049,2019,108600,177300,285900
70918211099,2019,255700,343100,598800
70918211148,2019,132700,137700,270400
70918211156,2019,123100,178400,301500
70918211164,2019,99300,192200,291500
70918211172,2019,76700,205500,282200
70918211180,2019,79800,259400,339200
70918211198,2019,98300,204100,302400
70918211205,2019,99100,216500,315600
70918211213,2019,102100,163600,265700
70918211221,2019,104200,207600,311800
70918211239,2019,107600,254600,362200
70918211247,2019,101700,221500,323200
70918211255,2019,101700,171900,273600
70918211263,2019,107600,220400,328000
70918211271,2019,133000,247200,380200
70918211289,2019,137000,304000,441000
70918211297,2019,67600,199800,267400
70918211304,2019,93100,246600,339700
70918211312,2019,83500,304000,387500
70918211320,2019,76700,435500,512200
70918211338,2019,139400,22100,161500
70918211354,2019,138100,369000,507100
70918211362,2019,157500,280100,437600
70918212021,2019,65200,134600,199800
70918212039,2019,110600,128200,238800
70918212047,2019,110600,129800,240400
70918212055,2019,76800,197100,273900
70918212063,2019,62000,162600,224600
70918212071,2019,65200,124000,189200
70918212089,2019,63800,130900,194700
70918212097,2019,60300,227700,288000
70918212104,2019,59400,218500,277900
70918212112,2019,94300,179600,273900
70918212120,2019,74000,189400,263400
70918212138,2019,111900,282100,394000
70918212146,2019,110600,267200,377800
70918212154,2019,87000,223800,310800
70918212162,2019,73200,138100,211300
70918212170,2019,73200,160700,233900
70918212188,2019,73200,245900,319100
70918212196,2019,73200,196600,269800
70918212203,2019,75600,165000,240600
70918212211,2019,114800,158700,273500
70918212229,2019,114800,185700,300500
70918212237,2019,92400,223400,315800
70918212245,2019,78700,156400,235100
70918212253,2019,66700,162300,229000
70918213029,2019,132700,269400,402100
70918213037,2019,123200,234400,357600
70918213045,2019,123200,258000,381200
70918213053,2019,74200,266800,341000
70918213061,2019,102000,288000,390000
70918213079,2019,85100,258500,343600
70918213087,2019,82900,176800,259700
70918213095,2019,87000,220200,307200
70918213102,2019,91100,192500,283600
70918213110,2019,86000,156400,242400
70918213128,2019,87000,154000,241000
70918213136,2019,68700,194200,262900
70918213144,2019,83500,235900,319400
70918213152,2019,62000,422600,484600
70918214019,2019,63800,173300,237100
70918214027,2019,79500,175800,255300
70918214035,2019,78700,211900,290600
70918214051,2019,267100,257000,524100
70918214077,2019,143300,208300,351600
70918214093,2019,140400,188700,329100
70918214126,2019,65800,191900,257700
70918215017,2019,78900,245600,324500
70918215025,2019,108600,253100,361700
70918215033,2019,106600,309600,416200
70918215041,2019,68700,181700,250400
70918215059,2019,87000,203700,290700
70918215067,2019,76700,231700,308400
70918215075,2019,71500,233700,305200
70918215083,2019,71000,209000,280000
70918215091,2019,71500,196900,268400
70918215108,2019,75500,148700,224200
70918216031,2019,100200,260700,360900
70918216049,2019,110200,161100,271300
70918216057,2019,167400,248100,415500
70918217013,2019,117100,315000,432100
70918217039,2019,67500,204100,271600
70918217047,2019,75500,172000,247500
70918218045,2019,220900,559100,780000
70918218053,2019,120600,434900,555500
70918219027,2019,128500,214300,342800
70918219035,2019,128500,214000,342500
70918219043,2019,128500,178600,307100
70918219051,2019,128500,143000,271500
70918219093,2019,243600,152800,396400
70918220024,2019,92800,223400,316200
70918220032,2019,92800,267200,360000
70918220040,2019,92800,185000,277800
70918220058,2019,86800,294500,381300
70918220074,2019,85100,244100,329200
70918220082,2019,147600,137200,284800
70918220090,2019,109000,101400,210400
70918220107,2019,113600,157200,270800
70918220115,2019,140900,225800,366700
70918220131,2019,168200,182100,350300
70918220149,2019,101000,211900,312900
70918220157,2019,108300,166500,274800
70918220165,2019,132100,185600,317700
70918220173,2019,123800,202200,326000
70918220181,2019,127100,154800,281900
70918220199,2019,134700,134000,268700
70918220206,2019,125400,170000,295400
70918220214,2019,128800,157200,286000
70918220222,2019,136500,234100,370600
70918220230,2019,142100,215300,357400
70918220248,2019,150000,181700,331700
70918220256,2019,128800,183300,312100
70918220264,2019,120100,221600,341700
70918221014,2019,146000,177600,323600
70918221022,2019,151100,131200,282300
70918221048,2019,151100,190000,341100
70918221056,2019,159000,221000,380000
70918221064,2019,123000,159400,282400
70918221072,2019,120600,186500,307100
70918221080,2019,126800,170600,297400
70918221105,2019,127900,172700,300600
70918221113,2019,126900,318100,445000
70918221121,2019,120100,323500,443600
70918222038,2019,83700,145000,228700
70918222046,2019,78700,191800,270500
70918222054,2019,85100,266800,351900
70918222062,2019,85200,164300,249500
70918222070,2019,87700,161300,249000
70918222088,2019,79800,139000,218800
70918223078,2019,267900,228800,496700
70918223086,2019,180000,253100,433100
70918223101,2019,232300,257300,489600
70918223119,2019,113800,218300,332100
70918223127,2019,120700,164300,285000
70918223135,2019,108300,171400,279700
70918223143,2019,105600,123500,229100
70918223151,2019,95300,155400,250700
70918223169,2019,95300,167600,262900
70918223177,2019,112800,98800,211600
70918223185,2019,126900,175800,302700
70918223193,2019,204600,138600,343200
70918223200,2019,130000,174300,304300
70918223218,2019,120600,303600,424200
70918223226,2019,107000,157800,264800
70918223309,2019,115200,197100,312300
70918225016,2019,35600,140800,176400
70918225024,2019,22700,135000,157700
70918225032,2019,22700,134800,157500
70918225040,2019,35600,184300,219900
70918225058,2019,35600,136100,171700
70918225066,2019,30600,141800,172400
70918225074,2019,30600,135800,166400
70918225082,2019,35600,143500,179100
70918225090,2019,35600,140100,175700
70918225107,2019,30600,141200,171800
70918225115,2019,35600,137700,173300
70918225123,2019,35600,139800,175400
70918225131,2019,22700,139100,161800
70918225149,2019,22700,136500,159200
70918225157,2019,35600,139300,174900
70918225165,2019,35600,136700,172300
70918225173,2019,22700,147900,170600
70918225181,2019,22700,125400,148100
70918225199,2019,35600,174400,210000
70918225206,2019,35600,135200,170800
70918225214,2019,30600,133600,164200
70918225222,2019,30600,129000,159600
70918225230,2019,35600,133000,168600
70918302046,2019,86500,154200,240700
70918302054,2019,82000,137400,219400
70918302062,2019,78500,90000,168500
70918302070,2019,75400,131200,206600
70918302088,2019,75400,101800,177200
70918302096,2019,75400,167900,243300
70918302103,2019,75400,115800,191200
70918302111,2019,75400,112300,187700
70918302129,2019,75400,99300,174700
70918302137,2019,78500,103200,181700
70918302145,2019,73700,120900,194600
70918302153,2019,73700,138300,212000
70918302161,2019,71700,114900,186600
70918302179,2019,71700,169800,241500
70918302187,2019,71700,143900,215600
70918302195,2019,71700,152000,223700
70918302202,2019,81900,112400,194300
70918302210,2019,71300,130400,201700
70918302228,2019,75400,83000,158400
70918302236,2019,74800,124500,199300
70918302244,2019,74800,160600,235400
70918302252,2019,74800,214200,289000
70918302260,2019,74800,168500,243300
70918302278,2019,74800,121300,196100
70918302286,2019,75400,117900,193300
70918302294,2019,75400,141700,217100
70918302301,2019,76200,97700,173900
70918302319,2019,75100,126200,201300
70918302327,2019,75400,143900,219300
70918302335,2019,75400,119300,194700
70918302343,2019,75400,125100,200500
70918302351,2019,75400,128600,204000
70918302369,2019,75400,153700,229100
70918302377,2019,75400,138700,214100
70918302385,2019,79500,133900,213400
70918303010,2019,77900,129900,207800
70918303028,2019,75400,144600,220000
70918303036,2019,74800,97600,172400
70918303044,2019,75400,129000,204400
70918303052,2019,75400,180600,256000
70918303060,2019,87700,169500,257200
70918303078,2019,79500,147100,226600
70918303086,2019,87700,138900,226600
70918303094,2019,73000,101900,174900
70918303101,2019,75400,84700,160100
70918303119,2019,79500,140600,220100
70918303127,2019,76800,93300,170100
70918303135,2019,81200,139100,220300
70918303143,2019,78500,146600,225100
70918303151,2019,71700,151800,223500
70918303169,2019,71700,115500,187200
70918303177,2019,71700,102500,174200
70918303185,2019,75400,108600,184000
70918303193,2019,75400,99700,175100
70918303200,2019,75400,121100,196500
70918303218,2019,80200,118000,198200
70918303226,2019,93300,92000,185300
70918303234,2019,71700,161100,232800
70918303242,2019,71700,150700,222400
70918303250,2019,75400,155100,230500
70918303268,2019,75400,189400,264800
70918303276,2019,75400,138900,214300
70918303284,2019,75400,155600,231000
70918303292,2019,74200,99400,173600
70918303309,2019,81900,124800,206700
70918304018,2019,74800,168200,243000
70918304026,2019,75400,186600,262000
70918304034,2019,75400,110700,186100
70918304042,2019,87700,119400,207100
70918304050,2019,74800,136300,211100
70918304068,2019,75400,100300,175700
70918304076,2019,75400,218900,294300
70918304084,2019,68300,160200,228500
70918304092,2019,75400,133700,209100
70918304109,2019,75400,122300,197700
70918304117,2019,91300,208500,299800
70918304125,2019,0,0,0
70918304133,2019,82800,145800,228600
70918304141,2019,92700,159200,251900
70918304159,2019,100700,144300,245000
70918304167,2019,71600,174800,246400
70918304175,2019,60400,172600,233000
70918304183,2019,58800,179600,238400
70918304191,2019,65300,192000,257300
70918304208,2019,71300,151400,222700
70918305016,2019,88700,181300,270000
70918305024,2019,74800,127800,202600
70918305032,2019,79500,120800,200300
70918305040,2019,86200,106200,192400
70918305058,2019,85300,120700,206000
70918305066,2019,91300,143600,234900
70918305074,2019,91000,119000,210000
70918305082,2019,86700,114600,201300
70918305090,2019,71700,155300,227000
70918305107,2019,75400,139100,214500
70918305115,2019,75400,127000,202400
70918305123,2019,75400,148900,224300
70918305131,2019,74800,151600,226400
70918305149,2019,75400,120800,196200
70918305157,2019,75400,193900,269300
70918305165,2019,75400,144200,219600
70918305173,2019,74800,145100,219900
70918305181,2019,74800,155200,230000
70918305199,2019,74800,116500,191300
70918305206,2019,74800,133000,207800
70918305214,2019,74800,119200,194000
70918305222,2019,74800,148200,223000
70918305230,2019,74800,160600,235400
70918305248,2019,75400,125400,200800
70918305256,2019,75400,110600,186000
70918305264,2019,75400,115500,190900
70918306014,2019,82800,159200,242000
70918306022,2019,86500,105300,191800
70918306030,2019,82000,108900,190900
70918306048,2019,74800,152700,227500
70918306056,2019,74800,140000,214800
70918306064,2019,74800,184200,259000
70918306072,2019,74800,147000,221800
70918306080,2019,74800,121100,195900
70918306098,2019,74800,116500,191300
70918306105,2019,74800,157300,232100
70918306113,2019,79500,140000,219500
70918306121,2019,79500,160100,239600
70918306139,2019,79500,115500,195000
70918306147,2019,79500,119300,198800
70918306155,2019,86200,183100,269300
70918306163,2019,75400,139300,214700
70918306171,2019,78300,117900,196200
70918306189,2019,94300,109400,203700
70918306197,2019,85300,131300,216600
70918306204,2019,79500,110400,189900
70918306212,2019,80200,119400,199600
70918306220,2019,80200,136800,217000
70918306238,2019,80200,137900,218100
70918306246,2019,74800,143000,217800
70918306254,2019,74800,128700,203500
70918306262,2019,74800,120400,195200
70918306270,2019,74800,141600,216400
70918306288,2019,74800,122100,196900
70918306296,2019,74800,147100,221900
70918306303,2019,74800,137000,211800
70918306311,2019,81200,97600,178800
70918306329,2019,86500,108100,194600
70918307012,2019,94300,101900,196200
70918307020,2019,91000,140200,231200
70918307038,2019,75400,129700,205100
70918307046,2019,75400,85700,161100
70918307054,2019,75400,145700,221100
70918307062,2019,74800,106500,181300
70918307070,2019,88700,111900,200600
70918307088,2019,75400,171900,247300
70918307096,2019,74800,89100,163900
70918307103,2019,74800,137400,212200
70918307111,2019,74800,77800,152600
70918307129,2019,79500,135700,215200
70918307137,2019,73700,144500,218200
70918307145,2019,73700,129700,203400
70918307153,2019,88700,155800,244500
70918307161,2019,79500,144500,224000
70918307179,2019,83600,84000,167600
70918307187,2019,79500,121100,200600
70918307195,2019,86200,141700,227900
70918307202,2019,86700,106100,192800
70918307210,2019,91300,142700,234000
70918307228,2019,95000,76100,171100
70918307236,2019,88700,151000,239700
70918307244,2019,78500,116300,194800
70918307252,2019,78500,154900,233400
70918307260,2019,76200,141500,217700
70918307278,2019,93600,152300,245900
70918307286,2019,78500,174200,252700
70918307294,2019,96600,108800,205400
70918307301,2019,88600,114400,203000
70918307319,2019,74800,132100,206900
70918307327,2019,75400,125100,200500
70918307335,2019,75400,130800,206200
70918307343,2019,75400,211500,286900
70918307351,2019,79500,112600,192100
70918307369,2019,74800,81000,155800
70918307377,2019,74800,90400,165200
70918307385,2019,74800,76200,151000
70918307393,2019,74800,104600,179400
70918307400,2019,83300,94200,177500
70918309042,2019,104200,136800,241000
70918309050,2019,140500,231500,372000
70918309068,2019,177800,93100,270900
70918310015,2019,119600,79200,198800
70918310023,2019,120100,217400,337500
70918310031,2019,129800,157300,287100
70918310049,2019,127300,104700,232000
70918310057,2019,125500,119300,244800
70918310065,2019,133200,134000,267200
70918310073,2019,130500,99300,229800
70918310081,2019,125500,143000,268500
70918310099,2019,125500,193000,318500
70918311013,2019,96600,103000,199600
70918311021,2019,102000,142500,244500
70918311039,2019,110900,93300,204200
70918311047,2019,132500,113600,246100
70918311055,2019,145000,143500,288500
70918311063,2019,131100,256900,388000
70918311071,2019,237600,116300,353900
70918311089,2019,0,0,0
70918311097,2019,125500,140900,266400
70918311104,2019,125500,191800,317300
70918311112,2019,135600,109100,244700
70918311120,2019,133600,99000,232600
70918311138,2019,125500,107400,232900
70918311146,2019,125500,143700,269200
70918311154,2019,130000,113200,243200
70918311162,2019,145000,192900,337900
70918312011,2019,117800,198300,316100
70918312045,2019,150900,208100,359000
70918312053,2019,147600,201100,348700
70918312061,2019,153700,168200,321900
70918312079,2019,150900,149000,299900
70918312087,2019,361200,108000,469200
70918312102,2019,249600,355700,605300
70918312110,2019,228700,257000,485700
70918312136,2019,268000,180000,448000
70918312144,2019,163500,192100,355600
70918312152,2019,147600,154500,302100
70918312160,2019,153300,175800,329100
70918312178,2019,132300,219800,352100
70918312186,2019,155100,263400,418500
70918312194,2019,107000,316500,423500
70918312201,2019,264700,612000,876700
70918312219,2019,323800,323300,647100
70918312227,2019,216100,113200,329300
70918312235,2019,186000,489000,675000
70918313019,2019,673200,471500,1144700
70918313027,2019,507300,273000,780300
70918313035,2019,509300,337500,846800
70918313043,2019,468000,420000,888000
70918313051,2019,293600,136400,430000
70918313069,2019,803300,767900,1571200
70918313077,2019,288400,237000,525400
70918313085,2019,437400,525400,962800
70918313093,2019,231500,252500,484000
70918313100,2019,198100,527900,726000
70918313118,2019,137200,262800,400000
70918314017,2019,255400,149400,404800
70918314025,2019,180000,22600,202600
70918314059,2019,327300,105600,432900
70918314083,2019,272900,107000,379900
70918314108,2019,164800,201100,365900
70918314116,2019,170400,195200,365600
70918314132,2019,168600,100400,269000
70918314140,2019,205400,274200,479600
70918314942,2019,178900,81600,260500
70918314976,2019,177000,164400,341400
70918401012,2019,280000,405000,685000
70918401020,2019,299000,168800,467800
70918401038,2019,243500,81500,325000
70918401046,2019,246400,224500,470900
70918401054,2019,357000,26300,383300
70918401062,2019,401200,218900,620100
70918401070,2019,472200,421000,893200
70918401088,2019,494400,58500,552900
70918401096,2019,486900,358100,845000
70918401103,2019,300600,374600,675200
70918401129,2019,524600,466700,991300
70918401137,2019,471100,127100,598200
70918401153,2019,564100,285900,850000
70918401161,2019,541700,308300,850000
70918401179,2019,474200,937100,1411300
70918401187,2019,488000,13500,501500
70918401195,2019,532800,570200,1103000
70918401210,2019,373400,324200,697600
70918401244,2019,145200,170500,315700
70918401252,2019,136600,354800,491400
70918401260,2019,306700,278600,585300
70918401278,2019,350700,644100,994800
70918401286,2019,367700,226200,593900
70918401294,2019,526400,697900,1224300
70918401301,2019,478800,217400,696200
70918401319,2019,510300,699600,1209900
70918401327,2019,454800,208100,662900
70918401335,2019,814700,187800,1002500
70918401343,2019,809100,950000,1759100
70918401351,2019,461500,878500,1340000
70918401369,2019,437500,694400,1131900
70918401385,2019,391900,373900,765800
70918402010,2019,72000,249600,321600
70918402028,2019,102100,231200,333300
70918402036,2019,108600,243000,351600
70918402044,2019,51300,141200,192500
70918402052,2019,51300,87500,138800
70918402060,2019,111500,236100,347600
70918402078,2019,87000,125600,212600
70918402086,2019,91000,145800,236800
70918402094,2019,83500,201300,284800
70918402101,2019,124400,184900,309300
70918402119,2019,123100,139200,262300
70918402127,2019,96400,313600,410000
70918402143,2019,163500,254200,417700
70918402151,2019,99100,257700,356800
70918402169,2019,98300,338600,436900
70918402200,2019,100400,0,100400
70918403034,2019,383500,300000,683500
70918403042,2019,286400,173600,460000
70918403050,2019,245600,261800,507400
70918403068,2019,265100,243000,508100
70918403076,2019,265100,300900,566000
70918403084,2019,330200,500400,830600
70918403092,2019,365700,388200,753900
70918403109,2019,373800,151000,524800
70918403117,2019,288300,387400,675700
70918403125,2019,283900,566100,850000
70918403133,2019,280100,169900,450000
70918403141,2019,277600,148600,426200
70918404016,2019,84400,248800,333200
70918404024,2019,84400,158600,243000
70918404032,2019,84400,407000,491400
70918404058,2019,87700,397400,485100
70918404066,2019,82700,377300,460000
70918404074,2019,84400,346000,430400
70918404082,2019,83500,188700,272200
70918404090,2019,105500,127900,233400
70918404107,2019,313000,55100,368100
70918404131,2019,962700,852300,1815000
70918405022,2019,145400,402500,547900
70918405030,2019,129700,73300,203000
70918405048,2019,124400,121700,246100
70918405064,2019,239800,233400,473200
70918405098,2019,94300,69900,164200
70918406020,2019,120200,155400,275600
70918406038,2019,123200,112800,236000
70918406046,2019,132700,146200,278900
70918406054,2019,132700,189700,322400
70918406062,2019,120200,145500,265700
70918406070,2019,108600,245700,354300
70918406088,2019,160800,228800,389600
70918406096,2019,141300,156700,298000
70918406103,2019,145400,316400,461800
70918407010,2019,137000,428000,565000
70918407028,2019,255700,369300,625000
70918407036,2019,141300,70800,212100
70918407044,2019,117100,183900,301000
70918407052,2019,93200,221000,314200
70918407060,2019,235200,203000,438200
70918407078,2019,172700,224400,397100
70918407086,2019,196600,229200,425800
70918407094,2019,126100,193000,319100
70918407101,2019,138500,316500,455000
70918408018,2019,223300,146600,369900
70918408026,2019,248800,216400,465200
70918408034,2019,154300,255300,409600
70918408042,2019,290600,303100,593700
70918408050,2019,158600,123100,281700
70918408068,2019,114800,344900,459700
70918408076,2019,218500,371800,590300
70918408084,2019,294400,396000,690400
70918408092,2019,168700,316300,485000
70918408109,2019,238400,171300,409700
70918408117,2019,287000,258400,545400
70918408125,2019,232500,562200,794700
70918408133,2019,220500,502200,722700
70918409016,2019,233900,425400,659300
70918409024,2019,133000,311000,444000
70918409032,2019,168700,155500,324200
70918409040,2019,122700,369200,491900
70918409058,2019,92300,496300,588600
70918409066,2019,177300,767500,944800
70918409074,2019,166100,329700,495800
70918409082,2019,216700,475300,692000
70918409090,2019,160800,289400,450200
70918409107,2019,194000,393500,587500
70918409115,2019,176700,373700,550400
70918409123,2019,176700,317300,494000
70918409131,2019,176700,186700,363400
70918409149,2019,176700,151400,328100
70918409157,2019,176700,229500,406200
70918409165,2019,176700,133800,310500
70918409173,2019,176700,131100,307800
70918409206,2019,105700,0,105700
70918410013,2019,123200,173800,297000
70918410021,2019,151200,135700,286900
70918410039,2019,145400,173700,319100
70918410047,2019,148200,200700,348900
70918410055,2019,127900,142500,270400
70918410063,2019,128600,133100,261700
70918410071,2019,166900,233400,400300
70918410089,2019,145200,144800,290000
70918410097,2019,145200,145000,290200
70918410104,2019,146000,125200,271200
70918410112,2019,145400,285900,431300
70918410120,2019,151200,174800,326000
70918410138,2019,132700,153900,286600
70918410146,2019,149500,171300,320800
70918410154,2019,114800,220100,334900
70918410162,2019,116200,253200,369400
70918410170,2019,116200,247400,363600
70918410188,2019,120200,170700,290900
70918410196,2019,120200,215500,335700
70918410203,2019,123200,137000,260200
70918410211,2019,123100,132500,255600
70918410229,2019,139300,192800,332100
70918410237,2019,108600,223300,331900
70918410245,2019,107600,186300,293900
70918410253,2019,107600,186600,294200
70918410261,2019,136900,199300,336200
70918410279,2019,145200,202300,347500
70918411011,2019,128500,181300,309800
70918411029,2019,110400,144500,254900
70918411037,2019,145200,101200,246400
70918411045,2019,145400,159900,305300
70918411053,2019,141300,147400,288700
70918411061,2019,141300,175900,317200
70918411079,2019,137000,248500,385500
70918411087,2019,133000,207700,340700
70918411095,2019,132700,136600,269300
70918411102,2019,133000,159900,292900
70918411110,2019,137000,178700,315700
70918411128,2019,127900,267000,394900
70918411136,2019,137000,306000,443000
70918411144,2019,146000,229000,375000
70918411152,2019,130600,147500,278100
70918411160,2019,129700,128200,257900
70918411178,2019,129700,163800,293500
70918411186,2019,123200,146400,269600
70918411194,2019,123200,190400,313600
70918411201,2019,123100,299600,422700
70918411219,2019,123200,136200,259400
70918411227,2019,132700,337700,470400
70918411235,2019,132700,175800,308500
70918411243,2019,132700,98800,231500
70918411251,2019,130600,147300,277900
70918411269,2019,127900,117700,245600
70918411277,2019,132700,242900,375600
70918411285,2019,168300,231900,400200
70918411293,2019,101700,148200,249900
70918411300,2019,107600,239200,346800
70918411318,2019,151200,194400,345600
70918411326,2019,138500,168600,307100
70918411334,2019,132700,137400,270100
70918411342,2019,123200,147100,270300
70918412019,2019,132300,89400,221700
70918412027,2019,130600,275800,406400
70918412035,2019,129700,164700,294400
70918412043,2019,141300,135400,276700
70918412051,2019,122700,137500,260200
70918412069,2019,128400,105100,233500
70918412077,2019,127900,104300,232200
70918412085,2019,127900,123500,251400
70918412093,2019,117400,118800,236200
70918412100,2019,116300,160400,276700
70918412118,2019,117400,126700,244100
70918412126,2019,110400,183600,294000
70918412134,2019,112600,145300,257900
70918412142,2019,131300,142900,274200
70918412150,2019,107600,118300,225900
70918412168,2019,117400,121800,239200
70918412176,2019,107400,179600,287000
70919102023,2019,128400,226500,354900
70919102031,2019,140200,194300,334500
70919102049,2019,125000,155400,280400
70919103013,2019,93800,367300,461100
70919103021,2019,93800,316400,410200
70919103039,2019,93800,274000,367800
70919103047,2019,93800,259300,353100
70919103055,2019,93800,215500,309300
70919103063,2019,93800,192300,286100
70919103071,2019,93800,308900,402700
70919103089,2019,100400,219600,320000
70919103097,2019,96400,269600,366000
70919103104,2019,99500,268200,367700
70919103112,2019,99500,256600,356100
70919103120,2019,99500,264500,364000
70919103138,2019,99500,266900,366400
70919103146,2019,99500,347300,446800
70919103154,2019,99500,351300,450800
70919103162,2019,99500,333500,433000
70919104011,2019,109600,377300,486900
70919104029,2019,103000,334800,437800
70919104037,2019,103000,211800,314800
70919104045,2019,103000,236500,339500
70919104053,2019,99600,264100,363700
70919104061,2019,112800,244100,356900
70919104079,2019,98700,246200,344900
70919104087,2019,99500,275600,375100
70919104095,2019,99500,219000,318500
70919104102,2019,99500,269500,369000
70919104110,2019,104200,230500,334700
70919104128,2019,97700,206500,304200
70919104136,2019,103700,337300,441000
70919104144,2019,103900,207200,311100
70919104152,2019,100300,284500,384800
70919104160,2019,104800,203100,307900
70919104178,2019,115200,263100,378300
70919104186,2019,118900,261000,379900
70919104194,2019,98600,233900,332500
70919104201,2019,111200,336000,447200
70919105019,2019,101100,199200,300300
70919105027,2019,96600,338400,435000
70919105035,2019,100900,229400,330300
70919105043,2019,102200,243100,345300
70919105051,2019,102200,229600,331800
70919105069,2019,100100,233400,333500
70919105077,2019,101100,153800,254900
70919105085,2019,102700,192300,295000
70919105093,2019,102700,204300,307000
70919105100,2019,102700,188700,291400
70919105118,2019,102700,253800,356500
70919105126,2019,102700,280900,383600
70919105134,2019,100900,231600,332500
70919105150,2019,124400,332800,457200
70919105168,2019,108900,271500,380400
70919105176,2019,105600,225500,331100
70919105184,2019,105600,258500,364100
70919105192,2019,105600,202500,308100
70919105209,2019,105600,277200,382800
70919105217,2019,103700,337000,440700
70919105225,2019,100400,242200,342600
70919105233,2019,97500,273600,371100
70919105241,2019,99600,332000,431600
70919105259,2019,100900,352500,453400
70919106017,2019,0,0,0
70919106033,2019,105600,129400,235000
70919106041,2019,105600,223600,329200
70919106059,2019,105600,123000,228600
70919106067,2019,85900,115000,200900
70919106075,2019,0,0,0
70919106083,2019,0,0,0
70919106091,2019,128600,176000,304600
70919106124,2019,72800,199900,272700
70919107015,2019,240900,221200,462100
70919107031,2019,91800,228200,320000
70919107049,2019,91800,126100,217900
70919107057,2019,112700,119300,232000
70919107065,2019,192600,138000,330600
70919107073,2019,100500,146400,246900
70919107081,2019,95800,148000,243800
70919107099,2019,95500,167200,262700
70919107106,2019,91800,154800,246600
70919107114,2019,110300,205500,315800
70919107122,2019,108800,266100,374900
70919107130,2019,93000,179700,272700
70919107148,2019,125900,114700,240600
70919107156,2019,91800,127700,219500
70919107164,2019,80000,109100,189100
70919107172,2019,69100,148000,217100
70919107180,2019,80100,125200,205300
70919107198,2019,85200,161500,246700
70919107205,2019,94200,126100,220300
70919107213,2019,100500,234500,335000
70919107221,2019,100100,175800,275900
70919107239,2019,121100,248300,369400
70919107247,2019,126800,206300,333100
70919107255,2019,126800,191200,318000
70919107263,2019,123800,170700,294500
70919107271,2019,124400,134000,258400
70919107289,2019,131500,128200,259700
70919107312,2019,78100,75100,153200
70919107346,2019,123800,226400,350200
70919107354,2019,124400,197600,322000
70919107362,2019,123800,127700,251500
70919107370,2019,125000,156100,281100
70919107396,2019,124400,205800,330200
70919107403,2019,77200,307600,384800
70919108021,2019,94000,184300,278300
70919108039,2019,94000,163500,257500
70919108047,2019,100100,154200,254300
70919108055,2019,100100,177900,278000
70919108063,2019,100100,155600,255700
70919108071,2019,100100,158600,258700
70919108089,2019,94200,100800,195000
70919108097,2019,94200,162200,256400
70919108104,2019,84700,113400,198100
70919109011,2019,89700,164200,253900
70919109029,2019,89700,129900,219600
70919109037,2019,89700,170700,260400
70919109045,2019,89700,135900,225600
70919109053,2019,89700,163000,252700
70919109061,2019,89700,140800,230500
70919109079,2019,89400,235000,324400
70919109087,2019,90600,137800,228400
70919109095,2019,108700,163200,271900
70919109102,2019,109700,217000,326700
70919109110,2019,109700,234300,344000
70919109128,2019,118200,163000,281200
70919109136,2019,94200,157900,252100
70919109144,2019,100100,161700,261800
70919109152,2019,112700,225000,337700
70919109160,2019,98500,259500,358000
70919109178,2019,82400,138600,221000
70919109186,2019,128600,249800,378400
70919109194,2019,107400,110500,217900
70919109201,2019,107400,158700,266100
70919109219,2019,105700,132400,238100
70919109227,2019,89500,182300,271800
70919110018,2019,132000,146900,278900
70919110026,2019,132000,128800,260800
70919110034,2019,248100,82000,330100
70919110042,2019,127400,92900,220300
70919110050,2019,121500,117500,239000
70919110068,2019,125000,111700,236700
70919110076,2019,124400,108900,233300
70919110084,2019,118200,167700,285900
70919110092,2019,108500,145900,254400
70919110109,2019,121200,143000,264200
70919110117,2019,128200,138600,266800
70919110141,2019,112900,133300,246200
70919110159,2019,121500,166400,287900
70919110167,2019,127400,162500,289900
70919110175,2019,121300,154200,275500
70919110183,2019,127400,193800,321200
70919110191,2019,125700,133300,259000
70919110208,2019,139600,165200,304800
70919110216,2019,157400,169800,327200
70919110224,2019,184100,202900,387000
70919110232,2019,168500,154000,322500
70919110240,2019,185300,168000,353300
70919110258,2019,184100,115900,300000
70919110266,2019,180800,152200,333000
70919110274,2019,180800,147000,327800
70919110282,2019,177900,180700,358600
70919110290,2019,174700,99000,273700
70919110307,2019,174600,192700,367300
70919110315,2019,128200,66600,194800
70919110323,2019,128400,87000,215400
70919110331,2019,128400,103500,231900
70919110349,2019,128400,95700,224100
70919110357,2019,128400,129100,257500
70919110365,2019,128400,71400,199800
70919110373,2019,132800,77800,210600
70919110381,2019,141300,110000,251300
70919110399,2019,141900,215400,357300
70919110406,2019,136600,151900,288500
70919110414,2019,125700,115300,241000
70919110422,2019,0,0,0
70919110430,2019,135800,125800,261600
70919110456,2019,136400,141100,277500
70919110464,2019,136400,148800,285200
70919110480,2019,118200,163700,281900
70919110498,2019,118200,180600,298800
70919112014,2019,123800,128300,252100
70919112022,2019,102600,202600,305200
70919112030,2019,102600,214900,317500
70919112048,2019,94000,211500,305500
70919112056,2019,92900,215600,308500
70919112064,2019,131500,142300,273800
70919112072,2019,135800,194000,329800
70919112080,2019,121200,237800,359000
70919112098,2019,113200,164200,277400
70919112105,2019,136500,234600,371100
70919113012,2019,96500,272700,369200
70919113020,2019,96500,263400,359900
70919113038,2019,109200,383300,492500
70919113046,2019,132300,271900,404200
70919113054,2019,108000,344400,452400
70919113062,2019,107700,377100,484800
70919113070,2019,106400,317000,423400
70919113088,2019,100600,288500,389100
70919113096,2019,98700,329400,428100
70919113103,2019,98700,293900,392600
70919113111,2019,98700,241600,340300
70919113129,2019,95900,272900,368800
70919113137,2019,101800,463600,565400
70919201015,2019,56100,240800,296900
70919201023,2019,56100,161200,217300
70919201031,2019,54900,199800,254700
70919201049,2019,65700,118300,184000
70919201057,2019,65700,106700,172400
70919201065,2019,59600,168100,227700
70919201073,2019,80600,185700,266300
70919201081,2019,68700,176100,244800
70919201099,2019,56100,222800,278900
70919202013,2019,90600,123600,214200
70919202021,2019,89700,145300,235000
70919202039,2019,89000,160000,249000
70919202047,2019,88400,123500,211900
70919202055,2019,89700,191900,281600
70919202063,2019,67700,118800,186500
70919202071,2019,63000,124000,187000
70919202089,2019,63000,174400,237400
70919202097,2019,95500,187600,283100
70919202104,2019,67700,156000,223700
70919202112,2019,67700,144500,212200
70919202120,2019,80000,204900,284900
70919202138,2019,48100,232800,280900
70919202146,2019,48100,142400,190500
70919202154,2019,51900,179800,231700
70919202162,2019,54900,122600,177500
70919202170,2019,71000,104000,175000
70919203011,2019,83700,74500,158200
70919203029,2019,85500,169700,255200
70919203037,2019,84700,103700,188400
70919203045,2019,84300,242400,326700
70919203053,2019,85300,113900,199200
70919203061,2019,89000,186500,275500
70919203079,2019,94000,189300,283300
70919203087,2019,95800,133800,229600
70919203095,2019,97900,108600,206500
70919203102,2019,95000,164900,259900
70919203110,2019,95000,140100,235100
70919203128,2019,89700,85600,175300
70919203136,2019,86000,163900,249900
70919203144,2019,85300,173100,258400
70919203152,2019,84300,144000,228300
70919203160,2019,84300,154300,238600
70919203178,2019,84700,152500,237200
70919203186,2019,89000,166200,255200
70919203194,2019,89000,147400,236400
70919204027,2019,79100,171200,250300
70919204035,2019,69100,166000,235100
70919204043,2019,67600,115500,183100
70919204051,2019,76600,105200,181800
70919204069,2019,84300,95700,180000
70919204077,2019,84300,148700,233000
70919204085,2019,84300,116500,200800
70919204093,2019,95800,123600,219400
70919204100,2019,95800,211200,307000
70919204118,2019,89000,205600,294600
70919204126,2019,85500,203500,289000
70919204134,2019,85500,92200,177700
70919204142,2019,84300,138500,222800
70919204150,2019,81300,186500,267800
70919204168,2019,82400,177700,260100
70919204176,2019,77100,108900,186000
70919205017,2019,88400,160200,248600
70919205025,2019,88400,83700,172100
70919205033,2019,88400,130500,218900
70919205041,2019,89000,163200,252200
70919205059,2019,89000,142400,231400
70919205067,2019,89000,133300,222300
70919205075,2019,73400,191600,265000
70919205091,2019,72800,184400,257200
70919205116,2019,75500,180300,255800
70919206031,2019,117800,98500,216300
70919206057,2019,84300,188400,272700
70919206073,2019,137800,117900,255700
70919206081,2019,84300,121000,205300
70919206099,2019,85500,83700,169200
70919206106,2019,89000,88600,177600
70919206114,2019,89000,129900,218900
70919206122,2019,88400,115500,203900
70919206130,2019,86900,145600,232500
70919206148,2019,89000,129700,218700
70919206156,2019,89000,97300,186300
70919206164,2019,88400,108800,197200
70919206172,2019,91500,123700,215200
70919206180,2019,91500,141800,233300
70919206198,2019,91500,153500,245000
70919206205,2019,101400,171900,273300
70919206213,2019,101400,140500,241900
70919206221,2019,101400,136300,237700
70919206239,2019,101400,137500,238900
70919206247,2019,101400,129000,230400
70919206255,2019,101400,159000,260400
70919206263,2019,128400,329200,457600
70919207013,2019,92900,234000,326900
70919207021,2019,92900,136200,229100
70919207047,2019,88400,87300,175700
70919207055,2019,88400,142200,230600
70919207063,2019,88400,126100,214500
70919207071,2019,95000,223700,318700
70919207089,2019,95000,141100,236100
70919207097,2019,95000,198000,293000
70919207104,2019,95000,176500,271500
70919207112,2019,95500,155500,251000
70919207120,2019,95000,163500,258500
70919207138,2019,89000,101500,190500
70919207146,2019,89000,134900,223900
70919207154,2019,89000,138400,227400
70919207162,2019,88400,99500,187900
70919208011,2019,91500,152600,244100
70919208029,2019,80000,212100,292100
70919208037,2019,89000,121700,210700
70919208045,2019,89000,82400,171400
70919208053,2019,95500,102600,198100
70919208061,2019,95500,178500,274000
70919208079,2019,95500,182600,278100
70919208087,2019,95500,172600,268100
70919208095,2019,95500,122300,217800
70919208102,2019,95000,197100,292100
70919208110,2019,94200,105700,199900
70919208128,2019,90600,125200,215800
70919209019,2019,74900,267300,342200
70919209027,2019,75000,281100,356100
70919209035,2019,82800,374800,457600
70919209051,2019,83700,316500,400200
70919210016,2019,98500,164900,263400
70919210024,2019,91500,176200,267700
70919210032,2019,91500,134200,225700
70919210040,2019,91500,261400,352900
70919210058,2019,95500,167100,262600
70919210066,2019,95500,240100,335600
70919210074,2019,95000,172200,267200
70919210082,2019,95000,117000,212000
70919210090,2019,95000,180800,275800
70919210107,2019,91500,179100,270600
70919210115,2019,94000,165000,259000
70919210123,2019,95500,170000,265500
70919211014,2019,88400,133500,221900
70919211022,2019,84700,118200,202900
70919211030,2019,92900,134300,227200
70919211048,2019,90900,137400,228300
70919211056,2019,91500,156200,247700
70919211064,2019,91500,170300,261800
70919211072,2019,91500,121800,213300
70919211080,2019,91500,129500,221000
70919211098,2019,91500,183300,274800
70919211105,2019,91500,186800,278300
70919211113,2019,95500,159600,255100
70919211121,2019,95000,135600,230600
70919211139,2019,90600,128800,219400
70919211147,2019,91500,132600,224100
70919211155,2019,91500,214600,306100
70919211163,2019,91500,151500,243000
70919211171,2019,91500,136400,227900
70919211189,2019,91500,104200,195700
70919212012,2019,90600,168600,259200
70919212020,2019,89000,154900,243900
70919212038,2019,89400,116700,206100
70919212046,2019,91500,142800,234300
70919212054,2019,91500,243200,334700
70919212062,2019,91500,89400,180900
70919212070,2019,91500,154300,245800
70919212088,2019,95500,98800,194300
70919212096,2019,95000,128400,223400
70919212103,2019,91500,138900,230400
70919212111,2019,91500,145200,236700
70919212129,2019,91500,183100,274600
70919213010,2019,94000,163200,257200
70919213028,2019,122200,128600,250800
70919213036,2019,100500,157600,258100
70919213044,2019,102300,90300,192600
70919213052,2019,95500,78200,173700
70919213060,2019,91500,88700,180200
70919213078,2019,91500,185200,276700
70919213086,2019,90600,148200,238800
70919213094,2019,91500,207700,299200
70919213101,2019,89700,207600,297300
70919213119,2019,89000,178900,267900
70919213127,2019,97600,233000,330600
70919214018,2019,110300,145400,255700
70919214026,2019,119800,145900,265700
70919214034,2019,85300,154900,240200
70919214042,2019,102600,114300,216900
70919214050,2019,168500,48800,217300
70919214076,2019,113200,151800,265000
70919214084,2019,115200,199800,315000
70919214109,2019,89000,118400,207400
70919214117,2019,89000,175900,264900
70919214125,2019,88400,126700,215100
70919214133,2019,86900,110900,197800
70919214141,2019,88400,177200,265600
70919214159,2019,86900,106700,193600
70919214167,2019,88400,152100,240500
70919214175,2019,88400,183000,271400
70919214183,2019,89000,88400,177400
70919214191,2019,120000,216000,336000
70919215016,2019,91500,110900,202400
70919215024,2019,88400,131100,219500
70919215032,2019,88400,134200,222600
70919215040,2019,88400,110100,198500
70919215058,2019,90600,101500,192100
70919215066,2019,86900,155600,242500
70919215074,2019,82700,130700,213400
70919215082,2019,82700,172400,255100
70919215090,2019,82700,97500,180200
70919215107,2019,84300,150700,235000
70919215115,2019,82700,73900,156600
70919215131,2019,89500,125500,215000
70919215149,2019,88400,193800,282200
70919215157,2019,89000,183500,272500
70919215165,2019,88400,209500,297900
70919215173,2019,86900,151600,238500
70919215181,2019,88400,155400,243800
70919215199,2019,88400,152900,241300
70919215206,2019,88400,153600,242000
70919216014,2019,88400,171600,260000
70919216022,2019,89000,127900,216900
70919216030,2019,88400,183300,271700
70919216048,2019,89000,127600,216600
70919216056,2019,88000,107000,195000
70919216064,2019,84700,185400,270100
70919216072,2019,88400,173600,262000
70919216080,2019,88400,208800,297200
70919216098,2019,88400,150900,239300
70919216113,2019,88100,144100,232200
70919216121,2019,84300,95700,180000
70919216139,2019,94000,130500,224500
70919216147,2019,89700,120400,210100
70919216155,2019,84300,96100,180400
70919216171,2019,84700,158700,243400
70919216189,2019,84300,113000,197300
70919216197,2019,84300,129500,213800
70919217012,2019,91500,111400,202900
70919217020,2019,91500,113400,204900
70919217038,2019,91500,165700,257200
70919217046,2019,89400,152300,241700
70919217054,2019,88400,155700,244100
70919217062,2019,88400,189900,278300
70919217070,2019,88400,133700,222100
70919217088,2019,90900,117700,208600
70919217096,2019,84700,70200,154900
70919217103,2019,89000,343500,432500
70919217111,2019,85300,216200,301500
70919217129,2019,85900,170800,256700
70919217137,2019,91500,232800,324300
70919217145,2019,91500,151000,242500
70919217153,2019,88400,164100,252500
70919217161,2019,91500,115000,206500
70919218010,2019,111700,226200,337900
70919218028,2019,96800,176500,273300
70919218036,2019,103000,197300,300300
70919218044,2019,94000,189000,283000
70919218052,2019,97600,213100,310700
70919218060,2019,92200,207700,299900
70919218078,2019,101300,238400,339700
70919218086,2019,95600,198200,293800
70919218094,2019,108700,140800,249500
70919218101,2019,136700,193200,329900
70919218119,2019,121200,114000,235200
70919218127,2019,121200,166500,287700
70919218135,2019,121200,197900,319100
70919218143,2019,121200,218300,339500
70919218151,2019,121200,208700,329900
70919218169,2019,121200,258200,379400
70919219018,2019,86100,163600,249700
70919219026,2019,89100,270700,359800
70919219034,2019,92200,108500,200700
70919219042,2019,92000,241600,333600
70919219050,2019,90800,184800,275600
70919219068,2019,90800,193700,284500
70919219076,2019,90800,217200,308000
70919219084,2019,90800,145500,236300
70919219092,2019,90800,142900,233700
70919219109,2019,90800,250200,341000
70919219117,2019,89400,123100,212500
70919219125,2019,90800,216100,306900
70919219133,2019,90800,182200,273000
70919219141,2019,90800,220000,310800
70919219159,2019,90800,243100,333900
70919219167,2019,90800,187600,278400
70919219175,2019,89400,219600,309000
70919220015,2019,0,0,0
70919220031,2019,96800,206800,303600
70919220049,2019,93800,184800,278600
70919220057,2019,95500,173800,269300
70919220065,2019,101300,180300,281600
70919220073,2019,100500,197700,298200
70919220081,2019,101300,131900,233200
70919220099,2019,103200,195000,298200
70919221013,2019,103200,129200,232400
70919221021,2019,101500,237700,339200
70919221039,2019,101300,167300,268600
70919221047,2019,101300,202900,304200
70919221055,2019,101300,195100,296400
70919221063,2019,101300,228600,329900
70919221071,2019,101700,220300,322000
70919221089,2019,101300,234100,335400
70919221097,2019,101300,126600,227900
70919221104,2019,101300,233400,334700
70919221112,2019,96900,214000,310900
70919221120,2019,103200,233400,336600
70919221138,2019,94000,214600,308600
70919221146,2019,98400,275800,374200
70919221154,2019,94000,217700,311700
70919221162,2019,103000,228700,331700
70919221170,2019,102300,205800,308100
70919221188,2019,101700,192700,294400
70919221196,2019,101500,233100,334600
70919221203,2019,101300,134900,236200
70919221211,2019,100900,154300,255200
70919221229,2019,101300,79000,180300
70919221237,2019,101300,180900,282200
70919221245,2019,101300,175400,276700
70919221253,2019,101300,239700,341000
70919221261,2019,101300,112200,213500
70919221279,2019,101300,171200,272500
70919221287,2019,103200,209500,312700
70919222011,2019,116200,127400,243600
70919222029,2019,101300,238700,340000
70919222037,2019,101300,107300,208600
70919222045,2019,101300,227600,328900
70919222053,2019,101300,353800,455100
70919222061,2019,101300,206800,308100
70919222079,2019,104600,182600,287200
70919222095,2019,100500,193700,294200
70919222110,2019,101300,184900,286200
70919222136,2019,96800,104600,201400
70919222144,2019,101300,154900,256200
70919222152,2019,101300,208500,309800
70919222160,2019,101300,144400,245700
70919222178,2019,101300,135100,236400
70919222186,2019,101300,218200,319500
70919222194,2019,101300,204300,305600
70919222201,2019,96800,116700,213500
70919223019,2019,123200,173000,296200
70919223027,2019,101300,182600,283900
70919223035,2019,101300,202800,304100
70919223043,2019,101300,195600,296900
70919223051,2019,101300,254700,356000
70919223069,2019,101300,143500,244800
70919223077,2019,101700,171300,273000
70919223085,2019,96800,167900,264700
70919223093,2019,103000,204900,307900
70919223100,2019,98400,164700,263100
70919223118,2019,98400,274000,372400
70919223126,2019,94000,285200,379200
70919223134,2019,103200,233600,336800
70919223142,2019,96800,191400,288200
70919223150,2019,101300,183800,285100
70919223168,2019,101300,103300,204600
70919223176,2019,101300,206200,307500
70919223184,2019,101300,194800,296100
70919223192,2019,100900,169800,270700
70919223209,2019,101300,223900,325200
70919223217,2019,101300,222800,324100
70919223225,2019,98400,196600,295000
70919224017,2019,101300,177400,278700
70919224025,2019,101300,175100,276400
70919224033,2019,101300,151000,252300
70919224041,2019,101300,195800,297100
70919224059,2019,101300,184100,285400
70919224067,2019,101300,165500,266800
70919224075,2019,101300,179100,280400
70919224083,2019,101300,172300,273600
70919224091,2019,100900,174400,275300
70919224108,2019,104600,370900,475500
70919224116,2019,103000,172000,275000
70919224124,2019,100500,308200,408700
70919224132,2019,98600,111500,210100
70919224140,2019,202000,161900,363900
70919224158,2019,96800,148100,244900
70919224166,2019,101300,315700,417000
70919224174,2019,101300,166700,268000
70919224182,2019,101300,164800,266100
70919224190,2019,101500,104400,205900
70919224207,2019,101500,185700,287200
70919224215,2019,101500,137600,239100
70919224223,2019,101300,144700,246000
70919224231,2019,101300,229700,331000
70919224249,2019,99900,160200,260100
70919225023,2019,134100,182000,316100
70919225031,2019,114700,130900,245600
70919225049,2019,104800,154300,259100
70919225057,2019,100900,189600,290500
70919225065,2019,101300,326100,427400
70919225073,2019,101300,203200,304500
70919225081,2019,101300,261700,363000
70919225099,2019,101300,157300,258600
70919225106,2019,101300,193700,295000
70919225114,2019,101500,195700,297200
70919225122,2019,101500,140300,241800
70919225130,2019,96800,210600,307400
70919225148,2019,101700,171800,273500
70919225156,2019,94000,185100,279100
70919225164,2019,102300,296700,399000
70919225172,2019,94000,252700,346700
70919225180,2019,103000,105100,208100
70919225198,2019,96900,198200,295100
70919225205,2019,100900,141600,242500
70919225213,2019,100900,255300,356200
70919225221,2019,101300,225500,326800
70919225239,2019,101300,177700,279000
70919225247,2019,109800,190600,300400
70919225255,2019,101300,187200,288500
70919225263,2019,101300,311300,412600
70919225271,2019,101300,141300,242600
70919225289,2019,104800,186700,291500
70919225297,2019,101300,204900,306200
70919225304,2019,101300,234900,336200
70919225312,2019,103000,229200,332200
70919226013,2019,111700,159900,271600
70919226021,2019,111700,224300,336000
70919226039,2019,111700,166000,277700
70919226047,2019,111700,257500,369200
70919226055,2019,111700,169000,280700
70919226063,2019,116000,139900,255900
70919226097,2019,96600,152900,249500
70919226104,2019,97600,270500,368100
70919226112,2019,94000,231700,325700
70919226120,2019,114700,156700,271400
70919226138,2019,101000,235900,336900
70919226146,2019,103700,224100,327800
70919226154,2019,102000,147000,249000
70919226162,2019,102000,213000,315000
70919226170,2019,102000,189000,291000
70919301013,2019,108900,217100,326000
70919301021,2019,102700,244100,346800
70919301039,2019,99300,340700,440000
70919301047,2019,88300,346500,434800
70919301055,2019,91900,253500,345400
70919301063,2019,92000,237400,329400
70919301071,2019,92200,279300,371500
70919301089,2019,94300,273100,367400
70919301097,2019,0,0,0
70919301104,2019,99800,232600,332400
70919301112,2019,100100,213500,313600
70919301120,2019,99800,159100,258900
70919301138,2019,93600,370100,463700
70919301146,2019,92600,196500,289100
70919302029,2019,99600,148500,248100
70919302037,2019,92300,184600,276900
70919302045,2019,100000,166500,266500
70919302053,2019,106400,230300,336700
70919302061,2019,107100,210600,317700
70919302079,2019,99300,232600,331900
70919302087,2019,94300,285800,380100
70919302095,2019,95100,278500,373600
70919302102,2019,93600,303700,397300
70919302110,2019,93600,276400,370000
70919302128,2019,98600,265000,363600
70919302136,2019,97000,279000,376000
70919302144,2019,97300,390100,487400
70919302152,2019,100200,391600,491800
70919302160,2019,89800,277300,367100
70919302178,2019,101900,191200,293100
70919302186,2019,96700,170100,266800
70919302194,2019,109600,195200,304800
70919302201,2019,97900,226400,324300
70919302219,2019,92300,195000,287300
70919302227,2019,91600,248000,339600
70919302235,2019,88300,227400,315700
70919302243,2019,92300,186900,279200
70919303019,2019,111700,327100,438800
70919303027,2019,100700,229900,330600
70919303035,2019,104100,236100,340200
70919303043,2019,98300,282500,380800
70919303051,2019,101200,237500,338700
70919303069,2019,101200,206600,307800
70919303077,2019,102000,173000,275000
70919303085,2019,101400,198200,299600
70919303093,2019,93000,215700,308700
70919303100,2019,88300,231900,320200
70919303118,2019,92900,216100,309000
70919303126,2019,104800,281000,385800
70919303134,2019,96700,290300,387000
70919303142,2019,94300,236900,331200
70919303150,2019,115200,249600,364800
70919303168,2019,102000,367600,469600
70919303176,2019,108700,393800,502500
70919304017,2019,98000,312500,410500
70919304025,2019,112200,270200,382400
70919304033,2019,115200,243100,358300
70919304041,2019,118200,325100,443300
70919304059,2019,102900,404200,507100
70919304067,2019,102400,283500,385900
70919304075,2019,101900,256100,358000
70919304083,2019,90900,185100,276000
70919304091,2019,102400,202200,304600
70919304108,2019,92200,213800,306000
70919304116,2019,87800,241300,329100
70919304124,2019,87800,176600,264400
70919304132,2019,87800,215300,303100
70919304140,2019,87800,191200,279000
70919304158,2019,0,0,0
70919304166,2019,94300,258100,352400
70919305015,2019,111500,381000,492500
70919305023,2019,108300,336400,444700
70919305031,2019,105200,266700,371900
70919305049,2019,102900,301200,404100
70919305057,2019,107100,362600,469700
70919305065,2019,113300,366700,480000
70919305073,2019,113600,355500,469100
70919305081,2019,109200,326000,435200
70919305099,2019,108900,301000,409900
70919305106,2019,130000,332200,462200
70919305114,2019,134400,341400,475800
70919305122,2019,128300,331400,459700
70919305130,2019,111700,324300,436000
70919305148,2019,114700,356900,471600
70919305156,2019,110800,308700,419500
70919305164,2019,110800,247200,358000
70919305172,2019,110000,293800,403800
70919305180,2019,112000,373700,485700
70919306013,2019,114600,253900,368500
70919306021,2019,116600,192000,308600
70919306039,2019,126800,241700,368500
70919306047,2019,136500,243700,380200
70919306055,2019,144100,256000,400100
70919306063,2019,121100,239500,360600
70919306071,2019,110800,206900,317700
70919306089,2019,103000,287100,390100
70919306097,2019,117000,178600,295600
70919306104,2019,104100,429400,533500
70919306112,2019,102700,356000,458700
70919306120,2019,124100,256200,380300
70919306138,2019,131800,404800,536600
70919306146,2019,168900,378300,547200
70919306154,2019,120900,333700,454600
70919306162,2019,104100,373000,477100
70919306170,2019,104400,333100,437500
70919306188,2019,107400,304800,412200
70919306196,2019,110800,330500,441300
70919306203,2019,102600,282800,385400
70919306211,2019,100600,280500,381100
70919306229,2019,100000,290500,390500
70919306237,2019,100100,456600,556700
70919306245,2019,100100,267500,367600
70919306253,2019,100800,290900,391700
70919306261,2019,118000,304900,422900
70919307037,2019,128100,369400,497500
70919307045,2019,109600,372200,481800
70919307053,2019,100600,362800,463400
70919307061,2019,100200,237100,337300
70919307079,2019,105200,186400,291600
70919307087,2019,102400,262200,364600
70919307095,2019,108700,152900,261600
70919307102,2019,108700,183900,292600
70919307110,2019,114700,188300,303000
70919307128,2019,112800,287400,400200
70919307136,2019,106300,319100,425400
70919307144,2019,111800,270300,382100
70919307152,2019,113300,185400,298700
70919307160,2019,132300,245700,378000
70919307178,2019,223400,251700,475100
70919307186,2019,192600,188900,381500
70919307194,2019,179000,241000,420000
70919307201,2019,131800,188200,320000
70919307219,2019,124300,192900,317200
70919307227,2019,118000,439000,557000
70919307235,2019,109900,244500,354400
70919307243,2019,98000,267500,365500
70919307251,2019,100200,184800,285000
70919308019,2019,100600,159200,259800
70919308027,2019,100000,168000,268000
70919308035,2019,100000,185700,285700
70919308043,2019,100000,172100,272100
70919308051,2019,97100,162900,260000
70919308069,2019,105300,168100,273400
70919308077,2019,102900,206100,309000
70919308085,2019,102900,216400,319300
70919308093,2019,100100,149200,249300
70919308100,2019,96300,188700,285000
70919309017,2019,103700,199300,303000
70919309025,2019,103000,181000,284000
70919309033,2019,109700,233300,343000
70919309041,2019,113300,173100,286400
70919309059,2019,112700,202200,314900
70919309067,2019,112200,227000,339200
70919309075,2019,109300,239400,348700
70919309083,2019,112000,208500,320500
70919309091,2019,115000,206300,321300
70919309108,2019,0,0,0
70919309124,2019,131500,215600,347100
70919310014,2019,109200,149500,258700
70919310022,2019,105200,125500,230700
70919310030,2019,106200,306700,412900
70919310048,2019,106800,180400,287200
70919310056,2019,105700,201000,306700
70919310064,2019,105700,168600,274300
70919310072,2019,107700,158200,265900
70919310080,2019,115000,175500,290500
70919310098,2019,117800,182000,299800
70919310105,2019,100700,176600,277300
70919310113,2019,105100,238600,343700
70919310121,2019,110800,232600,343400
70919310139,2019,100700,148400,249100
70919310147,2019,114300,269000,383300
70919310155,2019,111800,266800,378600
70919310163,2019,111800,295200,407000
70919310171,2019,111800,197300,309100
70919310189,2019,108900,227800,336700
70919310197,2019,111800,191900,303700
70919311012,2019,97400,234100,331500
70919311020,2019,97400,215900,313300
70919311038,2019,100800,228800,329600
70919311046,2019,100800,186100,286900
70919311054,2019,100800,151300,252100
70919311062,2019,100800,245600,346400
70919401011,2019,102000,295100,397100
70919401029,2019,101800,209100,310900
70919401037,2019,97200,231200,328400
70919401045,2019,97600,192500,290100
70919401053,2019,95500,186800,282300
70919401061,2019,96100,194400,290500
70919401079,2019,100200,232900,333100
70919401087,2019,101900,261400,363300
70919401095,2019,106100,199200,305300
70919401102,2019,112800,210300,323100
70919401110,2019,112600,191800,304400
70919401128,2019,111100,212300,323400
70919401136,2019,93500,164100,257600
70919401144,2019,97200,234600,331800
70919401152,2019,101800,185500,287300
70919401160,2019,96700,224500,321200
70919401178,2019,95000,179500,274500
70919401186,2019,98500,177100,275600
70919401194,2019,104500,198000,302500
70919401201,2019,99100,185200,284300
70919401219,2019,118800,234600,353400
70919401227,2019,118600,201900,320500
70919401235,2019,114500,211900,326400
70919401243,2019,117100,248500,365600
70919401251,2019,123200,254300,377500
70919401269,2019,116600,282400,399000
70919401277,2019,118500,243700,362200
70919401285,2019,139300,237400,376700
70919401293,2019,145400,236400,381800
70919401300,2019,135000,244000,379000
70919401318,2019,114300,308400,422700
70919401326,2019,148900,250800,399700
70919401334,2019,131100,239400,370500
70919401342,2019,140100,272600,412700
70919401350,2019,129200,186600,315800
70919401368,2019,124100,355000,479100
70919401376,2019,118600,290600,409200
70919401384,2019,116100,312500,428600
70919401392,2019,122600,256000,378600
70919401409,2019,120800,262600,383400
70919401417,2019,134900,278000,412900
70919401425,2019,126000,286800,412800
70919401433,2019,115300,345700,461000
70919401441,2019,114100,327800,441900
70919402019,2019,122100,230200,352300
70919402027,2019,114800,303100,417900
70919402035,2019,129600,216100,345700
70919402043,2019,116600,217300,333900
70919402051,2019,118800,269300,388100
70919402069,2019,118700,341000,459700
70919402077,2019,117300,235400,352700
70919402085,2019,115500,334500,450000
70919402093,2019,111500,250700,362200
70919402100,2019,111200,272800,384000
70919402118,2019,114300,272800,387100
70919402126,2019,112800,387700,500500
70919402134,2019,118800,327200,446000
70919402142,2019,120200,243600,363800
70919402150,2019,115900,342200,458100
70919402168,2019,118300,274900,393200
70919402176,2019,115500,223400,338900
70919402184,2019,113200,253900,367100
70919402192,2019,114500,305300,419800
70919402209,2019,112300,343500,455800
70919403017,2019,101700,236000,337700
70919403025,2019,102300,246100,348400
70919403033,2019,103400,276600,380000
70919403041,2019,111400,343900,455300
70919403059,2019,106800,352400,459200
70919403067,2019,106700,309200,415900
70919403075,2019,109300,283300,392600
70919403083,2019,106800,214900,321700
70919403091,2019,107000,340400,447400
70919403108,2019,108800,225000,333800
70919403116,2019,108200,289800,398000
70919403124,2019,113200,314200,427400
70919403132,2019,114500,303400,417900
70919403140,2019,117800,295400,413200
70919403158,2019,125100,301000,426100
70919403166,2019,134200,228500,362700
70919403174,2019,123700,238500,362200
70919403182,2019,118400,214000,332400
70919403190,2019,112000,222000,334000
70919403207,2019,114300,267500,381800
70919403215,2019,109600,237200,346800
70919403223,2019,115300,245400,360700
70919403231,2019,120100,268800,388900
70919403249,2019,128200,315000,443200
70919403257,2019,122200,384600,506800
70919403265,2019,115300,270700,386000
70919403273,2019,114300,301400,415700
70919403281,2019,111200,339600,450800
70919403299,2019,112800,292900,405700
70919403306,2019,116000,240500,356500
70919403314,2019,100300,247300,347600
70919403322,2019,105400,246000,351400
70919403330,2019,109300,290500,399800
70919403348,2019,109100,209400,318500
70919403356,2019,94800,235900,330700
70919403364,2019,103400,186300,289700
70919403372,2019,98800,210100,308900
70919404015,2019,114200,269100,383300
70919404023,2019,111400,190600,302000
70919404031,2019,111100,243000,354100
70919404049,2019,112000,209800,321800
70919404057,2019,111600,216000,327600
70919404065,2019,111100,264900,376000
70919404073,2019,114200,206300,320500
70919404081,2019,116700,189300,306000
70919404099,2019,117300,255700,373000
70919404106,2019,102000,181000,283000
70919404114,2019,100600,235400,336000
70919404122,2019,102000,192500,294500
70919404130,2019,100900,212900,313800
70919404148,2019,102700,233500,336200
70919404156,2019,102200,173800,276000
70919404164,2019,103600,192000,295600
70919404172,2019,103100,167900,271000
70919404180,2019,104300,164400,268700
70919404198,2019,102200,257100,359300
70919405013,2019,100100,184300,284400
70919405021,2019,112600,251700,364300
70919405039,2019,123600,264500,388100
70919405047,2019,144600,210200,354800
70919405055,2019,131900,256100,388000
70919405063,2019,108500,214000,322500
70919405071,2019,115500,210500,326000
70919405089,2019,118500,313700,432200
70919405097,2019,119100,262800,381900
70919405104,2019,120400,262700,383100
70919405112,2019,133500,250500,384000
70919405120,2019,117300,223500,340800
70919405138,2019,129700,453500,583200
70919405146,2019,133500,341600,475100
70919405154,2019,111600,245300,356900
70919405162,2019,101300,247100,348400
70919405170,2019,98300,214200,312500
70919405188,2019,108100,288300,396400
70919405196,2019,105800,168700,274500
70919405203,2019,93100,183600,276700
70919405211,2019,97500,184500,282000
70919405229,2019,107300,176700,284000
70919405237,2019,104000,167300,271300
70919405245,2019,100200,147300,247500
70919405253,2019,94400,173800,268200
70919405261,2019,102000,173800,275800
70919405279,2019,121200,188300,309500
70919405287,2019,123200,218200,341400
70919405295,2019,111400,211700,323100
70919405302,2019,99600,200800,300400
70919406011,2019,100000,229600,329600
70919406029,2019,104500,182800,287300
70919406037,2019,104500,309600,414100
70919406045,2019,104500,263400,367900
70919406053,2019,104500,205400,309900
70919406061,2019,104400,189400,293800
70919406079,2019,107100,182900,290000
70919406087,2019,107400,232000,339400
70919406095,2019,107400,191000,298400
70919406102,2019,107400,177600,285000
70919406110,2019,107400,191300,298700
70919406128,2019,103800,183800,287600
70919407019,2019,116000,238100,354100
70919407027,2019,113200,241100,354300
70919407035,2019,97500,172100,269600
70919407043,2019,102500,181100,283600
70919407051,2019,98900,215800,314700
70919407069,2019,96900,194600,291500
70919407077,2019,94900,191300,286200
70919407085,2019,90400,223000,313400
70919407093,2019,90600,220800,311400
70919407100,2019,90000,235400,325400
70919407118,2019,89700,201800,291500
70919407126,2019,91800,179200,271000
70919407134,2019,92000,185800,277800
70919407142,2019,109900,276600,386500
70919407150,2019,113600,233300,346900
70919407168,2019,117400,322300,439700
70919407176,2019,106200,238500,344700
70919407184,2019,110200,266300,376500
70919407192,2019,77800,301800,379600
70919407209,2019,107800,182200,290000
70919407217,2019,166700,445100,611800
70919408017,2019,117800,337300,455100
70919408025,2019,123700,182400,306100
70919408033,2019,111500,192600,304100
70919408041,2019,105000,335100,440100
70919408059,2019,117100,328100,445200
70919408067,2019,103200,264300,367500
70919408075,2019,106800,203000,309800
70919408083,2019,109900,174000,283900
70919408091,2019,109900,287500,397400
70919408108,2019,109900,229600,339500
70919408116,2019,109900,193500,303400
70919408124,2019,109900,226500,336400
70919408132,2019,109900,249400,359300
70919408140,2019,117100,211500,328600
70919408158,2019,102400,235300,337700
70919408166,2019,117400,229500,346900
70919408174,2019,137000,217700,354700
70919408182,2019,117100,209500,326600
70919408190,2019,109100,251500,360600
70919408207,2019,97200,268100,365300
70919408215,2019,95900,394400,490300
70919408223,2019,115500,215800,331300
70919408231,2019,100900,249200,350100
70919408249,2019,110200,325900,436100
70919408257,2019,116000,218700,334700
70919408265,2019,92800,265300,358100
70919408273,2019,90200,282300,372500
70919408281,2019,102500,271000,373500
70919408299,2019,105000,247700,352700
70919408306,2019,102000,264000,366000
70919408314,2019,97400,254400,351800
70919408322,2019,114100,309700,423800
70919408330,2019,109100,207900,317000
70919408348,2019,113700,312100,425800
70919408356,2019,124200,265000,389200
70919408364,2019,124100,231600,355700
70919408372,2019,122600,262000,384600
70919408380,2019,117100,336600,453700
70919408398,2019,111500,200600,312100
70919408405,2019,112300,186600,298900
70919408413,2019,112000,210200,322200
70919408421,2019,111500,231700,343200
70919408439,2019,118300,342000,460300
70919408447,2019,126000,240300,366300
70919409015,2019,104600,316200,420800
70919409023,2019,115500,219700,335200
70919409031,2019,103700,197400,301100
70919409049,2019,103900,231000,334900
70919409057,2019,106700,248500,355200
70919409065,2019,121500,191100,312600
70919409073,2019,113600,256400,370000
70919409081,2019,106300,172000,278300
70919409099,2019,100600,283400,384000
70919409106,2019,102500,257300,359800
70919409114,2019,102500,293000,395500
70919409122,2019,102500,260500,363000
70919409130,2019,101800,188500,290300
70919409148,2019,98800,232300,331100
70919409156,2019,96400,208800,305200
70919409164,2019,97600,259300,356900
70919409172,2019,95900,215500,311400
70919409180,2019,110900,249100,360000
70919409198,2019,103400,164300,267700
70919409205,2019,97900,258300,356200
70919409213,2019,104600,212100,316700
70919409221,2019,106200,231600,337800
70919409239,2019,106200,227700,333900
70919409247,2019,106200,240500,346700
70919409255,2019,106200,221000,327200
70919409263,2019,106200,227300,333500
70919409271,2019,106200,197400,303600
70919409289,2019,101900,368500,470400
70919409297,2019,102500,206200,308700
70919409304,2019,100600,295400,396000
70919410012,2019,106300,341700,448000
70919410020,2019,108100,230600,338700
70919410038,2019,112800,214200,327000
70919410046,2019,106300,233500,339800
70919410054,2019,103900,239500,343400
70919410062,2019,103900,197100,301000
70919410070,2019,103900,194200,298100
70919410088,2019,106200,237500,343700
70919410096,2019,109900,256300,366200
70919410103,2019,106700,198100,304800
70919410111,2019,106700,198900,305600
70919410129,2019,106700,211600,318300
70919410137,2019,106700,215300,322000
70919410145,2019,106700,185800,292500
70919410153,2019,108100,212300,320400
70919410161,2019,116600,196500,313100
70919410179,2019,112300,218700,331000
70919410187,2019,110900,308300,419200
70919410195,2019,109300,312700,422000
70919410202,2019,111800,286000,397800
70919410210,2019,106200,328000,434200
70919410228,2019,104700,293300,398000
70919410236,2019,106800,376500,483300
70919410244,2019,114500,314400,428900
70919410252,2019,101700,340300,442000
70919410260,2019,100900,372400,473300
70919410278,2019,101900,326300,428200
70919410286,2019,113600,256000,369600
70919410294,2019,111400,400600,512000
70919410301,2019,108800,222500,331300
70919410319,2019,109300,358500,467800
70919410327,2019,109300,356500,465800
70919410335,2019,111300,362000,473300
70919411094,2019,113300,254000,367300
70919411101,2019,107200,209500,316700
70919411119,2019,108100,216900,325000
70919411127,2019,114500,214800,329300
70919411135,2019,108200,189300,297500
70919411143,2019,107000,220000,327000
70919411151,2019,106700,231400,338100
70919411169,2019,105600,237800,343400
70919411177,2019,104900,216300,321200
70919411185,2019,103900,213800,317700
70919411193,2019,105000,222600,327600
70919411200,2019,107800,265200,373000
70919411218,2019,102500,339500,442000
70919411226,2019,102500,274600,377100
70919411234,2019,99200,248400,347600
70919411242,2019,109500,296900,406400
70919411250,2019,111000,306400,417400
70919411268,2019,126200,244000,370200
70919411276,2019,97600,328400,426000
70919412109,2019,55200,188000,243200
70919412167,2019,115500,259700,375200
70919412183,2019,109600,197400,307000
70919412191,2019,109100,227700,336800
70919412208,2019,106300,233600,339900
70919412216,2019,106300,326200,432500
70919412224,2019,109700,271900,381600
70919412232,2019,109600,228300,337900
70919412240,2019,108200,360800,469000
70919412258,2019,113700,253900,367600
70919412282,2019,55200,189800,245000
70919413016,2019,115900,190000,305900
70919413024,2019,109600,204800,314400
70919413032,2019,111200,246200,357400
70919413040,2019,112300,233700,346000
70919413058,2019,114100,209000,323100
70919413066,2019,115500,183800,299300
70919413074,2019,117100,216000,333100
70919413082,2019,113200,212800,326000
70919413090,2019,105000,349200,454200
70919413107,2019,109700,321200,430900
70919413115,2019,109700,301700,411400
70919413123,2019,109700,219600,329300
70919413131,2019,109700,342100,451800
70919413149,2019,110900,367100,478000
70919413157,2019,110200,418700,528900
70919413165,2019,110900,401300,512200
70919414014,2019,115500,350600,466100
70919414022,2019,117400,333000,450400
70919414030,2019,117100,428600,545700
70919414048,2019,116600,378700,495300
70919414056,2019,116600,383700,500300
70919414064,2019,116600,375300,491900
70919414072,2019,115800,372600,488400
70919414080,2019,111800,307000,418800
70919414098,2019,124200,305500,429700
70919414139,2019,103700,337000,440700
70920101064,2019,131600,180300,311900
70920101072,2019,136300,198500,334800
70920101080,2019,99300,202900,302200
70920101098,2019,99300,130700,230000
70920101105,2019,99300,108100,207400
70920101113,2019,86900,182800,269700
70920101139,2019,71900,235900,307800
70920101147,2019,95100,154100,249200
70920102070,2019,82200,151500,233700
70920102088,2019,82200,198800,281000
70920102096,2019,113400,201400,314800
70920102103,2019,113400,161600,275000
70920102111,2019,84000,151500,235500
70920102129,2019,84000,150600,234600
70920102145,2019,158700,172200,330900
70920102153,2019,93900,222800,316700
70920102161,2019,93900,160500,254400
70920102179,2019,93900,157200,251100
70920103028,2019,108800,147700,256500
70920103036,2019,111900,138000,249900
70920103044,2019,111900,189100,301000
70920103052,2019,111900,123600,235500
70920103060,2019,111900,183600,295500
70920103078,2019,111900,259200,371100
70920103086,2019,111900,149600,261500
70920103094,2019,119100,284000,403100
70920103101,2019,124100,154500,278600
70920103119,2019,100100,279600,379700
70920103127,2019,97200,169700,266900
70920103135,2019,95300,267000,362300
70920103143,2019,139300,196300,335600
70920103151,2019,133500,217300,350800
70920103169,2019,133500,213800,347300
70920103177,2019,133500,288200,421700
70920103185,2019,129000,128100,257100
70920103193,2019,130800,97800,228600
70920103226,2019,136200,208200,344400
70920103234,2019,133500,154600,288100
70920103242,2019,133500,225800,359300
70920103250,2019,133500,184700,318200
70920103268,2019,111800,221000,332800
70920103276,2019,121600,171400,293000
70920103284,2019,116900,220800,337700
70920103292,2019,120800,163700,284500
70920103309,2019,120800,159900,280700
70920103317,2019,120800,186100,306900
70920103325,2019,120800,174800,295600
70920103333,2019,120800,164700,285500
70920103341,2019,114400,167000,281400
70920104018,2019,105300,182500,287800
70920104026,2019,124100,145200,269300
70920104034,2019,124100,120900,245000
70920104042,2019,124100,125400,249500
70920104050,2019,124100,148500,272600
70920104068,2019,116900,164300,281200
70920104076,2019,116900,145800,262700
70920104084,2019,116900,155300,272200
70920104092,2019,111800,238200,350000
70920104109,2019,111800,188100,299900
70920104117,2019,111800,340400,452200
70920104125,2019,111800,164600,276400
70920104133,2019,111800,171200,283000
70920105131,2019,120800,158200,279000
70920105149,2019,120800,271300,392100
70920105157,2019,120800,219200,340000
70920105165,2019,120800,178700,299500
70920105173,2019,120800,134500,255300
70920105181,2019,120800,139200,260000
70920105199,2019,120800,177700,298500
70920105206,2019,120800,139700,260500
70920105214,2019,120800,157200,278000
70920105222,2019,120800,126600,247400
70920105230,2019,119100,124500,243600
70920106014,2019,129000,224300,353300
70920106022,2019,116100,152200,268300
70920106030,2019,124100,301900,426000
70920106048,2019,126900,145200,272100
70920106056,2019,127800,106600,234400
70920106064,2019,120800,147100,267900
70920106072,2019,148600,123700,272300
70920106080,2019,133500,97400,230900
70920106098,2019,124100,127100,251200
70920106105,2019,111800,175100,286900
70920106113,2019,119100,248400,367500
70920106121,2019,130800,131400,262200
70920106139,2019,120800,188800,309600
70920106147,2019,119100,142900,262000
70920106155,2019,130800,207600,338400
70920106163,2019,130800,299200,430000
70920106171,2019,130800,170100,300900
70920106189,2019,130800,206200,337000
70920106197,2019,130800,249200,380000
70920106204,2019,130800,139600,270400
70920106212,2019,119100,234900,354000
70920106220,2019,124100,131300,255400
70920106238,2019,124100,128100,252200
70920106246,2019,124100,141200,265300
70920106254,2019,119100,189600,308700
70920106262,2019,124100,116000,240100
70920106270,2019,124100,214500,338600
70920106288,2019,130800,180900,311700
70920106296,2019,130800,215400,346200
70920106303,2019,130800,155100,285900
70920106311,2019,130800,138000,268800
70920106329,2019,130800,150200,281000
70920106337,2019,130800,151000,281800
70920106345,2019,130800,103800,234600
70920106353,2019,130800,132700,263500
70920106361,2019,130800,150300,281100
70920106379,2019,107100,110200,217300
70920106387,2019,152200,160900,313100
70920106395,2019,175000,268200,443200
70920106402,2019,133500,202900,336400
70920106410,2019,129000,177000,306000
70920106428,2019,116900,91400,208300
70920106436,2019,129000,135500,264500
70920106444,2019,121600,111800,233400
70920106452,2019,124100,172500,296600
70920107012,2019,114400,161600,276000
70920107020,2019,90000,247000,337000
70920107038,2019,116900,155200,272100
70920107046,2019,129000,151000,280000
70920107054,2019,116900,124600,241500
70920107062,2019,116900,215900,332800
70920107070,2019,116900,112900,229800
70920107088,2019,116900,232400,349300
70920107096,2019,116900,135200,252100
70920107103,2019,116900,119200,236100
70920107111,2019,116900,140500,257400
70920107129,2019,116900,132000,248900
70920107137,2019,116900,180100,297000
70920107145,2019,113200,225400,338600
70920107153,2019,119100,220800,339900
70920107161,2019,126600,270600,397200
70920107179,2019,126600,145200,271800
70920107187,2019,126600,161400,288000
70920107195,2019,119100,165500,284600
70920107202,2019,126600,313400,440000
70920107210,2019,126600,182700,309300
70920107228,2019,126600,121200,247800
70920107236,2019,126600,211600,338200
70920107244,2019,119100,115500,234600
70920107252,2019,119100,187900,307000
70920107260,2019,119100,149400,268500
70920107278,2019,120800,137100,257900
70920108010,2019,129000,137600,266600
70920108028,2019,126600,126200,252800
70920108036,2019,121600,128100,249700
70920108044,2019,121600,153400,275000
70920108052,2019,121600,294900,416500
70920108060,2019,121600,172300,293900
70920108078,2019,114400,210800,325200
70920108086,2019,120800,149900,270700
70920108094,2019,150900,94100,245000
70920108101,2019,153200,205200,358400
70920108119,2019,116100,279600,395700
70920108127,2019,119100,228900,348000
70920108135,2019,124100,211800,335900
70920108143,2019,107100,232500,339600
70920108151,2019,140700,161600,302300
70920108169,2019,129000,210600,339600
70920108177,2019,129000,227100,356100
70920108185,2019,140000,120200,260200
70920108193,2019,133500,106900,240400
70920108200,2019,120800,128700,249500
70920108218,2019,119100,114500,233600
70920108226,2019,124100,72100,196200
70920108234,2019,116900,127400,244300
70920108242,2019,126900,224100,351000
70920108250,2019,116900,285500,402400
70920108268,2019,114400,228800,343200
70920108276,2019,111900,157800,269700
70920108284,2019,120800,133400,254200
70920108309,2019,135000,227200,362200
70920108317,2019,119100,187800,306900
70920108325,2019,129000,271300,400300
70920109018,2019,82200,168400,250600
70920109026,2019,82200,277800,360000
70920109034,2019,82200,227800,310000
70920109042,2019,82200,185300,267500
70920109050,2019,82200,167600,249800
70920109084,2019,113400,116000,229400
70920109092,2019,79000,199100,278100
70920109109,2019,77400,224900,302300
70920109117,2019,82200,185000,267200
70920109125,2019,121600,193200,314800
70920109141,2019,117300,266100,383400
70920109159,2019,84000,207000,291000
70920109167,2019,117300,197900,315200
70920109175,2019,121600,157600,279200
70920109183,2019,88300,178500,266800
70920110015,2019,124000,248000,372000
70920110023,2019,141200,178100,319300
70920110031,2019,103300,193100,296400
70920110049,2019,103300,173900,277200
70920110057,2019,86900,150700,237600
70920110065,2019,86900,153000,239900
70920110073,2019,83800,146200,230000
70920110081,2019,86900,188700,275600
70920110099,2019,175600,242200,417800
70920110106,2019,119200,277500,396700
70920110114,2019,151400,227400,378800
70920110122,2019,162300,261200,423500
70920110130,2019,151400,264400,415800
70920110148,2019,151600,189200,340800
70920110156,2019,131600,291500,423100
70920110164,2019,91900,201700,293600
70920110172,2019,112500,260300,372800
70920110180,2019,131000,301800,432800
70920110247,2019,161600,249100,410700
70920111013,2019,84000,169600,253600
70920111021,2019,82200,284600,366800
70920111039,2019,69100,221100,290200
70920111047,2019,77400,261400,338800
70920111055,2019,82200,285800,368000
70920111063,2019,83800,219200,303000
70920111071,2019,79000,218800,297800
70920111089,2019,87100,194400,281500
70920111097,2019,96800,274500,371300
70920111104,2019,103200,174600,277800
70920112011,2019,102000,226500,328500
70920112029,2019,119100,69700,188800
70920112037,2019,114400,190300,304700
70920112045,2019,114400,151800,266200
70920112053,2019,111800,328800,440600
70920112061,2019,114400,134100,248500
70920112079,2019,114400,173600,288000
70920112087,2019,114400,240600,355000
70920112095,2019,107100,288100,395200
70920112102,2019,107100,84900,192000
70920112110,2019,119100,215100,334200
70920112128,2019,119100,144500,263600
70920112136,2019,119100,267200,386300
70920112144,2019,119100,235600,354700
70920112152,2019,119100,175400,294500
70920112160,2019,119100,192900,312000
70920112178,2019,111800,165700,277500
70920113019,2019,107100,255700,362800
70920113027,2019,114400,149000,263400
70920113035,2019,114400,154000,268400
70920113043,2019,114400,168800,283200
70920113051,2019,114400,184400,298800
70920113069,2019,114400,206300,320700
70920113077,2019,114400,145600,260000
70920113085,2019,119100,194400,313500
70920113093,2019,124100,239300,363400
70920113100,2019,111900,246900,358800
70920113118,2019,111900,234100,346000
70920113126,2019,111900,192900,304800
70920113134,2019,106400,181900,288300
70920113142,2019,111900,354600,466500
70920113150,2019,111900,184700,296600
70920113168,2019,111900,219700,331600
70920113176,2019,111900,204400,316300
70920113184,2019,116100,205900,322000
70920113192,2019,0,0,0
70920113209,2019,114400,128500,242900
70920113217,2019,0,0,0
70920113225,2019,119100,178800,297900
70920113233,2019,114400,127100,241500
70920113241,2019,114400,227400,341800
70920113259,2019,119100,161200,280300
70920113267,2019,107100,251700,358800
70920114017,2019,101800,250800,352600
70920114033,2019,128600,178000,306600
70920114041,2019,120200,199100,319300
70920114059,2019,117300,152300,269600
70920114067,2019,128600,146100,274700
70920114075,2019,124000,229500,353500
70920114083,2019,124200,211700,335900
70920114091,2019,131600,155300,286900
70920114108,2019,126100,111200,237300
70920114116,2019,126100,127100,253200
70920114124,2019,131600,112100,243700
70920114140,2019,117300,144800,262100
70920117011,2019,152700,181500,334200
70920117029,2019,153300,253800,407100
70920117037,2019,169800,255700,425500
70920117045,2019,193600,262800,456400
70920117053,2019,188700,307900,496600
70920117061,2019,150300,324400,474700
70920117079,2019,163100,303800,466900
70920117087,2019,207000,252900,459900
70920117095,2019,195300,288600,483900
70920117102,2019,150400,286400,436800
70920117110,2019,160200,305300,465500
70920117128,2019,156900,198600,355500
70920117136,2019,167400,168600,336000
70920117144,2019,155000,303600,458600
70920117152,2019,168400,262700,431100
70920117160,2019,138800,134900,273700
70920117178,2019,138800,112000,250800
70920117186,2019,126100,151800,277900
70920117194,2019,126100,216200,342300
70920117201,2019,126100,143100,269200
70920117219,2019,126100,196000,322100
70920117227,2019,125700,214600,340300
70920117235,2019,156000,202400,358400
70920117243,2019,153800,70500,224300
70920117251,2019,148100,208400,356500
70920117269,2019,136300,72800,209100
70920117277,2019,121600,236800,358400
70920212019,2019,129000,324500,453500
70920212027,2019,148500,293900,442400
70920212035,2019,136500,340700,477200
70920212043,2019,132200,430200,562400
70920212051,2019,124700,361900,486600
70920212069,2019,127600,363100,490700
70920212077,2019,133900,439500,573400
70920212085,2019,130300,419600,549900
70920212093,2019,127600,392400,520000
70920212100,2019,126200,353000,479200
70920212118,2019,122600,150400,273000
70920212126,2019,132600,378000,510600
70920212134,2019,160900,539100,700000
70920212142,2019,159600,392300,551900
70920212150,2019,138000,349000,487000
70920212168,2019,132000,349700,481700
70920212176,2019,113000,265600,378600
70920212184,2019,119700,216200,335900
70920212192,2019,125600,257700,383300
70920212209,2019,129600,177200,306800
70920213017,2019,126600,240200,366800
70920213025,2019,129300,508500,637800
70920213033,2019,133600,264400,398000
70920213041,2019,141700,432500,574200
70920213059,2019,140100,357600,497700
70920213067,2019,134900,591500,726400
70920213075,2019,139600,305300,444900
70920213083,2019,144200,369700,513900
70920213091,2019,136700,308100,444800
70920213108,2019,127400,419800,547200
70920213116,2019,126000,392100,518100
70920213124,2019,133700,244700,378400
70920213132,2019,113200,329300,442500
70920213140,2019,116000,232400,348400
70920213158,2019,119100,261500,380600
70920213166,2019,114300,325700,440000
70920213174,2019,113000,220700,333700
70920213182,2019,115300,258700,374000
70920213190,2019,121200,253800,375000
70920213207,2019,123200,225300,348500
70920213215,2019,122100,202600,324700
70920213223,2019,117300,360200,477500
70920213231,2019,117200,175500,292700
70920213249,2019,119700,217800,337500
70920213257,2019,118300,277700,396000
70920213265,2019,124800,299800,424600
70920301010,2019,120100,337100,457200
70920301028,2019,132200,389100,521300
70920301036,2019,143900,260000,403900
70920301044,2019,178700,252500,431200
70920301052,2019,165400,330700,496100
70920301060,2019,139300,486600,625900
70920301078,2019,129300,372200,501500
70920301086,2019,122600,387300,509900
70920301094,2019,127400,269100,396500
70920301101,2019,123100,304800,427900
70920301119,2019,123400,298100,421500
70920301127,2019,132600,303200,435800
70920301135,2019,134800,359800,494600
70920301143,2019,132200,268200,400400
70920301151,2019,125100,317600,442700
70920301169,2019,118700,346300,465000
70920301177,2019,147200,346100,493300
70920301185,2019,114800,316700,431500
70920301200,2019,134900,238100,373000
70920301218,2019,143700,337000,480700
70920301226,2019,126700,210800,337500
70920301234,2019,101700,173700,275400
70920301242,2019,131000,251600,382600
70920301250,2019,125100,182400,307500
70920301268,2019,114300,160800,275100
70920301276,2019,105400,211200,316600
70920301284,2019,93600,209000,302600
70920301292,2019,94400,275100,369500
70920302018,2019,134800,545200,680000
70920302026,2019,159600,333900,493500
70920302034,2019,152100,433900,586000
70920302042,2019,153200,220900,374100
70920302050,2019,136100,339800,475900
70920302068,2019,129300,341100,470400
70920302076,2019,131000,383300,514300
70920302084,2019,132600,305800,438400
70920302092,2019,136700,324600,461300
70920302109,2019,141600,354500,496100
70920302117,2019,142900,401900,544800
70920302125,2019,138300,446400,584700
70920302133,2019,167000,413800,580800
70920302141,2019,181300,393500,574800
70920302159,2019,145400,451600,597000
70920302167,2019,144300,460900,605200
70920302175,2019,148300,394600,542900
70920302183,2019,143100,469100,612200
70920302191,2019,134200,466800,601000
70920302208,2019,129600,493600,623200
70920302216,2019,133600,432400,566000
70920302224,2019,137200,400100,537300
70920302232,2019,116000,287300,403300
70920302240,2019,126800,266700,393500
70920302258,2019,133700,353900,487600
70920302266,2019,131800,439000,570800
70920302274,2019,135800,406900,542700
70920302282,2019,132300,342800,475100
70920302290,2019,144200,255800,400000
70920302307,2019,146100,337600,483700
70920302315,2019,142300,232900,375200
70920302323,2019,146800,400900,547700
70920302331,2019,151600,181200,332800
70920302349,2019,180500,314100,494600
70920302357,2019,147200,282800,430000
70920302365,2019,138000,324900,462900
70920302373,2019,145400,242200,387600
70920302381,2019,143700,358100,501800
70920302399,2019,142700,299300,442000
70920302406,2019,144700,342800,487500
70920302414,2019,146100,358600,504700
70920302422,2019,157300,353200,510500
70920302430,2019,137000,285100,422100
70920302448,2019,127400,243400,370800
70920302456,2019,123200,276200,399400
70920302464,2019,125100,451500,576600
70920302472,2019,132300,303600,435900
70920302480,2019,144300,454700,599000
70920302498,2019,138400,270200,408600
70920302505,2019,154500,417700,572200
70920303016,2019,105600,441500,547100
70920303024,2019,122600,293300,415900
70920303032,2019,128200,393700,521900
70920303040,2019,124300,427600,551900
70920303058,2019,127300,322400,449700
70920303066,2019,123400,330400,453800
70920303074,2019,129100,455800,584900
70920303082,2019,129600,336000,465600
70920303090,2019,129200,390700,519900
70920303107,2019,125100,408400,533500
70920303115,2019,124100,337600,461700
70920303123,2019,124100,350300,474400
70920303131,2019,136100,372000,508100
70920303149,2019,130600,305700,436300
70920303157,2019,122700,463400,586100
70920303165,2019,125600,323400,449000
70920303173,2019,132200,355200,487400
70920303181,2019,139500,348300,487800
70920303199,2019,158400,378300,536700
70920303206,2019,144900,382200,527100
70920303214,2019,130800,310300,441100
70920303222,2019,122200,298100,420300
70920303230,2019,129600,368400,498000
70920303248,2019,120800,414400,535200
70920304014,2019,94800,245800,340600
70920304022,2019,97500,208000,305500
70920304030,2019,101900,260300,362200
70920304048,2019,102500,264400,366900
70920304056,2019,102500,317700,420200
70920304064,2019,102500,230000,332500
70920304072,2019,102500,208300,310800
70920304080,2019,114000,247500,361500
70920304098,2019,114500,263700,378200
70920304105,2019,125600,203400,329000
70920304113,2019,111200,306800,418000
70920304121,2019,97600,210000,307600
70920304139,2019,93300,307700,401000
70920304147,2019,94300,215700,310000
70920304155,2019,98800,245700,344500
70920304163,2019,104000,260200,364200
70920304171,2019,109600,225000,334600
70920304189,2019,106200,275400,381600
70920304197,2019,94800,175800,270600
70920304204,2019,91700,193100,284800
70920304212,2019,91100,187300,278400
70920304220,2019,91100,208100,299200
70920304238,2019,91700,216200,307900
70920304246,2019,93600,257500,351100
70920304254,2019,94900,328000,422900
70920304262,2019,97300,220900,318200
70920304270,2019,98800,253200,352000
70920304288,2019,92800,176000,268800
70920304296,2019,90200,141300,231500
70920304303,2019,92800,177900,270700
70920305012,2019,114300,341700,456000
70920305020,2019,110200,217300,327500
70920305038,2019,109300,217800,327100
70920305046,2019,111800,321200,433000
70920305054,2019,100300,206100,306400
70920305062,2019,93700,181400,275100
70920305070,2019,101800,192100,293900
70920305088,2019,104000,229700,333700
70920305096,2019,104000,318300,422300
70920305103,2019,104000,194400,298400
70920305111,2019,104000,361100,465100
70920305129,2019,95500,244400,339900
70920305137,2019,98200,397200,495400
70920305145,2019,163100,355300,518400
70920305153,2019,147700,315600,463300
70920305179,2019,99100,322500,421600
70920305187,2019,102000,242900,344900
70920305195,2019,102000,220600,322600
70920305202,2019,97600,305300,402900
70920305210,2019,105000,239300,344300
70920305228,2019,99100,428600,527700
70920305236,2019,128900,429200,558100
70920305244,2019,120100,206100,326200
70920305252,2019,113700,386700,500400
70920305260,2019,119900,387900,507800
70920305278,2019,100600,344500,445100
70920305286,2019,95100,332900,428000
70920305294,2019,94700,204200,298900
70920305301,2019,97400,240500,337900
70920305319,2019,95100,218600,313700
70920305327,2019,97900,290300,388200
70920305335,2019,97400,203700,301100
70920305343,2019,101300,320900,422200
70920305351,2019,99600,225000,324600
70920305369,2019,98800,178800,277600
70920305377,2019,97900,242400,340300
70920305385,2019,97300,201700,299000
70920305393,2019,95900,160200,256100
70920305400,2019,102400,213400,315800
70920306010,2019,94900,185500,280400
70920306028,2019,94300,227600,321900
70920306036,2019,95500,180800,276300
70920306044,2019,97500,193000,290500
70920306052,2019,99200,214900,314100
70920306060,2019,97400,187700,285100
70920306078,2019,99600,226100,325700
70920306086,2019,114800,224700,339500
70920306094,2019,105600,249500,355100
70920306101,2019,95900,205500,301400
70920306119,2019,109900,173500,283400
70920306127,2019,99200,266200,365400
70920306135,2019,103400,208900,312300
70920306143,2019,105400,215300,320700
70920306151,2019,146200,239700,385900
70920306169,2019,109600,292700,402300
70920306177,2019,111000,210200,321200
70920306185,2019,103400,251700,355100
70920306193,2019,95500,214000,309500
70920306200,2019,95500,210400,305900
70920306218,2019,95500,176600,272100
70920306226,2019,95500,207900,303400
70920306234,2019,114300,360500,474800
70920306242,2019,109900,254400,364300
70920306250,2019,109600,386000,495600
70920306268,2019,105600,266100,371700
70920306276,2019,106200,260500,366700
70920306284,2019,100900,278800,379700
70920306292,2019,98700,194800,293500
70920306309,2019,100300,325300,425600
70920306317,2019,102400,194800,297200
70920306325,2019,104900,189000,293900
70920306333,2019,102500,347000,449500
70920306341,2019,107000,198800,305800
70920306359,2019,111400,203800,315200
70920306367,2019,126200,245000,371200
70920306375,2019,126700,193500,320200
70920306383,2019,136100,293900,430000
70920306391,2019,100600,315900,416500
70920306408,2019,107200,282600,389800
70920306416,2019,95500,198000,293500
70920306424,2019,93600,262500,356100
70920307026,2019,103400,161100,264500
70920307034,2019,103200,194100,297300
70920307042,2019,97500,235400,332900
70920307050,2019,95500,247600,343100
70920307076,2019,104700,219800,324500
70920307084,2019,101800,295700,397500
70920307092,2019,134300,239900,374200
70920307109,2019,132600,176800,309400
70920307117,2019,111800,292400,404200
70920307125,2019,103400,246600,350000
70920307133,2019,103200,218800,322000
70920307141,2019,111300,183100,294400
70920307159,2019,122700,217900,340600
70920307167,2019,106400,219200,325600
70920307175,2019,115300,184700,300000
70920307183,2019,118700,201300,320000
70920307191,2019,114800,303400,418200
70920307208,2019,109700,210000,319700
70920307216,2019,106200,339300,445500
70920307224,2019,122200,186900,309100
70920307232,2019,109900,204200,314100
70920307240,2019,99500,233000,332500
70920307258,2019,97200,213000,310200
70920307266,2019,94900,175100,270000
70920307274,2019,97300,219600,316900
70920307282,2019,96600,244200,340800
70920308016,2019,97200,185900,283100
70920308024,2019,94800,220700,315500
70920308032,2019,94800,164200,259000
70920308040,2019,94800,139800,234600
70920308058,2019,99600,217400,317000
70920308066,2019,97600,222200,319800
70920308074,2019,92100,252600,344700
70920308082,2019,97300,214000,311300
70920308090,2019,99200,216800,316000
70920308107,2019,99200,182000,281200
70920308115,2019,101800,198700,300500
70920308123,2019,103700,168200,271900
70920308131,2019,94400,186900,281300
70920308149,2019,99500,275300,374800
70920308157,2019,103900,118900,222800
70920308165,2019,91800,225600,317400
70920308181,2019,107600,276100,383700
70920308199,2019,107200,209700,316900
70920308206,2019,131900,230500,362400
70920308214,2019,109600,198100,307700
70920308222,2019,94400,204400,298800
70920308230,2019,94400,207900,302300
70920308248,2019,94400,238900,333300
70920308256,2019,94400,211700,306100
70920308264,2019,106400,202300,308700
70920308272,2019,124200,193900,318100
70920308280,2019,99600,258600,358200
70920308298,2019,99200,198800,298000
70920308305,2019,99200,248800,348000
70920308313,2019,99200,303300,402500
70920308321,2019,96400,307600,404000
70920308339,2019,102600,433400,536000
70920309022,2019,98800,258600,357400
70920309030,2019,98800,223700,322500
70920309048,2019,98800,497900,596700
70920309056,2019,92800,282200,375000
70920309064,2019,93000,283200,376200
70920309072,2019,90800,218900,309700
70920309080,2019,95500,242400,337900
70920309098,2019,105600,285400,391000
70920309105,2019,155100,267800,422900
70920309113,2019,120200,248800,369000
70920309121,2019,122700,232500,355200
70920309139,2019,98200,262000,360200
70920309147,2019,91100,181900,273000
70920309155,2019,132600,251100,383700
70920309163,2019,92800,249900,342700
70920309171,2019,97700,226800,324500
70920309189,2019,95000,195000,290000
70920309197,2019,108700,223600,332300
70920309204,2019,137000,265300,402300
70920309212,2019,104900,345900,450800
70920309220,2019,104700,284200,388900
70920309238,2019,104700,284300,389000
70920309246,2019,104700,291600,396300
70920309254,2019,104700,269700,374400
70920309262,2019,101300,374500,475800
70920401018,2019,138400,291300,429700
70920401026,2019,136700,167500,304200
70920401034,2019,136700,213200,349900
70920401042,2019,136700,189600,326300
70920401050,2019,136700,155300,292000
70920401068,2019,127400,191000,318400
70920402016,2019,140300,217700,358000
70920402024,2019,144400,143400,287800
70920402032,2019,141700,164300,306000
70920402040,2019,217000,226000,443000
70920402058,2019,204600,292400,497000
70920402066,2019,136400,274200,410600
70920402074,2019,136800,97100,233900
70920402082,2019,135500,201500,337000
70920402090,2019,120800,254900,375700
70920402107,2019,127300,149200,276500
70920402115,2019,127300,233700,361000
70920402123,2019,127300,392300,519600
70920402131,2019,127300,153100,280400
70920402149,2019,127300,265800,393100
70920402157,2019,127300,165500,292800
70920402165,2019,127300,192600,319900
70920402173,2019,131700,161100,292800
70920402181,2019,130400,270200,400600
70920402199,2019,139300,166600,305900
70920402206,2019,168100,231700,399800
70920402214,2019,140000,273000,413000
70920402222,2019,136300,219100,355400
70920402230,2019,144100,296300,440400
70920402248,2019,177000,323600,500600
70920402256,2019,156400,306700,463100
70920402264,2019,158000,293700,451700
70920402272,2019,138100,199800,337900
70920402280,2019,142900,239900,382800
70920402298,2019,146100,245800,391900
70920402305,2019,136600,257600,394200
70920402313,2019,153700,261300,415000
70920402321,2019,154000,208300,362300
70920402339,2019,132200,170600,302800
70920402347,2019,128500,232000,360500
70920402355,2019,133300,89600,222900
70920402363,2019,142800,320300,463100
70920402371,2019,168100,253600,421700
70920402389,2019,131000,203000,334000
70920402397,2019,131000,230800,361800
70920402404,2019,139200,247500,386700
70920403014,2019,135400,103300,238700
70920403022,2019,140000,227100,367100
70920403030,2019,111800,176300,288100
70920403048,2019,107100,192600,299700
70920403056,2019,114400,178800,293200
70920403064,2019,116100,257600,373700
70920403072,2019,111800,236000,347800
70920403080,2019,111800,235900,347700
70920403098,2019,114400,240600,355000
70920403105,2019,114400,162600,277000
70920403113,2019,114400,257900,372300
70920403121,2019,114400,218500,332900
70920403139,2019,114400,184000,298400
70920403147,2019,107100,271100,378200
70920403155,2019,107100,168300,275400
70920403163,2019,107100,172700,279800
70920403171,2019,107100,199000,306100
70920403189,2019,114400,301400,415800
70920403197,2019,107100,298000,405100
70920403204,2019,114400,239100,353500
70920403212,2019,107100,173900,281000
70920403220,2019,114400,209500,323900
70920403238,2019,133500,130000,263500
70920403246,2019,133500,98400,231900
70920404012,2019,145600,83200,228800
70920404020,2019,143600,177300,320900
70920404038,2019,121600,144000,265600
70920404046,2019,121600,294700,416300
70920404054,2019,121600,185000,306600
70920404062,2019,121600,246000,367600
70920404070,2019,116100,222900,339000
70920404088,2019,116100,121600,237700
70920404096,2019,116100,196200,312300
70920404103,2019,116100,152300,268400
70920404111,2019,116100,146100,262200
70920404129,2019,116100,147300,263400
70920404137,2019,105300,144700,250000
70920404145,2019,126600,126200,252800
70920404153,2019,114400,151500,265900
70920404161,2019,114400,282000,396400
70920404179,2019,114400,144500,258900
70920404187,2019,114400,122100,236500
70920404195,2019,114400,176600,291000
70920404202,2019,114400,347600,462000
70920404210,2019,114400,244600,359000
70920404228,2019,114400,123900,238300
70920404236,2019,114400,146700,261100
70920404244,2019,143600,69100,212700
70920404252,2019,139300,195600,334900
70920405010,2019,136200,151200,287400
70920405028,2019,114400,135600,250000
70920405036,2019,114400,136700,251100
70920405044,2019,114400,120700,235100
70920405052,2019,114400,151100,265500
70920405060,2019,114400,98000,212400
70920405078,2019,114400,164600,279000
70920405086,2019,114400,58400,172800
70920405094,2019,114400,217300,331700
70920405101,2019,107100,282900,390000
70920405119,2019,107100,243600,350700
70920405127,2019,107100,106400,213500
70920405135,2019,107100,247500,354600
70920405143,2019,126900,137600,264500
70920405151,2019,116100,195200,311300
70920405169,2019,120800,190800,311600
70920405177,2019,114400,163300,277700
70920405185,2019,119100,184000,303100
70920405193,2019,105300,181100,286400
70920405200,2019,126600,163700,290300
70920405218,2019,126600,88300,214900
70920405226,2019,126600,248900,375500
70920405234,2019,126600,86700,213300
70920405242,2019,126600,141800,268400
70920405250,2019,126600,141800,268400
70920405268,2019,126600,191700,318300
70920405276,2019,126600,153900,280500
70920405284,2019,126600,153400,280000
70920405292,2019,119100,153500,272600
70920405309,2019,119100,249900,369000
70920405317,2019,119100,266400,385500
70920405325,2019,143600,137800,281400
70920406018,2019,158700,227100,385800
70920406026,2019,129500,231200,360700
70920406034,2019,130600,244900,375500
70920406042,2019,128400,205600,334000
70920406050,2019,129500,225900,355400
70920406068,2019,130100,216600,346700
70920406076,2019,131300,227800,359100
70920406084,2019,131300,207900,339200
70920406092,2019,131300,174000,305300
70920406109,2019,142600,228500,371100
70920406117,2019,145400,285200,430600
70920406125,2019,145400,194900,340300
70920406133,2019,140600,291200,431800
70920406141,2019,145200,161400,306600
70920406159,2019,142700,122600,265300
70920406167,2019,140700,222200,362900
70920406175,2019,142100,132000,274100
70920406183,2019,133400,134500,267900
70920406191,2019,128000,169500,297500
70920406208,2019,145400,172400,317800
70920406216,2019,147800,113900,261700
70920406224,2019,148300,261700,410000
70920406232,2019,134000,233400,367400
70920406240,2019,132400,194300,326700
70920406258,2019,133800,318400,452200
70920406266,2019,134200,260000,394200
70920406274,2019,140300,296500,436800
70920406282,2019,153000,190000,343000
70920406290,2019,159700,207000,366700
70920406307,2019,143600,196900,340500
70920406315,2019,152100,76300,228400
70920406323,2019,137000,209300,346300
70920406331,2019,137500,250500,388000
70920406349,2019,135000,206700,341700
70920406357,2019,143300,223400,366700
70920407016,2019,131300,277500,408800
70920407024,2019,131300,154200,285500
70920407032,2019,127300,229400,356700
70920407040,2019,154300,131200,285500
70920407058,2019,127300,314800,442100
70920407066,2019,127300,308300,435600
70920407074,2019,127300,172700,300000
70920407082,2019,149500,185800,335300
70920407090,2019,138600,211400,350000
70920407107,2019,131700,158500,290200
70920407115,2019,143300,233300,376600
70920407123,2019,149400,215100,364500
70920407131,2019,152900,129600,282500
70920407149,2019,161400,260900,422300
70920407157,2019,144700,233200,377900
70920408014,2019,126800,233700,360500
70920408022,2019,123100,165200,288300
70920408030,2019,123300,189600,312900
70920408048,2019,123800,166100,289900
70920408056,2019,124000,163800,287800
70920408064,2019,124100,303400,427500
70920408072,2019,124300,226100,350400
70920408080,2019,124500,226900,351400
70920408098,2019,124700,206900,331600
70920408105,2019,124900,175500,300400
70920408113,2019,129500,235900,365400
70920408121,2019,129500,201400,330900
70920408139,2019,129500,258200,387700
70920408147,2019,129500,156000,285500
70920408155,2019,129500,234600,364100
70920408163,2019,118300,193300,311600
70920408171,2019,186100,223100,409200
70920408189,2019,122800,240100,362900
70920408197,2019,128000,247600,375600
70920408204,2019,129500,229200,358700
70920408212,2019,129500,99600,229100
70920408220,2019,129500,203500,333000
70920408238,2019,123200,203900,327100
70920408246,2019,129500,353400,482900
70920408254,2019,129500,172000,301500
70920408262,2019,129500,317500,447000
70920408270,2019,129500,153400,282900
70920408288,2019,129500,197200,326700
70920408296,2019,129500,214500,344000
70920408303,2019,129500,204300,333800
70920408311,2019,129500,291300,420800
70920408329,2019,129500,224800,354300
70920408337,2019,114700,156800,271500
70920408345,2019,114700,133400,248100
70920408353,2019,114700,185600,300300
70920408361,2019,114700,188100,302800
70920408379,2019,129500,160700,290200
70920408387,2019,129500,177200,306700
70920408395,2019,129500,118300,247800
70920408402,2019,129500,224400,353900
70920408410,2019,129500,140500,270000
70920408428,2019,129500,215500,345000
70920408436,2019,129500,205500,335000
70920408444,2019,129500,254700,384200
70920408452,2019,129500,272100,401600
70920408460,2019,123200,172100,295300
70920408478,2019,129500,133000,262500
70920408486,2019,129500,271400,400900
70920408494,2019,129500,238500,368000
70920408501,2019,129500,237200,366700
70920408519,2019,129500,234600,364100
70920408527,2019,129500,153400,282900
70920408535,2019,129500,178500,308000
70920409012,2019,129500,437500,567000
70920409020,2019,129500,208400,337900
70920409038,2019,129500,143300,272800
70920409046,2019,129500,237300,366800
70920409054,2019,129500,276000,405500
70920409062,2019,129500,252500,382000
70920409070,2019,129500,235900,365400
70920409088,2019,129500,321100,450600
70920409096,2019,129500,189600,319100
70920409103,2019,129500,334900,464400
70920409111,2019,129500,361700,491200
70920409129,2019,129500,219700,349200
70920409137,2019,129500,326100,455600
70920409145,2019,129500,139700,269200
70920409153,2019,129500,231900,361400
70920409161,2019,129500,235900,365400
70920409179,2019,129500,195900,325400
70920409187,2019,129500,304700,434200
70920409195,2019,127600,215400,343000
70920410019,2019,121000,205700,326700
70920410027,2019,123900,211300,335200
70920410035,2019,149800,183200,333000
70920410043,2019,149800,220600,370400
70920410051,2019,123900,214600,338500
70920410069,2019,123900,231000,354900
70920410077,2019,123900,141400,265300
70920410085,2019,123900,332900,456800
70920410093,2019,117700,224000,341700
70920410100,2019,123900,197700,321600
70920410118,2019,123900,201500,325400
70920410126,2019,123900,232700,356600
70920410134,2019,123900,162200,286100
70920410142,2019,127600,259100,386700
70920410150,2019,123900,167800,291700
70920410168,2019,123900,271500,395400
70920410176,2019,123900,182300,306200
70920410184,2019,112900,228000,340900
70920410192,2019,112900,223000,335900
70920410209,2019,115100,167800,282900
70920410217,2019,115100,167400,282500
70920410225,2019,115100,229000,344100
70920410233,2019,115100,120200,235300
70920410241,2019,115100,149000,264100
70920410259,2019,115100,150200,265300
70920410267,2019,115100,193100,308200
70920410275,2019,115100,162700,277800
70920410283,2019,127100,204500,331600
70920410291,2019,127100,260900,388000
70920410308,2019,127100,180900,308000
70920410316,2019,127100,187900,315000
70920410324,2019,127100,210800,337900
70920410332,2019,115100,219900,335000
70920410340,2019,180000,172900,352900
70920410358,2019,118400,193200,311600
70920410366,2019,126200,170400,296600
70920410374,2019,127600,166500,294100
70920410382,2019,127600,216500,344100
70920410390,2019,127600,191500,319100
70920410407,2019,127600,255200,382800
70920410415,2019,121100,169400,290500
70920410423,2019,127600,182900,310500
70920410431,2019,127600,152800,280400
70920410449,2019,127600,154600,282200
70920410457,2019,127600,285600,413200
70920410465,2019,154400,112200,266600
70920410473,2019,154400,276200,430600
70920410481,2019,127600,381900,509500
70920410499,2019,124600,173300,297900
70920410506,2019,124700,250200,374900
70920410514,2019,124900,296800,421700
70920411017,2019,138600,214000,352600
70920411025,2019,138900,229100,368000
70920411033,2019,145000,223200,368200
70920411041,2019,134200,247000,381200
70920411059,2019,154300,205700,360000
70920411067,2019,135300,227500,362800
70920411075,2019,135300,261000,396300
70920411083,2019,133400,222700,356100
70920411091,2019,163000,102100,265100
70920411108,2019,125100,152700,277800
70920411116,2019,126700,248700,375400
70920411124,2019,126700,191200,317900
70920411140,2019,140300,128900,269200
70920411158,2019,136400,215200,351600
70920411166,2019,128600,181600,310200
70920411174,2019,131300,311100,442400
70920411182,2019,127400,122500,249900
70920411190,2019,132100,160700,292800
70920411207,2019,137200,408300,545500
70920412015,2019,134200,269800,404000
70920412023,2019,134200,197800,332000
70920412031,2019,134200,254300,388500
70920412049,2019,134200,250800,385000
70920412057,2019,134200,129100,263300
70920412065,2019,134200,262500,396700
70920412073,2019,134200,191200,325400
70920412081,2019,143300,269700,413000
70920412099,2019,143300,250000,393300
70920412106,2019,143100,81900,225000
70920412114,2019,143300,222700,366000
70920412122,2019,134200,262500,396700
70920412130,2019,134200,307600,441800
70920412148,2019,134200,129900,264100
70920412156,2019,134200,159900,294100
70920412164,2019,134200,224100,358300
70920412172,2019,134200,218700,352900
70920412180,2019,134200,269700,403900
70920412198,2019,141100,190200,331300
70920412205,2019,141100,209300,350400
70920412213,2019,141100,300700,441800
70920413013,2019,122500,150500,273000
70920413021,2019,123200,193300,316500
70920413039,2019,123200,147100,270300
70920413047,2019,123200,57000,180200
70920413055,2019,123200,216000,339200
70920413063,2019,127100,198300,325400
70920413071,2019,123200,250000,373200
70920413089,2019,127100,210800,337900
70920413097,2019,127100,204500,331600
70920413104,2019,127100,146500,273600
70920413112,2019,113100,98400,211500
70920414011,2019,120200,129900,250100
70920414029,2019,119600,142100,261700
70920414037,2019,120900,187100,308000
70920414045,2019,123800,226500,350300
70920414053,2019,123800,180500,304300
70920414061,2019,123800,160200,284000
70920414079,2019,123800,164000,287800
70920414087,2019,123600,179200,302800
70920414095,2019,123600,198000,321600
70920414102,2019,123300,206000,329300
70920414110,2019,131800,183800,315600
70920414128,2019,131800,111700,243500
70920414136,2019,139000,229000,368000
70920414144,2019,143300,184500,327800
70920414152,2019,134200,104900,239100
70920414160,2019,134200,86100,220300
70920414178,2019,134200,170300,304500
70920414186,2019,134200,208800,343000
70920414194,2019,134200,181900,316100
70920414201,2019,134200,175100,309300
70920414219,2019,134200,199200,333400
70920414227,2019,133800,101700,235500
70920414235,2019,143100,83400,226500
70920414243,2019,141100,184300,325400
70920414251,2019,137600,154100,291700
70920414269,2019,132100,273400,405500
70920414277,2019,132400,242200,374600
70920414285,2019,132200,209500,341700
70920414293,2019,130200,255400,385600
70920414300,2019,133100,199800,332900
70920414318,2019,134200,272600,406800
70920414326,2019,134200,154900,289100
70920414334,2019,127300,184300,311600
70920414342,2019,127300,121800,249100
70920415019,2019,136200,363500,499700
70920415027,2019,127300,133100,260400
70920415035,2019,127100,222100,349200
70920415043,2019,137800,117300,255100
70920415051,2019,138100,397900,536000
70920415069,2019,137200,200100,337300
70920415077,2019,133800,146600,280400
70920415085,2019,126000,229400,355400
70920415093,2019,118100,213500,331600
70920415100,2019,134900,160400,295300
70920415118,2019,131200,238800,370000
70920415126,2019,129900,170500,300400
70920415134,2019,133400,148200,281600
70920415142,2019,129500,158300,287800
70920416017,2019,131800,136100,267900
70920416025,2019,127600,125200,252800
70920416033,2019,110800,116200,227000
70920416041,2019,137200,131200,268400
70920416059,2019,151900,133200,285100
70920416067,2019,190000,126700,316700
70920416075,2019,179900,141700,321600
70920416083,2019,165200,83900,249100
70920416091,2019,154600,113300,267900
70920416108,2019,142500,162300,304800
70920416116,2019,141400,167600,309000
70920416124,2019,141400,180200,321600
70920416132,2019,134000,172600,306600
70920416140,2019,126100,159400,285500
70920416158,2019,110200,168700,278900
70920416166,2019,138500,138700,277200
70920416174,2019,176600,215300,391900
70920416182,2019,127300,138000,265300
70920416190,2019,141900,150900,292800
70920416207,2019,160600,39000,199600
70920416215,2019,135900,101800,237700
70920416223,2019,169300,265800,435100
70920416231,2019,156500,435600,592100
70920416249,2019,121700,144200,265900
70920416257,2019,122500,124100,246600
70920416265,2019,122500,166300,288800
70920416273,2019,122500,79400,201900
70920416281,2019,122500,189100,311600
70920416299,2019,122500,177700,300200
70920416306,2019,122500,157900,280400
70920416314,2019,122500,121200,243700
70920416322,2019,133300,114500,247800
70920417031,2019,109300,191600,300900
70920417049,2019,93700,205900,299600
70920417057,2019,107600,163200,270800
70920417065,2019,108100,214700,322800
70920417073,2019,102400,298300,400700
70920417081,2019,101800,255300,357100
70920417099,2019,99600,294000,393600
70920417106,2019,97400,239500,336900
70920417114,2019,95500,223000,318500
70920417122,2019,110900,155400,266300
70920417130,2019,100100,154300,254400
70920418013,2019,136200,226200,362400
70920418021,2019,110900,326900,437800
70920418039,2019,107200,272000,379200
70920418047,2019,103200,204400,307600
70920418063,2019,143600,132000,275600
70920418071,2019,134100,177600,311700
70920418089,2019,135000,225100,360100
70920418097,2019,136300,109700,246000
70920418104,2019,129000,166800,295800
70920418112,2019,119100,146400,265500
70920418120,2019,119100,138600,257700
70920418138,2019,119100,156500,275600
70920418146,2019,119100,220000,339100
70920418154,2019,136200,227800,364000
70920418162,2019,126600,258500,385100
70920418170,2019,126600,129700,256300
70920418188,2019,121600,159100,280700
70920418196,2019,121600,125900,247500
70920418203,2019,121600,198300,319900
70920418211,2019,121600,18400,140000
70920418229,2019,121600,177200,298800
70920418237,2019,136200,163700,299900
70920418245,2019,121600,381800,503400
70920418253,2019,148600,179100,327700
70920418261,2019,148600,140800,289400
70920418279,2019,149900,157400,307300
70920418287,2019,129000,169900,298900
70920418295,2019,114400,191200,305600
70920418302,2019,119100,132900,252000
70920418310,2019,169600,207000,376600
70920418328,2019,145600,183800,329400
70920418336,2019,153200,105700,258900
70920418344,2019,129000,134400,263400
70920418352,2019,139300,136100,275400
70920418360,2019,136200,146800,283000
70920418378,2019,127800,122700,250500
70920418386,2019,114400,117700,232100
70920418394,2019,106400,212200,318600
70920419029,2019,133600,189500,323100
70920419037,2019,112800,197400,310200
70920419045,2019,126800,182800,309600
70920419053,2019,102500,176400,278900
70920419061,2019,101700,218600,320300
70920419079,2019,97500,157000,254500
70920419087,2019,97900,244500,342400
70920419095,2019,94900,227200,322100
70920419102,2019,94900,215200,310100
70920419110,2019,94900,198600,293500
70920419128,2019,94900,203500,298400
70920419136,2019,94900,238500,333400
70920419144,2019,94900,304400,399300
70920419152,2019,106700,225300,332000
70920419160,2019,100900,257100,358000
70920419178,2019,111300,278800,390100
70920419186,2019,110200,308400,418600
70920419194,2019,107800,207400,315200
70920419201,2019,130600,266300,396900
70920419219,2019,108800,185600,294400
70920419227,2019,103200,216700,319900
70920419235,2019,95500,184700,280200
70920419243,2019,102600,216600,319200
70920419251,2019,95200,214200,309400
70920419269,2019,91100,280400,371500
70920419277,2019,97300,325200,422500
70920419285,2019,97300,257700,355000
70920419293,2019,98800,206200,305000
70920420018,2019,133500,170600,304100
70920420026,2019,111900,174800,286700
70920420034,2019,114500,166500,281000
70920420042,2019,119100,114300,233400
70920420050,2019,120800,94400,215200
70920420068,2019,121900,57800,179700
70920420076,2019,122900,177100,300000
70920420084,2019,124100,118600,242700
70920420092,2019,124100,109500,233600
70920420109,2019,124100,194500,318600
70920420117,2019,124100,164000,288100
70920420125,2019,119100,185500,304600
70920420133,2019,124100,141000,265100
70920420141,2019,123400,164300,287700
70920420159,2019,124100,158500,282600
70920420167,2019,124100,104100,228200
70920420175,2019,116100,244500,360600
70920420183,2019,114400,140200,254600
70920420191,2019,140700,160800,301500
70920420208,2019,114400,218300,332700
70920420216,2019,114400,159000,273400
70920420224,2019,114400,149200,263600
70920420232,2019,116100,196700,312800
70920420240,2019,119100,176300,295400
70920420258,2019,119100,224900,344000
70920420266,2019,131600,173100,304700
70920420274,2019,143600,82400,226000
70920420282,2019,135400,115600,251000
70920420290,2019,135400,95700,231100
70920420307,2019,135400,178000,313400
70920420315,2019,135400,122600,258000
70920420323,2019,143600,137000,280600
70920420331,2019,143600,139400,283000
70920420349,2019,139800,123700,263500
70920420357,2019,139300,166600,305900
70920420365,2019,156300,96100,252400
70920420373,2019,153200,110800,264000
70920420381,2019,143600,169400,313000
70920420399,2019,135400,202400,337800
70920420406,2019,116100,183700,299800
70920420414,2019,119100,273400,392500
70920420422,2019,140700,145700,286400
70920420430,2019,155300,134400,289700
70921103043,2019,59600,160500,220100
70921103051,2019,64100,172300,236400
70921103069,2019,74100,194500,268600
70921103134,2019,81900,240800,322700
70921103142,2019,82400,251100,333500
70921103150,2019,81900,240700,322600
70921103168,2019,82400,224300,306700
70921103176,2019,81900,181100,263000
70921103184,2019,81900,312800,394700
70921103192,2019,81900,145400,227300
70921103209,2019,84800,216200,301000
70921104017,2019,81900,242300,324200
70921104025,2019,81900,205900,287800
70921104033,2019,81900,172400,254300
70921104041,2019,81900,152800,234700
70921104067,2019,81900,235100,317000
70921104075,2019,81900,190000,271900
70921104083,2019,81900,197300,279200
70921104091,2019,81900,223000,304900
70921104108,2019,81900,240900,322800
70921104116,2019,81900,247900,329800
70921104132,2019,70900,212100,283000
70921104140,2019,92900,224600,317500
70921104158,2019,70900,226200,297100
70921104166,2019,70900,284100,355000
70921104174,2019,81900,228000,309900
70921104182,2019,81900,342100,424000
70921104190,2019,81900,276700,358600
70921104207,2019,81900,205800,287700
70921104215,2019,81900,255000,336900
70921104223,2019,81900,112200,194100
70921104231,2019,81900,325500,407400
70921104249,2019,81900,358000,439900
70921104257,2019,96100,217400,313500
70921104265,2019,81900,302400,384300
70921105122,2019,80500,313800,394300
70921105198,2019,81900,331200,413100
70921105205,2019,81900,278300,360200
70921105213,2019,81900,398100,480000
70921105247,2019,81800,323300,405100
70921105255,2019,74300,190600,264900
70921105263,2019,89300,190000,279300
70921105271,2019,66200,210300,276500
70921105289,2019,66000,273500,339500
70921106021,2019,122900,194900,317800
70921106089,2019,127600,204200,331800
70921106146,2019,124500,209900,334400
70921106154,2019,117700,391600,509300
70921107079,2019,126400,195000,321400
70921108085,2019,136800,371600,508400
70921108100,2019,136800,352700,489500
70921108150,2019,100000,112100,212100
70921109017,2019,116300,308300,424600
70921109025,2019,118900,288300,407200
70921109033,2019,125600,554400,680000
70921109059,2019,124400,231700,356100
70921109067,2019,125700,288200,413900
70921109075,2019,129100,215300,344400
70921109083,2019,129100,330300,459400
70921109091,2019,129100,278100,407200
70921109108,2019,136100,408900,545000
70921109116,2019,136100,312300,448400
70921109124,2019,136100,225600,361700
70921109132,2019,136100,349800,485900
70921109140,2019,114100,222000,336100
70921109158,2019,114100,302600,416700
70921110014,2019,139700,444500,584200
70921110022,2019,120800,321500,442300
70921110030,2019,118100,358700,476800
70921110048,2019,129000,342700,471700
70921110056,2019,114200,316600,430800
70921110064,2019,111700,266700,378400
70921110072,2019,124500,260500,385000
70921110080,2019,124200,387800,512000
70921110098,2019,135800,282500,418300
70921110105,2019,135800,502200,638000
70921110113,2019,135800,408700,544500
70921110121,2019,135800,396300,532100
70921110139,2019,135800,306800,442600
70921110147,2019,135800,409000,544800
70921110155,2019,124500,287600,412100
70921111012,2019,120900,294100,415000
70921111020,2019,120900,255000,375900
70921111038,2019,120900,178800,299700
70921111046,2019,120900,260700,381600
70921111054,2019,120900,306800,427700
70921111062,2019,120900,206900,327800
70921111070,2019,122100,385600,507700
70921111088,2019,122100,201300,323400
70921111096,2019,127100,294800,421900
70921111103,2019,127100,319600,446700
70921111111,2019,127100,263900,391000
70921111129,2019,127100,273400,400500
70921111137,2019,127100,263500,390600
70921111145,2019,126900,324500,451400
70921112010,2019,114100,47100,161200
70921112028,2019,99700,195300,295000
70921112036,2019,124400,71400,195800
70921112044,2019,124400,230600,355000
70921112052,2019,124400,295600,420000
70921112060,2019,124400,251900,376300
70921112078,2019,124400,339900,464300
70921112086,2019,124400,346900,471300
70921112094,2019,124400,304700,429100
70921112101,2019,124400,234800,359200
70921112119,2019,124400,339000,463400
70921112127,2019,124400,256700,381100
70921112143,2019,113800,241100,354900
70921112151,2019,113800,265100,378900
70921112169,2019,111100,256700,367800
70921112177,2019,111100,283400,394500
70921112185,2019,113800,266100,379900
70921112193,2019,113800,110600,224400
70921112200,2019,124400,361600,486000
70921112218,2019,124400,175600,300000
70921112226,2019,124400,232900,357300
70921112234,2019,124400,211600,336000
70921112242,2019,124400,246200,370600
70921112250,2019,124400,275400,399800
70921112268,2019,124400,307200,431600
70921112276,2019,124400,259700,384100
70921112284,2019,124400,349800,474200
70921112292,2019,124400,402400,526800
70921112309,2019,124400,428700,553100
70921112317,2019,125900,307600,433500
70921112325,2019,118900,186700,305600
70921112333,2019,118900,149400,268300
70921113018,2019,113800,242100,355900
70921113026,2019,124400,223500,347900
70921113034,2019,124400,350400,474800
70921113042,2019,124400,245800,370200
70921113050,2019,124400,275400,399800
70921113068,2019,124400,282200,406600
70921113076,2019,124400,275800,400200
70921113084,2019,124400,245600,370000
70921113092,2019,124400,220000,344400
70921113109,2019,124400,295600,420000
70921113117,2019,124400,295800,420200
70921113125,2019,116800,236800,353600
70921113133,2019,124400,371400,495800
70921113141,2019,124400,332500,456900
70921113159,2019,124400,255600,380000
70921113167,2019,124400,370700,495100
70921113175,2019,124400,290300,414700
70921113183,2019,124400,198100,322500
70921113191,2019,124400,353400,477800
70921113208,2019,124400,368300,492700
70921113216,2019,124400,222700,347100
70921113232,2019,157000,414200,571200
70921113240,2019,124400,366300,490700
70921113258,2019,124400,346700,471100
70921113266,2019,111100,116800,227900
70921113274,2019,111100,276900,388000
70921114016,2019,124400,363600,488000
70921114024,2019,124400,329000,453400
70921114032,2019,124400,286200,410600
70921114040,2019,124400,385000,509400
70921114058,2019,124400,204800,329200
70921114066,2019,124400,305500,429900
70921114074,2019,124400,292000,416400
70921114082,2019,124400,239300,363700
70921114090,2019,124400,270800,395200
70921114107,2019,124400,354500,478900
70921114115,2019,124400,253400,377800
70921114123,2019,124400,258600,383000
70921114131,2019,124400,288300,412700
70921114149,2019,124400,223800,348200
70921114157,2019,124400,274700,399100
70921114165,2019,124400,265000,389400
70921114173,2019,124400,348900,473300
70921114181,2019,124400,229100,353500
70921114199,2019,124400,177300,301700
70921114206,2019,124400,308200,432600
70921114214,2019,124400,226000,350400
70921114222,2019,124400,298500,422900
70921114230,2019,113800,237600,351400
70921114248,2019,113800,289800,403600
70921114256,2019,111100,353200,464300
70921114264,2019,121400,341300,462700
70921114272,2019,121400,345500,466900
70921115022,2019,119200,319500,438700
70921115030,2019,108300,301500,409800
70921115048,2019,108300,270100,378400
70921115056,2019,108300,262000,370300
70921115064,2019,124400,333800,458200
70921115072,2019,121200,265000,386200
70921115080,2019,127100,346900,474000
70921115098,2019,124400,236300,360700
70921115105,2019,124400,289800,414200
70921115113,2019,124400,369800,494200
70921115121,2019,124400,280500,404900
70921115139,2019,124400,297600,422000
70921115147,2019,124400,263900,388300
70921115155,2019,124400,393400,517800
70921115163,2019,124400,314000,438400
70921115171,2019,113800,339100,452900
70921115189,2019,113800,363400,477200
70921115197,2019,111100,305900,417000
70921115204,2019,124400,310400,434800
70921115212,2019,124400,338900,463300
70921115220,2019,124400,247900,372300
70921115238,2019,124400,292000,416400
70921115246,2019,124400,267000,391400
70921115254,2019,124400,314600,439000
70921115262,2019,124400,231400,355800
70921115270,2019,124400,318800,443200
70921115288,2019,124400,318200,442600
70921115296,2019,124400,265300,389700
70921115303,2019,124900,275700,400600
70921115311,2019,123500,266300,389800
70921115329,2019,124400,362700,487100
70921116012,2019,112400,229500,341900
70921116020,2019,112400,211200,323600
70921116038,2019,122900,275000,397900
70921116046,2019,122900,323400,446300
70921116054,2019,122900,277800,400700
70921116062,2019,122900,248700,371600
70921116070,2019,117000,257000,374000
70921116088,2019,112400,307300,419700
70921117010,2019,117000,295700,412700
70921117028,2019,117000,321000,438000
70921117036,2019,117000,261600,378600
70921117044,2019,117000,262700,379700
70921117052,2019,110600,245400,356000
70921117060,2019,114600,218200,332800
70921117078,2019,114600,235100,349700
70921117086,2019,120300,376800,497100
70921117094,2019,120300,283000,403300
70921117101,2019,115000,369400,484400
70921117119,2019,121200,207200,328400
70921118018,2019,135800,356400,492200
70921118026,2019,141000,241400,382400
70921118034,2019,137500,252300,389800
70921118042,2019,134200,381300,515500
70921118050,2019,135100,350100,485200
70921118068,2019,127200,407300,534500
70921118076,2019,129100,297400,426500
70921118084,2019,129100,350900,480000
70921118092,2019,129100,336200,465300
70921118109,2019,143500,196700,340200
70921119016,2019,134200,510800,645000
70921119024,2019,132600,433300,565900
70921119032,2019,129000,400000,529000
70921119040,2019,126200,418800,545000
70921119058,2019,136100,369700,505800
70921119066,2019,136100,402300,538400
70921119074,2019,129100,450100,579200
70921119082,2019,129100,316200,445300
70921119090,2019,129100,494900,624000
70921119107,2019,129100,418000,547100
70921119115,2019,136100,297800,433900
70921119123,2019,135000,378100,513100
70921120013,2019,144200,366100,510300
70921120021,2019,141600,413400,555000
70921120039,2019,138800,354700,493500
70921120047,2019,136100,409900,546000
70921120055,2019,136100,601000,737100
70921120063,2019,137500,90100,227600
70921120071,2019,134700,426700,561400
70921120089,2019,136100,303900,440000
70921120097,2019,131700,256000,387700
70921120104,2019,131700,320300,452000
70921120112,2019,131700,375200,506900
70921120120,2019,115800,298300,414100
70921120138,2019,116200,310500,426700
70921121011,2019,128900,409000,537900
70921121029,2019,128900,272800,401700
70921121045,2019,180100,763600,943700
70921121053,2019,155600,533800,689400
70921121061,2019,135200,326900,462100
70921121079,2019,125300,516800,642100
70921121087,2019,129100,278800,407900
70921121095,2019,129100,266400,395500
70921121102,2019,129100,281700,410800
70921121110,2019,122200,410800,533000
70921121136,2019,117700,397600,515300
70921122019,2019,120900,393900,514800
70921122027,2019,122300,272500,394800
70921122035,2019,122300,272700,395000
70921122043,2019,123500,366200,489700
70921122051,2019,135000,283300,418300
70921122069,2019,138600,172300,310900
70921122085,2019,121200,266900,388100
70921122100,2019,120900,189600,310500
70921124015,2019,121400,371100,492500
70921124023,2019,121400,356900,478300
70921124031,2019,121400,225700,347100
70921124049,2019,121400,265400,386800
70921124057,2019,121400,382700,504100
70921124065,2019,121400,289900,411300
70921124073,2019,121400,422400,543800
70921124081,2019,137500,336700,474200
70921124099,2019,137500,251600,389100
70921124106,2019,121400,286100,407500
70921124114,2019,121400,341100,462500
70921124122,2019,121400,404900,526300
70921124180,2019,148700,452600,601300
70921125013,2019,124400,318500,442900
70921125021,2019,124400,288200,412600
70921125039,2019,124400,362200,486600
70921125047,2019,124400,318800,443200
70921125055,2019,124400,225200,349600
70921125063,2019,124400,264600,389000
70921125071,2019,124400,268200,392600
70921125089,2019,124400,446000,570400
70921125097,2019,124400,230900,355300
70921125104,2019,124400,306900,431300
70921125112,2019,124400,245800,370200
70921125120,2019,124400,464800,589200
70921125138,2019,124400,276900,401300
70921125146,2019,124400,341100,465500
70921125154,2019,124400,278300,402700
70921125162,2019,124400,367300,491700
70921125170,2019,124400,285900,410300
70921125188,2019,124400,426000,550400
70921125196,2019,124400,276300,400700
70921125203,2019,124400,284100,408500
70921125211,2019,124400,347700,472100
70921125229,2019,124400,349200,473600
70921125237,2019,124400,255500,379900
70921125245,2019,124400,242300,366700
70921125253,2019,121400,298100,419500
70921125261,2019,121400,146400,267800
70921126011,2019,124400,225300,349700
70921126029,2019,124400,196700,321100
70921126037,2019,124400,215000,339400
70921126045,2019,124400,261200,385600
70921126053,2019,124400,464100,588500
70921126061,2019,124400,263700,388100
70921126079,2019,124400,284800,409200
70921126087,2019,124400,228500,352900
70921126095,2019,124400,266800,391200
70921126102,2019,113800,222800,336600
70921126110,2019,113800,270700,384500
70921126128,2019,106600,223400,330000
70921126136,2019,106600,275400,382000
70921126144,2019,116700,275100,391800
70921126152,2019,116700,277000,393700
70921126160,2019,128000,311800,439800
70921126178,2019,128000,360900,488900
70921126186,2019,128000,382000,510000
70921126194,2019,128000,304400,432400
70921126201,2019,128000,217500,345500
70921126219,2019,128000,299300,427300
70921126227,2019,128000,231400,359400
70921126235,2019,128000,238900,366900
70921126243,2019,128000,285000,413000
70921126251,2019,121400,337300,458700
70921126269,2019,121400,278900,400300
70921126277,2019,121400,312100,433500
70921126285,2019,121400,323900,445300
70921203116,2019,70700,225400,296100
70921203124,2019,70700,167600,238300
70921203166,2019,69200,188600,257800
70921203174,2019,69200,182400,251600
70921205047,2019,71900,158700,230600
70921205055,2019,74600,187600,262200
70921205063,2019,83600,75800,159400
70921205071,2019,71900,229700,301600
70921205089,2019,71900,208900,280800
70921205097,2019,71500,191400,262900
70921205104,2019,71900,195100,267000
70921205112,2019,71900,165100,237000
70921205120,2019,67900,256300,324200
70921205138,2019,67700,215000,282700
70921205146,2019,67900,202600,270500
70921205154,2019,73600,321400,395000
70921205162,2019,85700,376300,462000
70921205170,2019,67900,142800,210700
70921205203,2019,67900,193000,260900
70921205211,2019,67900,210100,278000
70921205229,2019,67900,126100,194000
70921206110,2019,47600,249600,297200
70921206128,2019,46200,123800,170000
70921206136,2019,60400,125100,185500
70921206144,2019,60400,60000,120400
70921206152,2019,60400,90900,151300
70921206160,2019,60400,107600,168000
70921206178,2019,60400,104000,164400
70921206186,2019,60400,238200,298600
70921206194,2019,60400,155800,216200
70921206201,2019,71500,117100,188600
70921206219,2019,71500,101300,172800
70921206227,2019,71500,186000,257500
70921206235,2019,71500,261700,333200
70921206243,2019,71500,197700,269200
70921206251,2019,71500,157600,229100
70921206269,2019,71500,123000,194500
70921206277,2019,71000,96400,167400
70921206285,2019,73800,204500,278300
70921207217,2019,77500,195500,273000
70921207233,2019,60700,213400,274100
70921207241,2019,60700,185600,246300
70921208041,2019,90200,221100,311300
70921208059,2019,90200,194100,284300
70921208067,2019,90100,291900,382000
70921208075,2019,90100,185500,275600
70921208083,2019,90200,238300,328500
70921208091,2019,90200,276500,366700
70921208108,2019,81600,282900,364500
70921208116,2019,81600,234800,316400
70921208124,2019,81600,223200,304800
70921208132,2019,81600,205200,286800
70921208140,2019,77700,184100,261800
70921208158,2019,84700,205100,289800
70921209015,2019,69300,137700,207000
70921209023,2019,71000,117500,188500
70921209031,2019,71500,147600,219100
70921209049,2019,71500,204500,276000
70921209057,2019,71500,164000,235500
70921209065,2019,71500,188900,260400
70921209073,2019,71500,141600,213100
70921209081,2019,71500,150000,221500
70921209099,2019,71500,251200,322700
70921209106,2019,71500,182800,254300
70921209114,2019,71500,149600,221100
70921209122,2019,71500,263400,334900
70921209130,2019,71500,159700,231200
70921209148,2019,71500,189500,261000
70921209156,2019,71500,87300,158800
70921209164,2019,69300,186900,256200
70921210012,2019,67900,10000,77900
70921210020,2019,67900,227100,295000
70921210038,2019,79800,210700,290500
70921210046,2019,79800,216100,295900
70921210054,2019,67700,114100,181800
70921210062,2019,67900,181600,249500
70921210070,2019,67900,243100,311000
70921210088,2019,67900,203600,271500
70921210096,2019,67900,160500,228400
70921210111,2019,71900,257700,329600
70921210129,2019,71900,127100,199000
70921210137,2019,71900,222600,294500
70921210145,2019,71900,183400,255300
70921210153,2019,71900,220800,292700
70921210161,2019,71900,141200,213100
70921210179,2019,71900,166300,238200
70921210187,2019,71900,156800,228700
70921210195,2019,71900,198700,270600
70921210202,2019,71900,189100,261000
70921210210,2019,71900,161100,233000
70921210228,2019,96700,298600,395300
70921211010,2019,92100,173000,265100
70921211028,2019,94600,296400,391000
70921211036,2019,76800,209500,286300
70921211044,2019,74000,178600,252600
70921211052,2019,101900,147400,249300
70921211078,2019,74100,280100,354200
70921211086,2019,74000,220000,294000
70921211094,2019,74000,129800,203800
70921211101,2019,74000,208900,282900
70921211119,2019,74100,300300,374400
70921211127,2019,74100,183400,257500
70921211135,2019,74000,185400,259400
70921211143,2019,74000,184900,258900
70921211151,2019,70600,166400,237000
70921211169,2019,70600,227300,297900
70921211177,2019,70600,151300,221900
70921211185,2019,70600,161800,232400
70921211193,2019,70600,187200,257800
70921211200,2019,70600,189500,260100
70921211218,2019,70600,219400,290000
70921211226,2019,70600,144400,215000
70921211234,2019,70600,168900,239500
70921211242,2019,70600,140400,211000
70921211250,2019,70600,233200,303800
70921211268,2019,70600,155400,226000
70921211276,2019,87900,199500,287400
70921211284,2019,100500,204500,305000
70921212018,2019,104900,235000,339900
70921212026,2019,143500,338500,482000
70921212042,2019,95600,216400,312000
70921212050,2019,95600,166500,262100
70921212068,2019,107100,147200,254300
70921212076,2019,123300,358600,481900
70921212084,2019,77600,214400,292000
70921212092,2019,96300,246200,342500
70921212109,2019,96100,297200,393300
70921212117,2019,96100,287800,383900
70921212125,2019,96100,282700,378800
70921212133,2019,96100,263800,359900
70921213016,2019,67300,377700,445000
70921213024,2019,66800,246800,313600
70921213032,2019,67300,242100,309400
70921213040,2019,66800,263000,329800
70921213058,2019,67300,325100,392400
70921213066,2019,67300,236400,303700
70921213074,2019,67300,233900,301200
70921213082,2019,67300,133000,200300
70921213090,2019,67300,327200,394500
70921213107,2019,67300,161000,228300
70921213115,2019,67300,187800,255100
70921213123,2019,69100,360000,429100
70921213131,2019,64200,281600,345800
70921213149,2019,66500,256800,323300
70921213157,2019,66500,260900,327400
70921213165,2019,64200,289800,354000
70921213173,2019,66500,295200,361700
70921213181,2019,78800,316300,395100
70921213199,2019,78800,338000,416800
70921213206,2019,78800,255600,334400
70921213214,2019,78800,238500,317300
70921213222,2019,78800,351400,430200
70921213248,2019,79400,297300,376700
70921213256,2019,78800,219200,298000
70921213264,2019,79400,346500,425900
70921213272,2019,78800,220500,299300
70921213280,2019,78400,307600,386000
70921213298,2019,68500,315900,384400
70921213305,2019,73100,266700,339800
70921213313,2019,70900,197400,268300
70921213321,2019,85300,257500,342800
70921214014,2019,105700,168900,274600
70921214022,2019,111900,260500,372400
70921214030,2019,115000,274900,389900
70921214048,2019,115000,266000,381000
70921214056,2019,115000,302700,417700
70921214064,2019,115000,261200,376200
70921214072,2019,115000,280800,395800
70921214080,2019,115000,245600,360600
70921214098,2019,115000,260000,375000
70921214105,2019,115000,177300,292300
70921214113,2019,115000,301400,416400
70921214121,2019,115000,233000,348000
70921214139,2019,115000,351400,466400
70921214147,2019,115000,287200,402200
70921214155,2019,115000,202900,317900
70921214163,2019,121200,266800,388000
70921214189,2019,121200,328800,450000
70921214197,2019,121200,325800,447000
70921214204,2019,121200,333400,454600
70921214212,2019,121200,367400,488600
70921214220,2019,121200,239600,360800
70921214238,2019,121200,358800,480000
70921214246,2019,121200,281400,402600
70921214254,2019,121200,285900,407100
70921214262,2019,121200,163400,284600
70921214270,2019,121200,154300,275500
70921214288,2019,120100,254300,374400
70921214296,2019,122900,357100,480000
70921214303,2019,116200,134700,250900
70921214311,2019,104800,194100,298900
70921215012,2019,128700,286500,415200
70921215020,2019,119300,382500,501800
70921215038,2019,118800,194500,313300
70921215046,2019,134200,246900,381100
70921215054,2019,135500,314100,449600
70921215062,2019,133100,214200,347300
70921215070,2019,133100,224700,357800
70921215088,2019,133100,287300,420400
70921215096,2019,133100,193900,327000
70921215103,2019,133100,201900,335000
70921215111,2019,141500,240900,382400
70921215129,2019,133400,246600,380000
70921215137,2019,122200,263000,385200
70921215145,2019,185100,393300,578400
70921216010,2019,85700,284600,370300
70921216028,2019,85800,235200,321000
70921216036,2019,76900,175500,252400
70921216044,2019,70400,109600,180000
70921216052,2019,67900,120900,188800
70921216060,2019,88400,199700,288100
70921216078,2019,62700,135600,198300
70921216086,2019,63200,198900,262100
70921216094,2019,63800,178200,242000
70921216101,2019,60700,175200,235900
70921216119,2019,71900,187400,259300
70921216127,2019,73200,93200,166400
70921216135,2019,72500,210500,283000
70921216143,2019,71000,263200,334200
70921216151,2019,93200,325400,418600
70921216177,2019,99500,186800,286300
70921216193,2019,76100,136700,212800
70921216200,2019,77900,123900,201800
70921216218,2019,81600,177700,259300
70921216226,2019,96700,170600,267300
70921216234,2019,87800,186200,274000
70921219014,2019,130000,249300,379300
70921219022,2019,128900,284100,413000
70921219030,2019,128900,240000,368900
70921219048,2019,152600,449200,601800
70921219056,2019,142400,327200,469600
70921219064,2019,143500,309300,452800
70921219072,2019,143500,294800,438300
70921219080,2019,143500,346500,490000
70921219098,2019,134500,345500,480000
70921219105,2019,132100,257900,390000
70921219113,2019,140200,317800,458000
70921219121,2019,151600,391600,543200
70921219139,2019,140900,340600,481500
70921219147,2019,141100,350400,491500
70921219155,2019,141100,368000,509100
70921219163,2019,149900,372700,522600
70921219171,2019,149900,310200,460100
70921219189,2019,149900,512400,662300
70921219197,2019,135100,346900,482000
70921219204,2019,138200,303400,441600
70921219212,2019,135500,201600,337100
70921219220,2019,158900,232100,391000
70921219238,2019,141100,285800,426900
70921219246,2019,158000,322100,480100
70921219254,2019,121100,509500,630600
70921219262,2019,116200,386500,502700
70921219270,2019,141600,274800,416400
70921219288,2019,162900,409800,572700
70921219296,2019,149900,291700,441600
70921219303,2019,183200,362400,545600
70921219311,2019,135800,184200,320000
70921219329,2019,135500,220500,356000
70921219337,2019,215100,317100,532200
70921219345,2019,160700,435200,595900
70921220011,2019,121200,368800,490000
70921220029,2019,136100,251100,387200
70921220037,2019,128900,265900,394800
70921220045,2019,128900,274100,403000
70921220053,2019,128900,331100,460000
70921220061,2019,128000,325400,453400
70921220079,2019,127000,448000,575000
70921220087,2019,127000,423500,550500
70921220095,2019,127000,403900,530900
70921220102,2019,127000,371500,498500
70921220110,2019,127000,346500,473500
70921220128,2019,127000,414400,541400
70921220136,2019,139400,311500,450900
70921220144,2019,131700,233900,365600
70921220152,2019,124900,328800,453700
70921220160,2019,127300,210500,337800
70921221019,2019,137000,223200,360200
70921221027,2019,128000,292600,420600
70921221035,2019,128000,240400,368400
70921221051,2019,121400,365100,486500
70921221069,2019,125600,314700,440300
70921221077,2019,121400,265100,386500
70921221085,2019,121400,223000,344400
70921221093,2019,121400,284200,405600
70921221100,2019,121400,108600,230000
70921221118,2019,133900,249600,383500
70921221126,2019,143500,327500,471000
70921221134,2019,138600,261900,400500
70921221142,2019,129000,314600,443600
70921221150,2019,125000,460000,585000
70921221168,2019,131700,324300,456000
70921221176,2019,124900,363000,487900
70921221184,2019,125000,148800,273800
70921221192,2019,131100,347400,478500
70921221209,2019,138900,326100,465000
70921221217,2019,136900,404100,541000
70921221225,2019,135800,297200,433000
70921221233,2019,133500,381500,515000
70921221241,2019,132100,281100,413200
70921221259,2019,128700,287700,416400
70921221267,2019,128700,298800,427500
70921221275,2019,128900,351700,480600
70921221283,2019,121000,368400,489400
70921221291,2019,121000,233700,354700
70921221308,2019,128800,464200,593000
70921221316,2019,128800,354400,483200
70921221324,2019,138200,446800,585000
70921221332,2019,136400,390300,526700
70921221340,2019,136100,359300,495400
70921221358,2019,183000,385500,568500
70921221374,2019,212600,507800,720400
70921221382,2019,133500,379100,512600
70921221390,2019,142300,163400,305700
70921221407,2019,142400,221500,363900
70921221415,2019,129500,341500,471000
70921221423,2019,139300,350700,490000
70921221431,2019,140700,333300,474000
70921221449,2019,116700,283900,400600
70921221465,2019,128700,0,128700
70921222017,2019,131600,331800,463400
70921222025,2019,133500,282700,416200
70921222033,2019,133500,295500,429000
70921222041,2019,135500,252100,387600
70921222059,2019,131400,323000,454400
70921222067,2019,130900,432900,563800
70921222075,2019,130000,425000,555000
70921222083,2019,130000,255300,385300
70921222091,2019,133400,311200,444600
70921222108,2019,133400,454600,588000
70921222116,2019,133400,310500,443900
70921222124,2019,133100,236100,369200
70921222132,2019,133100,254000,387100
70921222140,2019,154700,269300,424000
70921222158,2019,136900,123100,260000
70921222166,2019,139400,379900,519300
70921223015,2019,136900,340900,477800
70921223023,2019,130200,469300,599500
70921223031,2019,130200,428900,559100
70921223049,2019,130200,315800,446000
70921223057,2019,130200,303200,433400
70921223065,2019,128900,358000,486900
70921223073,2019,130200,362000,492200
70921223081,2019,130200,311800,442000
70921223099,2019,130200,440400,570600
70921223106,2019,122900,374400,497300
70921223114,2019,120300,253600,373900
70921223122,2019,130000,242900,372900
70921223130,2019,130000,277000,407000
70921223148,2019,139700,240900,380600
70921223156,2019,114100,208400,322500
70921223164,2019,141300,306500,447800
70921223172,2019,141300,218800,360100
70921223180,2019,161200,379000,540200
70921223198,2019,152600,183400,336000
70921223205,2019,152600,251000,403600
70921223213,2019,152600,301900,454500
70921223221,2019,114000,292600,406600
70921223239,2019,157300,247100,404400
70921223247,2019,112900,250900,363800
70921223255,2019,127200,311500,438700
70921223263,2019,114800,357300,472100
70921301019,2019,95000,408600,503600
70921301027,2019,85500,142100,227600
70921301035,2019,85500,197600,283100
70921301043,2019,106000,249200,355200
70921301051,2019,127200,381500,508700
70921301069,2019,127200,360400,487600
70921301077,2019,118300,236700,355000
70921301085,2019,166800,320100,486900
70921301093,2019,90200,265900,356100
70921301100,2019,99300,350000,449300
70921301118,2019,111100,287500,398600
70921301126,2019,111100,329100,440200
70921301134,2019,95000,316700,411700
70921301150,2019,206600,184300,390900
70921301168,2019,119900,199200,319100
70921301176,2019,93700,152400,246100
70921301184,2019,201200,280100,481300
70921301192,2019,157100,145000,302100
70921301209,2019,156100,243200,399300
70921301217,2019,111100,225100,336200
70921301225,2019,111100,298900,410000
70921301233,2019,105600,253200,358800
70921301241,2019,148500,355400,503900
70921301259,2019,157300,236300,393600
70921301267,2019,157100,196200,353300
70921301275,2019,157100,236400,393500
70921301283,2019,168700,279900,448600
70921301291,2019,151800,256600,408400
70921301308,2019,170200,337800,508000
70921301316,2019,212300,404700,617000
70921301332,2019,95400,177700,273100
70921302025,2019,167900,302600,470500
70921302033,2019,167900,307100,475000
70921302041,2019,168700,386400,555100
70921302059,2019,168600,282900,451500
70921302075,2019,139300,230000,369300
70921302083,2019,100500,109800,210300
70921302091,2019,102200,149200,251400
70921302108,2019,126600,207900,334500
70921302116,2019,101500,228900,330400
70921302124,2019,100500,197000,297500
70921302132,2019,109000,441000,550000
70921302140,2019,122700,449600,572300
70921302158,2019,146300,111300,257600
70921302166,2019,175100,359200,534300
70921302174,2019,113200,227900,341100
70921302182,2019,109200,287800,397000
70921303015,2019,160600,425400,586000
70921303023,2019,157900,407100,565000
70921303031,2019,157900,439100,597000
70921303049,2019,157900,526100,684000
70921303057,2019,157900,473100,631000
70921303073,2019,166400,407600,574000
70921303099,2019,202700,597300,800000
70921303106,2019,188100,623900,812000
70921303114,2019,172500,423300,595800
70921303122,2019,175400,492600,668000
70921303130,2019,169300,466700,636000
70921303148,2019,175400,502100,677500
70921303156,2019,188100,476500,664600
70921303164,2019,161800,286900,448700
70921303172,2019,156600,424100,580700
70921303180,2019,157200,384300,541500
70921303198,2019,154800,438200,593000
70921303205,2019,183500,292900,476400
70921303213,2019,170300,381700,552000
70921303221,2019,162300,392100,554400
70921303239,2019,164000,429300,593300
70921304013,2019,187900,314800,502700
70921304039,2019,177700,456300,634000
70921304047,2019,154800,244900,399700
70921304055,2019,154800,327200,482000
70921304063,2019,154800,342900,497700
70921304071,2019,166700,348600,515300
70921304089,2019,174400,485600,660000
70921304097,2019,185800,477200,663000
70921304104,2019,154700,214800,369500
70921304112,2019,154800,389200,544000
70921304120,2019,154800,160800,315600
70921304138,2019,154800,410800,565600
70921304146,2019,154800,345200,500000
70921304154,2019,154800,432200,587000
70921304162,2019,167500,371200,538700
70921304170,2019,162000,525000,687000
70921305011,2019,159400,473600,633000
70921305029,2019,156100,255000,411100
70921305037,2019,172900,353800,526700
70921305045,2019,162000,333000,495000
70921305053,2019,162000,385200,547200
70921305061,2019,173600,412400,586000
70921305079,2019,170500,287000,457500
70921305087,2019,155000,420600,575600
70921305095,2019,185400,515600,701000
70921305102,2019,155500,351100,506600
70921305110,2019,151700,384300,536000
70921305128,2019,175000,271900,446900
70921305136,2019,162800,345000,507800
70921305144,2019,158000,439700,597700
70921305152,2019,182300,373700,556000
70921305160,2019,186500,425500,612000
70921305178,2019,180000,459000,639000
70921306019,2019,179300,325900,505200
70921306027,2019,156200,207100,363300
70921306035,2019,172400,393200,565600
70921306043,2019,187800,241200,429000
70921306051,2019,178100,360600,538700
70921306069,2019,182400,410900,593300
70921306077,2019,182900,417300,600200
70921306085,2019,159500,450200,609700
70921306093,2019,157000,466000,623000
70921306100,2019,158800,346200,505000
70921306118,2019,179800,392100,571900
70921306126,2019,210800,371200,582000
70921306134,2019,158000,362800,520800
70921306142,2019,159000,243200,402200
70921306150,2019,160600,298800,459400
70921306168,2019,157000,212200,369200
70921306176,2019,155200,187900,343100
70921306184,2019,155200,428000,583200
70921306192,2019,155200,382400,537600
70921306209,2019,168800,384200,553000
70921306217,2019,163000,328500,491500
70921306225,2019,156100,477900,634000
70921306233,2019,154500,335700,490200
70921306241,2019,164800,520200,685000
70921306259,2019,184100,468900,653000
70921306267,2019,175000,497000,672000
70921306275,2019,173600,311900,485500
70921306283,2019,167200,297800,465000
70921307017,2019,174600,424400,599000
70921307025,2019,162900,248200,411100
70921307033,2019,164000,343800,507800
70921307041,2019,154800,360200,515000
70921307059,2019,154800,244900,399700
70921307067,2019,155600,314400,470000
70921307075,2019,162000,310400,472400
70921307083,2019,155300,329200,484500
70921307091,2019,161900,309500,471400
70921307108,2019,158000,334700,492700
70921307116,2019,157700,397800,555500
70921307124,2019,157700,157200,314900
70921308015,2019,106500,156000,262500
70921308023,2019,102200,194900,297100
70921308031,2019,114800,239200,354000
70921308049,2019,180300,281800,462100
70921308057,2019,111100,401800,512900
70921308065,2019,111100,223200,334300
70921308073,2019,111100,301700,412800
70921308081,2019,111100,226200,337300
70921308099,2019,109800,310400,420200
70921308114,2019,114400,278100,392500
70921308122,2019,111100,177900,289000
70921308130,2019,111400,231200,342600
70921308148,2019,105600,237000,342600
70921308156,2019,111100,213000,324100
70921308164,2019,111400,255000,366400
70921308172,2019,115500,167700,283200
70921308180,2019,102200,206200,308400
70921308198,2019,98600,170500,269100
70921309013,2019,99400,239100,338500
70921309021,2019,109200,236600,345800
70921309039,2019,109200,210500,319700
70921309047,2019,109200,146700,255900
70921309055,2019,104400,147600,252000
70921309063,2019,105200,164900,270100
70921309071,2019,110100,210400,320500
70921309089,2019,109000,133500,242500
70921309097,2019,114800,248000,362800
70921309104,2019,114800,257000,371800
70921309112,2019,109200,285100,394300
70921309120,2019,111800,289500,401300
70921309138,2019,102200,281500,383700
70921309146,2019,102200,228800,331000
70921309154,2019,102200,170000,272200
70921309162,2019,114800,237100,351900
70921309170,2019,114800,224200,339000
70921309188,2019,102200,160700,262900
70921309203,2019,82100,156000,238100
70921310010,2019,82100,136300,218400
70921310028,2019,78300,234000,312300
70921310036,2019,81000,166400,247400
70921310052,2019,73400,99600,173000
70921311018,2019,77600,234700,312300
70921311026,2019,85500,188500,274000
70921311034,2019,85500,194500,280000
70921311042,2019,85500,242600,328100
70921311050,2019,87100,280600,367700
70921311068,2019,85500,298200,383700
70921311076,2019,85500,274900,360400
70921311084,2019,85500,159700,245200
70921311092,2019,85500,223100,308600
70921311109,2019,85500,255500,341000
70921311117,2019,85500,296600,382100
70921311125,2019,85500,299800,385300
70921311133,2019,82300,321500,403800
70921311141,2019,81000,221000,302000
70921311159,2019,81000,219300,300300
70921311167,2019,81000,265300,346300
70921311175,2019,81000,385900,466900
70921311183,2019,81500,163600,245100
70921311191,2019,81000,300900,381900
70921311208,2019,81500,121700,203200
70921311216,2019,82900,232600,315500
70921311224,2019,81000,234000,315000
70921311232,2019,82100,205700,287800
70921311240,2019,73400,249900,323300
70921312016,2019,73400,216600,290000
70921312024,2019,82100,135200,217300
70921312032,2019,81000,153900,234900
70921312040,2019,81000,235100,316100
70921312058,2019,82900,229400,312300
70921312066,2019,81000,209400,290400
70921312074,2019,81000,338500,419500
70921312082,2019,81000,209400,290400
70921312090,2019,81000,194500,275500
70921312107,2019,77200,331400,408600
70921312115,2019,82900,213900,296800
70921312123,2019,82100,172200,254300
70921312131,2019,80200,235700,315900
70921312149,2019,81000,378000,459000
70921312157,2019,81000,326600,407600
70921312165,2019,78700,318400,397100
70921312173,2019,78300,271900,350200
70921312181,2019,78300,222400,300700
70921312199,2019,78300,267700,346000
70921312206,2019,78300,227900,306200
70921312214,2019,78300,229900,308200
70921312222,2019,78300,229500,307800
70921312230,2019,78300,166600,244900
70921312248,2019,68900,267100,336000
70921313014,2019,157100,110600,267700
70921313022,2019,157300,193700,351000
70921313030,2019,157300,213900,371200
70921313048,2019,159600,472400,632000
70921313056,2019,131300,183100,314400
70921313064,2019,130200,305700,435900
70921313072,2019,131000,198900,329900
70921313080,2019,120100,187700,307800
70921313098,2019,124500,170900,295400
70921313105,2019,123600,194500,318100
70921313113,2019,109200,224600,333800
70921313121,2019,108900,188700,297600
70921313139,2019,109200,283500,392700
70921313147,2019,109200,229800,339000
70921313155,2019,109200,221500,330700
70921313163,2019,109200,209800,319000
70921313171,2019,109200,207600,316800
70921313189,2019,109200,272300,381500
70921314012,2019,99600,197200,296800
70921314020,2019,104600,253000,357600
70921314038,2019,104600,229900,334500
70921314046,2019,109200,169300,278500
70921314054,2019,104600,151400,256000
70921314062,2019,136500,121900,258400
70921314070,2019,115400,157900,273300
70921314088,2019,109200,248300,357500
70921314096,2019,118400,233600,352000
70921314103,2019,125200,173600,298800
70921314111,2019,114800,190500,305300
70921314129,2019,131000,282800,413800
70921315010,2019,104600,161100,265700
70921315028,2019,105600,174700,280300
70921315036,2019,99400,165500,264900
70921315044,2019,104600,271700,376300
70921315052,2019,104600,217500,322100
70921315060,2019,114800,189200,304000
70921315078,2019,104600,138000,242600
70921315086,2019,114800,179500,294300
70921315094,2019,121300,286800,408100
70921315101,2019,109200,143200,252400
70921315119,2019,136400,104800,241200
70921315127,2019,114800,169400,284200
70921315135,2019,105200,196900,302100
70921315143,2019,114800,190100,304900
70921315151,2019,104600,152200,256800
70921315169,2019,104600,178200,282800
70921315177,2019,99600,140600,240200
70921315185,2019,104700,169900,274600
70921315193,2019,99400,165600,265000
70921316018,2019,109200,271900,381100
70921316026,2019,109200,173000,282200
70921316034,2019,109500,224400,333900
70921316042,2019,115400,143000,258400
70921316050,2019,114800,190600,305400
70921316068,2019,109200,160900,270100
70921316076,2019,109200,208200,317400
70921316084,2019,114800,133100,247900
70921316092,2019,109200,247000,356200
70921316109,2019,109200,177500,286700
70921316117,2019,118300,125500,243800
70921316125,2019,109200,252300,361500
70921316133,2019,109200,125100,234300
70921317016,2019,104600,148200,252800
70921317024,2019,123600,281600,405200
70921317032,2019,109200,302300,411500
70921317040,2019,110100,200400,310500
70921317058,2019,104600,198600,303200
70921317066,2019,104600,217300,321900
70921317074,2019,104600,191600,296200
70921317082,2019,115200,212800,328000
70921317090,2019,119900,252900,372800
70921317107,2019,109200,215900,325100
70921317115,2019,122000,149500,271500
70921317123,2019,119900,157000,276900
70921317131,2019,114800,324700,439500
70921317149,2019,113200,157300,270500
70921317199,2019,114800,214300,329100
70921317214,2019,126600,160000,286600
70921317248,2019,115400,190800,306200
70921317256,2019,114800,163300,278100
70921317264,2019,114800,136500,251300
70921318014,2019,80200,304800,385000
70921318022,2019,115400,175900,291300
70921318030,2019,115400,170200,285600
70921318048,2019,111900,140700,252600
70921318056,2019,91500,157500,249000
70921318064,2019,91500,343700,435200
70921318072,2019,91500,149000,240500
70921318080,2019,97400,205800,303200
70921318098,2019,95700,170600,266300
70921318105,2019,95700,146200,241900
70921318139,2019,78300,187300,265600
70921318147,2019,120300,141300,261600
70921318163,2019,169100,218900,388000
70921318171,2019,95700,183200,278900
70921318189,2019,95700,199500,295200
70921318204,2019,179500,268200,447700
70921318212,2019,166800,194600,361400
70921318220,2019,140600,212500,353100
70921319012,2019,82300,306700,389000
70921319020,2019,82300,212200,294500
70921319038,2019,81000,327100,408100
70921319046,2019,81500,301200,382700
70921319054,2019,81000,185600,266600
70921319062,2019,81000,208400,289400
70921319103,2019,73400,160100,233500
70921319111,2019,73400,203500,276900
70921319129,2019,73400,222400,295800
70921319137,2019,73400,217100,290500
70921319145,2019,73400,249700,323100
70921319153,2019,73400,212600,286000
70921320019,2019,126600,115200,241800
70921320027,2019,73400,187900,261300
70921320035,2019,72500,169800,242300
70921320043,2019,73400,239600,313000
70921320051,2019,85500,166600,252100
70921401025,2019,123800,328300,452100
70921401033,2019,122800,370100,492900
70921401041,2019,122800,313300,436100
70921401059,2019,123800,293800,417600
70921401067,2019,122800,282600,405400
70921401075,2019,122800,205200,328000
70921401083,2019,122800,313800,436600
70921401091,2019,123800,245700,369500
70921401108,2019,122800,329500,452300
70921401116,2019,129200,223600,352800
70921401124,2019,142900,234500,377400
70921401132,2019,142900,425900,568800
70921401140,2019,142900,446100,589000
70921401158,2019,144600,284200,428800
70921401166,2019,142900,343700,486600
70921401174,2019,142900,342700,485600
70921401182,2019,142900,268800,411700
70921401190,2019,122800,355500,478300
70921401207,2019,142900,275000,417900
70921401215,2019,142900,260100,403000
70921401223,2019,144600,386700,531300
70921401231,2019,190900,380200,571100
70921401249,2019,142900,280400,423300
70921401257,2019,109900,381200,491100
70921402015,2019,98600,180600,279200
70921402023,2019,84200,268700,352900
70921402031,2019,106800,221200,328000
70921402049,2019,122800,235900,358700
70921402057,2019,123800,290700,414500
70921402065,2019,123800,183600,307400
70921402073,2019,142900,312800,455700
70921402081,2019,142900,437100,580000
70921402099,2019,122800,314800,437600
70921402106,2019,172800,472600,645400
70921402114,2019,144600,379400,524000
70921402122,2019,142900,469900,612800
70921402130,2019,142900,359100,502000
70921402148,2019,150000,315100,465100
70921402156,2019,231100,434800,665900
70921402164,2019,122700,278600,401300
70921403013,2019,122800,134200,257000
70921403021,2019,144600,232400,377000
70921403039,2019,142900,416100,559000
70921403047,2019,142900,401600,544500
70921403055,2019,257200,448300,705500
70921403063,2019,142900,468900,611800
70921403071,2019,142900,480700,623600
70921403089,2019,235800,455800,691600
70921403097,2019,142900,419300,562200
70921403104,2019,239900,350000,589900
70921403112,2019,239900,396600,636500
70921403120,2019,180400,345500,525900
70921403138,2019,179400,387300,566700
70921403146,2019,179400,186000,365400
70921403154,2019,142900,334100,477000
70921403162,2019,142900,312600,455500
70921403170,2019,142900,312800,455700
70921403188,2019,142900,338100,481000
70921403196,2019,142900,286800,429700
70921403203,2019,144600,335700,480300
70921403211,2019,142900,387900,530800
70921403229,2019,144600,439000,583600
70921403237,2019,142900,313300,456200
70921403245,2019,142900,430000,572900
70921403253,2019,142900,359300,502200
70921403261,2019,142900,365200,508100
70921403279,2019,142900,397300,540200
70921403287,2019,144600,353600,498200
70921403295,2019,144600,493400,638000
70921403302,2019,142900,281600,424500
70921403310,2019,142900,350900,493800
70921403328,2019,142900,504500,647400
70921403336,2019,142900,289400,432300
70921403344,2019,142900,337100,480000
70921403352,2019,142900,462400,605300
70921403360,2019,142900,458300,601200
70921403378,2019,142900,184500,327400
70921403386,2019,142900,361300,504200
70921403394,2019,142900,292800,435700
70921403401,2019,142900,441100,584000
70921403419,2019,140800,368400,509200
70921403427,2019,220100,362000,582100
70921403435,2019,179400,371600,551000
70921406017,2019,142900,419500,562400
70921406025,2019,142900,477400,620300
70921406033,2019,142900,399800,542700
70921406041,2019,142900,385800,528700
70921406059,2019,142900,369600,512500
70921406067,2019,252400,348100,600500
70921406075,2019,142900,474000,616900
70921406083,2019,179200,500600,679800
70921406091,2019,316100,413300,729400
70921406108,2019,179400,509600,689000
70921406116,2019,165000,349800,514800
70921406124,2019,198800,299500,498300
70921407015,2019,142900,437000,579900
70921407023,2019,142900,300700,443600
70921407031,2019,142900,336000,478900
70921407049,2019,142900,261600,404500
70921407057,2019,142900,411100,554000
70921407065,2019,142900,312700,455600
70921407073,2019,142900,284900,427800
70921407081,2019,142900,415300,558200
70921407099,2019,142900,325900,468800
70921407106,2019,142900,415900,558800
70921407114,2019,252400,377700,630100
70921407122,2019,144600,352200,496800
70921407130,2019,142900,391800,534700
70921407148,2019,142900,535100,678000
70921407156,2019,142900,472600,615500
70921407164,2019,142900,444000,586900
70921407172,2019,142900,393900,536800
70921407180,2019,142900,499900,642800
70921407198,2019,142900,265700,408600
70921407205,2019,142900,383000,525900
70921407213,2019,142900,495100,638000
70921407221,2019,142900,312500,455400
70921407239,2019,142900,417300,560200
70921407247,2019,93900,288700,382600
70921407255,2019,129200,363200,492400
70921407263,2019,96900,323100,420000
70921408013,2019,142900,477600,620500
70921408021,2019,142900,296800,439700
70921408039,2019,142900,616300,759200
70921408047,2019,142900,278300,421200
70921408055,2019,142900,323900,466800
70921408063,2019,144600,383100,527700
70921408071,2019,142900,362300,505200
70921408089,2019,142900,505200,648100
70921408097,2019,142900,314600,457500
70921408104,2019,142900,252100,395000
70921408112,2019,142900,435000,577900
70921408120,2019,142900,388000,530900
70921408138,2019,142900,473100,616000
70921408146,2019,142900,438500,581400
70921408154,2019,142900,400600,543500
70921408162,2019,198800,532500,731300
70921408170,2019,257200,466800,724000
70921408188,2019,190900,533600,724500
70921408196,2019,142900,414400,557300
70921408203,2019,142900,219300,362200
70921408211,2019,122800,312600,435400
70921408229,2019,123800,281100,404900
70921408237,2019,122800,286200,409000
70921408245,2019,122800,341000,463800
70921408253,2019,122800,222000,344800
70921409011,2019,142900,278400,421300
70921409029,2019,142900,500500,643400
70921409037,2019,165000,542200,707200
70921409045,2019,165000,430100,595100
70921409053,2019,165000,511000,676000
70921409061,2019,179400,292300,471700
70921409079,2019,150000,302800,452800
70921409087,2019,142900,331000,473900
70921409095,2019,137400,431700,569100
70921409102,2019,150000,392800,542800
70921409110,2019,194200,463000,657200
70921409128,2019,200500,554500,755000
70921409136,2019,142900,361200,504100
70921409144,2019,142900,419500,562400
70921410018,2019,98600,347200,445800
70921410026,2019,144600,505400,650000
70921410034,2019,142900,527900,670800
70921410042,2019,142900,187200,330100
70921410050,2019,142900,320900,463800
70921410068,2019,142900,326800,469700
70921410076,2019,142900,406800,549700
70921410084,2019,137400,309100,446500
70921410092,2019,137600,363200,500800
70921410109,2019,142900,330700,473600
70921410117,2019,142900,395500,538400
70921410125,2019,119100,390900,510000
70921410133,2019,142900,345900,488800
70921410141,2019,122800,191500,314300
70921410159,2019,123800,321500,445300
70921410167,2019,188700,274800,463500
70921410175,2019,114500,298300,412800
70921411016,2019,122800,387900,510700
70921411024,2019,137200,338200,475400
70921411032,2019,137600,236900,374500
70921411040,2019,144600,337800,482400
70921411058,2019,142900,464800,607700
70921411066,2019,142900,335300,478200
70921411074,2019,142900,356000,498900
70921411082,2019,142900,405000,547900
70921411090,2019,142900,375900,518800
70921411115,2019,254700,394600,649300
70921411123,2019,142900,338300,481200
70921411131,2019,122800,496200,619000
70921411149,2019,155400,392200,547600
70921411157,2019,142900,333500,476400
70921411165,2019,114500,337300,451800
70921411173,2019,106800,351400,458200
70921411181,2019,142900,299500,442400
70921411199,2019,172800,331400,504200
70921411206,2019,151300,454200,605500
70921412014,2019,122800,387600,510400
70921412022,2019,106800,336300,443100
70921412030,2019,150000,300300,450300
70921412048,2019,150000,404200,554200
70921412056,2019,114500,266600,381100
70921412064,2019,98600,328800,427400
70921412072,2019,99800,487800,587600
70921412080,2019,106800,303100,409900
70921412098,2019,93900,291100,385000
70921412105,2019,122800,254500,377300
70921413012,2019,106800,221800,328600
70921413020,2019,150700,294200,444900
70921413038,2019,200500,387000,587500
70921413046,2019,129200,595800,725000
70921413054,2019,137600,349200,486800
70921413062,2019,137600,328500,466100
70921413070,2019,137400,487500,624900
70921413088,2019,137200,368300,505500
70921413096,2019,137400,419000,556400
70921413103,2019,137400,471000,608400
70921413111,2019,129200,502400,631600
70921413129,2019,129200,277900,407100
70921413137,2019,179200,291700,470900
70921413145,2019,137200,537400,674600
70921413153,2019,137200,265800,403000
70921413161,2019,158500,337700,496200
70921413179,2019,158500,472500,631000
70921413187,2019,158500,378700,537200
70921413195,2019,158500,361700,520200
70921413202,2019,158500,351200,509700
70921413210,2019,158500,405800,564300
70921413228,2019,93900,339300,433200
70921414010,2019,158500,374800,533300
70921414028,2019,150000,313400,463400
70921414036,2019,93900,387100,481000
70921414044,2019,122800,326600,449400
70921414052,2019,137400,428200,565600
70921414060,2019,122800,339500,462300
70921414078,2019,129200,349800,479000
70921414086,2019,137400,275500,412900
70921414094,2019,137200,404000,541200
70921414101,2019,144600,263100,407700
70921414119,2019,142900,598400,741300
70921414127,2019,114900,272300,387200
70921414135,2019,98600,294800,393400
70921414143,2019,98600,342400,441000
70921414151,2019,150000,226500,376500
70921414169,2019,142900,301400,444300
70921414177,2019,137400,285900,423300
70921414185,2019,137200,372900,510100
70921414193,2019,158500,517900,676400
70921414200,2019,150000,298000,448000
70921414218,2019,137600,309900,447500
70921414226,2019,122800,323800,446600
70921414234,2019,129200,412500,541700
70921414242,2019,122800,472700,595500
70921414250,2019,94000,341100,435100
70921415018,2019,150700,205300,356000
70921415026,2019,93900,327300,421200
70921415034,2019,94000,402600,496600
70921415042,2019,93900,537200,631100
70921415050,2019,94000,291500,385500
70921415068,2019,93900,360500,454400
70921415076,2019,94000,430500,524500
70921415084,2019,93900,563500,657400
70921415092,2019,93900,322300,416200
70921415109,2019,93900,309200,403100
70921415117,2019,129200,314400,443600
70921415125,2019,70400,262600,333000
70921416016,2019,67600,383300,450900
70921416032,2019,113300,447900,561200
70921416040,2019,99600,190200,289800
70921416058,2019,137900,225800,363700
70921416066,2019,113300,334600,447900
70921416074,2019,121400,428600,550000
70921416082,2019,121400,586200,707600
70921416090,2019,121400,336700,458100
70921416107,2019,131100,496400,627500
70921416115,2019,131100,319900,451000
70921416123,2019,130200,288500,418700
70921416131,2019,131100,308700,439800
70921416149,2019,137000,409300,546300
70921416157,2019,137000,316300,453300
70921416165,2019,134500,421800,556300
70921416173,2019,137900,316900,454800
70921416181,2019,137000,479200,616200
70921417014,2019,104500,232400,336900
70921417022,2019,113300,257600,370900
70921417030,2019,113500,496500,610000
70921417048,2019,151400,330600,482000
70921417056,2019,151400,343600,495000
70921417064,2019,151400,377800,529200
70921417072,2019,151400,320100,471500
70921417080,2019,151400,384200,535600
70921417098,2019,151400,412500,563900
70921417105,2019,151400,448800,600200
70921417113,2019,151400,312200,463600
70921417121,2019,151400,362800,514200
70921417139,2019,151400,278200,429600
70921417147,2019,151400,302000,453400
70921417155,2019,151400,345500,496900
70921417163,2019,151400,282700,434100
70921417171,2019,151400,286600,438000
70921417189,2019,138100,411200,549300
70921417197,2019,89300,290900,380200
70921417204,2019,121400,246700,368100
70921417212,2019,89300,302600,391900
70921417220,2019,99500,283000,382500
70921417238,2019,89300,292600,381900
70921417246,2019,121400,443600,565000
70921417254,2019,145800,254100,399900
70921417262,2019,174900,207800,382700
70921417270,2019,151400,314700,466100
70921417288,2019,151400,464800,616200
70921417296,2019,212600,358600,571200
70921417303,2019,212600,309400,522000
70921417311,2019,151400,303600,455000
70921417329,2019,151400,422900,574300
70921417337,2019,202400,356300,558700
70921417345,2019,205800,494200,700000
70921417353,2019,151400,269300,420700
70921417361,2019,151400,267300,418700
70921417379,2019,151400,346800,498200
70921417387,2019,151400,292200,443600
70921418012,2019,156800,236700,393500
70921418020,2019,77600,424700,502300
70921418038,2019,90000,276000,366000
70921418046,2019,96000,245200,341200
70921418054,2019,83300,267700,351000
70921418062,2019,83300,340000,423300
70921418070,2019,113300,372600,485900
70921419010,2019,80700,255900,336600
70921419028,2019,88900,306700,395600
70921419036,2019,101200,254700,355900
70921419044,2019,117200,347800,465000
70921419052,2019,117900,354100,472000
70921419060,2019,117900,409700,527600
70921419078,2019,117900,187800,305700
70921419086,2019,117200,365300,482500
70921419094,2019,131700,344600,476300
70921419101,2019,137300,233500,370800
70921419119,2019,131700,373300,505000
70921419127,2019,109100,288400,397500
70921419135,2019,109100,300000,409100
70921419143,2019,123600,285600,409200
70921419151,2019,123600,341400,465000
70921419169,2019,137300,253400,390700
70921419185,2019,131700,330000,461700
70921419193,2019,143300,451700,595000
70921419200,2019,130200,427100,557300
70921419218,2019,117900,352100,470000
70921419226,2019,109300,185600,294900
70921419234,2019,101200,305500,406700
70921419242,2019,95700,319400,415100
70921419250,2019,101000,331100,432100
70921419268,2019,101000,302900,403900
70921419276,2019,101000,299000,400000
70921419284,2019,80700,222200,302900
70921419292,2019,80700,260700,341400
70921419309,2019,124500,322000,446500
70921419317,2019,88900,293700,382600
70921419325,2019,80700,283800,364500
70921419333,2019,88900,288100,377000
70921420017,2019,101000,401800,502800
70921420025,2019,89000,290900,379900
70921420033,2019,109100,231100,340200
70921420041,2019,109100,340800,449900
70921420059,2019,101200,305700,406900
70921420067,2019,109300,344200,453500
70921420075,2019,109100,349800,458900
70921420083,2019,101000,428100,529100
70921420091,2019,101200,371800,473000
70921420108,2019,109300,299900,409200
70921421015,2019,107000,301200,408200
70921421023,2019,129200,319400,448600
70921421031,2019,130300,322300,452600
70921421049,2019,114900,360400,475300
70921421057,2019,98600,315100,413700
70921421065,2019,106800,337900,444700
70921421073,2019,106800,377700,484500
70921421081,2019,142900,416600,559500
70921421099,2019,316100,482300,798400
70922107169,2019,185200,211800,397000
70922110039,2019,137800,286200,424000
70922111061,2019,106000,277200,383200
70922111079,2019,92000,259100,351100
70922111087,2019,95800,252400,348200
70922111095,2019,95800,248700,344500
70922111110,2019,95800,244900,340700
70922111128,2019,95800,212200,308000
70922117168,2019,0,0,0
70922202018,2019,111300,286500,397800
70922202034,2019,111300,257700,369000
70922202092,2019,114700,204400,319100
70922203074,2019,122800,129500,252300
70922206094,2019,117700,207800,325500
70922206101,2019,117700,370600,488300
70922206119,2019,117700,359100,476800
70922206143,2019,139200,165900,305100
70922206177,2019,108900,209500,318400
70922206185,2019,108700,149300,258000
70922207050,2019,117700,274000,391700
70922207068,2019,117700,251100,368800
70922207092,2019,142100,336500,478600
70922207117,2019,147800,323400,471200
70922207159,2019,134600,273700,408300
70922207167,2019,135000,166000,301000
70922208082,2019,106600,308400,415000
70922208107,2019,135000,244800,379800
70922208123,2019,117700,410200,527900
70922208131,2019,117700,360800,478500
70922208149,2019,117700,272500,390200
70922209048,2019,138100,379600,517700
70922210045,2019,139500,501600,641100
70922210053,2019,139900,394000,533900
70922210061,2019,139900,501000,640900
70922210079,2019,139500,645800,785300
70922210087,2019,139900,440200,580100
70922210095,2019,0,0,0
70922211051,2019,133000,358400,491400
70922211069,2019,133000,492600,625600
70922211077,2019,133000,636000,769000
70922211085,2019,133000,431200,564200
70922211093,2019,133000,508500,641500
70922211100,2019,133000,402500,535500
70922211118,2019,133000,301800,434800
70922211126,2019,133000,386000,519000
70922212017,2019,224300,780100,1004400
70922212025,2019,167300,584100,751400
70922212033,2019,203900,768100,972000
70922212041,2019,233500,817300,1050800
70922212059,2019,161700,442100,603800
70922212067,2019,157900,563700,721600
70922212075,2019,167300,596300,763600
70922212083,2019,179200,378100,557300
70922212091,2019,182600,526000,708600
70922212108,2019,243700,742300,986000
70922212116,2019,188900,641600,830500
70922212124,2019,202100,611700,813800
70922212132,2019,198300,665700,864000
70922212140,2019,200400,676900,877300
70922212158,2019,247600,847500,1095100
70922212166,2019,228800,444200,673000
70922213015,2019,156600,578700,735300
70922213023,2019,144600,233400,378000
70922213031,2019,146500,405400,551900
70922213049,2019,179700,548000,727700
70922213057,2019,207800,562200,770000
70922213065,2019,203500,382800,586300
70922213073,2019,195900,664900,860800
70922213081,2019,195900,562700,758600
70922213099,2019,267300,662100,929400
70922214013,2019,140500,331900,472400
70922214021,2019,114300,192000,306300
70922214039,2019,149300,566300,715600
70922214047,2019,147900,293100,441000
70922214055,2019,143300,200800,344100
70922214063,2019,167200,322200,489400
70922214071,2019,208800,526200,735000
70922214089,2019,195900,543000,738900
70922214097,2019,242300,347500,589800
70922214104,2019,262500,517500,780000
70922214112,2019,224100,589400,813500
70922214120,2019,250300,753800,1004100
70922214138,2019,215700,500800,716500
70922214146,2019,208100,542500,750600
70922215011,2019,157900,257000,414900
70922215029,2019,157900,239000,396900
70922215037,2019,167300,385600,552900
70922215045,2019,167300,320100,487400
70922215053,2019,247600,508000,755600
70922215061,2019,193900,397100,591000
70922215079,2019,193900,514900,708800
70922215087,2019,193900,505800,699700
70922215095,2019,186600,498200,684800
70922215102,2019,181700,630300,812000
70922215110,2019,153400,375100,528500
70922216019,2019,133200,262200,395400
70922216027,2019,148300,260500,408800
70922216035,2019,140500,282700,423200
70922216043,2019,140500,277700,418200
70922216051,2019,167300,406800,574100
70922216069,2019,167300,352500,519800
70922216077,2019,148300,269900,418200
70922216085,2019,148300,361400,509700
70922216093,2019,148300,218500,366800
70922216100,2019,167300,279100,446400
70922216118,2019,133000,211000,344000
70922216126,2019,130700,256800,387500
70922216134,2019,139800,252700,392500
70922216142,2019,153400,325600,479000
70922216150,2019,193900,658700,852600
70922216168,2019,193900,508500,702400
70922216176,2019,193900,326100,520000
70922216184,2019,193900,324600,518500
70922216192,2019,193900,501200,695100
70922216209,2019,193900,622800,816700
70922216217,2019,193900,526100,720000
70922216225,2019,193900,426100,620000
70922216233,2019,193900,321900,515800
70922216241,2019,193900,381000,574900
70922216259,2019,151500,290400,441900
70922217017,2019,177100,334900,512000
70922217025,2019,179200,456100,635300
70922217033,2019,193900,425300,619200
70922217041,2019,154400,273300,427700
70922217059,2019,158400,344800,503200
70922217067,2019,158400,397100,555500
70922217075,2019,158400,414100,572500
70922217091,2019,259900,648300,908200
70922217108,2019,309100,608400,917500
70922217116,2019,199400,466600,666000
70922217124,2019,205100,413000,618100
70922217132,2019,179100,354400,533500
70922218015,2019,186600,467100,653700
70922218023,2019,175800,365200,541000
70922218031,2019,222800,478600,701400
70922218049,2019,191000,381400,572400
70922218057,2019,189400,572900,762300
70922218065,2019,191500,372700,564200
70922218073,2019,193700,386500,580200
70922218081,2019,196100,585200,781300
70922218099,2019,181900,298100,480000
70922218106,2019,187300,471100,658400
70922219013,2019,212100,623200,835300
70922219021,2019,250400,732400,982800
70922219039,2019,305700,542100,847800
70922219055,2019,249700,609700,859400
70922219071,2019,245500,367800,613300
70922219089,2019,239400,615500,854900
70922219097,2019,233100,436800,669900
70922219104,2019,225800,555900,781700
70922219112,2019,205100,466600,671700
70922219120,2019,283700,877700,1161400
70922220010,2019,209900,473100,683000
70922220028,2019,225900,537700,763600
70922220036,2019,267000,452000,719000
70922220044,2019,199600,333500,533100
70922220052,2019,278500,601500,880000
70922220060,2019,259700,414300,674000
70922220078,2019,244800,484200,729000
70922220094,2019,209500,324700,534200
70922220101,2019,136200,361500,497700
70922220119,2019,138000,336600,474600
70922221018,2019,189600,273200,462800
70922221026,2019,197500,382300,579800
70922221034,2019,230900,417300,648200
70922221042,2019,176900,337600,514500
70922221050,2019,158600,303300,461900
70922221068,2019,157200,568900,726100
70922221084,2019,175900,415800,591700
70922221092,2019,175900,310600,486500
70922221109,2019,175900,494300,670200
70922221117,2019,175900,409300,585200
70922221125,2019,167300,296800,464100
70922221167,2019,168200,326100,494300
70922222016,2019,133000,738000,871000
70922222032,2019,116400,356500,472900
70922222040,2019,116400,204500,320900
70922222058,2019,116400,324600,441000
70922222066,2019,115400,271900,387300
70922223022,2019,116400,346700,463100
70922223030,2019,115400,274000,389400
70922223048,2019,117500,322500,440000
70922223098,2019,117500,241800,359300
70922223163,2019,108900,287700,396600
70922224012,2019,175900,514600,690500
70922224020,2019,160500,257400,417900
70922224038,2019,163900,433800,597700
70922224046,2019,161900,460600,622500
70922224054,2019,143200,411000,554200
70922224062,2019,143200,276800,420000
70922224070,2019,143200,221500,364700
70922224137,2019,157900,488900,646800
70922224179,2019,167300,319400,486700
70922224187,2019,167300,515800,683100
70922224195,2019,175900,326900,502800
70922225010,2019,235800,505500,741300
70922225036,2019,214600,530600,745200
70922225044,2019,217000,508000,725000
70922225052,2019,254700,432200,686900
70922225060,2019,169500,530300,699800
70922225078,2019,186600,589300,775900
70922225086,2019,194400,343200,537600
70922225094,2019,185300,261000,446300
70922225101,2019,200900,379300,580200
70922225119,2019,209900,666300,876200
70922225127,2019,209900,465500,675400
70922225135,2019,167300,559400,726700
70922225143,2019,167300,652000,819300
70922225151,2019,181500,479200,660700
70922225169,2019,181500,408500,590000
70922225177,2019,172000,330200,502200
70922225185,2019,149300,234000,383300
70922225193,2019,144300,289800,434100
70922225200,2019,195000,384000,579000
70922226018,2019,229400,567700,797100
70922226026,2019,291500,649100,940600
70922226034,2019,263300,531900,795200
70922226042,2019,243200,810700,1053900
70922226050,2019,284700,519000,803700
70922226068,2019,293000,780400,1073400
70922226076,2019,241500,570600,812100
70922226084,2019,225800,641300,867100
70922226092,2019,193900,426000,619900
70922226109,2019,177200,568900,746100
70922226117,2019,217000,475400,692400
70922226125,2019,225800,504300,730100
70922226133,2019,217700,140900,358600
70922226141,2019,215700,383300,599000
70922226159,2019,225900,589500,815400
70922226167,2019,215700,704300,920000
70922227016,2019,207000,582500,789500
70922227024,2019,218900,664500,883400
70922227032,2019,214600,639000,853600
70922227040,2019,213000,543000,756000
70922227058,2019,215400,417200,632600
70922227066,2019,211600,682600,894200
70922227074,2019,211600,478400,690000
70922227082,2019,205200,411800,617000
70922227090,2019,213000,540100,753100
70922228014,2019,238700,616700,855400
70922228022,2019,149800,91700,241500
70922228030,2019,235800,614200,850000
70922229012,2019,161300,488700,650000
70922229020,2019,205100,328100,533200
70922229038,2019,230800,476400,707200
70922229046,2019,230800,413100,643900
70922229054,2019,230800,657500,888300
70922229062,2019,225100,510800,735900
70922229070,2019,185900,853100,1039000
70922229088,2019,179800,503000,682800
70922229096,2019,195900,454600,650500
70922229103,2019,197500,544700,742200
70922229111,2019,193900,426700,620600
70922229129,2019,224400,430600,655000
70922229145,2019,249500,548400,797900
70922229153,2019,193900,556100,750000
70922229161,2019,193900,404300,598200
70922229179,2019,193900,399700,593600
70922229187,2019,196200,444900,641100
70922230019,2019,216800,826500,1043300
70922230027,2019,206100,556600,762700
70922230035,2019,187300,492700,680000
70922230051,2019,224000,455400,679400
70922230069,2019,211600,453100,664700
70922230093,2019,243400,479100,722500
70922230100,2019,247100,350500,597600
70922230118,2019,295200,609300,904500
70922230126,2019,235300,602300,837600
70922230142,2019,264200,625500,889700
70922230150,2019,202400,487000,689400
70922230168,2019,241600,542400,784000
70922231017,2019,148300,353900,502200
70922231025,2019,167300,254900,422200
70922231033,2019,157900,391600,549500
70922231041,2019,176900,515100,692000
70922231059,2019,182600,365200,547800
70922231067,2019,182600,356200,538800
70922231075,2019,182600,524900,707500
70922231083,2019,182600,491500,674100
70922231091,2019,182600,440600,623200
70922231116,2019,181900,539000,720900
70922231124,2019,151400,578600,730000
70922231132,2019,149300,335700,485000
70922231140,2019,152800,397000,549800
70922231158,2019,144700,335400,480100
70922231166,2019,158400,536600,695000
70922231174,2019,158400,380000,538400
70922231182,2019,158400,352400,510800
70922231190,2019,158400,433800,592200
70922231207,2019,122200,359300,481500
70922231215,2019,185300,892500,1077800
70922232049,2019,167300,378700,546000
70922232065,2019,205200,346100,551300
70922232073,2019,140500,314700,455200
70922232081,2019,140500,318400,458900
70922232099,2019,144700,331600,476300
70922232106,2019,149800,371500,521300
70922232114,2019,148300,391800,540100
70922232122,2019,126900,300800,427700
70922232130,2019,134700,305300,440000
70922232148,2019,141800,283500,425300
70922232156,2019,191400,506800,698200
70922232164,2019,191400,228600,420000
70922232172,2019,166200,299200,465400
70922233021,2019,108500,238100,346600
70922233039,2019,108500,347800,456300
70922233047,2019,108500,300000,408500
70922233055,2019,110900,208000,318900
70922233063,2019,115200,235300,350500
70922233071,2019,115400,331100,446500
70922233097,2019,119400,224000,343400
70922233104,2019,116400,240900,357300
70922233120,2019,115400,217900,333300
70922233138,2019,115400,294300,409700
70922234011,2019,140800,233000,373800
70922234029,2019,158400,227400,385800
70922234037,2019,136100,248300,384400
70922234045,2019,136100,289300,425400
70922234053,2019,136100,329400,465500
70922234061,2019,151400,455900,607300
70922234079,2019,151400,391100,542500
70922234087,2019,151400,344200,495600
70922234102,2019,134700,370200,504900
70922234110,2019,134700,495300,630000
70922234152,2019,125900,293100,419000
70922234178,2019,0,0,0
70922234186,2019,125900,243300,369200
70922234194,2019,120800,304200,425000
70922236017,2019,334500,357600,692100
70922236033,2019,175900,464600,640500
70922236041,2019,175900,406300,582200
70922236059,2019,211600,523700,735300
70922236067,2019,247100,446800,693900
70922236075,2019,247100,556900,804000
70922236083,2019,211600,447300,658900
70922236091,2019,211600,545400,757000
70922236108,2019,211600,469600,681200
70922236116,2019,205200,846700,1051900
70922236124,2019,191400,381700,573100
70922236132,2019,162100,569800,731900
70922236140,2019,170200,316200,486400
70922236158,2019,182600,393400,576000
70922236166,2019,172000,405500,577500
70922236174,2019,198800,540800,739600
70922237015,2019,241100,982000,1223100
70922237023,2019,234800,712400,947200
70922237031,2019,227300,409500,636800
70922237049,2019,196200,544000,740200
70922237057,2019,196200,482800,679000
70922237065,2019,196200,551200,747400
70922237073,2019,196200,497700,693900
70922237081,2019,196200,466800,663000
70922237099,2019,196200,407700,603900
70922237106,2019,179700,430700,610400
70922237164,2019,134500,248800,383300
70922237172,2019,124600,245300,369900
70922237180,2019,128700,166100,294800
70922237198,2019,118500,275500,394000
70922237205,2019,117900,361600,479500
70922237213,2019,134500,156100,290600
70922237221,2019,134500,474500,609000
70922301018,2019,79000,199700,278700
70922301026,2019,94100,234000,328100
70922301042,2019,111300,250200,361500
70922301068,2019,141100,267900,409000
70922301076,2019,111300,195500,306800
70922301084,2019,147500,151700,299200
70922301092,2019,141600,282200,423800
70922301109,2019,117600,292800,410400
70922301117,2019,117600,320000,437600
70922301125,2019,117600,340000,457600
70922301133,2019,125100,263600,388700
70922301141,2019,125100,274900,400000
70922301159,2019,117600,312400,430000
70922301167,2019,167900,412900,580800
70922302016,2019,87400,279700,367100
70922302024,2019,96200,309100,405300
70922302032,2019,97000,305400,402400
70922302040,2019,96200,331800,428000
70922302058,2019,97000,358900,455900
70922302066,2019,96900,275000,371900
70922302090,2019,147800,368200,516000
70922302107,2019,141600,414600,556200
70922302115,2019,141600,334400,476000
70922302123,2019,108900,332100,441000
70922302131,2019,108900,354400,463300
70922302149,2019,101800,288200,390000
70922302157,2019,96200,361300,457500
70922302165,2019,101200,350700,451900
70922302173,2019,134000,315900,449900
70922302181,2019,101800,379200,481000
70922302199,2019,96200,303200,399400
70922303014,2019,0,0,0
70922303022,2019,118200,316500,434700
70922303030,2019,118200,203100,321300
70922303048,2019,118200,416500,534700
70922303056,2019,118200,412700,530900
70922303064,2019,117600,261600,379200
70922303072,2019,122800,424200,547000
70922303080,2019,147800,350200,498000
70922303098,2019,203200,436600,639800
70922303105,2019,143600,231200,374800
70922303113,2019,125100,275500,400600
70922303121,2019,187200,293100,480300
70922303139,2019,141600,219100,360700
70922303147,2019,141600,348600,490200
70922303155,2019,141600,318300,459900
70922303163,2019,141500,345300,486800
70922303171,2019,172500,516500,689000
70922303189,2019,117600,274600,392200
70922303197,2019,226100,330600,556700
70922304012,2019,117600,312400,430000
70922304020,2019,118200,194400,312600
70922304038,2019,179400,187200,366600
70922304046,2019,85200,331800,417000
70922304054,2019,87400,284900,372300
70922304062,2019,117600,235300,352900
70922304070,2019,117600,290500,408100
70922304088,2019,117600,222800,340400
70922304111,2019,141500,390500,532000
70922304129,2019,165000,322700,487700
70922304137,2019,141600,270100,411700
70922304145,2019,141600,358000,499600
70922304161,2019,237100,363200,600300
70922304179,2019,141600,225200,366800
70922304187,2019,141600,307100,448700
70922304195,2019,141600,253400,395000
70922304202,2019,141500,613500,755000
70922304210,2019,125100,380900,506000
70922304228,2019,125100,405800,530900
70922304236,2019,78400,399100,477500
70922304244,2019,262300,375700,638000
70922305010,2019,170600,499500,670100
70922305028,2019,141600,363900,505500
70922305044,2019,141600,265900,407500
70922305052,2019,117600,369500,487100
70922305060,2019,80100,292700,372800
70922306018,2019,141600,300800,442400
70922306026,2019,141600,401900,543500
70922306034,2019,141600,375000,516600
70922306042,2019,141600,285000,426600
70922306050,2019,111300,252700,364000
70922306068,2019,96200,239000,335200
70922306076,2019,102600,238900,341500
70922306084,2019,101200,453300,554500
70922307016,2019,111300,367600,478900
70922307024,2019,80100,347800,427900
70922307032,2019,78400,426000,504400
70922307040,2019,97000,196600,293600
70922307058,2019,97000,347900,444900
70922307066,2019,102300,364000,466300
70922307074,2019,101200,487800,589000
70922307082,2019,108900,397100,506000
70922307090,2019,155400,510700,666100
70922307107,2019,132400,390400,522800
70922307115,2019,194200,480800,675000
70922307123,2019,108900,279200,388100
70922307131,2019,141600,359200,500800
70922308014,2019,108900,294800,403700
70922308022,2019,108900,272200,381100
70922308030,2019,108900,238600,347500
70922309012,2019,125100,278500,403600
70922309020,2019,125100,257800,382900
70922309038,2019,126000,276500,402500
70922309137,2019,147800,328200,476000
70922310019,2019,156600,398300,554900
70922310027,2019,132600,387400,520000
70922310035,2019,102900,368500,471400
70922310043,2019,115400,357000,472400
70922310051,2019,133600,345800,479400
70922310069,2019,150200,437500,587700
70922310077,2019,117900,441200,559100
70922310085,2019,124700,303600,428300
70922310093,2019,150200,296400,446600
70922310100,2019,156600,449100,605700
70922311017,2019,152700,530800,683500
70922311025,2019,132400,500300,632700
70922311033,2019,124200,362400,486600
70922311041,2019,117600,369600,487200
70922311059,2019,111300,308200,419500
70922311067,2019,108900,254500,363400
70922311075,2019,117600,268900,386500
70922312015,2019,72400,328000,400400
70922312023,2019,79000,388700,467700
70922312031,2019,85200,255900,341100
70922312049,2019,65000,282400,347400
70922312057,2019,63800,268400,332200
70922312065,2019,64100,314900,379000
70922312073,2019,63800,241200,305000
70922312081,2019,78400,221000,299400
70922312099,2019,101200,273800,375000
70922312106,2019,108900,271500,380400
70922312122,2019,105400,276100,381500
70922312130,2019,101800,375000,476800
70922313013,2019,96900,201300,298200
70922313021,2019,101800,370000,471800
70922313039,2019,117600,311200,428800
70922313047,2019,117600,296600,414200
70922313055,2019,117600,297300,414900
70922313063,2019,117600,460100,577700
70922313071,2019,117600,292500,410100
70922313089,2019,117600,305100,422700
70922313097,2019,117600,403000,520600
70922313104,2019,108900,332500,441400
70922313112,2019,108900,344200,453100
70922313120,2019,125200,534200,659400
70922313138,2019,101200,424500,525700
70922313146,2019,125100,546800,671900
70922314011,2019,159000,336800,495800
70922314029,2019,137000,459300,596300
70922314037,2019,136000,296500,432500
70922314045,2019,130200,389900,520100
70922314053,2019,130200,394100,524300
70922314061,2019,131100,353900,485000
70922314079,2019,121400,399800,521200
70922314087,2019,113300,319200,432500
70922314095,2019,113300,316300,429600
70922314102,2019,121400,389800,511200
70922314110,2019,91100,321800,412900
70922315019,2019,105900,367000,472900
70922315027,2019,159000,303300,462300
70922315035,2019,159000,301900,460900
70922315043,2019,131100,482300,613400
70922315051,2019,130200,389500,519700
70922315069,2019,130200,305900,436100
70922315077,2019,151400,249000,400400
70922315085,2019,145600,424200,569800
70922315093,2019,145600,343400,489000
70922315100,2019,136000,341400,477400
70922315118,2019,130200,402400,532600
70922315126,2019,121400,334100,455500
70922316017,2019,92600,362900,455500
70922316025,2019,91400,419000,510400
70922316033,2019,91400,320100,411500
70922316067,2019,125300,361300,486600
70922316075,2019,115400,373000,488400
70922316083,2019,115400,289800,405200
70922316091,2019,115400,400400,515800
70922316108,2019,140300,296700,437000
70922316116,2019,125100,342400,467500
70922316124,2019,108900,419400,528300
70922316132,2019,96200,266400,362600
70922316140,2019,96200,185500,281700
70922316158,2019,94700,305300,400000
70922317122,2019,106300,273400,379700
70922317130,2019,106300,327100,433400
70922317148,2019,171200,308200,479400
70922317172,2019,151400,385400,536800
70922319011,2019,130200,426800,557000
70922319029,2019,121400,396200,517600
70922319037,2019,137000,245000,382000
70922319045,2019,121400,343500,464900
70922319053,2019,121400,395600,517000
70922319061,2019,121400,380300,501700
70922319079,2019,130200,294600,424800
70922319087,2019,121400,245600,367000
70922319095,2019,104500,493000,597500
70922319102,2019,104500,424700,529200
70922319110,2019,104500,399300,503800
70922319128,2019,145600,400300,545900
70922319136,2019,145400,442200,587600
70922319144,2019,145800,346200,492000
70922319152,2019,145600,380800,526400
70922319160,2019,145400,485400,630800
70922319178,2019,145600,466600,612200
70922319186,2019,146700,306600,453300
70922319194,2019,145600,385900,531500
70922319201,2019,145400,349200,494600
70922319219,2019,99500,255500,355000
70922320018,2019,130200,342600,472800
70922320026,2019,151400,348300,499700
70922320034,2019,151400,308600,460000
70922320042,2019,151400,358900,510300
70922320050,2019,151400,350300,501700
70922320068,2019,151400,491300,642700
70922320076,2019,153200,271800,425000
70922320084,2019,151400,375600,527000
70922320092,2019,151400,311100,462500
70922320109,2019,159000,380000,539000
70922320117,2019,137000,503300,640300
70922320125,2019,145800,353100,498900
70922320133,2019,113500,531300,644800
70922320141,2019,113500,326200,439700
70922320159,2019,190200,289800,480000
70922320167,2019,151400,449300,600700
70922320175,2019,228200,342700,570900
70922320191,2019,121400,289400,410800
70922320208,2019,121400,346300,467700
70922320216,2019,121800,394500,516300
70922320224,2019,121800,305800,427600
70922320232,2019,121400,337300,458700
70922320240,2019,121400,330200,451600
70922320258,2019,121800,387100,508900
70922320266,2019,121400,302500,423900
70922320274,2019,121800,362600,484400
70922320282,2019,121400,225200,346600
70922320290,2019,121400,383000,504400
70922320307,2019,99500,455500,555000
70922320315,2019,121800,325800,447600
70922320323,2019,104500,312900,417400
70922320331,2019,104500,406100,510600
70922321016,2019,151400,436900,588300
70922321024,2019,151300,324000,475300
70922321032,2019,151400,275300,426700
70922321040,2019,151400,434700,586100
70922321058,2019,153200,343500,496700
70922321066,2019,151400,464200,615600
70922321074,2019,228200,510900,739100
70922321082,2019,205800,317800,523600
70922321090,2019,151400,275500,426900
70922321107,2019,151400,293800,445200
70922321115,2019,130200,319100,449300
70922321123,2019,130200,293000,423200
70922321131,2019,130200,247100,377300
70922321149,2019,121400,403600,525000
70922321157,2019,113300,491900,605200
70922321165,2019,113300,411000,524300
70922321173,2019,146700,399000,545700
70922321181,2019,145800,372700,518500
70922321199,2019,145600,344600,490200
70922321206,2019,145600,401100,546700
70922321214,2019,145600,404400,550000
70922321230,2019,145400,443900,589300
70922321256,2019,145600,530400,676000
70922321264,2019,145800,176200,322000
70922321272,2019,145600,450700,596300
70922321280,2019,145800,349600,495400
70922321298,2019,151400,407200,558600
70922322014,2019,137000,324600,461600
70922322022,2019,159700,356200,515900
70922322030,2019,131100,295300,426400
70922322048,2019,146700,312100,458800
70922322056,2019,221100,340100,561200
70922322064,2019,198300,323600,521900
70922322072,2019,146700,349900,496600
70922322080,2019,145400,512700,658100
70922322105,2019,80100,192400,272500
70922323096,2019,93900,226100,320000
70922323103,2019,127300,374200,501500
70922323145,2019,178100,471900,650000
70922324010,2019,137300,375900,513200
70922324028,2019,152800,452200,605000
70922324036,2019,171200,590300,761500
70922324052,2019,127800,287700,415500
70922324060,2019,149400,407900,557300
70922324078,2019,149400,478100,627500
70922324101,2019,171200,410100,581300
70922324119,2019,171200,483600,654800
70922324127,2019,171200,248800,420000
70922325018,2019,178100,545200,723300
70922325026,2019,178100,436900,615000
70922325034,2019,178100,474900,653000
70922325042,2019,167100,310200,477300
70922325050,2019,132900,502800,635700
70922325068,2019,139800,325200,465000
70922325076,2019,137300,371700,509000
70922325084,2019,110800,409100,519900
70922325092,2019,110800,278200,389000
70922325117,2019,178100,609600,787700
70922325125,2019,178100,605100,783200
70922325133,2019,178100,596400,774500
70922325141,2019,178100,420500,598600
70922326115,2019,183200,573600,756800
70922326149,2019,206400,432200,638600
70922327014,2019,89300,429900,519200
70922327022,2019,221500,276900,498400
70922327030,2019,145600,450300,595900
70922327048,2019,145600,437400,583000
70922327056,2019,145600,438700,584300
70922327064,2019,145400,429600,575000
70922327072,2019,212600,393700,606300
70922327080,2019,210800,429200,640000
70922327098,2019,121400,388500,509900
70922327105,2019,121400,493700,615100
70922327113,2019,121400,302200,423600
70922327121,2019,113300,445700,559000
70922327139,2019,121800,458000,579800
70922327147,2019,135300,295500,430800
70922327155,2019,102900,257100,360000
70922327163,2019,168000,310200,478200
70922327171,2019,153200,234300,387500
70922327189,2019,159700,271700,431400
70922327197,2019,151400,358000,509400
70922327204,2019,99500,274200,373700
70922327212,2019,99500,313900,413400
70922327220,2019,130200,278400,408600
70922327246,2019,131100,243300,374400
70922327254,2019,131100,219500,350600
70922327262,2019,134400,316100,450500
70922327270,2019,130200,245100,375300
70922327288,2019,130100,460800,590900
70922327296,2019,130100,495000,625100
70922328012,2019,102100,287900,390000
70922328020,2019,111400,230200,341600
70922328054,2019,168300,238700,407000
70922328070,2019,126900,174100,301000
70922328088,2019,127300,276700,404000
70922328096,2019,117200,317800,435000
70922328103,2019,110500,474800,585300
70922328129,2019,183200,236900,420100
70922328137,2019,183200,591900,775100
70922328145,2019,183200,597200,780400
70922329036,2019,136900,543800,680700
70922329052,2019,183200,503700,686900
70922329078,2019,114100,356600,470700
70922329086,2019,183200,195200,378400
70922329094,2019,183200,623000,806200
70922329101,2019,183200,447200,630400
70922329119,2019,183200,309500,492700
70922329127,2019,183200,659800,843000
70922329135,2019,136900,532700,669600
70922329143,2019,218200,576100,794300
70922330025,2019,178100,535300,713400
70922330033,2019,178100,611700,789800
70922330041,2019,178100,617500,795600
70922330059,2019,178100,216800,394900
70922330067,2019,102800,203200,306000
70922330075,2019,102800,317000,419800
70922330083,2019,102800,343000,445800
70922330091,2019,132900,356100,489000
70922330108,2019,178100,896900,1075000
70922330116,2019,178100,721900,900000
70922330124,2019,142800,623400,766200
70922330132,2019,212900,657000,869900
70922331015,2019,189500,305500,495000
70922331023,2019,178100,723600,901700
70922331031,2019,178100,329900,508000
70922331049,2019,178100,494300,672400
70922331057,2019,178100,543700,721800
70922331065,2019,143900,401100,545000
70922331073,2019,127300,442700,570000
70922331081,2019,127300,602000,729300
70922331099,2019,205900,529100,735000
70922331106,2019,185900,564100,750000
70922331114,2019,195700,559300,755000
70922331122,2019,195700,420100,615800
70922331130,2019,183500,585600,769100
70922332013,2019,183200,539900,723100
70922332021,2019,183200,567800,751000
70922332039,2019,136900,271100,408000
70922332047,2019,224000,391000,615000
70922332055,2019,183200,551800,735000
70922332063,2019,183200,639000,822200
70922332071,2019,183200,405600,588800
70922332089,2019,200000,313500,513500
70922332097,2019,183200,365800,549000
70922332104,2019,183200,476000,659200
70922332112,2019,183200,434000,617200
70922332120,2019,140800,628900,769700
70922333011,2019,114100,313400,427500
70922333029,2019,114100,334900,449000
70922333037,2019,183200,407000,590200
70922333045,2019,183200,797200,980400
70922333053,2019,183200,435600,618800
70922333061,2019,159900,542100,702000
70922333079,2019,139200,550500,689700
70922333087,2019,111600,431000,542600
70922333095,2019,183200,406100,589300
70922333102,2019,183200,366300,549500
70922333110,2019,183200,379000,562200
70922333128,2019,195200,560500,755700
70922333136,2019,171900,441000,612900
70922334019,2019,131900,262500,394400
70922334027,2019,134800,307600,442400
70922334035,2019,134800,253600,388400
70922334043,2019,134800,250200,385000
70922334051,2019,181900,183400,365300
70922334069,2019,0,0,0
70922334077,2019,136900,301900,438800
70922334085,2019,136900,228100,365000
70922334093,2019,136900,501900,638800
70922334118,2019,183200,116700,299900
70922334126,2019,183200,378900,562100
70922335017,2019,151400,353600,505000
70922335025,2019,151400,380200,531600
70922335033,2019,151400,453600,605000
70922335041,2019,153200,364600,517800
70922335059,2019,151400,313600,465000
70922335067,2019,151400,316700,468100
70922335075,2019,151400,464800,616200
70922335083,2019,153200,268900,422100
70922335091,2019,151400,227100,378500
70922335108,2019,151400,397800,549200
70922335116,2019,151400,125600,277000
70922335124,2019,153200,436400,589600
70922335132,2019,153200,364200,517400
70922335140,2019,151400,228100,379500
70922335158,2019,104500,365700,470200
70922335166,2019,121400,316100,437500
70922335174,2019,104500,333800,438300
70922335182,2019,159000,470800,629800
70922335190,2019,130200,293000,423200
70922335207,2019,145800,417800,563600
70922335215,2019,145600,343500,489100
70922335223,2019,145800,571800,717600
70922335231,2019,145600,370100,515700
70922335249,2019,145400,348600,494000
70922335257,2019,151400,356400,507800
70922335265,2019,136000,361200,497200
70922335273,2019,125400,376900,502300
70922335281,2019,145800,411000,556800
70922335299,2019,145800,468400,614200
70922335306,2019,145600,504400,650000
70922335314,2019,145600,381400,527000
70922335322,2019,145600,287400,433000
70922335330,2019,145600,399500,545100
70922336015,2019,159000,454500,613500
70922336023,2019,131100,396900,528000
70922336031,2019,145800,422400,568200
70922336049,2019,145600,376500,522100
70922336057,2019,145800,298700,444500
70922336065,2019,145800,342600,488400
70922336073,2019,145600,401400,547000
70922336081,2019,145600,403200,548800
70922336099,2019,146700,488300,635000
70922336106,2019,148700,306800,455500
70922336114,2019,145400,346200,491600
70922336122,2019,146700,229300,376000
70922336130,2019,145600,310600,456200
70922336148,2019,145600,344900,490500
70922336156,2019,146700,482500,629200
70922336164,2019,145400,239300,384700
70922336172,2019,130200,244900,375100
70922336180,2019,130200,244000,374200
70922336198,2019,131100,279600,410700
70922336205,2019,131100,239800,370900
70922336213,2019,130200,298000,428200
70922336221,2019,130200,255600,385800
70922336239,2019,130200,180800,311000
70922336247,2019,130200,207500,337700
70922336255,2019,130200,242600,372800
70922336263,2019,130200,340500,470700
70922336271,2019,130200,284800,415000
70922336289,2019,130200,185300,315500
70922336297,2019,130200,144400,274600
70922336304,2019,131100,277800,408900
70922336312,2019,159000,392000,551000
70922336320,2019,145600,364000,509600
70922337021,2019,178500,603800,782300
70922337039,2019,159900,536400,696300
70922337047,2019,183200,538900,722100
70922337063,2019,224000,564000,788000
70922337071,2019,183200,501700,684900
70922337089,2019,183200,511100,694300
70922337097,2019,183200,280800,464000
70922337104,2019,183200,506800,690000
70922337112,2019,183200,585200,768400
70922338011,2019,205700,1094300,1300000
70922338029,2019,159900,601400,761300
70922338037,2019,0,0,0
70922338045,2019,183200,462800,646000
70922338053,2019,159900,541600,701500
70922338061,2019,206400,580100,786500
70922338079,2019,183200,355500,538700
70922338087,2019,183200,481000,664200
70922338095,2019,269400,556000,825400
70922338110,2019,90800,309200,400000
70922338128,2019,136900,629700,766600
70922338136,2019,183200,327500,510700
70922339019,2019,182000,686000,868000
70922339027,2019,183200,657300,840500
70922339035,2019,183200,493400,676600
70922339043,2019,183200,400900,584100
70922339051,2019,136900,425100,562000
70922339069,2019,136900,487900,624800
70922339077,2019,136900,361100,498000
70922339085,2019,106000,403400,509400
70922339093,2019,106000,498600,604600
70922339100,2019,116600,336400,453000
70922339126,2019,201700,366300,568000
70922339134,2019,201700,423900,625600
70922339142,2019,201700,481400,683100
70922339150,2019,114100,324600,438700
70922339168,2019,114100,335500,449600
70922340016,2019,183200,597600,780800
70922340032,2019,201700,459800,661500
70922340040,2019,201700,554900,756600
70922340058,2019,201700,484900,686600
70922340066,2019,201700,508800,710500
70922340074,2019,217100,542000,759100
70922341014,2019,201700,456300,658000
70922341022,2019,201700,505800,707500
70922341030,2019,201700,566600,768300
70922341048,2019,201700,513800,715500
70922341056,2019,201700,564300,766000
70922342012,2019,224000,538600,762600
70922342020,2019,159900,569900,729800
70922342038,2019,159900,442100,602000
70922342046,2019,183200,338200,521400
70922342054,2019,183200,668400,851600
70922342062,2019,183200,694300,877500
70922342070,2019,201700,730000,931700
70922342088,2019,258700,588700,847400
70922342096,2019,258700,577900,836600
70922342103,2019,201700,543700,745400
70922342111,2019,123900,433000,556900
70922342129,2019,114100,380900,495000
70922343010,2019,183200,515300,698500
70922343028,2019,183200,598300,781500
70922343036,2019,183200,293800,477000
70922343044,2019,186100,49900,236000
70922343052,2019,181300,579900,761200
70922343086,2019,183200,383800,567000
70922343094,2019,183200,593800,777000
70922343101,2019,183200,601800,785000
70922343119,2019,183200,356800,540000
70922343127,2019,183200,621100,804300
70922343135,2019,183200,589900,773100
70922344018,2019,214600,805600,1020200
70922344026,2019,166300,894200,1060500
70922344034,2019,190700,671700,862400
70922344042,2019,240400,549500,789900
70922344050,2019,240400,264600,505000
70922344068,2019,209800,529800,739600
70922344076,2019,209800,706500,916300
70922344084,2019,209800,375200,585000
70922344092,2019,301400,470300,771700
70922344109,2019,209800,609300,819100
70922401074,2019,66200,217200,283400
70922401082,2019,66200,113600,179800
70922401090,2019,66200,192700,258900
70922401107,2019,66200,149700,215900
70922402064,2019,95800,109700,205500
70922402072,2019,95800,219600,315400
70922402098,2019,63300,192300,255600
70922402105,2019,63300,217500,280800
70922402113,2019,63300,213700,277000
70922402121,2019,63300,142400,205700
70922402147,2019,80200,174600,254800
70922403088,2019,152300,114700,267000
70922403096,2019,152300,100500,252800
70922403103,2019,84000,157200,241200
70922404028,2019,109400,267300,376700
70922404044,2019,127800,321700,449500
70922404052,2019,127800,213100,340900
70922404060,2019,127800,214500,342300
70922404078,2019,127800,185600,313400
70922404086,2019,127800,261200,389000
70922404094,2019,127800,269700,397500
70922404127,2019,127800,181800,309600
70922404135,2019,127800,229200,357000
70922404143,2019,127800,314200,442000
70922404151,2019,127800,205600,333400
70922404169,2019,127800,168800,296600
70922404177,2019,127800,235500,363300
70922404185,2019,113900,291200,405100
70922404193,2019,113900,216400,330300
70922404200,2019,113900,290100,404000
70922404218,2019,99000,298500,397500
70922404226,2019,99000,219800,318800
70922404234,2019,99000,234600,333600
70922404242,2019,127800,229600,357400
70922404250,2019,127800,271000,398800
70922404268,2019,127800,223500,351300
70922404276,2019,127800,256000,383800
70922404284,2019,127800,139100,266900
70922404292,2019,127800,314800,442600
70922404309,2019,127800,223400,351200
70922404317,2019,127800,330600,458400
70922404325,2019,127800,291500,419300
70922404333,2019,127800,195800,323600
70922404359,2019,127800,284700,412500
70922404367,2019,127800,217200,345000
70922404383,2019,106300,271700,378000
70922404416,2019,101000,176200,277200
70922405092,2019,127800,288100,415900
70922405109,2019,127800,185100,312900
70922405117,2019,127800,233600,361400
70922405133,2019,127800,240000,367800
70922405141,2019,127800,242900,370700
70922405159,2019,127800,250000,377800
70922405175,2019,108400,256600,365000
70922405183,2019,99000,364700,463700
70922405191,2019,107900,246500,354400
70922405208,2019,127100,251500,378600
70922405216,2019,127800,280900,408700
70922405224,2019,99000,237200,336200
70922405232,2019,99000,228200,327200
70922405240,2019,99000,218100,317100
70922405258,2019,127800,292900,420700
70922405266,2019,127800,257200,385000
70922405282,2019,127800,241800,369600
70922405290,2019,127800,171400,299200
70922405307,2019,127800,244200,372000
70922405315,2019,127800,208200,336000
70922405323,2019,127800,204200,332000
70922405331,2019,127800,187600,315400
70922405349,2019,127800,181900,309700
70922405357,2019,127800,197600,325400
70922405365,2019,127800,225200,353000
70922406082,2019,127800,203300,331100
70922406090,2019,136900,323100,460000
70922406131,2019,129700,163500,293200
70922406149,2019,111400,162800,274200
70922408012,2019,0,0,0
70922408020,2019,104700,393300,498000
70922408038,2019,104700,422000,526700
70922408088,2019,131800,180900,312700
70922408103,2019,131800,203000,334800
70922408202,2019,127800,402500,530300
70922408210,2019,131900,343800,475700
70922408228,2019,131900,379200,511100
70922408236,2019,131900,302500,434400
70922408252,2019,131900,265800,397700
70922408260,2019,131900,350600,482500
70922409010,2019,127800,284500,412300
70922409028,2019,149400,369800,519200
70922409044,2019,127800,276500,404300
70922409052,2019,127800,297100,424900
70922409060,2019,127800,157800,285600
70922409078,2019,127800,423800,551600
70922409086,2019,127800,304300,432100
70922409094,2019,171200,284500,455700
70922409101,2019,171200,274000,445200
70922409119,2019,127800,334000,461800
70922409127,2019,127800,377200,505000
70922409169,2019,171200,407300,578500
70922409177,2019,171200,274100,445300
70922409193,2019,171200,321100,492300
70922409200,2019,171200,238300,409500
70922409226,2019,127800,315400,443200
70922410025,2019,171200,277000,448200
70922410083,2019,127800,427000,554800
70922410124,2019,156400,464500,620900
70922410132,2019,134300,393400,527700
70922410140,2019,127800,20000,147800
70922410166,2019,149400,250400,399800
70922410174,2019,149400,396600,546000
70922410190,2019,131900,179300,311200
70922410207,2019,149400,391300,540700
70922410223,2019,106300,249700,356000
70922410231,2019,106300,297300,403600
70922411015,2019,114900,225100,340000
70922411023,2019,98300,220900,319200
70922411031,2019,91500,277500,369000
70922411057,2019,164300,197500,361800
70922411065,2019,134300,206700,341000
70922411073,2019,124300,167900,292200
70922411081,2019,111800,184100,295900
70922411148,2019,116700,207000,323700
70922411156,2019,91500,212900,304400
70922411164,2019,98700,234200,332900
70922412013,2019,80200,235200,315400
70922412021,2019,80200,238000,318200
70922412039,2019,89500,199100,288600
70922412063,2019,71500,161800,233300
70922412071,2019,101100,238500,339600
70922412104,2019,84000,180600,264600
70922412112,2019,84000,124000,208000
70922412120,2019,84000,156200,240200
70922412138,2019,84000,177900,261900
70922412146,2019,84000,192600,276600
70922412154,2019,77200,115400,192600
70922412170,2019,77200,186400,263600
70922412188,2019,77200,201400,278600
70922412196,2019,77200,164900,242100
70922412203,2019,60200,254700,314900
70922414051,2019,74800,127200,202000
70922414069,2019,64300,223800,288100
70922414085,2019,72500,321700,394200
70922414093,2019,80100,237400,317500
70922414118,2019,58300,263400,321700
70922414150,2019,88300,165800,254100
70922414168,2019,88300,129800,218100
70922414176,2019,80200,143400,223600
70922414184,2019,80200,117200,197400
70922414192,2019,80200,184200,264400
70922415025,2019,141900,149200,291100
70922415059,2019,80200,160300,240500
70922416015,2019,115700,185800,301500
70922416023,2019,64600,208000,272600
70922416049,2019,80200,224500,304700
70922416057,2019,80200,227200,307400
70922416065,2019,77200,186400,263600
70922416073,2019,53600,225400,279000
70922417021,2019,77200,218900,296100
70922417039,2019,75700,217800,293500
70922417047,2019,75400,254000,329400
70922417055,2019,64600,221300,285900
70922417063,2019,64600,244900,309500
70922417071,2019,64600,224300,288900
70922417089,2019,64600,233000,297600
70922417104,2019,64600,236700,301300
70922417120,2019,86200,174400,260600
70922417138,2019,80200,190700,270900
70922417146,2019,80200,161400,241600
70922417162,2019,114200,149600,263800
70922417170,2019,64600,190200,254800
70922417188,2019,48400,243100,291500
70922417203,2019,64600,242200,306800
70922418011,2019,64600,190200,254800
70922418029,2019,62500,211200,273700
70922418037,2019,67900,193900,261800
70922418061,2019,49800,121600,171400
70922418079,2019,80200,187200,267400
70922418110,2019,59400,174400,233800
70922418136,2019,77500,167800,245300
70922419027,2019,79600,195600,275200
70922419043,2019,79600,252700,332300
70922419051,2019,88300,203400,291700
70922419077,2019,64200,355700,419900
70922419085,2019,57900,362000,419900
70922419093,2019,66900,353000,419900
70922420058,2019,64300,288000,352300
70922421014,2019,41300,235700,277000
70922421030,2019,127200,181400,308600
70922421048,2019,125000,124300,249300
70922421072,2019,52500,287500,340000
70922421098,2019,65200,214800,280000
70922421105,2019,109100,152400,261500
70922421139,2019,102700,101600,204300
70922422111,2019,131800,206200,338000
70922422129,2019,60200,345700,405900
70922422153,2019,98600,240700,339300
70922422179,2019,80600,286900,367500
70922422187,2019,79400,179500,258900
70922422195,2019,71500,235100,306600
70922422210,2019,55500,194300,249800
70922423028,2019,98600,163800,262400
70922423094,2019,111500,242500,354000
70922423119,2019,95400,151900,247300
70922423127,2019,55600,220400,276000
70922423135,2019,55600,268000,323600
70922423143,2019,55600,213000,268600
70922423151,2019,115700,140700,256400
70922423177,2019,75200,207100,282300
70922423200,2019,79400,241400,320800
70922423218,2019,79400,309800,389200
70922423226,2019,72500,296300,368800
70922423234,2019,77200,253300,330500
70922423242,2019,73900,143600,217500
70922423250,2019,79400,208900,288300
70922424018,2019,215600,246700,462300
70922424026,2019,215600,277200,492800
70922424042,2019,220200,254800,475000
70922424050,2019,140600,303100,443700
70922424076,2019,127800,278100,405900
70922424084,2019,127800,297800,425600
70922424117,2019,155200,336100,491300
70922424125,2019,155200,319700,474900
70922424133,2019,121200,228400,349600
70922424141,2019,114800,180000,294800
70922424159,2019,114800,240200,355000
70922424167,2019,96300,205000,301300
70922424175,2019,96900,163100,260000
70922424183,2019,136300,210700,347000
70922424191,2019,136300,208700,345000
70922425040,2019,157500,377400,534900
70922425058,2019,157000,298400,455400
70922425066,2019,112200,281500,393700
70922425074,2019,144800,483200,628000
70922425082,2019,150900,466400,617300
70922425090,2019,110800,315800,426600
70922425107,2019,113900,331400,445300
70922425115,2019,127200,362800,490000
70922425123,2019,193200,611900,805100
70922425149,2019,134100,249700,383800
70922426022,2019,144800,330900,475700
70922426030,2019,97300,312800,410100
70922426048,2019,99600,295400,395000
70922426056,2019,96500,345600,442100
70922426064,2019,96400,258800,355200
70922426072,2019,153600,630600,784200
70922426121,2019,171200,548300,719500
70922426147,2019,171200,406900,578100
70922426163,2019,171200,535200,706400
70922427012,2019,140000,410000,550000
70922427020,2019,102900,422900,525800
70922427038,2019,144800,519200,664000
70922427046,2019,171200,324100,495300
70922427054,2019,171200,347100,518300
70922427062,2019,171200,816800,988000
70922427088,2019,251700,450700,702400
70922427096,2019,171200,289900,461100
70922427103,2019,193200,521300,714500
70922427111,2019,164300,182000,346300
70922427129,2019,166300,798700,965000
70922427137,2019,281200,431000,712200
70922428010,2019,80400,285500,365900
70922428028,2019,134100,475200,609300
70922428036,2019,134100,441100,575200
70922428044,2019,134100,255700,389800
70922428052,2019,180500,354600,535100
70922428086,2019,123000,345600,468600
70922428094,2019,134100,215500,349600
70922428101,2019,147800,508600,656400
70922428119,2019,147800,579200,727000
70922428127,2019,277900,740600,1018500
70922428135,2019,163400,498600,662000
70922429018,2019,88700,84900,173600
70922429026,2019,136300,237600,373900
70922429042,2019,193800,213700,407500
70922429068,2019,183600,261400,445000
70922429076,2019,183600,457400,641000
70922429084,2019,183600,180700,364300
70922429092,2019,136300,365300,501600
70922429109,2019,136300,373700,510000
70922429117,2019,136300,458200,594500
70922429125,2019,97700,449300,547000
70922429133,2019,99000,393700,492700
70922429141,2019,160200,634100,794300
70922429159,2019,201800,380700,582500
70922429167,2019,201800,315900,517700
70922429175,2019,201800,322200,524000
70922429183,2019,160200,319800,480000
70922429208,2019,116700,218100,334800
70922430049,2019,67000,142700,209700
70922430057,2019,61300,233300,294600
70922430073,2019,83500,268500,352000
70922430114,2019,122300,231400,353700
70922430122,2019,99500,253900,353400
70922430130,2019,116500,156300,272800
70922430148,2019,87000,371500,458500
70922430156,2019,87000,239200,326200
70922430172,2019,141900,290300,432200
70922430180,2019,121600,333700,455300
70922430198,2019,78700,268200,346900
70922430213,2019,78700,304800,383500
70922430221,2019,80200,205600,285800
70922430239,2019,73900,254000,327900
70922431047,2019,69400,257600,327000
70922431055,2019,69400,169100,238500
70922431063,2019,69400,233900,303300
70922431071,2019,52400,175600,228000
70922431089,2019,59400,175800,235200
70922431097,2019,59900,245100,305000
70922431104,2019,60200,182900,243100
70922431112,2019,58800,181900,240700
70922431120,2019,49600,210400,260000
70922431138,2019,49000,246000,295000
70922431146,2019,54900,273400,328300
70922431154,2019,44000,197400,241400
70922431188,2019,79200,184400,263600
70922431203,2019,69400,313600,383000
70922431211,2019,79200,181500,260700
70922431229,2019,77200,230000,307200
70922432011,2019,69400,248200,317600
70922432037,2019,102300,232700,335000
70922432144,2019,69400,205600,275000
70922432152,2019,69400,190300,259700
70922432160,2019,38100,225500,263600
70922433027,2019,102700,236400,339100
70922433043,2019,99500,161800,261300
70922433085,2019,132200,271200,403400
70922433134,2019,79400,219800,299200
70922433168,2019,88300,247500,335800
70922433192,2019,69400,233800,303200
70922433209,2019,132200,161800,294000
70922433217,2019,49900,230100,280000
70922433225,2019,49800,244200,294000
70922433233,2019,49800,285000,334800
70922433241,2019,49800,206600,256400
70922433291,2019,71500,180200,251700
70922433316,2019,79200,369700,448900
70922433324,2019,125800,459200,585000
70922433340,2019,117700,110100,227800
70922433358,2019,92700,261900,354600
70922433374,2019,113500,286100,399600
70922433382,2019,132200,276500,408700
70922433390,2019,87000,340600,427600
70922433407,2019,93600,185300,278900
70922433415,2019,88800,248900,337700
70922434017,2019,69400,291500,360900
70922434033,2019,81200,215000,296200
70922434041,2019,69400,241600,311000
70922434059,2019,69400,246100,315500
70922434067,2019,55900,249700,305600
70922434075,2019,49800,326600,376400
70922434083,2019,49800,247200,297000
70922434091,2019,69400,184300,253700
70922434124,2019,79200,145200,224400
70922434132,2019,106200,593800,700000
70922434140,2019,59900,184200,244100
70922434158,2019,107500,298500,406000
70922434166,2019,79200,318800,398000
70922434174,2019,79200,279300,358500
70922434207,2019,187200,132300,319500
70922434215,2019,93600,364500,458100
70922434249,2019,69400,208200,277600
70922434257,2019,69400,210500,279900
70922434265,2019,81200,212800,294000
70922435015,2019,124200,483800,608000
70922435023,2019,210200,371800,582000
70922435031,2019,210200,359800,570000
70922435049,2019,210200,238900,449100
70922435057,2019,177100,338200,515300
70922435065,2019,163700,410900,574600
70922435081,2019,175400,250100,425500
70922435099,2019,175400,213800,389200
70922435106,2019,210200,302800,513000
70922435114,2019,210200,311600,521800
70922435122,2019,172700,347400,520100
70922435130,2019,208800,134700,343500
70922435164,2019,136300,207700,344000
70922435180,2019,159800,391000,550800
70922435198,2019,136300,332400,468700
70922436013,2019,120400,167200,287600
70922436021,2019,145900,200100,346000
70922436039,2019,133100,401400,534500
70922436047,2019,240400,602200,842600
70922436055,2019,236800,522900,759700
70922436063,2019,136300,406700,543000
70922436089,2019,258500,769600,1028100
70922436097,2019,207000,76200,283200
70922436104,2019,207000,390300,597300
70922436112,2019,207000,401000,608000
70922436120,2019,163900,364000,527900
70922436138,2019,164900,458300,623200
70922437029,2019,69400,350600,420000
70922437037,2019,69400,312900,382300
70922437045,2019,69400,182000,251400
70922437053,2019,100700,244700,345400
70922437061,2019,99600,186400,286000
70922437079,2019,94500,247300,341800
70922437095,2019,73900,193000,266900
70922437110,2019,110900,216000,326900
70922437128,2019,49900,296700,346600
70922437144,2019,71500,195500,267000
70922437160,2019,71500,214200,285700
70922437186,2019,77200,199300,276500
70922437194,2019,84000,351600,435600
70922437201,2019,86500,345500,432000
70922437219,2019,77200,255800,333000
70922437227,2019,96300,267800,364100
70922437235,2019,77200,313400,390600
70922437243,2019,77200,160400,237600
70922437251,2019,69400,246000,315400
70922437269,2019,70500,275100,345600
70922437277,2019,69400,290800,360200
70922437285,2019,69400,239900,309300
70922437293,2019,69400,317600,387000
70922437300,2019,69400,290100,359500
70922438019,2019,69400,285800,355200
70922438027,2019,69400,178100,247500
70922438035,2019,69400,411200,480600
70922438069,2019,74800,236200,311000
70922438093,2019,62500,175200,237700
70922438100,2019,55500,295500,351000
70922438126,2019,69400,255500,324900
70922438134,2019,69400,262200,331600
70922438142,2019,61000,333200,394200
70922438168,2019,78200,101800,180000
70922438176,2019,65200,208800,274000
70922438184,2019,65200,343000,408200
70922438192,2019,61300,248700,310000
70922438209,2019,70500,170000,240500
70922438217,2019,71500,275600,347100
70922438225,2019,65200,263100,328300
70922438233,2019,65200,317100,382300
70922438241,2019,72500,189300,261800
70922438291,2019,95800,281700,377500
70922438340,2019,86400,183600,270000
70922438358,2019,87000,286100,373100
70922438366,2019,86400,205500,291900
70922438374,2019,86400,258700,345100
70922438390,2019,86400,227300,313700
70922438407,2019,86400,229500,315900
70922438415,2019,86400,254700,341100
70922438431,2019,86400,188400,274800
70922439017,2019,54900,172200,227100
70922439025,2019,79200,256400,335600
70922439041,2019,73900,232900,306800
70922439059,2019,72600,246500,319100
70922439067,2019,72500,239100,311600
70922439075,2019,107500,336400,443900
70922439083,2019,107500,318400,425900
70922439091,2019,143900,212500,356400
70922439108,2019,173700,214100,387800
70922439124,2019,73900,183100,257000
70922439132,2019,67000,243000,310000
70922439140,2019,69400,170600,240000
70922439166,2019,84800,363400,448200
70922439174,2019,84800,201000,285800
70922439215,2019,65200,292800,358000
70922439231,2019,65200,306400,371600
70922439249,2019,88300,262100,350400
70922439265,2019,88300,216000,304300
70922439281,2019,88800,255200,344000
70922439306,2019,92700,264300,357000
70922439322,2019,122500,318200,440700
70922439348,2019,76500,215300,291800
70922439364,2019,84800,277400,362200
70922439372,2019,84800,244600,329400
70922439405,2019,63900,163200,227100
70922439413,2019,63900,246400,310300
70922440064,2019,73900,198800,272700
70922440105,2019,88800,284200,373000
70922440113,2019,88800,307300,396100
70922440121,2019,88800,335300,424100
70922440139,2019,88300,238400,326700
70922440147,2019,88300,196600,284900
70922440155,2019,81200,182900,264100
70922440171,2019,62500,217700,280200
70922440189,2019,87000,241300,328300
70922440212,2019,77200,226100,303300
70922440220,2019,86200,215400,301600
70922440254,2019,113500,357600,471100
70922440262,2019,113500,192000,305500
70922440270,2019,113500,268900,382400
70922440303,2019,113500,132000,245500
70922440311,2019,113500,196600,310100
70922440345,2019,66200,183600,249800
70922440353,2019,65200,202700,267900
70922440379,2019,45600,231200,276800
70922440387,2019,49900,158300,208200
70922440395,2019,122100,190100,312200
70923105021,2019,139000,346000,485000
70923113016,2019,44000,214600,258600
70923113032,2019,102000,193800,295800
70923113040,2019,102000,224000,326000
70923113165,2019,153800,251200,405000
70923113181,2019,153800,133800,287600
70923113230,2019,71800,235300,307100
70923114197,2019,92400,317600,410000
70923114204,2019,92400,260600,353000
70923116094,2019,190800,119500,310300
70923116101,2019,190800,151600,342400
70923116127,2019,190800,199900,390700
70923116185,2019,190800,141700,332500
70923116226,2019,97600,207400,305000
70923116367,2019,190800,82100,272900
70923116408,2019,125800,228700,354500
70923122025,2019,139000,230700,369700
70923122075,2019,100300,269300,369600
70923123065,2019,96400,121900,218300
70923123073,2019,96400,324100,420500
70923123180,2019,203000,270300,473300
70923123255,2019,92400,144000,236400
70923123362,2019,190800,165600,356400
70923124039,2019,153800,239400,393200
70923124055,2019,92400,273200,365600
70923124170,2019,102000,224200,326200
70923124188,2019,125800,189700,315500
70923124203,2019,181700,56500,238200
70923124211,2019,163200,143500,306700
70923124229,2019,124100,120500,244600
70923124237,2019,83000,238800,321800
70923124245,2019,115800,354200,470000
70923124253,2019,114500,216500,331000
70923124401,2019,153800,211500,365300
70923125079,2019,190800,241200,432000
70923125136,2019,190800,166400,357200
70923126019,2019,104800,250500,355300
70923126027,2019,105100,254900,360000
70923126241,2019,128200,527500,655700
70923126308,2019,153800,152000,305800
70923126316,2019,153800,165400,319200
70923126324,2019,153800,91100,244900
70923127041,2019,97900,297700,395600
70923127182,2019,193200,80400,273600
70923127223,2019,96400,159400,255800
70923130052,2019,92400,168000,260400
70923131167,2019,108200,185800,294000
70923132363,2019,89900,257500,347400
70923133030,2019,113300,209200,322500
70923133048,2019,43100,166900,210000
70923133072,2019,69800,101800,171600
70923133204,2019,92400,212400,304800
70923133254,2019,153800,97200,251000
70923133262,2019,153800,149700,303500
70923133288,2019,153800,196200,350000
70923133379,2019,40600,250800,291400
70923133387,2019,31000,183600,214600
70923133402,2019,43100,224200,267300
70923133410,2019,31000,228500,259500
70923133428,2019,50400,206700,257100
70923211208,2019,53200,283400,336600
70923211216,2019,54100,229300,283400
70923211224,2019,54100,215300,269400
70923212123,2019,84700,290300,375000
70923212165,2019,51200,200800,252000
70923212181,2019,82600,270400,353000
70923212206,2019,131000,459000,590000
70923215078,2019,134400,40000,174400
70923215169,2019,114700,361300,476000
70923215185,2019,106800,258200,365000
70923215193,2019,0,0,0
70923215276,2019,0,0,0
70923216026,2019,0,0,0
70923216159,2019,104000,185000,289000
70923216167,2019,0,0,0
70923219038,2019,100600,299400,400000
70923220077,2019,107400,173800,281200
70923224045,2019,97400,221700,319100
70923305035,2019,120000,281400,401400
70923305051,2019,118600,159000,277600
70923307015,2019,81600,140300,221900
70923307049,2019,105300,143100,248400
70923307073,2019,49800,231400,281200
70923307081,2019,44800,254400,299200
70923307099,2019,80200,162000,242200
70923307122,2019,65200,199900,265100
70923307130,2019,65200,242800,308000
70923307148,2019,65200,180600,245800
70923307156,2019,128400,129300,257700
70923307164,2019,98600,171900,270500
70923307198,2019,84000,183800,267800
70923308039,2019,128400,256500,384900
70923308063,2019,77200,294500,371700
70923308071,2019,102700,251500,354200
70923308097,2019,183500,427200,610700
70923308112,2019,139500,362500,502000
70923308154,2019,60400,271900,332300
70923309045,2019,128400,243000,371400
70923309061,2019,95800,242800,338600
70923309102,2019,107000,262400,369400
70923309110,2019,54900,296900,351800
70923309128,2019,54900,221100,276000
70923309136,2019,55600,239000,294600
70923309144,2019,62500,228500,291000
70923309160,2019,129000,298000,427000
70923309186,2019,90200,188700,278900
70923309219,2019,61200,0,61200
70923309227,2019,61100,0,61100
70923310026,2019,92700,230800,323500
70923310050,2019,102700,142900,245600
70923310068,2019,52500,192800,245300
70923310076,2019,52500,192200,244700
70923310084,2019,71500,164000,235500
70923310092,2019,71500,129100,200600
70923310109,2019,65200,224200,289400
70923310117,2019,70500,194200,264700
70923310125,2019,65200,224100,289300
70923310141,2019,69400,191000,260400
70923310159,2019,69400,132100,201500
70923313070,2019,174900,444200,619100
70923313096,2019,167400,203000,370400
70923313103,2019,167400,209100,376500
70923314060,2019,169700,240200,409900
70923314078,2019,158800,263800,422600
70923314086,2019,158800,348700,507500
70923314094,2019,158800,205000,363800
70923314101,2019,158800,76200,235000
70923314119,2019,158800,248000,406800
70923315050,2019,55500,220900,276400
70923315076,2019,71500,158500,230000
70923315084,2019,86600,291400,378000
70923315125,2019,69400,233200,302600
70923315133,2019,69400,205000,274400
70923315141,2019,128400,171600,300000
70923315159,2019,69400,138700,208100
70923315167,2019,46400,161000,207400
70923316016,2019,80700,275200,355900
70923316024,2019,73900,245200,319100
70923316066,2019,84000,302000,386000
70923316074,2019,77100,289900,367000
70923316082,2019,77200,262700,339900
70923316090,2019,60200,231800,292000
70923316107,2019,60200,281500,341700
70923316149,2019,128400,165400,293800
70923316157,2019,69400,246900,316300
70923316165,2019,18000,187900,205900
70923316173,2019,74800,170700,245500
70923316181,2019,65200,207500,272700
70923316199,2019,65200,156300,221500
70923316206,2019,79200,192000,271200
70923316214,2019,54900,257300,312200
70923317048,2019,129000,116900,245900
70923317056,2019,69400,196600,266000
70923317064,2019,69400,211800,281200
70923317072,2019,74500,104500,179000
70923317098,2019,44000,267500,311500
70923317105,2019,44000,206000,250000
70923317121,2019,52500,197800,250300
70923317139,2019,54900,178100,233000
70923317163,2019,81200,204500,285700
70923317171,2019,73900,214100,288000
70923317189,2019,122100,180200,302300
70923317212,2019,60200,237200,297400
70923317246,2019,77200,122600,199800
70923317254,2019,86400,165200,251600
70923318020,2019,98600,156500,255100
70923318038,2019,128400,213700,342100
70923318046,2019,69400,212600,282000
70923318054,2019,75800,232200,308000
70923318062,2019,73900,145300,219200
70923318070,2019,55600,160400,216000
70923318088,2019,54900,138400,193300
70923318096,2019,65200,239300,304500
70923318129,2019,66200,199700,265900
70923318137,2019,74800,212000,286800
70923318153,2019,74800,177400,252200
70923318161,2019,72600,182700,255300
70923318179,2019,52500,194200,246700
70923319052,2019,179100,268100,447200
70923319060,2019,187700,269800,457500
70923319078,2019,171800,236200,408000
70923319086,2019,171800,329700,501500
70923319094,2019,171800,300200,472000
70923319119,2019,167000,184600,351600
70923402047,2019,116000,430200,546200
70923402089,2019,198200,99900,298100
70923402097,2019,187800,97000,284800
70923402112,2019,127200,220300,347500
70923402120,2019,112300,235200,347500
70923402138,2019,112300,223500,335800
70923405132,2019,113900,110200,224100
70923407039,2019,124400,149200,273600
70923408011,2019,68300,156700,225000
70923408037,2019,153800,52800,206600
70923408045,2019,86200,161700,247900
70923408053,2019,86200,220800,307000
70923408061,2019,86200,89500,175700
70923408079,2019,86200,182800,269000
70923408087,2019,86200,145500,231700
70923408095,2019,86200,274800,361000
70923408110,2019,119700,115300,235000
70923408136,2019,147500,201200,348700
70923408152,2019,102700,161300,264000
70923408160,2019,102700,175900,278600
70923408186,2019,54100,148900,203000
70923408194,2019,45200,169900,215100
70923408201,2019,44300,98400,142700
70923408219,2019,44300,104000,148300
70923408227,2019,78400,67600,146000
70923408235,2019,55000,141900,196900
70923408243,2019,55000,128700,183700
70923408251,2019,55000,121600,176600
70923408269,2019,56300,140700,197000
70923408277,2019,44300,156700,201000
70923408285,2019,88300,238700,327000
70923408300,2019,60300,223600,283900
70923408318,2019,75400,164800,240200
70923408334,2019,62600,163600,226200
70923408342,2019,86200,262800,349000
70923408350,2019,42900,212100,255000
70923408368,2019,43200,202200,245400
70923408376,2019,43200,180000,223200
70923408384,2019,43200,228300,271500
70923408425,2019,86200,160400,246600
70923408433,2019,174700,100700,275400
70923408441,2019,87300,146900,234200
70923408459,2019,74100,182900,257000
70923408516,2019,34400,140300,174700
70923409019,2019,51900,135100,187000
70923409027,2019,48500,145900,194400
70923409035,2019,48500,135300,183800
70923409051,2019,160300,99200,259500
70923409077,2019,142900,197100,340000
70923409085,2019,140700,202500,343200
70923409093,2019,139600,314400,454000
70923409100,2019,138500,195800,334300
70923409118,2019,137000,298000,435000
70923409126,2019,134900,173300,308200
70923409134,2019,131300,190200,321500
70923409142,2019,127800,231200,359000
70923409150,2019,198400,203600,402000
70923409168,2019,120100,177800,297900
70923409176,2019,103400,464600,568000
70923409184,2019,105900,241800,347700
70923409192,2019,45800,344400,390200
70923409209,2019,82000,208000,290000
70923409217,2019,36200,175900,212100
70923409225,2019,44100,158900,203000
70923409259,2019,45200,159300,204500
70923409267,2019,47500,170600,218100
70923409275,2019,50200,170800,221000
70923409291,2019,55800,148400,204200
70923409308,2019,58200,180100,238300
70924201307,2019,75400,231200,306600
70925203021,2019,361100,221900,583000
70925203039,2019,370700,208500,579200
70925203055,2019,297300,1200,298500
70925203063,2019,71700,144700,216400
70925203071,2019,291000,180800,471800
70925203089,2019,342700,226600,569300
70925203097,2019,235400,387400,622800
70925203120,2019,169300,253700,423000
70925203138,2019,98900,173100,272000
70925203154,2019,163900,247100,411000
70925204011,2019,57900,218800,276700
70925204029,2019,57800,211500,269300
70925204037,2019,80100,263900,344000
70925204045,2019,80900,197700,278600
70925204053,2019,80000,258500,338500
70925204061,2019,80000,262700,342700
70925204079,2019,80000,178400,258400
70925204087,2019,81400,253600,335000
70925204095,2019,82200,193800,276000
70925205035,2019,77500,165400,242900
70925205043,2019,77500,173600,251100
70925205051,2019,80000,206700,286700
70925205069,2019,77500,275200,352700
70925205077,2019,60000,259100,319100
70925205085,2019,76500,219500,296000
70925205093,2019,76000,201000,277000
70925205100,2019,76300,198200,274500
70925205118,2019,76300,223700,300000
70925206075,2019,81600,192900,274500
70925206083,2019,82500,209900,292400
70925206091,2019,82500,194100,276600
70925206108,2019,82500,234700,317200
70925206116,2019,82500,180700,263200
70925206124,2019,82700,138300,221000
70926101018,2019,65300,204700,270000
70926101026,2019,65300,261000,326300
70926101034,2019,65900,208600,274500
70926101042,2019,76000,209000,285000
70926101050,2019,58500,266000,324500
70926101068,2019,55500,239500,295000
70926101076,2019,80000,237100,317100
70926101084,2019,80000,259900,339900
70926101092,2019,80000,254800,334800
70926101109,2019,80000,246500,326500
70926101117,2019,80000,255900,335900
70926101125,2019,80000,239000,319000
70926101133,2019,80000,202900,282900
70926101141,2019,80000,232000,312000
70926101159,2019,80000,220200,300200
70926101167,2019,80000,272800,352800
70926101175,2019,86100,309800,395900
70926101183,2019,82100,254700,336800
70926101191,2019,82100,328700,410800
70926101208,2019,82100,229900,312000
70926101216,2019,82100,212700,294800
70926101224,2019,82100,169700,251800
70926101232,2019,82100,257400,339500
70926101240,2019,82100,202700,284800
70926101258,2019,80200,210800,291000
70926101266,2019,80200,183400,263600
70926101274,2019,78200,221300,299500
70926101282,2019,80500,233200,313700
70926102016,2019,93800,118200,212000
70926102024,2019,98600,162900,261500
70926102032,2019,93000,307400,400400
70926102040,2019,77000,155900,232900
70926102058,2019,78000,194500,272500
70926102066,2019,81300,230100,311400
70926102082,2019,81300,198300,279600
70926102090,2019,81300,228100,309400
70926102107,2019,81300,252700,334000
70926102123,2019,81300,156300,237600
70926102149,2019,81300,246300,327600
70926102157,2019,81300,213700,295000
70926102165,2019,80000,298800,378800
70926102199,2019,81500,182900,264400
70926102206,2019,81500,196800,278300
70926102214,2019,78200,197700,275900
70926102222,2019,81500,201400,282900
70926102230,2019,82100,260900,343000
70926102248,2019,82100,331600,413700
70926102256,2019,79500,256400,335900
70926102264,2019,85000,291900,376900
70926102272,2019,82100,272200,354300
70926102280,2019,82100,209800,291900
70926102298,2019,82100,193200,275300
70926102305,2019,184000,424200,608200
70926103014,2019,98600,236400,335000
70926103022,2019,96300,150100,246400
70926103030,2019,98400,139500,237900
70926103048,2019,77500,59800,137300
70926103056,2019,77500,84200,161700
70926103064,2019,77500,155600,233100
70926103072,2019,77500,106200,183700
70926103080,2019,77500,170200,247700
70926103098,2019,77500,152800,230300
70926103105,2019,77500,154500,232000
70926103113,2019,81500,232900,314400
70926103121,2019,80900,199100,280000
70926103139,2019,82700,159600,242300
70926103147,2019,80900,234300,315200
70926103155,2019,82100,246000,328100
70926103220,2019,80200,250000,330200
70926103238,2019,79500,184300,263800
70926103246,2019,79000,194700,273700
70926103254,2019,78600,200900,279500
70926103262,2019,81000,267400,348400
70926103270,2019,80500,258400,338900
70926103288,2019,76800,181200,258000
70926103296,2019,76100,240300,316400
70926103303,2019,76100,207000,283100
70926103311,2019,50900,166500,217400
70926103329,2019,61300,237700,299000
70926103337,2019,47100,145900,193000
70926103345,2019,128200,96900,225100
70926104088,2019,81300,217000,298300
70926104096,2019,80900,159100,240000
70926104103,2019,80400,190100,270500
70926104111,2019,80000,153000,233000
70926104129,2019,79800,158300,238100
70926104137,2019,79500,84800,164300
70926104145,2019,79200,210700,289900
70926104153,2019,78900,170500,249400
70926104161,2019,78500,119300,197800
70926104179,2019,78200,145200,223400
70926104187,2019,80300,146200,226500
70926104195,2019,207400,58500,265900
70926105028,2019,80300,260400,340700
70926106018,2019,83700,212700,296400
70926106026,2019,78600,238900,317500
70926106034,2019,76800,248400,325200
70926106042,2019,81500,178500,260000
70926106050,2019,80300,164700,245000
70926106068,2019,80700,208200,288900
70926106076,2019,77700,196400,274100
70926106084,2019,77300,153400,230700
70926106092,2019,64400,157000,221400
70926106109,2019,62300,215000,277300
70926106117,2019,79900,230100,310000
70926106125,2019,79900,224600,304500
70926106133,2019,76800,258400,335200
70926106141,2019,77400,163700,241100
70926106159,2019,77400,146200,223600
70926106167,2019,77400,137800,215200
70926107016,2019,81500,253500,335000
70926107024,2019,81500,161800,243300
70926107032,2019,76000,152000,228000
70926107040,2019,76000,172700,248700
70926107058,2019,76000,160300,236300
70926107066,2019,76000,219000,295000
70926107074,2019,76000,195000,271000
70926107082,2019,76000,197000,273000
70926107090,2019,76000,196000,272000
70926107107,2019,76000,184800,260800
70926107115,2019,76000,172200,248200
70926107123,2019,76000,203900,279900
70926107131,2019,79900,112300,192200
70926108014,2019,48000,185200,233200
70926108022,2019,81000,165200,246200
70926108030,2019,80300,217100,297400
70926108048,2019,80300,163200,243500
70926108056,2019,77000,170000,247000
70926108064,2019,77000,173400,250400
70926108072,2019,77000,199000,276000
70926108080,2019,77000,83600,160600
70926108098,2019,77000,104200,181200
70926108105,2019,77000,196700,273700
70926108113,2019,77000,137800,214800
70926108121,2019,77000,158200,235200
70926108139,2019,78500,222700,301200
70926108147,2019,78500,192400,270900
70926108155,2019,0,0,0
70926108171,2019,77000,253000,330000
70926108189,2019,80300,196300,276600
70926108197,2019,80000,223000,303000
70926108204,2019,80000,187000,267000
70926108220,2019,77000,230500,307500
70926108238,2019,77000,157000,234000
70926108246,2019,77000,112000,189000
70926109012,2019,80300,184900,265200
70926109020,2019,80300,210900,291200
70926109038,2019,76000,124600,200600
70926109046,2019,82300,250300,332600
70926109062,2019,80300,148500,228800
70926109070,2019,81200,295600,376800
70926109088,2019,81700,143300,225000
70926109096,2019,80000,213300,293300
70926109103,2019,77000,169900,246900
70926109111,2019,77000,145600,222600
70926110019,2019,79400,146600,226000
70926110027,2019,81500,186800,268300
70926110035,2019,81500,177000,258500
70926110043,2019,76000,84400,160400
70926110051,2019,80000,122800,202800
70926110069,2019,81100,102600,183700
70926110077,2019,78000,172900,250900
70926110085,2019,78000,151000,229000
70926110093,2019,80800,147900,228700
70926110100,2019,76000,158300,234300
70926110118,2019,60600,221100,281700
70926110126,2019,78700,331800,410500
70926111017,2019,77400,187500,264900
70926111025,2019,77400,256400,333800
70926111033,2019,77400,252600,330000
70926111041,2019,77400,187300,264700
70926111059,2019,81000,205700,286700
70926111067,2019,81000,205000,286000
70926111075,2019,85100,204000,289100
70926111083,2019,46900,197500,244400
70926111108,2019,78100,220700,298800
70926111116,2019,78200,134500,212700
70926111124,2019,78100,158600,236700
70926111132,2019,77400,244800,322200
70926111158,2019,77400,152600,230000
70926111166,2019,77400,160300,237700
70926112015,2019,80300,89900,170200
70926112023,2019,80300,158100,238400
70926112031,2019,80300,291700,372000
70926112057,2019,80300,208000,288300
70926112065,2019,80300,307900,388200
70926112073,2019,80300,208800,289100
70926112099,2019,80300,128100,208400
70926112106,2019,80300,216000,296300
70926112114,2019,80300,174700,255000
70926112122,2019,80300,146700,227000
70926112130,2019,80300,140900,221200
70926112156,2019,54000,150700,204700
70926113021,2019,80800,214100,294900
70926113055,2019,81000,192800,273800
70926113071,2019,77400,165100,242500
70926113097,2019,76500,167100,243600
70926113104,2019,81100,227300,308400
70926113112,2019,80800,156800,237600
70926113120,2019,81800,183300,265100
70926113138,2019,81100,185100,266200
70926113154,2019,80700,217400,298100
70926113162,2019,78500,183600,262100
70926113170,2019,80400,169700,250100
70926114029,2019,79700,177900,257600
70926114037,2019,80100,152800,232900
70926114045,2019,80300,263600,343900
70926114053,2019,78400,159600,238000
70926114061,2019,81700,189500,271200
70926114079,2019,80800,256700,337500
70926114087,2019,81400,239000,320400
70926114128,2019,76600,229400,306000
70926114136,2019,76900,180700,257600
70926115019,2019,77800,206000,283800
70926115027,2019,86800,292400,379200
70926115043,2019,81000,291700,372700
70926115051,2019,81000,224800,305800
70926115069,2019,81000,223500,304500
70926115077,2019,81000,227400,308400
70926115085,2019,78300,171700,250000
70926115093,2019,78300,210300,288600
70926115100,2019,77500,69500,147000
70926115118,2019,81000,212700,293700
70926115134,2019,81000,221500,302500
70926115184,2019,79400,217000,296400
70926116017,2019,80000,201300,281300
70926116025,2019,80000,156300,236300
70926116033,2019,81800,159600,241400
70926116041,2019,80200,148600,228800
70926116067,2019,81000,163000,244000
70926116075,2019,81000,277900,358900
70926116083,2019,81000,182300,263300
70926116108,2019,37500,161800,199300
70926116116,2019,81000,229000,310000
70926116132,2019,80000,236700,316700
70926116140,2019,81000,253900,334900
70926116158,2019,81600,208600,290200
70926116166,2019,81000,210900,291900
70926116174,2019,81000,207400,288400
70926117015,2019,177400,430900,608300
70926117023,2019,177400,320200,497600
70926117031,2019,179400,353200,532600
70926117049,2019,182200,281400,463600
70926117057,2019,183000,280700,463700
70926117065,2019,184100,259900,444000
70926117073,2019,185700,291900,477600
70926117081,2019,187400,295800,483200
70926117099,2019,188000,309400,497400
70926117106,2019,188500,345700,534200
70926117114,2019,80000,325600,405600
70926117122,2019,80000,322400,402400
70926117130,2019,80000,210500,290500
70926117148,2019,80000,141400,221400
70926117156,2019,80000,151000,231000
70926117164,2019,80000,173000,253000
70926117172,2019,80000,231500,311500
70926117180,2019,80000,263700,343700
70926117198,2019,80000,234900,314900
70926117205,2019,80000,318400,398400
70926118013,2019,176600,323000,499600
70926118021,2019,171800,312200,484000
70926118039,2019,176600,273400,450000
70926118047,2019,174600,309800,484400
70926118055,2019,176500,460200,636700
70926118063,2019,180900,331200,512100
70926118071,2019,181400,385000,566400
70926118089,2019,182200,316800,499000
70926118097,2019,182500,302600,485100
70926118104,2019,183300,263300,446600
70926118112,2019,183700,442700,626400
70926118138,2019,80000,274500,354500
70926118146,2019,80000,302400,382400
70926118154,2019,80000,157400,237400
70926118162,2019,80000,223000,303000
70926118170,2019,80000,175900,255900
70926118196,2019,77600,131300,208900
70926118211,2019,76900,117200,194100
70926118229,2019,78600,198500,277100
70926119011,2019,79100,133400,212500
70926201016,2019,181400,304200,485600
70926201024,2019,181800,405800,587600
70926201032,2019,176000,320400,496400
70926201040,2019,218500,255600,474100
70926201058,2019,172400,330900,503300
70926201066,2019,168700,330800,499500
70926201074,2019,195300,319600,514900
70926201082,2019,170000,239000,409000
70926201090,2019,170300,261300,431600
70926201107,2019,170300,333300,503600
70926201115,2019,170700,327800,498500
70926201123,2019,170700,408100,578800
70926201131,2019,184000,288200,472200
70926201157,2019,175000,0,175000
70926201165,2019,171300,158300,329600
70926201173,2019,171500,272500,444000
70926201181,2019,171500,301500,473000
70926201199,2019,199300,281300,480600
70926201206,2019,165800,256900,422700
70926201222,2019,184900,369100,554000
70926201230,2019,157700,502600,660300
70926201248,2019,104400,95800,200200
70926201256,2019,52200,267900,320100
70926201264,2019,95600,176200,271800
70926201321,2019,124600,131500,256100
70926201339,2019,124600,132200,256800
70926202014,2019,80600,193800,274400
70926202022,2019,182200,258800,441000
70926202030,2019,178600,332700,511300
70926202048,2019,173900,325100,499000
70926202056,2019,189600,362700,552300
70926202064,2019,186100,229400,415500
70926202072,2019,183000,381100,564100
70926202080,2019,180100,282200,462300
70926202098,2019,178000,295500,473500
70926202105,2019,177000,334300,511300
70926202113,2019,179100,266900,446000
70926202121,2019,184100,288800,472900
70926202139,2019,193400,291400,484800
70926202147,2019,193900,264400,458300
70926202155,2019,193600,411600,605200
70926202163,2019,189300,224100,413400
70926202220,2019,80100,218300,298400
70926202238,2019,82100,201700,283800
70926202246,2019,80000,185600,265600
70926202254,2019,80000,166000,246000
70926202262,2019,80000,217600,297600
70926202270,2019,80000,261700,341700
70926202303,2019,80000,245800,325800
70926202311,2019,80000,248300,328300
70926202329,2019,80000,300400,380400
70926202337,2019,80000,274000,354000
70926202345,2019,80000,255600,335600
70926203012,2019,80600,276400,357000
70926203020,2019,171800,324500,496300
70926203038,2019,175900,325600,501500
70926203046,2019,179100,371900,551000
70926203054,2019,185700,318100,503800
70926203062,2019,188000,387100,575100
70926203070,2019,188000,358000,546000
70926203088,2019,80600,318000,398600
70926203103,2019,80000,241400,321400
70926203111,2019,80000,205600,285600
70926203129,2019,80000,254600,334600
70926204010,2019,77500,211100,288600
70926204036,2019,78300,218700,297000
70926204052,2019,81000,291600,372600
70926204060,2019,77500,237000,314500
70926204078,2019,77500,234700,312200
70926204094,2019,77500,232700,310200
70926204101,2019,78300,261700,340000
70926204135,2019,81000,218200,299200
70926204143,2019,81000,213100,294100
70926204151,2019,81000,262600,343600
70926205018,2019,77500,125200,202700
70926205026,2019,84100,291700,375800
70926205034,2019,81000,160300,241300
70926205042,2019,81000,206400,287400
70926205050,2019,78300,178000,256300
70926205068,2019,78300,195500,273800
70926205076,2019,77500,263300,340800
70926205092,2019,81000,151900,232900
70926205109,2019,81000,220700,301700
70926205117,2019,81000,183700,264700
70926205125,2019,81000,189000,270000
70926206016,2019,80600,276400,357000
70926206024,2019,80600,278700,359300
70926206032,2019,80600,276000,356600
70926206040,2019,80600,201600,282200
70926206058,2019,60800,63500,124300
70926206066,2019,34500,177700,212200
70926206157,2019,80600,109900,190500
70926207014,2019,81300,254200,335500
70926207030,2019,80000,278600,358600
70926207048,2019,78800,241100,319900
70926207056,2019,78800,212700,291500
70926207064,2019,78800,191200,270000
70926207072,2019,80600,208600,289200
70926207080,2019,80600,205900,286500
70926207098,2019,80600,192900,273500
70926207105,2019,80600,208500,289100
70926207113,2019,80600,228800,309400
70926207121,2019,80300,218100,298400
70926207139,2019,76400,156600,233000
70926207163,2019,81300,193300,274600
70926207197,2019,48800,132400,181200
70926207220,2019,77600,134000,211600
70926207238,2019,81200,170100,251300
70926207246,2019,80600,243700,324300
70926207254,2019,80600,152400,233000
70926207262,2019,80600,253000,333600
70926207270,2019,80600,206600,287200
70926207288,2019,80000,212200,292200
70926207296,2019,77500,210600,288100
70926213011,2019,93600,164700,258300
70926213029,2019,93100,153100,246200
70926213037,2019,93100,182100,275200
70926213045,2019,93600,245600,339200
70926213053,2019,85500,203300,288800
70926213061,2019,156500,186700,343200
70926213079,2019,82100,210700,292800
70926213087,2019,88100,216500,304600
70926213095,2019,101600,247600,349200
70926213102,2019,99600,205200,304800
70926213110,2019,86800,187100,273900
70926213128,2019,85500,188900,274400
70926213136,2019,79800,215900,295700
70926213144,2019,79800,168000,247800
70926213152,2019,80400,178500,258900
70926213160,2019,80400,193200,273600
70926213178,2019,81400,163400,244800
70926214027,2019,111800,218200,330000
70926214035,2019,91900,276600,368500
70926214043,2019,82100,190200,272300
70926214051,2019,82100,218500,300600
70926214069,2019,74300,202200,276500
70926214077,2019,76800,170600,247400
70926214085,2019,76800,173200,250000
70926214093,2019,92300,259200,351500
70926214100,2019,92300,198100,290400
70926214118,2019,92300,184800,277100
70926214126,2019,91900,234200,326100
70926214134,2019,92300,237900,330200
70926214142,2019,99600,142300,241900
70926214150,2019,97400,234400,331800
70926214168,2019,93600,176900,270500
70926214176,2019,86800,249700,336500
70926214184,2019,86800,180800,267600
70926214225,2019,110100,98700,208800
70926215017,2019,85500,227800,313300
70926215025,2019,86800,118500,205300
70926215033,2019,86800,221200,308000
70926215140,2019,104300,163000,267300
70926215158,2019,118400,167600,286000
70926215166,2019,115300,170000,285300
70926215174,2019,111800,197400,309200
70926215182,2019,111900,228300,340200
70926215190,2019,111900,162100,274000
70926215207,2019,112300,271500,383800
70926215215,2019,115300,214700,330000
70926215223,2019,118400,307200,425600
70926215231,2019,102200,172200,274400
70926215249,2019,99600,258500,358100
70926216023,2019,78700,200900,279600
70926216031,2019,99600,194700,294300
70926216049,2019,111800,206500,318300
70926216057,2019,113600,193700,307300
70926216065,2019,101600,151400,253000
70926216239,2019,111800,192800,304600
70926216247,2019,74300,191600,265900
70926216255,2019,82100,233900,316000
70926216263,2019,82300,159900,242200
70926216271,2019,86800,245600,332400
70926216289,2019,82300,225900,308200
70926216297,2019,85500,141900,227400
70926216304,2019,86800,215200,302000
70926216312,2019,76800,228400,305200
70926218219,2019,98300,161700,260000
70926218227,2019,85100,181800,266900
70926218293,2019,78600,316400,395000
70926218300,2019,87400,263600,351000
70926218318,2019,87500,236500,324000
70926219019,2019,63500,177000,240500
70926219027,2019,83500,321300,404800
70926219035,2019,82300,264400,346700
70926219043,2019,82300,145100,227400
70926219051,2019,65000,253300,318300
70926219069,2019,63500,208200,271700
70926219077,2019,70600,213900,284500
70926219100,2019,83500,183200,266700
70926219118,2019,69700,169200,238900
70926219126,2019,70600,214400,285000
70926220016,2019,83500,231900,315400
70926220024,2019,83500,182000,265500
70926220058,2019,96400,233600,330000
70926220066,2019,91500,241000,332500
70926220074,2019,82500,229900,312400
70926220090,2019,82300,213100,295400
70926220107,2019,83500,158500,242000
70926220115,2019,82300,172400,254700
70926303086,2019,65300,135700,201000
70926303094,2019,72600,166600,239200
70926304018,2019,82100,226900,309000
70926304026,2019,96300,277800,374100
70926304034,2019,99600,279300,378900
70926304042,2019,101800,327900,429700
70926304050,2019,102100,197900,300000
70926304068,2019,107000,247100,354100
70926304076,2019,97400,189300,286700
70926304084,2019,102200,143300,245500
70926304092,2019,111900,155400,267300
70926304109,2019,111900,213800,325700
70926304117,2019,107000,195200,302200
70926304125,2019,107600,157400,265000
70926304133,2019,104300,225000,329300
70926304141,2019,101600,236900,338500
70926304159,2019,93600,243500,337100
70926304167,2019,104300,177900,282200
70926304175,2019,121400,170100,291500
70926304183,2019,104700,152800,257500
70926304191,2019,91500,138800,230300
70926304208,2019,76700,145600,222300
70926304216,2019,71500,198400,269900
70926304224,2019,72600,125300,197900
70926304232,2019,81400,110200,191600
70926304240,2019,75600,214800,290400
70926304258,2019,78000,127400,205400
70926304266,2019,78000,124800,202800
70926304274,2019,78200,132700,210900
70926304282,2019,81400,133200,214600
70926304290,2019,80400,200400,280800
70926304307,2019,79800,123100,202900
70926304315,2019,78200,143100,221300
70926304323,2019,71400,83600,155000
70926401012,2019,77300,167000,244300
70926401020,2019,79400,259600,339000
70926401046,2019,81500,226200,307700
70926401054,2019,81200,235600,316800
70926401062,2019,79800,201000,280800
70926401070,2019,80500,189000,269500
70926401088,2019,79800,190700,270500
70926401096,2019,80400,161700,242100
70926401103,2019,80800,156200,237000
70926401111,2019,80600,160900,241500
70926401137,2019,80600,223600,304200
70926401153,2019,80600,218900,299500
70926401161,2019,80600,139400,220000
70926401187,2019,80600,159300,239900
70926401195,2019,80600,143000,223600
70926401228,2019,80000,134300,214300
70926401244,2019,85300,77900,163200
70926401260,2019,80600,118600,199200
70926401278,2019,80600,188200,268800
70926401286,2019,80600,194400,275000
70926401294,2019,81000,249500,330500
70926401301,2019,82100,230100,312200
70926401319,2019,82200,154400,236600
70926401327,2019,81100,162900,244000
70926401335,2019,80800,149900,230700
70926401343,2019,85100,169700,254800
70926401385,2019,85900,185100,271000
70926401393,2019,78300,170800,249100
70926401400,2019,78400,173800,252200
70926402028,2019,81600,209600,291200
70926402060,2019,76900,131200,208100
70926402078,2019,79100,186900,266000
70926402086,2019,79100,184500,263600
70926402094,2019,76900,266300,343200
70926402101,2019,76900,136800,213700
70926402119,2019,77400,169500,246900
70926402127,2019,81100,140200,221300
70926402135,2019,82300,192600,274900
70926402143,2019,82300,145900,228200
70926402151,2019,81900,129900,211800
70926402169,2019,76100,204900,281000
70926402177,2019,80600,200400,281000
70926402185,2019,80600,110400,191000
70926402193,2019,80600,135000,215600
70926403018,2019,61500,211500,273000
70926403026,2019,56300,184800,241100
70926403034,2019,80600,169500,250100
70926403042,2019,80600,156300,236900
70926403050,2019,80600,119500,200100
70926403068,2019,80600,206400,287000
70926403076,2019,80600,69400,150000
70926403092,2019,81600,60400,142000
70926403109,2019,81900,154200,236100
70926403117,2019,80600,111300,191900
70926403125,2019,80600,129400,210000
70926403133,2019,80600,198600,279200
70926403159,2019,77700,217200,294900
70926403175,2019,82400,141500,223900
70926404024,2019,80600,141900,222500
70926404040,2019,80600,119000,199600
70926404058,2019,80600,151600,232200
70926404066,2019,80600,182500,263100
70926404074,2019,80600,93900,174500
70926404082,2019,80600,119400,200000
70926404090,2019,80600,123100,203700
70926404107,2019,80600,150500,231100
70926404115,2019,81900,163300,245200
70926404123,2019,76300,158900,235200
70926404131,2019,78100,102900,181000
70926404165,2019,80600,140700,221300
70926404173,2019,80600,197600,278200
70926404181,2019,80600,123100,203700
70926404199,2019,80600,173100,253700
70926404206,2019,80600,101400,182000
70926404214,2019,80600,144200,224800
70926404222,2019,80600,94400,175000
70926404230,2019,80600,128900,209500
70926404248,2019,80600,138400,219000
70926404256,2019,83500,167600,251100
70926404264,2019,77500,112700,190200
70926405014,2019,80600,145400,226000
70926405022,2019,80600,202500,283100
70926405030,2019,80600,109500,190100
70926405048,2019,80600,52400,133000
70926405056,2019,80600,172800,253400
70926405064,2019,80600,103800,184400
70926405072,2019,80600,164100,244700
70926405080,2019,78800,96600,175400
70926405098,2019,76000,94000,170000
70926405105,2019,78800,95800,174600
70926405113,2019,42600,161200,203800
70926405121,2019,76200,91100,167300
70926405139,2019,86900,207200,294100
70926405163,2019,80600,143400,224000
70926405171,2019,80600,141900,222500
70926406012,2019,78900,111600,190500
70926406020,2019,80800,123200,204000
70926406038,2019,80800,114900,195700
70926406046,2019,80800,145900,226700
70926406054,2019,80800,102700,183500
70926406062,2019,80800,180300,261100
70926406070,2019,80600,184500,265100
70926406088,2019,80600,91600,172200
70926406096,2019,80600,217500,298100
70926406103,2019,78300,98000,176300
70926407010,2019,80600,171600,252200
70926407028,2019,80600,139400,220000
70926407044,2019,80600,163400,244000
70926407052,2019,57000,129500,186500
70926407078,2019,76400,134400,210800
70926407086,2019,77500,97500,175000
70926407094,2019,85100,196700,281800
70926407143,2019,81500,114300,195800
70926409016,2019,78700,123100,201800
70926409024,2019,78300,104700,183000
70926409032,2019,78300,101800,180100
70926409058,2019,80600,149400,230000
70926409082,2019,81900,95100,177000
70926409107,2019,80600,132600,213200
70926409115,2019,81000,264400,345400
70926409123,2019,81400,141300,222700
70926409131,2019,81900,187100,269000
70926409222,2019,81800,79500,161300
70926412027,2019,45600,92300,137900
70926412043,2019,46400,90400,136800
70926412085,2019,48000,139000,187000
70926412100,2019,50000,102000,152000
70926412126,2019,45600,85500,131100
70926412134,2019,0,0,0
70926412192,2019,45500,86700,132200
70926412217,2019,45600,103700,149300
70926412291,2019,48000,119600,167600
70926412316,2019,46100,107900,154000
70926412324,2019,45600,75200,120800
70926412332,2019,45600,100100,145700
70926412358,2019,45500,179500,225000
70926412366,2019,46100,112900,159000
70926413017,2019,46300,84800,131100
70926413033,2019,44800,63500,108300
70926413083,2019,45600,96900,142500
70926413091,2019,48800,106600,155400
70926413108,2019,48800,134400,183200
70926413116,2019,45600,127500,173100
70926413124,2019,46700,158300,205000
70926414015,2019,46000,62300,108300
70926414031,2019,40500,122700,163200
70926414057,2019,46800,154200,201000
70926414073,2019,47200,137900,185100
70926414081,2019,46000,84500,130500
70926414099,2019,46100,95600,141700
70926414106,2019,46000,70000,116000
70926414114,2019,46000,68000,114000
70926414122,2019,46000,110100,156100
70926414130,2019,50700,86100,136800
70926414148,2019,46000,107000,153000
70926414156,2019,46100,71900,118000
70926414164,2019,46100,85800,131900
70926414172,2019,49100,97000,146100
70926414180,2019,49100,92600,141700
70926414198,2019,46100,70000,116100
70926415013,2019,45600,92300,137900
70926415047,2019,45600,93800,139400
70926415055,2019,45600,115400,161000
70926415063,2019,50600,79600,130200
70926415071,2019,46100,85000,131100
70926415104,2019,48200,107600,155800
70926415120,2019,46100,108400,154500
70926415154,2019,48600,172000,220600
70926415162,2019,51000,170500,221500
70926415196,2019,49600,196400,246000
70926415203,2019,49100,70900,120000
70926415229,2019,49100,88800,137900
70926415237,2019,49100,76900,126000
70926415253,2019,46100,87900,134000
70926415261,2019,46100,86900,133000
70926415279,2019,46100,73900,120000
70926415287,2019,46100,106400,152500
70926415295,2019,45600,72900,118500
70926415302,2019,45600,82300,127900
70926415328,2019,51800,94600,146400
70926415336,2019,76900,126900,203800
70926416011,2019,48800,47200,96000
70926416029,2019,45300,50700,96000
70926416037,2019,45500,62000,107500
70926416045,2019,45800,130900,176700
70926416053,2019,46000,139800,185800
70926416061,2019,46300,109200,155500
70926416079,2019,46400,58600,105000
70926416087,2019,46700,53800,100500
70926416095,2019,46900,69100,116000
70926416102,2019,47200,70800,118000
70926416110,2019,47400,61100,108500
70926416128,2019,47600,47400,95000
70926416136,2019,47800,91500,139300
70926416144,2019,47900,85000,132900
70926416152,2019,48000,107500,155500
70926416160,2019,44400,58600,103000
70926416178,2019,48800,77900,126700
70926416194,2019,46200,78800,125000
70926416201,2019,38700,117400,156100
70926417035,2019,35700,96300,132000
70926417043,2019,37200,74300,111500
70926417069,2019,46300,146700,193000
70926417077,2019,45200,84300,129500
70926417085,2019,42600,90300,132900
70926417093,2019,44200,42300,86500
70926417118,2019,48500,99700,148200
70927101017,2019,69400,191100,260500
70927101025,2019,66200,273900,340100
70927101033,2019,66200,242200,308400
70927101041,2019,79200,180300,259500
70927101059,2019,88800,237500,326300
70927101067,2019,88300,206800,295100
70927101075,2019,109100,228100,337200
70927102023,2019,79400,313500,392900
70927102031,2019,84800,198400,283200
70927102049,2019,93600,357500,451100
70927102057,2019,62500,337500,400000
70927102065,2019,59400,318600,378000
70927200984,2019,1056000,415500,1471500
70928101016,2019,118200,316500,434700
70928101024,2019,96000,387000,483000
70928101032,2019,77600,403500,481100
70928101040,2019,90000,382800,472800
70928101058,2019,73500,371500,445000
70928101066,2019,107600,403400,511000
70928101074,2019,107200,395700,502900
70928101082,2019,108000,460900,568900
70928101090,2019,99700,377700,477400
70928101107,2019,99700,420100,519800
70928101115,2019,99700,350600,450300
70928101123,2019,108200,369900,478100
70928101131,2019,107600,458800,566400
70928101149,2019,101500,280400,381900
70928101157,2019,96000,314500,410500
70928101165,2019,89400,337800,427200
70928101173,2019,90000,294700,384700
70928101181,2019,77600,268300,345900
70928101199,2019,96000,365400,461400
70928101206,2019,96200,281600,377800
70928101214,2019,96200,326000,422200
70928101222,2019,96000,315500,411500
70928101230,2019,96000,232300,328300
70928101248,2019,96000,311800,407800
70928101256,2019,96000,311900,407900
70928101264,2019,96000,288200,384200
70928101272,2019,96000,237600,333600
70928101280,2019,96200,372300,468500
70928101298,2019,96200,330800,427000
70928101305,2019,96200,265300,361500
70928102014,2019,77600,456400,534000
70928102022,2019,83300,306000,389300
70928102030,2019,83100,321400,404500
70928102048,2019,89400,358600,448000
70928102056,2019,90000,441800,531800
70928102064,2019,89400,421800,511200
70928102072,2019,90000,432000,522000
70928102080,2019,89400,413400,502800
70928102098,2019,89400,305800,395200
70928102105,2019,89400,238000,327400
70928102113,2019,89400,185500,274900
70928102121,2019,124700,469200,593900
70928102139,2019,130100,451300,581400
70928102147,2019,113300,344900,458200
70928102155,2019,99700,359300,459000
70928102163,2019,113300,386100,499400
70928102171,2019,113300,381100,494400
70928102189,2019,113300,260000,373300
70928102197,2019,102000,348000,450000
70928102204,2019,102000,297000,399000
70928102212,2019,100700,307900,408600
70928102220,2019,101500,299700,401200
70928102238,2019,102800,317200,420000
70928102246,2019,96200,239800,336000
70928102254,2019,96200,316800,413000
70928102262,2019,96200,284200,380400
70928102270,2019,83300,348800,432100
70928102288,2019,83300,343400,426700
70928102296,2019,83300,276700,360000
70928102337,2019,54900,174200,229100
70928102361,2019,117700,527100,644800
70928102379,2019,117900,210300,328200
70928102387,2019,117900,402000,519900
70928102395,2019,117900,311800,429700
70928102402,2019,117900,483900,601800
70928102410,2019,117700,477300,595000
70928102428,2019,111900,291300,403200
70928102436,2019,113300,274500,387800
70928102444,2019,107200,427600,534800
70928102452,2019,100700,419200,519900
70928102460,2019,107200,428400,535600
70928102478,2019,107200,426000,533200
70928102486,2019,107200,472000,579200
70928102494,2019,108000,353800,461800
70928102501,2019,108000,406100,514100
70928102519,2019,89300,313100,402400
70928102527,2019,130200,297900,428100
70928102535,2019,108200,394000,502200
70928102543,2019,108000,546400,654400
70928102551,2019,108000,270500,378500
70928103012,2019,106000,277600,383600
70928103020,2019,106000,282400,388400
70928103038,2019,107000,250100,357100
70928103046,2019,106000,361500,467500
70928103054,2019,106000,255200,361200
70928103062,2019,106000,337100,443100
70928103070,2019,106000,276000,382000
70928103088,2019,125800,330000,455800
70928103103,2019,125800,298100,423900
70928103111,2019,106000,283200,389200
70928103129,2019,106000,325900,431900
70928103137,2019,106000,149000,255000
70928103145,2019,91900,306700,398600
70928103195,2019,99100,348500,447600
70928103202,2019,106000,357500,463500
70928103210,2019,106000,289100,395100
70928103228,2019,106000,361500,467500
70928103236,2019,106000,300500,406500
70928103244,2019,106000,248200,354200
70928103252,2019,106000,287000,393000
70928103260,2019,114600,357400,472000
70928103278,2019,118500,271100,389600
70928103286,2019,106000,313700,419700
70928103294,2019,114600,235600,350200
70928103301,2019,109900,310900,420800
70928104010,2019,79400,354000,433400
70928104028,2019,107000,327000,434000
70928104044,2019,141100,370200,511300
70928104052,2019,108400,221600,330000
70928104060,2019,105300,336600,441900
70928104078,2019,69000,313600,382600
70928104086,2019,117900,266400,384300
70928104094,2019,88900,194200,283100
70928104101,2019,108200,276800,385000
70928104119,2019,111500,367400,478900
70928104127,2019,126600,246200,372800
70928104135,2019,107000,321900,428900
70928104143,2019,108400,318600,427000
70928104151,2019,108200,306000,414200
70928104169,2019,107000,321200,428200
70928104177,2019,117900,288100,406000
70928104185,2019,138200,334000,472200
70928104193,2019,88900,357400,446300
70928104200,2019,75800,358700,434500
70928105018,2019,108400,288600,397000
70928105026,2019,109100,392700,501800
70928105034,2019,108400,288500,396900
70928105042,2019,109100,201800,310900
70928105050,2019,109100,191200,300300
70928105068,2019,108200,342600,450800
70928105076,2019,109100,293500,402600
70928105084,2019,128000,252900,380900
70928105092,2019,99100,320600,419700
70928105109,2019,143300,368200,511500
70928105125,2019,98500,435000,533500
70928105133,2019,99100,387900,487000
70928105141,2019,99100,393000,492100
70928105159,2019,99100,298200,397300
70928105167,2019,99100,497900,597000
70928105175,2019,99100,352000,451100
70928105183,2019,99100,300100,399200
70928105191,2019,99100,436300,535400
70928105208,2019,99100,350900,450000
70928105216,2019,103700,317400,421100
70928105224,2019,99100,226700,325800
70928105232,2019,99100,310500,409600
70928105240,2019,104300,233400,337700
70928105258,2019,105300,230200,335500
70928105266,2019,104300,252400,356700
70928105274,2019,105300,222500,327800
70928105282,2019,105300,279700,385000
70928105290,2019,104300,256800,361100
70928105307,2019,114600,336300,450900
70928105315,2019,103700,379500,483200
70928105323,2019,108400,211600,320000
70928105331,2019,146900,465600,612500
70928105357,2019,108400,189400,297800
70928105365,2019,108400,272900,381300
70928105373,2019,91900,358000,449900
70928105381,2019,126600,252600,379200
70928105399,2019,132600,356200,488800
70928105406,2019,120300,213100,333400
70928105414,2019,129700,284900,414600
70928105422,2019,116200,395200,511400
70928106016,2019,99300,413300,512600
70928106024,2019,100900,366100,467000
70928106032,2019,111100,260300,371400
70928106040,2019,108400,326300,434700
70928106058,2019,108400,188200,296600
70928106066,2019,109100,268800,377900
70928106074,2019,109100,170100,279200
70928106082,2019,108400,237200,345600
70928106090,2019,108200,286800,395000
70928106107,2019,108200,337600,445800
70928106115,2019,107000,236500,343500
70928106123,2019,107000,221000,328000
70928106131,2019,107000,322300,429300
70928106149,2019,108200,375800,484000
70928106157,2019,108400,385900,494300
70928106165,2019,104300,336100,440400
70928106222,2019,104300,184200,288500
70928106230,2019,108400,256600,365000
70928106248,2019,109100,327600,436700
70928106256,2019,107000,275900,382900
70928106264,2019,108400,192200,300600
70928106272,2019,109100,365600,474700
70928106280,2019,108400,218700,327100
70928106298,2019,109100,267300,376400
70928106305,2019,107000,284800,391800
70928106313,2019,109100,275000,384100
70928106321,2019,107000,283000,390000
70928106339,2019,107000,300400,407400
70928107014,2019,91900,269600,361500
70928107022,2019,92400,423600,516000
70928107030,2019,99100,445300,544400
70928107048,2019,111500,288500,400000
70928107056,2019,108400,239200,347600
70928107064,2019,108400,380700,489100
70928107072,2019,108400,316600,425000
70928107080,2019,108400,254600,363000
70928107098,2019,109100,290800,399900
70928107105,2019,108400,403000,511400
70928107113,2019,140000,445000,585000
70928107139,2019,107000,340800,447800
70928107147,2019,109100,279900,389000
70928107155,2019,108400,381600,490000
70928107163,2019,108400,336100,444500
70928107171,2019,107000,312400,419400
70928107189,2019,103700,169300,273000
70928107212,2019,108200,260800,369000
70928107220,2019,107000,247400,354400
70928107238,2019,107000,287600,394600
70928107246,2019,107000,298000,405000
70928107254,2019,107000,375000,482000
70928107262,2019,108400,276600,385000
70928107270,2019,108200,253900,362100
70928107288,2019,108400,510600,619000
70928107296,2019,107000,297600,404600
70928107303,2019,109100,275900,385000
70928107311,2019,108400,334400,442800
70928107329,2019,107000,256800,363800
70928107337,2019,109100,159000,268100
70928108012,2019,112300,379400,491700
70928108020,2019,122500,277200,399700
70928108038,2019,134300,335700,470000
70928108046,2019,108200,231500,339700
70928108054,2019,109100,253900,363000
70928108062,2019,107000,181900,288900
70928108070,2019,108400,365500,473900
70928108088,2019,107000,243000,350000
70928108096,2019,109100,371900,481000
70928108103,2019,108400,235400,343800
70928108111,2019,108400,233300,341700
70928108129,2019,108400,191200,299600
70928108137,2019,108400,355600,464000
70928108145,2019,108400,371100,479500
70928108153,2019,108400,453400,561800
70928108161,2019,107000,189900,296900
70928108179,2019,108200,375800,484000
70928108187,2019,108400,285100,393500
70928108210,2019,167900,275800,443700
70928108228,2019,108400,271600,380000
70928108236,2019,107000,215300,322300
70928108244,2019,108200,241800,350000
70928108252,2019,108400,315200,423600
70928108260,2019,108400,341200,449600
70928108278,2019,109100,279000,388100
70928108286,2019,107000,152100,259100
70928108294,2019,109100,360100,469200
70928108301,2019,108400,175500,283900
70928108319,2019,109100,267400,376500
70928108327,2019,109100,360700,469800
70928108335,2019,107000,403800,510800
70928108343,2019,107000,259000,366000
70928108351,2019,108400,295600,404000
70928109010,2019,105300,311600,416900
70928109028,2019,91900,377800,469700
70928109036,2019,99100,372800,471900
70928109044,2019,108400,220600,329000
70928109052,2019,107000,305300,412300
70928109060,2019,108400,259400,367800
70928109078,2019,175800,236300,412100
70928109094,2019,108400,298200,406600
70928109101,2019,108400,228400,336800
70928109119,2019,109100,257300,366400
70928109127,2019,108400,386900,495300
70928109135,2019,109100,277600,386700
70928109143,2019,108400,390500,498900
70928109151,2019,108200,445700,553900
70928109169,2019,108400,306500,414900
70928109177,2019,109100,308000,417100
70928109185,2019,107000,488000,595000
70928109193,2019,108400,393600,502000
70928109200,2019,175800,408600,584400
70928109218,2019,88300,344300,432600
70928109226,2019,107000,243000,350000
70928109234,2019,108400,347100,455500
70928109242,2019,108400,282100,390500
70928109250,2019,108400,291600,400000
70928109268,2019,108400,378900,487300
70928109276,2019,108400,420500,528900
70928109284,2019,108200,295800,404000
70928109292,2019,108200,310500,418700
70928109309,2019,108400,332200,440600
70928109317,2019,109100,221700,330800
70928109325,2019,108200,357800,466000
70928109333,2019,108200,260700,368900
70928109341,2019,108400,396500,504900
70928109359,2019,109100,439400,548500
70928109367,2019,107000,321900,428900
70928109375,2019,108400,257700,366100
70928110017,2019,108200,249300,357500
70928110025,2019,99100,183900,283000
70928110033,2019,108200,295100,403300
70928110041,2019,151100,261400,412500
70928110059,2019,170500,401100,571600
70928110067,2019,109100,347200,456300
70928110075,2019,108400,365300,473700
70928110083,2019,109100,450400,559500
70928110091,2019,108400,286700,395100
70928110108,2019,109100,218700,327800
70928111015,2019,122500,388700,511200
70928111023,2019,122500,237300,359800
70928111031,2019,122500,248500,371000
70928111049,2019,122500,296700,419200
70928111057,2019,122500,269000,391500
70928111065,2019,122500,274200,396700
70928111073,2019,122500,371200,493700
70928111081,2019,122500,222000,344500
70928111099,2019,107000,207400,314400
70928111106,2019,107000,176800,283800
70928111114,2019,108200,249600,357800
70928111122,2019,109100,114200,223300
70928111130,2019,117900,307100,425000
70928111148,2019,117900,205800,323700
70928111156,2019,109100,193300,302400
70928111164,2019,109100,264800,373900
70928111172,2019,108200,261800,370000
70928111180,2019,109100,362900,472000
70928111198,2019,108200,311800,420000
70928111205,2019,109100,309600,418700
70928111213,2019,108200,360200,468400
70928111221,2019,122500,394600,517100
70928111239,2019,146300,406600,552900
70928111247,2019,156900,422100,579000
70928112013,2019,141100,356800,497900
70928112021,2019,108400,462500,570900
70928112039,2019,108400,265100,373500
70928112047,2019,109100,254500,363600
70928112071,2019,128000,325800,453800
70928112089,2019,122500,264500,387000
70928112097,2019,175500,149500,325000
70928112104,2019,109100,231600,340700
70928112112,2019,108200,302500,410700
70928112120,2019,109100,380900,490000
70928112138,2019,108400,305200,413600
70928112146,2019,108400,259800,368200
70928112154,2019,107000,207900,314900
70928112162,2019,108400,317600,426000
70928112170,2019,108400,278800,387200
70928112188,2019,108400,241100,349500
70928112196,2019,108200,289700,397900
70928112203,2019,175500,293300,468800
70928113144,2019,234600,286500,521100
70928116015,2019,105300,273700,379000
70928116023,2019,118500,301300,419800
70928116031,2019,118500,247400,365900
70928116049,2019,119900,379500,499400
70928116057,2019,119900,116700,236600
70928116065,2019,121600,378700,500300
70928116073,2019,126600,248000,374600
70928116081,2019,126600,282700,409300
70928116099,2019,126600,291500,418100
70928116106,2019,119900,230100,350000
70928116114,2019,105300,327900,433200
70928116122,2019,122400,89600,212000
70928116130,2019,99600,276900,376500
70928116148,2019,112300,210200,322500
70928116156,2019,91900,187100,279000
70928116164,2019,0,0,0
70928116172,2019,118500,171000,289500
70928116180,2019,126600,152000,278600
70928116198,2019,126600,143300,269900
70928117013,2019,794300,90700,885000
70928117021,2019,552000,303000,855000
70928117039,2019,552000,168000,720000
70928117047,2019,203300,411700,615000
70928117055,2019,136100,184700,320800
70928117063,2019,200600,330700,531300
70928117071,2019,0,0,0
70928117089,2019,112300,176200,288500
70928117097,2019,126600,154600,281200
70928117104,2019,105300,156600,261900
70928117112,2019,105300,298100,403400
70928117120,2019,104300,301100,405400
70928117138,2019,105300,243100,348400
70928117146,2019,105300,316400,421700
70928117154,2019,105300,290600,395900
70928117162,2019,105300,234500,339800
70928117170,2019,105300,254800,360100
70928117188,2019,105300,319500,424800
70928117196,2019,105300,399500,504800
70928117203,2019,105300,274900,380200
70928117211,2019,104300,232200,336500
70928117229,2019,103700,299800,403500
70928117237,2019,104300,313200,417500
70928117245,2019,104300,279400,383700
70928117253,2019,105300,255900,361200
70928117261,2019,104300,223400,327700
70928117279,2019,105300,229700,335000
70928117287,2019,83100,202800,285900
70928117295,2019,0,0,0
70928117302,2019,75800,167200,243000
70928117310,2019,105300,196700,302000
70928117328,2019,118500,240900,359400
70928117336,2019,112300,305000,417300
70928117344,2019,126600,234400,361000
70928117352,2019,105300,237100,342400
70928117360,2019,105300,216200,321500
70928117378,2019,104300,226400,330700
70928117386,2019,105300,192800,298100
70928117394,2019,105300,231000,336300
70928117401,2019,105300,296800,402100
70928117419,2019,105300,311900,417200
70928117427,2019,105300,320300,425600
70928117435,2019,105300,316300,421600
70928117443,2019,104300,262400,366700
70928117451,2019,105300,261900,367200
70928117469,2019,105300,249200,354500
70928117477,2019,104300,335800,440100
70928117485,2019,105300,189000,294300
70928117493,2019,105300,402700,508000
70928117500,2019,127700,119100,246800
70928117518,2019,112300,304600,416900
70928117526,2019,119900,166800,286700
70928117534,2019,119900,339100,459000
70928117542,2019,129300,274600,403900
70928117550,2019,258300,526700,785000
70928201056,2019,86700,204800,291500
70928201064,2019,97800,215100,312900
70928201072,2019,81500,212300,293800
70928201080,2019,83500,225700,309200
70928201098,2019,77100,250100,327200
70928201105,2019,77100,173800,250900
70928201113,2019,77100,200500,277600
70928201121,2019,90600,276500,367100
70928201139,2019,90600,272400,363000
70928201147,2019,90600,273700,364300
70928201155,2019,102400,209500,311900
70928201163,2019,102400,239800,342200
70928201171,2019,102400,233000,335400
70928201189,2019,103100,296700,399800
70928201197,2019,126100,212600,338700
70928201204,2019,93000,222000,315000
70928201220,2019,102100,224600,326700
70928201246,2019,118300,265500,383800
70928202012,2019,152100,329500,481600
70928202020,2019,81000,201000,282000
70928202038,2019,81000,210900,291900
70928202046,2019,81000,200000,281000
70928202054,2019,79500,312700,392200
70928202062,2019,96500,193100,289600
70928202070,2019,95500,268100,363600
70928202088,2019,95500,291000,386500
70928202096,2019,95500,210800,306300
70928202103,2019,103400,200300,303700
70928202111,2019,127800,200200,328000
70928202129,2019,88200,209800,298000
70928203010,2019,122100,216100,338200
70928203028,2019,122100,217900,340000
70928203036,2019,97800,264200,362000
70928203044,2019,89900,256200,346100
70928203052,2019,129900,247800,377700
70928203060,2019,89900,271900,361800
70928203078,2019,89900,346700,436600
70928203086,2019,89900,157900,247800
70928203094,2019,89900,372600,462500
70928203101,2019,89900,237900,327800
70928203119,2019,89900,278600,368500
70928203127,2019,89900,226800,316700
70928203135,2019,89900,272500,362400
70928203143,2019,89900,246900,336800
70928204018,2019,97800,213700,311500
70928204026,2019,109000,270000,379000
70928204034,2019,93000,341100,434100
70928204042,2019,85800,261700,347500
70928204050,2019,93000,264900,357900
70928204068,2019,93000,230200,323200
70928204076,2019,93000,160300,253300
70928204084,2019,100200,161500,261700
70928204092,2019,98000,273000,371000
70928204109,2019,97800,220300,318100
70928204117,2019,97800,269100,366900
70928204125,2019,97800,217300,315100
70928204133,2019,97800,297200,395000
70928204141,2019,99900,260300,360200
70928204159,2019,100200,227600,327800
70928204167,2019,100200,232100,332300
70928204175,2019,100200,201900,302100
70928204183,2019,97800,302100,399900
70928204191,2019,97800,292400,390200
70928204208,2019,97800,256500,354300
70928204216,2019,97800,213300,311100
70928204224,2019,97800,285200,383000
70928204232,2019,103500,200600,304100
70928204240,2019,103500,202300,305800
70928204258,2019,103400,153600,257000
70928204266,2019,97800,296000,393800
70928205016,2019,97800,161600,259400
70928205024,2019,97800,191100,288900
70928205032,2019,97800,168800,266600
70928205040,2019,97800,176200,274000
70928205058,2019,122100,376000,498100
70928205066,2019,122100,221300,343400
70928205074,2019,97800,388000,485800
70928205082,2019,97800,244500,342300
70928205090,2019,97800,178000,275800
70928205107,2019,104600,320000,424600
70928205123,2019,151600,199000,350600
70928205131,2019,97800,258300,356100
70928205149,2019,97800,285200,383000
70928205157,2019,97800,283300,381100
70928205165,2019,97800,299000,396800
70928205173,2019,97800,240000,337800
70928205181,2019,97800,249700,347500
70928205199,2019,97800,244200,342000
70928205206,2019,97800,213400,311200
70928205214,2019,97800,332700,430500
70928205222,2019,97800,299700,397500
70928205230,2019,97800,168300,266100
70928205248,2019,97800,249600,347400
70928206014,2019,97800,256200,354000
70928206022,2019,97800,318500,416300
70928206030,2019,97800,322200,420000
70928206048,2019,97800,265900,363700
70928206056,2019,89900,273000,362900
70928206064,2019,90000,464200,554200
70928206072,2019,89900,362700,452600
70928206080,2019,89900,337600,427500
70928206098,2019,89900,330800,420700
70928206105,2019,89900,166600,256500
70928206113,2019,89900,251000,340900
70928206121,2019,89900,151100,241000
70928206139,2019,89900,261000,350900
70928206147,2019,89900,277100,367000
70928206155,2019,89900,185600,275500
70928206163,2019,90000,0,90000
70928207012,2019,105800,236300,342100
70928207020,2019,89900,164200,254100
70928207038,2019,89900,196000,285900
70928207046,2019,91700,188700,280400
70928207054,2019,89900,137900,227800
70928207062,2019,89900,303100,393000
70928207070,2019,89900,359100,449000
70928207088,2019,89900,287700,377600
70928207096,2019,89900,208600,298500
70928207103,2019,89900,224800,314700
70928207111,2019,89900,245500,335400
70928207129,2019,89900,176900,266800
70928207137,2019,89900,258600,348500
70928207145,2019,97800,283200,381000
70928207153,2019,97800,292200,390000
70928207161,2019,89900,233100,323000
70928208010,2019,100900,398400,499300
70928208028,2019,100900,191200,292100
70928208036,2019,100900,224100,325000
70928208044,2019,100900,295800,396700
70928208052,2019,97800,213100,310900
70928208060,2019,97800,190700,288500
70928208078,2019,97800,265700,363500
70928208086,2019,97800,157400,255200
70928208094,2019,97800,173700,271500
70928208101,2019,97800,264200,362000
70928208119,2019,97800,205100,302900
70928208127,2019,97800,304200,402000
70928208135,2019,97800,259000,356800
70928208143,2019,93000,263200,356200
70928208151,2019,97800,273700,371500
70928208169,2019,97800,237300,335100
70928208177,2019,97800,278000,375800
70928208185,2019,97800,251500,349300
70928208193,2019,97800,216800,314600
70928208200,2019,97800,272000,369800
70928208218,2019,114200,268200,382400
70928208226,2019,81800,310800,392600
70928208234,2019,89900,348600,438500
70928208242,2019,97800,212200,310000
70928208250,2019,97800,310200,408000
70928208268,2019,97800,259000,356800
70928209018,2019,100900,305000,405900
70928209026,2019,100900,286700,387600
70928209034,2019,109100,385900,495000
70928209042,2019,92400,178400,270800
70928209050,2019,97800,45000,142800
70928209068,2019,97800,306900,404700
70928209076,2019,97800,273600,371400
70928209084,2019,122100,137800,259900
70928209092,2019,122100,215700,337800
70928209109,2019,97800,198800,296600
70928209117,2019,97800,234400,332200
70928209133,2019,97800,377000,474800
70928209141,2019,97800,138500,236300
70928209159,2019,104600,244400,349000
70928209167,2019,91700,303800,395500
70928209175,2019,97800,292800,390600
70928209183,2019,97800,182900,280700
70928209191,2019,97800,213300,311100
70928209208,2019,97800,232500,330300
70928209216,2019,97800,187000,284800
70928209224,2019,97800,214700,312500
70928209232,2019,97800,172200,270000
70928209240,2019,97800,145600,243400
70928209258,2019,97800,269300,367100
70928210015,2019,89900,226400,316300
70928210023,2019,89900,286300,376200
70928210031,2019,89900,168700,258600
70928210049,2019,89900,230900,320800
70928210057,2019,89900,135100,225000
70928210065,2019,89900,204400,294300
70928210073,2019,89900,184400,274300
70928210081,2019,97800,345600,443400
70928210099,2019,97800,308500,406300
70928210106,2019,97800,238300,336100
70928210114,2019,89700,340900,430600
70928210122,2019,89900,294900,384800
70928210130,2019,89900,270100,360000
70928210148,2019,85700,234000,319700
70928210156,2019,89900,183500,273400
70928210164,2019,89900,137400,227300
70928211013,2019,97800,164900,262700
70928211021,2019,97800,254100,351900
70928211039,2019,89900,206700,296600
70928211047,2019,89900,198200,288100
70928211055,2019,89900,171300,261200
70928211063,2019,89900,176200,266100
70928211071,2019,89900,222900,312800
70928211089,2019,89900,227600,317500
70928211097,2019,89900,276900,366800
70928211104,2019,89900,275300,365200
70928211112,2019,89900,275100,365000
70928211120,2019,89900,167500,257400
70928211138,2019,89900,197100,287000
70928211146,2019,89900,235200,325100
70928211154,2019,97800,257500,355300
70928211162,2019,97800,196500,294300
70928212011,2019,100900,264700,365600
70928212029,2019,100900,208100,309000
70928212037,2019,100900,166200,267100
70928212045,2019,97800,241700,339500
70928212053,2019,97800,253400,351200
70928212061,2019,97800,302800,400600
70928212079,2019,97800,191400,289200
70928212087,2019,97800,261600,359400
70928212095,2019,97800,154700,252500
70928212102,2019,97800,194300,292100
70928212110,2019,97800,197700,295500
70928212128,2019,97800,87500,185300
70928212136,2019,97800,127200,225000
70928212144,2019,97800,246300,344100
70928212152,2019,97800,227400,325200
70928212160,2019,97800,201400,299200
70928212178,2019,97800,194800,292600
70928212186,2019,97800,257700,355500
70928212194,2019,97800,167600,265400
70928212201,2019,97800,225600,323400
70928212219,2019,97800,317600,415400
70928212227,2019,97800,218100,315900
70928212235,2019,97800,209800,307600
70928212243,2019,97800,190900,288700
70928212251,2019,97800,278400,376200
70928212269,2019,100900,266900,367800
70928213019,2019,101000,256500,357500
70928213027,2019,97600,333300,430900
70928213035,2019,98500,191900,290400
70928213043,2019,98200,340100,438300
70928213051,2019,98200,220000,318200
70928213069,2019,98200,316200,414400
70928213077,2019,98200,324300,422500
70928213085,2019,98200,243300,341500
70928213093,2019,97400,175600,273000
70928213100,2019,97400,218600,316000
70928213118,2019,97400,334700,432100
70928213126,2019,97400,303500,400900
70928213134,2019,100000,210800,310800
70928213142,2019,99700,251700,351400
70928213150,2019,101000,284000,385000
70928213168,2019,106800,271200,378000
70928213176,2019,114300,318600,432900
70928213184,2019,110200,274800,385000
70928213192,2019,106000,174900,280900
70928213209,2019,96800,191100,287900
70928214017,2019,100000,218200,318200
70928214025,2019,100000,346700,446700
70928214033,2019,99700,195000,294700
70928214041,2019,99700,251200,350900
70928214059,2019,99700,278100,377800
70928214067,2019,99700,249700,349400
70928214075,2019,99700,275400,375100
70928214083,2019,99700,221900,321600
70928214091,2019,99700,272100,371800
70928214108,2019,99700,176300,276000
70928214116,2019,99700,247200,346900
70928214124,2019,100000,176800,276800
70928214132,2019,99400,218100,317500
70928214140,2019,99700,264600,364300
70928214158,2019,99700,231200,330900
70928214166,2019,99700,308600,408300
70928214174,2019,99700,260200,359900
70928214182,2019,99700,144500,244200
70928214190,2019,99700,150300,250000
70928214207,2019,99700,244400,344100
70928214215,2019,94800,290400,385200
70928214223,2019,94800,250400,345200
70928214231,2019,94800,236100,330900
70928214249,2019,94800,253500,348300
70928215015,2019,106600,178400,285000
70928215023,2019,106100,330400,436500
70928215031,2019,106100,194300,300400
70928215049,2019,106100,215500,321600
70928215057,2019,106100,163000,269100
70928215065,2019,106100,274400,380500
70928215073,2019,106100,178000,284100
70928215081,2019,106100,250300,356400
70928215099,2019,114300,252700,367000
70928215106,2019,125700,186300,312000
70928215114,2019,108400,310500,418900
70928216013,2019,101000,190500,291500
70928216021,2019,100000,229800,329800
70928216039,2019,106800,247000,353800
70928216047,2019,100400,232200,332600
70928216055,2019,100400,187500,287900
70928216063,2019,100400,159600,260000
70928216071,2019,100400,203800,304200
70928216089,2019,98500,154900,253400
70928216097,2019,101700,202700,304400
70928216104,2019,95300,213700,309000
70928216112,2019,95300,158400,253700
70928216120,2019,100500,319500,420000
70928216138,2019,97200,208300,305500
70928216146,2019,95300,166800,262100
70928217029,2019,95000,249500,344500
70928217037,2019,95600,228500,324100
70928217045,2019,95600,236500,332100
70928217053,2019,95300,264100,359400
70928217061,2019,95000,178300,273300
70928217079,2019,95000,206100,301100
70928217087,2019,95000,197700,292700
70928217095,2019,95000,178100,273100
70928217102,2019,95300,175700,271000
70928217110,2019,95700,184700,280400
70928217128,2019,95800,265300,361100
70928217136,2019,96800,195200,292000
70928217144,2019,96800,154000,250800
70928217152,2019,105600,154000,259600
70928217160,2019,106400,190400,296800
70928217178,2019,105300,235700,341000
70928217186,2019,100700,190200,290900
70928217194,2019,99100,165600,264700
70928217201,2019,98400,209600,308000
70928217219,2019,97700,204600,302300
70928217227,2019,98500,196500,295000
70928218019,2019,95300,284600,379900
70928218027,2019,92200,227500,319700
70928218035,2019,92400,227700,320100
70928218043,2019,92200,235900,328100
70928218051,2019,92200,201500,293700
70928218069,2019,92200,290800,383000
70928218077,2019,92400,209900,302300
70928218085,2019,92200,280100,372300
70928218093,2019,90700,392900,483600
70928218100,2019,77400,328100,405500
70928218118,2019,92200,249600,341800
70928219017,2019,92400,182600,275000
70928219025,2019,99100,85800,184900
70928219033,2019,99100,234100,333200
70928219041,2019,99100,172300,271400
70928219059,2019,99100,154000,253100
70928219067,2019,99100,192100,291200
70928219075,2019,99100,209700,308800
70928219083,2019,99100,200900,300000
70928219091,2019,180500,126100,306600
70928219116,2019,146500,365500,512000
70928219124,2019,105300,161500,266800
70928219132,2019,104300,171900,276200
70928219140,2019,104300,144300,248600
70928219158,2019,105300,189600,294900
70928219166,2019,104300,314400,418700
70928219174,2019,104300,173500,277800
70928219182,2019,79400,293200,372600
70928219190,2019,79400,225600,305000
70928219207,2019,105300,341400,446700
70928219215,2019,147000,214200,361200
70928219223,2019,128000,286300,414300
70928219231,2019,127300,207500,334800
70928219249,2019,129700,194800,324500
70928219257,2019,126600,265900,392500
70928219265,2019,126600,173400,300000
70928219273,2019,128000,287900,415900
70928219281,2019,129700,156300,286000
70928219299,2019,129700,177200,306900
70928219306,2019,128000,160500,288500
70928220014,2019,138200,359800,498000
70928220022,2019,134500,260400,394900
70928220030,2019,134500,294000,428500
70928220048,2019,134500,339500,474000
70928220056,2019,108400,402300,510700
70928220064,2019,108200,186100,294300
70928220072,2019,108400,188100,296500
70928220080,2019,108400,312500,420900
70928220098,2019,108400,235400,343800
70928220105,2019,108400,210200,318600
70928220113,2019,88300,337000,425300
70928221012,2019,105300,404700,510000
70928221020,2019,108200,345600,453800
70928221038,2019,108200,320800,429000
70928221046,2019,108200,182300,290500
70928221054,2019,108400,287500,395900
70928221062,2019,141100,309000,450100
70928221070,2019,99100,179900,279000
70928221088,2019,105300,192700,298000
70928221096,2019,108400,217300,325700
70928221103,2019,107000,140200,247200
70928221111,2019,107000,145500,252500
70928221129,2019,107000,208900,315900
70928221137,2019,103700,237600,341300
70928222010,2019,126600,323400,450000
70928222028,2019,160200,288600,448800
70928222036,2019,88900,256000,344900
70928222044,2019,88900,284300,373200
70928222052,2019,88900,190300,279200
70928222060,2019,88300,235400,323700
70928222078,2019,108400,233500,341900
70928222086,2019,75800,199100,274900
70928222094,2019,91900,272200,364100
70928222101,2019,83100,246900,330000
70928222119,2019,111500,215200,326700
70928222127,2019,112300,199800,312100
70928222135,2019,111100,242600,353700
70928223018,2019,134500,268700,403200
70928223026,2019,120300,183400,303700
70928223034,2019,111100,193900,305000
70928223042,2019,105300,148300,253600
70928223050,2019,109100,115900,225000
70928223068,2019,108400,153800,262200
70928223076,2019,105300,157700,263000
70928223084,2019,111100,203600,314700
70928223092,2019,108400,231300,339700
70928223109,2019,129700,206900,336600
70928223117,2019,99100,195200,294300
70928223125,2019,99100,217400,316500
70928223133,2019,91900,218100,310000
70928223141,2019,105300,168600,273900
70928224016,2019,99100,218400,317500
70928224032,2019,99100,175700,274800
70928224040,2019,91900,274400,366300
70928224058,2019,91900,190000,281900
70928224066,2019,99100,196700,295800
70928224074,2019,99100,298900,398000
70928224082,2019,138200,241800,380000
70928224115,2019,138200,328900,467100
70928224123,2019,99100,187100,286200
70928224131,2019,99100,201900,301000
70928224149,2019,99100,96500,195600
70928224157,2019,99100,195500,294600
70928224165,2019,98500,211000,309500
70928225014,2019,104300,195900,300200
70928225022,2019,108400,83200,191600
70928225030,2019,108200,224700,332900
70928225048,2019,108200,390100,498300
70928225056,2019,108400,181600,290000
70928225072,2019,108400,216000,324400
70928225080,2019,151100,274200,425300
70928225098,2019,151100,338600,489700
70928225105,2019,99100,291400,390500
70928225113,2019,99100,98600,197700
70928225121,2019,148200,365400,513600
70928225147,2019,177100,382900,560000
70928225155,2019,151800,306400,458200
70928225163,2019,98500,275100,373600
70928225171,2019,99100,490900,590000
70928225189,2019,91900,226300,318200
70928225204,2019,83900,267800,351700
70928301012,2019,84900,155500,240400
70928301020,2019,84300,122200,206500
70928301038,2019,84900,126200,211100
70928301046,2019,84900,199100,284000
70928301054,2019,101200,193500,294700
70928301062,2019,56700,75400,132100
70928301070,2019,166400,176400,342800
70928301088,2019,128600,212300,340900
70928301096,2019,88200,301800,390000
70928301103,2019,88200,211200,299400
70928301111,2019,166400,172100,338500
70928301129,2019,166400,166300,332700
70928301137,2019,88200,221600,309800
70928301145,2019,111400,179200,290600
70928302010,2019,97600,194800,292400
70928302028,2019,82400,237500,319900
70928302036,2019,98200,340000,438200
70928302044,2019,121600,137300,258900
70928302052,2019,133400,127900,261300
70928302060,2019,74500,211700,286200
70928302078,2019,91100,217900,309000
70928302086,2019,104300,167300,271600
70928302094,2019,78800,221200,300000
70928302101,2019,91100,207200,298300
70928302119,2019,91100,267400,358500
70928302127,2019,91100,219200,310300
70928302135,2019,91100,215100,306200
70928302143,2019,91600,193400,285000
70928302151,2019,91100,199500,290600
70928302169,2019,88200,203500,291700
70928302177,2019,130100,308400,438500
70928302185,2019,91100,167900,259000
70928302193,2019,91100,257900,349000
70928302200,2019,91600,242200,333800
70928302218,2019,79800,178900,258700
70928302226,2019,78800,236700,315500
70928302234,2019,182000,163700,345700
70928302250,2019,91100,183900,275000
70928302276,2019,82400,214400,296800
70928303018,2019,149900,142600,292500
70928303026,2019,82400,363900,446300
70928303034,2019,82400,200000,282400
70928303042,2019,82400,220700,303100
70928303050,2019,82400,280100,362500
70928303068,2019,82400,204400,286800
70928303076,2019,82400,219600,302000
70928303084,2019,82400,272300,354700
70928303092,2019,82400,242000,324400
70928304032,2019,187900,226400,414300
70928304058,2019,103400,240100,343500
70928304066,2019,102800,192200,295000
70928304074,2019,91600,246900,338500
70928304082,2019,88100,198200,286300
70928304090,2019,82400,214400,296800
70928304107,2019,82400,255200,337600
70928304115,2019,179000,217000,396000
70928305014,2019,91100,235900,327000
70928305022,2019,91100,273900,365000
70928305030,2019,82400,227600,310000
70928305048,2019,106100,153800,259900
70928305056,2019,133400,185800,319200
70928305064,2019,139800,222200,362000
70928305072,2019,133400,162600,296000
70928305080,2019,110200,179800,290000
70928305098,2019,103400,210400,313800
70928305105,2019,113700,178000,291700
70928305113,2019,82400,69500,151900
70928306012,2019,58900,198400,257300
70928306020,2019,91600,150400,242000
70928306038,2019,91100,183900,275000
70928306046,2019,91100,248400,339500
70928306062,2019,91100,69000,160100
70928306070,2019,113200,176800,290000
70928306088,2019,102800,270000,372800
70928306096,2019,91600,263400,355000
70928306129,2019,124000,304900,428900
70928306137,2019,91100,126500,217600
70928306145,2019,91100,142900,234000
70928306153,2019,91100,135900,227000
70928306161,2019,91600,111800,203400
70928306179,2019,91100,176400,267500
70928306187,2019,91100,160200,251300
70928306195,2019,91100,120500,211600
70928306202,2019,53700,161300,215000
70928307010,2019,74500,154100,228600
70928307028,2019,82400,153600,236000
70928307036,2019,91600,176800,268400
70928307044,2019,98200,190200,288400
70928307052,2019,104300,119500,223800
70928307060,2019,91100,274100,365200
70928307078,2019,91100,65200,156300
70928307086,2019,91100,189800,280900
70928307094,2019,103400,267400,370800
70928307101,2019,104300,200700,305000
70928307119,2019,137100,185000,322100
70928307127,2019,133400,173500,306900
70928307135,2019,116800,215800,332600
70928307143,2019,121600,237300,358900
70928307151,2019,159000,226000,385000
70928307169,2019,145800,103300,249100
70928307177,2019,168000,115000,283000
70928307193,2019,137100,242200,379300
70928307200,2019,104300,170700,275000
70928308018,2019,98200,191700,289900
70928308026,2019,87500,234500,322000
70928308034,2019,87500,134000,221500
70928308042,2019,86700,182700,269400
70928308050,2019,169000,200000,369000
70928308068,2019,110500,204200,314700
70928308076,2019,107400,246600,354000
70928308084,2019,78800,254200,333000
70928308092,2019,88100,109600,197700
70928308109,2019,91600,194200,285800
70928308117,2019,82400,256100,338500
70928309016,2019,164800,207200,372000
70928309024,2019,91100,218300,309400
70928309032,2019,91100,186000,277100
70928309040,2019,91600,306200,397800
70928309058,2019,91600,287600,379200
70928309066,2019,91100,273400,364500
70928309074,2019,88100,258300,346400
70928309082,2019,157300,147600,304900
70928309090,2019,116800,243900,360700
70928309107,2019,68300,170400,238700
70928309123,2019,116200,115500,231700
70928309149,2019,91600,177300,268900
70928309157,2019,91100,259300,350400
70928309173,2019,114300,178600,292900
70928309181,2019,89600,197900,287500
70928309199,2019,89600,196700,286300
70928310013,2019,136400,180000,316400
70928311011,2019,187300,143400,330700
70928311029,2019,188500,122400,310900
70928311037,2019,193700,142200,335900
70928311045,2019,194500,149100,343600
70928311053,2019,205800,133500,339300
70928312019,2019,128800,352100,480900
70928312027,2019,122900,188500,311400
70928312035,2019,122900,317100,440000
70928312043,2019,123300,208000,331300
70928312051,2019,125200,212100,337300
70928312069,2019,132900,349900,482800
70928312077,2019,138400,255600,394000
70928312085,2019,140500,437500,578000
70928312093,2019,125800,271700,397500
70928312100,2019,131200,289600,420800
70928312118,2019,152000,508000,660000
70928312126,2019,153900,407100,561000
70928312134,2019,176600,572900,749500
70928312142,2019,191800,403200,595000
70928312150,2019,212000,888000,1100000
70928312168,2019,165300,465900,631200
70928312176,2019,126000,274400,400400
70928312184,2019,122500,305700,428200
70928312192,2019,125300,380200,505500
70928312209,2019,212700,196700,409400
70928313017,2019,123100,353400,476500
70928313025,2019,162100,344900,507000
70928313033,2019,140500,333300,473800
70928313041,2019,139900,238100,378000
70928313059,2019,142900,402300,545200
70928313067,2019,164500,415400,579900
70928313075,2019,112400,152900,265300
70928313083,2019,128000,476300,604300
70928313091,2019,122900,241800,364700
70928313108,2019,122900,250900,373800
70928313116,2019,122900,168400,291300
70928313124,2019,122900,253100,376000
70928313132,2019,122900,285800,408700
70928314015,2019,145400,260900,406300
70928314023,2019,148800,236500,385300
70928314031,2019,154100,384000,538100
70928314049,2019,144300,445700,590000
70928314057,2019,144800,509800,654600
70928314065,2019,145500,497700,643200
70928314073,2019,155400,449300,604700
70928314081,2019,157700,443300,601000
70928314099,2019,164200,440100,604300
70928314106,2019,159300,453300,612600
70928314114,2019,157200,662300,819500
70928314122,2019,178400,501600,680000
70928314130,2019,173300,335000,508300
70928314148,2019,162100,522300,684400
70928314156,2019,145800,244700,390500
70928314164,2019,156500,343500,500000
70928314172,2019,156500,653500,810000
70928314180,2019,155300,504000,659300
70928314198,2019,152700,539200,691900
70928314205,2019,156800,445900,602700
70928314213,2019,145900,344100,490000
70928314221,2019,144500,342500,487000
70928314239,2019,144800,362700,507500
70928314247,2019,134400,453400,587800
70928315013,2019,104300,300700,405000
70928315021,2019,98000,314700,412700
70928315039,2019,90200,188200,278400
70928315047,2019,87300,224700,312000
70928315055,2019,83100,163600,246700
70928315063,2019,78900,204700,283600
70928315071,2019,75800,224200,300000
70928315089,2019,94200,318000,412200
70928315097,2019,99900,263800,363700
70928315104,2019,105900,245100,351000
70928315112,2019,100400,220600,321000
70928315120,2019,109000,160500,269500
70928315138,2019,103700,159500,263200
70928315146,2019,101400,298000,399400
70928315154,2019,102700,312300,415000
70928315162,2019,109000,366100,475100
70928315170,2019,99400,216300,315700
70928315188,2019,94200,206100,300300
70928315196,2019,96700,228600,325300
70928315203,2019,96700,229300,326000
70928315211,2019,98300,201100,299400
70928315229,2019,109000,316900,425900
70928315237,2019,96700,196300,293000
70928315245,2019,100200,228300,328500
70928316011,2019,165300,509700,675000
70928316029,2019,150600,350400,501000
70928316037,2019,152000,427800,579800
70928316045,2019,154700,510500,665200
70928316053,2019,152000,459500,611500
70928316061,2019,150800,426700,577500
70928316079,2019,161300,809700,971000
70928316087,2019,143200,296500,439700
70928316095,2019,177200,660000,837200
70928316102,2019,164200,616700,780900
70928316110,2019,157200,433800,591000
70928316128,2019,183400,455200,638600
70928316136,2019,172000,661300,833300
70928317019,2019,147200,476600,623800
70928317027,2019,144800,586700,731500
70928317035,2019,161200,655800,817000
70928317043,2019,146900,582400,729300
70928317051,2019,166900,663600,830500
70928317077,2019,141600,514700,656300
70928317085,2019,161700,659300,821000
70928317093,2019,151000,522000,673000
70928317100,2019,140900,516400,657300
70928317118,2019,143200,414500,557700
70928317126,2019,143900,366400,510300
70928317134,2019,143600,511300,654900
70928317142,2019,146900,480000,626900
70928317150,2019,147100,755400,902500
70928317168,2019,148400,337100,485500
70928317176,2019,150500,335500,486000
70928317184,2019,148300,469100,617400
70928317192,2019,140800,287100,427900
70928318017,2019,167300,570300,737600
70928318025,2019,173300,441600,614900
70928318033,2019,181700,452200,633900
70928318041,2019,149200,513000,662200
70928318059,2019,161300,542400,703700
70928318067,2019,216300,678700,895000
70928318075,2019,284100,514400,798500
70928318083,2019,173400,530500,703900
70928318091,2019,153600,826400,980000
70928318108,2019,159300,428400,587700
70928318116,2019,161500,529600,691100
70928319015,2019,142900,446200,589100
70928319023,2019,145800,390900,536700
70928319031,2019,143900,500900,644800
70928319049,2019,156800,323200,480000
70928319057,2019,152200,497800,650000
70928319065,2019,171300,446700,618000
70928319073,2019,239300,557000,796300
70928319099,2019,178500,588400,766900
70928319106,2019,148800,370700,519500
70928319114,2019,156000,423400,579400
70928320020,2019,144300,289900,434200
70928320038,2019,150500,366600,517100
70928320046,2019,143600,448900,592500
70928320054,2019,140900,516000,656900
70928320062,2019,161200,413800,575000
70928320070,2019,211900,490200,702100
70928320088,2019,174400,431300,605700
70928320096,2019,133700,510800,644500
70928320103,2019,145400,444600,590000
70928320111,2019,125400,344500,469900
70928320129,2019,122900,273800,396700
70928320137,2019,122400,365100,487500
70928320145,2019,255500,499100,754600
70928321010,2019,158700,606600,765300
70928321028,2019,158600,407400,566000
70928321036,2019,164200,426300,590500
70928321044,2019,176100,311400,487500
70928321052,2019,177800,599600,777400
70928321060,2019,168300,347200,515500
70928321078,2019,173800,851200,1025000
70928321086,2019,177000,363800,540800
70928321094,2019,180500,298700,479200
70928321101,2019,151400,509500,660900
70928321119,2019,172700,311800,484500
70928321127,2019,168500,286900,455400
70928321135,2019,156800,417800,574600
70928321143,2019,145500,263200,408700
70928321151,2019,200400,357300,557700
70928321177,2019,149300,295700,445000
70928321185,2019,173400,499900,673300
70928321193,2019,198100,597200,795300
70928322018,2019,158600,369000,527600
70928322026,2019,160200,480700,640900
70928322034,2019,163900,433100,597000
70928322042,2019,161000,511100,672100
70928322050,2019,156200,303200,459400
70928322068,2019,154600,549400,704000
70928322076,2019,159300,481300,640600
70928322084,2019,157700,307300,465000
70928322092,2019,164200,709800,874000
70928322117,2019,269600,534900,804500
70928322125,2019,247800,626300,874100
70928322133,2019,180600,313100,493700
70928322141,2019,185900,443400,629300
70928322159,2019,168300,336900,505200
70928322167,2019,168100,394900,563000
70928323016,2019,187400,436500,623900
70928323024,2019,210100,504300,714400
70928323032,2019,161300,514800,676100
70928323040,2019,151600,444400,596000
70928323058,2019,159700,599000,758700
70928323066,2019,152000,480500,632500
70928323074,2019,136600,354700,491300
70928323082,2019,147800,460500,608300
70928323090,2019,163700,594800,758500
70928323107,2019,163700,287300,451000
70928323115,2019,130900,250700,381600
70928323123,2019,140900,334100,475000
70928324022,2019,150800,427500,578300
70928324030,2019,131700,352700,484400
70928324048,2019,131500,341700,473200
70928324056,2019,134100,353600,487700
70928324064,2019,148500,367600,516100
70928324072,2019,145400,349400,494800
70928324080,2019,137600,253100,390700
70928324098,2019,137800,417600,555400
70928324105,2019,143800,392300,536100
70928324113,2019,145800,390200,536000
70929101015,2019,76900,186100,263000
70929101023,2019,76900,268200,345100
70929101031,2019,76900,208600,285500
70929101049,2019,76900,237600,314500
70929101057,2019,76900,281400,358300
70929101065,2019,93700,225500,319200
70929101073,2019,91700,211500,303200
70929101081,2019,78800,327500,406300
70929101099,2019,89900,345900,435800
70929101106,2019,89900,308000,397900
70929101114,2019,89900,250600,340500
70929101122,2019,89900,244700,334600
70929101130,2019,89900,257100,347000
70929101148,2019,89900,273000,362900
70929101156,2019,89900,262600,352500
70929101164,2019,89900,274400,364300
70929101172,2019,89900,362100,452000
70929103011,2019,77500,228100,305600
70929103029,2019,83200,164200,247400
70929103037,2019,83200,330900,414100
70929103045,2019,83200,182800,266000
70929103053,2019,83200,276000,359200
70929103061,2019,75500,238900,314400
70929103079,2019,74600,164300,238900
70929103087,2019,122000,296900,418900
70929103095,2019,101800,213400,315200
70929103102,2019,99100,180900,280000
70929103110,2019,110500,204500,315000
70929103128,2019,109000,197300,306300
70929103136,2019,189600,258700,448300
70929103144,2019,137800,223300,361100
70929103152,2019,112600,248300,360900
70929103160,2019,93100,238000,331100
70929103178,2019,93100,198900,292000
70929103186,2019,93100,307700,400800
70929103194,2019,93100,316900,410000
70929103201,2019,93100,280700,373800
70929103219,2019,103000,260400,363400
70929103227,2019,86000,145100,231100
70929104019,2019,119500,285000,404500
70929104027,2019,119500,291500,411000
70929104035,2019,119500,276400,395900
70929104043,2019,128100,235900,364000
70929104051,2019,114800,298300,413100
70929104069,2019,114800,329800,444600
70929104077,2019,114800,301400,416200
70929104085,2019,107000,218000,325000
70929104093,2019,96200,231800,328000
70929104100,2019,97200,303100,400300
70929104118,2019,97200,300100,397300
70929104126,2019,97200,335000,432200
70929104134,2019,108200,272800,381000
70929104142,2019,121200,324000,445200
70929104150,2019,123600,326000,449600
70929104168,2019,107800,319300,427100
70929104176,2019,118500,292500,411000
70929104184,2019,123900,323900,447800
70929104192,2019,108200,208000,316200
70929104209,2019,100000,300800,400800
70929104217,2019,97200,296600,393800
70929104225,2019,97200,303700,400900
70929104233,2019,84500,226100,310600
70929104241,2019,75600,202700,278300
70929104259,2019,75600,186100,261700
70929104267,2019,74000,257600,331600
70929104275,2019,73400,206000,279400
70929104283,2019,80900,183900,264800
70929104291,2019,76300,203700,280000
70929104308,2019,76300,201300,277600
70929104316,2019,77600,262700,340300
70929105017,2019,103200,217900,321100
70929105025,2019,98500,219500,318000
70929105033,2019,98500,191500,290000
70929105041,2019,98500,252100,350600
70929105059,2019,98500,219200,317700
70929105067,2019,98500,299800,398300
70929105075,2019,98500,266700,365200
70929105083,2019,100600,236500,337100
70929105091,2019,98500,240100,338600
70929105108,2019,98500,186100,284600
70929105116,2019,98500,279100,377600
70929105124,2019,98500,181400,279900
70929105132,2019,98500,302400,400900
70929105140,2019,100600,193700,294300
70929105158,2019,100600,170300,270900
70929105166,2019,103600,167000,270600
70929105174,2019,103200,263800,367000
70929105182,2019,103600,204200,307800
70929105190,2019,103600,249000,352600
70929105207,2019,105700,192900,298600
70929105215,2019,107000,239300,346300
70929105223,2019,103600,199100,302700
70929105231,2019,103200,264900,368100
70929105249,2019,104100,293400,397500
70929105257,2019,103600,316000,419600
70929105265,2019,104100,194900,299000
70929105273,2019,103600,184700,288300
70929105281,2019,109700,325900,435600
70929106015,2019,109700,301700,411400
70929106023,2019,103200,185600,288800
70929106031,2019,104100,185900,290000
70929106049,2019,103600,272900,376500
70929106057,2019,103600,151800,255400
70929106065,2019,103200,219900,323100
70929106073,2019,103200,273400,376600
70929106081,2019,107800,290300,398100
70929106099,2019,105700,188600,294300
70929106106,2019,103200,212600,315800
70929106114,2019,103200,190400,293600
70929106122,2019,103200,211200,314400
70929106130,2019,103200,197700,300900
70929106148,2019,107800,244200,352000
70929106156,2019,83900,187600,271500
70929106164,2019,83100,179900,263000
70929106172,2019,83100,193600,276700
70929106180,2019,83100,250100,333200
70929106198,2019,83100,213900,297000
70929106205,2019,83800,200200,284000
70929106213,2019,84100,169800,253900
70929106221,2019,82800,195100,277900
70929106239,2019,82800,134700,217500
70929106247,2019,82800,170500,253300
70929106255,2019,82800,175500,258300
70929106263,2019,82800,160600,243400
70929106271,2019,82800,177500,260300
70929106289,2019,101700,191100,292800
70929107013,2019,112100,169400,281500
70929107021,2019,103600,197400,301000
70929107039,2019,117800,198400,316200
70929107047,2019,114800,236000,350800
70929107055,2019,114300,390700,505000
70929107063,2019,80000,309300,389300
70929107071,2019,76700,238800,315500
70929108011,2019,0,0,0
70929108029,2019,113500,242100,355600
70929108037,2019,100400,216000,316400
70929108045,2019,100400,224600,325000
70929108053,2019,100400,216000,316400
70929108061,2019,100400,220000,320400
70929108079,2019,99200,280800,380000
70929108087,2019,125700,266000,391700
70929108095,2019,114500,231900,346400
70929108102,2019,115300,316100,431400
70929108110,2019,116400,287600,404000
70929108128,2019,138500,235900,374400
70929108136,2019,120600,218600,339200
70929108144,2019,115900,190900,306800
70929108152,2019,101800,263900,365700
70929108160,2019,113100,531900,645000
70929109019,2019,89900,188800,278700
70929109027,2019,89900,227800,317700
70929109035,2019,89900,290100,380000
70929109043,2019,89900,187600,277500
70929109051,2019,89900,197600,287500
70929109069,2019,89900,279000,368900
70929109077,2019,89900,261500,351400
70929109085,2019,89900,248500,338400
70929109093,2019,89900,150700,240600
70929109100,2019,89900,279200,369100
70929109118,2019,110000,326600,436600
70929109126,2019,110000,396300,506300
70929109134,2019,89900,265900,355800
70929109142,2019,89900,283000,372900
70929109150,2019,89900,271900,361800
70929109168,2019,89900,277000,366900
70929109176,2019,89900,285000,374900
70929110016,2019,89900,277900,367800
70929110024,2019,89900,333000,422900
70929110032,2019,89900,217700,307600
70929110040,2019,89900,225800,315700
70929110058,2019,89900,333600,423500
70929110066,2019,89900,385100,475000
70929110074,2019,89900,250000,339900
70929110082,2019,89900,434600,524500
70929110090,2019,89900,298000,387900
70929110107,2019,89900,318100,408000
70929110115,2019,110000,271600,381600
70929110123,2019,110000,314300,424300
70929110131,2019,89900,296600,386500
70929110149,2019,89900,245700,335600
70929110157,2019,89900,224200,314100
70929110165,2019,89900,299700,389600
70929110173,2019,89900,273400,363300
70929111014,2019,0,0,0
70929111022,2019,0,0,0
70929111030,2019,100500,248600,349100
70929111048,2019,97500,305900,403400
70929111056,2019,100000,350500,450500
70929111064,2019,102000,255100,357100
70929111072,2019,102300,280900,383200
70929111080,2019,112100,199300,311400
70929111098,2019,100000,252500,352500
70929111105,2019,100400,114700,215100
70929111113,2019,100400,308100,408500
70929111121,2019,101500,233500,335000
70929111139,2019,97400,199700,297100
70929111147,2019,111700,326600,438300
70929111155,2019,120000,169500,289500
70929111163,2019,95800,302800,398600
70929111171,2019,103600,174900,278500
70929111189,2019,100500,222000,322500
70929111197,2019,100500,244400,344900
70929111204,2019,100500,270200,370700
70929111212,2019,113100,262200,375300
70929111220,2019,116400,296700,413100
70929111238,2019,125400,324500,449900
70929111246,2019,99700,281100,380800
70929111254,2019,100400,276300,376700
70929111262,2019,116100,188700,304800
70929111270,2019,151100,261900,413000
70929111288,2019,107100,280300,387400
70929111296,2019,99000,216700,315700
70929111303,2019,101700,189300,291000
70929111311,2019,100000,392100,492100
70929111329,2019,100000,204200,304200
70929111337,2019,99700,292300,392000
70929112012,2019,101500,205300,306800
70929112020,2019,117700,146000,263700
70929112038,2019,102900,220700,323600
70929112046,2019,102900,266400,369300
70929112054,2019,102900,195700,298600
70929112062,2019,104200,203800,308000
70929112070,2019,114900,251000,365900
70929112088,2019,113200,202900,316100
70929112096,2019,110500,169900,280400
70929112103,2019,108100,188900,297000
70929112111,2019,104600,234300,338900
70929112129,2019,102000,272000,374000
70929112137,2019,100400,225100,325500
70929112145,2019,100400,437800,538200
70929112153,2019,100400,214600,315000
70929112161,2019,102300,275000,377300
70929112179,2019,112100,193600,305700
70929112187,2019,112800,205900,318700
70929112195,2019,100000,331800,431800
70929112202,2019,112800,205600,318400
70929112210,2019,113100,261700,374800
70929112228,2019,100400,243800,344200
70929112236,2019,100400,211700,312100
70929112244,2019,100400,172200,272600
70929112252,2019,100400,247500,347900
70929112260,2019,104800,216800,321600
70929112278,2019,105600,272000,377600
70929112286,2019,108100,310600,418700
70929112294,2019,112100,342200,454300
70929112301,2019,114500,237800,352300
70929112319,2019,112100,334200,446300
70929112327,2019,115900,209200,325100
70929112335,2019,95800,215300,311100
70929112343,2019,113100,215500,328600
70929113010,2019,93800,255200,349000
70929113028,2019,90700,220900,311600
70929113036,2019,90100,162300,252400
70929113044,2019,89800,196000,285800
70929113052,2019,89800,239700,329500
70929113060,2019,89800,188200,278000
70929113078,2019,89800,212300,302100
70929113086,2019,89800,197300,287100
70929113094,2019,89800,292400,382200
70929113101,2019,89800,280500,370300
70929113119,2019,89800,235100,324900
70929113127,2019,88400,177100,265500
70929113135,2019,88400,198500,286900
70929113143,2019,89800,234100,323900
70929113151,2019,89800,132400,222200
70929113169,2019,89800,180400,270200
70929113177,2019,89800,182400,272200
70929113185,2019,89800,190800,280600
70929113193,2019,89800,235100,324900
70929113200,2019,89800,272000,361800
70929113218,2019,89800,200600,290400
70929113226,2019,89800,185000,274800
70929113234,2019,89800,278800,368600
70929113242,2019,90500,250600,341100
70929114018,2019,91200,284300,375500
70929114026,2019,89800,213100,302900
70929114034,2019,89800,231200,321000
70929114042,2019,89800,156000,245800
70929114050,2019,89800,201300,291100
70929114068,2019,89800,162900,252700
70929114076,2019,91400,228600,320000
70929114084,2019,89500,133000,222500
70929114092,2019,89500,163800,253300
70929114109,2019,89500,233200,322700
70929114117,2019,89500,155300,244800
70929114125,2019,87800,156600,244400
70929114133,2019,88000,177000,265000
70929114141,2019,82600,181600,264200
70929114159,2019,82400,151300,233700
70929114167,2019,82400,143100,225500
70929114175,2019,82400,170400,252800
70929114183,2019,84300,146800,231100
70929114191,2019,82800,132700,215500
70929114208,2019,82800,187400,270200
70929114216,2019,82700,153400,236100
70929114224,2019,82700,154900,237600
70929114232,2019,82700,217700,300400
70929114240,2019,82700,159400,242100
70929115016,2019,104700,278000,382700
70929115024,2019,108800,170600,279400
70929115032,2019,113500,187900,301400
70929115040,2019,122000,257900,379900
70929115058,2019,115900,265700,381600
70929115066,2019,137000,278000,415000
70929115074,2019,111700,196500,308200
70929115082,2019,104100,206600,310700
70929115090,2019,113200,185900,299100
70929115107,2019,114300,272900,387200
70929115115,2019,104200,196800,301000
70929115123,2019,109900,184100,294000
70929115131,2019,112800,180500,293300
70929115149,2019,113500,288500,402000
70929115157,2019,110200,263500,373700
70929115165,2019,125800,266700,392500
70929115173,2019,130700,338200,468900
70929115181,2019,108200,319400,427600
70929116014,2019,113200,222800,336000
70929116022,2019,113200,209300,322500
70929116030,2019,101000,332000,433000
70929116048,2019,101000,362900,463900
70929116056,2019,101000,217600,318600
70929116064,2019,117700,230200,347900
70929116072,2019,120600,214900,335500
70929116080,2019,119700,373400,493100
70929116098,2019,114800,244000,358800
70929116105,2019,122900,190500,313400
70929116113,2019,118500,340900,459400
70929116121,2019,116200,235000,351200
70929116139,2019,110200,156900,267100
70929116147,2019,135300,197000,332300
70929116155,2019,114300,108200,222500
70929116163,2019,110500,140000,250500
70929116171,2019,114300,309700,424000
70929116189,2019,117700,183700,301400
70929116197,2019,131800,226000,357800
70929116204,2019,122100,190600,312700
70929116212,2019,137300,219300,356600
70929116220,2019,100000,212200,312200
70929116238,2019,100000,237400,337400
70929116246,2019,100000,230700,330700
70929116254,2019,100000,168200,268200
70929116262,2019,100000,235400,335400
70929116270,2019,100000,213000,313000
70929116288,2019,106100,199600,305700
70929116296,2019,112700,304400,417100
70929117012,2019,89900,218100,308000
70929117020,2019,89900,212200,302100
70929117038,2019,89900,259100,349000
70929117046,2019,89900,318600,408500
70929117054,2019,89900,333000,422900
70929117062,2019,89900,260900,350800
70929117070,2019,89900,386100,476000
70929117088,2019,89900,262000,351900
70929117096,2019,89900,290100,380000
70929117103,2019,89900,221300,311200
70929117111,2019,89900,308900,398800
70929117129,2019,89900,313200,403100
70929117137,2019,89900,437300,527200
70929117145,2019,89900,176900,266800
70929117153,2019,89900,238700,328600
70929117161,2019,89900,260000,349900
70929117179,2019,89900,254900,344800
70929117187,2019,89900,245800,335700
70929118010,2019,89900,155400,245300
70929118028,2019,89900,278300,368200
70929118036,2019,89900,238100,328000
70929118044,2019,89900,249000,338900
70929118052,2019,89900,239000,328900
70929118060,2019,89900,280800,370700
70929118078,2019,89900,253800,343700
70929118086,2019,89700,255100,344800
70929118094,2019,89900,207800,297700
70929118101,2019,89900,229400,319300
70929118119,2019,89900,237300,327200
70929118127,2019,89900,233600,323500
70929118135,2019,89900,190400,280300
70929118143,2019,89900,161600,251500
70929118151,2019,89900,216200,306100
70929118169,2019,89900,192900,282800
70929118177,2019,89900,301800,391700
70929118185,2019,89900,221400,311300
70929119018,2019,89900,204100,294000
70929119026,2019,89900,165100,255000
70929119034,2019,89900,261900,351800
70929119042,2019,89900,187700,277600
70929119050,2019,89900,205300,295200
70929119068,2019,89900,112200,202100
70929119076,2019,89900,187500,277400
70929119084,2019,89900,183100,273000
70929119092,2019,89900,225500,315400
70929119117,2019,94400,156100,250500
70929119125,2019,94400,288700,383100
70929119133,2019,94400,229600,324000
70929119141,2019,111700,267600,379300
70929119159,2019,120200,330600,450800
70929119167,2019,89900,298600,388500
70929119175,2019,89900,214500,304400
70929120023,2019,106600,237200,343800
70929120031,2019,110000,256900,366900
70929120049,2019,108500,185500,294000
70929120057,2019,116800,336000,452800
70929120065,2019,111500,207300,318800
70929121013,2019,110000,235600,345600
70929121021,2019,84100,250400,334500
70929121039,2019,91300,185100,276400
70929121047,2019,109900,277400,387300
70929121055,2019,99100,180000,279100
70929121063,2019,98500,211100,309600
70929121071,2019,109600,181100,290700
70929121089,2019,125000,190100,315100
70929121097,2019,106000,217800,323800
70929121104,2019,99100,247200,346300
70929121112,2019,101200,225800,327000
70929121120,2019,107900,91700,199600
70929121138,2019,112900,264400,377300
70929121146,2019,113200,229300,342500
70929121154,2019,119000,247800,366800
70929121162,2019,121800,263100,384900
70929121170,2019,122100,288300,410400
70929121188,2019,116200,288800,405000
70929121196,2019,115800,193300,309100
70929121203,2019,114700,314300,429000
70929121211,2019,112900,304100,417000
70929121229,2019,100000,269900,369900
70929122011,2019,120900,172300,293200
70929122029,2019,114900,179500,294400
70929122037,2019,110000,208200,318200
70929122045,2019,110200,129400,239600
70929122053,2019,108000,187300,295300
70929122061,2019,101000,202300,303300
70929122079,2019,102300,275800,378100
70929122087,2019,104400,193200,297600
70929122095,2019,101100,255100,356200
70929122102,2019,101300,146300,247600
70929122110,2019,99700,99300,199000
70929122128,2019,116400,205300,321700
70929122136,2019,103400,213900,317300
70929122144,2019,114300,191400,305700
70929201013,2019,83100,169500,252600
70929201021,2019,83900,266100,350000
70929201039,2019,83900,233500,317400
70929201047,2019,83500,180300,263800
70929201055,2019,94800,181700,276500
70929201063,2019,93800,167900,261700
70929201071,2019,86800,271300,358100
70929201089,2019,86100,214800,300900
70929201097,2019,112800,210700,323500
70929201104,2019,98500,216000,314500
70929201112,2019,115200,289600,404800
70929201120,2019,115200,149000,264200
70929201138,2019,130500,265000,395500
70929201146,2019,105100,118700,223800
70929201154,2019,103200,333700,436900
70929201162,2019,113600,263000,376600
70929201170,2019,102500,374900,477400
70929201188,2019,126000,389100,515100
70929201196,2019,98500,333500,432000
70929201203,2019,105400,318100,423500
70929201211,2019,96500,338600,435100
70929201229,2019,96000,356700,452700
70929201237,2019,90900,336100,427000
70929201245,2019,92900,289100,382000
70929201253,2019,110600,447500,558100
70929202011,2019,100900,151400,252300
70929202029,2019,95700,142400,238100
70929202037,2019,85700,137500,223200
70929202045,2019,71500,223900,295400
70929202053,2019,75000,242200,317200
70929202061,2019,81300,180200,261500
70929202079,2019,81900,222100,304000
70929202087,2019,83100,200900,284000
70929202095,2019,88300,229100,317400
70929202102,2019,88300,274500,362800
70929202110,2019,85600,171700,257300
70929202128,2019,85600,208100,293700
70929202136,2019,100100,153200,253300
70929202144,2019,107000,306700,413700
70929202152,2019,114500,335100,449600
70929202160,2019,103600,278700,382300
70929202178,2019,113600,213700,327300
70929203019,2019,94200,269100,363300
70929203027,2019,78600,217400,296000
70929203035,2019,83800,156700,240500
70929203043,2019,83800,162300,246100
70929203051,2019,88700,229300,318000
70929203069,2019,84800,217400,302200
70929203077,2019,69900,193700,263600
70929203085,2019,72700,171100,243800
70929203093,2019,72800,197200,270000
70929203100,2019,72800,188000,260800
70929203118,2019,75800,191600,267400
70929203126,2019,76000,205600,281600
70929203134,2019,70700,212800,283500
70929203142,2019,70700,211800,282500
70929204017,2019,101900,147600,249500
70929204025,2019,104700,250200,354900
70929204033,2019,111400,169100,280500
70929204041,2019,97000,179300,276300
70929204059,2019,84800,181900,266700
70929204067,2019,85100,164500,249600
70929204075,2019,85100,178300,263400
70929204083,2019,84800,175900,260700
70929204091,2019,84600,160200,244800
70929204108,2019,84800,195000,279800
70929204116,2019,84800,200900,285700
70929204124,2019,93600,255600,349200
70929204132,2019,83800,220100,303900
70929204140,2019,79400,208300,287700
70929204158,2019,115500,202200,317700
70929204166,2019,115500,189000,304500
70929204174,2019,116300,180500,296800
70929204182,2019,115500,324500,440000
70929204190,2019,115500,161800,277300
70929204207,2019,115500,161000,276500
70929204215,2019,96800,217900,314700
70929204223,2019,88300,186700,275000
70929205015,2019,78600,177700,256300
70929205057,2019,87000,195500,282500
70929205065,2019,78300,193200,271500
70929205073,2019,78300,189200,267500
70929205081,2019,78300,188400,266700
70929205099,2019,78300,215900,294200
70929205106,2019,78300,189100,267400
70929205114,2019,78300,190500,268800
70929205122,2019,78600,213900,292500
70929205130,2019,80300,231600,311900
70929205148,2019,83800,184000,267800
70929205156,2019,83800,218600,302400
70929205164,2019,83800,185700,269500
70929205172,2019,83800,168200,252000
70929205180,2019,82000,215500,297500
70929205198,2019,92000,207900,299900
70929206013,2019,118000,162400,280400
70929206055,2019,78300,173700,252000
70929206063,2019,78300,167800,246100
70929206071,2019,78300,163300,241600
70929206089,2019,78300,168700,247000
70929206097,2019,78300,193700,272000
70929206104,2019,78400,163700,242100
70929206112,2019,78300,146700,225000
70929206120,2019,78300,173700,252000
70929206138,2019,78300,217700,296000
70929206146,2019,78300,165000,243300
70929206154,2019,84800,167200,252000
70929206162,2019,85100,181400,266500
70929206170,2019,85100,328800,413900
70929206188,2019,85100,164500,249600
70929206196,2019,85100,163000,248100
70929206203,2019,85100,178100,263200
70929206211,2019,85100,159600,244700
70929206229,2019,85100,208500,293600
70929206237,2019,84800,196500,281300
70929207011,2019,76800,177400,254200
70929207087,2019,90400,180100,270500
70929207095,2019,78400,205300,283700
70929207102,2019,76800,208800,285600
70929207110,2019,76400,216800,293200
70929207128,2019,76400,226000,302400
70929208019,2019,93500,162300,255800
70929208027,2019,93500,206600,300100
70929208035,2019,0,0,0
70929208043,2019,81400,208600,290000
70929208051,2019,81400,159900,241300
70929208069,2019,82000,242000,324000
70929208077,2019,81400,255700,337100
70929208085,2019,82000,221300,303300
70929208093,2019,81400,196900,278300
70929208100,2019,82000,207100,289100
70929208118,2019,81400,225700,307100
70929209017,2019,83800,184000,267800
70929209025,2019,87000,213800,300800
70929209033,2019,69500,214400,283900
70929209041,2019,80900,233600,314500
70929209059,2019,80900,208300,289200
70929209067,2019,88800,212900,301700
70929209075,2019,80900,333900,414800
70929209083,2019,83800,210200,294000
70929209091,2019,88300,192800,281100
70929209108,2019,83800,280200,364000
70929209116,2019,80900,209300,290200
70929209124,2019,83300,214700,298000
70929209132,2019,88300,186300,274600
70929209140,2019,80900,226100,307000
70929209158,2019,88200,169200,257400
70929209166,2019,83800,184300,268100
70929209174,2019,83800,157700,241500
70929209182,2019,83800,242100,325900
70929209190,2019,82200,251200,333400
70929209207,2019,78900,176300,255200
70929209215,2019,83800,208200,292000
70929209223,2019,83800,167500,251300
70929209231,2019,83800,262000,345800
70929209249,2019,83800,191200,275000
70929209257,2019,83300,209900,293200
70929209265,2019,83800,220800,304600
70929209273,2019,83800,190200,274000
70929209281,2019,83800,182200,266000
70929209299,2019,83800,173800,257600
70929209306,2019,83800,176700,260500
70929209314,2019,83800,158100,241900
70929209322,2019,83800,208000,291800
70929209330,2019,83800,176100,259900
70929209348,2019,83800,160300,244100
70929209356,2019,83800,208100,291900
70929210014,2019,81400,224700,306100
70929210022,2019,81400,195800,277200
70929210030,2019,81400,184300,265700
70929210048,2019,81400,158700,240100
70929210056,2019,81400,212300,293700
70929210064,2019,81400,170100,251500
70929210072,2019,81400,230300,311700
70929210080,2019,82000,203800,285800
70929210098,2019,81400,175600,257000
70929210105,2019,81400,208600,290000
70929210113,2019,81400,199900,281300
70929210121,2019,81400,165600,247000
70929211012,2019,83800,209200,293000
70929211020,2019,83800,182900,266700
70929211038,2019,83800,214700,298500
70929211046,2019,83800,171000,254800
70929211054,2019,83800,291200,375000
70929211062,2019,83800,158100,241900
70929211070,2019,80900,178900,259800
70929211088,2019,88800,170000,258800
70929211096,2019,88200,155800,244000
70929211103,2019,78400,186700,265100
70929211111,2019,93500,191700,285200
70929211129,2019,80900,168000,248900
70929211137,2019,83800,161100,244900
70929211145,2019,83800,165500,249300
70929212010,2019,76800,185700,262500
70929212028,2019,99200,251100,350300
70929212036,2019,102900,192800,295700
70929212044,2019,96400,249200,345600
70929212052,2019,78300,198200,276500
70929212060,2019,78200,214400,292600
70929212078,2019,78300,153700,232000
70929212086,2019,78300,247700,326000
70929212094,2019,78400,167600,246000
70929212101,2019,78300,186800,265100
70929212119,2019,78400,222400,300800
70929212127,2019,78200,214600,292800
70929212135,2019,76700,169400,246100
70929212143,2019,73700,251100,324800
70929212151,2019,75900,220200,296100
70929212169,2019,87200,230300,317500
70929212177,2019,82600,260400,343000
70929212185,2019,73700,195600,269300
70929213018,2019,78400,170200,248600
70929213026,2019,120400,189000,309400
70929213034,2019,85600,168400,254000
70929213042,2019,86100,180000,266100
70929213050,2019,77900,232100,310000
70929213068,2019,71000,202000,273000
70929213076,2019,70200,160600,230800
70929213084,2019,72100,200900,273000
70929213092,2019,71100,197500,268600
70929213109,2019,82300,188600,270900
70929213117,2019,78400,205800,284200
70929213125,2019,78400,166900,245300
70929213133,2019,78500,163800,242300
70929214016,2019,74200,221000,295200
70929214024,2019,77700,240800,318500
70929214032,2019,90100,233200,323300
70929214040,2019,100700,189800,290500
70929214058,2019,100100,160100,260200
70929214066,2019,100600,211000,311600
70929214074,2019,100100,222300,322400
70929214082,2019,100100,195100,295200
70929214090,2019,98200,249300,347500
70929214107,2019,95200,193300,288500
70929214115,2019,95200,192600,287800
70929214123,2019,95200,178000,273200
70929214131,2019,95200,229100,324300
70929214149,2019,95200,253700,348900
70929214157,2019,95200,201500,296700
70929214165,2019,100700,205400,306100
70929214173,2019,100100,239100,339200
70929214181,2019,93200,258700,351900
70929215014,2019,98200,208900,307100
70929215022,2019,98200,253200,351400
70929215030,2019,107800,228600,336400
70929215048,2019,87900,279000,366900
70929215056,2019,83100,268700,351800
70929215064,2019,83100,247400,330500
70929215072,2019,82000,327100,409100
70929215080,2019,87900,222300,310200
70929215098,2019,85900,196400,282300
70929215105,2019,85900,231500,317400
70929215113,2019,90800,248700,339500
70929215121,2019,118300,171700,290000
70929215139,2019,91600,183700,275300
70929215147,2019,84500,154500,239000
70929215155,2019,128400,264400,392800
70929215163,2019,93800,180300,274100
70929215171,2019,83500,326200,409700
70929215189,2019,83500,189800,273300
70929215197,2019,92400,179200,271600
70929215204,2019,73100,163900,237000
70929215212,2019,163400,230700,394100
70929215220,2019,95200,434300,529500
70929215238,2019,83500,234800,318300
70929215246,2019,87900,226200,314100
70929215254,2019,142900,248400,391300
70929215262,2019,85900,224600,310500
70929215270,2019,96000,312100,408100
70929216012,2019,87900,279600,367500
70929216020,2019,87900,302800,390700
70929216038,2019,87900,263400,351300
70929216046,2019,87900,301500,389400
70929216054,2019,87900,257300,345200
70929216062,2019,87900,219000,306900
70929216070,2019,88300,208000,296300
70929216088,2019,88300,198000,286300
70929216096,2019,87900,175700,263600
70929216103,2019,87900,176800,264700
70929216111,2019,87900,235600,323500
70929216129,2019,87900,177000,264900
70929216137,2019,87900,196700,284600
70929216145,2019,87900,248600,336500
70929216153,2019,88300,230500,318800
70929216161,2019,88300,231300,319600
70929216179,2019,89800,195700,285500
70929216187,2019,89800,186700,276500
70929216195,2019,89800,235200,325000
70929216202,2019,90100,218000,308100
70929216210,2019,88300,157700,246000
70929216228,2019,87900,167000,254900
70929216236,2019,88600,167400,256000
70929216244,2019,91100,256100,347200
70929216252,2019,89800,290600,380400
70929216260,2019,90100,283200,373300
70929216278,2019,91100,265600,356700
70929216286,2019,90100,220300,310400
70929217010,2019,103200,216800,320000
70929217028,2019,142900,258900,401800
70929217036,2019,104900,176800,281700
70929217044,2019,90700,190200,280900
70929217052,2019,91600,234700,326300
70929217060,2019,90700,248500,339200
70929217078,2019,88300,195200,283500
70929217086,2019,90100,157800,247900
70929217094,2019,90100,154300,244400
70929217101,2019,90100,239800,329900
70929217119,2019,90100,181000,271100
70929217127,2019,124500,185500,310000
70929217135,2019,128100,182400,310500
70929217143,2019,90100,287100,377200
70929217151,2019,95200,214000,309200
70929217169,2019,95200,165200,260400
70929217177,2019,95200,154200,249400
70929217185,2019,91600,201600,293200
70929217193,2019,91600,236200,327800
70929217200,2019,95200,236300,331500
70929217218,2019,95200,149200,244400
70929217226,2019,95200,228800,324000
70929217234,2019,96000,195500,291500
70929217242,2019,96000,263800,359800
70929217250,2019,84500,228300,312800
70929217268,2019,83500,353100,436600
70929218018,2019,107000,294200,401200
70929218026,2019,157500,126300,283800
70929218034,2019,95200,254200,349400
70929218042,2019,95200,161800,257000
70929218050,2019,95200,180400,275600
70929218068,2019,95200,207800,303000
70929218076,2019,96200,231800,328000
70929218084,2019,95200,187300,282500
70929218092,2019,95200,219100,314300
70929218109,2019,92400,183600,276000
70929218117,2019,91600,251100,342700
70929218125,2019,92400,172500,264900
70929218133,2019,90100,147000,237100
70929218141,2019,90700,187700,278400
70929218159,2019,91600,296000,387600
70929218167,2019,91600,186300,277900
70929218175,2019,83100,199200,282300
70929218183,2019,98500,223400,321900
70929218191,2019,91600,185800,277400
70929218208,2019,92400,229800,322200
70929218216,2019,89100,204800,293900
70929218224,2019,89400,193600,283000
70929219016,2019,87900,180300,268200
70929219024,2019,88300,125500,213800
70929219032,2019,88300,258600,346900
70929219040,2019,95200,282800,378000
70929219058,2019,95200,211700,306900
70929219066,2019,79500,159200,238700
70929219074,2019,79500,166800,246300
70929219082,2019,79700,196300,276000
70929219090,2019,80700,203100,283800
70929219107,2019,85100,350300,435400
70929219115,2019,87900,202100,290000
70929219123,2019,88900,178700,267600
70929219131,2019,89300,205800,295100
70929219149,2019,93800,209200,303000
70929219157,2019,78400,180000,258400
70929219165,2019,78400,161000,239400
70929219173,2019,82300,218200,300500
70929219181,2019,82600,196000,278600
70929219199,2019,82300,271000,353300
70929219206,2019,82300,152000,234300
70929219214,2019,98500,243400,341900
70929219222,2019,98500,187100,285600
70929219230,2019,89800,215900,305700
70929219248,2019,82000,436700,518700
70929220013,2019,75800,154000,229800
70929220021,2019,76500,160800,237300
70929220039,2019,88300,157100,245400
70929220047,2019,88300,257600,345900
70929220055,2019,88300,188700,277000
70929220063,2019,88300,162000,250300
70929220071,2019,88300,180600,268900
70929220089,2019,87900,223000,310900
70929220097,2019,87900,193800,281700
70929220104,2019,87900,227100,315000
70929220112,2019,73100,215900,289000
70929220120,2019,87200,211100,298300
70929220138,2019,69900,198300,268200
70929220146,2019,74600,198100,272700
70929220154,2019,88300,137600,225900
70929220162,2019,88300,181100,269400
70929220170,2019,88300,135500,223800
70929220188,2019,87900,179500,267400
70929220196,2019,88300,186400,274700
70929220203,2019,88300,221700,310000
70929220211,2019,88300,188800,277100
70929220229,2019,88300,187900,276200
70929220237,2019,90700,208600,299300
70929220245,2019,90100,135700,225800
70929221011,2019,73100,190600,263700
70929221029,2019,89800,196200,286000
70929221045,2019,88300,118100,206400
70929221053,2019,88300,195100,283400
70929221061,2019,87900,176500,264400
70929221079,2019,87900,134100,222000
70929221087,2019,95200,209600,304800
70929221095,2019,82300,184700,267000
70929221102,2019,88300,168500,256800
70929221110,2019,88300,161700,250000
70929221128,2019,88300,171400,259700
70929221136,2019,76500,195000,271500
70929221144,2019,76500,173400,249900
70929221152,2019,87200,149500,236700
70929221160,2019,75800,249300,325100
70929221178,2019,88300,202300,290600
70929221186,2019,88300,195800,284100
70929221194,2019,88300,177200,265500
70929221201,2019,88300,181300,269600
70929221219,2019,88300,161900,250200
70929221227,2019,88300,167000,255300
70929221235,2019,88300,188500,276800
70929221243,2019,88300,200700,289000
70929221251,2019,90100,185500,275600
70929221269,2019,96300,287500,383800
70929221277,2019,98500,189800,288300
70929221285,2019,87900,194400,282300
70929221293,2019,88300,307100,395400
70929221300,2019,139100,275000,414100
70929221318,2019,95000,273300,368300
70929222019,2019,87900,208600,296500
70929222027,2019,88300,223800,312100
70929222035,2019,96300,235900,332200
70929222043,2019,115200,274400,389600
70929222051,2019,107800,291800,399600
70929222069,2019,96200,304100,400300
70929222077,2019,99000,300600,399600
70929222085,2019,96200,458800,555000
70929222093,2019,96200,322800,419000
70929222100,2019,96200,307000,403200
70929222118,2019,96000,219200,315200
70929222126,2019,95200,219700,314900
70929222134,2019,90100,219300,309400
70929222142,2019,96300,251900,348200
70929222150,2019,95200,241600,336800
70929222168,2019,95200,170100,265300
70929222176,2019,95200,199800,295000
70929222184,2019,95200,190300,285500
70929222192,2019,98500,244000,342500
70929222209,2019,100600,304000,404600
70929222217,2019,98500,256100,354600
70929222225,2019,107800,257700,365500
70929222233,2019,107800,274400,382200
70929223017,2019,72100,216700,288800
70929223025,2019,81500,154500,236000
70929223033,2019,92800,224400,317200
70929223041,2019,93000,161500,254500
70929223059,2019,84000,159800,243800
70929223067,2019,77900,166200,244100
70929223075,2019,76200,173100,249300
70929223083,2019,76200,168200,244400
70929223091,2019,76500,162100,238600
70929223108,2019,77600,234000,311600
70929223116,2019,79500,151500,231000
70929223124,2019,81600,145900,227500
70929223132,2019,86100,171300,257400
70929223140,2019,96200,181200,277400
70929223158,2019,100600,170800,271400
70929223166,2019,108900,158000,266900
70929223174,2019,93800,295700,389500
70929223182,2019,98500,347500,446000
70929223190,2019,107000,260000,367000
70929223207,2019,108900,312700,421600
70929223215,2019,110900,230100,341000
70929223223,2019,106800,245900,352700
70929223231,2019,84500,229200,313700
70929223249,2019,85900,194500,280400
70929223257,2019,85900,176700,262600
70929223265,2019,85900,220100,306000
70929223273,2019,85900,216800,302700
70929223281,2019,85900,235600,321500
70929223299,2019,87200,170900,258100
70929223306,2019,90200,202400,292600
70929223314,2019,95200,215300,310500
70929223322,2019,95200,304100,399300
70929223330,2019,95200,226500,321700
70929223348,2019,95200,201600,296800
70929223356,2019,96200,298200,394400
70929223364,2019,100600,286000,386600
70929223372,2019,98500,250100,348600
70929223380,2019,109700,225500,335200
70929223398,2019,118200,264300,382500
70929223405,2019,68800,214200,283000
70929223413,2019,91100,243300,334400
70929224015,2019,90100,209400,299500
70929224023,2019,88400,182700,271100
70929224031,2019,87700,174500,262200
70929224049,2019,87700,151300,239000
70929224057,2019,87700,192800,280500
70929224065,2019,87700,137300,225000
70929224073,2019,87700,138100,225800
70929224081,2019,87700,190800,278500
70929224099,2019,87700,157300,245000
70929224106,2019,85900,180800,266700
70929224114,2019,86300,265700,352000
70929224122,2019,86100,158600,244700
70929224130,2019,86100,218000,304100
70929224148,2019,86100,184600,270700
70929224156,2019,85900,187600,273500
70929224164,2019,86100,193300,279400
70929301011,2019,89000,240300,329300
70929301029,2019,86300,187700,274000
70929301037,2019,89100,192900,282000
70929301045,2019,81400,221200,302600
70929301053,2019,81400,202600,284000
70929301061,2019,80800,213000,293800
70929301079,2019,80800,259800,340600
70929301087,2019,81400,264200,345600
70929301095,2019,78300,225100,303400
70929302019,2019,78200,266800,345000
70929302027,2019,80800,243200,324000
70929302035,2019,81400,221900,303300
70929302043,2019,80800,227000,307800
70929302051,2019,78200,259800,338000
70929302069,2019,90700,244100,334800
70929302077,2019,78300,208400,286700
70929302085,2019,102900,184800,287700
70929302093,2019,87400,306800,394200
70929302100,2019,77800,229500,307300
70929302118,2019,90700,202200,292900
70929302126,2019,85000,225000,310000
70929302134,2019,78800,269500,348300
70929302142,2019,78300,204200,282500
70929302150,2019,78300,143100,221400
70929302168,2019,71600,214600,286200
70929302176,2019,71600,231900,303500
70929303017,2019,86300,161000,247300
70929303025,2019,73800,232400,306200
70929303033,2019,85000,188800,273800
70929303041,2019,87500,243100,330600
70929303059,2019,76400,186500,262900
70929303067,2019,76400,234200,310600
70929303075,2019,75700,178200,253900
70929303083,2019,75400,195200,270600
70929303091,2019,81400,220000,301400
70929303108,2019,81400,178700,260100
70929303116,2019,80800,212400,293200
70929303124,2019,78300,187400,265700
70929303132,2019,80800,330900,411700
70929303140,2019,83900,181300,265200
70929303158,2019,97300,222700,320000
70929303166,2019,87600,252600,340200
70929303174,2019,90500,201100,291600
70929303182,2019,88000,300400,388400
70929303190,2019,87000,258000,345000
70929303207,2019,76400,157500,233900
70929303223,2019,92900,204700,297600
70929303231,2019,88600,196700,285300
70929303249,2019,94800,181900,276700
70929303257,2019,94800,207500,302300
70929303265,2019,94800,155800,250600
70929303273,2019,83300,176300,259600
70929303281,2019,80800,161200,242000
70929303299,2019,78300,187700,266000
70929303306,2019,78300,192800,271100
70929303314,2019,80600,208700,289300
70929303322,2019,80600,220300,300900
70929303330,2019,73800,203900,277700
70929303348,2019,74400,203200,277600
70929303356,2019,74400,191400,265800
70929303364,2019,74400,240500,314900
70929303372,2019,78200,249500,327700
70929303380,2019,78200,231800,310000
70929303398,2019,125800,195100,320900
70929304015,2019,88900,231900,320800
70929304023,2019,88600,203300,291900
70929304031,2019,88600,274500,363100
70929304049,2019,91400,267700,359100
70929304057,2019,88600,197300,285900
70929304065,2019,88600,213700,302300
70929304073,2019,88600,165700,254300
70929304081,2019,86900,258800,345700
70929304099,2019,87300,261200,348500
70929304114,2019,89100,190300,279400
70929304122,2019,84900,185000,269900
70929304130,2019,90700,142600,233300
70929304148,2019,90700,278000,368700
70929304156,2019,91400,179800,271200
70929304164,2019,92700,271300,364000
70929304172,2019,91400,179200,270600
70929304180,2019,91400,205000,296400
70929304198,2019,84900,186800,271700
70929305013,2019,92200,353600,445800
70929305021,2019,91300,328600,419900
70929305039,2019,91300,310500,401800
70929305047,2019,89900,272500,362400
70929305055,2019,89900,172500,262400
70929305063,2019,89900,220100,310000
70929305071,2019,90400,249700,340100
70929305089,2019,88800,186500,275300
70929305097,2019,88600,243800,332400
70929305104,2019,88600,310800,399400
70929305112,2019,88700,291900,380600
70929305120,2019,88700,272300,361000
70929305138,2019,89500,195300,284800
70929305146,2019,70600,204700,275300
70929305154,2019,81600,228500,310100
70929305162,2019,81600,231600,313200
70929305170,2019,79700,194100,273800
70929305188,2019,79700,230800,310500
70929305196,2019,83500,235300,318800
70929305203,2019,92400,184300,276700
70929305211,2019,90900,235300,326200
70929305229,2019,89000,294500,383500
70929305237,2019,89000,236900,325900
70929305245,2019,92400,284200,376600
70929305253,2019,89000,217200,306200
70929305261,2019,81600,211700,293300
70929305279,2019,79700,240300,320000
70929305287,2019,79700,227600,307300
70929305295,2019,87300,198900,286200
70929305302,2019,104700,268300,373000
70929305310,2019,92400,321100,413500
70929306011,2019,92400,245600,338000
70929306029,2019,89000,222400,311400
70929306037,2019,89000,307900,396900
70929306045,2019,89000,267200,356200
70929306053,2019,89000,348400,437400
70929306061,2019,92400,322600,415000
70929306079,2019,89000,264300,353300
70929306087,2019,89000,230700,319700
70929306095,2019,90900,210100,301000
70929306102,2019,92400,264000,356400
70929306110,2019,83500,209600,293100
70929306128,2019,79700,328500,408200
70929306136,2019,79700,255100,334800
70929306144,2019,81600,303300,384900
70929306152,2019,81600,312100,393700
70929306160,2019,92400,287200,379600
70929306178,2019,96600,219300,315900
70929306186,2019,89000,272500,361500
70929306194,2019,89000,218500,307500
70929306201,2019,87000,221700,308700
70929306219,2019,85500,245400,330900
70929306227,2019,87000,206500,293500
70929306235,2019,97600,236500,334100
70929306243,2019,94800,288600,383400
70929306251,2019,90900,354200,445100
70929306269,2019,89000,245800,334800
70929306277,2019,94800,183400,278200
70929306285,2019,89000,259900,348900
70929306293,2019,89000,223300,312300
70929306300,2019,87000,267300,354300
70929306318,2019,85500,206600,292100
70929306326,2019,90900,305900,396800
70929307019,2019,89000,323000,412000
70929307027,2019,78100,277100,355200
70929307035,2019,94800,420600,515400
70929307043,2019,94800,310200,405000
70929307051,2019,94800,261600,356400
70929307069,2019,94800,322200,417000
70929307077,2019,94800,266800,361600
70929307085,2019,90900,282000,372900
70929307093,2019,107400,262000,369400
70929307100,2019,107400,275100,382500
70929307118,2019,107400,232800,340200
70929307126,2019,83500,304100,387600
70929307134,2019,81600,288200,369800
70929307142,2019,78100,245900,324000
70929307150,2019,81600,259000,340600
70929307168,2019,83500,248300,331800
70929307176,2019,81600,251100,332700
70929307184,2019,89000,352800,441800
70929307192,2019,90900,276600,367500
70929307209,2019,90900,337400,428300
70929307217,2019,105600,341100,446700
70929307225,2019,109400,350400,459800
70929307233,2019,105600,369300,474900
70929307241,2019,109400,276900,386300
70929307259,2019,109400,326400,435800
70929307267,2019,100300,305900,406200
70929307275,2019,107400,335400,442800
70929308017,2019,129700,245300,375000
70929308025,2019,183500,330400,513900
70929308033,2019,120700,344300,465000
70929308041,2019,111000,342300,453300
70929308059,2019,102100,344600,446700
70929308067,2019,105600,379400,485000
70929308075,2019,105600,261200,366800
70929308083,2019,87000,310400,397400
70929308091,2019,85500,285400,370900
70929308108,2019,89000,249800,338800
70929308116,2019,81000,231300,312300
70929308124,2019,85200,257300,342500
70929308132,2019,86300,221000,307300
70929308140,2019,90400,301500,391900
70929308158,2019,91300,186300,277600
70929308166,2019,90800,216000,306800
70929308174,2019,86500,217500,304000
70929308182,2019,86200,206300,292500
70929308190,2019,244400,328000,572400
70929308207,2019,106900,285500,392400
70929308215,2019,95700,200200,295900
70929308223,2019,86200,210600,296800
70929308231,2019,89400,307200,396600
70929308249,2019,143100,315600,458700
70929308257,2019,101600,309700,411300
70929309015,2019,97300,187600,284900
70929309023,2019,91400,239700,331100
70929309031,2019,95900,224100,320000
70929309049,2019,91400,231300,322700
70929309057,2019,91400,153500,244900
70929309065,2019,91400,196900,288300
70929309073,2019,96000,297500,393500
70929309081,2019,84300,149000,233300
70929309099,2019,86100,185100,271200
70929309106,2019,96000,203800,299800
70929309114,2019,93700,160000,253700
70929309122,2019,99800,223900,323700
70929309130,2019,93700,205500,299200
70929309148,2019,100400,239000,339400
70929309156,2019,93700,185300,279000
70929309164,2019,96000,180700,276700
70929310012,2019,97300,144700,242000
70929310020,2019,93700,265300,359000
70929310038,2019,100400,132900,233300
70929310046,2019,93700,174600,268300
70929310054,2019,100400,214500,314900
70929310062,2019,92900,192100,285000
70929310070,2019,100100,205500,305600
70929310088,2019,88800,131100,219900
70929401019,2019,101100,180100,281200
70929401027,2019,88800,169300,258100
70929401035,2019,90200,234700,324900
70929401043,2019,90200,209100,299300
70929401051,2019,90200,207700,297900
70929401069,2019,90200,214500,304700
70929401077,2019,90200,197500,287700
70929401085,2019,90200,227400,317600
70929401093,2019,90200,185900,276100
70929401100,2019,90200,191700,281900
70929401118,2019,86500,167100,253600
70929401126,2019,105900,240100,346000
70929401134,2019,85000,227800,312800
70929401142,2019,85000,240400,325400
70929401150,2019,84400,192500,276900
70929401168,2019,85000,230400,315400
70929401176,2019,90200,260200,350400
70929401184,2019,90200,258200,348400
70929401192,2019,85000,174500,259500
70929401209,2019,85000,226000,311000
70929401217,2019,85000,243200,328200
70929401225,2019,87300,318400,405700
70929402017,2019,98300,198100,296400
70929402025,2019,90200,210800,301000
70929402033,2019,90200,229800,320000
70929402041,2019,92700,171900,264600
70929402059,2019,99900,180100,280000
70929402067,2019,99900,232100,332000
70929402075,2019,99900,183500,283400
70929402083,2019,99900,225100,325000
70929402091,2019,99900,170100,270000
70929402108,2019,99900,195000,294900
70929402116,2019,91900,222100,314000
70929402124,2019,92200,378600,470800
70929402132,2019,80800,191700,272500
70929402140,2019,72200,260600,332800
70929402158,2019,90200,243200,333400
70929402166,2019,90200,275700,365900
70929402174,2019,90200,242700,332900
70929402182,2019,90200,270500,360700
70929402190,2019,90200,234800,325000
70929402207,2019,90200,243600,333800
70929402215,2019,90200,197800,288000
70929402223,2019,90200,204100,294300
70929402231,2019,90200,234800,325000
70929402249,2019,90200,194800,285000
70929402257,2019,72200,236000,308200
70929403015,2019,96000,246900,342900
70929403023,2019,96500,396000,492500
70929403031,2019,96500,236000,332500
70929403049,2019,96500,262200,358700
70929403057,2019,96500,203100,299600
70929403065,2019,84900,225600,310500
70929403073,2019,76600,198300,274900
70929403081,2019,75400,257800,333200
70929403099,2019,81900,214500,296400
70929403106,2019,86700,218300,305000
70929403114,2019,87000,206200,293200
70929403122,2019,87300,234800,322100
70929403130,2019,87000,206900,293900
70929403148,2019,87000,223300,310300
70929403156,2019,88200,197000,285200
70929403164,2019,87300,226900,314200
70929403172,2019,88200,201200,289400
70929403180,2019,87000,205200,292200
70929403198,2019,98300,212000,310300
70929403205,2019,106100,280200,386300
70929403213,2019,101400,370600,472000
70929403221,2019,96100,322600,418700
70929403239,2019,101400,256800,358200
70929403247,2019,100800,340100,440900
70929403255,2019,101400,225200,326600
70929403263,2019,101400,310400,411800
70929403271,2019,101400,407400,508800
70929403289,2019,101400,276300,377700
70929403297,2019,100800,337400,438200
70929403304,2019,102600,342000,444600
70929403312,2019,100800,327400,428200
70929403320,2019,95900,351800,447700
70929403338,2019,100800,311200,412000
70929403346,2019,105900,302800,408700
70929403354,2019,96500,301400,397900
70929403362,2019,100800,257300,358100
70929403370,2019,101400,351100,452500
70929403388,2019,101400,274100,375500
70929403396,2019,111200,331600,442800
70929404021,2019,0,0,0
70929404039,2019,87000,272000,359000
70929404047,2019,87300,190200,277500
70929404055,2019,87000,189100,276100
70929404063,2019,97400,176000,273400
70929404071,2019,97400,174400,271800
70929404089,2019,97400,234300,331700
70929404097,2019,97400,259600,357000
70929405011,2019,95200,247600,342800
70929405029,2019,100400,241800,342200
70929405037,2019,99100,240100,339200
70929405045,2019,107700,338500,446200
70929405053,2019,106800,238300,345100
70929405061,2019,107700,243200,350900
70929405079,2019,92800,346000,438800
70929405087,2019,88600,239600,328200
70929405095,2019,88200,239100,327300
70929405102,2019,88600,299400,388000
70929405110,2019,88600,345400,434000
70929405128,2019,89900,186700,276600
70929405136,2019,88600,220600,309200
70929405144,2019,79600,176000,255600
70929405152,2019,79600,174500,254100
70929405160,2019,86100,259900,346000
70929405178,2019,86100,228400,314500
70929405186,2019,86100,219700,305800
70929405194,2019,0,0,0
70929405201,2019,86100,255100,341200
70929405219,2019,86100,212500,298600
70929405227,2019,86100,192800,278900
70929405235,2019,87000,265200,352200
70929405243,2019,87000,215500,302500
70929406019,2019,71000,220300,291300
70929406027,2019,81900,209200,291100
70929406035,2019,99100,214300,313400
70929406043,2019,99100,253300,352400
70929406051,2019,99100,225000,324100
70929406069,2019,99100,237000,336100
70929406077,2019,99100,249700,348800
70929406085,2019,99100,201600,300700
70929406093,2019,95200,322100,417300
70929407017,2019,87300,234100,321400
70929407025,2019,86700,192500,279200
70929407033,2019,87300,220000,307300
70929407041,2019,87300,210600,297900
70929407059,2019,87300,230100,317400
70929407067,2019,87300,249800,337100
70929407075,2019,82300,324700,407000
70929407083,2019,86700,200100,286800
70929407091,2019,86700,242000,328700
70929407108,2019,87300,176700,264000
70929407116,2019,87300,237200,324500
70929407124,2019,87300,276700,364000
70929407132,2019,87300,222800,310100
70929407140,2019,86700,225800,312500
70929407158,2019,78800,163700,242500
70929407166,2019,78800,178100,256900
70929408015,2019,90200,184300,274500
70929408023,2019,90200,191200,281400
70929408031,2019,90500,217500,308000
70929408049,2019,87300,194300,281600
70929408057,2019,86700,213300,300000
70929408065,2019,87300,194500,281800
70929408073,2019,87300,216600,303900
70929408081,2019,87300,253500,340800
70929408099,2019,90200,271400,361600
70929408106,2019,91500,197400,288900
70929408114,2019,90200,364600,454800
70929408122,2019,90200,209800,300000
70929408130,2019,90200,207500,297700
70929408148,2019,90500,253900,344400
70929409013,2019,90200,249500,339700
70929409021,2019,83700,228500,312200
70929409039,2019,83100,292800,375900
70929409047,2019,83700,213700,297400
70929409055,2019,83700,228000,311700
70929409063,2019,83700,218000,301700
70929409071,2019,83700,237400,321100
70929409089,2019,79700,243400,323100
70929409097,2019,79700,227100,306800
70929409104,2019,83700,221800,305500
70929409112,2019,83700,211000,294700
70929409120,2019,83700,244300,328000
70929409138,2019,83700,204100,287800
70929409146,2019,83700,197300,281000
70929409154,2019,83700,253700,337400
70929409162,2019,87300,200500,287800
70929410010,2019,86000,245700,331700
70929410028,2019,87300,230500,317800
70929410036,2019,87300,343300,430600
70929410044,2019,87300,288900,376200
70929410052,2019,87300,257700,345000
70929410060,2019,86700,203100,289800
70929410078,2019,87300,248800,336100
70929410086,2019,86700,275300,362000
70929410094,2019,86700,283700,370400
70929410101,2019,86700,227000,313700
70929410119,2019,87300,211200,298500
70929410127,2019,86700,224000,310700
70929410135,2019,87300,241500,328800
70929410143,2019,87300,298500,385800
70929410151,2019,86700,235500,322200
70929410169,2019,86000,211600,297600
70929411018,2019,86700,273300,360000
70929411026,2019,94200,190400,284600
70929411034,2019,94200,170900,265100
70929411042,2019,94200,259400,353600
70929411050,2019,87300,227500,314800
70929411068,2019,74300,288900,363200
70929411076,2019,73100,211500,284600
70929411084,2019,70700,198400,269100
70929411092,2019,94800,211300,306100
70929411109,2019,87300,185600,272900
70929411117,2019,87300,228400,315700
70929412016,2019,80600,185500,266100
70929412024,2019,83100,197900,281000
70929412032,2019,79400,193600,273000
70929412040,2019,88600,216400,305000
70929412058,2019,86700,268400,355100
70929412066,2019,87300,190800,278100
70929412074,2019,87300,216400,303700
70929412082,2019,86700,223600,310300
70929412090,2019,68100,206900,275000
70929412107,2019,73900,194700,268600
70929413014,2019,88200,201800,290000
70929413022,2019,90200,252300,342500
70929413030,2019,90500,212800,303300
70929413048,2019,90200,213800,304000
70929413056,2019,90500,193300,283800
70929413064,2019,90500,310800,401300
70929413072,2019,88200,177700,265900
70929413080,2019,79800,232600,312400
70929413098,2019,88900,181100,270000
70929413105,2019,85900,184200,270100
70929413113,2019,83100,222900,306000
70929413121,2019,80100,183100,263200
70929413139,2019,89000,187100,276100
70929414020,2019,97800,329700,427500
70929414038,2019,105100,339900,445000
70929414046,2019,122600,235900,358500
70929414054,2019,88700,386300,475000
70929414062,2019,95200,189800,285000
70929414070,2019,109200,221600,330800
70929415010,2019,83000,229000,312000
70929415028,2019,83000,221600,304600
70929415036,2019,80600,207200,287800
70929415044,2019,82400,260000,342400
70929415052,2019,83000,232000,315000
70929415060,2019,82000,228000,310000
70929415078,2019,82000,223000,305000
70929415086,2019,82100,199100,281200
70929415094,2019,83500,277500,361000
70929415101,2019,82300,200400,282700
70929415119,2019,82300,238400,320700
70929415127,2019,81400,194100,275500
70929415135,2019,81400,163300,244700
70929415143,2019,85000,228800,313800
70929415151,2019,84400,220100,304500
70929415169,2019,91200,187000,278200
70929415177,2019,86000,389000,475000
70929415185,2019,85000,225500,310500
70929415193,2019,85000,237100,322100
70929415200,2019,88100,180400,268500
70929415218,2019,87300,220700,308000
70929415226,2019,88200,229200,317400
70929415234,2019,94200,217000,311200
70929415242,2019,94200,183900,278100
70929415250,2019,88700,264700,353400
70929415268,2019,88600,201400,290000
70929415276,2019,88600,253800,342400
70929416018,2019,104400,351600,456000
70929416026,2019,94200,301600,395800
70929416034,2019,88600,261300,349900
70929416042,2019,99100,256800,355900
70929416050,2019,96700,269600,366300
70929416068,2019,97700,307300,405000
70929416076,2019,96700,290600,387300
70929416084,2019,97700,303000,400700
70929416092,2019,104400,280300,384700
70929416109,2019,97700,244700,342400
70929416117,2019,104400,343900,448300
70929416125,2019,124400,233100,357500
70929416133,2019,124400,236400,360800
70929416141,2019,92800,266200,359000
70929416159,2019,86700,319900,406600
70929416167,2019,94800,239800,334600
70929416175,2019,94800,227600,322400
70929416183,2019,94800,265800,360600
70929416191,2019,94800,202200,297000
70929416208,2019,94800,235900,330700
70929416216,2019,91200,253000,344200
70929416224,2019,81400,167600,249000
70929416232,2019,72300,225100,297400
70929416240,2019,72300,253900,326200
70929416258,2019,72300,215600,287900
70929416266,2019,72300,243000,315300
70929416274,2019,72300,233200,305500
70929416282,2019,72300,179200,251500
70929416290,2019,72300,276900,349200
70929416307,2019,71300,226700,298000
70929416315,2019,0,0,0
70929417016,2019,90500,219400,309900
70929417024,2019,87300,206400,293700
70929417032,2019,87300,233700,321000
70929417040,2019,87300,251700,339000
70929417058,2019,87300,312100,399400
70929417066,2019,87300,192700,280000
70929417074,2019,87300,249500,336800
70929417082,2019,77800,278200,356000
70929417090,2019,93200,262700,355900
70929417107,2019,87300,300700,388000
70929417115,2019,87300,312700,400000
70929417123,2019,87300,266900,354200
70929417131,2019,87300,237700,325000
70929417149,2019,87300,193000,280300
70929417157,2019,87300,217300,304600
70929417165,2019,91200,205700,296900
70929418014,2019,94800,320200,415000
70929418022,2019,95200,241600,336800
70929418030,2019,94200,250400,344600
70929418048,2019,92700,249900,342600
70929418056,2019,92800,263600,356400
70929418064,2019,86700,241300,328000
70929418072,2019,86700,252100,338800
70929418080,2019,87300,205100,292400
70929418098,2019,92700,220000,312700
70929418105,2019,87300,242300,329600
70929418113,2019,85000,242100,327100
70929418121,2019,89900,240100,330000
70929418139,2019,91200,205900,297100
70929418147,2019,86000,233000,319000
70929418155,2019,87300,209400,296700
70929418163,2019,92800,220000,312800
70929418171,2019,86700,266400,353100
70929418189,2019,87300,215700,303000
70929418197,2019,88100,276600,364700
70929418204,2019,91500,207000,298500
70929418212,2019,92700,236400,329100
70929418220,2019,92800,281200,374000
70929418238,2019,106800,345600,452400
70929418246,2019,99100,289500,388600
70929418254,2019,78900,235900,314800
70929418262,2019,81500,227300,308800
70929418270,2019,86000,232500,318500
70929419012,2019,97700,298200,395900
70929419020,2019,78900,328200,407100
70929419038,2019,82300,255400,337700
70929419046,2019,81500,242700,324200
70929419054,2019,75800,282000,357800
70929419062,2019,81100,177800,258900
70929419070,2019,76900,186500,263400
70929419088,2019,86200,406000,492200
70929419096,2019,85100,225000,310100
70929419103,2019,86000,284500,370500
70929419111,2019,86500,263100,349600
70929419129,2019,86500,260500,347000
70929419137,2019,86500,288000,374500
70929419145,2019,91500,247000,338500
70929419153,2019,99100,212100,311200
70929419161,2019,86000,274000,360000
70929419179,2019,100400,230200,330600
70929419187,2019,102700,288900,391600
70929419195,2019,109900,227400,337300
70929419202,2019,96500,246700,343200
70929419210,2019,91200,309900,401100
70929419228,2019,87300,219100,306400
70929419236,2019,86000,298100,384100
70929419244,2019,86000,232300,318300
70929419252,2019,86500,238500,325000
70929419260,2019,90500,250800,341300
70929419278,2019,86500,277000,363500
70929419286,2019,86500,209200,295700
70929419294,2019,91200,228500,319700
70929419301,2019,91500,272300,363800
70929419319,2019,85000,196500,281500
70929419327,2019,86000,219300,305300
70929419335,2019,90500,254900,345400
70929419343,2019,85000,251800,336800
70929419351,2019,85000,296900,381900
70929419369,2019,86000,257500,343500
70929419377,2019,88600,224300,312900
70929419385,2019,142000,423000,565000
70929420019,2019,149300,630700,780000
70929420027,2019,138700,360200,498900
70929420035,2019,153800,451200,605000
70929420043,2019,153800,644400,798200
70929420051,2019,153800,466900,620700
70929420069,2019,154000,373700,527700
70929420077,2019,207400,772600,980000
70929420085,2019,143800,442600,586400
70929420093,2019,149300,328300,477600
70929420100,2019,163200,359600,522800
70929420118,2019,157600,300900,458500
70929420126,2019,140000,385700,525700
70929420134,2019,141100,344300,485400
70929420142,2019,141700,381300,523000
70929420150,2019,153500,377800,531300
70929420168,2019,157600,415100,572700
70929421017,2019,159100,349700,508800
70929421025,2019,157400,406900,564300
70929421033,2019,157400,478300,635700
70929421041,2019,143200,226800,370000
70929421059,2019,140100,224300,364400
70929421067,2019,138900,306800,445700
70929421075,2019,141700,414800,556500
70929421083,2019,133700,327800,461500
70929421091,2019,128800,358700,487500
70929421108,2019,128800,304100,432900
70929421116,2019,133700,276600,410300
70929421124,2019,131900,273600,405500
70929421132,2019,135500,340100,475600
70929421140,2019,139900,286800,426700
70929421158,2019,139000,336000,475000
70929421166,2019,137500,350000,487500
70929421174,2019,159100,346400,505500
70929421182,2019,159400,365600,525000
70929421190,2019,151700,263700,415400
70929421207,2019,157600,312300,469900
70929421215,2019,160100,449000,609100
70929422015,2019,192800,295200,488000
70929422023,2019,185100,605400,790500
70929422031,2019,168500,368700,537200
70929422049,2019,136300,312500,448800
70929422057,2019,182700,237900,420600
70929422065,2019,144200,476500,620700
70929422073,2019,150400,256600,407000
70929422081,2019,155700,231800,387500
70929422099,2019,164300,207400,371700
70929422106,2019,140900,473900,614800
70929422114,2019,146900,297500,444400
70929422122,2019,146900,311900,458800
70929422130,2019,144300,330000,474300
70929422148,2019,144100,323700,467800
70929422156,2019,144200,233200,377400
70929422164,2019,156200,182500,338700
70929422172,2019,157200,133800,291000
70929423013,2019,164300,502200,666500
70929423021,2019,156800,230300,387100
70929423039,2019,147100,326100,473200
70929423047,2019,147800,310000,457800
70929423055,2019,146600,241900,388500
70929423063,2019,160100,287200,447300
70929423071,2019,153500,226900,380400
70929423089,2019,166800,368000,534800
70929423097,2019,141200,310000,451200
70929423104,2019,156500,331000,487500
70929424029,2019,99100,254900,354000
70929424037,2019,109900,243200,353100
70929424045,2019,114400,220700,335100
70929425019,2019,90500,219700,310200
70929425027,2019,87300,225000,312300
70929425035,2019,87300,265500,352800
70929425043,2019,87300,244100,331400
70929425051,2019,87300,263100,350400
70929425069,2019,87300,221500,308800
70929425077,2019,87300,308600,395900
70929425085,2019,90500,257500,348000
70929425093,2019,92900,206400,299300
70929425100,2019,87300,201100,288400
70929425118,2019,87300,277600,364900
70929425126,2019,87300,202700,290000
70929425134,2019,87300,230500,317800
70929425142,2019,87300,241800,329100
70929425150,2019,87300,247800,335100
70929425168,2019,88600,235300,323900
70929426017,2019,81400,241600,323000
70929426025,2019,81700,281800,363500
70929426033,2019,96500,240000,336500
70929426041,2019,99100,333000,432100
70929426059,2019,100800,268600,369400
70929426067,2019,101400,243000,344400
70929426075,2019,99900,258800,358700
70929426083,2019,99100,245300,344400
70929426091,2019,99100,276700,375800
70929426108,2019,96500,247900,344400
70929426116,2019,105900,285100,391000
70929426124,2019,117900,320200,438100
70929426132,2019,112700,334800,447500
70929426140,2019,107700,285000,392700
70929426158,2019,109200,305300,414500
70929426166,2019,109200,257800,367000
70929426174,2019,95400,310800,406200
70929426182,2019,94800,308100,402900
70929426190,2019,100800,322800,423600
70929426207,2019,104400,280800,385200
70929426215,2019,112700,376600,489300
70929427015,2019,151500,283000,434500
70929427023,2019,160100,239900,400000
70929427031,2019,128700,245600,374300
70929427049,2019,127500,254500,382000
70929427057,2019,217800,243100,460900
70929427065,2019,127500,289500,417000
70929427073,2019,127500,489200,616700
70929427081,2019,131900,366400,498300
70929427099,2019,129300,367600,496900
70929427106,2019,131900,349900,481800
70929427114,2019,158800,347400,506200
70929427122,2019,181700,235300,417000
70929427130,2019,110000,440000,550000
70929427148,2019,141100,353900,495000
70929427156,2019,155200,257300,412500
70929427164,2019,125100,321800,446900
70929427172,2019,116200,351900,468100
70929427180,2019,132400,225100,357500
70929427198,2019,140500,233500,374000
70929427205,2019,141100,357800,498900
70929427213,2019,130400,261400,391800
70929428013,2019,144900,285200,430100
70929428021,2019,143800,218800,362600
70929428039,2019,141200,213400,354600
70929428047,2019,148500,240800,389300
70929428055,2019,170900,679100,850000
70929428063,2019,193700,287800,481500
70929428071,2019,131500,363300,494800
70929428089,2019,126500,354800,481300
70929428097,2019,125400,315500,440900
70929428104,2019,125300,355500,480800
70929428112,2019,125200,272000,397200
70929428120,2019,153600,279900,433500
70929428138,2019,173000,361400,534400
70929428146,2019,147800,432300,580100
70929428154,2019,131900,311100,443000
70929428162,2019,133200,212900,346100
70929428170,2019,130600,288400,419000
70930101012,2019,81400,210600,292000
70930101020,2019,81400,194100,275500
70930101038,2019,81400,180500,261900
70930101046,2019,81400,196400,277800
70930101054,2019,81400,178400,259800
70930101062,2019,81400,162500,243900
70930101070,2019,81400,172400,253800
70930101088,2019,81400,163900,245300
70930101096,2019,73200,167500,240700
70930101103,2019,73200,244200,317400
70930101111,2019,73800,171800,245600
70930101129,2019,80900,161000,241900
70930101137,2019,80900,161000,241900
70930101145,2019,80900,225700,306600
70930101153,2019,80900,214400,295300
70930101161,2019,80900,161000,241900
70930101179,2019,78200,165100,243300
70930101187,2019,73800,168900,242700
70930102010,2019,70200,179800,250000
70930102028,2019,73200,208200,281400
70930102036,2019,84600,176300,260900
70930102044,2019,78200,179400,257600
70930102052,2019,78200,205300,283500
70930102060,2019,84600,165400,250000
70930102078,2019,84600,183200,267800
70930103018,2019,79200,230600,309800
70930103026,2019,78600,175000,253600
70930103034,2019,78600,221700,300300
70930103042,2019,85100,198200,283300
70930103050,2019,73900,187800,261700
70930103068,2019,73800,251200,325000
70930103076,2019,73900,225100,299000
70930103084,2019,76400,278000,354400
70930103092,2019,73900,272600,346500
70930103109,2019,73900,183500,257400
70930103117,2019,80900,175300,256200
70930103125,2019,73800,168600,242400
70930103133,2019,73800,197900,271700
70930103141,2019,73800,259600,333400
70930103159,2019,78400,217600,296000
70930103167,2019,73200,204200,277400
70930103175,2019,73200,190400,263600
70930104016,2019,73200,188700,261900
70930104024,2019,73200,170900,244100
70930104032,2019,73200,204800,278000
70930104040,2019,73200,244100,317300
70930104058,2019,76400,230600,307000
70930104066,2019,80300,158900,239200
70930104074,2019,78200,182600,260800
70930104082,2019,73800,195000,268800
70930104090,2019,82000,186100,268100
70930104107,2019,73900,231100,305000
70930104115,2019,78400,184100,262500
70930104123,2019,73800,225300,299100
70930104131,2019,81400,263600,345000
70930104149,2019,76100,206800,282900
70930104157,2019,73900,182600,256500
70930104165,2019,81400,201600,283000
70930104173,2019,76800,203200,280000
70930104181,2019,73900,166800,240700
70930104199,2019,73800,194600,268400
70930104206,2019,73900,189200,263100
70930104214,2019,73800,187800,261600
70930104222,2019,80900,193000,273900
70930104230,2019,88300,195200,283500
70930104248,2019,81400,176000,257400
70930104256,2019,81400,257200,338600
70930104264,2019,85100,231900,317000
70930104272,2019,82000,191300,273300
70930104280,2019,84600,197900,282500
70930104298,2019,81400,186400,267800
70930104305,2019,84800,180500,265300
70930104313,2019,81400,272500,353900
70930104321,2019,88200,279500,367700
70930104339,2019,82000,227800,309800
70930104347,2019,85400,242900,328300
70930105014,2019,78200,187000,265200
70930105022,2019,90300,204000,294300
70930105030,2019,73900,178000,251900
70930105048,2019,72000,171600,243600
70930105056,2019,72000,199100,271100
70930105064,2019,72000,178300,250300
70930105072,2019,72000,178300,250300
70930105080,2019,72000,213600,285600
70930105098,2019,72500,252500,325000
70930105105,2019,80900,386400,467300
70930105113,2019,73100,187100,260200
70930105121,2019,68700,269200,337900
70930105139,2019,76100,186600,262700
70930105147,2019,80300,199800,280100
70930105155,2019,78300,217200,295500
70930105163,2019,95600,219900,315500
70930105171,2019,81400,248600,330000
70930105189,2019,73200,248400,321600
70930105197,2019,75400,230200,305600
70930401016,2019,87900,190000,277900
70930401024,2019,88000,151800,239800
70930401032,2019,88000,203100,291100
70930401040,2019,88000,218000,306000
70930401058,2019,87700,179500,267200
70930401066,2019,71000,197100,268100
70930401074,2019,73400,218200,291600
70930401082,2019,75800,175600,251400
70930401090,2019,75900,215700,291600
70930401107,2019,81100,288400,369500
70930401115,2019,83100,221100,304200
70930401123,2019,82500,171000,253500
70930401131,2019,83100,222000,305100
70930401149,2019,82500,178000,260500
70930402014,2019,74200,265200,339400
70930402022,2019,79800,196200,276000
70930402030,2019,73300,185900,259200
70930402048,2019,71600,206300,277900
70930402056,2019,70600,226800,297400
70930402064,2019,71600,167500,239100
70930402072,2019,73300,164600,237900
70930402080,2019,72400,208900,281300
70930405018,2019,66100,170300,236400
70930405026,2019,69000,170500,239500
70930405050,2019,0,0,0
70930405068,2019,80600,241600,322200
70930405076,2019,118500,185000,303500
70930405084,2019,129700,261000,390700
70930405092,2019,110300,129800,240100
70930405109,2019,102100,177900,280000
70930405117,2019,99600,190400,290000
70930405133,2019,89000,166700,255700
70930406016,2019,75200,188100,263300
70930406024,2019,81500,173400,254900
70930406032,2019,78800,137000,215800
70930406040,2019,75000,162500,237500
70930406058,2019,72900,159300,232200
70930406066,2019,88800,242100,330900
70930406074,2019,92400,222400,314800
70930406082,2019,100000,237000,337000
70930406090,2019,76800,188900,265700
70930406107,2019,76800,221100,297900
70930406115,2019,77200,210000,287200
70930406123,2019,79300,206700,286000
70930406131,2019,79700,187300,267000
70930406149,2019,73000,188800,261800
70930407014,2019,83500,224300,307800
70930407022,2019,83500,177200,260700
70930407030,2019,83100,250700,333800
70930407048,2019,82500,241700,324200
70930407056,2019,79300,199300,278600
70930407064,2019,75800,186600,262400
70930407072,2019,73000,176500,249500
70930407080,2019,73000,258100,331100
70930407098,2019,77900,248700,326600
70930407105,2019,78400,228200,306600
70930407113,2019,82200,209000,291200
70930407121,2019,82500,197400,279900
70930407139,2019,83500,223700,307200
70930407147,2019,83500,235600,319100
70930408012,2019,76800,187800,264600
70930408020,2019,77900,185700,263600
70930408038,2019,78800,230800,309600
70930408046,2019,79700,224800,304500
70930408054,2019,79700,160600,240300
70930408062,2019,79700,178300,258000
70930408070,2019,79700,219800,299500
70930408088,2019,79800,188600,268400
70930408096,2019,75800,175800,251600
70930408103,2019,88700,241800,330500
70930408111,2019,88700,211000,299700
70930408129,2019,89100,186600,275700
70930408137,2019,90800,179800,270600
70930408145,2019,92200,236400,328600
70930408153,2019,92300,230800,323100
70930408161,2019,92200,212900,305100
70930408179,2019,92200,218600,310800
70930408187,2019,75800,172600,248400
70930408195,2019,76800,225600,302400
70930408202,2019,76800,197500,274300
70930408210,2019,77200,227800,305000
70930408228,2019,77200,184100,261300
70930408236,2019,76800,171500,248300
70930408244,2019,75800,243000,318800
70930408252,2019,75800,206900,282700
70930408260,2019,82500,197500,280000
70930409010,2019,77200,179400,256600
70930409028,2019,75300,218200,293500
70930409036,2019,75300,221500,296800
70930409044,2019,75800,183400,259200
70930409052,2019,75500,196300,271800
70930409060,2019,75300,210700,286000
70930409078,2019,75300,198800,274100
70930409086,2019,75300,177000,252300
70930409094,2019,73000,216200,289200
70930409101,2019,90800,194100,284900
70930409119,2019,90800,211600,302400
70930409127,2019,90200,179200,269400
70930409135,2019,95700,194300,290000
70930409143,2019,88700,173100,261800
70930409151,2019,74300,213000,287300
70930409169,2019,74200,212500,286700
70930409177,2019,74000,189000,263000
70930409185,2019,71100,188100,259200
70930409193,2019,70400,189600,260000
70930409200,2019,70300,163000,233300
70930409218,2019,70600,195900,266500
70930409226,2019,71000,203400,274400
70930409234,2019,71100,177100,248200
70930409242,2019,71000,178800,249800
70930409250,2019,71100,234400,305500
70930409268,2019,77000,203800,280800
70930410017,2019,89400,249800,339200
70930410025,2019,76200,343700,419900
70930410033,2019,83600,218800,302400
70930410041,2019,92700,167400,260100
70930410059,2019,87000,266300,353300
70930410067,2019,97100,232300,329400
70930410075,2019,84500,216300,300800
70930410083,2019,82100,185000,267100
70930410091,2019,87500,188100,275600
70930410108,2019,83900,295200,379100
70930410116,2019,83900,215900,299800
70930410124,2019,85800,221000,306800
70930410132,2019,89400,295400,384800
70930410140,2019,87500,201300,288800
70930410158,2019,131300,323600,454900
70930410166,2019,164500,155500,320000
70930410174,2019,108200,291100,399300
70930410182,2019,99600,237400,337000
70930410190,2019,94700,285000,379700
70930410207,2019,91300,318000,409300
70930411015,2019,70000,197300,267300
70930411023,2019,73800,168100,241900
70930411031,2019,73500,233400,306900
70930411049,2019,73400,173900,247300
70930411057,2019,73400,166300,239700
70930411065,2019,73300,189100,262400
70930411073,2019,73200,165900,239100
70930411081,2019,73100,175800,248900
70930411099,2019,73100,245000,318100
70930411106,2019,73000,188000,261000
70930411114,2019,78600,181700,260300
70930411122,2019,67600,176200,243800
70930411130,2019,67900,184800,252700
70930411148,2019,67900,170600,238500
70930411156,2019,67700,180800,248500
70930411164,2019,75600,224600,300200
70930411172,2019,75600,289300,364900
70930411180,2019,75600,265100,340700
70930411198,2019,82100,223600,305700
70930411205,2019,98600,203000,301600
70930411213,2019,75600,256400,332000
70930411221,2019,75600,230900,306500
70930411239,2019,75600,200900,276500
70930411247,2019,75600,218500,294100
70930411255,2019,75600,267400,343000
70930411263,2019,75600,232300,307900
70930411271,2019,75600,250600,326200
70930411289,2019,76900,251700,328600
70930411297,2019,76900,283100,360000
70930411304,2019,73400,264100,337500
70930411312,2019,70200,241900,312100
70930413029,2019,68100,212700,280800
70930413037,2019,75600,306700,382300
70930413045,2019,75600,302000,377600
70930413053,2019,75600,336200,411800
70930413061,2019,75600,220100,295700
70930413079,2019,75600,242500,318100
70930413087,2019,75600,207100,282700
70930413095,2019,75600,312400,388000
70930413102,2019,75600,301100,376700
70930413110,2019,75600,293700,369300
70930413128,2019,75600,226800,302400
70930413136,2019,82100,276000,358100
70930413144,2019,83900,213500,297400
70930413152,2019,75600,244400,320000
70930413160,2019,87500,245700,333200
70930413178,2019,76900,220100,297000
70930413186,2019,73400,244100,317500
70930413194,2019,67700,222500,290200
70930413201,2019,67900,212900,280800
70930413219,2019,67900,207100,275000
70930413227,2019,60900,209800,270700
70930413269,2019,52400,251200,303600
70930413277,2019,52400,279400,331800
70930414019,2019,75600,196800,272400
70930414027,2019,75600,237600,313200
70930414035,2019,75600,233200,308800
70930414043,2019,75600,218900,294500
70930414051,2019,75600,215500,291100
70930414069,2019,75600,198100,273700
70930414077,2019,75600,252200,327800
70930414085,2019,75600,309300,384900
70930414093,2019,85800,223300,309100
70930414100,2019,57800,240200,298000
70930414118,2019,66900,296000,362900
70930414126,2019,64600,250800,315400
70930414134,2019,65200,275000,340200
70930414142,2019,75600,297500,373100
70930414150,2019,75600,239900,315500
70930414168,2019,75600,272700,348300
70930414176,2019,75600,266500,342100
70930414184,2019,75600,246900,322500
70930414192,2019,75600,255800,331400
70930414209,2019,75600,295600,371200
70930414217,2019,75600,297600,373200
70930415017,2019,91500,502500,594000
70930415025,2019,124100,266900,391000
70930415033,2019,124100,266900,391000
70930415041,2019,124100,217500,341600
70930415059,2019,94700,284300,379000
70930415067,2019,94700,310300,405000
70930415075,2019,119000,407900,526900
70930415083,2019,126000,258800,384800
70930415091,2019,147000,225100,372100
70930415108,2019,147000,241300,388300
70930415116,2019,101200,307000,408200
70930415124,2019,106500,277400,383900
70930415132,2019,106500,348100,454600
70930415140,2019,82100,260300,342400
70930415158,2019,78700,278600,357300
70930415166,2019,164500,333400,497900
70930415174,2019,131300,241900,373200
70930415182,2019,227400,294200,521600
70930415190,2019,164500,243700,408200
70930415207,2019,126000,157800,283800
70930415215,2019,185800,378500,564300
70930415223,2019,87500,336500,424000
70930415231,2019,87500,274300,361800
70930415249,2019,91600,353100,444700
70930415257,2019,91600,333800,425400
70930416015,2019,75600,303500,379100
70930416023,2019,75600,303500,379100
70930416031,2019,75600,258000,333600
70930416049,2019,75600,283500,359100
70930416057,2019,75600,283600,359200
70930416065,2019,75600,256800,332400
70930416073,2019,75600,239800,315400
70930416081,2019,75600,218200,293800
70930416099,2019,75600,221600,297200
70930416106,2019,85800,211400,297200
70930416114,2019,108200,227200,335400
70930416122,2019,106500,231500,338000
70930416130,2019,92300,245400,337700
70930416148,2019,75600,225800,301400
70930416156,2019,87500,259200,346700
70930416164,2019,75600,206800,282400
70930416172,2019,75600,224600,300200
70930416180,2019,75600,292400,368000
70930416198,2019,75600,349400,425000
70930416205,2019,75600,237000,312600
70930416213,2019,75600,213600,289200
70930416221,2019,75600,227700,303300
70930416239,2019,75600,216000,291600
70930416247,2019,75600,274400,350000
70930416255,2019,75600,258900,334500
70930416263,2019,75600,232800,308400
70930416271,2019,75600,232200,307800
70931102019,2019,140600,174000,314600
70931102027,2019,140600,231400,372000
70931102035,2019,140400,183800,324200
70931102043,2019,113400,138700,252100
70931102051,2019,150300,166000,316300
70931102069,2019,150300,133600,283900
70931102077,2019,102800,622100,724900
70931102085,2019,148800,253600,402400
70931102093,2019,143800,190400,334200
70931102100,2019,151500,210100,361600
70931102118,2019,118300,187300,305600
70931102126,2019,118300,115700,234000
70931102134,2019,118300,102700,221000
70931102142,2019,125600,106800,232400
70931102168,2019,140400,120100,260500
70931102176,2019,128100,144400,272500
70931102184,2019,110100,122500,232600
70931102192,2019,109200,98200,207400
70931102209,2019,106800,118600,225400
70931102217,2019,106800,156200,263000
70931102225,2019,106800,127400,234200
70931102233,2019,106800,100300,207100
70931102241,2019,106800,184200,291000
70931102259,2019,106800,100300,207100
70931102267,2019,106800,243300,350100
70931102275,2019,106800,122400,229200
70931102283,2019,120600,119400,240000
70931102291,2019,122200,225500,347700
70931102308,2019,107100,136100,243200
70931102324,2019,80200,201700,281900
70931102332,2019,103100,276900,380000
70931103017,2019,97200,130100,227300
70931103025,2019,103000,136900,239900
70931103033,2019,113700,149300,263000
70931103041,2019,123600,134500,258100
70931103059,2019,134400,126300,260700
70931103067,2019,103100,181400,284500
70931103075,2019,103100,185300,288400
70931103083,2019,103100,174600,277700
70931103091,2019,104600,175200,279800
70931103108,2019,99800,189900,289700
70931103116,2019,100400,88600,189000
70931103124,2019,103400,138000,241400
70931103132,2019,104500,142600,247100
70931103140,2019,104500,145900,250400
70931103158,2019,101600,142700,244300
70931103166,2019,100500,157500,258000
70931103174,2019,103300,186700,290000
70931103190,2019,110100,147900,258000
70931103207,2019,104200,180300,284500
70931103223,2019,105300,189900,295200
70931103231,2019,101900,265600,367500
70931103249,2019,103100,153700,256800
70931103257,2019,107500,141800,249300
70931103265,2019,99000,191600,290600
70931103273,2019,102800,179500,282300
70931103281,2019,135200,168000,303200
70931103299,2019,135100,139900,275000
70931103306,2019,113400,111400,224800
70931103314,2019,122500,155500,278000
70931103322,2019,103800,144100,247900
70931103330,2019,106800,114100,220900
70931103348,2019,134400,219000,353400
70931103356,2019,123600,157100,280700
70931103364,2019,113700,258000,371700
70931103372,2019,103000,184800,287800
70931103380,2019,97200,172000,269200
70931103398,2019,114300,180400,294700
70931104015,2019,152500,294400,446900
70931104023,2019,153400,215500,368900
70931104031,2019,158100,215000,373100
70931104049,2019,158100,170600,328700
70931104057,2019,158100,248000,406100
70931104065,2019,194000,255100,449100
70931104081,2019,195500,69600,265100
70931104099,2019,142100,126000,268100
70931104106,2019,145500,224000,369500
70931104114,2019,145500,146500,292000
70931104122,2019,145500,131300,276800
70931104130,2019,145500,211600,357100
70931104148,2019,146700,139500,286200
70931104156,2019,150600,209600,360200
70931104164,2019,148800,193900,342700
70931104172,2019,150300,203300,353600
70931104180,2019,149500,173800,323300
70931104198,2019,149500,193900,343400
70931104205,2019,149500,139400,288900
70931104213,2019,153400,146200,299600
70931104221,2019,149100,271200,420300
70931104239,2019,148200,149000,297200
70931104247,2019,149500,265400,414900
70931104255,2019,149500,218800,368300
70931104263,2019,200200,337500,537700
70931104271,2019,170700,292600,463300
70931104289,2019,149100,185900,335000
70931104297,2019,170000,111300,281300
70931104304,2019,163100,204800,367900
70931104312,2019,97200,229800,327000
70931104320,2019,114600,192800,307400
70931104338,2019,100400,312800,413200
70931104354,2019,145100,369900,515000
70931104362,2019,97200,269800,367000
70931105013,2019,108200,164300,272500
70931105021,2019,109200,124400,233600
70931105039,2019,109200,162100,271300
70931105047,2019,119800,222200,342000
70931105055,2019,116200,211900,328100
70931201019,2019,64300,169500,233800
70931201027,2019,75300,122500,197800
70931201035,2019,71700,194600,266300
70931201043,2019,72100,189600,261700
70931201051,2019,75900,126000,201900
70931201069,2019,75300,140700,216000
70931201077,2019,75300,141300,216600
70931201085,2019,76400,137100,213500
70931201093,2019,75900,153300,229200
70931201100,2019,75900,149100,225000
70931201118,2019,75300,154300,229600
70931201126,2019,76400,140600,217000
70931201134,2019,81100,135800,216900
70931201142,2019,88800,171200,260000
70931201150,2019,83800,156100,239900
70931201168,2019,74800,183900,258700
70931201176,2019,62600,184700,247300
70931201184,2019,63600,160400,224000
70931201192,2019,73000,180600,253600
70931201209,2019,69800,213400,283200
70931201217,2019,67500,355200,422700
70931202017,2019,82000,175800,257800
70931202025,2019,82500,133300,215800
70931202033,2019,88300,187000,275300
70931202041,2019,84300,155700,240000
70931202059,2019,75300,186000,261300
70931202067,2019,69900,155400,225300
70931202075,2019,66400,184600,251000
70931202083,2019,64600,164800,229400
70931202091,2019,74300,171000,245300
70931202108,2019,73500,188000,261500
70931202116,2019,75100,184900,260000
70931202124,2019,82300,149400,231700
70931202132,2019,78600,193400,272000
70931202158,2019,96100,145600,241700
70931202166,2019,77100,148600,225700
70931202174,2019,77500,202600,280100
70931202182,2019,75300,184200,259500
70931202190,2019,76400,167400,243800
70931202207,2019,76400,143300,219700
70931202215,2019,76400,184400,260800
70931202223,2019,78000,150200,228200
70931202231,2019,81300,172800,254100
70931202249,2019,91200,152200,243400
70931202257,2019,78400,147800,226200
70931202322,2019,67400,209200,276600
70931202330,2019,67400,145700,213100
70931202348,2019,67400,141100,208500
70931202356,2019,61500,160600,222100
70931202364,2019,74800,132400,207200
70931202372,2019,74800,141000,215800
70931202380,2019,74800,200800,275600
70931202398,2019,74800,164600,239400
70931202405,2019,74800,193600,268400
70931202413,2019,74800,147500,222300
70931202421,2019,74800,135400,210200
70931202439,2019,75900,146500,222400
70931202447,2019,78900,211200,290100
70931202455,2019,71900,275800,347700
70931202463,2019,67600,230500,298100
70931203015,2019,90500,186100,276600
70931203023,2019,76400,145300,221700
70931203031,2019,84100,173700,257800
70931203049,2019,76400,150400,226800
70931203057,2019,84100,138200,222300
70931203065,2019,76400,169800,246200
70931203073,2019,65900,163900,229800
70931203081,2019,64500,153600,218100
70931203099,2019,67300,254400,321700
70931204013,2019,70900,145000,215900
70931204021,2019,75100,138300,213400
70931204039,2019,78500,133800,212300
70931204047,2019,74800,143700,218500
70931204055,2019,74800,137800,212600
70931204063,2019,74800,144100,218900
70931204071,2019,74800,203000,277800
70931204089,2019,74800,151900,226700
70931204097,2019,76500,180000,256500
70931204104,2019,75100,197600,272700
70931204112,2019,70900,144400,215300
70931204120,2019,74800,140500,215300
70931204138,2019,74800,153000,227800
70931204146,2019,55300,158900,214200
70931204154,2019,55300,148400,203700
70931204162,2019,74800,156600,231400
70931205011,2019,77900,193700,271600
70931205029,2019,85600,134400,220000
70931205037,2019,85900,215700,301600
70931205045,2019,91000,175000,266000
70931206019,2019,69600,159300,228900
70931206027,2019,67600,158200,225800
70931206035,2019,65800,150300,216100
70931206043,2019,60900,180600,241500
70931206051,2019,73200,151300,224500
70931206069,2019,75900,162600,238500
70931206077,2019,75300,172100,247400
70931206085,2019,73200,265000,338200
70931206093,2019,73500,254500,328000
70931206100,2019,74700,279000,353700
70931206118,2019,75200,277700,352900
70931206126,2019,71300,261200,332500
70931206134,2019,69600,314600,384200
70931206142,2019,69900,272300,342200
70931206150,2019,63700,292200,355900
70931206168,2019,72100,215700,287800
70931206176,2019,72100,290300,362400
70931206184,2019,71300,302000,373300
70931206192,2019,69800,288200,358000
70931207017,2019,64100,154300,218400
70931207025,2019,67000,160700,227700
70931207033,2019,64600,161300,225900
70931207041,2019,97700,227900,325600
70931207059,2019,102600,260700,363300
70931207067,2019,63600,178300,241900
70931207075,2019,71900,229700,301600
70931207083,2019,63500,202800,266300
70931207091,2019,78400,166200,244600
70931207108,2019,78400,182100,260500
70931207116,2019,110100,133700,243800
70931207124,2019,55000,275000,330000
70931207132,2019,49000,269400,318400
70931207140,2019,93100,207400,300500
70931207158,2019,114700,168000,282700
70931207166,2019,123500,145600,269100
70931207174,2019,96800,321000,417800
70931208015,2019,78400,267200,345600
70931208023,2019,78400,224200,302600
70931208031,2019,78400,192100,270500
70931208049,2019,60300,152200,212500
70931208057,2019,60300,165600,225900
70931208065,2019,87200,147000,234200
70931208073,2019,87200,135300,222500
70931208081,2019,86800,137200,224000
70931208099,2019,76400,149900,226300
70931208106,2019,84700,154400,239100
70931208114,2019,90600,238400,329000
70931208122,2019,102200,234000,336200
70931208130,2019,101900,205300,307200
70931208148,2019,88800,287200,376000
70931208156,2019,84900,175000,259900
70931208164,2019,85700,197900,283600
70931208172,2019,88100,188900,277000
70931208180,2019,88400,171700,260100
70931208198,2019,88400,134100,222500
70931208205,2019,62000,210400,272400
70931208213,2019,63600,154200,217800
70931208221,2019,75900,172600,248500
70931208239,2019,75100,162200,237300
70931208247,2019,75100,174500,249600
70931208255,2019,77000,167400,244400
70931208263,2019,77000,183000,260000
70931208271,2019,77000,254500,331500
70931208289,2019,76400,197200,273600
70931208297,2019,87900,188800,276700
70931208304,2019,137100,215000,352100
70931208312,2019,119100,236700,355800
70931208320,2019,125300,280500,405800
70931208338,2019,125300,393700,519000
70931208346,2019,125300,208000,333300
70931208354,2019,108700,263600,372300
70931208362,2019,125300,136900,262200
70931208370,2019,125300,105800,231100
70931208396,2019,63500,158500,222000
70931208411,2019,67600,156700,224300
70931208429,2019,66400,171800,238200
70931208453,2019,60300,211200,271500
70931208461,2019,74300,205600,279900
70931208487,2019,99300,137900,237200
70931208495,2019,112000,197700,309700
70931208502,2019,112000,153500,265500
70931208510,2019,123700,212800,336500
70931208528,2019,110400,204700,315100
70931208536,2019,133500,72400,205900
70931208544,2019,94700,230900,325600
70931208552,2019,73000,229200,302200
70931208560,2019,142300,256700,399000
70931209013,2019,76500,172700,249200
70931209021,2019,69700,192800,262500
70931209039,2019,73500,151000,224500
70931209047,2019,73100,146900,220000
70931209055,2019,82500,149300,231800
70931209063,2019,84300,223400,307700
70931209071,2019,90400,135800,226200
70931209089,2019,73000,224800,297800
70931209097,2019,73500,145200,218700
70931209104,2019,69700,205300,275000
70931209112,2019,73200,166800,240000
70931209120,2019,64100,154000,218100
70931209138,2019,67000,182100,249100
70931209146,2019,65900,178000,243900
70931209154,2019,74700,166000,240700
70931209162,2019,76400,253800,330200
70931209170,2019,74800,201700,276500
70931209188,2019,74800,147000,221800
70931209196,2019,70800,203000,273800
70931210010,2019,74800,264800,339600
70931210028,2019,70900,214700,285600
70931210036,2019,72900,149400,222300
70931210044,2019,74800,193600,268400
70931210052,2019,73200,184300,257500
70931210060,2019,78000,257300,335300
70931210086,2019,76500,213500,290000
70931210094,2019,72700,210600,283300
70931210101,2019,72100,193400,265500
70931210119,2019,78900,317300,396200
70931210127,2019,80000,284900,364900
70931211018,2019,67500,275800,343300
70931211026,2019,71300,274800,346100
70931211034,2019,71300,272900,344200
70931211042,2019,75300,277300,352600
70931211050,2019,85500,318500,404000
70931211068,2019,92300,306400,398700
70931211076,2019,79900,317700,397600
70931211084,2019,70900,259800,330700
70931212016,2019,78900,207900,286800
70931212024,2019,78900,189800,268700
70931212032,2019,78900,155000,233900
70931212040,2019,78900,166400,245300
70931212058,2019,78900,162800,241700
70931212066,2019,75300,79700,155000
70931212074,2019,75300,145100,220400
70931212090,2019,70900,158000,228900
70931212107,2019,63600,154700,218300
70931212115,2019,74700,150100,224800
70931212123,2019,74700,158400,233100
70931212131,2019,74700,142300,217000
70931212149,2019,74700,148000,222700
70931212157,2019,74700,160100,234800
70931212165,2019,74700,145600,220300
70931212173,2019,74700,211600,286300
70931212181,2019,81900,129400,211300
70931212199,2019,100200,130800,231000
70931212206,2019,74700,274500,349200
70931212214,2019,74700,248800,323500
70931212222,2019,74700,235800,310500
70931212230,2019,82000,244700,326700
70931212248,2019,82000,244900,326900
70931212256,2019,74700,225100,299800
70931212272,2019,77500,229900,307400
70931212280,2019,77500,220600,298100
70931212298,2019,77500,254000,331500
70931212305,2019,80000,192300,272300
70931212313,2019,75300,165800,241100
70931212321,2019,74800,271800,346600
70931301017,2019,103300,108700,212000
70931301025,2019,104200,203600,307800
70931301033,2019,110700,177100,287800
70931301041,2019,110700,169100,279800
70931301059,2019,110700,136400,247100
70931301067,2019,124400,187400,311800
70931301075,2019,124800,225200,350000
70931301083,2019,124800,199400,324200
70931301091,2019,127300,176500,303800
70931301108,2019,122500,175200,297700
70931301116,2019,124600,192400,317000
70931301124,2019,122200,144200,266400
70931301132,2019,120100,172500,292600
70931301140,2019,120100,182700,302800
70931301158,2019,120100,188200,308300
70931301166,2019,106900,145000,251900
70931301174,2019,106900,129000,235900
70931301182,2019,106900,125700,232600
70931302015,2019,109900,134900,244800
70931302023,2019,114000,229400,343400
70931302031,2019,112900,113800,226700
70931302049,2019,125700,168900,294600
70931302057,2019,146200,115600,261800
70931302065,2019,105900,144800,250700
70931302073,2019,122100,175600,297700
70931302081,2019,161800,121300,283100
70931302099,2019,149500,121300,270800
70931302106,2019,100900,149800,250700
70931302114,2019,148600,234200,382800
70931302122,2019,124700,134700,259400
70931302130,2019,113000,115200,228200
70931302148,2019,110700,195300,306000
70931302156,2019,110700,178200,288900
70931302164,2019,110700,199800,310500
70931302172,2019,110700,175900,286600
70931302180,2019,110700,83300,194000
70931302198,2019,110700,190500,301200
70931302205,2019,110700,170500,281200
70931302213,2019,104200,180500,284700
70931302221,2019,103300,151400,254700
70931302239,2019,103400,150000,253400
70931302247,2019,106900,184700,291600
70931302255,2019,106900,161600,268500
70931302263,2019,106900,185000,291900
70931302271,2019,106900,145100,252000
70931302289,2019,106900,152500,259400
70931302297,2019,106900,137700,244600
70931302304,2019,106900,183900,290800
70931302312,2019,106900,176400,283300
70931302320,2019,106900,91800,198700
70931302338,2019,106900,155400,262300
70931302346,2019,106900,231200,338100
70931302354,2019,106900,139400,246300
70931302362,2019,124700,129400,254100
70931303013,2019,110700,183600,294300
70931303021,2019,110700,142100,252800
70931303039,2019,110700,178900,289600
70931303047,2019,110700,117100,227800
70931303055,2019,104600,118300,222900
70931303063,2019,104600,188400,293000
70931303071,2019,104200,146400,250600
70931303089,2019,97200,163500,260700
70931303097,2019,90700,209300,300000
70931303104,2019,110100,163300,273400
70931303112,2019,90800,117100,207900
70931303120,2019,98600,152400,251000
70931303138,2019,104600,139100,243700
70931303146,2019,104600,147500,252100
70931303154,2019,104600,149900,254500
70931303162,2019,99000,135400,234400
70931303170,2019,99000,195400,294400
70931303188,2019,99000,116200,215200
70931303196,2019,99000,176000,275000
70931303203,2019,92500,135700,228200
70931303211,2019,104200,131200,235400
70931304011,2019,104200,229300,333500
70931304029,2019,92500,214700,307200
70931304037,2019,99000,165000,264000
70931304045,2019,99000,129600,228600
70931304053,2019,99000,143000,242000
70931304061,2019,99000,186700,285700
70931304079,2019,99000,177900,276900
70931304087,2019,99000,148600,247600
70931304095,2019,99000,241000,340000
70931304102,2019,107100,270500,377600
70931304110,2019,103400,180000,283400
70931304128,2019,117600,205800,323400
70931304136,2019,127300,176400,303700
70931304144,2019,127200,149900,277100
70931304152,2019,126700,96000,222700
70931304160,2019,124800,122300,247100
70931304178,2019,111100,187600,298700
70931304186,2019,110700,150800,261500
70931304194,2019,110700,148500,259200
70931305019,2019,92500,153800,246300
70931305027,2019,99000,179300,278300
70931305035,2019,99000,105000,204000
70931305043,2019,99000,231700,330700
70931305051,2019,99000,167400,266400
70931305069,2019,99000,188100,287100
70931305077,2019,99000,165100,264100
70931305085,2019,99000,166700,265700
70931305093,2019,107700,268100,375800
70931305100,2019,104200,237500,341700
70931305118,2019,103900,174100,278000
70931305126,2019,106900,203100,310000
70931305134,2019,99000,142700,241700
70931305142,2019,99000,168500,267500
70931305150,2019,99000,171500,270500
70931305168,2019,99000,114100,213100
70931305176,2019,99000,133900,232900
70931305184,2019,99000,140800,239800
70931305192,2019,99000,175600,274600
70931305209,2019,92500,134400,226900
70931306017,2019,92500,171100,263600
70931306025,2019,99000,247400,346400
70931306033,2019,99000,116200,215200
70931306041,2019,99000,170800,269800
70931306059,2019,99000,166300,265300
70931306067,2019,99000,160500,259500
70931306075,2019,99000,149800,248800
70931306083,2019,99000,178800,277800
70931306091,2019,98600,223000,321600
70931306108,2019,125500,232700,358200
70931306116,2019,141300,164900,306200
70931306124,2019,93800,184300,278100
70931306132,2019,89400,197300,286700
70931306140,2019,93500,241900,335400
70931306158,2019,95200,120700,215900
70931306166,2019,109900,183100,293000
70931306174,2019,105300,240800,346100
70931306182,2019,99000,186000,285000
70931306190,2019,99000,127700,226700
70931306207,2019,99000,160900,259900
70931306215,2019,99000,135100,234100
70931306223,2019,99000,129200,228200
70931306231,2019,99000,153800,252800
70931306249,2019,99000,121000,220000
70931306257,2019,99000,152000,251000
70931306265,2019,99000,165500,264500
70931306273,2019,98600,122300,220900
70931306281,2019,92800,120300,213100
70931307015,2019,92500,131900,224400
70931307023,2019,99000,161500,260500
70931307031,2019,99000,189900,288900
70931307049,2019,99000,114100,213100
70931307057,2019,99000,169500,268500
70931307065,2019,99000,142000,241000
70931307073,2019,99000,215900,314900
70931307081,2019,99000,202600,301600
70931307099,2019,99000,153600,252600
70931307106,2019,99000,111900,210900
70931307114,2019,99000,126100,225100
70931307122,2019,105300,171100,276400
70931307130,2019,113400,133500,246900
70931307148,2019,100900,127500,228400
70931307156,2019,101000,139600,240600
70931307164,2019,101000,159500,260500
70931307172,2019,101000,162800,263800
70931307180,2019,101000,131600,232600
70931307198,2019,101000,135000,236000
70931307205,2019,101000,136200,237200
70931307213,2019,101000,148200,249200
70931307221,2019,101000,146900,247900
70931307239,2019,100500,115300,215800
70931307247,2019,101000,157000,258000
70931307255,2019,101000,138400,239400
70931307263,2019,95500,199700,295200
70931308013,2019,105800,209500,315300
70931308021,2019,107500,196900,304400
70931308039,2019,99100,184700,283800
70931308047,2019,99100,211600,310700
70931308055,2019,99100,207400,306500
70931308063,2019,99100,159700,258800
70931308071,2019,99100,150700,249800
70931308089,2019,99100,150400,249500
70931308097,2019,99100,188900,288000
70931308104,2019,92500,110100,202600
70931309011,2019,90400,140000,230400
70931309029,2019,99000,131500,230500
70931309037,2019,99000,119900,218900
70931309045,2019,99000,142700,241700
70931309053,2019,99000,180000,279000
70931309061,2019,99000,190600,289600
70931309079,2019,99000,148800,247800
70931309087,2019,99000,153200,252200
70931309095,2019,99000,132400,231400
70931309102,2019,99000,131000,230000
70931309110,2019,99000,125000,224000
70931309128,2019,99000,232000,331000
70931309136,2019,99000,158000,257000
70931309144,2019,99000,129900,228900
70931309152,2019,100200,197800,298000
70931309160,2019,99000,127900,226900
70931309178,2019,99000,133000,232000
70931309186,2019,99000,177900,276900
70931309194,2019,99000,139800,238800
70931309201,2019,99000,165800,264800
70931309219,2019,99000,116400,215400
70931309227,2019,99000,128900,227900
70931309235,2019,99000,153100,252100
70931309243,2019,99000,119100,218100
70931309251,2019,99000,154400,253400
70931309269,2019,105400,181300,286700
70931309277,2019,104600,119900,224500
70931309285,2019,99200,139800,239000
70931310018,2019,97200,95500,192700
70931310026,2019,93300,125600,218900
70931310034,2019,101700,121900,223600
70931310042,2019,99000,173000,272000
70931310050,2019,99000,176900,275900
70931310068,2019,99000,171300,270300
70931310076,2019,99000,124100,223100
70931310084,2019,99000,119100,218100
70931310092,2019,99000,151000,250000
70931310109,2019,99000,164000,263000
70931310117,2019,99000,192900,291900
70931310125,2019,99000,137500,236500
70931310133,2019,99200,156400,255600
70931310141,2019,99000,117500,216500
70931310159,2019,99000,114100,213100
70931312014,2019,100200,139600,239800
70931312022,2019,103800,133300,237100
70931312030,2019,103800,122700,226500
70931312048,2019,103800,142200,246000
70931312056,2019,103800,173200,277000
70931312064,2019,103800,135200,239000
70931312072,2019,103800,163800,267600
70931312080,2019,97400,172100,269500
70931312098,2019,75900,164400,240300
70931312105,2019,75900,165000,240900
70931312113,2019,75900,174800,250700
70931312121,2019,76000,161600,237600
70931312139,2019,75900,164300,240200
70931312147,2019,76000,185600,261600
70931312155,2019,76000,183400,259400
70931312163,2019,76000,125700,201700
70931401015,2019,102400,185900,288300
70931401023,2019,99000,258500,357500
70931401031,2019,103100,211500,314600
70931401049,2019,103400,111800,215200
70931401057,2019,99000,161000,260000
70931401065,2019,99100,120100,219200
70931401073,2019,99100,136800,235900
70931401081,2019,131300,243900,375200
70931401099,2019,99100,178300,277400
70931401106,2019,90600,218700,309300
70931401114,2019,90400,220500,310900
70931401122,2019,105500,207000,312500
70931401130,2019,103100,183100,286200
70931401148,2019,119000,198700,317700
70931401156,2019,119700,215500,335200
70931401164,2019,98400,157100,255500
70931401172,2019,91300,143800,235100
70931401180,2019,104500,126000,230500
70931402013,2019,109800,163100,272900
70931402021,2019,114900,190400,305300
70931402039,2019,109200,167300,276500
70931402047,2019,117500,231700,349200
70931402055,2019,117200,148200,265400
70931402063,2019,117200,229100,346300
70931402071,2019,117200,137600,254800
70931402089,2019,117200,227800,345000
70931402097,2019,115500,227900,343400
70931402104,2019,106900,150200,257100
70931402112,2019,103400,236700,340100
70931402120,2019,106900,156900,263800
70931402138,2019,106900,281400,388300
70931402146,2019,106900,182200,289100
70931402154,2019,110700,223500,334200
70931402162,2019,110700,156400,267100
70931402170,2019,110700,232700,343400
70931402188,2019,108200,174100,282300
70931402196,2019,110700,249300,360000
70931402203,2019,110700,237100,347800
70931402211,2019,117300,220200,337500
70931402229,2019,121300,262500,383800
70931402237,2019,121300,235800,357100
70931402245,2019,121300,192700,314000
70931402253,2019,121300,178200,299500
70931402261,2019,122200,172800,295000
70931402279,2019,117300,147900,265200
70931402287,2019,125500,194700,320200
70931402295,2019,118500,250500,369000
70931402302,2019,102800,229700,332500
70931403011,2019,125600,175000,300600
70931403029,2019,130900,161700,292600
70931403037,2019,106800,154600,261400
70931403045,2019,101800,198200,300000
70931403053,2019,103100,166900,270000
70931403061,2019,103100,201900,305000
70931403079,2019,103100,173700,276800
70931403087,2019,103100,179200,282300
70931403095,2019,103100,178800,281900
70931403102,2019,103300,198300,301600
70931403110,2019,103100,171900,275000
70931403128,2019,103100,116900,220000
70931403136,2019,103100,242600,345700
70931403144,2019,103100,183100,286200
70931403152,2019,103100,196900,300000
70931403160,2019,103100,182600,285700
70931403178,2019,103100,233800,336900
70931403186,2019,106800,246900,353700
70931403194,2019,106800,179400,286200
70931403201,2019,106800,175500,282300
70931403219,2019,106800,184700,291500
70931403227,2019,90800,140500,231300
70931403235,2019,106800,179400,286200
70931403243,2019,106800,148200,255000
70931403251,2019,106800,201200,308000
70931403269,2019,106800,223700,330500
70931403277,2019,106800,199200,306000
70931403285,2019,106800,153200,260000
70931403293,2019,104200,180700,284900
70931404019,2019,108900,214200,323100
70931404027,2019,102400,220200,322600
70931404035,2019,102400,147600,250000
70931404043,2019,102400,159600,262000
70931404051,2019,102400,144700,247100
70931404069,2019,102400,157600,260000
70931404077,2019,102400,122100,224500
70931404085,2019,101900,162600,264500
70931404126,2019,102400,172200,274600
70931404134,2019,102400,154800,257200
70931404142,2019,102400,214800,317200
70931404150,2019,102400,128200,230600
70931404168,2019,102400,149900,252300
70931404176,2019,102400,192900,295300
70931404184,2019,102400,144400,246800
70931404192,2019,103400,196600,300000
70931405017,2019,109000,188900,297900
70931405025,2019,93600,172800,266400
70931405033,2019,93600,144300,237900
70931405041,2019,96400,218600,315000
70931405059,2019,97200,202400,299600
70931405067,2019,92700,136300,229000
70931405075,2019,100200,220500,320700
70931405083,2019,97200,194800,292000
70931405091,2019,99000,126000,225000
70931405108,2019,99000,150400,249400
70931405116,2019,99000,141200,240200
70931405124,2019,99000,93700,192700
70931405132,2019,95400,138000,233400
70931405140,2019,101600,165500,267100
70931405158,2019,93000,150800,243800
70931405166,2019,99700,162300,262000
70931405174,2019,105500,117800,223300
70931405182,2019,113000,147600,260600
70931405190,2019,153000,150600,303600
70931405207,2019,97400,256900,354300
70931405215,2019,105800,149200,255000
70931406015,2019,102700,191700,294400
70931406023,2019,110000,175500,285500
70931406031,2019,111300,173000,284300
70931406049,2019,115200,164300,279500
70931406057,2019,120600,169400,290000
70931406065,2019,119000,192700,311700
70931406073,2019,109800,191200,301000
70931406081,2019,92800,137800,230600
70931406099,2019,135100,180000,315100
70931406106,2019,103100,172600,275700
70931406114,2019,115800,145200,261000
70931406122,2019,125800,156500,282300
70931406130,2019,106500,151700,258200
70931407013,2019,68600,130900,199500
70931407021,2019,67900,122500,190400
70931407039,2019,66600,126100,192700
70931407047,2019,66600,135300,201900
70931407055,2019,66600,118400,185000
70931407063,2019,70300,204900,275200
70931407071,2019,70300,182700,253000
70931407089,2019,69500,160500,230000
70931407097,2019,69200,174600,243800
70931407104,2019,69200,174600,243800
70931407112,2019,69200,155200,224400
70931407120,2019,71000,171900,242900
70931407138,2019,66600,120400,187000
70931407146,2019,67900,139900,207800
70931407154,2019,66600,137400,204000
70931407162,2019,66600,149800,216400
70931407170,2019,66600,142400,209000
70931407188,2019,75600,119700,195300
70931407196,2019,76600,109400,186000
70931407203,2019,80200,112300,192500
70931407211,2019,78300,117400,195700
70931407229,2019,81300,104900,186200
70931407237,2019,76600,151300,227900
70931407245,2019,73900,126700,200600
70931408011,2019,62200,142300,204500
70931408029,2019,68100,156800,224900
70931408037,2019,68600,139000,207600
70931408045,2019,67900,128300,196200
70931408053,2019,68100,152100,220200
70931408061,2019,68600,150500,219100
70931408079,2019,68600,153200,221800
70931408087,2019,67900,192900,260800
70931408095,2019,69200,124600,193800
70931408102,2019,88300,176100,264400
70931408128,2019,87900,174900,262800
70931408136,2019,89400,212000,301400
70931408144,2019,69200,216700,285900
70931408152,2019,69300,168500,237800
70931408160,2019,69300,135000,204300
70931408178,2019,70300,124200,194500
70931408186,2019,69500,134900,204400
70931408194,2019,70300,189700,260000
70931408201,2019,69300,117000,186300
70931408219,2019,72700,130500,203200
70931409027,2019,88300,128100,216400
70931409035,2019,88900,167700,256600
70931409043,2019,88900,183600,272500
70931409051,2019,88900,151400,240300
70931409069,2019,88900,248100,337000
70931409077,2019,88900,256100,345000
70931409085,2019,88300,273400,361700
70931409093,2019,89100,266200,355300
70931409100,2019,89400,170500,259900
70931409118,2019,94300,174700,269000
70931409126,2019,113600,136800,250400
70931409134,2019,109300,151400,260700
70931409142,2019,99200,142300,241500
70931409150,2019,98600,151200,249800
70931409168,2019,97900,141200,239100
70931409176,2019,97900,168100,266000
70931410016,2019,103100,210200,313300
70931410024,2019,100900,240900,341800
70931410032,2019,100900,209100,310000
70931410040,2019,100900,206800,307700
70931410058,2019,100900,138400,239300
70931410066,2019,100900,153100,254000
70931410074,2019,100900,326800,427700
70931410082,2019,100900,147500,248400
70931410090,2019,100900,155700,256600
70931410107,2019,100900,264300,365200
70931410115,2019,100900,182500,283400
70931410123,2019,98800,220600,319400
70931410131,2019,98800,179700,278500
70931410149,2019,97600,216200,313800
70931410157,2019,97400,236600,334000
70931410165,2019,100900,187300,288200
70931410173,2019,100900,153000,253900
70931410199,2019,100900,170000,270900
70931410206,2019,101000,199600,300600
70931410214,2019,100900,204300,305200
70931410222,2019,100900,179900,280800
70931410230,2019,100900,152500,253400
70931410248,2019,103400,137400,240800
70931411030,2019,91100,178900,270000
70931411048,2019,84000,135500,219500
70931411056,2019,111100,217300,328400
70931411064,2019,99000,184400,283400
70931411072,2019,99700,168400,268100
70931411080,2019,97900,177000,274900
70931411098,2019,97900,178300,276200
70931411105,2019,97900,169700,267600
70931411113,2019,97900,196800,294700
70931411121,2019,97200,138800,236000
70931411139,2019,123800,159100,282900
70931411147,2019,99300,170800,270100
70931411155,2019,119400,136100,255500
70931411163,2019,143100,168700,311800
70931411171,2019,99000,179000,278000
70931411189,2019,99000,184400,283400
70931411197,2019,113400,201000,314400
70931411204,2019,113400,175700,289100
70931411212,2019,105900,144800,250700
70931411220,2019,90400,151600,242000
70931411238,2019,96700,251900,348600
70931411246,2019,91600,162400,254000
70931411254,2019,69800,173500,243300
70931411262,2019,77500,156300,233800
70931411270,2019,77100,174000,251100
70931411288,2019,77100,153300,230400
70931411296,2019,107500,197700,305200
70931411303,2019,150500,180200,330700
70931411311,2019,60100,190900,251000
70931411329,2019,75900,119600,195500
70931411353,2019,94900,100100,195000
70931411361,2019,94900,147800,242700
70931411379,2019,94900,128200,223100
70931411387,2019,94900,204300,299200
70931411395,2019,94300,170100,264400
70931411402,2019,96700,137500,234200
70931411410,2019,75300,150900,226200
70931412012,2019,85100,154600,239700
70931412020,2019,81500,223500,305000
70931412038,2019,94600,214300,308900
70931412046,2019,95200,250500,345700
70931412054,2019,90400,243700,334100
70931412062,2019,94400,219000,313400
70931412070,2019,90800,280300,371100
70931412088,2019,93800,205800,299600
70931412096,2019,93600,226900,320500
70931412103,2019,85300,244700,330000
70931412111,2019,86000,231800,317800
70931412129,2019,86000,245500,331500
70931412137,2019,85100,187200,272300
70931412145,2019,93100,315000,408100
70931412153,2019,89100,235500,324600
70931412161,2019,88400,234300,322700
70931412179,2019,88400,183700,272100
70931412187,2019,88600,212700,301300
70931412195,2019,88900,212400,301300
70931412202,2019,86000,237600,323600
70931412210,2019,85100,250000,335100
70931412228,2019,87300,197700,285000
70931412236,2019,89700,224800,314500
70931412244,2019,83600,179700,263300
70931412252,2019,88400,251600,340000
70931412260,2019,87300,180700,268000
70931412278,2019,83200,174300,257500
70931412286,2019,79400,175000,254400
70931412294,2019,80200,227200,307400
70931412301,2019,82200,178100,260300
70931412319,2019,81200,250400,331600
70931413010,2019,87900,212200,300100
70931413028,2019,82300,173700,256000
70931413036,2019,81800,164500,246300
70931413044,2019,104600,255800,360400
70931413052,2019,88900,270800,359700
70931413060,2019,104200,182700,286900
70931413078,2019,98400,257900,356300
70931413086,2019,88300,241800,330100
70931414018,2019,86000,175900,261900
70931414026,2019,85100,217200,302300
70931414034,2019,85100,234500,319600
70931414042,2019,85100,160300,245400
70931414050,2019,85100,194700,279800
70931414068,2019,90600,117600,208200
70931414076,2019,106900,206400,313300
70931414084,2019,116500,196100,312600
70931414092,2019,101000,188300,289300
70931414109,2019,90400,178000,268400
70931414117,2019,86000,232700,318700
70931414125,2019,89100,253400,342500
70931414133,2019,102800,242300,345100
70931414141,2019,126100,250300,376400
70931414159,2019,111200,259100,370300
70931414167,2019,126100,266300,392400
70931414175,2019,104600,233400,338000
70931414183,2019,113400,201600,315000
70931414208,2019,94900,227200,322100
70931414216,2019,96400,207400,303800
70931414224,2019,92400,247600,340000
70931414232,2019,82700,274400,357100
70931414240,2019,88300,221200,309500
70931414258,2019,96700,186600,283300
70931414266,2019,87000,180100,267100
70931414274,2019,87000,220400,307400
70931414282,2019,87000,213000,300000
70931414290,2019,87900,213000,300900
70931414307,2019,69200,264300,333500
70931414315,2019,64500,224000,288500
70931414323,2019,87500,252600,340100
70931414349,2019,64000,162700,226700
70931414357,2019,63900,202500,266400
70931414365,2019,63700,221300,285000
70931414373,2019,63500,260600,324100
70931414381,2019,63100,183800,246900
70931414399,2019,63000,176300,239300
70931414406,2019,63500,253100,316600
70931414414,2019,62600,286200,348800
70931414422,2019,62700,210700,273400
70931414430,2019,62500,187500,250000
70931414448,2019,62300,207000,269300
70931414456,2019,79900,155100,235000
70931415016,2019,70300,150800,221100
70931415024,2019,70300,156500,226800
70931415032,2019,69500,164100,233600
70931415040,2019,69500,147000,216500
70931415058,2019,66600,152500,219100
70931415066,2019,66600,145800,212400
70931415074,2019,66600,121200,187800
70931415082,2019,66600,126100,192700
70931415090,2019,66600,140400,207000
70931415107,2019,67900,114000,181900
70931415115,2019,67900,122900,190800
70931415123,2019,66600,127200,193800
70931415131,2019,66600,145600,212200
70931415149,2019,66600,131700,198300
70931415157,2019,68600,154900,223500
70931415165,2019,71000,131000,202000
70931415173,2019,72700,163100,235800
70931415181,2019,70300,131100,201400
70931415199,2019,78000,133500,211500
70931415206,2019,68600,150500,219100
70931415214,2019,69200,128500,197700
70931415222,2019,70300,148600,218900
70931415230,2019,69500,175900,245400
70931415248,2019,69500,182000,251500
70931415256,2019,68100,152500,220600
70931415264,2019,66600,176900,243500
70931415272,2019,73000,218000,291000
70931415280,2019,62200,149800,212000
70931415298,2019,66600,171200,237800
70931415305,2019,68600,144800,213400
70931415313,2019,66600,145500,212100
70931415321,2019,66600,145000,211600
70931415339,2019,66600,164000,230600
70931415347,2019,66600,125300,191900
70931415355,2019,68100,139000,207100
70931416014,2019,92700,97000,189700
70931416022,2019,119800,203400,323200
70931416048,2019,155800,140500,296300
70931416056,2019,115200,100200,215400
70931416072,2019,94400,150600,245000
70931416080,2019,137100,216600,353700
70931416098,2019,86300,143100,229400
70931416105,2019,95700,140300,236000
70931416113,2019,105100,157600,262700
70931416121,2019,104500,170500,275000
70931416139,2019,104500,135400,239900
70931416147,2019,110100,126200,236300
70931416155,2019,109900,145400,255300
70931416163,2019,104500,178800,283300
70931416171,2019,109000,169000,278000
70931417012,2019,92800,351600,444400
70931417020,2019,89500,267600,357100
70931417038,2019,86300,284300,370600
70931417046,2019,85100,265200,350300
70931417054,2019,85200,299800,385000
70931417062,2019,87300,221700,309000
70931417070,2019,86000,304000,390000
70931417088,2019,83200,184500,267700
70931417096,2019,87300,266400,353700
70931417103,2019,97600,273700,371300
70932101010,2019,148500,272500,421000
70932101028,2019,148000,423200,571200
70932101036,2019,149300,308100,457400
70932101044,2019,156400,287400,443800
70932101052,2019,158800,331100,489900
70932101060,2019,147800,376000,523800
70932101078,2019,152500,428700,581200
70932101086,2019,133700,245900,379600
70932101094,2019,136600,273600,410200
70932101101,2019,155900,328500,484400
70932101119,2019,142000,141500,283500
70932101127,2019,152500,310400,462900
70932101135,2019,156200,301200,457400
70932101143,2019,147800,347100,494900
70932101151,2019,203900,342000,545900
70932101169,2019,141100,343500,484600
70932101177,2019,137500,333700,471200
70932102018,2019,139900,381600,521500
70932102026,2019,119800,288600,408400
70932102034,2019,119800,304400,424200
70932102042,2019,131500,441300,572800
70932102050,2019,131700,376300,508000
70932102068,2019,131700,318800,450500
70932102076,2019,131700,338400,470100
70932102084,2019,143200,463000,606200
70932102092,2019,215700,441300,657000
70932102109,2019,193800,322200,516000
70932102117,2019,148700,418300,567000
70932102125,2019,144100,356500,500600
70932102133,2019,134400,417600,552000
70932102141,2019,221300,266200,487500
70932102159,2019,147800,170300,318100
70932102175,2019,115900,326400,442300
70932102183,2019,130900,331500,462400
70932102191,2019,140000,356200,496200
70932102208,2019,155900,482800,638700
70932102216,2019,168200,316100,484300
70932102224,2019,144200,276600,420800
70932102232,2019,143600,295100,438700
70932102240,2019,145100,317900,463000
70932102258,2019,129000,393300,522300
70932103016,2019,178200,335600,513800
70932103024,2019,126300,284900,411200
70932103032,2019,133000,213300,346300
70932103040,2019,126300,341200,467500
70932103058,2019,133000,225700,358700
70932103066,2019,126800,218300,345100
70932103074,2019,131900,202500,334400
70932103082,2019,81600,196200,277800
70932103090,2019,81600,188400,270000
70932103107,2019,81400,214300,295700
70932103115,2019,80400,210300,290700
70932103123,2019,80400,185800,266200
70932103131,2019,80400,193900,274300
70932103149,2019,80400,196100,276500
70932103157,2019,80400,191100,271500
70932103165,2019,80400,136600,217000
70932103173,2019,80400,141500,221900
70932103181,2019,80400,196100,276500
70932103199,2019,101100,199600,300700
70932103206,2019,99800,164600,264400
70932103214,2019,99800,254800,354600
70932103222,2019,99800,313700,413500
70932103230,2019,101100,304500,405600
70932103248,2019,99800,164900,264700
70932103256,2019,99800,203700,303500
70932103264,2019,99800,215200,315000
70932103272,2019,153600,374100,527700
70932103280,2019,140300,308900,449200
70932103298,2019,133700,376200,509900
70932103305,2019,133700,325700,459400
70932103313,2019,137600,342600,480200
70932103321,2019,143300,449600,592900
70932103339,2019,148200,157200,305400
70932103347,2019,147500,245500,393000
70932103355,2019,135100,129800,264900
70932103363,2019,120900,256400,377300
70932103371,2019,140100,296900,437000
70932103389,2019,148200,244400,392600
70932103397,2019,124700,402900,527600
70932103404,2019,152400,238900,391300
70932103412,2019,126800,295600,422400
70932103420,2019,123900,268800,392700
70932103438,2019,140300,245300,385600
70932103446,2019,153900,163100,317000
70932103454,2019,142700,159000,301700
70932103462,2019,149500,222300,371800
70932103470,2019,154900,237600,392500
70932103488,2019,127500,307600,435100
70932103496,2019,131900,255600,387500
70932103503,2019,131900,244300,376200
70932103511,2019,137800,153200,291000
70932103529,2019,150400,418300,568700
70932103537,2019,153300,304700,458000
70932103545,2019,180600,419500,600100
70932103553,2019,145400,361200,506600
70932103561,2019,145400,147400,292800
70932103579,2019,145400,216600,362000
70932103587,2019,145400,425300,570700
70932103595,2019,167100,287900,455000
70932103602,2019,145400,364600,510000
70932103628,2019,167100,365200,532300
70932103636,2019,140900,347100,488000
70932104014,2019,86700,137600,224300
70932104022,2019,84900,150500,235400
70932104030,2019,81400,244600,326000
70932104048,2019,80700,154700,235400
70932104056,2019,77900,211000,288900
70932104064,2019,89000,168200,257200
70932104072,2019,82100,162600,244700
70932104080,2019,70900,191400,262300
70932104098,2019,77800,187200,265000
70932104105,2019,77800,214200,292000
70932104113,2019,71700,185100,256800
70932104121,2019,71700,175500,247200
70932104139,2019,71400,184400,255800
70932104147,2019,71700,169700,241400
70932105012,2019,79900,194800,274700
70932105020,2019,70900,210600,281500
70932105038,2019,91900,147100,239000
70932105046,2019,91900,122700,214600
70932105054,2019,92000,130700,222700
70932105062,2019,92000,164800,256800
70932105070,2019,92100,154600,246700
70932105088,2019,89000,154100,243100
70932105096,2019,81400,137200,218600
70932105103,2019,81400,135900,217300
70932105111,2019,80700,150100,230800
70932105129,2019,81400,171100,252500
70932105137,2019,80700,159400,240100
70932105145,2019,78400,148200,226600
70932105153,2019,82100,171000,253100
70932105161,2019,81600,118100,199700
70932105179,2019,84700,110900,195600
70932105187,2019,84700,108200,192900
70932105195,2019,84700,110600,195300
70932105202,2019,84700,118300,203000
70932105210,2019,84700,136000,220700
70932105228,2019,84700,114300,199000
70932105236,2019,84700,188200,272900
70932105244,2019,76400,176000,252400
70932106010,2019,141200,278800,420000
70932106028,2019,128300,337900,466200
70932106036,2019,128300,290900,419200
70932106044,2019,137500,332500,470000
70932106052,2019,137800,270900,408700
70932106060,2019,142000,314200,456200
70932106078,2019,141200,285200,426400
70932106086,2019,140900,444200,585100
70932106094,2019,133800,393400,527200
70932106101,2019,153800,299300,453100
70932106119,2019,156800,507100,663900
70932106127,2019,132100,387900,520000
70932106135,2019,134400,346500,480900
70932106143,2019,150400,362100,512500
70932106151,2019,137600,201400,339000
70932106169,2019,133200,310500,443700
70932106177,2019,154600,509300,663900
70932106185,2019,144300,339900,484200
70932106193,2019,143600,281400,425000
70932106200,2019,130600,429400,560000
70932106218,2019,131500,330700,462200
70932106226,2019,130900,381600,512500
70932106234,2019,128800,355100,483900
70932106242,2019,127900,461900,589800
70932106250,2019,128300,295200,423500
70932106268,2019,128300,324900,453200
70932106276,2019,128300,320900,449200
70932106284,2019,129300,520700,650000
70932106292,2019,156800,442500,599300
70932106309,2019,156800,368500,525300
70932106317,2019,134300,330200,464500
70932106325,2019,141100,458100,599200
70932107018,2019,134300,383100,517400
70932107026,2019,146900,239900,386800
70932107034,2019,174900,285100,460000
70932107042,2019,156400,228600,385000
70932107050,2019,157200,265800,423000
70932107068,2019,151300,256700,408000
70932107076,2019,149100,294900,444000
70932107084,2019,145900,271900,417800
70932107092,2019,143600,328400,472000
70932107109,2019,115100,169900,285000
70932107117,2019,148500,278200,426700
70932107125,2019,126000,208400,334400
70932107133,2019,105500,320400,425900
70932107141,2019,203500,374100,577600
70932107159,2019,154000,276700,430700
70932107167,2019,210400,447800,658200
70932107175,2019,178900,261500,440400
70932107183,2019,185500,334100,519600
70932108016,2019,115700,184300,300000
70932108024,2019,130900,338500,469400
70932108032,2019,134900,386600,521500
70932108040,2019,128900,269100,398000
70932108058,2019,147100,592200,739300
70932108066,2019,134100,275900,410000
70932108074,2019,139900,253400,393300
70932108082,2019,139900,330100,470000
70932108090,2019,137600,268500,406100
70932108107,2019,139900,323300,463200
70932108115,2019,132100,224700,356800
70932108123,2019,126500,310300,436800
70932108131,2019,127700,235700,363400
70932108149,2019,127900,178900,306800
70932108157,2019,128000,246300,374300
70932108165,2019,128000,154500,282500
70932109014,2019,184500,252600,437100
70932109022,2019,172000,288900,460900
70932109030,2019,159900,288200,448100
70932109048,2019,226300,724000,950300
70932109056,2019,221700,178300,400000
70932109064,2019,260500,181300,441800
70932109072,2019,206300,387600,593900
70932109080,2019,216600,177500,394100
70932109098,2019,213700,549500,763200
70932109105,2019,137500,247500,385000
70932109113,2019,128300,204100,332400
70932109121,2019,210500,347400,557900
70932109139,2019,221700,400400,622100
70932109147,2019,215600,36600,252200
70932109155,2019,265400,239500,504900
70932109163,2019,182800,394000,576800
70932109171,2019,218900,816400,1035300
70932109189,2019,245700,848600,1094300
70932109197,2019,232400,266900,499300
70932109204,2019,220600,368700,589300
70932109212,2019,193400,494600,688000
70932109220,2019,181700,349300,531000
70932109238,2019,155900,122200,278100
70932109246,2019,194300,337000,531300
70932109254,2019,143200,316800,460000
70932109262,2019,145100,196900,342000
70932110011,2019,136300,214700,351000
70932110029,2019,133700,289000,422700
70932110037,2019,135500,354000,489500
70932110045,2019,137800,287200,425000
70932110053,2019,141700,319100,460800
70932110061,2019,174000,186000,360000
70932110079,2019,181700,325400,507100
70932110087,2019,152100,310700,462800
70932110095,2019,157200,409300,566500
70932110102,2019,136300,345800,482100
70932110110,2019,158600,372700,531300
70932110128,2019,136300,266400,402700
70932110136,2019,128300,256700,385000
70932110144,2019,128300,246700,375000
70932110152,2019,128300,121700,250000
70932110160,2019,143200,138000,281200
70932110178,2019,138700,237200,375900
70932110186,2019,136300,323700,460000
70932110194,2019,134100,208000,342100
70932110201,2019,133700,350000,483700
70932110219,2019,130900,284600,415500
70932110227,2019,129300,410700,540000
70932110235,2019,128000,301000,429000
70932111069,2019,145400,134400,279800
70932111085,2019,127700,103600,231300
70932111093,2019,129500,133600,263100
70932111100,2019,140100,126800,266900
70932111118,2019,150900,284200,435100
70932111126,2019,184300,245000,429300
70932111134,2019,174000,368600,542600
70932111142,2019,137500,539100,676600
70932111150,2019,152100,549800,701900
70932111168,2019,174900,346600,521500
70932112017,2019,84500,174300,258800
70932112025,2019,125200,204800,330000
70932112033,2019,84900,183700,268600
70932112041,2019,84900,172100,257000
70932112059,2019,86700,249300,336000
70932112067,2019,92100,229000,321100
70932112075,2019,92100,217900,310000
70932112083,2019,92200,240800,333000
70932112091,2019,92200,167800,260000
70932112108,2019,92200,244900,337100
70932112116,2019,92200,218100,310300
70932112124,2019,92200,235800,328000
70932112132,2019,84700,179800,264500
70932112140,2019,84700,195900,280600
70932112158,2019,84700,140000,224700
70932112166,2019,84700,138600,223300
70932112174,2019,84700,117900,202600
70932112182,2019,84700,173600,258300
70932112190,2019,92600,214300,306900
70932112207,2019,80000,199700,279700
70932113015,2019,85500,114500,200000
70932113023,2019,85500,190200,275700
70932113031,2019,85500,113800,199300
70932113049,2019,85500,130200,215700
70932113057,2019,85500,88600,174100
70932113065,2019,85500,115100,200600
70932113114,2019,91900,141100,233000
70932113122,2019,90100,142500,232600
70932113130,2019,90500,132100,222600
70932113148,2019,88800,135500,224300
70932113156,2019,111800,163200,275000
70932113164,2019,87800,124100,211900
70932113172,2019,87800,159900,247700
70932113180,2019,87800,193800,281600
70932113198,2019,85900,163100,249000
70932113205,2019,92300,286500,378800
70932113213,2019,85900,241500,327400
70932113221,2019,87800,216700,304500
70932113239,2019,87800,220400,308200
70932113247,2019,87800,177200,265000
70932113255,2019,87800,139500,227300
70932113263,2019,87800,182800,270600
70932113271,2019,94900,170100,265000
70932113289,2019,94900,185000,279900
70932113297,2019,94700,166900,261600
70932113304,2019,94700,227800,322500
70932113312,2019,84900,175100,260000
70932113320,2019,84900,156900,241800
70932113338,2019,94900,158600,253500
70932113346,2019,121300,165100,286400
70932114013,2019,210800,519200,730000
70932114021,2019,169800,395200,565000
70932114039,2019,178900,323300,502200
70932114047,2019,227700,547300,775000
70932114055,2019,257100,343000,600100
70932114063,2019,315800,297200,613000
70932114071,2019,270700,564600,835300
70932114089,2019,226900,345300,572200
70932114097,2019,150400,345700,496100
70932114104,2019,170700,303800,474500
70932114112,2019,0,0,0
70932114120,2019,236500,301300,537800
70932114138,2019,187300,291000,478300
70932114146,2019,165100,214200,379300
70932114154,2019,190600,412800,603400
70932114162,2019,152100,435400,587500
70932114170,2019,150400,373800,524200
70932114188,2019,171900,489200,661100
70932114196,2019,228700,477500,706200
70932115011,2019,152500,303200,455700
70932115029,2019,163600,306900,470500
70932115037,2019,188800,454200,643000
70932115045,2019,152500,321500,474000
70932115053,2019,165600,384300,549900
70932115061,2019,149100,243900,393000
70932115079,2019,163000,379600,542600
70932115087,2019,181800,297100,478900
70932115095,2019,151700,288200,439900
70932115102,2019,172600,428400,601000
70932115110,2019,186100,496600,682700
70932115128,2019,191200,363800,555000
70932115136,2019,186100,421100,607200
70932115144,2019,188500,440100,628600
70932115152,2019,239300,635200,874500
70932115160,2019,195700,478800,674500
70932115178,2019,164500,328900,493400
70932115186,2019,208900,401100,610000
70932116019,2019,172200,286800,459000
70932116027,2019,156800,348100,504900
70932116035,2019,149300,540700,690000
70932116043,2019,145400,497200,642600
70932116051,2019,147800,312200,460000
70932116069,2019,171600,203100,374700
70932116077,2019,136800,419000,555800
70932116085,2019,131700,245300,377000
70932116093,2019,129500,217800,347300
70932116100,2019,135500,298500,434000
70932116118,2019,143200,379700,522900
70932117017,2019,179500,434300,613800
70932117025,2019,143300,348700,492000
70932117033,2019,174400,409500,583900
70932117041,2019,170900,476700,647600
70932117059,2019,205000,456500,661500
70932117067,2019,172000,353700,525700
70932117075,2019,175900,370500,546400
70932117083,2019,174900,263100,438000
70932117091,2019,144900,396600,541500
70932117108,2019,153800,421000,574800
70932117116,2019,149300,305200,454500
70932117124,2019,122400,321300,443700
70932201042,2019,50100,165200,215300
70932201050,2019,74300,126900,201200
70932201068,2019,62600,239900,302500
70932201076,2019,62300,162100,224400
70932201084,2019,76500,135400,211900
70932201092,2019,62200,164900,227100
70932201109,2019,62500,147900,210400
70932201117,2019,62500,179700,242200
70932201125,2019,71700,176900,248600
70932201133,2019,65300,179600,244900
70932201141,2019,69200,167400,236600
70932201159,2019,74200,234200,308400
70932201167,2019,80700,158100,238800
70932201175,2019,87700,157300,245000
70932201183,2019,76700,181000,257700
70932201191,2019,70500,138800,209300
70932201208,2019,71700,192600,264300
70932201216,2019,94200,137500,231700
70932201224,2019,89500,159900,249400
70932201232,2019,65700,159900,225600
70932201258,2019,84900,137100,222000
70932201266,2019,87700,162400,250100
70932201274,2019,69200,196300,265500
70932201282,2019,69200,165000,234200
70932201290,2019,69200,131900,201100
70932201307,2019,69200,131400,200600
70932201315,2019,74200,139900,214100
70932201323,2019,75300,166900,242200
70932201331,2019,76700,193500,270200
70932202032,2019,87700,153100,240800
70932202040,2019,87700,252300,340000
70932202058,2019,98500,138600,237100
70932202066,2019,87700,322300,410000
70932202074,2019,83600,150700,234300
70932202082,2019,93900,210900,304800
70932202090,2019,72200,179000,251200
70932202107,2019,71700,179300,251000
70932202115,2019,93900,188700,282600
70932202123,2019,83600,262100,345700
70932202131,2019,136300,122700,259000
70932202149,2019,103400,251800,355200
70932202157,2019,103400,242300,345700
70932202173,2019,92300,234400,326700
70932202181,2019,110700,298900,409600
70932202199,2019,111400,283100,394500
70932202206,2019,120600,224400,345000
70932202214,2019,113200,272000,385200
70932202230,2019,121600,326400,448000
70932203014,2019,83000,270100,353100
70932203022,2019,75300,291200,366500
70932203030,2019,86700,278500,365200
70932203048,2019,84900,249700,334600
70932203056,2019,84900,300300,385200
70932203064,2019,80700,263300,344000
70932203072,2019,145000,243900,388900
70932203080,2019,115000,206000,321000
70932203098,2019,152800,242000,394800
70932203105,2019,90500,209800,300300
70932203113,2019,74200,214700,288900
70932203121,2019,68200,265600,333800
70932203139,2019,86900,207100,294000
70932203147,2019,74200,155000,229200
70932203155,2019,65700,217000,282700
70932203163,2019,68700,157100,225800
70932203171,2019,62300,155700,218000
70932203189,2019,62600,167800,230400
70932203197,2019,62600,205300,267900
70932203204,2019,84900,144600,229500
70932203212,2019,83600,204200,287800
70932203220,2019,83600,194600,278200
70932203238,2019,87100,273100,360200
70932203246,2019,79000,218200,297200
70932203254,2019,76500,150400,226900
70932203262,2019,76500,138200,214700
70932203270,2019,76700,203400,280100
70932203296,2019,69000,207700,276700
70932203303,2019,72400,253200,325600
70932203311,2019,98500,302800,401300
70932204012,2019,84900,222100,307000
70932204020,2019,83600,268400,352000
70932204038,2019,83600,138200,221800
70932204046,2019,83600,213400,297000
70932204054,2019,83000,161500,244500
70932204062,2019,83600,157800,241400
70932204070,2019,75300,136100,211400
70932204088,2019,74200,237600,311800
70932204096,2019,84900,234800,319700
70932204103,2019,83000,151300,234300
70932204111,2019,83000,211700,294700
70932204129,2019,83000,129700,212700
70932204137,2019,83000,188000,271000
70932204145,2019,83000,223000,306000
70932205010,2019,76700,158500,235200
70932205028,2019,68200,193400,261600
70932205036,2019,71700,227300,299000
70932205044,2019,75300,190200,265500
70932205052,2019,75300,204800,280100
70932205060,2019,75300,167900,243200
70932205078,2019,75300,146500,221800
70932205086,2019,75300,329700,405000
70932205094,2019,75300,251900,327200
70932205101,2019,68200,165100,233300
70932205119,2019,65300,168000,233300
70932205127,2019,65300,199000,264300
70932205135,2019,65300,200100,265400
70932205143,2019,65300,155700,221000
70932206076,2019,80300,172700,253000
70932206084,2019,84100,127900,212000
70932206092,2019,84100,165300,249400
70932206109,2019,84100,213600,297700
70932206117,2019,84100,195700,279800
70932206125,2019,84100,108600,192700
70932206133,2019,83900,123500,207400
70932303020,2019,73900,145700,219600
70932303038,2019,73900,121100,195000
70932303046,2019,75600,111400,187000
70932303054,2019,79200,144800,224000
70932303062,2019,78700,111700,190400
70932303070,2019,75600,157900,233500
70932303088,2019,75600,194300,269900
70932303096,2019,75600,146200,221800
70932303103,2019,75600,124000,199600
70932303111,2019,75600,128900,204500
70932303129,2019,79200,197300,276500
70932303137,2019,79900,135000,214900
70932303145,2019,78300,139700,218000
70932303153,2019,75600,182800,258400
70932303161,2019,73000,122100,195100
70932305141,2019,58500,138800,197300
70932305159,2019,58500,170400,228900
70932305167,2019,58500,94500,153000
70932305183,2019,58500,76700,135200
70932305191,2019,58500,148600,207100
70932305232,2019,49100,100900,150000
70932306016,2019,81300,145400,226700
70932306024,2019,72700,119800,192500
70932306032,2019,71000,122900,193900
70932306040,2019,72700,131300,204000
70932306058,2019,89400,111600,201000
70932306066,2019,73900,147900,221800
70932306074,2019,70300,120700,191000
70932306082,2019,68600,146600,215200
70932306090,2019,67900,124300,192200
70932306107,2019,69300,163100,232400
70932306115,2019,68600,147900,216500
70932306123,2019,68600,130900,199500
70932306131,2019,66600,144400,211000
70932306149,2019,68100,131500,199600
70932306157,2019,68100,139800,207900
70932306165,2019,68100,157000,225100
70932306173,2019,73900,169300,243200
70932306181,2019,73500,167900,241400
70932307014,2019,67900,192200,260100
70932307022,2019,69200,123500,192700
70932307030,2019,70300,131500,201800
70932307048,2019,67900,137000,204900
70932307056,2019,67900,146800,214700
70932307064,2019,67900,141900,209800
70932307072,2019,68600,125200,193800
70932307080,2019,69200,141400,210600
70932307105,2019,83200,180800,264000
70932308012,2019,63500,131600,195100
70932308020,2019,63900,155600,219500
70932308038,2019,64500,150900,215400
70932401022,2019,127700,255000,382700
70932401030,2019,129300,333300,462600
70932401048,2019,128800,239900,368700
70932401056,2019,141100,233200,374300
70932401064,2019,129300,398700,528000
70932401072,2019,129300,270700,400000
70932401080,2019,129300,405500,534800
70932401098,2019,131900,295900,427800
70932401105,2019,131900,414100,546000
70932401121,2019,231000,330800,561800
70932401139,2019,177400,241200,418600
70932401147,2019,153300,326700,480000
70932401155,2019,140100,204100,344200
70932401163,2019,156400,199900,356300
70932401171,2019,156400,236300,392700
70932401189,2019,163700,402700,566400
70932401197,2019,165100,410000,575100
70932401204,2019,157200,328300,485500
70932401212,2019,143300,445000,588300
70932401220,2019,140900,319100,460000
70932401238,2019,137600,338800,476400
70932401246,2019,141100,343700,484800
70932401254,2019,156200,248400,404600
70932401262,2019,144900,335400,480300
70932401270,2019,167400,357900,525300
70932402012,2019,162700,189700,352400
70932402020,2019,168500,192700,361200
70932402038,2019,173000,309900,482900
70932402046,2019,147200,345300,492500
70932402054,2019,169200,349800,519000
70932402062,2019,134400,453100,587500
70932402070,2019,151100,428800,579900
70932403060,2019,108000,162200,270200
70932403078,2019,116200,221300,337500
70932403086,2019,125800,263800,389600
70932403094,2019,125800,200700,326500
70932403101,2019,125800,264900,390700
70932403119,2019,107500,196100,303600
70932403127,2019,115100,136800,251900
70932403135,2019,116700,174200,290900
70932403143,2019,111100,136600,247700
70932403151,2019,110800,171200,282000
70932403169,2019,111100,174200,285300
70932405032,2019,79500,125500,205000
70932405040,2019,77900,125000,202900
70932405058,2019,0,0,0
70932405066,2019,82500,136800,219300
70932405074,2019,82300,84800,167100
70932405082,2019,80600,122200,202800
70932405090,2019,78100,93900,172000
70932405107,2019,76700,109100,185800
70932405115,2019,77400,109300,186700
70932406014,2019,79500,162100,241600
70932406022,2019,80100,86200,166300
70932406030,2019,78200,132000,210200
70932406048,2019,77000,129900,206900
70932406056,2019,77000,105600,182600
70932406064,2019,77000,137200,214200
70932406072,2019,80800,171300,252100
70932406080,2019,77300,108700,186000
70932406098,2019,78200,102400,180600
70932406105,2019,77400,144000,221400
70932406113,2019,78800,109300,188100
70932406121,2019,80600,122100,202700
70932406139,2019,84900,146100,231000
70932406147,2019,79800,119900,199700
70932406155,2019,77700,117700,195400
70932406163,2019,80000,135700,215700
70932406171,2019,82100,135800,217900
70932406189,2019,82400,122000,204400
70932406197,2019,80100,128200,208300
70932406204,2019,80900,104900,185800
70932406212,2019,81100,121900,203000
70932406220,2019,80100,129500,209600
70932406238,2019,78000,106400,184400
70932406246,2019,78000,104100,182100
70932406254,2019,78000,104800,182800
70932406262,2019,79800,111500,191300
70932406270,2019,78700,130900,209600
70932406288,2019,43000,39100,82100
70932406296,2019,78000,108900,186900
70932406303,2019,78200,100300,178500
70932406311,2019,77800,96800,174600
70932406329,2019,77900,113800,191700
70932406337,2019,80900,114100,195000
70932406345,2019,81300,136300,217600
70932407012,2019,82600,237900,320500
70932407038,2019,77000,204500,281500
70932407046,2019,77000,149400,226400
70932407054,2019,77000,208800,285800
70932407062,2019,77000,215800,292800
70932407070,2019,77000,138200,215200
70932407088,2019,79800,129600,209400
70932407096,2019,79800,185500,265300
70932407103,2019,79800,140700,220500
70932407111,2019,79800,210500,290300
70932407129,2019,79800,200700,280500
70932407137,2019,77000,124600,201600
70932407145,2019,74000,205500,279500
70932408010,2019,77000,146000,223000
70932408028,2019,77000,158700,235700
70932408036,2019,77000,157600,234600
70932408044,2019,77000,108300,185300
70932408052,2019,76300,164300,240600
70932408060,2019,76300,115200,191500
70932408078,2019,18000,138700,156700
70932408086,2019,79800,115200,195000
70932408094,2019,79800,105300,185100
70932408101,2019,79800,158100,237900
70932408119,2019,79800,118000,197800
70932408127,2019,77000,85200,162200
70932408135,2019,79800,176200,256000
70932408143,2019,77000,223000,300000
70932408151,2019,74000,106600,180600
70932408169,2019,84800,169300,254100
70932409018,2019,79800,219700,299500
70932409026,2019,79800,353600,433400
70932409034,2019,78800,227100,305900
70932409042,2019,78800,330500,409300
70932409050,2019,78800,421200,500000
70932409068,2019,78800,201500,280300
70932409076,2019,78800,149200,228000
70932409084,2019,82600,242400,325000
70932409092,2019,74000,226900,300900
70932409109,2019,79800,307200,387000
70932409117,2019,79800,235700,315500
70932409125,2019,79800,221700,301500
70932409133,2019,79800,161500,241300
70932409141,2019,78500,167300,245800
70932409159,2019,80500,115300,195800
70932409167,2019,78500,171400,249900
70932409175,2019,78500,228500,307000
70932409183,2019,77000,196200,273200
70932409191,2019,82600,177400,260000
70932409216,2019,79800,170100,249900
70932409224,2019,79800,164300,244100
70932409258,2019,80900,165900,246800
70932409266,2019,81000,229000,310000
70932409274,2019,81000,273000,354000
70932410015,2019,82000,197200,279200
70932410023,2019,82400,257200,339600
70932410031,2019,77000,193800,270800
70932410049,2019,77000,102600,179600
70932410057,2019,77900,113800,191700
70932410065,2019,74000,123600,197600
70932410073,2019,81300,179300,260600
70932410081,2019,77000,114700,191700
70932410099,2019,82600,192100,274700
70932410114,2019,79800,240500,320300
70932410122,2019,79800,180300,260100
70932410130,2019,74000,141000,215000
70932410148,2019,74000,191000,265000
70932410156,2019,74000,236900,310900
70932410164,2019,79800,120200,200000
70932410172,2019,79800,128200,208000
70932410180,2019,79800,172900,252700
70932410198,2019,79800,138300,218100
70932410205,2019,74000,142000,216000
70932410213,2019,74000,76000,150000
70932410221,2019,75500,119500,195000
70932410239,2019,77900,76900,154800
70932410247,2019,83700,210800,294500
70932410263,2019,74000,0,74000
70932410271,2019,78500,155300,233800
70932410289,2019,78500,111700,190200
70932410297,2019,80100,119600,199700
70932410304,2019,74000,0,74000
70932411013,2019,75400,163500,238900
70932411021,2019,75100,154400,229500
70932411039,2019,74900,112700,187600
70932411047,2019,74000,152200,226200
70932411055,2019,74000,89100,163100
70932411063,2019,74000,144000,218000
70932411071,2019,74000,186100,260100
70932411089,2019,74000,146600,220600
70932411097,2019,74000,115700,189700
70932411104,2019,79800,115700,195500
70932411120,2019,79800,123100,202900
70932411138,2019,77000,93900,170900
70932411146,2019,81300,112600,193900
70932411154,2019,77000,121500,198500
70932411162,2019,78500,111400,189900
70932411170,2019,78500,90300,168800
70932411188,2019,74000,61200,135200
70932411196,2019,74000,95800,169800
70932411203,2019,82600,78200,160800
70932411229,2019,83800,128800,212600
70932411237,2019,78500,100600,179100
70932411245,2019,78500,102600,181100
70932411253,2019,74000,60400,134400
70932411261,2019,74000,48000,122000
70932411279,2019,74000,68300,142300
70932411287,2019,74000,23200,97200
70932411295,2019,74000,44200,118200
70932411302,2019,74000,72500,146500
70932412011,2019,74000,52600,126600
70932412029,2019,74000,89000,163000
70932412037,2019,74000,58600,132600
70932412045,2019,74000,59300,133300
70932412053,2019,74000,83600,157600
70932412061,2019,77000,77500,154500
70932412079,2019,77000,123000,200000
70932412087,2019,0,0,0
70932412095,2019,77000,162700,239700
70932412102,2019,74100,88800,162900
70932412110,2019,74800,73100,147900
70932412128,2019,74800,79100,153900
70932412136,2019,74800,74400,149200
70932412144,2019,74800,66300,141100
70932412152,2019,74800,83300,158100
70932412160,2019,74800,75000,149800
70932412178,2019,74800,68100,142900
70932412186,2019,77000,107100,184100
70932412194,2019,77000,115100,192100
70932412201,2019,74000,195300,269300
70932415015,2019,51700,160300,212000
70932415023,2019,50800,157400,208200
70932415031,2019,53000,120400,173400
70932415049,2019,53000,110100,163100
70932415057,2019,53000,112000,165000
70932415065,2019,53000,99400,152400
70932415073,2019,53000,118600,171600
70932415081,2019,53000,142400,195400
70932415099,2019,53000,136700,189700
70932415106,2019,53000,137000,190000
70932415114,2019,53000,150400,203400
70932415122,2019,53000,137000,190000
70932415130,2019,53000,121900,174900
70932415148,2019,53000,144500,197500
70932415156,2019,53000,127500,180500
70932415164,2019,53000,138000,191000
70932415172,2019,53000,134000,187000
70932415180,2019,53000,130900,183900
70932415198,2019,50600,148700,199300
70932415205,2019,54300,125500,179800
70932415213,2019,54300,106700,161000
70932415221,2019,53300,134400,187700
70932415239,2019,55200,145600,200800
70932415247,2019,55200,144800,200000
70932415255,2019,55200,114200,169400
70932415263,2019,53000,117000,170000
70932415271,2019,53000,119800,172800
70932415289,2019,53000,106300,159300
70932415297,2019,53000,108700,161700
70932416120,2019,53600,108400,162000
70932416138,2019,53600,154600,208200
70932416146,2019,53600,127100,180700
70932416154,2019,53600,157000,210600
70932416162,2019,53600,81100,134700
70932416170,2019,53600,127100,180700
70932416188,2019,53600,95300,148900
70932416196,2019,53600,160600,214200
70932416203,2019,53600,151800,205400
70932416211,2019,53600,116400,170000
70932416229,2019,53600,141900,195500
70932416237,2019,53600,120300,173900
70932417011,2019,53000,150700,203700
70932417029,2019,53900,150100,204000
70932417037,2019,53900,145800,199700
70932417045,2019,53900,100100,154000
70932417053,2019,54100,119100,173200
70932417061,2019,54100,116300,170400
70932417079,2019,54100,134700,188800
70932417087,2019,54100,147400,201500
70932417095,2019,54100,131500,185600
70932417102,2019,54100,146500,200600
70932417110,2019,53000,140600,193600
70932417128,2019,53000,134500,187500
70932417136,2019,53000,128900,181900
70932417144,2019,53000,152200,205200
70932417152,2019,53000,127200,180200
70932417160,2019,53000,128500,181500
70932417178,2019,53000,125300,178300
70932417186,2019,53000,136100,189100
70932417194,2019,53000,139000,192000
70932417201,2019,53000,109000,162000
70932417219,2019,53000,136200,189200
70932417227,2019,0,0,0
70932417235,2019,53000,190100,243100
70932418019,2019,54700,139500,194200
70932418035,2019,53300,96700,150000
70932418043,2019,53300,147100,200400
70932418051,2019,53300,115000,168300
70932418069,2019,54900,116700,171600
70932418077,2019,54900,137000,191900
70932418085,2019,54900,145100,200000
70932418093,2019,54900,121100,176000
70932418100,2019,54900,150600,205500
70932418118,2019,54900,130200,185100
70932418134,2019,53100,121500,174600
70932418142,2019,54600,106900,161500
70932418150,2019,53100,95600,148700
70932418168,2019,53100,110500,163600
70932418176,2019,53100,113200,166300
70932418184,2019,53100,131800,184900
70932418192,2019,0,0,0
70932419025,2019,44000,85000,129000
70932419140,2019,45000,108000,153000
70932421012,2019,47800,106200,154000
70932421020,2019,48000,79900,127900
70932421038,2019,48000,123200,171200
70932421046,2019,48000,85500,133500
70932421054,2019,48000,102000,150000
70932421062,2019,48000,88600,136600
70932421070,2019,48000,77500,125500
70932421088,2019,48000,117600,165600
70932421096,2019,47600,82600,130200
70932421103,2019,48800,100100,148900
70932421111,2019,46100,78300,124400
70932421129,2019,46100,145700,191800
70932421137,2019,48800,125700,174500
70932421145,2019,47600,126000,173600
70932421153,2019,48000,0,48000
70932421161,2019,48000,87000,135000
70932421179,2019,48000,176000,224000
70932421187,2019,48000,117500,165500
70932421195,2019,48000,68700,116700
70932421202,2019,48000,92300,140300
70932421210,2019,48000,106000,154000
70932421228,2019,48000,114900,162900
70932421236,2019,45400,122600,168000
70932421244,2019,45400,107100,152500
70932421252,2019,51500,106400,157900
70932422010,2019,48800,109000,157800
70932422028,2019,47600,124000,171600
70932422036,2019,48000,79000,127000
70932422044,2019,48000,104700,152700
70932422052,2019,48000,94300,142300
70932422060,2019,47600,98000,145600
70932422078,2019,48800,83800,132600
70932422086,2019,25900,40700,66600
70932422094,2019,46100,86600,132700
70932422101,2019,48800,105600,154400
70932422119,2019,47600,100900,148500
70932422127,2019,48000,113300,161300
70932422135,2019,48000,86600,134600
70932422143,2019,48000,101900,149900
70932422151,2019,47600,126600,174200
70932422169,2019,48800,87900,136700
70932422177,2019,46100,107900,154000
70932422185,2019,46100,99800,145900
70932423018,2019,47800,100300,148100
70932423026,2019,52600,111300,163900
70932423034,2019,52600,195800,248400
70932423042,2019,52600,152400,205000
70932423050,2019,47800,112200,160000
70932423068,2019,48600,107500,156100
70932423076,2019,46600,106100,152700
70932423084,2019,51100,90400,141500
70932423092,2019,51100,95800,146900
70932423109,2019,46700,113800,160500
70932423117,2019,48600,77100,125700
70932423125,2019,47800,109300,157100
70932423133,2019,52600,77000,129600
70932423141,2019,52600,108100,160700
70932423159,2019,52600,27400,80000
70932423167,2019,47800,120800,168600
70932423175,2019,48600,100300,148900
70932423183,2019,46700,125300,172000
70932423191,2019,51100,78600,129700
70932423208,2019,51100,87700,138800
70932423216,2019,46600,104800,151400
70932423224,2019,48600,145700,194300
70932424016,2019,48600,100800,149400
70932424024,2019,49800,83200,133000
70932424032,2019,54900,145100,200000
70932424058,2019,55200,95300,150500
70932424066,2019,47800,110400,158200
70932424074,2019,48600,109500,158100
70932424082,2019,46400,127900,174300
70932424090,2019,51000,90800,141800
70932424107,2019,51000,109500,160500
70932424115,2019,46700,131800,178500
70932424123,2019,48600,112100,160700
70932424131,2019,47800,87800,135600
70932424149,2019,53500,82000,135500
70932424157,2019,55200,92400,147600
70932424173,2019,53400,92000,145400
70932424181,2019,51800,112800,164600
70932424199,2019,51700,80800,132500
70932424206,2019,50500,88600,139100
70932424214,2019,45800,84800,130600
70932424222,2019,53200,90400,143600
70933201017,2019,161300,485700,647000
70933201025,2019,162000,554500,716500
70933201033,2019,161500,260900,422400
70933201041,2019,194600,428900,623500
70933201059,2019,217600,396200,613800
70933201067,2019,158600,268800,427400
70933201075,2019,158600,513200,671800
70933201083,2019,160300,329800,490100
70933201091,2019,170100,567500,737600
70933201108,2019,161000,267300,428300
70933201116,2019,191200,431200,622400
70933201124,2019,203400,867600,1071000
70933201132,2019,217700,496200,713900
70933201140,2019,216600,631300,847900
70933201158,2019,191600,539400,731000
70933201166,2019,188300,323300,511600
70933201174,2019,183800,492200,676000
70933201182,2019,170800,310700,481500
70933201190,2019,159300,300700,460000
70933201207,2019,140800,324200,465000
70933201215,2019,141000,381400,522400
70933201223,2019,142300,357700,500000
70933201231,2019,157200,129800,287000
70933201249,2019,161500,325000,486500
70933201257,2019,134300,259500,393800
70933201265,2019,123300,163600,286900
70933201273,2019,122900,224900,347800
70933201306,2019,134400,215500,349900
70933201314,2019,127700,284500,412200
70933201322,2019,133700,254400,388100
70933201348,2019,153800,139800,293600
70933201356,2019,216600,438200,654800
70933201364,2019,162100,160900,323000
70933201372,2019,294700,564000,858700
70933201398,2019,163200,218600,381800
70933201405,2019,145400,214000,359400
70933201413,2019,166100,227500,393600
70933201421,2019,150800,361700,512500
70933201439,2019,147200,351700,498900
70933201447,2019,141000,438700,579700
70933201455,2019,141000,197000,338000
70933202015,2019,170700,250300,421000
70933202023,2019,1100000,110000,1210000
70933202031,2019,155400,394100,549500
70933202049,2019,158400,428600,587000
70933202057,2019,155300,247400,402700
70933202065,2019,154700,620300,775000
70933202073,2019,152000,627800,779800
70933202081,2019,131500,373400,504900
70933202099,2019,150800,275100,425900
70933202106,2019,151300,330700,482000
70933202114,2019,143200,309000,452200
70933202122,2019,148100,401700,549800
70933202130,2019,156800,316600,473400
70933203013,2019,166900,454100,621000
70933203021,2019,168100,312500,480600
70933203039,2019,218200,458500,676700
70933203047,2019,141700,134400,276100
70933203055,2019,151300,314200,465500
70933203063,2019,155900,282000,437900
70933203071,2019,139900,257600,397500
70933203089,2019,139900,228800,368700
70933203097,2019,139900,391400,531300
70933203104,2019,136600,268400,405000
70933203112,2019,136300,368700,505000
70933203120,2019,134300,372300,506600
70933203138,2019,140000,343100,483100
70933203146,2019,145900,400900,546800
70933203154,2019,145900,524900,670800
70933203162,2019,145900,286800,432700
70933203170,2019,154100,562200,716300
70933203188,2019,153900,670100,824000
70933203196,2019,233200,746800,980000
70933203211,2019,196700,503500,700200
70933203229,2019,241900,805800,1047700
70933203237,2019,236300,521100,757400
70933204011,2019,154600,412800,567400
70933204029,2019,155400,314300,469700
70933204037,2019,181600,555700,737300
70933204045,2019,156000,1144000,1300000
70933204053,2019,161200,617100,778300
70933204061,2019,163900,711000,874900
70933204079,2019,156200,543500,699700
70933204087,2019,157700,556800,714500
70933204095,2019,156200,378800,535000
70933204102,2019,151500,434000,585500
70933204110,2019,156200,616300,772500
70933204128,2019,157700,662600,820300
70933204136,2019,152700,363600,516300
70933204144,2019,148300,442700,591000
70933204152,2019,153200,457900,611100
70933204160,2019,154100,477100,631200
70933204178,2019,144300,296600,440900
70933204186,2019,137500,320900,458400
70933204194,2019,178600,509900,688500
70933204201,2019,171500,434500,606000
70933204219,2019,150500,460800,611300
70933204227,2019,153900,423900,577800
70933204235,2019,150800,606400,757200
70933204243,2019,148300,493400,641700
70933204251,2019,140900,519100,660000
70933204269,2019,143800,357600,501400
70933204277,2019,220900,756000,976900
70933204285,2019,170700,678300,849000
70933204293,2019,179500,383300,562800
70933204300,2019,181200,539800,721000
70933204318,2019,177800,672900,850700
70933204326,2019,184700,336400,521100
70933204334,2019,196500,546300,742800
70933204342,2019,178500,533100,711600
70933204350,2019,175800,459300,635100
70933205019,2019,153200,671800,825000
70933205027,2019,315900,613600,929500
70933205035,2019,145500,470200,615700
70933205043,2019,144500,418500,563000
70933205051,2019,144500,367100,511600
70933205069,2019,147000,334700,481700
70933205077,2019,185100,475800,660900
70933205085,2019,148800,550100,698900
70933205093,2019,152700,446900,599600
70933205100,2019,183700,489500,673200
70933205118,2019,164200,440800,605000
70933205134,2019,154700,331100,485800
70933205150,2019,150600,658100,808700
70933206017,2019,210900,512800,723700
70933206025,2019,206700,450800,657500
70933206033,2019,206900,430200,637100
70933206041,2019,244600,590400,835000
70933206059,2019,235500,506800,742300
70933206067,2019,267600,582400,850000
70933206075,2019,226700,447000,673700
70933206091,2019,227500,342500,570000
70933206108,2019,185900,352700,538600
70933206116,2019,185900,496800,682700
70933206124,2019,200500,428800,629300
70933206132,2019,177800,461900,639700
70933206140,2019,189600,473700,663300
70933206158,2019,152000,373100,525100
70933301015,2019,147200,267500,414700
70933301023,2019,114600,128400,243000
70933301031,2019,104500,178000,282500
70933301049,2019,97100,124600,221700
70933301057,2019,101100,157400,258500
70933301065,2019,82700,214000,296700
70933301073,2019,84000,231900,315900
70933301081,2019,80800,180000,260800
70933301099,2019,81200,159500,240700
70933301106,2019,80300,246100,326400
70933301114,2019,80800,141900,222700
70933301122,2019,80800,159100,239900
70933301130,2019,80800,147700,228500
70933301148,2019,80800,167000,247800
70933301156,2019,82100,117400,199500
70933301164,2019,80800,101000,181800
70933301172,2019,83800,122600,206400
70933302013,2019,80400,119700,200100
70933302021,2019,80900,134700,215600
70933302039,2019,80800,132300,213100
70933302047,2019,81000,99000,180000
70933302055,2019,81500,128600,210100
70933302063,2019,80900,147700,228600
70933302071,2019,81100,176300,257400
70933302089,2019,81100,114500,195600
70933302097,2019,81000,154600,235600
70933302104,2019,82000,135400,217400
70933402037,2019,80300,93200,173500
70933403085,2019,81300,185700,267000
70933403093,2019,83400,151600,235000
70933403100,2019,81500,218600,300100
70933403118,2019,81200,216300,297500
70933403126,2019,81600,155300,236900
70933404017,2019,82600,136200,218800
70933404025,2019,79800,136200,216000
70933405015,2019,90100,137500,227600
70933405031,2019,84300,238500,322800
70933405049,2019,84300,157200,241500
70933405057,2019,84300,209700,294000
70933405065,2019,84300,239900,324200
70933405073,2019,84300,214400,298700
70933405081,2019,82900,182200,265100
70933405099,2019,82900,166800,249700
70933405106,2019,81100,191200,272300
70933405114,2019,83400,161700,245100
70933405122,2019,83400,167000,250400
70933408027,2019,43400,83600,127000
70933408035,2019,49500,194500,244000
70933408043,2019,66000,217600,283600
70933408051,2019,89400,150300,239700
70933408069,2019,21700,28900,50600
70935101033,2019,45800,91200,137000
70935101041,2019,19000,39200,58200
70935101059,2019,45900,77100,123000
70935101067,2019,48300,58200,106500
70935101075,2019,50200,43800,94000
70935101083,2019,49100,60900,110000
70935101091,2019,46800,85900,132700
70935101116,2019,50700,102100,152800
70935101158,2019,40000,80600,120600
70935101166,2019,44900,114700,159600
70935101207,2019,0,0,0
70935102015,2019,45100,111800,156900
70935102031,2019,46300,65800,112100
70935102049,2019,45200,95500,140700
70935102065,2019,45900,85600,131500
70935102073,2019,45900,87500,133400
70935102081,2019,45900,104600,150500
70935102099,2019,45900,94800,140700
70935102106,2019,45900,125100,171000
70935102114,2019,45900,85200,131100
70935102122,2019,49300,60700,110000
70935102130,2019,49300,107500,156800
70935102148,2019,45900,65100,111000
70935102164,2019,45900,83100,129000
70935102172,2019,45900,122600,168500
70935102180,2019,45900,124100,170000
70935102198,2019,45900,96600,142500
70935103047,2019,45300,64700,110000
70935103055,2019,45200,103000,148200
70935103063,2019,44500,108700,153200
70935103071,2019,44500,130000,174500
70935103104,2019,44500,85900,130400
70935103112,2019,44500,59500,104000
70935103120,2019,46000,59000,105000
70935103138,2019,46000,90000,136000
70935103146,2019,44500,89700,134200
70935103154,2019,44500,82200,126700
70935103162,2019,44500,135500,180000
70935104029,2019,45300,44700,90000
70935104037,2019,45200,53800,99000
70935104045,2019,45100,123400,168500
70935104053,2019,48000,136900,184900
70935105035,2019,0,0,0
70935107015,2019,49300,71700,121000
70935107023,2019,46500,67500,114000
70935107031,2019,46400,81600,128000
70935107049,2019,46000,62500,108500
70935107057,2019,46700,64700,111400
70935109037,2019,45900,100400,146300
70935109045,2019,45900,115500,161400
70935109053,2019,0,0,0
70935109061,2019,45900,76100,122000
70935109079,2019,0,0,0
70935111016,2019,50800,121300,172100
70935111024,2019,73200,90000,163200
70935111032,2019,50600,114400,165000
70935111040,2019,179700,96300,276000
70935111058,2019,179700,99300,279000
70935111066,2019,50400,111500,161900
70935111082,2019,70700,134800,205500
70935111090,2019,50000,106200,156200
70935111115,2019,50800,136500,187300
70935111991,2019,96600,201700,298300
70935112014,2019,53500,66500,120000
70935112030,2019,49000,156100,205100
70935112048,2019,62300,106100,168400
70935112064,2019,101800,64200,166000
70935112072,2019,48500,163500,212000
70935112080,2019,51900,124300,176200
70935112098,2019,51900,111600,163500
70935112105,2019,51800,138200,190000
70935112113,2019,51900,129400,181300
70935112121,2019,52300,112300,164600
70935112139,2019,50700,64100,114800
70935112147,2019,52900,68600,121500
70935113054,2019,49300,113700,163000
70935113062,2019,49300,107000,156300
70935113070,2019,49200,122800,172000
70935113088,2019,49200,137600,186800
70935113096,2019,49900,118000,167900
70935113103,2019,51200,107300,158500
70935113111,2019,51000,108100,159100
70935113129,2019,48500,105600,154100
70935113137,2019,48500,114900,163400
70935113145,2019,48500,112200,160700
70935113153,2019,48500,91500,140000
70935113161,2019,49300,110100,159400
70935113179,2019,48600,134800,183400
70935113187,2019,49400,120600,170000
70935113195,2019,49700,125300,175000
70935113202,2019,49500,126400,175900
70935113210,2019,48500,92600,141100
70935113228,2019,48500,110300,158800
70935113236,2019,48500,107700,156200
70935113244,2019,48500,81500,130000
70935113252,2019,48500,132800,181300
70935113260,2019,48500,85500,134000
70935113286,2019,52000,141000,193000
70935113294,2019,53700,133100,186800
70935113301,2019,86100,147900,234000
70935114010,2019,49600,140900,190500
70935114028,2019,49400,120600,170000
70935114036,2019,50200,109300,159500
70935114044,2019,48500,120700,169200
70935114052,2019,48500,104000,152500
70935114060,2019,48500,128700,177200
70935114078,2019,48200,117100,165300
70935114086,2019,49900,114100,164000
70935114094,2019,49800,120500,170300
70935114101,2019,49300,116900,166200
70935114119,2019,49300,158800,208100
70935114127,2019,49300,116000,165300
70935114135,2019,48800,150000,198800
70935114143,2019,48800,133400,182200
70935115068,2019,49900,124700,174600
70935115084,2019,49800,135800,185600
70935115092,2019,49900,122400,172300
70935115109,2019,49900,122700,172600
70935115117,2019,49900,146300,196200
70935115125,2019,49900,129300,179200
70935115133,2019,49900,171600,221500
70935115141,2019,49900,118400,168300
70935115159,2019,49900,125700,175600
70935115167,2019,49900,116100,166000
70935201156,2019,0,0,0
70935201164,2019,0,0,0
70935201172,2019,0,0,0
70935201180,2019,40900,88600,129500
70935201198,2019,40900,131700,172600
70935201205,2019,40900,100100,141000
70935201213,2019,40900,84200,125100
70935201221,2019,40900,96100,137000
70935201239,2019,40900,90300,131200
70935201247,2019,40900,106000,146900
70935202071,2019,43100,96400,139500
70935202089,2019,43100,96400,139500
70935202097,2019,40900,95600,136500
70935202104,2019,43100,104800,147900
70935202112,2019,40900,106000,146900
70935202120,2019,40900,94100,135000
70935202138,2019,43100,93000,136100
70935202146,2019,43100,101300,144400
70935202154,2019,43100,109700,152800
70935202162,2019,45900,130000,175900
70935202170,2019,40900,145100,186000
70935204035,2019,29500,73000,102500
70935204043,2019,29500,45500,75000
70935204051,2019,34400,137100,171500
70935205017,2019,40900,134500,175400
70935205025,2019,37700,92300,130000
70935205033,2019,39600,120400,160000
70935205041,2019,37700,85200,122900
70935205059,2019,36300,102900,139200
70935205067,2019,37700,100900,138600
70935205075,2019,39600,99900,139500
70935205083,2019,40900,98600,139500
70935205091,2019,37700,102800,140500
70935205108,2019,40900,110100,151000
70935205116,2019,40900,91600,132500
70935205124,2019,36100,123900,160000
70935205132,2019,52500,81500,134000
70935205140,2019,52500,70500,123000
70935205158,2019,64000,71200,135200
70935205166,2019,45900,93800,139700
70935205174,2019,36700,96900,133600
70935205182,2019,36700,85500,122200
70935206023,2019,42100,97200,139300
70935206031,2019,44800,104600,149400
70935206049,2019,43100,109900,153000
70935206057,2019,43100,84100,127200
70935206065,2019,43100,130200,173300
70935206073,2019,43100,119600,162700
70935206081,2019,43100,109900,153000
70935206099,2019,43100,101900,145000
70935206106,2019,43100,120100,163200
70935206114,2019,44800,105200,150000
70935206122,2019,33000,115000,148000
70935206130,2019,44800,97700,142500
70935206148,2019,40900,84900,125800
70935206156,2019,37700,160300,198000
70935206164,2019,37700,84300,122000
70935206172,2019,38600,131900,170500
70935206180,2019,48900,104100,153000
70935206198,2019,42100,89400,131500
70935206205,2019,43100,110400,153500
70935206213,2019,43100,99700,142800
70935206221,2019,43100,99900,143000
70935206239,2019,43100,86600,129700
70935206247,2019,43100,139700,182800
70935206255,2019,43100,79100,122200
70935206263,2019,43100,102800,145900
70935206271,2019,43100,111400,154500
70935206289,2019,37700,112300,150000
70935206297,2019,40900,97300,138200
70935207146,2019,34900,91000,125900
70935207154,2019,43600,117100,160700
70935207162,2019,45900,127500,173400
70935207170,2019,37700,121300,159000
70935207188,2019,44800,104200,149000
70935207196,2019,48900,105100,154000
70935207203,2019,45900,102600,148500
70935207211,2019,45900,104100,150000
70935207229,2019,52500,117500,170000
70935207237,2019,40900,137600,178500
70935207245,2019,36700,110300,147000
70935207253,2019,40500,120200,160700
70935207261,2019,44800,105400,150200
70935207279,2019,40900,102900,143800
70935207287,2019,40900,117200,158100
70935207295,2019,40900,116200,157100
70935207302,2019,40900,132600,173500
70935207310,2019,40900,76600,117500
70935207328,2019,40900,95600,136500
70935207336,2019,37700,72300,110000
70935207344,2019,18000,74600,92600
70935207352,2019,44800,100200,145000
70935302178,2019,31500,127500,159000
70935302251,2019,51300,67000,118300
70936301012,2019,63100,154700,217800
70936301020,2019,61300,155400,216700
70936301038,2019,61300,154400,215700
70936301054,2019,69000,161000,230000
70936301062,2019,61500,125100,186600
70936301070,2019,61500,144500,206000
70936301088,2019,61500,118100,179600
70936301096,2019,61500,132600,194100
70936301103,2019,61800,153500,215300
70936301111,2019,61800,125700,187500
70936301129,2019,61800,124600,186400
70936301137,2019,61800,128800,190600
70936301145,2019,62700,137900,200600
70936301153,2019,62300,156100,218400
70936301161,2019,63200,129000,192200
70936301179,2019,63000,117300,180300
70936301187,2019,62500,122600,185100
70936301195,2019,62300,120900,183200
70936301202,2019,61300,130700,192000
70936301210,2019,62300,118700,181000
70936301228,2019,62300,133200,195500
70936301236,2019,62300,131400,193700
70936301244,2019,62300,153900,216200
70936301252,2019,62300,159500,221800
70936301260,2019,64200,159100,223300
70936302010,2019,63200,133400,196600
70936302028,2019,63200,133200,196400
70936302036,2019,66200,135300,201500
70936302044,2019,63800,123300,187100
70936302052,2019,60800,131100,191900
70936302060,2019,63800,144300,208100
70936302078,2019,63800,144400,208200
70936302086,2019,63800,146400,210200
70936302094,2019,63800,143100,206900
70936302101,2019,65900,144100,210000
70936302119,2019,65000,137400,202400
70936302127,2019,63800,141000,204800
70936302135,2019,63800,127500,191300
70936302143,2019,63100,131500,194600
70936303018,2019,63900,142800,206700
70936303026,2019,63700,162800,226500
70936303034,2019,63700,125000,188700
70936303042,2019,63700,144000,207700
70936303050,2019,60800,133100,193900
70936303068,2019,63100,148800,211900
70936303076,2019,63100,130100,193200
70936303084,2019,63100,124900,188000
70936303092,2019,64500,116300,180800
70936303109,2019,64700,137700,202400
70936303117,2019,67800,118700,186500
70936303125,2019,64700,124000,188700
70936303208,2019,60900,143900,204800
70936303216,2019,60400,124000,184400
70936303224,2019,60400,144900,205300
70936303232,2019,60900,159600,220500
70936304016,2019,63200,149400,212600
70936304024,2019,62300,125700,188000
70936304032,2019,63700,131700,195400
70936304040,2019,63700,133300,197000
70936304058,2019,64500,117000,181500
70936304066,2019,65000,126600,191600
70936304074,2019,65600,136700,202300
70936304082,2019,65900,170400,236300
70936304090,2019,65700,142000,207700
70936304107,2019,61100,132500,193600
70936304115,2019,64800,124500,189300
70936304123,2019,62700,122300,185000
70936304131,2019,63100,169300,232400
70936304149,2019,62500,174600,237100
70936304157,2019,62500,118500,181000
70936304165,2019,63400,165800,229200
70936304173,2019,63200,157800,221000
70936304181,2019,64500,164700,229200
70936304199,2019,64700,164400,229100
70936304206,2019,64700,125800,190500
70936304214,2019,64700,138800,203500
70936305014,2019,68600,156000,224600
70936305022,2019,63200,162600,225800
70936305030,2019,61000,167500,228500
70936305048,2019,60400,145100,205500
70936305056,2019,61300,141100,202400
70936305064,2019,62300,161000,223300
70936305072,2019,62300,167700,230000
70936305080,2019,62200,141300,203500
70936305098,2019,62300,120700,183000
70936305139,2019,62300,135100,197400
70936305147,2019,62200,127300,189500
70936305155,2019,62000,153300,215300
70936305171,2019,66300,146900,213200
70936305189,2019,63200,160900,224100
70936305197,2019,62200,146400,208600
70936305204,2019,64300,160900,225200
70936305212,2019,69000,182500,251500
70936305220,2019,69900,230100,300000
70936305238,2019,67300,125800,193100
70936305246,2019,64700,171700,236400
70936305254,2019,62200,123700,185900
70936305262,2019,68800,175100,243900
70936305270,2019,60400,165900,226300
70936305288,2019,60400,181800,242200
70936305296,2019,60400,162900,223300
70936305303,2019,62500,139900,202400
70936305311,2019,62700,155100,217800
70936305329,2019,63200,166800,230000
70936305337,2019,62000,156900,218900
70936305345,2019,64800,176700,241500
70936305353,2019,64800,144600,209400
70936305361,2019,61500,180800,242300
70936305379,2019,60500,165000,225500
70936305387,2019,59600,162400,222000
70936305395,2019,59100,147800,206900
70936305402,2019,60500,152200,212700
70936305410,2019,62200,159800,222000
70936305428,2019,59500,162500,222000
70936305436,2019,59500,167400,226900
70936305444,2019,59500,172800,232300
70936305452,2019,59500,181500,241000
70936305460,2019,59500,157100,216600
70936305478,2019,59500,151400,210900
70936306012,2019,64200,116800,181000
70936306020,2019,63700,131100,194800
70936306038,2019,68800,164300,233100
70936306046,2019,60400,150500,210900
70936306054,2019,60400,145700,206100
70936306062,2019,60400,172500,232900
70936306070,2019,61500,164600,226100
70936307044,2019,63000,118100,181100
70936307052,2019,62700,145200,207900
70936307060,2019,62000,155100,217100
70936307078,2019,61100,155100,216200
70936307086,2019,61000,151600,212600
70936307094,2019,60900,138700,199600
70936307101,2019,60800,145700,206500
70936307119,2019,64400,151700,216100
70936309016,2019,61300,172000,233300
70936309024,2019,60100,164400,224500
70936309032,2019,59700,132200,191900
70936309040,2019,59600,179800,239400
70936309058,2019,59700,155800,215500
70936309066,2019,59700,165900,225600
70936309074,2019,59700,176700,236400
70936309082,2019,59700,162500,222200
70936309090,2019,59700,155800,215500
70936309107,2019,59500,171700,231200
70936309115,2019,60200,150700,210900
70936309123,2019,56900,158000,214900
70936309131,2019,59700,148000,207700
70936309149,2019,59700,176000,235700
70936309157,2019,59700,151600,211300
70936309165,2019,61000,149100,210100
70936309173,2019,61000,148600,209600
70936309181,2019,59500,204200,263700
70936309199,2019,59500,146800,206300
70936309206,2019,59200,145700,204900
70936309214,2019,59000,159400,218400
70936309222,2019,60200,157400,217600
70936309230,2019,59500,155800,215300
70936309248,2019,59500,143200,202700
70936309256,2019,59500,146900,206400
70936309264,2019,59500,151400,210900
70936309272,2019,59500,163800,223300
70936309280,2019,59500,153500,213000
70936309298,2019,59500,152600,212100
70936311011,2019,61500,137200,198700
70936311029,2019,60200,153600,213800
70936311037,2019,60200,169400,229600
70936311045,2019,60200,158400,218600
70936311053,2019,60200,186700,246900
70936311061,2019,60200,160300,220500
70936311079,2019,60200,157400,217600
70936311087,2019,60200,160300,220500
70936311095,2019,63200,137900,201100
70936311102,2019,65600,159300,224900
70936311110,2019,64500,166100,230600
70936311128,2019,62700,138300,201000
70936311136,2019,60800,178100,238900
70936311144,2019,60200,177000,237200
70936311152,2019,60200,151600,211800
70936311160,2019,60200,144800,205000
70936311178,2019,60200,162600,222800
70936311186,2019,62500,151600,214100
70936400955,2019,0,0,0
70936401010,2019,63700,141300,205000
70936401028,2019,63700,131700,195400
70936401036,2019,63700,145400,209100
70936401044,2019,63700,127100,190800
70936401052,2019,63700,174300,238000
70936401078,2019,65000,134800,199800
70936401086,2019,65000,124100,189100
70936402018,2019,64800,115700,180500
70936402026,2019,64800,131900,196700
70936402034,2019,64800,173100,237900
70936402042,2019,64800,128300,193100
70936402050,2019,65700,133200,198900
70936402068,2019,67300,126700,194000
70936402076,2019,61600,118100,179700
70936402084,2019,65600,163700,229300
70936402092,2019,67000,160000,227000
70936402109,2019,68000,147300,215300
70936402117,2019,70500,182600,253100
70936402125,2019,71600,165300,236900
70936403016,2019,64700,148500,213200
70936403024,2019,64400,129900,194300
70936403032,2019,64200,118200,182400
70936403040,2019,64300,141600,205900
70936403058,2019,65000,173000,238000
70936403066,2019,64700,134900,199600
70936403074,2019,64700,115100,179800
70936403082,2019,64700,166700,231400
70936403090,2019,64700,136200,200900
70936403107,2019,68000,127900,195900
70936403115,2019,65900,174600,240500
70936403123,2019,65900,152000,217900
70936403131,2019,64200,131300,195500
70936403149,2019,68400,101600,170000
70936403157,2019,68600,148300,216900
70936403165,2019,66700,115000,181700
70936403173,2019,67700,117500,185200
70936403181,2019,66800,130300,197100
70936403199,2019,65900,116100,182000
70936403206,2019,65900,112600,178500
70936403214,2019,65900,123600,189500
70936403222,2019,64200,133300,197500
70936403230,2019,64300,115800,180100
70936403248,2019,64300,114800,179100
70936403256,2019,64300,152700,217000
70936403264,2019,64300,114600,178900
70936403272,2019,64300,127300,191600
70936403280,2019,64800,118600,183400
70936403298,2019,64500,127800,192300
70936403305,2019,63000,119300,182300
70936403313,2019,61000,135000,196000
70936404014,2019,60400,132000,192400
70936404022,2019,63700,127600,191300
70936404030,2019,63700,121100,184800
70936404048,2019,63700,118200,181900
70936404056,2019,63700,116000,179700
70936404064,2019,63700,130600,194300
70936404072,2019,63700,138100,201800
70936404080,2019,61500,118500,180000
70936405012,2019,68800,110500,179300
70936406010,2019,65000,143200,208200
70936406028,2019,63400,149000,212400
70936406036,2019,59100,169200,228300
70936406044,2019,59100,135500,194600
70936406052,2019,59100,177700,236800
70936406060,2019,59100,170900,230000
70936406078,2019,59100,152400,211500
70936406086,2019,59100,142600,201700
70936406094,2019,59200,165800,225000
70936406101,2019,59500,182700,242200
70936406119,2019,56300,175200,231500
70936406127,2019,58000,150600,208600
70936406143,2019,59500,180600,240100
70936406151,2019,60200,139800,200000
70936406169,2019,58000,156700,214700
70936406177,2019,59600,164800,224400
70936406185,2019,62000,187900,249900
70936406193,2019,56400,162600,219000
70936406218,2019,65100,189400,254500
70936406226,2019,60500,160000,220500
70936406234,2019,66500,184500,251000
70936406242,2019,68600,175200,243800
70936406250,2019,68600,169300,237900
70936406268,2019,62700,182300,245000
70936406276,2019,59700,180300,240000
70936406284,2019,64500,154600,219100
70936406292,2019,63700,176200,239900
70936406309,2019,62500,154200,216700
70936406317,2019,62700,161700,224400
70936406325,2019,60900,174100,235000
70936406333,2019,60800,158000,218800
70936406341,2019,63000,162900,225900
70936406359,2019,60100,177300,237400
70936406367,2019,62000,197100,259100
70936406375,2019,66500,149800,216300
70936406383,2019,68800,158600,227400
70936406391,2019,64800,162200,227000
70936406408,2019,61300,148100,209400
70936406416,2019,59200,177100,236300
70936406424,2019,59200,157800,217000
70936406432,2019,59700,140000,199700
70936406440,2019,60100,169900,230000
70936406458,2019,60100,171500,231600
70936407018,2019,58800,148900,207700
70936407026,2019,58000,139000,197000
70936407034,2019,58900,156900,215800
70936407042,2019,58900,179000,237900
70936407050,2019,57900,149800,207700
70936407068,2019,59200,178200,237400
70936407084,2019,58900,142600,201500
70936407092,2019,57900,146900,204800
70936407109,2019,59200,155800,215000
70936407117,2019,58800,155100,213900
70936407125,2019,58200,151400,209600
70936407133,2019,59100,135500,194600
70936407159,2019,59100,156700,215800
70936407167,2019,58200,146700,204900
70936407175,2019,58800,141000,199800
70936407183,2019,58800,141200,200000
70936407191,2019,58200,142500,200700
70936407208,2019,59100,161700,220800
70936407224,2019,59100,145900,205000
70936407232,2019,58200,153600,211800
70936407240,2019,58800,161200,220000
70936407258,2019,60500,138300,198800
70936407266,2019,59600,169900,229500
70936407274,2019,64800,149200,214000
70936407282,2019,60400,154600,215000
70936407290,2019,58900,170900,229800
70936407307,2019,58800,173800,232600
70936407315,2019,58800,172200,231000
70936407323,2019,58800,176400,235200
70936407331,2019,58800,168700,227500
70936407349,2019,58800,156900,215700
70936407357,2019,58800,158900,217700
70936407365,2019,58800,151600,210400
70936407373,2019,58800,146000,204800
70936407381,2019,58800,157000,215800
70936407399,2019,58800,149100,207900
70936407406,2019,63000,157500,220500
70936408016,2019,62200,150300,212500
70936408024,2019,63200,129200,192400
70936408032,2019,60500,158500,219000
70936408040,2019,65600,160200,225800
70936408058,2019,64300,154400,218700
70936408066,2019,63000,168400,231400
70936408074,2019,64300,169900,234200
70936408082,2019,60900,171900,232800
70936408090,2019,60800,180600,241400
70936408107,2019,60800,175700,236500
70936408115,2019,60800,157000,217800
70936408123,2019,60800,191200,252000
70936408131,2019,60800,162900,223700
70936408149,2019,60800,170200,231000
70936408157,2019,60800,159600,220400
70936408165,2019,63100,170200,233300
70936408173,2019,64400,178700,243100
70936408181,2019,59500,161400,220900
70936408199,2019,52900,185200,238100
70936408206,2019,62500,169200,231700
70936408214,2019,62200,183700,245900
70936408222,2019,61800,155700,217500
70936408230,2019,61100,157700,218800
70936409014,2019,61800,145900,207700
70936409022,2019,61000,156900,217900
70936409030,2019,63100,168300,231400
70936409048,2019,65700,164700,230400
70936409056,2019,68600,166400,235000
70936409064,2019,68800,174600,243400
70936409072,2019,69500,186700,256200
70936409080,2019,61500,174900,236400
70936409098,2019,65100,182900,248000
70936409105,2019,64400,156500,220900
70936409113,2019,61500,199100,260600
70936409121,2019,68800,203900,272700
70936409139,2019,66500,176200,242700
70936409147,2019,68800,178700,247500
70936409155,2019,61500,188400,249900
70936409163,2019,64400,174200,238600
70936409171,2019,64400,155300,219700
70936409189,2019,61500,163400,224900
70936409197,2019,68800,152200,221000
70936409204,2019,66500,164900,231400
70936409212,2019,68800,180800,249600
70936409220,2019,61500,176300,237800
70936409238,2019,64400,155700,220100
70936409246,2019,59700,174600,234300
70936409254,2019,60800,156000,216800
70936409262,2019,64500,165500,230000
70936409270,2019,67700,166300,234000
70936409288,2019,66900,161700,228600
70936410011,2019,60200,154800,215000
70936410029,2019,58900,189800,248700
70936410037,2019,58900,173800,232700
70936410045,2019,58900,158200,217100
70936410053,2019,58900,178500,237400
70936410061,2019,58900,168200,227100
70936410079,2019,58900,175100,234000
70936410087,2019,58900,152400,211300
70936410095,2019,58900,174200,233100
70936410102,2019,58900,181900,240800
70936410110,2019,58900,185600,244500
70936410128,2019,59700,153300,213000
71001102012,2019,62500,353300,415800
71001102020,2019,65500,309500,375000
71001102038,2019,70900,438100,509000
71001102046,2019,70900,326600,397500
71001102054,2019,67000,264100,331100
71001102062,2019,68500,273100,341600
71001102070,2019,68700,298000,366700
71001102088,2019,65900,251100,317000
71001102096,2019,65900,246800,312700
71001102103,2019,66000,232500,298500
71001102111,2019,65900,267700,333600
71001102129,2019,65900,263100,329000
71001103010,2019,63600,267900,331500
71001103028,2019,63400,256500,319900
71001103036,2019,63500,276400,339900
71001103044,2019,64400,295500,359900
71001103052,2019,64800,230700,295500
71001103060,2019,61700,245200,306900
71001104018,2019,68000,215800,283800
71001104026,2019,68000,234600,302600
71001104034,2019,68000,235100,303100
71001104042,2019,68000,189100,257100
71001104050,2019,68000,205900,273900
71001104068,2019,68100,251900,320000
71001104076,2019,66500,235100,301600
71001104084,2019,65400,239500,304900
71001104092,2019,62300,238900,301200
71001104109,2019,71600,262300,333900
71001104117,2019,60200,234800,295000
71001104125,2019,64000,238400,302400
71001104133,2019,64200,355300,419500
71001104141,2019,67100,241800,308900
71001104159,2019,69600,251000,320600
71001105016,2019,67000,179200,246200
71001105024,2019,67000,195200,262200
71001105032,2019,41200,185300,226500
71001105040,2019,44000,202600,246600
71001106014,2019,44000,181800,225800
71001106022,2019,53000,202000,255000
71001106030,2019,53000,166500,219500
71001106048,2019,57000,156900,213900
71001107012,2019,47600,197500,245100
71001107020,2019,47100,197800,244900
71001107103,2019,47600,199900,247500
71001107111,2019,35400,210700,246100
71001108010,2019,58400,160700,219100
71001108028,2019,59100,151300,210400
71001108036,2019,59100,195000,254100
71001108044,2019,59100,188900,248000
71001108052,2019,59100,164400,223500
71001108060,2019,59200,183600,242800
71001111021,2019,43600,161400,205000
71001202028,2019,64600,104100,168700
71001203018,2019,62800,123600,186400
71001203109,2019,57200,153400,210600
71001301086,2019,61100,124200,185300
71001301135,2019,61700,168300,230000
71001302018,2019,71400,149300,220700
71001302026,2019,65300,179600,244900
71001302034,2019,65300,199400,264700
71001302042,2019,65300,167600,232900
71001302050,2019,65300,197200,262500
71001302068,2019,65300,165100,230400
71001302076,2019,65300,181500,246800
71001302084,2019,65300,155900,221200
71001302092,2019,65300,147900,213200
71001302109,2019,65300,172300,237600
71001302993,2019,60000,138100,198100
71001306052,2019,62500,208100,270600
71001306060,2019,62800,198700,261500
71001306078,2019,62800,207300,270100
71001306086,2019,63000,193600,256600
71001306094,2019,64900,185500,250400
71001306101,2019,66700,233800,300500
71001306119,2019,67300,215200,282500
71001306127,2019,71100,192200,263300
71001306143,2019,64900,175100,240000
71001308024,2019,61300,188400,249700
71001308032,2019,59300,194000,253300
71001308040,2019,59300,216000,275300
71001308058,2019,59300,172200,231500
71001308066,2019,59300,220500,279800
71001308074,2019,59300,192500,251800
71001308082,2019,59300,191800,251100
71001308090,2019,60500,210500,271000
71001308107,2019,59500,197800,257300
71001308115,2019,59100,195100,254200
71001308123,2019,59100,201300,260400
71001308131,2019,59100,203700,262800
71001308149,2019,59100,181700,240800
71001308157,2019,59100,262500,321600
71001308165,2019,59100,236200,295300
71001308173,2019,59100,199700,258800
71001308181,2019,59400,215900,275300
71001309022,2019,59700,190800,250500
71001309030,2019,59100,182600,241700
71001309048,2019,59100,201200,260300
71001309056,2019,59100,187700,246800
71001309064,2019,61100,177600,238700
71001309072,2019,59300,201100,260400
71001309080,2019,59100,181700,240800
71001309098,2019,59100,182300,241400
71001309105,2019,57900,150600,208500
71001309113,2019,57900,161300,219200
71001309121,2019,58700,163200,221900
71001309139,2019,57900,161300,219200
71001309147,2019,58000,169300,227300
71001309155,2019,59500,161900,221400
71001309163,2019,57900,178100,236000
71001309171,2019,57800,182700,240500
71001309189,2019,58000,177000,235000
71001309197,2019,57900,166200,224100
71001309204,2019,57900,144600,202500
71001309212,2019,58700,133300,192000
71001313015,2019,71100,273500,344600
71001313023,2019,70800,318400,389200
71001313031,2019,71400,216200,287600
71001313049,2019,72000,285800,357800
71001313057,2019,73100,319100,392200
71001313065,2019,76000,313000,389000
71001313073,2019,89600,259000,348600
71001313081,2019,88100,203000,291100
71001313099,2019,92000,339300,431300
71001313106,2019,92000,380500,472500
71001313114,2019,88100,306700,394800
71001313122,2019,91200,259200,350400
71001313130,2019,88700,327000,415700
71001313148,2019,89800,246200,336000
71001313156,2019,89000,269600,358600
71001313164,2019,88200,299600,387800
71001313172,2019,88200,303600,391800
71001314013,2019,67000,222900,289900
71001314021,2019,64200,182900,247100
71001314039,2019,64400,178000,242400
71001314047,2019,64400,245600,310000
71001314055,2019,64400,212400,276800
71001314063,2019,64400,227600,292000
71001314071,2019,67000,219800,286800
71001314089,2019,66500,202300,268800
71001314097,2019,64400,256400,320800
71001314104,2019,64400,238600,303000
71001314112,2019,64400,241200,305600
71001314120,2019,64400,244300,308700
71001314138,2019,63800,243400,307200
71001314146,2019,67000,211000,278000
71001316019,2019,68000,176500,244500
71001316027,2019,65100,167800,232900
71001316035,2019,64400,180100,244500
71001316043,2019,64400,199300,263700
71001316051,2019,64400,198900,263300
71001316069,2019,64400,203200,267600
71001316077,2019,67500,209900,277400
71001316085,2019,67400,234200,301600
71001316093,2019,64400,224900,289300
71001316100,2019,64400,247800,312200
71001316118,2019,64400,244300,308700
71001316126,2019,64400,210000,274400
71001316134,2019,64600,225500,290100
71001316142,2019,67000,271400,338400
71001317017,2019,68400,255700,324100
71001317025,2019,66200,183200,249400
71001317033,2019,66200,245700,311900
71001317041,2019,72700,193900,266600
71001317059,2019,73700,261400,335100
71001317067,2019,66900,212500,279400
71001317075,2019,66900,218000,284900
71001317083,2019,66900,264300,331200
71001317091,2019,66900,213600,280500
71001317108,2019,69900,265600,335500
71001318015,2019,64400,262700,327100
71001318023,2019,64400,249800,314200
71001318031,2019,64400,208600,273000
71001318049,2019,64900,214900,279800
71001318057,2019,65300,187400,252700
71001318065,2019,64500,182300,246800
71001318073,2019,63800,267200,331000
71001318081,2019,63500,190900,254400
71001318099,2019,63600,205000,268600
71001318106,2019,67600,274900,342500
71001318114,2019,64400,204900,269300
71001318122,2019,64400,178300,242700
71001318130,2019,64400,256100,320500
71001318148,2019,64400,230100,294500
71001318156,2019,65900,266800,332700
71001318164,2019,67700,232200,299900
71001318172,2019,68100,210500,278600
71001319013,2019,73200,167400,240600
71001319021,2019,66900,170000,236900
71001319039,2019,67500,197400,264900
71001319047,2019,67200,199300,266500
71001319055,2019,82300,174200,256500
71001319063,2019,68400,208800,277200
71001319071,2019,66900,246600,313500
71001319089,2019,65000,171900,236900
71001319097,2019,65000,221300,286300
71001319104,2019,67000,169000,236000
71001319112,2019,65700,175600,241300
71001319120,2019,64900,178400,243300
71001319138,2019,64400,211200,275600
71001319146,2019,64400,171000,235400
71001319154,2019,64400,188500,252900
71001319162,2019,64400,182400,246800
71001319170,2019,64400,181300,245700
71001319188,2019,66800,155500,222300
71001320010,2019,72900,228100,301000
71001320028,2019,64700,205600,270300
71001320036,2019,64400,219700,284100
71001320044,2019,64400,260200,324600
71001320052,2019,64400,222600,287000
71001320078,2019,64400,264700,329100
71001320086,2019,64400,223600,288000
71001320094,2019,64400,247000,311400
71001320101,2019,64500,214300,278800
71001320119,2019,64800,212600,277400
71001320127,2019,65500,223300,288800
71001320135,2019,71500,206800,278300
71001320143,2019,68500,184300,252800
71001320151,2019,64400,199500,263900
71001320169,2019,64400,218300,282700
71001320177,2019,64400,211500,275900
71001320185,2019,64400,204400,268800
71001320193,2019,64400,207600,272000
71001320200,2019,64400,166400,230800
71001320218,2019,64400,171700,236100
71001320226,2019,64400,191600,256000
71001320234,2019,64400,184300,248700
71001320242,2019,64400,220900,285300
71001320250,2019,64600,173400,238000
71001320268,2019,66800,177700,244500
71001323014,2019,66200,192100,258300
71001323022,2019,63600,223600,287200
71001323030,2019,63500,182800,246300
71001323048,2019,63500,170000,233500
71001323056,2019,63500,204400,267900
71001323064,2019,63500,164900,228400
71001323080,2019,63500,244300,307800
71001323098,2019,64200,227500,291700
71001323105,2019,65100,216000,281100
71001323113,2019,65700,228100,293800
71001323121,2019,65300,185200,250500
71001323139,2019,67800,172000,239800
71001323197,2019,64900,244600,309500
71001323204,2019,63900,233500,297400
71001323212,2019,63400,218800,282200
71001323220,2019,62900,225600,288500
71001323238,2019,63500,247600,311100
71001323246,2019,63500,211800,275300
71001323254,2019,63500,217900,281400
71001323262,2019,63500,214600,278100
71001323270,2019,63500,215900,279400
71001323288,2019,64200,221100,285300
71001323296,2019,67600,236300,303900
71001323303,2019,64500,262100,326600
71001323311,2019,68400,241100,309500
71001323329,2019,70600,216900,287500
71001323337,2019,74600,219900,294500
71001324038,2019,60000,161100,221100
71001324046,2019,60000,157400,217400
71001324062,2019,65800,212300,278100
71001324070,2019,63100,256300,319400
71001324088,2019,65800,203200,269000
71001324096,2019,65300,202700,268000
71001324103,2019,64300,215100,279400
71001324111,2019,63100,205400,268500
71001324129,2019,63500,204800,268300
71001324137,2019,63500,189000,252500
71001324145,2019,63500,203500,267000
71001324153,2019,63500,220300,283800
71001324161,2019,63500,184700,248200
71001324179,2019,66300,198600,264900
71001324187,2019,60000,161100,221100
71001324195,2019,60000,155300,215300
71001331017,2019,59600,206400,266000
71001331025,2019,59100,221100,280200
71001331033,2019,59100,168200,227300
71001331041,2019,60000,200100,260100
71001331059,2019,60500,219200,279700
71001331067,2019,59100,214300,273400
71001331075,2019,50100,225500,275600
71001331083,2019,50100,306700,356800
71001331091,2019,50100,244200,294300
71001331108,2019,58600,219000,277600
71001331116,2019,64100,192700,256800
71001331124,2019,64600,207200,271800
71001331132,2019,63600,203000,266600
71001331140,2019,62700,201500,264200
71001331158,2019,65100,225500,290600
71001331166,2019,68500,211300,279800
71001331174,2019,68500,235400,303900
71001331182,2019,90100,234200,324300
71001331190,2019,78800,214300,293100
71001331207,2019,78100,227800,305900
71001331215,2019,79600,280800,360400
71001331223,2019,66500,185500,252000
71001331231,2019,66300,180500,246800
71001332015,2019,60000,221100,281100
71001332023,2019,48500,202800,251300
71001332031,2019,48500,211800,260300
71001332049,2019,48500,202600,251100
71001332057,2019,48500,202800,251300
71001332065,2019,48500,206100,254600
71001332073,2019,61400,229500,290900
71001332081,2019,59300,254000,313300
71001332099,2019,43200,204700,247900
71001332106,2019,43200,208100,251300
71001332114,2019,43200,208100,251300
71001332122,2019,58100,207900,266000
71001332130,2019,60300,201300,261600
71001402074,2019,109800,319100,428900
71001402082,2019,109800,322100,431900
71001402090,2019,109800,261000,370800
71001402107,2019,109800,325300,435100
71001402115,2019,111000,207700,318700
71001402123,2019,113600,376500,490100
71001402131,2019,116900,321100,438000
71001402149,2019,113600,314400,428000
71001402157,2019,111300,345000,456300
71001402165,2019,108900,377600,486500
71001402173,2019,69100,209400,278500
71001402181,2019,71500,268600,340100
71001402199,2019,69000,222700,291700
71001402206,2019,71000,286600,357600
71001402214,2019,63000,245700,308700
71001402222,2019,62300,235300,297600
71001404012,2019,78800,207100,285900
71001404020,2019,80600,175500,256100
71001404038,2019,60200,190300,250500
71001404046,2019,60600,221000,281600
71001404054,2019,60700,180400,241100
71001404096,2019,58100,179900,238000
71001404103,2019,62500,144200,206700
71001405010,2019,60100,206100,266200
71001405028,2019,59300,174200,233500
71001405036,2019,59300,211200,270500
71001405044,2019,59300,190400,249700
71001405052,2019,55800,200400,256200
71001405060,2019,60000,178200,238200
71001405078,2019,59300,189200,248500
71001405086,2019,59300,174300,233600
71001405094,2019,59300,210300,269600
71001405101,2019,59900,175000,234900
71001406018,2019,57000,167300,224300
71001406026,2019,52700,173600,226300
71001406034,2019,52700,211900,264600
71001406042,2019,57000,192000,249000
71001407016,2019,57500,176000,233500
71001407024,2019,57200,203900,261100
71001407032,2019,57200,185600,242800
71001407040,2019,57200,194400,251600
71001407058,2019,57200,163400,220600
71001407066,2019,57200,177400,234600
71001407074,2019,57200,168800,226000
71001407082,2019,57500,179500,237000
71001408014,2019,57000,184400,241400
71001408022,2019,52700,179000,231700
71001408030,2019,52700,197100,249800
71001408048,2019,57000,204500,261500
71001409012,2019,57500,189900,247400
71001409020,2019,57200,179100,236300
71001409038,2019,57200,188200,245400
71001409046,2019,57200,183600,240800
71001409054,2019,57200,181700,238900
71001409062,2019,57200,215800,273000
71001409070,2019,57200,180100,237300
71001409088,2019,57500,184000,241500
71001410019,2019,57000,203000,260000
71001410027,2019,52700,171100,223800
71001410035,2019,52700,185800,238500
71001410043,2019,56400,188000,244400
71001411017,2019,57500,180700,238200
71001411025,2019,57200,215600,272800
71001411033,2019,57200,189600,246800
71001411041,2019,57200,186400,243600
71001411059,2019,57200,186000,243200
71001411067,2019,57200,186400,243600
71001411075,2019,57200,186400,243600
71001411083,2019,57200,217800,275000
71001412015,2019,57500,180600,238100
71001412023,2019,57200,173100,230300
71001412031,2019,57200,175100,232300
71001412049,2019,57200,184200,241400
71001412057,2019,57200,176800,234000
71001412065,2019,57200,171100,228300
71001412073,2019,57200,205300,262500
71001412081,2019,57500,209500,267000
71001413013,2019,56400,191500,247900
71001413021,2019,56400,181800,238200
71001413039,2019,67000,222100,289100
71001413047,2019,67000,213100,280100
71001414011,2019,64000,189100,253100
71001414029,2019,64100,173300,237400
71001414037,2019,61000,217300,278300
71001414045,2019,61000,216100,277100
71001414053,2019,61000,227800,288800
71001414061,2019,61000,221600,282600
71001414079,2019,61000,208200,269200
71001414087,2019,64000,209500,273500
71001415019,2019,58800,246200,305000
71001415027,2019,57200,198200,255400
71001415035,2019,57200,182300,239500
71001415043,2019,57200,184900,242100
71001415051,2019,57200,193200,250400
71001415069,2019,57200,193000,250200
71001415077,2019,57500,169500,227000
71001415085,2019,57500,210800,268300
71001416017,2019,64900,305000,369900
71001416025,2019,64400,327400,391800
71001416033,2019,61600,270800,332400
71001416041,2019,61700,268500,330200
71001416059,2019,70900,279000,349900
71001416067,2019,58000,301900,359900
71001416075,2019,57500,297400,354900
71001416083,2019,69000,271500,340500
71001416091,2019,69000,259300,328300
71001416108,2019,62100,244800,306900
71001416116,2019,63200,248300,311500
71001416124,2019,63200,252100,315300
71001416132,2019,63200,251200,314400
71001416140,2019,65700,245400,311100
71002102029,2019,44900,178900,223800
71002102061,2019,77400,222700,300100
